data/wind_data/wind_63_2.json
{"header": {"parameterUnit": "KT", "parameterCategory": 2, "nx": 256, "ny": 198, "lo1": 44.73521041870117, "la1": -3.236724853515625, "lo2": 111.26478576660156, "la2": 43.468475341796875, "dx": 0.2609002888202667, "dy": -0.23708222806453705, "refTime": "2025-02-21 15:00:00", "forecastTime": 0, "parameterNumber": 2, "parameterNumberName": "eastward_wind"}, "data":
[rows 0 to 18 of 198, columns 0 to 42 of 256]
-15.811086654663086,-15.508918762207031,-14.849630355834961,-13.876916885375977,-13.770499229431152,-14.370213508605957,-14.659510612487793,-14.746004104614258,-14.642258644104004,-14.38896369934082,-14.065852165222168,-13.702701568603516,-13.345876693725586,-13.088354110717773,-13.179463386535645,-13.126137733459473,-12.592625617980957,-11.793604850769043,-10.777884483337402,-9.481047630310059,-7.762800693511963,-6.682565212249756,-6.391179084777832,-6.967377185821533,-8.371976852416992,-8.814372062683105,-8.482933044433594,-8.461262702941895,-8.571488380432129,-8.493980407714844,-8.285316467285156,-7.897930145263672,-7.519361972808838,-7.556154727935791,-7.603935718536377,-7.259152889251709,-6.870936393737793,-6.557121753692627,-6.4758620262146,-6.793712139129639,-7.058288097381592,-7.131909370422363,-7.3117780685424805
-16.555452346801758,-16.66105842590332,-16.047658920288086,-15.187055587768555,-15.061066627502441,-15.572855949401855,-15.90825366973877,-15.973245620727539,-15.513608932495117,-14.894110679626465,-14.599339485168457,-14.248495101928711,-13.743085861206055,-13.425995826721191,-13.464705467224121,-13.356081008911133,-12.712632179260254,-12.02925968170166,-11.464688301086426,-10.455629348754883,-9.138298034667969,-7.877045154571533,-6.683806896209717,-7.041275978088379,-8.613110542297363,-9.244551658630371,-9.190363883972168,-9.017420768737793,-8.887910842895508,-9.040335655212402,-9.069866180419922,-8.617021560668945,-8.071470260620117,-7.811350345611572,-7.720227241516113,-7.628725528717041,-7.389723300933838,-6.87252950668335,-6.59489631652832,-6.838376522064209,-7.235513210296631,-7.791738510131836,-8.301441192626953
-17.072952270507812,-17.38736915588379,-17.13728904724121,-16.655914306640625,-16.506624221801758,-16.73924446105957,-16.786653518676758,-16.52301025390625,-15.969812393188477,-15.378533363342285,-15.424410820007324,-15.35925006866455,-14.729806900024414,-14.157050132751465,-13.880650520324707,-13.679788589477539,-13.169621467590332,-12.56231689453125,-12.18083381652832,-11.621810913085938,-10.947546005249023,-9.831968307495117,-8.32078742980957,-8.31252384185791,-9.531288146972656,-10.185371398925781,-10.314563751220703,-10.112000465393066,-9.854570388793945,-9.879082679748535,-9.908504486083984,-9.641350746154785,-9.295106887817383,-8.975614547729492,-8.756901741027832,-8.665762901306152,-8.41517448425293,-7.8434672355651855,-7.5767292976379395,-7.892902374267578,-8.301430702209473,-8.684369087219238,-9.060876846313477
-17.043458938598633,-17.561174392700195,-17.61004066467285,-17.795978546142578,-17.615680694580078,-17.16939926147461,-17.385814666748047,-17.05251121520996,-16.627779006958008,-15.975147247314453,-16.04559326171875,-16.134418487548828,-15.920052528381348,-15.784223556518555,-15.747529983520508,-15.631964683532715,-15.186779022216797,-14.60930347442627,-14.27908706665039,-13.965357780456543,-13.676326751708984,-13.127545356750488,-12.557357788085938,-12.874361038208008,-13.469914436340332,-13.709138870239258,-13.809050559997559,-13.672228813171387,-13.327481269836426,-12.575626373291016,-12.15386962890625,-11.944683074951172,-11.686461448669434,-11.298273086547852,-10.925204277038574,-10.596965789794922,-10.288917541503906,-10.081509590148926,-10.310066223144531,-10.833464622497559,-11.217912673950195,-11.480867385864258,-11.660080909729004
-16.076587677001953,-16.909481048583984,-17.192441940307617,-18.14652442932129,-18.37042999267578,-16.155406951904297,-17.596981048583984,-17.608285903930664,-17.3407039642334,-15.943193435668945,-15.501678466796875,-15.807236671447754,-16.75089454650879,-17.681671142578125,-18.162748336791992,-17.954761505126953,-17.38186264038086,-17.05616569519043,-17.271909713745117,-17.411954879760742,-17.274011611938477,-17.591548919677734,-18.864181518554688,-20.31001091003418,-20.577470779418945,-20.0200138092041,-19.737918853759766,-19.908788681030273,-20.26064109802246,-18.974903106689453,-18.011356353759766,-18.110443115234375,-18.10747528076172,-17.72281837463379,-17.191041946411133,-16.16230583190918,-15.751635551452637,-16.770145416259766,-18.321285247802734,-19.161069869995117,-19.29545021057129,-19.42195701599121,-19.19699478149414
-15.308470726013184,-16.471004486083984,-17.005674362182617,-18.227048873901367,-19.013938903808594,-17.85881996154785,-16.54601287841797,-16.44629669189453,-17.14414405822754,-17.880922317504883,-17.642948150634766,-17.31565284729004,-17.701053619384766,-18.005043029785156,-17.495996475219727,-16.862407684326172,-15.9326753616333,-15.514928817749023,-15.870732307434082,-16.64368438720703,-17.184682846069336,-17.22699737548828,-17.232912063598633,-17.73931312561035,-18.007511138916016,-17.403371810913086,-17.199787139892578,-17.520896911621094,-18.112754821777344,-18.71771240234375,-18.362211227416992,-17.96076202392578,-17.948429107666016,-17.997875213623047,-18.289199829101562,-18.44423484802246,-18.458799362182617,-18.357730865478516,-18.815322875976562,-19.46018409729004,-19.725332260131836,-19.755355834960938,-18.503910064697266
-15.025614738464355,-16.60128402709961,-17.630672454833984,-19.054555892944336,-20.16326141357422,-20.203468322753906,-18.105758666992188,-16.52582359313965,-15.656373023986816,-18.70050048828125,-18.995786666870117,-17.971515655517578,-18.97940444946289,-19.279088973999023,-18.06026840209961,-17.070659637451172,-16.002613067626953,-15.95743465423584,-16.207157135009766,-16.10076332092285,-16.316146850585938,-17.624528884887695,-18.53748321533203,-18.43596839904785,-17.664243698120117,-17.158405303955078,-17.3559627532959,-18.233749389648438,-19.44074249267578,-20.447216033935547,-20.93937873840332,-20.915407180786133,-20.9279842376709,-20.799360275268555,-20.57727813720703,-20.66722869873047,-20.40607261657715,-19.664934158325195,-18.857379913330078,-18.287181854248047,-18.434940338134766,-18.487890243530273,-16.497539520263672
-15.594757080078125,-17.464466094970703,-18.968063354492188,-21.22644805908203,-23.308490753173828,-23.2168025970459,-22.76567268371582,-22.224830627441406,-20.62051010131836,-20.16699981689453,-19.570615768432617,-18.851207733154297,-20.833925247192383,-20.258047103881836,-19.091642379760742,-17.780508041381836,-15.908864974975586,-15.160022735595703,-15.99791145324707,-15.783324241638184,-15.112202644348145,-16.151891708374023,-17.50038719177246,-17.732961654663086,-16.95376205444336,-16.197214126586914,-16.664962768554688,-17.695232391357422,-18.104108810424805,-18.909502029418945,-19.975969314575195,-20.519790649414062,-20.649160385131836,-20.583263397216797,-20.12799644470215,-19.488828659057617,-18.83527183532715,-18.078826904296875,-17.465227127075195,-17.321292877197266,-17.462766647338867,-17.234981536865234,-14.986055374145508
-17.228681564331055,-19.020721435546875,-20.33498764038086,-22.725522994995117,-25.528335571289062,-25.396623611450195,-25.317731857299805,-25.0571231842041,-24.173831939697266,-23.255918502807617,-22.0875301361084,-21.32923126220703,-21.029224395751953,-20.1295223236084,-19.597877502441406,-18.51495933532715,-16.218101501464844,-15.019746780395508,-15.313681602478027,-16.21243667602539,-15.960610389709473,-16.277555465698242,-17.595701217651367,-17.942983627319336,-17.1988468170166,-17.050403594970703,-18.124679565429688,-19.165328979492188,-18.947050094604492,-18.554025650024414,-18.71719741821289,-19.02373504638672,-18.983373641967773,-18.968915939331055,-19.002042770385742,-18.691150665283203,-17.880451202392578,-16.781341552734375,-16.228065490722656,-16.627485275268555,-17.077619552612305,-16.55677604675293,-15.355620384216309
-18.476268768310547,-19.861724853515625,-20.912010192871094,-23.253704071044922,-26.246408462524414,-25.767480850219727,-25.64190101623535,-24.925884246826172,-23.84514045715332,-23.71295166015625,-23.829730987548828,-22.120267868041992,-19.385120391845703,-18.21841812133789,-18.186185836791992,-16.8427734375,-15.910659790039062,-16.70970916748047,-15.410876274108887,-15.958587646484375,-16.14571189880371,-15.541791915893555,-15.539680480957031,-16.256378173828125,-16.58176040649414,-17.081130981445312,-17.794694900512695,-18.82632064819336,-19.29561424255371,-18.65333366394043,-18.030624389648438,-17.87717056274414,-17.82937240600586,-17.487051010131836,-17.081754684448242,-16.722885131835938,-15.943655014038086,-14.62297534942627,-14.132248878479004,-15.657248497009277,-17.55820655822754,-17.02068519592285,-14.867790222167969
-19.225608825683594,-20.078767776489258,-20.88419532775879,-22.962251663208008,-25.76451873779297,-25.51214027404785,-25.45257568359375,-24.79058837890625,-23.87092399597168,-23.223175048828125,-23.107709884643555,-22.793642044067383,-20.46026611328125,-17.47089385986328,-15.38441276550293,-13.575486183166504,-13.03676986694336,-14.790765762329102,-16.00704002380371,-16.7843017578125,-16.552352905273438,-16.402788162231445,-15.06475830078125,-15.820120811462402,-17.370498657226562,-18.01158332824707,-18.060489654541016,-18.565439224243164,-19.515085220336914,-19.59745979309082,-18.664148330688477,-17.964935302734375,-17.977094650268555,-17.58015251159668,-15.952853202819824,-14.575035095214844,-14.281933784484863,-14.357120513916016,-14.248466491699219,-16.199323654174805,-17.67052459716797,-17.529098510742188,-15.683551788330078
-19.874420166015625,-20.6378116607666,-21.019390106201172,-22.304035186767578,-24.99627685546875,-25.971046447753906,-26.000965118408203,-25.45612907409668,-23.44232749938965,-22.147293090820312,-22.678695678710938,-23.79638671875,-23.145185470581055,-20.71295738220215,-17.46391487121582,-15.668198585510254,-12.805950164794922,-11.055957794189453,-16.090471267700195,-17.655221939086914,-17.19455909729004,-15.632577896118164,-13.907831192016602,-15.529714584350586,-17.55963706970215,-17.16156578063965,-17.27019691467285,-18.204832077026367,-19.586315155029297,-20.386600494384766,-20.049440383911133,-19.116588592529297,-18.803632736206055,-18.962915420532227,-17.279802322387695,-13.54430103302002,-11.149482727050781,-12.86077880859375,-13.545849800109863,-16.923385620117188,-16.628582000732422,-16.75603675842285,-17.353641510009766
-20.436473846435547,-21.489896774291992,-21.48554801940918,-21.89625358581543,-24.18404769897461,-26.682086944580078,-26.957096099853516,-26.477235794067383,-23.05382537841797,-21.327579498291016,-22.821754455566406,-24.950468063354492,-24.286632537841797,-23.34598731994629,-23.277446746826172,-23.01395034790039,-21.26951789855957,-17.387802124023438,-15.921164512634277,-17.250606536865234,-18.112091064453125,-16.597715377807617,-12.130414962768555,-14.399003982543945,-17.107406616210938,-15.326189994812012,-16.02250099182129,-18.582008361816406,-18.70340347290039,-19.68419075012207,-21.118057250976562,-21.375598907470703,-21.26559066772461,-21.45635223388672,-20.511003494262695,-17.292991638183594,-13.387288093566895,-12.973429679870605,-13.86970329284668,-18.157140731811523,-18.318269729614258,-18.760692596435547,-19.006433486938477
-21.245298385620117,-22.240995407104492,-22.1287841796875,-22.602773666381836,-24.739421844482422,-27.05161476135254,-27.32823371887207,-26.627687454223633,-23.856718063354492,-21.914470672607422,-22.34587860107422,-25.263607025146484,-25.801063537597656,-25.84783935546875,-25.489055633544922,-24.89250946044922,-24.222204208374023,-22.934091567993164,-20.701215744018555,-18.046070098876953,-18.19025421142578,-17.586688995361328,-14.750298500061035,-13.797037124633789,-15.000632286071777,-15.2828950881958,-15.73911190032959,-18.668344497680664,-18.525163650512695,-18.72584342956543,-20.377058029174805,-20.579484939575195,-20.125032424926758,-20.031652450561523,-19.181194305419922,-18.092243194580078,-17.88307762145996,-17.85814094543457,-18.265605926513672,-20.28388214111328,-21.609569549560547,-21.34473419189453,-20.081119537353516
-22.114059448242188,-22.79290008544922,-22.57455062866211,-23.518535614013672,-26.554420471191406,-27.646677017211914,-25.49628257751465,-24.326519012451172,-23.476369857788086,-22.859556198120117,-21.933195114135742,-23.968233108520508,-25.2667293548584,-24.498680114746094,-23.46712875366211,-23.41904067993164,-23.965087890625,-23.8489990234375,-22.624507904052734,-20.74150848388672,-17.987255096435547,-15.063923835754395,-12.996047019958496,-13.83321475982666,-14.550158500671387,-15.825094223022461,-18.930435180664062,-19.85232162475586,-19.296794891357422,-19.241470336914062,-20.8028564453125,-20.90522575378418,-20.993715286254883,-20.890668869018555,-20.26228141784668,-20.31153678894043,-20.584463119506836,-20.08294677734375,-20.151653289794922,-21.66769027709961,-22.095226287841797,-20.76801300048828,-18.75827980041504
-21.97540283203125,-22.788328170776367,-22.612180709838867,-23.28426742553711,-26.071956634521484,-26.354171752929688,-22.89344596862793,-21.346057891845703,-21.246747970581055,-23.218631744384766,-23.973003387451172,-23.217864990234375,-22.16633415222168,-20.880468368530273,-19.173315048217773,-18.900672912597656,-20.651212692260742,-22.54109001159668,-21.683252334594727,-18.625642776489258,-15.699739456176758,-13.829029083251953,-12.462711334228516,-11.750076293945312,-13.359699249267578,-15.013060569763184,-15.647361755371094,-17.520856857299805,-19.870426177978516,-20.534996032714844,-20.226957321166992,-20.836170196533203,-21.26019287109375,-22.090343475341797,-22.731334686279297,-21.989473342895508,-20.23920249938965,-19.49507713317871,-19.685710906982422,-20.19989776611328,-20.254194259643555,-18.9608097076416,-17.041574478149414
-21.32701873779297,-22.54690933227539,-22.472251892089844,-22.151657104492188,-23.521825790405273,-25.716106414794922,-24.239845275878906,-22.292505264282227,-22.78114128112793,-25.147275924682617,-26.011920928955078,-23.858013153076172,-21.771041870117188,-19.67108726501465,-17.820209503173828,-16.265506744384766,-15.889029502868652,-17.301101684570312,-18.557186126708984,-17.6723575592041,-16.847990036010742,-17.450176239013672,-19.069982528686523,-19.402814865112305,-17.23927116394043,-15.033965110778809,-13.617874145507812,-14.610624313354492,-18.231969833374023,-20.28826141357422,-20.552507400512695,-21.320032119750977,-20.307104110717773,-20.40198516845703,-21.540693283081055,-21.98493766784668,-20.83881950378418,-19.562393188476562,-18.56560516357422,-18.45110511779785,-18.423847198486328,-17.9092960357666,-16.48309898376465
-21.40092658996582,-22.844589233398438,-22.849653244018555,-22.162614822387695,-22.537168502807617,-26.305688858032227,-26.53006362915039,-25.152746200561523,-25.58470916748047,-24.34328842163086,-23.28082275390625,-22.342514038085938,-21.338275909423828,-20.000783920288086,-19.115968704223633,-18.659421920776367,-17.795278549194336,-17.456527709960938,-18.41820526123047,-19.359756469726562,-20.53797721862793,-22.887361526489258,-24.716157913208008,-25.22283935546875,-24.101329803466797,-21.43279457092285,-17.28406524658203,-13.967941284179688,-15.004666328430176,-18.148813247680664,-20.291275024414062,-22.269489288330078,-22.19730567932129,-21.974515914916992,-21.559185028076172,-21.159420013427734,-20.60283851623535,-18.8066463470459,-17.742765426635742,-17.44325828552246,-17.335365295410156,-17.880271911621094,-17.53806495666504
-21.407352447509766,-22.821365356445312,-23.476118087768555,-24.251174926757812,-26.08688735961914,-27.87322425842285,-27.037841796875,-26.051746368408203,-24.422874450683594,-22.313772201538086,-21.40791893005371,-22.090789794921875,-22.817909240722656,-22.768016815185547,-21.980642318725586,-21.319658279418945,-21.62643051147461,-21.831514358520508,-22.004825592041016,-23.235536575317383,-24.74673843383789,-25.05970001220703,-24.665103912353516,-24.18332862854004,-23.7691650390625,-23.151561737060547,-21.25182342529297,-18.803279876708984,-16.435346603393555,-16.598495483398438,-17.673112869262695,-21.752819061279297,-22.94789695739746,-23.28139305114746,-22.692623138427734,-21.08806037902832,-19.977174758911133,-18.96483612060547,-17.814308166503906,-16.263639450073242,-16.19104766845703,-17.977432250976562,-19.62858009338379
