data/wind_data/wind_35_4.json
{"header": {"parameterUnit": "KT", "parameterCategory": 2, "nx": 256, "ny": 198, "lo1": 44.73521041870117, "la1": -3.236724853515625, "lo2": 111.26478576660156, "la2": 43.468475341796875, "dx": 0.2609002888202667, "dy": -0.23708222806453705, "refTime": "2025-02-20 11:00:00", "forecastTime": 0, "parameterNumber": 2, "parameterNumberName": "eastward_wind"}, "data":
[rows 0 to 18 of 198, columns 132 to 175 of 256]
-2.533799409866333,-2.5855562686920166,-2.2456295490264893,-1.7596389055252075,-1.6023426055908203,-1.544080138206482,-1.3582587242126465,-1.1734095811843872,-1.0932564735412598,-0.9818964004516602,-0.7342533469200134,-0.5134040713310242,-0.3545272946357727,-0.3708552122116089,-0.632331371307373,-0.8122499585151672,-0.8707520961761475,-0.8300837874412537,-0.6972031593322754,-0.7201575636863708,-0.8520451188087463,-0.8117623329162598,-0.6502938866615295,-0.4231359660625458,-0.17560820281505585,-0.06339173018932343,0.0001015876405290328,0.08114032447338104,0.2117583304643631,0.4607965648174286,0.7603979110717773,1.1311076879501343,1.3419069051742554,1.2025697231292725,1.2844178676605225,1.7531617879867554,2.2700388431549072,2.8222386837005615,2.8844611644744873,2.4724879264831543,2.495593547821045,2.8763394355773926,3.3725404739379883,3.9643263816833496
-2.307570219039917,-2.4166157245635986,-2.071953296661377,-1.6670243740081787,-1.4857443571090698,-1.4608063697814941,-1.462660789489746,-1.4103666543960571,-1.375284194946289,-1.332017183303833,-1.2192152738571167,-1.03268301486969,-0.7880577445030212,-0.8145389556884766,-1.1948301792144775,-1.4228708744049072,-1.3859835863113403,-1.165237545967102,-0.8876236081123352,-0.8745578527450562,-1.0190826654434204,-1.1301922798156738,-1.1707662343978882,-1.0756759643554688,-0.8969533443450928,-0.6749349236488342,-0.480704665184021,-0.33991190791130066,-0.09068824350833893,0.2368631362915039,0.41490548849105835,0.5849854946136475,0.7158882021903992,0.5515538454055786,0.6520326137542725,1.2349541187286377,1.7425215244293213,2.013115406036377,1.8420624732971191,1.5155028104782104,1.9203646183013916,2.7096285820007324,3.4322245121002197,4.182312488555908
-2.114290952682495,-2.0896360874176025,-1.896191120147705,-1.6775230169296265,-1.5212833881378174,-1.495845079421997,-1.4920556545257568,-1.473496675491333,-1.5143076181411743,-1.535879135131836,-1.3767904043197632,-1.197373390197754,-1.0999606847763062,-1.1916842460632324,-1.4837383031845093,-1.6425927877426147,-1.6325342655181885,-1.567775011062622,-1.5121315717697144,-1.4992350339889526,-1.5523691177368164,-1.8124661445617676,-2.02082896232605,-1.8466087579727173,-1.5861297845840454,-1.4794151782989502,-1.4382950067520142,-1.3923537731170654,-1.1695274114608765,-0.7534873485565186,-0.46969690918922424,-0.26884472370147705,0.00652444688603282,0.10427340120077133,0.32276126742362976,0.907710611820221,1.3720204830169678,1.5510209798812866,1.5604784488677979,1.688820719718933,2.223895311355591,2.8551204204559326,3.416785717010498,3.9386847019195557
-2.0708296298980713,-1.93258798122406,-1.8920742273330688,-1.821162462234497,-1.7245944738388062,-1.6128376722335815,-1.543590784072876,-1.688200831413269,-2.0552401542663574,-2.184037208557129,-1.3120088577270508,-0.9086217284202576,-1.3119165897369385,-1.5688084363937378,-1.7620279788970947,-1.8652982711791992,-2.017920970916748,-2.11930775642395,-2.2039573192596436,-2.278679370880127,-2.383507013320923,-2.650104522705078,-2.80696964263916,-2.5161774158477783,-2.177248954772949,-2.1636974811553955,-2.276885509490967,-2.304288864135742,-2.081425905227661,-1.5539919137954712,-1.0895414352416992,-0.7472679615020752,-0.3165985941886902,0.013304660096764565,0.25377795100212097,0.6427575349807739,0.9948575496673584,1.1939191818237305,1.4182053804397583,1.799652338027954,2.2912590503692627,2.745335817337036,3.1185314655303955,3.423746109008789
-2.10373854637146,-1.6949888467788696,-1.7433373928070068,-1.9036378860473633,-2.1019914150238037,-1.500007152557373,-1.1840934753417969,-1.9413704872131348,-3.4316279888153076,-2.8468544483184814,0.36063259840011597,1.6194459199905396,-1.1251699924468994,-2.028366804122925,-2.528764009475708,-2.5784854888916016,-2.7246975898742676,-2.930004119873047,-3.039471387863159,-2.8771207332611084,-3.548401355743408,-3.6156654357910156,-3.3820300102233887,-3.296370267868042,-3.2044734954833984,-3.0100557804107666,-3.0071609020233154,-3.027327299118042,-2.669806480407715,-2.0278844833374023,-1.5608447790145874,-0.9143232703208923,-0.07547289878129959,0.5388550162315369,0.6732729077339172,0.47674164175987244,0.47028419375419617,0.8968487977981567,1.3465707302093506,1.661723256111145,2.3073883056640625,2.4715933799743652,2.190441370010376,2.4124135971069336
-2.157755136489868,-2.170821189880371,-2.6503708362579346,-2.9397904872894287,-3.2426328659057617,-2.6551575660705566,-2.2285752296447754,-2.614389181137085,-3.548037052154541,-3.3127782344818115,-2.0799288749694824,-1.9915999174118042,-2.12668514251709,-2.5887820720672607,-3.0174684524536133,-3.002321720123291,-3.3820085525512695,-3.2843306064605713,-2.6894569396972656,-2.907520055770874,-3.561056613922119,-3.736851930618286,-3.9484195709228516,-4.5001959800720215,-4.349544048309326,-3.677912712097168,-3.2637293338775635,-3.1238389015197754,-2.699572801589966,-2.1148688793182373,-1.7146859169006348,-0.9380394816398621,-0.08372056484222412,0.6122642755508423,0.8699822425842285,0.6853384971618652,0.38358911871910095,0.5320988297462463,0.8395912647247314,1.2480790615081787,2.317579984664917,1.8924919366836548,1.6582245826721191,2.0682790279388428
-2.3341853618621826,-2.498201370239258,-3.1023006439208984,-2.995464324951172,-3.375427007675171,-3.575270891189575,-3.3231208324432373,-3.38901424407959,-3.6541378498077393,-3.7431800365448,-2.470017433166504,-2.7238245010375977,-2.9206771850585938,-3.202915906906128,-3.519993305206299,-3.5201847553253174,-3.5888290405273438,-3.321647882461548,-2.843554973602295,-3.1047093868255615,-3.577798843383789,-4.043170928955078,-4.511299133300781,-5.0009589195251465,-4.8026123046875,-4.212643623352051,-3.5850040912628174,-2.931493043899536,-2.4621167182922363,-2.0147995948791504,-1.916433572769165,-1.4226491451263428,-0.3740500211715698,0.5392789244651794,0.6962614059448242,0.5032050013542175,0.03898681327700615,0.1602102369070053,0.37245553731918335,1.427331566810608,0.29989033937454224,1.2558565139770508,1.4994163513183594,1.0731921195983887
-2.7866735458374023,-3.2556753158569336,-3.798009157180786,-3.091353178024292,-3.4662084579467773,-4.012375831604004,-2.923034429550171,-3.888986110687256,-4.0022478103637695,-3.4205193519592285,-3.043200969696045,-3.291775703430176,-3.2888762950897217,-3.6056318283081055,-3.9671030044555664,-4.023000240325928,-4.064445972442627,-4.080887317657471,-3.7671942710876465,-3.6631646156311035,-3.705941915512085,-4.061877250671387,-4.35359001159668,-4.659740924835205,-4.7595744132995605,-4.664912223815918,-4.158014297485352,-3.353663444519043,-2.686699390411377,-2.173321485519409,-1.9482531547546387,-1.626843810081482,-0.7605664134025574,0.11575795710086823,0.48976200819015503,0.3995394706726074,0.13841640949249268,0.018419280648231506,0.00402911938726902,-0.18565386533737183,0.02884269692003727,0.6283459067344666,1.281308650970459,1.3276208639144897
-4.220817565917969,-4.725201606750488,-4.0207014083862305,-3.1975932121276855,-3.725769519805908,-3.641361713409424,-3.365015745162964,-4.715904712677002,-4.479653358459473,-4.056920051574707,-3.3438446521759033,-3.5406012535095215,-3.5664846897125244,-3.761371612548828,-4.03279447555542,-4.234891414642334,-4.318267345428467,-4.127851486206055,-3.857431411743164,-3.862978935241699,-3.924363851547241,-4.103476047515869,-4.242966175079346,-4.384673595428467,-4.589588165283203,-4.9064741134643555,-4.518013954162598,-3.6699180603027344,-2.7677385807037354,-2.1719045639038086,-2.122962713241577,-1.8360093832015991,-1.4764809608459473,-0.49335530400276184,0.8353537917137146,0.6063013076782227,1.1684869527816772,-0.17486107349395752,-1.2233619689941406,-0.4160865247249603,0.3018459677696228,0.618232250213623,1.4775038957595825,1.3764348030090332
-5.343744277954102,-5.058985710144043,-4.0182905197143555,-3.6478629112243652,-4.151978969573975,-4.266404151916504,-4.610757350921631,-4.499006271362305,-4.895026206970215,-5.124594211578369,-3.1125831604003906,-3.791550397872925,-3.5102310180664062,-3.758592367172241,-3.787362813949585,-4.021651268005371,-4.080373287200928,-3.977289915084839,-3.972888946533203,-3.96560001373291,-4.040935039520264,-4.03419828414917,-4.140439987182617,-4.283814430236816,-4.541275978088379,-4.695377349853516,-4.127805709838867,-3.5304720401763916,-2.99113130569458,-2.378980875015259,-2.0327279567718506,-0.9787853956222534,-0.6324834227561951,1.2061028480529785,2.5941433906555176,2.254201650619507,2.001832962036133,-0.03209942206740379,0.5351476669311523,0.5413182973861694,-0.004072157200425863,-0.2087855041027069,1.9555933475494385,2.3614084720611572
-5.0468854904174805,-4.721400737762451,-4.29227352142334,-4.186758995056152,-4.475826263427734,-4.526498317718506,-4.7939066886901855,-4.580780506134033,-4.778598308563232,-4.722254753112793,-4.244760990142822,-3.852750778198242,-3.357884168624878,-3.4677748680114746,-3.5478570461273193,-3.6988401412963867,-3.776059150695801,-3.9870996475219727,-4.059765338897705,-3.8599822521209717,-3.702641248703003,-3.8687009811401367,-4.000754356384277,-4.069140434265137,-4.214243412017822,-4.2408766746521,-3.8481040000915527,-3.508270025253296,-3.134553909301758,-2.347095251083374,-1.7374390363693237,-0.498084157705307,1.0087080001831055,0.06292027235031128,0.40592607855796814,2.5915322303771973,0.9058154225349426,0.18630993366241455,1.4618419408798218,1.5733933448791504,0.45305755734443665,-0.9890919923782349,1.6702455282211304,3.3312714099884033
-4.661256313323975,-5.299345016479492,-5.2818827629089355,-4.18086576461792,-4.844705581665039,-5.204964637756348,-4.973169803619385,-4.59170389175415,-4.7582478523254395,-4.6580424308776855,-4.261075019836426,-3.484787702560425,-3.275050401687622,-3.3777759075164795,-3.4841744899749756,-3.585797071456909,-3.787504196166992,-4.051585674285889,-3.9364380836486816,-3.5084965229034424,-3.421764612197876,-3.6900172233581543,-3.8833885192871094,-3.7350103855133057,-3.5136852264404297,-3.49343204498291,-3.662517786026001,-3.904226541519165,-3.510620355606079,-2.386226177215576,-1.573872685432434,-0.3802225887775421,1.255084753036499,0.7499443292617798,1.4978982210159302,0.0820959284901619,-0.36245959997177124,0.8569870591163635,2.5557520389556885,1.5480151176452637,0.694842517375946,1.5300400257110596,3.3672728538513184,2.7334532737731934
-4.990015506744385,-7.012104511260986,-6.0284013748168945,-3.639615297317505,-4.578869342803955,-4.941939830780029,-5.089225769042969,-5.375236988067627,-5.009660720825195,-4.7768096923828125,-4.041233539581299,-4.091044902801514,-2.4743850231170654,-3.3299121856689453,-3.3930201530456543,-3.5776665210723877,-3.7617716789245605,-3.8006598949432373,-3.5487911701202393,-3.37705397605896,-3.579775333404541,-3.9023070335388184,-3.9061896800994873,-3.488847255706787,-3.0450594425201416,-2.8184845447540283,-3.168278694152832,-3.5293970108032227,-3.3356070518493652,-2.336003303527832,-1.1515039205551147,0.030422711744904518,0.9468727707862854,1.0851304531097412,2.212517261505127,1.1696982383728027,0.11793690174818039,1.244451880455017,2.5775387287139893,2.5144684314727783,1.8874657154083252,2.484144926071167,1.8095663785934448,1.0565019845962524
-5.2582292556762695,-5.507535934448242,-6.497626781463623,-4.943485260009766,-4.526252746582031,-5.163601875305176,-5.627315521240234,-5.774597644805908,-5.324889659881592,-4.677243709564209,-3.6373393535614014,-3.872745990753174,-2.3050169944763184,-3.675601005554199,-3.109187602996826,-3.09222674369812,-3.1184418201446533,-3.2060084342956543,-3.3185722827911377,-3.3415069580078125,-3.649333953857422,-3.946589231491089,-3.6651360988616943,-3.1805179119110107,-2.968226909637451,-2.6348519325256348,-2.538384199142456,-2.1897335052490234,-2.561128854751587,-2.0210564136505127,-0.7328137755393982,-0.5083655714988708,-0.9817526340484619,0.15383468568325043,3.034700393676758,1.9163552522659302,0.8902412056922913,1.9331049919128418,3.0384328365325928,3.6449005603790283,3.1835155487060547,2.3729333877563477,1.328445553779602,2.4273412227630615
-5.566155433654785,-5.024376392364502,-5.3918232917785645,-4.728236675262451,-5.776772975921631,-6.094830513000488,-6.2204270362854,-5.7051215171813965,-5.507915019989014,-4.36638879776001,-2.7542691230773926,-2.80464768409729,-4.225447177886963,-3.8808341026306152,-2.7183680534362793,-2.3107471466064453,-2.0915639400482178,-2.5484580993652344,-3.221666097640991,-3.3607711791992188,-3.394339084625244,-3.150015354156494,-2.6961510181427,-2.500056028366089,-2.861847162246704,-2.516571044921875,-1.5406725406646729,-1.7369433641433716,-1.0467963218688965,-0.504654049873352,-0.15073218941688538,-1.658486008644104,-1.909964919090271,-0.45646998286247253,0.6879347562789917,3.1546027660369873,1.939349889755249,1.8419835567474365,3.6561331748962402,3.5288946628570557,4.352965354919434,3.49118709564209,2.4860217571258545,2.704035520553589
-5.547663688659668,-4.6556549072265625,-4.931899547576904,-5.864567756652832,-6.823638439178467,-6.59784460067749,-6.377238750457764,-5.686144828796387,-4.808933258056641,-3.9506542682647705,-3.337116003036499,-3.8174004554748535,-4.639988899230957,-3.083165407180786,-1.9501442909240723,-1.2766647338867188,-1.3445123434066772,-2.6496214866638184,-3.6572113037109375,-2.9599409103393555,-2.727808952331543,-1.7507719993591309,-1.2645963430404663,-1.2649339437484741,-2.1407885551452637,-1.8008826971054077,-0.5360328555107117,-2.654827117919922,-0.5121192336082458,0.7912210822105408,0.4425080120563507,-0.3736008107662201,-1.0543047189712524,0.34482070803642273,-0.9249470829963684,0.05033085495233536,0.6431766152381897,-0.0022307513281702995,3.022034168243408,2.7998032569885254,4.241543292999268,3.3789782524108887,2.6705539226531982,3.072601556777954
-5.5576653480529785,-4.860620975494385,-5.069910526275635,-5.717850208282471,-6.526837348937988,-6.268448829650879,-6.11039400100708,-5.444257736206055,-4.079113483428955,-3.9214937686920166,-4.913867950439453,-5.432207107543945,-5.2241530418396,-4.102698802947998,-1.3534022569656372,0.11959032714366913,-0.3664388358592987,-2.905592918395996,-4.5919928550720215,-2.1452560424804688,-2.783658742904663,0.07634888589382172,-2.326953411102295,-1.2340666055679321,-0.6156980991363525,-1.5200380086898804,-3.8115997314453125,-2.3596107959747314,-0.8733155727386475,-0.37661612033843994,0.16001464426517487,-0.14316533505916595,-0.5856167674064636,-0.22044184803962708,1.116886019706726,-1.0678938627243042,0.12057127058506012,-0.9895180463790894,0.4618309736251831,3.8754165172576904,1.9638173580169678,-0.0004950839793309569,2.322554111480713,4.3304643630981445
-5.653158187866211,-5.529192924499512,-5.708733081817627,-5.515042304992676,-5.697078227996826,-5.584004878997803,-5.455700874328613,-5.129883766174316,-4.107630729675293,-4.622656345367432,-5.831899166107178,-4.8709025382995605,-3.7774970531463623,-9.253555297851562,-3.2937591075897217,0.1767793446779251,0.28567883372306824,-1.3703762292861938,-2.7350757122039795,-2.023101806640625,-2.2098946571350098,-7.035733699798584,-2.3959152698516846,-1.5009819269180298,-0.46631959080696106,0.01519719697535038,-0.9261772632598877,-0.47157344222068787,-1.8068392276763916,-0.39573854207992554,-0.30393415689468384,-0.5761485695838928,-0.19680602848529816,-0.6538427472114563,-0.18695396184921265,0.37085068225860596,-0.09668507426977158,-1.845792531967163,-1.4271620512008667,-0.5566954016685486,1.5703476667404175,1.5349116325378418,2.1087265014648438,4.759876251220703
-5.447731971740723,-6.227048397064209,-6.767709255218506,-6.147648334503174,-5.327126502990723,-5.877039909362793,-5.134561538696289,-4.450865268707275,-4.154135704040527,-5.483239650726318,-5.8021135330200195,-4.514947891235352,-3.796407461166382,-7.679797172546387,-3.904099464416504,0.14651387929916382,0.5815089344978333,0.09393582493066788,-0.46277329325675964,0.8619821667671204,0.7788417339324951,-5.257311820983887,-3.4542720317840576,-1.3473470211029053,-2.0312283039093018,-1.8883923292160034,-3.1018474102020264,-2.8515448570251465,-1.8176192045211792,-0.843127965927124,-1.2563201189041138,-2.6072375774383545,2.887766122817993,0.9022022485733032,0.8552657961845398,2.3600003719329834,2.723431348800659,0.2784717082977295,-0.9300675988197327,-2.165639877319336,0.7848772406578064,2.4178595542907715,3.6108150482177734,3.804915189743042
