data/wind_data/wind_43_4.json
{"header": {"parameterUnit": "KT", "parameterCategory": 2, "nx": 256, "ny": 198, "lo1": 44.73521041870117, "la1": -3.236724853515625, "lo2": 111.26478576660156, "la2": 43.468475341796875, "dx": 0.2609002888202667, "dy": -0.23708222806453705, "refTime": "2025-02-20 19:00:00", "forecastTime": 0, "parameterNumber": 2, "parameterNumberName": "eastward_wind"}, "data":
[rows 76 to 94 of 198, columns 0 to 43 of 256]
5.305232524871826,10.700632095336914,12.451410293579102,13.670336723327637,10.860213279724121,9.585704803466797,10.303102493286133,12.095791816711426,13.029563903808594,12.57518196105957,11.16845989227295,11.122857093811035,12.841248512268066,12.627402305603027,12.228134155273438,12.594038963317871,12.599385261535645,10.621918678283691,8.100725173950195,8.078641891479492,8.087714195251465,6.182100772857666,4.027807712554932,2.7868735790252686,2.755223512649536,3.3011391162872314,2.775367021560669,1.6723501682281494,1.1204423904418945,1.1248775720596313,1.6827383041381836,2.041172742843628,1.6278069019317627,0.936022162437439,0.2586100697517395,0.6913787126541138,1.2209702730178833,0.8561854958534241,0.23507621884346008,-0.08771847933530807,-0.27811330556869507,-0.6861106753349304,-0.9138558506965637,-0.8534864783287048
6.601119518280029,11.223763465881348,12.848154067993164,13.626005172729492,12.663884162902832,11.691230773925781,11.933367729187012,13.358816146850586,14.545902252197266,14.921610832214355,13.629514694213867,12.980918884277344,14.181253433227539,14.037711143493652,13.555224418640137,13.57012939453125,12.966203689575195,11.243382453918457,9.614385604858398,9.65908432006836,11.062959671020508,9.835816383361816,6.105027675628662,4.097146511077881,4.438368320465088,5.303929805755615,5.354308128356934,4.57007360458374,4.18339204788208,4.155472278594971,4.556252956390381,5.018550395965576,4.546109199523926,3.4030768871307373,2.1352999210357666,1.1635620594024658,1.1601828336715698,1.6343915462493896,1.5245492458343506,0.9934498071670532,0.7157638669013977,0.6271995902061462,0.3839789628982544,0.251936674118042
7.672789096832275,11.921098709106445,13.135385513305664,13.21084976196289,15.251309394836426,15.226510047912598,14.96008586883545,15.28359603881836,15.465519905090332,15.848816871643066,15.463361740112305,15.167072296142578,16.308835983276367,16.402828216552734,15.73296070098877,15.727999687194824,14.517658233642578,12.273757934570312,10.393749237060547,10.028608322143555,11.69661808013916,10.750005722045898,6.959423542022705,5.548956871032715,6.949726581573486,7.846669673919678,7.844498157501221,7.618617534637451,7.635201930999756,7.780552387237549,7.827441215515137,7.677313804626465,7.2031450271606445,6.313225746154785,5.090421676635742,3.5251057147979736,2.478356122970581,2.6057827472686768,3.0615227222442627,2.820242404937744,1.9042915105819702,1.4785399436950684,1.6021021604537964,1.5589385032653809
9.319075584411621,13.056436538696289,13.79250717163086,13.200298309326172,16.097009658813477,17.10248374938965,16.240686416625977,15.703411102294922,15.467464447021484,15.643168449401855,15.837267875671387,16.400291442871094,18.23453712463379,19.466449737548828,18.837533950805664,18.09157943725586,16.674156188964844,13.796724319458008,10.9296293258667,10.180716514587402,11.101781845092773,9.795029640197754,6.825315952301025,6.306949138641357,9.181151390075684,10.313207626342773,9.440655708312988,9.288552284240723,9.837431907653809,10.092249870300293,9.75296688079834,9.042377471923828,8.614459991455078,8.266995429992676,7.436675071716309,6.274136543273926,4.949713706970215,4.587081432342529,5.374614238739014,5.817357540130615,4.409095287322998,2.7839200496673584,2.439255475997925,2.696180582046509
11.905467987060547,13.5463228225708,13.74415397644043,13.462346076965332,14.170129776000977,14.859795570373535,15.405202865600586,15.986395835876465,16.78955841064453,17.2070369720459,16.638607025146484,16.419775009155273,18.748815536499023,21.31864356994629,21.66897964477539,20.587196350097656,18.638660430908203,15.39586067199707,11.620107650756836,10.214537620544434,10.50192642211914,9.255485534667969,7.314527988433838,7.558581829071045,10.340340614318848,11.433757781982422,10.153314590454102,9.566618919372559,10.208292007446289,10.57695198059082,10.307117462158203,9.754682540893555,9.361788749694824,8.898146629333496,8.115415573120117,7.411946773529053,6.519989967346191,5.896493911743164,6.371837615966797,7.103954792022705,6.337533950805664,4.332973003387451,3.536104917526245,3.6141140460968018
15.528423309326172,16.233261108398438,16.071365356445312,16.308931350708008,15.084256172180176,14.290281295776367,15.188471794128418,16.78915786743164,18.186609268188477,18.154611587524414,16.287330627441406,13.660741806030273,14.71713924407959,19.288394927978516,21.228750228881836,21.43752670288086,20.60728645324707,17.37189483642578,12.991275787353516,10.732843399047852,10.431495666503906,9.539484977722168,8.609310150146484,9.54198169708252,11.386276245117188,11.802255630493164,10.750726699829102,10.090624809265137,10.497467994689941,10.850285530090332,10.730520248413086,10.53468132019043,10.234524726867676,9.487114906311035,8.450173377990723,7.510286331176758,6.6812944412231445,6.209975242614746,6.393898963928223,6.791765213012695,6.761717796325684,5.701802730560303,4.911534309387207,4.740576267242432
19.485713958740234,19.589702606201172,19.3896541595459,20.02153778076172,19.687162399291992,18.866004943847656,18.586427688598633,19.338735580444336,20.059127807617188,20.30962371826172,19.617334365844727,18.208354949951172,16.99485969543457,19.514812469482422,22.53595733642578,23.365341186523438,22.812358856201172,19.64715003967285,14.975213050842285,12.210749626159668,11.377538681030273,10.457623481750488,10.082679748535156,11.328332901000977,12.568273544311523,12.53244400024414,11.679121971130371,11.146862983703613,11.47508430480957,11.735183715820312,11.591071128845215,11.4742431640625,11.18026351928711,10.488058090209961,9.401766777038574,8.085792541503906,7.029333114624023,6.515606880187988,6.381568431854248,6.688168048858643,6.869441509246826,6.706033229827881,6.37959623336792,6.204793930053711
21.59873390197754,20.122785568237305,19.455467224121094,20.592872619628906,20.873416900634766,20.828035354614258,21.259559631347656,21.518680572509766,21.36130714416504,21.71976661682129,22.41495132446289,22.156850814819336,20.542829513549805,20.269071578979492,22.586578369140625,23.90796661376953,24.06307029724121,23.141416549682617,19.31651496887207,15.245193481445312,12.941509246826172,11.513132095336914,11.160941123962402,12.227191925048828,13.181634902954102,13.369854927062988,13.132919311523438,12.726963996887207,12.774337768554688,13.026663780212402,12.616199493408203,12.463166236877441,12.142745018005371,11.697736740112305,10.784570693969727,9.342522621154785,8.16370964050293,7.391417503356934,7.095118999481201,7.306423187255859,7.427147388458252,7.380638122558594,7.282952785491943,7.344027042388916
22.895771026611328,19.413820266723633,17.883346557617188,19.438884735107422,19.99336814880371,20.674365997314453,22.0328369140625,22.76075553894043,22.32818603515625,22.277482986450195,23.633543014526367,24.462860107421875,23.705394744873047,22.115442276000977,22.485185623168945,23.84786605834961,24.79838752746582,25.47383689880371,23.922199249267578,19.962337493896484,16.158113479614258,13.533500671386719,12.399833679199219,12.60413646697998,13.259730339050293,13.818950653076172,14.436745643615723,14.535675048828125,14.359014511108398,14.296810150146484,13.625924110412598,13.30075454711914,13.234777450561523,13.10091495513916,12.405324935913086,10.94802474975586,9.600544929504395,8.839059829711914,8.865867614746094,8.638638496398926,8.319729804992676,8.06017780303955,7.905644416809082,7.959907531738281
26.424928665161133,21.6171932220459,18.763465881347656,18.987016677856445,18.5205020904541,19.292573928833008,21.341106414794922,22.722820281982422,22.74159812927246,22.45299530029297,23.640018463134766,25.147340774536133,25.169279098510742,24.233243942260742,22.80135154724121,23.74643898010254,25.38192367553711,26.606786727905273,26.20103645324707,23.250839233398438,19.71003532409668,16.525299072265625,14.502004623413086,13.776477813720703,13.834065437316895,14.334418296813965,15.099323272705078,15.762514114379883,15.931716918945312,15.65632152557373,14.911916732788086,14.229909896850586,14.404393196105957,14.672805786132812,14.084961891174316,12.462347030639648,10.766128540039062,10.264686584472656,10.800363540649414,10.448826789855957,9.65890121459961,8.90481948852539,8.615388870239258,8.676509857177734
31.34832000732422,25.653520584106445,21.563642501831055,20.1037540435791,18.882688522338867,18.833253860473633,20.17112922668457,21.683996200561523,22.240610122680664,22.326011657714844,23.125442504882812,24.696733474731445,25.060026168823242,25.394765853881836,23.89579200744629,23.33496856689453,25.047754287719727,26.937480926513672,27.226640701293945,24.99061393737793,21.61765480041504,18.36720848083496,16.398624420166016,15.937793731689453,15.84885025024414,15.890783309936523,16.04483413696289,16.373502731323242,16.898900985717773,17.0064754486084,16.363651275634766,15.4757719039917,15.544215202331543,15.912812232971191,15.460505485534668,13.905304908752441,12.001158714294434,11.504839897155762,12.06964111328125,11.739312171936035,10.949183464050293,9.957931518554688,9.555505752563477,9.777789115905762
34.944976806640625,29.88197135925293,25.889196395874023,23.39912223815918,22.046133041381836,21.787837982177734,21.475011825561523,21.552696228027344,22.01642417907715,22.456153869628906,22.926794052124023,24.01264190673828,24.383350372314453,24.944087982177734,25.186744689941406,23.999160766601562,24.339481353759766,26.34575653076172,27.640718460083008,26.414316177368164,23.388961791992188,20.4580078125,18.65179443359375,18.150936126708984,18.012645721435547,17.8458309173584,17.871665954589844,17.966567993164062,18.084806442260742,18.285165786743164,17.74576759338379,16.761735916137695,16.56190299987793,16.61837387084961,16.284818649291992,15.228422164916992,13.515222549438477,12.870492935180664,13.184744834899902,12.569143295288086,11.541109085083008,10.692683219909668,10.635986328125,11.098943710327148
37.37413024902344,34.836204528808594,31.805213928222656,28.12513542175293,25.66855812072754,25.068553924560547,24.370864868164062,23.07982063293457,22.66932487487793,23.21733283996582,23.772109985351562,24.216552734375,24.26274871826172,23.908903121948242,24.955949783325195,25.120195388793945,24.779909133911133,25.656543731689453,27.09253692626953,27.0883846282959,25.0963134765625,22.92072296142578,21.81928825378418,21.680461883544922,21.512115478515625,20.622406005859375,19.920995712280273,20.178958892822266,20.295406341552734,20.25052261352539,19.71078872680664,18.40254020690918,17.595544815063477,17.404319763183594,17.238859176635742,16.220661163330078,14.72835922241211,14.026657104492188,14.22497844696045,13.4677095413208,11.861379623413086,11.142404556274414,11.76028060913086,12.391862869262695
38.10001754760742,37.932621002197266,36.1859245300293,32.52804183959961,29.074851989746094,26.739181518554688,25.117029190063477,23.699018478393555,22.96294403076172,23.727441787719727,24.887985229492188,25.48826789855957,25.429397583007812,24.38969612121582,24.021068572998047,24.992130279541016,25.51738166809082,25.837175369262695,26.44993782043457,26.847156524658203,26.02513885498047,24.6480655670166,23.826335906982422,24.083145141601562,24.91033363342285,24.64337730407715,23.212173461914062,22.369579315185547,22.462207794189453,22.72294807434082,22.657995223999023,21.311655044555664,19.713550567626953,19.164920806884766,18.92562484741211,17.368803024291992,15.483478546142578,14.57387638092041,14.703376770019531,14.126465797424316,12.798579216003418,12.55209732055664,13.56324577331543,13.93479061126709
37.624046325683594,39.409889221191406,39.06967544555664,36.74455642700195,32.74098205566406,28.95280647277832,26.07295799255371,24.34881019592285,23.308372497558594,23.649734497070312,25.137332916259766,26.276304244995117,26.676549911499023,26.12090492248535,24.78876304626465,24.458017349243164,25.440845489501953,26.31097984313965,26.538476943969727,26.53948974609375,26.384033203125,25.861495971679688,25.4012393951416,25.3974666595459,26.121509552001953,27.215322494506836,26.83030128479004,25.414840698242188,24.560884475708008,24.653818130493164,25.447561264038086,25.491474151611328,23.886676788330078,22.14275550842285,20.88608741760254,19.030126571655273,16.88603973388672,15.494311332702637,15.117020606994629,14.734360694885254,14.508906364440918,15.070932388305664,16.139055252075195,16.067548751831055
38.240848541259766,40.42940139770508,40.92903518676758,39.923274993896484,36.56085205078125,32.81143569946289,29.49614906311035,26.939292907714844,25.33251953125,24.493345260620117,25.21749496459961,26.459199905395508,27.288623809814453,27.5426082611084,26.918642044067383,25.878787994384766,25.834491729736328,26.74251365661621,27.3707218170166,27.27406883239746,26.917518615722656,26.671327590942383,26.599123001098633,26.667896270751953,26.79900550842285,27.38832664489746,28.172325134277344,27.802268981933594,26.589540481567383,25.943693161010742,26.74619483947754,28.020645141601562,27.642366409301758,25.537607192993164,23.038867950439453,20.857816696166992,19.054262161254883,17.58610725402832,16.636123657226562,16.28631019592285,16.599285125732422,17.291162490844727,18.296859741210938,18.315685272216797
39.63422775268555,41.072906494140625,41.49290466308594,41.558170318603516,39.85942077636719,37.04170608520508,34.302364349365234,31.371530532836914,29.08373260498047,27.732131958007812,27.075719833374023,27.460941314697266,28.033912658691406,28.51463508605957,28.470556259155273,27.969242095947266,27.55263328552246,27.869081497192383,28.519453048706055,28.796836853027344,28.355955123901367,27.766395568847656,27.490739822387695,27.53803253173828,27.514633178710938,27.54854393005371,27.819177627563477,28.122285842895508,27.62778663635254,26.851152420043945,26.794536590576172,28.034236907958984,29.058361053466797,28.169157028198242,25.624164581298828,23.052200317382812,21.25526237487793,20.09918785095215,19.31764793395996,18.872665405273438,18.621736526489258,18.695486068725586,19.5872802734375,20.003446578979492
41.38362503051758,42.283077239990234,42.2867546081543,42.574398040771484,42.32237243652344,40.771663665771484,38.73189926147461,36.29066467285156,33.71453094482422,31.75018882751465,30.505529403686523,29.799833297729492,29.657268524169922,29.81276512145996,29.791170120239258,29.531091690063477,29.3148193359375,29.40584373474121,29.88518714904785,30.26205062866211,30.04500961303711,29.26471519470215,28.588611602783203,28.31005096435547,28.025318145751953,27.823261260986328,27.802677154541016,27.89048194885254,27.723384857177734,27.44165802001953,27.346445083618164,27.978269577026367,29.136747360229492,29.428115844726562,27.94316864013672,25.63853645324707,23.531980514526367,22.299821853637695,21.82181167602539,21.273326873779297,20.33141326904297,19.904146194458008,20.55588150024414,21.066438674926758
43.414642333984375,44.01256561279297,43.70860290527344,43.53290939331055,43.73101043701172,43.417789459228516,42.09385681152344,40.5526237487793,38.407615661621094,35.95140838623047,33.89094543457031,32.45612335205078,31.91277313232422,31.85137939453125,31.782445907592773,31.425827026367188,31.027910232543945,30.833154678344727,31.061092376708984,31.359872817993164,31.414152145385742,30.750402450561523,29.90693473815918,29.374622344970703,28.878376007080078,28.275630950927734,28.062721252441406,28.193084716796875,27.994112014770508,27.682395935058594,27.642906188964844,28.131834030151367,28.986543655395508,29.703357696533203,29.37668228149414,27.827224731445312,25.78363037109375,24.21217155456543,23.515886306762695,22.874263763427734,21.753583908081055,21.148115158081055,21.506912231445312,22.04747200012207
