data/wind_data/wind_31_5.json
{"header": {"parameterUnit": "KT", "parameterCategory": 2, "nx": 256, "ny": 198, "lo1": 44.73521041870117, "la1": -3.236724853515625, "lo2": 111.26478576660156, "la2": 43.468475341796875, "dx": 0.2609002888202667, "dy": -0.23708222806453705, "refTime": "2025-02-20 07:00:00", "forecastTime": 0, "parameterNumber": 2, "parameterNumberName": "eastward_wind"}, "data":
[rows 19 to 37 of 198, columns 176 to 219 of 256]
8.528718948364258,7.0384063720703125,7.992603778839111,9.093234062194824,9.671242713928223,10.495000839233398,10.497658729553223,9.576820373535156,8.974879264831543,9.822962760925293,11.064483642578125,12.26689624786377,11.99246597290039,11.54700756072998,11.339113235473633,10.923139572143555,10.303495407104492,9.841547966003418,9.891131401062012,10.505468368530273,11.444250106811523,12.257726669311523,11.764376640319824,11.899004936218262,12.294144630432129,13.57699966430664,15.354472160339355,16.544294357299805,16.932844161987305,16.788249969482422,16.535192489624023,16.639554977416992,14.881434440612793,14.08629322052002,15.15456771850586,16.365291595458984,15.920093536376953,14.595702171325684,12.641521453857422,11.52926254272461,11.549382209777832,11.037934303283691,9.87421989440918,9.290283203125
7.470147132873535,7.174844264984131,7.734992027282715,9.538520812988281,9.096441268920898,9.762123107910156,9.677845001220703,9.114229202270508,9.107442855834961,10.956225395202637,10.46098804473877,11.352511405944824,11.86400318145752,11.621809005737305,11.009971618652344,10.37925910949707,9.788820266723633,9.382372856140137,9.654711723327637,10.685406684875488,11.659781455993652,12.132774353027344,12.262075424194336,12.232193946838379,12.649474143981934,14.17358684539795,15.69454288482666,16.540058135986328,16.49728012084961,16.414194107055664,15.977006912231445,14.995960235595703,13.333877563476562,13.112605094909668,14.110170364379883,14.981376647949219,14.13891315460205,13.184504508972168,11.67142391204834,10.368017196655273,10.214703559875488,10.25843620300293,9.208345413208008,8.125519752502441
6.080397605895996,6.461371898651123,7.3696136474609375,9.184895515441895,8.157909393310547,8.660500526428223,9.319793701171875,8.950106620788574,8.647173881530762,10.621410369873047,9.139335632324219,9.766152381896973,11.000412940979004,10.831742286682129,10.03243350982666,9.706413269042969,9.535276412963867,9.73270034790039,10.345209121704102,11.221195220947266,11.901114463806152,12.237649917602539,12.378103256225586,12.665632247924805,13.52807331085205,14.67755126953125,15.672099113464355,16.138710021972656,16.136592864990234,15.943642616271973,14.699784278869629,12.63904857635498,12.20702838897705,13.232176780700684,13.459724426269531,13.946582794189453,12.517373085021973,11.986795425415039,11.110892295837402,10.258081436157227,10.89651107788086,10.981480598449707,9.199302673339844,7.57216215133667
6.378467082977295,5.986836910247803,7.3170366287231445,7.779218673706055,8.065598487854004,7.849855422973633,8.261259078979492,8.104223251342773,8.14560604095459,8.273609161376953,9.228988647460938,10.18919563293457,10.386054992675781,10.053648948669434,9.599200248718262,9.567384719848633,9.748274803161621,10.250130653381348,10.957724571228027,11.467097282409668,11.980731010437012,12.289178848266602,12.5837984085083,12.986705780029297,13.849971771240234,14.880229949951172,15.70119571685791,15.899179458618164,15.900599479675293,14.879377365112305,13.28674602508545,11.799407005310059,12.408684730529785,12.98813247680664,12.735673904418945,13.01140308380127,11.579107284545898,10.732086181640625,10.451007843017578,10.587972640991211,11.235383033752441,10.25721549987793,8.299458503723145,6.925755023956299
7.2486371994018555,7.049848556518555,7.061435222625732,8.005414962768555,7.223601818084717,7.2568488121032715,7.377538681030273,7.081071853637695,7.26188325881958,8.256558418273926,8.767048835754395,9.300256729125977,9.478744506835938,9.389511108398438,9.407118797302246,9.84973430633545,10.17236042022705,10.63536548614502,11.183478355407715,11.73499870300293,12.089794158935547,12.383957862854004,12.447178840637207,12.868722915649414,13.702844619750977,14.676950454711914,15.43050479888916,15.461429595947266,14.459480285644531,14.490450859069824,11.594407081604004,11.663619995117188,12.595281600952148,12.434148788452148,11.978522300720215,11.29195785522461,10.898189544677734,10.599336624145508,9.647985458374023,9.708946228027344,9.607054710388184,8.212676048278809,7.351086616516113,6.6035847663879395
7.90344762802124,7.958813190460205,7.80061149597168,7.073568820953369,6.990845680236816,6.767220497131348,6.810720443725586,6.980987071990967,7.358116149902344,7.788928031921387,8.450143814086914,9.142642974853516,9.279654502868652,9.397769927978516,9.81299877166748,10.307140350341797,10.700396537780762,11.050454139709473,11.590389251708984,12.241737365722656,12.544291496276855,12.516069412231445,12.297718048095703,12.175145149230957,12.920902252197266,14.084004402160645,14.681973457336426,14.24373722076416,13.580743789672852,11.908528327941895,10.736618995666504,12.06443977355957,12.7100830078125,11.735868453979492,10.333585739135742,10.117846488952637,9.37176513671875,9.61355972290039,9.034010887145996,8.992988586425781,8.385618209838867,7.661799907684326,7.542653560638428,6.63992977142334
8.1002197265625,7.733530044555664,7.306349277496338,7.089862823486328,6.510802745819092,6.807703018188477,7.071784019470215,7.5652995109558105,7.996126174926758,8.207956314086914,8.596619606018066,9.028814315795898,9.34043025970459,9.726024627685547,10.06178092956543,10.483905792236328,10.877575874328613,11.321611404418945,11.862907409667969,12.338820457458496,12.681419372558594,12.191466331481934,11.684370994567871,11.234598159790039,12.104955673217773,12.326972961425781,12.22553825378418,11.813055038452148,11.81196403503418,11.265758514404297,11.080045700073242,11.619928359985352,11.48841381072998,10.5595703125,9.90595531463623,9.385808944702148,7.862813472747803,7.24030065536499,7.7142181396484375,8.432050704956055,8.02167797088623,7.9254069328308105,7.735381126403809,6.696406364440918
8.080901145935059,7.716983318328857,7.269420623779297,6.962044715881348,6.969555377960205,7.2114176750183105,7.782827377319336,8.278966903686523,8.558670997619629,8.713703155517578,8.843968391418457,9.207060813903809,9.770447731018066,10.237360954284668,10.261524200439453,10.215208053588867,10.68267822265625,11.13901424407959,11.529365539550781,11.769929885864258,11.778618812561035,11.492156028747559,10.791565895080566,10.770647048950195,10.39941120147705,8.370378494262695,10.577104568481445,9.516820907592773,10.131599426269531,10.548713684082031,9.92315673828125,9.265578269958496,8.892899513244629,9.03642463684082,9.823232650756836,8.487767219543457,7.976252555847168,6.940693378448486,6.655251979827881,7.367241859436035,7.916047096252441,8.656014442443848,8.448858261108398,7.514305591583252
8.266907691955566,7.889815807342529,7.580138206481934,7.629734039306641,7.66208028793335,8.077065467834473,8.542976379394531,8.875924110412598,8.90758991241455,8.899369239807129,9.141895294189453,9.633069038391113,10.174186706542969,10.284944534301758,10.009958267211914,9.686736106872559,10.27157211303711,10.4240140914917,10.599336624145508,10.666691780090332,10.614226341247559,10.256269454956055,10.161887168884277,9.85423755645752,7.5980024337768555,9.046074867248535,6.822615623474121,7.416193962097168,8.691055297851562,9.14360237121582,8.282119750976562,7.270849704742432,6.845536231994629,7.68886137008667,8.375482559204102,6.704859733581543,5.839856147766113,5.585224151611328,5.749314785003662,6.845558166503906,8.063389778137207,8.494485855102539,7.989824295043945,7.56923246383667
8.283616065979004,7.9352521896362305,7.732044696807861,7.9040327072143555,8.216361999511719,8.534647941589355,8.862120628356934,9.000659942626953,8.881282806396484,8.758834838867188,9.067038536071777,9.575026512145996,9.915165901184082,9.770648002624512,9.281550407409668,8.917993545532227,9.31987190246582,9.335103034973145,9.596905708312988,9.619235038757324,9.437813758850098,9.349607467651367,9.215188026428223,7.526612758636475,5.607620716094971,4.496018409729004,5.120045185089111,7.133355140686035,8.315414428710938,7.971588611602783,6.575923919677734,5.699923992156982,7.059110164642334,7.061338901519775,7.874940872192383,7.666134357452393,7.011545658111572,6.807122230529785,6.639825344085693,7.480885028839111,8.476248741149902,8.143196105957031,6.819474220275879,6.74694299697876
7.865203857421875,7.580225467681885,7.618486404418945,7.8966593742370605,7.997461795806885,8.07739543914795,8.414141654968262,8.783732414245605,8.786199569702148,8.491355895996094,8.52058219909668,8.827949523925781,8.922048568725586,8.701708793640137,8.03361988067627,7.82720422744751,7.850394248962402,8.092557907104492,8.619691848754883,8.834735870361328,8.679734230041504,8.568638801574707,6.567473888397217,6.085954666137695,4.184154987335205,4.925768852233887,5.664355278015137,7.290810585021973,7.923945903778076,6.806295871734619,5.235389232635498,5.121609210968018,8.602968215942383,7.280960559844971,6.623570919036865,5.43143367767334,5.387921333312988,6.572862148284912,6.729928016662598,7.270632743835449,7.997689723968506,6.9407172203063965,5.602818012237549,5.871161460876465
7.093489170074463,6.928309440612793,7.058858394622803,7.215704917907715,6.847832679748535,6.647287368774414,7.198412895202637,7.804131984710693,7.9257378578186035,7.529102325439453,7.2280988693237305,7.392156600952148,7.522071361541748,7.266457557678223,6.832540512084961,6.6409993171691895,6.632925033569336,7.156338214874268,7.84070348739624,7.717008590698242,7.243795871734619,6.7076849937438965,4.767151832580566,4.7755327224731445,3.8055472373962402,5.4729437828063965,6.234470844268799,6.587127208709717,6.4364142417907715,5.9496636390686035,5.415229320526123,5.6832146644592285,7.621306419372559,7.32222318649292,7.1873040199279785,5.844289302825928,4.957746982574463,5.544179439544678,5.683483600616455,6.3554253578186035,6.531408309936523,5.835483551025391,5.246103286743164,5.500319004058838
6.253793239593506,5.984068870544434,5.3636603355407715,5.330014228820801,5.055724143981934,5.022843837738037,5.428422451019287,5.933271408081055,6.02468204498291,5.764334201812744,5.501510143280029,5.696697235107422,6.01798677444458,6.1316022872924805,6.158912658691406,6.27853536605835,6.308250904083252,6.420607566833496,6.347559928894043,5.567890644073486,5.2438201904296875,4.7162981033325195,4.583589553833008,5.038281440734863,4.7364678382873535,5.237647533416748,5.69830846786499,6.107393741607666,6.311615943908691,6.858090877532959,6.630914688110352,5.915289402008057,7.9725775718688965,7.7248854637146,6.392240047454834,4.870088577270508,4.469285488128662,4.624649524688721,4.363359451293945,4.819645881652832,4.8903350830078125,4.90248441696167,4.560784816741943,5.153600692749023
3.35467791557312,3.9096572399139404,3.0286452770233154,3.4483866691589355,3.5517444610595703,3.684878349304199,3.875248670578003,4.199860572814941,4.399260520935059,4.358639717102051,4.344409465789795,4.557476043701172,4.916236877441406,5.404558181762695,5.952144145965576,6.390008926391602,6.288956165313721,5.445742607116699,4.493337631225586,4.143475532531738,4.497425556182861,5.1241455078125,5.789951801300049,6.326045989990234,5.63410758972168,4.973050117492676,4.78677225112915,5.30534553527832,5.733379364013672,6.563483238220215,6.644620418548584,4.91988468170166,5.313390731811523,4.804587364196777,4.541993141174316,3.6548657417297363,3.080141544342041,3.156754493713379,3.1819956302642822,2.9152841567993164,3.3695645332336426,3.804126739501953,3.1832115650177,4.277833461761475
1.9383900165557861,1.743844747543335,1.7878613471984863,2.446749210357666,2.479764461517334,2.8652679920196533,3.206827163696289,3.460320472717285,3.807410717010498,3.955648422241211,4.1017351150512695,4.133551597595215,4.465409755706787,5.162632942199707,5.944736480712891,6.302373886108398,5.787072658538818,4.5291571617126465,3.831580400466919,4.513282775878906,5.302062034606934,5.943941593170166,6.613445281982422,5.970854759216309,4.436691761016846,4.581320285797119,5.061319351196289,6.063843727111816,6.328991889953613,6.189167022705078,4.391790866851807,1.4077118635177612,2.2068586349487305,2.2229979038238525,2.4483330249786377,1.8857709169387817,1.6326653957366943,2.003911256790161,1.868530511856079,1.5077346563339233,1.8851351737976074,1.7242542505264282,1.2486432790756226,3.0150845050811768
-0.11977078020572662,0.5703305006027222,0.9902185201644897,2.258798122406006,2.217804193496704,2.7464394569396973,2.9094185829162598,3.2816524505615234,3.6752700805664062,3.8476829528808594,3.8776721954345703,4.207114219665527,4.601829528808594,5.067936420440674,5.434128761291504,5.7301740646362305,4.950141429901123,3.772681713104248,3.536543130874634,4.330081939697266,5.019580841064453,5.123854637145996,5.993589878082275,4.967717170715332,3.397249937057495,4.3568549156188965,6.026548385620117,6.8182549476623535,6.092286586761475,6.5365095138549805,5.567342281341553,3.2383029460906982,1.863196611404419,1.301619529724121,0.9385809898376465,0.6918139457702637,0.9624879956245422,1.4258553981781006,1.3032410144805908,1.1538704633712769,0.7803767323493958,-0.34411725401878357,-0.6504263281822205,1.6759047508239746
-0.09179437905550003,-0.39945271611213684,0.9890795350074768,2.1655333042144775,2.0936238765716553,2.400632381439209,2.6770851612091064,3.077085018157959,3.559030532836914,3.7312800884246826,3.951572895050049,4.547298431396484,4.869096755981445,4.612257957458496,4.599318027496338,5.02630615234375,4.3412322998046875,3.029291868209839,3.156270980834961,2.816955089569092,4.455145359039307,4.138615608215332,4.805435657501221,4.434019565582275,4.071104526519775,3.1346681118011475,6.269289493560791,6.172730445861816,6.22753381729126,5.397415637969971,3.658806324005127,2.330049753189087,1.2265459299087524,0.5855246186256409,0.35813766717910767,0.2811022400856018,0.7853540182113647,1.307123064994812,1.3998973369598389,1.3107328414916992,0.31253859400749207,-0.7824868559837341,-1.0468919277191162,-0.017497006803750992
0.21478626132011414,-0.5249347686767578,0.9670717120170593,1.7399704456329346,2.000568151473999,2.1978652477264404,2.542907238006592,3.048360586166382,3.468269109725952,3.497634172439575,3.9100804328918457,4.5135498046875,4.808383941650391,4.204370498657227,4.07188081741333,4.431179046630859,4.03245210647583,4.663041591644287,3.759929895401001,2.1780409812927246,3.7865216732025146,1.31033456325531,1.0622354745864868,1.5148568153381348,0.6862847805023193,1.2060476541519165,3.528346061706543,4.057152271270752,4.5261006355285645,2.599393606185913,0.9943925738334656,0.6124162077903748,0.16053253412246704,0.1457040160894394,0.426026314496994,0.5707483887672424,1.0122121572494507,1.4417622089385986,1.7481211423873901,1.3211301565170288,0.5915597081184387,-0.06062273681163788,-1.2070543766021729,-1.5599403381347656
0.2812143862247467,-0.5115348696708679,0.30344197154045105,1.1697611808776855,2.4143893718719482,3.284712791442871,2.9271936416625977,3.4389472007751465,3.414449691772461,3.284893751144409,3.5266170501708984,3.8513684272766113,4.0487236976623535,4.356167793273926,3.8502519130706787,3.9819133281707764,4.397054195404053,4.42241907119751,2.7081501483917236,2.976102113723755,0.5016327500343323,-1.4704599380493164,0.07786311954259872,0.982901394367218,2.6619720458984375,3.5526654720306396,2.70208740234375,2.075669050216675,2.020021438598633,0.7146637439727783,-0.05253983661532402,-0.44515207409858704,-0.6906688213348389,-0.2160949558019638,0.3329628109931946,0.5579605102539062,0.7630574703216553,1.363650918006897,1.7559558153152466,1.2369999885559082,0.8958576917648315,0.33083632588386536,-0.9318580031394958,-1.8661730289459229
