data/wind_data/wind_57_2.json
{"header": {"parameterUnit": "KT", "parameterCategory": 2, "nx": 256, "ny": 198, "lo1": 44.73521041870117, "la1": -3.236724853515625, "lo2": 111.26478576660156, "la2": 43.468475341796875, "dx": 0.2609002888202667, "dy": -0.23708222806453705, "refTime": "2025-02-21 09:00:00", "forecastTime": 0, "parameterNumber": 2, "parameterNumberName": "eastward_wind"}, "data":
[rows 171 to 189 of 198, columns 43 to 85 of 256]
7.341049671173096,6.152928829193115,3.962855815887451,3.544579029083252,7.154992580413818,5.868971347808838,5.255828857421875,0.3453594148159027,2.017641305923462,3.8430047035217285,4.58208703994751,4.784564018249512,2.5798628330230713,-1.1877930164337158,-4.848763942718506,-6.963545799255371,-7.571640491485596,-7.159735679626465,-6.012172698974609,-4.649684429168701,-3.8656532764434814,-2.49117112159729,-1.643014669418335,-1.2035927772521973,-1.434373140335083,-2.0716066360473633,-3.618143081665039,-6.65703821182251,-9.755940437316895,-12.280295372009277,-15.543692588806152,-18.673126220703125,-18.054365158081055,-14.575119972229004,-11.152151107788086,-8.578097343444824,-6.421936511993408,-1.311849594116211,-0.40671709179878235,-3.7173190116882324,-4.145771503448486,-9.06903076171875,-12.874862670898438
7.332058906555176,7.696332931518555,7.284512519836426,6.359551906585693,4.639495849609375,7.3901848793029785,5.385269641876221,4.902957439422607,4.481339454650879,4.732482433319092,5.053767204284668,3.712830066680908,0.004662827588617802,-4.2932448387146,-7.482054710388184,-7.628005504608154,-6.944559574127197,-6.043247699737549,-4.4535627365112305,-3.3622512817382812,-3.1802940368652344,-2.9659624099731445,-2.866530656814575,-3.068681478500366,-3.8878014087677,-5.270291328430176,-8.045629501342773,-11.244344711303711,-13.697176933288574,-15.673733711242676,-17.577058792114258,-17.293840408325195,-14.795868873596191,-12.603194236755371,-10.039851188659668,-7.503705024719238,-5.014406204223633,-2.0262231826782227,-1.3751591444015503,-4.709358215332031,-7.71763801574707,-10.147980690002441,-0.6025562286376953
8.214774131774902,9.773767471313477,12.744114875793457,9.320054054260254,9.230287551879883,8.982571601867676,8.228008270263672,6.635994911193848,4.983781814575195,4.653869152069092,4.202650547027588,1.4200176000595093,-3.203235626220703,-7.2876739501953125,-8.56778335571289,-7.160171031951904,-6.329967021942139,-5.2871904373168945,-4.425117492675781,-4.408929824829102,-5.175943374633789,-6.00342321395874,-6.422776222229004,-6.835468292236328,-7.692477226257324,-9.512137413024902,-11.778899192810059,-13.566227912902832,-15.057477951049805,-16.46457862854004,-17.16330909729004,-16.00282859802246,-14.305331230163574,-12.167097091674805,-8.94363784790039,-6.765721321105957,-5.5761919021606445,-4.794200897216797,-3.7432334423065186,-2.5887413024902344,-0.10181412845849991,1.2264865636825562,3.7255516052246094
7.508638858795166,9.469271659851074,11.520807266235352,13.542211532592773,13.382742881774902,11.76250171661377,9.434828758239746,6.376291275024414,4.833879470825195,3.8306937217712402,1.7738440036773682,-2.035395860671997,-6.440972328186035,-8.94400405883789,-8.259993553161621,-6.96426248550415,-6.104980945587158,-5.770753383636475,-6.1479902267456055,-7.503674030303955,-8.663105964660645,-9.3219575881958,-9.37695026397705,-9.432018280029297,-10.352066993713379,-11.916933059692383,-12.755489349365234,-13.195441246032715,-14.464296340942383,-16.493431091308594,-17.49079132080078,-16.88564682006836,-14.686470985412598,-11.766746520996094,-10.105957984924316,-9.170381546020508,-7.628312587738037,-6.050076961517334,-3.681278705596924,-1.7978192567825317,-1.0816820859909058,-0.9296023845672607,-0.13393615186214447
5.355365753173828,7.183033466339111,8.759380340576172,10.433283805847168,11.218058586120605,10.846023559570312,8.573397636413574,5.375548839569092,3.924330949783325,2.006833553314209,-1.535448670387268,-5.319978713989258,-8.448668479919434,-9.043206214904785,-7.8629655838012695,-7.0210418701171875,-6.516014099121094,-7.270115852355957,-8.817272186279297,-10.733927726745605,-11.672860145568848,-11.395027160644531,-10.608670234680176,-10.196826934814453,-10.750844955444336,-11.497014045715332,-11.656819343566895,-12.30521011352539,-14.586051940917969,-17.542442321777344,-18.79520034790039,-16.73667335510254,-13.557581901550293,-11.558768272399902,-10.510283470153809,-9.231038093566895,-7.974231719970703,-6.646695137023926,-4.363778591156006,-1.6892633438110352,-0.4378395676612854,0.249974325299263,-2.7793428897857666
4.456380844116211,4.717057228088379,5.0087151527404785,6.180306911468506,8.137067794799805,8.622743606567383,6.539271831512451,3.743320941925049,1.8567488193511963,-0.5525287985801697,-4.399356842041016,-7.680514812469482,-9.094764709472656,-8.578271865844727,-7.888678550720215,-7.289846420288086,-7.537018775939941,-8.814020156860352,-11.005593299865723,-13.073906898498535,-13.642911911010742,-12.739372253417969,-11.291706085205078,-10.241363525390625,-10.427802085876465,-10.991180419921875,-11.41650104522705,-12.67255973815918,-15.759892463684082,-19.048288345336914,-17.99736213684082,-14.132579803466797,-11.71255874633789,-9.747252464294434,-8.011470794677734,-6.773567199707031,-5.914543151855469,-4.555605411529541,-3.7134079933166504,-3.060521125793457,-1.2123730182647705,-1.7812848091125488,-0.984375536441803
4.147764682769775,3.4569239616394043,3.2844302654266357,4.463934898376465,6.400778293609619,6.482274055480957,4.247560977935791,1.7416895627975464,-0.580779492855072,-3.2504074573516846,-6.34513521194458,-8.517645835876465,-8.843170166015625,-8.263997077941895,-7.955932140350342,-7.795656204223633,-8.562891006469727,-9.954827308654785,-12.199466705322266,-14.046178817749023,-14.527188301086426,-13.888449668884277,-12.44279956817627,-10.852725982666016,-10.814900398254395,-11.868684768676758,-12.3822021484375,-14.066754341125488,-17.337575912475586,-18.422405242919922,-14.94672966003418,-11.828423500061035,-10.713879585266113,-9.205689430236816,-7.35569429397583,-5.472546100616455,-3.846602439880371,-3.070880889892578,-2.9732320308685303,-3.555276393890381,-5.263995170593262,-3.549189567565918,-0.6777627468109131
4.083472728729248,2.641796827316284,2.841575860977173,4.118688106536865,4.802505970001221,3.722304344177246,1.3913532495498657,-0.7909197211265564,-2.9116194248199463,-5.117085933685303,-7.372718811035156,-8.413131713867188,-8.360611915588379,-7.946403980255127,-7.84642219543457,-8.12596607208252,-9.282949447631836,-10.795258522033691,-12.830760955810547,-14.473638534545898,-14.982331275939941,-14.442174911499023,-13.015706062316895,-11.426050186157227,-11.289189338684082,-12.369553565979004,-13.320446968078613,-15.494373321533203,-17.186031341552734,-15.299372673034668,-11.527023315429688,-9.808076858520508,-9.244455337524414,-8.577882766723633,-6.921337604522705,-5.267508506774902,-3.1956353187561035,-3.1781463623046875,-2.459148645401001,-1.0531500577926636,-1.3517998456954956,-1.9070404767990112,-0.7396150827407837
3.322615623474121,1.4723339080810547,1.8068233728408813,3.733888864517212,2.3196048736572266,0.17375487089157104,-1.6746022701263428,-3.2727456092834473,-4.850174427032471,-6.34382963180542,-7.814664363861084,-8.212808609008789,-7.959420204162598,-7.534790992736816,-7.4124627113342285,-8.35035514831543,-9.924386024475098,-11.515915870666504,-13.07754135131836,-14.473353385925293,-14.895990371704102,-14.16770076751709,-12.654614448547363,-11.274431228637695,-10.948541641235352,-12.077439308166504,-13.899484634399414,-15.63573169708252,-14.88968276977539,-12.119416236877441,-10.478523254394531,-9.773186683654785,-8.223953247070312,-7.305776596069336,-6.393152713775635,-4.648382186889648,-3.524188995361328,-4.1740403175354,-1.683660864830017,-0.140475332736969,-1.4740774631500244,-3.4283015727996826,-5.016952991485596
2.305030345916748,1.0671974420547485,2.4898428916931152,1.6062415838241577,-1.192854642868042,-3.286512851715088,-4.7640061378479,-5.644120693206787,-6.411515712738037,-7.212767601013184,-8.065725326538086,-8.045464515686035,-7.40476131439209,-7.025995254516602,-7.205693244934082,-8.550561904907227,-10.261760711669922,-11.975579261779785,-12.99655818939209,-13.716231346130371,-13.904894828796387,-13.2243070602417,-11.818191528320312,-10.631768226623535,-10.399921417236328,-11.695655822753906,-13.702889442443848,-14.171220779418945,-12.191938400268555,-9.74658203125,-9.298805236816406,-9.209673881530762,-7.498435974121094,-6.214667797088623,-6.1781697273254395,-4.796657085418701,-4.815474033355713,-4.120944499969482,-2.725952386856079,-2.584414482116699,-2.475226402282715,-2.6823651790618896,-2.8160879611968994
2.6148667335510254,2.220440626144409,1.5352401733398438,-1.6318303346633911,-4.4700608253479,-5.629951000213623,-6.858218669891357,-7.250903606414795,-7.495578289031982,-7.7587127685546875,-7.900815486907959,-7.600525856018066,-6.766310691833496,-6.694962024688721,-7.297122001647949,-8.655820846557617,-10.168116569519043,-12.02120590209961,-12.683112144470215,-12.534110069274902,-12.38664436340332,-11.852447509765625,-10.873737335205078,-10.069994926452637,-10.055547714233398,-11.15473461151123,-12.083383560180664,-11.368152618408203,-9.303218841552734,-7.54831600189209,-6.849315643310547,-7.29777193069458,-8.235377311706543,-7.044992446899414,-6.7266526222229,-5.712404727935791,-3.9825241565704346,-3.896467924118042,-3.1594784259796143,-3.177182674407959,-2.4110026359558105,-1.6163219213485718,-0.34706228971481323
2.4955739974975586,1.193652868270874,-0.9829447269439697,-3.8907790184020996,-6.159926891326904,-6.8221611976623535,-7.808591365814209,-8.069697380065918,-8.042789459228516,-7.817717552185059,-7.281069755554199,-6.832616329193115,-6.281740188598633,-6.683866500854492,-7.542974948883057,-8.792357444763184,-9.88567066192627,-11.610891342163086,-12.060752868652344,-11.327398300170898,-10.821159362792969,-10.34390926361084,-9.829081535339355,-9.670745849609375,-9.93393325805664,-10.11084270477295,-9.768588066101074,-8.626127243041992,-6.893834590911865,-5.081903457641602,-3.771210193634033,-3.5973992347717285,-5.6434645652771,-7.690516471862793,-5.8922929763793945,-4.394247055053711,-4.423495769500732,-3.617290735244751,-3.2614498138427734,-0.9306795001029968,-1.4171769618988037,-0.814591646194458,-1.4675893783569336
1.370920181274414,-0.34463179111480713,-2.3560667037963867,-4.560330390930176,-6.576935291290283,-7.027958869934082,-8.144781112670898,-8.454941749572754,-8.092487335205078,-7.347489356994629,-6.506813049316406,-6.141983985900879,-6.108659267425537,-6.910999298095703,-7.837246894836426,-8.856785774230957,-9.517190933227539,-10.88122844696045,-11.12060260772705,-10.148590087890625,-9.560094833374023,-9.198657035827637,-8.962677001953125,-9.099703788757324,-8.994746208190918,-8.593698501586914,-7.384267807006836,-5.949453830718994,-4.955879211425781,-3.9184210300445557,-2.100839376449585,-2.1137187480926514,-4.128238677978516,-5.8864054679870605,-5.494080543518066,-4.674167633056641,-4.171357154846191,-3.7846601009368896,-4.425939083099365,-4.330784320831299,-5.832282543182373,-3.8349454402923584,-6.552847862243652
1.1521333456039429,-0.6096344590187073,-2.564241647720337,-4.335669040679932,-6.2473649978637695,-7.254035472869873,-8.456378936767578,-8.633753776550293,-7.755227088928223,-6.70474100112915,-5.851308822631836,-5.687196254730225,-6.256234645843506,-7.276263236999512,-8.081950187683105,-8.77152156829834,-9.21833324432373,-10.203543663024902,-10.225255966186523,-9.344660758972168,-8.772674560546875,-8.43667984008789,-8.23115348815918,-7.752662658691406,-7.100790500640869,-6.783960819244385,-5.813352584838867,-5.142482757568359,-5.31952428817749,-3.1676113605499268,-1.0768980979919434,-2.720616340637207,-4.959249019622803,-5.2660369873046875,-4.386864185333252,-4.3668341636657715,-3.7362849712371826,-4.236439228057861,-7.332062721252441,-5.926924705505371,-7.500208854675293,-8.541620254516602,-10.340559005737305
1.420150876045227,-0.40645670890808105,-2.406179904937744,-3.8502349853515625,-5.706108093261719,-7.227019309997559,-8.740374565124512,-8.869547843933105,-7.1509623527526855,-5.6277594566345215,-4.780717849731445,-5.56577205657959,-6.450938701629639,-7.527217388153076,-8.009385108947754,-8.515118598937988,-9.054311752319336,-9.817291259765625,-9.626991271972656,-8.723514556884766,-8.04065990447998,-7.68265962600708,-7.341186046600342,-6.8066182136535645,-6.139595031738281,-5.38446569442749,-4.763586044311523,-5.592987537384033,-5.248473644256592,-1.74345862865448,-0.9388088583946228,-2.4591736793518066,-3.3914809226989746,-3.5180909633636475,-3.7130255699157715,-3.9213902950286865,-4.59047269821167,-4.896303176879883,-5.4639692306518555,-5.975814342498779,-8.2778959274292,-11.01732063293457,-12.835877418518066
1.6269346475601196,-0.4321575164794922,-2.5921735763549805,-3.220022201538086,-4.433492183685303,-7.040080547332764,-8.794462203979492,-8.688957214355469,-6.7739410400390625,-5.524831295013428,-5.244363784790039,-6.122786998748779,-6.865154266357422,-7.51046895980835,-8.03594970703125,-8.509577751159668,-9.163758277893066,-9.691627502441406,-9.473182678222656,-8.6039457321167,-7.363234043121338,-6.894749641418457,-6.849732398986816,-6.531799793243408,-5.678892612457275,-4.240094184875488,-3.345316171646118,-3.9194138050079346,-3.143761396408081,-1.049760103225708,-0.896178662776947,-1.174878716468811,-1.411197543144226,-2.338883876800537,-3.0522921085357666,-4.1736555099487305,-4.994505882263184,-5.832301616668701,-5.655791282653809,-6.906501293182373,-9.608104705810547,-12.81998348236084,-14.589972496032715
1.7272032499313354,-0.4734317660331726,-2.281925678253174,-1.7761305570602417,-4.038882255554199,-6.723559379577637,-8.354060173034668,-7.532129287719727,-6.4968438148498535,-6.062955379486084,-6.439596176147461,-6.944468021392822,-7.01177453994751,-7.455229759216309,-8.041030883789062,-8.413376808166504,-8.980584144592285,-9.395882606506348,-9.180116653442383,-8.199448585510254,-6.970358371734619,-6.234599590301514,-6.375823974609375,-6.069771766662598,-4.8541412353515625,-3.1101863384246826,-1.8472319841384888,-1.239302158355713,-0.8835563063621521,-0.2926010191440582,-0.20891480147838593,-0.469459593296051,-1.3987715244293213,-1.599727988243103,-1.765882134437561,-3.521895408630371,-5.563243865966797,-5.7180891036987305,-5.956368446350098,-7.4706807136535645,-9.973931312561035,-12.180590629577637,-13.439104080200195
1.9696918725967407,-0.27046719193458557,-1.1604334115982056,-1.7150126695632935,-3.8257620334625244,-6.114841461181641,-7.611795425415039,-6.8263750076293945,-7.032702445983887,-6.964962959289551,-7.937169075012207,-8.167794227600098,-7.649218559265137,-7.638387203216553,-8.180941581726074,-8.46693229675293,-9.226594924926758,-9.552234649658203,-8.97000503540039,-7.930264472961426,-6.736634254455566,-6.016170501708984,-5.984376430511475,-5.55177116394043,-3.980422019958496,-2.121093988418579,-0.9223566055297852,0.10660052299499512,0.7294840216636658,0.9373485445976257,1.3361605405807495,1.6279412508010864,0.21283388137817383,-0.057125963270664215,-1.1538763046264648,-3.859661102294922,-5.805450916290283,-5.968771457672119,-5.7818708419799805,-7.221471786499023,-8.893418312072754,-9.742753982543945,-9.917867660522461
1.6992545127868652,-0.35088911652565,-1.2849608659744263,-2.2817094326019287,-4.0529327392578125,-5.714193820953369,-7.026467800140381,-7.278629302978516,-7.545475482940674,-7.507023811340332,-8.242814064025879,-8.482515335083008,-7.6412458419799805,-7.512549877166748,-7.629673004150391,-8.295120239257812,-9.332000732421875,-9.714966773986816,-8.848042488098145,-7.4694952964782715,-5.961840629577637,-4.896832466125488,-4.5153584480285645,-4.016991138458252,-2.4306044578552246,-0.6850356459617615,0.3459257185459137,1.591662049293518,2.2742483615875244,2.8886189460754395,3.591526508331299,3.73140549659729,3.9260647296905518,2.555485248565674,-1.0049012899398804,-3.925733804702759,-5.444873809814453,-5.381579875946045,-5.02866268157959,-6.111433982849121,-6.910746097564697,-6.3176045417785645,-5.094869613647461
