data/wind_data/wind_2025-02-19_23.json
{"header": {"parameterUnit": "KT", "parameterCategory": 2, "nx": 255, "ny": 198, "lo1": 44.73521041870117, "la1": -3.236724853515625, "lo2": 111.26478576660156, "la2": 43.468475341796875, "dx": 0.26192745566368103, "dy": -0.23708222806453705, "refTime": "2025-02-19 23:00:00", "forecastTime": 0, "parameterNumber": 3, "parameterNumberName": "northward_wind"}, "data":
[rows 95 to 113 of 198, columns 43 to 85 of 255]
6.6736578941345215,8.221664428710938,9.49309253692627,9.06793212890625,8.127135276794434,6.400705337524414,4.908475399017334,3.827378511428833,-2.201463222503662,-4.849847793579102,-5.31374979019165,-4.919341564178467,-2.36224627494812,0.43426138162612915,1.6214172840118408,2.4978442192077637,3.1075925827026367,3.613877534866333,4.002122402191162,3.897683620452881,3.1894137859344482,2.801238536834717,2.705129861831665,2.776388168334961,2.9319775104522705,2.838824510574341,2.5426342487335205,1.805161476135254,0.9469691514968872,0.026330361142754555,-0.6524401307106018,-0.9528377652168274,-1.0353599786758423,-1.12580144405365,-1.2715952396392822,-1.3889834880828857,-1.6993250846862793,-2.1164801120758057,-2.6646299362182617,-3.4112308025360107,-4.206713676452637,-5.081915378570557,-6.01718807220459
5.759565353393555,7.931887626647949,8.986383438110352,8.502985000610352,7.22391414642334,5.922693729400635,4.108672618865967,0.613351583480835,-4.563143730163574,-3.58223032951355,-1.4079917669296265,-1.234736680984497,-1.8507509231567383,-1.153485655784607,0.30024969577789307,1.3805142641067505,2.936976671218872,3.8309109210968018,4.138284683227539,3.9999020099639893,3.4282970428466797,3.0559632778167725,2.8449437618255615,2.7639646530151367,2.6371145248413086,2.2744290828704834,1.7996419668197632,1.1867936849594116,0.5462733507156372,-0.13903404772281647,-0.6062767505645752,-0.6811841726303101,-0.5912825465202332,-0.6445003747940063,-0.9404119253158569,-1.4262521266937256,-2.045726776123047,-2.485943555831909,-2.9603278636932373,-3.510704278945923,-4.091383934020996,-4.7629923820495605,-5.4656171798706055
4.2446064949035645,6.7438645362854,7.809134483337402,7.926934242248535,7.296239376068115,5.061645030975342,1.6196894645690918,-2.392890691757202,-2.4916646480560303,-0.0730731338262558,0.9583935141563416,0.09463566541671753,-1.573104739189148,-2.5355722904205322,-1.3099349737167358,0.15268835425376892,3.05265212059021,4.494225025177002,4.444305419921875,4.083730697631836,3.6271700859069824,3.0857512950897217,2.5169432163238525,1.8189404010772705,1.0186556577682495,0.3520762026309967,0.07481855899095535,0.08558241277933121,0.18137168884277344,0.14639171957969666,0.010997317731380463,-0.06090185046195984,-0.023507244884967804,0.0031605116091668606,-0.198286771774292,-0.6709867119789124,-1.387898325920105,-2.1427228450775146,-2.864638566970825,-3.398482322692871,-3.8773629665374756,-4.284127712249756,-4.689446449279785
1.1208784580230713,5.116341590881348,6.818353176116943,7.42704963684082,6.135293006896973,2.0132527351379395,-1.0605226755142212,-1.1062772274017334,0.08462267369031906,0.838733434677124,1.7657265663146973,1.37124764919281,-1.2964845895767212,-3.9363160133361816,-4.205909252166748,-2.521528720855713,1.4407994747161865,4.3726396560668945,4.84354305267334,4.5321526527404785,4.240993976593018,3.5768415927886963,2.3991410732269287,0.7925207018852234,-0.5419449806213379,-1.1899480819702148,-1.1916217803955078,-0.8015486598014832,-0.2612476348876953,0.15994523465633392,0.30760544538497925,0.22047525644302368,0.15710687637329102,0.2815783619880676,0.3794761002063751,0.18698549270629883,-0.42213332653045654,-1.2873653173446655,-2.1021854877471924,-2.6724627017974854,-3.1374213695526123,-3.4126996994018555,-3.7222254276275635
-0.4481601119041443,2.1726632118225098,3.6895785331726074,3.3747963905334473,0.727158784866333,-2.015531539916992,-1.748894453048706,0.1156286969780922,1.5363571643829346,2.699141502380371,3.16404390335083,0.8222501873970032,-4.350489616394043,-6.408998489379883,-5.430858612060547,-4.6740641593933105,-1.4064210653305054,3.7034146785736084,5.438235759735107,5.536239147186279,5.310669898986816,4.513800144195557,2.8744611740112305,0.9086030125617981,-0.5399271249771118,-1.1413564682006836,-1.1567449569702148,-0.8575897812843323,-0.45513826608657837,-0.0631466880440712,0.18328483402729034,0.17760628461837769,0.10517685115337372,0.22971582412719727,0.47183823585510254,0.5115256309509277,0.12036169320344925,-0.5070274472236633,-1.1329455375671387,-1.6270420551300049,-2.0274789333343506,-2.2947580814361572,-2.7793943881988525
-1.1476374864578247,1.2793575525283813,0.5530242323875427,-0.9031938910484314,-2.8473281860351562,-3.248081922531128,-3.3004913330078125,-3.373530626296997,-1.685569405555725,1.07785964012146,0.6673659086227417,-2.8125898838043213,-5.6807427406311035,-5.9765424728393555,-3.8226544857025146,-4.193601608276367,-2.392493724822998,3.3552443981170654,5.563568592071533,5.691196918487549,5.2985944747924805,4.671156883239746,3.470761299133301,1.9527606964111328,0.5169711709022522,-0.28929945826530457,-0.46981653571128845,-0.35815319418907166,-0.13610070943832397,0.15225808322429657,0.37396112084388733,0.39363059401512146,0.24784643948078156,0.19546334445476532,0.3449462056159973,0.5459249019622803,0.5204079151153564,0.2980056703090668,-0.11084787547588348,-0.5505800247192383,-1.0013831853866577,-1.3848705291748047,-1.9202455282211304
-1.7379930019378662,1.498484492301941,0.6660855412483215,-0.5467627644538879,-2.3693783283233643,-3.578418254852295,-4.872264385223389,-5.505613803863525,-4.748992443084717,-2.672100067138672,-3.2872018814086914,-1.519508719444275,-1.1162409782409668,-0.9889247417449951,-1.0884474515914917,-2.6249871253967285,-1.6525713205337524,3.025128126144409,5.165727615356445,5.098500728607178,4.239648818969727,3.86875057220459,3.7862679958343506,2.9214367866516113,1.5371754169464111,0.5595844984054565,0.2749459445476532,0.34608325362205505,0.5469863414764404,0.7883209586143494,0.9107139110565186,0.8984180092811584,0.734752893447876,0.567115843296051,0.6598009467124939,0.9781825542449951,1.2544888257980347,1.2435739040374756,0.8759501576423645,0.32477763295173645,-0.33355748653411865,-0.8681839108467102,-1.1818342208862305
-2.50730037689209,1.1029727458953857,1.9507815837860107,1.3510046005249023,-0.46128037571907043,-1.9500592947006226,-3.198857069015503,-4.760839462280273,-2.788377046585083,-0.6862107515335083,-0.575295090675354,3.7869982719421387,3.6745691299438477,2.1004199981689453,0.3260560631752014,-0.9570806622505188,-0.5286340713500977,2.4445853233337402,4.408076763153076,4.670692443847656,4.0901288986206055,3.79586124420166,3.6596341133117676,3.101914405822754,2.244467258453369,1.464564561843872,1.0401474237442017,1.0104973316192627,1.1836583614349365,1.370956301689148,1.4864963293075562,1.5603737831115723,1.6498794555664062,1.681247591972351,1.8029749393463135,1.9891341924667358,2.2022194862365723,2.126798629760742,1.6876431703567505,1.0991160869598389,0.36138975620269775,-0.2009955495595932,-0.4707242250442505
-3.0235252380371094,-1.0572354793548584,1.4680777788162231,3.174372673034668,3.1474368572235107,2.7605249881744385,1.3674185276031494,-0.8532262444496155,1.191025733947754,2.9807040691375732,3.7117819786071777,6.124741077423096,5.38700532913208,2.3676037788391113,1.2726902961730957,0.7183154821395874,0.7543831467628479,2.1978888511657715,3.8260209560394287,4.336441993713379,4.488096714019775,4.086002349853516,3.418975353240967,3.1806342601776123,3.0431039333343506,2.543489694595337,2.0482585430145264,1.8150956630706787,1.8980854749679565,2.071833610534668,2.263990640640259,2.4590935707092285,2.760948419570923,2.946932554244995,2.9511349201202393,2.7037606239318848,2.507556200027466,2.2522218227386475,1.9524778127670288,1.6757224798202515,1.1915055513381958,0.6724476218223572,0.24710150063037872
-4.081531524658203,-4.661180019378662,-2.0359320640563965,3.340698003768921,5.531468391418457,6.518675327301025,6.346381664276123,5.49036169052124,6.8442606925964355,7.210049152374268,7.169034481048584,6.849262714385986,4.149620056152344,3.824526071548462,2.8375399112701416,1.7442176342010498,1.4794307947158813,2.242584228515625,3.5519261360168457,4.196418762207031,4.4124627113342285,3.8735580444335938,3.318915367126465,3.425600528717041,3.7593300342559814,3.5238454341888428,3.2198240756988525,2.9723801612854004,2.877213478088379,2.953737497329712,3.1720516681671143,3.3456802368164062,3.5043790340423584,3.314164638519287,2.8567018508911133,2.098742961883545,1.537594199180603,1.1813656091690063,1.2819981575012207,1.4286812543869019,1.494207739830017,1.127007007598877,0.6606324911117554
-3.39058780670166,-3.982102394104004,-2.400813341140747,2.839735984802246,6.493867874145508,8.138296127319336,8.832940101623535,8.766900062561035,8.802124977111816,8.275810241699219,6.874649524688721,3.8770699501037598,3.166114568710327,4.385580539703369,3.567603588104248,2.2538766860961914,1.4644107818603516,1.8153984546661377,3.011542558670044,4.02840518951416,4.23919677734375,3.9018044471740723,3.612596273422241,3.8313207626342773,4.240227699279785,4.148005962371826,3.9264512062072754,3.628314971923828,3.330449342727661,3.2609050273895264,3.1748931407928467,3.013925552368164,2.527844190597534,1.7812072038650513,0.9973411560058594,0.23153147101402283,-0.22204099595546722,-0.4617130756378174,-0.1358266919851303,0.18399187922477722,0.755736768245697,0.8403365612030029,0.6369119882583618
-0.41059693694114685,0.710109293460846,2.0074639320373535,5.033051490783691,6.976902961730957,7.68198823928833,7.377015590667725,5.696380138397217,4.253596782684326,2.850595712661743,1.108461618423462,0.032416075468063354,1.2406033277511597,2.7504923343658447,3.302421808242798,2.988571882247925,2.0797271728515625,1.8208730220794678,2.733696699142456,3.6938836574554443,4.28856086730957,4.479820728302002,4.455435752868652,4.663348197937012,4.417611122131348,3.923858165740967,3.173617362976074,2.4123854637145996,1.6436715126037598,1.1221662759780884,0.6862398982048035,-0.010677902027964592,-0.7089849710464478,-1.3733088970184326,-1.7700988054275513,-1.9991499185562134,-2.039809226989746,-2.049541711807251,-1.893274188041687,-1.4981154203414917,-0.658951461315155,-0.1858539581298828,0.19522954523563385
1.7146669626235962,4.675424098968506,6.141165256500244,6.255334854125977,5.798647403717041,2.163118362426758,-1.6244739294052124,-4.201286315917969,-4.928852081298828,-4.117294788360596,-3.1138899326324463,-1.8787987232208252,-0.5041746497154236,1.1164443492889404,2.788508176803589,3.9330556392669678,4.139073848724365,3.6457858085632324,3.3958096504211426,3.415057420730591,3.7080349922180176,4.02379035949707,3.7113776206970215,3.4166030883789062,2.2708723545074463,0.9170587062835693,-0.5877571702003479,-1.8354994058609009,-2.9163100719451904,-3.758928060531616,-4.275696277618408,-4.636404514312744,-4.237560749053955,-4.341261863708496,-3.744270086288452,-4.040001392364502,-3.9582037925720215,-3.828038215637207,-3.468869686126709,-2.722871780395508,-1.7203831672668457,-1.2232844829559326,-0.020853880792856216
3.2582483291625977,6.382403373718262,6.112432956695557,4.651508331298828,-0.8678402900695801,-5.322282314300537,-7.887841701507568,-8.272262573242188,-6.863783836364746,-5.211131572723389,-3.8454091548919678,-2.567230224609375,-1.2774070501327515,0.24034583568572998,1.989660620689392,3.748845100402832,5.103282451629639,5.243004322052002,4.219587326049805,2.7701683044433594,1.4880988597869873,0.5197286605834961,-0.86217200756073,-2.194746494293213,-3.7912561893463135,-5.29410982131958,-6.606467247009277,-7.422450542449951,-7.748891353607178,-7.980555057525635,-8.418417930603027,-7.810341835021973,-7.160947799682617,-6.784224033355713,-5.938139915466309,-6.652063369750977,-6.574011325836182,-6.234050750732422,-5.290327548980713,-3.907599449157715,-2.5448734760284424,-2.0620229244232178,-0.34677231311798096
5.50371789932251,6.4689812660217285,4.0657639503479,-2.2552926540374756,-6.674983978271484,-8.000076293945312,-8.12713623046875,-7.196881294250488,-6.335158824920654,-5.996207237243652,-5.376389503479004,-4.449501991271973,-2.7614593505859375,-0.964311420917511,0.5744938850402832,2.023324489593506,3.274899959564209,3.7700424194335938,2.7886974811553955,0.6128318905830383,-2.0436160564422607,-4.262765884399414,-6.246364116668701,-7.384581089019775,-8.322762489318848,-9.037971496582031,-9.667868614196777,-9.605867385864258,-9.089263916015625,-8.672534942626953,-9.126996040344238,-9.17567253112793,-9.370987892150879,-8.54128646850586,-8.332441329956055,-9.272045135498047,-9.529895782470703,-9.125341415405273,-8.040763854980469,-6.052056312561035,-4.360527992248535,-2.769348621368408,-0.8960669636726379
6.004427433013916,5.323090076446533,-0.9097335338592529,-8.202089309692383,-7.7760090827941895,-6.294262409210205,-5.777744770050049,-6.150630474090576,-6.956052780151367,-7.7351884841918945,-7.745979309082031,-6.564676284790039,-4.677922248840332,-2.946188449859619,-1.4661993980407715,-0.4577050507068634,0.17941999435424805,-0.048471592366695404,-1.716094732284546,-4.09946346282959,-6.530637741088867,-7.896456241607666,-8.172768592834473,-7.737850666046143,-8.048274040222168,-8.670198440551758,-9.048933982849121,-9.016804695129395,-8.720270156860352,-9.019293785095215,-9.417085647583008,-10.180237770080566,-10.201347351074219,-9.449103355407715,-10.45691204071045,-12.442366600036621,-13.153010368347168,-12.674334526062012,-11.35516357421875,-9.365324974060059,-8.07568645477295,-4.064639091491699,-1.8713760375976562
3.507448434829712,0.12075389921665192,-5.3849263191223145,-7.7079572677612305,-4.89387845993042,-3.4940574169158936,-4.539516925811768,-6.467777252197266,-8.339234352111816,-9.529268264770508,-9.176651954650879,-7.480251789093018,-6.003225326538086,-3.624067783355713,-1.9044369459152222,-1.5421204566955566,-1.8713412284851074,-2.2538692951202393,-3.754929780960083,-5.942880153656006,-7.397161960601807,-7.046841144561768,-5.735983848571777,-5.138154029846191,-7.023737907409668,-9.807208061218262,-10.013477325439453,-10.221332550048828,-8.753073692321777,-12.742280960083008,-12.520657539367676,-12.426194190979004,-11.778644561767578,-11.56082534790039,-13.823319435119629,-16.203439712524414,-16.77019500732422,-15.336504936218262,-13.290756225585938,-12.945199966430664,-12.29919719696045,-4.898700714111328,-2.8128983974456787
0.9802121520042419,-4.024408340454102,-5.145984172821045,-3.0795187950134277,-0.9950017929077148,-2.091585636138916,-5.011927127838135,-7.988253116607666,-10.398344039916992,-11.661581039428711,-11.338738441467285,-9.402734756469727,-6.871589660644531,-4.385915756225586,-3.096214771270752,-2.235119104385376,-1.172796368598938,-0.3204940855503082,-1.0856757164001465,-2.4461147785186768,-3.0332653522491455,-2.591566801071167,-2.4851064682006836,-2.962815761566162,-5.517697334289551,-11.110198974609375,-11.478160858154297,-11.807141304016113,-8.979554176330566,-16.393291473388672,-16.915512084960938,-15.889033317565918,-14.646688461303711,-14.56826400756836,-15.63803768157959,-17.162425994873047,-17.876535415649414,-16.63858413696289,-13.635353088378906,-14.414767265319824,-12.532196044921875,-5.124534606933594,-3.5498392581939697
-1.4835779666900635,-4.840291976928711,-2.725844383239746,0.6104409694671631,0.9228111505508423,-2.7759294509887695,-6.240584850311279,-9.196928977966309,-11.649104118347168,-13.05671501159668,-13.48229694366455,-11.834716796875,-6.916567802429199,-5.912384033203125,-6.0531325340271,-5.853282928466797,-4.0051422119140625,-1.5264750719070435,0.017749957740306854,-0.7886542081832886,-2.55963134765625,-3.2664542198181152,-4.426041603088379,-4.723318099975586,-5.400088787078857,-7.126330852508545,-8.837148666381836,-11.464797973632812,-14.189003944396973,-17.37352180480957,-18.920778274536133,-17.903852462768555,-16.11381721496582,-15.263976097106934,-14.217718124389648,-13.059136390686035,-14.035019874572754,-15.395037651062012,-13.31127643585205,-13.738669395446777,-8.765684127807617,-3.192340612411499,-3.8827433586120605
