data/wind_data/wind_54_2.json
{"header": {"parameterUnit": "KT", "parameterCategory": 2, "nx": 256, "ny": 198, "lo1": 44.73521041870117, "la1": -3.236724853515625, "lo2": 111.26478576660156, "la2": 43.468475341796875, "dx": 0.2609002888202667, "dy": -0.23708222806453705, "refTime": "2025-02-21 06:00:00", "forecastTime": 0, "parameterNumber": 2, "parameterNumberName": "eastward_wind"}, "data":
[rows 133 to 151 of 198, columns 0 to 42 of 256]
11.612933158874512,11.473807334899902,11.42536449432373,12.290196418762207,12.86347484588623,13.225543975830078,13.147745132446289,12.147480964660645,10.83852767944336,9.903116226196289,8.52402114868164,6.5263142585754395,4.7279253005981445,5.0163750648498535,6.731157302856445,7.301013469696045,5.748612880706787,2.929168224334717,0.17010395228862762,-3.296638250350952,-5.481503009796143,-5.754636287689209,-8.204859733581543,-8.860749244689941,-6.054463863372803,-2.4305877685546875,-0.08559375256299973,4.222148418426514,16.653928756713867,19.487356185913086,15.51553726196289,14.888511657714844,19.495555877685547,20.819602966308594,23.917631149291992,29.935293197631836,24.295129776000977,12.495248794555664,8.87763500213623,10.874960899353027,16.77112579345703,21.86168670654297,25.326251983642578
12.654984474182129,12.521523475646973,12.598088264465332,13.730591773986816,14.257078170776367,14.040050506591797,13.194621086120605,11.638725280761719,10.517475128173828,10.016185760498047,8.825687408447266,6.515097141265869,4.4450578689575195,4.6456780433654785,6.586067199707031,7.141081809997559,5.472064018249512,2.389542818069458,-0.5899732112884521,-3.6076035499572754,-5.946503162384033,-6.458050727844238,-8.817903518676758,-11.823755264282227,-9.947175025939941,-4.579531669616699,-1.4183244705200195,7.027918815612793,17.860746383666992,20.072805404663086,17.39980697631836,22.61385154724121,27.356403350830078,26.766408920288086,32.36138153076172,30.876873016357422,19.23273277282715,10.134567260742188,10.297050476074219,17.603652954101562,26.2152156829834,30.685630798339844,30.391117095947266
12.99924087524414,12.905033111572266,13.18553352355957,14.425851821899414,14.734091758728027,13.885176658630371,12.41204833984375,10.61610221862793,9.910481452941895,9.927791595458984,8.820390701293945,6.4414191246032715,4.2810235023498535,4.175454139709473,6.351498126983643,7.143489360809326,5.556189060211182,2.0647549629211426,-1.5530043840408325,-4.210387706756592,-6.058940887451172,-6.761326789855957,-8.42098617553711,-11.776862144470215,-9.062893867492676,-3.795046329498291,1.3563381433486938,12.660324096679688,19.42938804626465,19.80965232849121,22.51998519897461,30.428892135620117,33.9705924987793,34.01453399658203,34.600643157958984,24.17327308654785,12.983327865600586,11.615100860595703,17.786823272705078,27.271915435791016,32.66527557373047,31.999168395996094,29.176780700683594
12.233604431152344,12.30742073059082,12.757325172424316,14.13835620880127,14.39309024810791,13.35028076171875,11.631126403808594,9.959717750549316,9.641766548156738,9.639906883239746,8.50008487701416,6.24890661239624,4.196239948272705,3.7301979064941406,6.095963478088379,7.398043632507324,5.794278144836426,1.7484947443008423,-2.401604175567627,-5.8914971351623535,-8.905778884887695,-8.668509483337402,-5.838630676269531,-5.336636543273926,0.015675699338316917,6.9539875984191895,11.157291412353516,18.218948364257812,21.904788970947266,23.495702743530273,29.50752067565918,36.091487884521484,37.84623336791992,34.04549026489258,21.63970375061035,12.538407325744629,13.066117286682129,17.72734832763672,25.948461532592773,32.14617156982422,32.575565338134766,28.028316497802734,20.853235244750977
11.757807731628418,12.062421798706055,12.728422164916992,14.072429656982422,14.2940673828125,13.305488586425781,11.592296600341797,10.141692161560059,9.693798065185547,9.053215980529785,7.885399341583252,5.950315475463867,4.298279762268066,3.7304306030273438,5.975273609161377,7.431665420532227,5.665201187133789,1.2663476467132568,-2.6351749897003174,-5.427587032318115,-7.230590343475342,-6.683420181274414,-5.005564212799072,-1.3440629243850708,7.017086982727051,13.243639945983887,16.39589500427246,21.529272079467773,26.021276473999023,29.70856475830078,34.0462532043457,36.807552337646484,27.862857818603516,14.782671928405762,10.767271995544434,11.257575988769531,16.32236671447754,24.22556495666504,29.694780349731445,30.447368621826172,27.97983741760254,23.632427215576172,23.499799728393555
13.2554292678833,13.478128433227539,13.886964797973633,14.615464210510254,14.582818984985352,13.526420593261719,11.927672386169434,10.639410972595215,9.41064167022705,8.017593383789062,7.030867099761963,5.775550842285156,4.911572456359863,4.499223232269287,5.984710693359375,6.995664119720459,4.228928089141846,-0.4606418311595917,-2.713355302810669,-2.8584413528442383,-1.823466181755066,0.5026255249977112,3.0733110904693604,3.801382064819336,9.455313682556152,14.786089897155762,17.086421966552734,23.09516716003418,30.16972541809082,33.89735412597656,34.96263122558594,29.09697914123535,18.801227569580078,11.347306251525879,7.734981060028076,11.293733596801758,20.992502212524414,29.094825744628906,30.920703887939453,29.587684631347656,27.72105598449707,25.600414276123047,23.446596145629883
15.069167137145996,14.952253341674805,14.79733657836914,14.8334321975708,14.519553184509277,13.396740913391113,12.062276840209961,10.737771987915039,8.737565040588379,6.963970184326172,6.165060043334961,5.514861583709717,5.40408992767334,5.367588043212891,5.850442409515381,5.8105082511901855,0.8064081072807312,-1.966327428817749,-4.064943313598633,-2.9139859676361084,0.24575597047805786,6.274870872497559,9.696549415588379,6.631108283996582,9.27769947052002,16.24844741821289,20.951202392578125,27.657726287841797,33.31138610839844,34.75026321411133,29.616525650024414,21.92657470703125,19.22239112854004,14.882932662963867,13.800858497619629,19.83820152282715,28.58621597290039,33.40275573730469,31.65925407409668,30.041475296020508,28.102060317993164,23.20988655090332,20.345497131347656
14.563338279724121,14.854650497436523,14.64915657043457,14.479805946350098,14.165273666381836,12.902325630187988,11.712597846984863,10.346385955810547,8.211898803710938,6.475339889526367,5.504887580871582,5.032644748687744,4.98632287979126,5.28590202331543,5.088796138763428,4.0473432540893555,-1.0613963603973389,-2.924320936203003,-4.0750555992126465,-1.858794093132019,1.7898837327957153,5.961176872253418,10.96118450164795,10.477164268493652,13.137353897094727,19.93089485168457,25.60626220703125,30.78366470336914,33.54058074951172,29.273950576782227,21.127117156982422,18.218019485473633,18.499862670898438,20.026762008666992,23.281356811523438,28.703594207763672,33.03028106689453,32.885555267333984,29.375211715698242,25.369932174682617,22.506404876708984,18.675207138061523,19.357053756713867
12.838875770568848,14.087865829467773,14.163352012634277,13.931719779968262,13.406697273254395,12.034802436828613,10.952491760253906,9.792311668395996,7.909820079803467,6.259223937988281,5.1283793449401855,4.843536853790283,5.492496013641357,5.5157976150512695,3.973601818084717,2.1591501235961914,-1.743025541305542,-1.9694876670837402,-1.44453763961792,-0.07760864496231079,2.50028395652771,5.573548316955566,12.051933288574219,15.936452865600586,19.620849609375,24.1122989654541,26.626850128173828,27.485496520996094,26.39153289794922,21.12777328491211,16.999988555908203,14.808749198913574,17.14253807067871,22.209444046020508,27.79840850830078,31.874208450317383,33.63597869873047,27.427478790283203,22.72539710998535,24.77932357788086,20.88489532470703,18.108287811279297,20.56598472595215
11.764361381530762,13.378297805786133,13.384212493896484,13.074772834777832,12.164397239685059,10.767437934875488,10.044783592224121,9.029668807983398,7.4913434982299805,5.693656921386719,3.6659421920776367,1.8268908262252808,1.2499639987945557,0.9720490574836731,0.32261592149734497,2.005500078201294,-4.35642147064209,-6.004319190979004,-3.673163890838623,-0.8998141288757324,2.423112392425537,10.704803466796875,20.228979110717773,22.20071792602539,23.556732177734375,26.976707458496094,24.558204650878906,20.82225799560547,20.017807006835938,20.791202545166016,17.38633918762207,13.462862014770508,16.62261390686035,22.984994888305664,29.1953125,32.25123596191406,26.23556900024414,20.582712173461914,23.756319046020508,25.79007339477539,17.36397361755371,15.158058166503906,19.135805130004883
11.08049201965332,12.405091285705566,12.178884506225586,11.979910850524902,10.938106536865234,9.769000053405762,9.3045072555542,8.094783782958984,6.514886856079102,4.589792728424072,1.4200273752212524,-1.3203580379486084,-1.1530388593673706,-0.37110239267349243,-1.208045482635498,2.4006752967834473,0.8678863048553467,1.5784450769424438,2.923118829727173,2.7451012134552,6.876051425933838,19.905004501342773,27.70359230041504,23.928207397460938,22.627235412597656,22.238264083862305,20.16637420654297,19.8645076751709,23.981765747070312,22.095998764038086,14.529326438903809,11.12739372253418,16.84912872314453,25.974870681762695,30.66248893737793,28.098779678344727,17.87666893005371,21.412036895751953,23.66582489013672,21.845806121826172,13.392306327819824,13.503974914550781,17.62386703491211
10.322596549987793,11.28678035736084,10.872908592224121,10.904406547546387,10.088037490844727,9.414460182189941,8.563544273376465,6.242620944976807,2.9238359928131104,1.766158938407898,2.4080379009246826,2.514540910720825,2.8529863357543945,3.4421660900115967,0.837013840675354,4.626624584197998,5.953121185302734,5.881928443908691,7.191716194152832,8.837031364440918,16.67557144165039,27.950786590576172,30.227521896362305,24.111249923706055,18.838788986206055,21.180984497070312,22.813425064086914,21.61720085144043,18.02372932434082,12.569976806640625,12.083429336547852,18.814674377441406,26.20125961303711,33.07817077636719,26.089458465576172,17.455535888671875,18.268657684326172,19.35533332824707,19.704099655151367,16.779258728027344,13.079591751098633,15.323680877685547,18.623085021972656
9.316400527954102,9.958513259887695,9.397542953491211,9.686955451965332,9.553291320800781,8.917702674865723,6.198906898498535,3.1082935333251953,1.9968394041061401,3.3338608741760254,7.02937650680542,10.00439167022705,8.979538917541504,7.390481472015381,5.127256393432617,7.860666751861572,9.218938827514648,7.421734809875488,9.630609512329102,13.304052352905273,21.59549903869629,30.275127410888672,28.889331817626953,23.086090087890625,24.7375545501709,26.918872833251953,23.066650390625,15.332727432250977,14.89685344696045,19.047727584838867,23.15142822265625,27.091636657714844,29.51706886291504,29.34601402282715,20.466699600219727,19.385461807250977,18.669588088989258,17.7801456451416,16.97698402404785,16.55904769897461,14.738198280334473,17.08443260192871,19.923294067382812
8.799352645874023,9.03050708770752,8.263144493103027,8.507284164428711,8.853766441345215,7.94012975692749,4.8886637687683105,4.0506486892700195,5.473886013031006,8.827872276306152,8.26933765411377,11.71564769744873,13.317959785461426,10.955045700073242,10.276823997497559,10.723801612854004,12.239425659179688,12.799090385437012,13.341320991516113,18.26262092590332,23.25004768371582,27.96977996826172,27.461870193481445,23.6243839263916,23.348529815673828,23.97692108154297,14.731640815734863,12.567737579345703,18.99120330810547,23.677947998046875,25.87973976135254,23.45516014099121,26.825469970703125,21.78057861328125,18.863393783569336,18.70433807373047,19.229646682739258,18.405513763427734,18.074495315551758,17.495758056640625,18.275266647338867,19.220094680786133,19.107141494750977
9.304924964904785,8.92052173614502,7.6638875007629395,7.3035430908203125,7.79877233505249,6.244782447814941,6.25198221206665,8.467789649963379,10.192970275878906,11.56503677368164,7.713024139404297,11.766031265258789,12.009902954101562,8.794049263000488,10.196450233459473,11.971951484680176,12.15677547454834,16.185312271118164,19.601299285888672,22.08287811279297,24.590229034423828,28.244449615478516,29.526636123657227,28.6848087310791,26.157316207885742,15.834044456481934,12.886032104492188,18.10576629638672,22.336132049560547,23.298646926879883,21.16118621826172,25.20662498474121,22.14116859436035,16.53809928894043,14.692255020141602,15.804312705993652,15.621490478515625,14.621623039245605,16.132200241088867,18.621662139892578,19.73773765563965,18.218521118164062,15.198406219482422
10.1820707321167,9.310169219970703,7.371766090393066,6.163562297821045,6.212464809417725,5.998434543609619,7.592037677764893,11.514911651611328,12.609889030456543,12.306644439697266,10.187027931213379,14.179353713989258,17.015512466430664,15.252634048461914,14.477294921875,16.31682586669922,16.277101516723633,18.425495147705078,23.074159622192383,23.809682846069336,23.1954288482666,24.11848258972168,22.457963943481445,21.599863052368164,21.28313636779785,21.854568481445312,22.52366828918457,20.33930015563965,21.886598587036133,18.811735153198242,17.562910079956055,20.424535751342773,21.219722747802734,19.948955535888672,18.620338439941406,18.190954208374023,16.342134475708008,16.741296768188477,19.329120635986328,22.109956741333008,20.30402374267578,15.344381332397461,11.287883758544922
10.896562576293945,9.985860824584961,7.639182090759277,5.832853317260742,5.4116692543029785,7.174292087554932,10.420308113098145,13.5885009765625,12.910262107849121,12.975539207458496,14.652265548706055,16.716941833496094,20.21137237548828,23.07547378540039,22.702512741088867,25.072229385375977,24.674915313720703,21.133399963378906,21.90165901184082,24.90873908996582,24.856599807739258,19.028642654418945,13.708135604858398,13.549860000610352,20.147403717041016,26.553359985351562,28.953811645507812,19.164562225341797,11.158007621765137,8.769976615905762,8.595048904418945,9.309921264648438,10.665620803833008,13.367462158203125,12.922619819641113,10.838013648986816,10.926336288452148,15.478748321533203,18.867319107055664,20.071609497070312,17.349077224731445,12.680753707885742,9.138575553894043
11.539655685424805,10.84021282196045,8.562435150146484,7.165582180023193,6.1719183921813965,7.6557464599609375,11.949069023132324,14.45156478881836,15.045733451843262,14.734628677368164,16.665437698364258,19.455354690551758,23.725576400756836,29.058866500854492,32.0113639831543,30.728395462036133,25.013525009155273,21.266260147094727,22.0328426361084,24.39996910095215,27.163333892822266,26.81255340576172,24.076160430908203,18.65038299560547,19.290252685546875,21.89893913269043,16.50434684753418,7.965396881103516,3.686716318130493,4.874106407165527,7.443938732147217,8.939122200012207,8.635659217834473,7.223786354064941,6.636871814727783,6.3023762702941895,7.599264621734619,11.057125091552734,14.343371391296387,14.698573112487793,13.07996654510498,11.085184097290039,9.460301399230957
11.731066703796387,11.218489646911621,9.61436653137207,8.983354568481445,7.646359920501709,9.411773681640625,13.199073791503906,14.641898155212402,18.337974548339844,19.132320404052734,18.798500061035156,22.160099029541016,24.841501235961914,25.569520950317383,26.475910186767578,22.976354598999023,16.171470642089844,13.698695182800293,15.317676544189453,18.37506103515625,20.35718536376953,20.083816528320312,17.863842010498047,18.939746856689453,21.092302322387695,20.06854248046875,7.790629863739014,0.7293587923049927,2.7621092796325684,4.556118488311768,6.586061954498291,6.958541393280029,6.188806056976318,6.0582451820373535,6.906744003295898,7.486140727996826,8.350909233093262,8.967628479003906,10.493456840515137,11.684211730957031,12.386497497558594,11.522671699523926,10.066234588623047
