data/wind_data/wind_41_4.json
{"header": {"parameterUnit": "KT", "parameterCategory": 2, "nx": 256, "ny": 198, "lo1": 44.73521041870117, "la1": -3.236724853515625, "lo2": 111.26478576660156, "la2": 43.468475341796875, "dx": 0.2609002888202667, "dy": -0.23708222806453705, "refTime": "2025-02-20 17:00:00", "forecastTime": 0, "parameterNumber": 2, "parameterNumberName": "eastward_wind"}, "data":
[rows 95 to 113 of 198, columns 132 to 175 of 256]
17.59834861755371,14.370652198791504,13.647003173828125,16.756412506103516,20.587745666503906,20.608064651489258,17.309614181518555,14.072998046875,12.434669494628906,13.044654846191406,13.688342094421387,13.934630393981934,14.712382316589355,17.62439727783203,18.679841995239258,19.439048767089844,20.74102020263672,23.25875473022461,24.09329605102539,22.768596649169922,21.807350158691406,21.848201751708984,22.509613037109375,23.417749404907227,24.1608829498291,24.236845016479492,24.18194007873535,25.086896896362305,27.532804489135742,30.63038444519043,28.711111068725586,25.96656608581543,23.7857666015625,20.635051727294922,17.764619827270508,16.838233947753906,16.798748016357422,15.466135025024414,13.751859664916992,13.450590133666992,13.81385612487793,13.755249977111816,13.322126388549805,13.217789649963379
20.72583770751953,13.790736198425293,11.755887031555176,14.892744064331055,20.486888885498047,21.053600311279297,18.212493896484375,14.503003120422363,11.430692672729492,9.542489051818848,10.543413162231445,12.876611709594727,14.676093101501465,15.953412055969238,17.414316177368164,19.74808692932129,21.53309440612793,22.674270629882812,23.173221588134766,23.19132423400879,24.070951461791992,25.418087005615234,25.997894287109375,26.186206817626953,25.396743774414062,24.242534637451172,25.76352310180664,26.25290870666504,22.951356887817383,24.820148468017578,24.859996795654297,18.191282272338867,13.731986999511719,13.628793716430664,15.142330169677734,17.022594451904297,16.494966506958008,13.720438003540039,11.266655921936035,11.011592864990234,12.204562187194824,12.96789836883545,12.895794868469238,12.478156089782715
21.001689910888672,19.59587860107422,14.440789222717285,14.804323196411133,20.93196678161621,21.644094467163086,18.718307495117188,14.569299697875977,12.49414348602295,9.664793968200684,10.651280403137207,15.072007179260254,16.70219612121582,15.968952178955078,16.10701560974121,18.115896224975586,19.790367126464844,20.933692932128906,22.92825698852539,24.694429397583008,24.915395736694336,24.45391273498535,23.966228485107422,23.68277931213379,23.123409271240234,23.798473358154297,26.0025634765625,25.7775936126709,20.880067825317383,14.48873519897461,6.9644389152526855,3.363856077194214,6.6627421379089355,10.926353454589844,12.189504623413086,14.274794578552246,16.613245010375977,13.99655532836914,10.93427848815918,10.685478210449219,11.940105438232422,12.966100692749023,12.799956321716309,11.820856094360352
17.13974952697754,19.721771240234375,18.123287200927734,17.737653732299805,20.28135108947754,21.46428108215332,19.065418243408203,14.819474220275879,13.374411582946777,11.22714900970459,11.804421424865723,15.261246681213379,18.002119064331055,19.001728057861328,17.66472053527832,16.719274520874023,17.73900032043457,19.70808982849121,21.793907165527344,23.230056762695312,23.697246551513672,24.17268180847168,23.321298599243164,22.04604148864746,22.102327346801758,23.817672729492188,23.61890411376953,23.5388240814209,20.350353240966797,16.06464958190918,13.063475608825684,11.497076034545898,12.361969947814941,13.424107551574707,13.101492881774902,14.222013473510742,17.801166534423828,17.68637466430664,13.469147682189941,11.9436674118042,12.203559875488281,11.922822952270508,11.232784271240234,10.771918296813965
13.999894142150879,15.89520263671875,17.697235107421875,18.8778018951416,20.36197280883789,21.242656707763672,18.721755981445312,16.289310455322266,15.496331214904785,13.351829528808594,12.922659873962402,16.567399978637695,19.460851669311523,19.811147689819336,17.62906837463379,16.24135398864746,17.160280227661133,18.86332130432129,20.291730880737305,21.433494567871094,21.79129409790039,23.566381454467773,23.13163948059082,21.99652099609375,22.09322738647461,21.598482131958008,21.972278594970703,19.81917381286621,18.991912841796875,20.054258346557617,21.34124755859375,19.034242630004883,16.806859970092773,15.491044998168945,14.07934284210205,13.746240615844727,16.023069381713867,18.210681915283203,15.985928535461426,12.773423194885254,10.21037769317627,9.067169189453125,9.237358093261719,10.262290954589844
14.140046119689941,14.214783668518066,16.219860076904297,19.318262100219727,20.480953216552734,20.477458953857422,19.808156967163086,19.641809463500977,19.271461486816406,17.16708755493164,15.792571067810059,16.932514190673828,19.282564163208008,17.85153579711914,15.296786308288574,15.480940818786621,16.1746768951416,17.194799423217773,19.067855834960938,19.739309310913086,20.874271392822266,20.878929138183594,21.52077865600586,22.992477416992188,23.593374252319336,21.65958023071289,20.40616226196289,19.04862403869629,19.485471725463867,21.877777099609375,19.670499801635742,15.500554084777832,14.718783378601074,15.957364082336426,14.879158973693848,12.646580696105957,11.955580711364746,10.490960121154785,11.709855079650879,11.938668251037598,7.865703582763672,6.074823379516602,7.561524868011475,9.639915466308594
14.899402618408203,14.33658218383789,14.654378890991211,18.0906982421875,21.222562789916992,20.286029815673828,19.159339904785156,19.36408042907715,20.96534538269043,20.35515594482422,18.62399673461914,19.05635643005371,19.337230682373047,20.139209747314453,20.464818954467773,18.75421714782715,18.534347534179688,19.414291381835938,19.930057525634766,20.54072380065918,20.77227210998535,22.02944564819336,22.223060607910156,22.08073616027832,22.685829162597656,21.76617431640625,19.77100372314453,20.577564239501953,22.358497619628906,22.17812728881836,22.295475006103516,20.737340927124023,20.368186950683594,20.59506607055664,18.23052406311035,14.59377384185791,11.292236328125,7.9467997550964355,8.355209350585938,10.42640495300293,8.088031768798828,4.689521789550781,5.4177961349487305,7.171918869018555
15.119436264038086,10.141688346862793,11.607717514038086,16.53281021118164,20.084613800048828,18.330854415893555,15.220640182495117,15.207547187805176,17.47280502319336,20.367469787597656,20.666715621948242,21.916763305664062,21.824810028076172,21.389699935913086,21.37261199951172,20.82254981994629,19.567325592041016,19.805606842041016,21.623090744018555,23.12744140625,23.216617584228516,22.60312843322754,22.746129989624023,22.650577545166016,22.733200073242188,21.589975357055664,20.619142532348633,22.400068283081055,24.698293685913086,25.861249923706055,24.433256149291992,22.665719985961914,22.44062614440918,21.76766014099121,19.022809982299805,16.376005172729492,15.907696723937988,14.24631404876709,10.935346603393555,9.557458877563477,8.752495765686035,4.914829730987549,2.2767302989959717,3.0611555576324463
14.413919448852539,9.826364517211914,9.53679084777832,14.063138961791992,17.229459762573242,16.061296463012695,13.989243507385254,13.930591583251953,15.737317085266113,17.855751037597656,19.03093147277832,20.08672523498535,20.636266708374023,20.985013961791992,20.70063591003418,20.44373893737793,21.14046287536621,22.57098960876465,23.577096939086914,23.241981506347656,22.636173248291016,22.29633903503418,22.534711837768555,23.143388748168945,22.77463722229004,21.9598331451416,22.849470138549805,25.009033203125,26.948692321777344,28.514801025390625,27.374555587768555,25.86534309387207,26.487545013427734,24.97212791442871,20.8057804107666,18.433372497558594,18.485158920288086,19.15003776550293,17.217758178710938,12.250449180603027,7.587708950042725,5.318418979644775,2.0786097049713135,1.1276354789733887
12.260128021240234,8.464573860168457,7.496976852416992,11.557220458984375,15.494894027709961,15.214046478271484,13.721637725830078,14.053730964660645,15.65463638305664,17.406129837036133,19.294052124023438,20.35331153869629,21.265422821044922,21.304973602294922,21.54764175415039,22.306257247924805,23.392475128173828,24.221988677978516,24.317102432250977,23.667015075683594,23.2299747467041,23.415760040283203,24.480932235717773,25.393827438354492,24.961362838745117,24.238679885864258,24.544780731201172,25.986125946044922,28.317157745361328,30.275169372558594,30.233882904052734,28.805583953857422,27.98313331604004,26.8189640045166,24.240934371948242,22.092487335205078,21.008468627929688,21.50458526611328,21.140995025634766,17.081253051757812,9.7064208984375,6.457603454589844,6.359274387359619,5.599705219268799
11.044707298278809,5.5189642906188965,8.676393508911133,12.931378364562988,16.427663803100586,16.679595947265625,15.275911331176758,15.111047744750977,15.758140563964844,16.9454402923584,18.12332534790039,19.17990493774414,20.194011688232422,20.346235275268555,19.60085105895996,20.15190887451172,21.376628875732422,22.302824020385742,22.73824691772461,23.102149963378906,23.4665470123291,23.976898193359375,25.21510124206543,26.1923828125,26.27632713317871,25.320993423461914,24.294475555419922,24.87649154663086,27.36629867553711,30.196420669555664,30.880020141601562,29.279733657836914,27.30939483642578,26.49315643310547,26.244089126586914,26.02248764038086,26.89153480529785,27.150733947753906,24.42477035522461,20.267784118652344,15.017226219177246,12.313149452209473,13.270417213439941,13.363663673400879
13.34852409362793,8.005575180053711,10.196878433227539,14.75267505645752,18.47334098815918,20.33136558532715,19.84134292602539,17.839828491210938,16.11003303527832,15.602459907531738,16.70555305480957,17.995956420898438,19.55348014831543,20.533790588378906,20.720407485961914,21.54206085205078,22.034692764282227,22.324180603027344,22.592824935913086,23.67629051208496,24.83116340637207,25.2132511138916,25.477672576904297,25.509376525878906,25.349180221557617,25.481708526611328,25.23080825805664,24.374038696289062,24.69001579284668,27.26613998413086,29.48026466369629,29.273876190185547,27.531639099121094,26.851287841796875,27.869230270385742,28.804000854492188,29.755495071411133,26.19501304626465,19.640100479125977,17.186643600463867,17.849868774414062,20.543249130249023,22.635021209716797,21.62615394592285
12.153916358947754,10.338895797729492,12.103923797607422,15.505599021911621,18.364843368530273,19.991012573242188,19.72747802734375,17.179750442504883,14.726288795471191,15.082694053649902,17.092607498168945,18.7736759185791,20.23042106628418,21.454219818115234,21.68636131286621,22.269521713256836,22.737308502197266,22.965736389160156,23.415254592895508,24.14509391784668,25.35797691345215,26.387374877929688,26.50400733947754,25.684383392333984,25.031402587890625,25.213376998901367,26.00935173034668,26.244213104248047,25.05135726928711,24.878173828125,26.835615158081055,28.656476974487305,29.389827728271484,29.7359619140625,30.540321350097656,30.538808822631836,29.752775192260742,28.08946990966797,25.06130599975586,23.446985244750977,24.49020004272461,27.546274185180664,28.018278121948242,25.890758514404297
12.153274536132812,6.02987813949585,9.325485229492188,13.049040794372559,14.13846206665039,16.53683853149414,18.84730339050293,19.658382415771484,18.307504653930664,17.134923934936523,17.33180046081543,18.417984008789062,19.87357521057129,20.72275161743164,20.62191390991211,20.34085464477539,20.45978355407715,21.328697204589844,22.711523056030273,23.976699829101562,25.583335876464844,26.812702178955078,27.161399841308594,26.373266220092773,25.83943748474121,26.052358627319336,26.28343963623047,26.168792724609375,25.613365173339844,24.868947982788086,25.335248947143555,27.255727767944336,29.208829879760742,30.27314567565918,30.47568130493164,30.364824295043945,28.904512405395508,28.093393325805664,28.422414779663086,28.215505599975586,28.6201171875,29.403593063354492,28.56201934814453,25.560577392578125
11.716761589050293,5.03529167175293,9.547998428344727,13.399632453918457,14.80753231048584,17.956512451171875,20.709245681762695,21.87450408935547,21.606714248657227,20.270071029663086,19.55406379699707,20.066219329833984,21.191856384277344,21.779151916503906,22.08888053894043,21.68756675720215,20.614057540893555,20.08719825744629,20.865808486938477,22.038511276245117,23.549375534057617,25.180253982543945,26.533416748046875,27.09324836730957,26.88726234436035,26.5172176361084,26.03908348083496,25.11573028564453,24.41832160949707,24.309171676635742,24.46991539001465,25.221677780151367,26.316608428955078,27.613473892211914,27.71955680847168,27.726001739501953,24.14630889892578,21.96926498413086,22.95648765563965,21.897470474243164,23.607824325561523,26.151029586791992,25.844369888305664,22.519804000854492
12.077232360839844,5.5267839431762695,7.941166877746582,11.892129898071289,13.672162055969238,17.084230422973633,20.50022315979004,21.63343620300293,21.514841079711914,21.109333038330078,21.55402374267578,21.8324031829834,22.43293571472168,22.883434295654297,23.184707641601562,22.440542221069336,21.041322708129883,20.35106658935547,20.736520767211914,21.36769676208496,22.26746940612793,23.678829193115234,25.1798152923584,26.07680892944336,25.77005958557129,24.806615829467773,24.04972267150879,23.806026458740234,23.936742782592773,24.391141891479492,24.68374252319336,24.945951461791992,25.484724044799805,26.199182510375977,25.669511795043945,25.44820213317871,22.6658992767334,19.830142974853516,22.032873153686523,22.25364112854004,22.89141082763672,24.853111267089844,25.746957778930664,19.44594383239746
13.032423973083496,8.67672348022461,6.789839267730713,11.284370422363281,14.7726411819458,17.231233596801758,19.92605972290039,21.06130027770996,21.965652465820312,22.591678619384766,23.03479766845703,22.695728302001953,22.297365188598633,22.283552169799805,22.635156631469727,21.945056915283203,20.869918823242188,20.644210815429688,21.151058197021484,21.712675094604492,21.991186141967773,21.992816925048828,21.913021087646484,21.875059127807617,21.741174697875977,21.59825325012207,21.825254440307617,22.439956665039062,23.240053176879883,24.146514892578125,24.9111385345459,25.303958892822266,25.267166137695312,24.667438507080078,24.285839080810547,24.142671585083008,23.982696533203125,24.310955047607422,25.233299255371094,25.3919620513916,26.723827362060547,27.811952590942383,28.356054306030273,29.45246696472168
13.507772445678711,9.632110595703125,6.082807540893555,12.78881549835205,17.1748104095459,17.21832275390625,17.601560592651367,19.528600692749023,21.889402389526367,23.5411434173584,24.326862335205078,24.24303436279297,23.67328643798828,23.00194549560547,22.43463897705078,21.215087890625,19.77086067199707,18.834157943725586,18.572797775268555,18.90089225769043,19.63348388671875,20.198177337646484,20.46124267578125,20.532133102416992,20.603404998779297,20.6783447265625,20.702394485473633,21.043025970458984,21.94651985168457,23.012418746948242,23.821760177612305,24.230375289916992,24.26280403137207,24.01144790649414,23.694843292236328,23.61295509338379,23.969717025756836,24.5573787689209,25.158191680908203,26.3758602142334,27.105390548706055,27.903501510620117,28.78046989440918,29.03276252746582
13.704855918884277,11.01235580444336,7.743593215942383,12.92623519897461,16.668476104736328,16.534759521484375,17.70895767211914,20.600008010864258,22.87779426574707,24.1517276763916,24.97991371154785,24.815004348754883,24.495405197143555,23.9791316986084,22.350893020629883,19.850271224975586,17.66215705871582,16.75344467163086,17.005788803100586,17.890031814575195,18.926389694213867,19.767101287841797,20.485980987548828,21.0566349029541,21.492340087890625,21.602313995361328,21.248756408691406,20.81524085998535,21.02618980407715,22.01581382751465,22.99757194519043,23.735641479492188,24.296100616455078,24.710580825805664,24.814790725708008,24.623390197753906,24.58281707763672,24.965274810791016,25.615392684936523,26.575355529785156,27.41673469543457,28.119234085083008,29.138668060302734,29.956348419189453
