data/wind_data/wind_13_9.json
{"header": {"parameterUnit": "KT", "parameterCategory": 2, "nx": 256, "ny": 198, "lo1": 44.73521041870117, "la1": -3.236724853515625, "lo2": 111.26478576660156, "la2": 43.468475341796875, "dx": 0.2609002888202667, "dy": -0.23708222806453705, "refTime": "2025-02-19 13:00:00", "forecastTime": 0, "parameterNumber": 2, "parameterNumberName": "eastward_wind"}, "data":
[rows 95 to 113 of 198, columns 172 to 214 of 256]
-9.783005714416504,-8.99396800994873,-8.596941947937012,-8.59574031829834,-8.872836112976074,-9.16786003112793,-8.988424301147461,-8.202166557312012,-7.241965293884277,-6.3926100730896,-5.774367332458496,-5.259887218475342,-4.508422374725342,-3.7634708881378174,-3.3269600868225098,-2.8274354934692383,-2.4218525886535645,-1.823372721672058,-0.6771018505096436,-0.5312079191207886,-0.9280228018760681,-0.8221789002418518,-0.35038626194000244,0.1890677511692047,0.6436895132064819,1.0534721612930298,1.5477702617645264,2.2172176837921143,3.0056581497192383,4.223041534423828,5.963405609130859,6.720096588134766,6.2875471115112305,5.998720169067383,6.262957572937012,6.800319194793701,7.370351314544678,8.369767189025879,9.495712280273438,9.780494689941406,9.7322416305542,10.50390911102295,12.631312370300293
-9.733832359313965,-9.406463623046875,-8.473026275634766,-7.6243696212768555,-7.631004333496094,-8.584115028381348,-9.455192565917969,-9.245410919189453,-8.066886901855469,-6.626888275146484,-5.606105804443359,-5.003568649291992,-4.329035758972168,-3.917083978652954,-3.7830183506011963,-3.1490063667297363,-2.520854949951172,-1.8450642824172974,-0.9308565258979797,-0.652709424495697,-0.6033329367637634,-0.20832620561122894,0.23765814304351807,0.5973974466323853,0.8760698437690735,1.0514400005340576,1.4237538576126099,2.179074287414551,2.6432816982269287,3.3302814960479736,4.776486396789551,5.649144172668457,5.9765825271606445,6.116819381713867,6.063970565795898,6.1389851570129395,6.529008388519287,7.670671463012695,9.223673820495605,10.048014640808105,10.219552993774414,10.721927642822266,12.418371200561523
-9.626387596130371,-9.163769721984863,-7.942909240722656,-7.043447971343994,-7.137992858886719,-8.097753524780273,-9.032809257507324,-9.185257911682129,-8.286576271057129,-6.737610816955566,-5.4405694007873535,-4.615261077880859,-4.107123374938965,-4.145057678222656,-4.311369895935059,-3.5953209400177,-2.6914007663726807,-2.268218755722046,-1.694748044013977,-0.9304315447807312,-0.04208924248814583,0.7906392216682434,1.3753029108047485,1.4897807836532593,1.3433082103729248,1.0457420349121094,1.149165391921997,1.909504771232605,2.569838285446167,3.3347465991973877,4.229529857635498,5.055136680603027,6.183380126953125,6.741068363189697,6.41357421875,5.874607086181641,5.742008686065674,6.543285846710205,8.001582145690918,9.230915069580078,9.928000450134277,10.515603065490723,11.850957870483398
-8.592985153198242,-8.714705467224121,-8.209733963012695,-7.474531650543213,-6.980344772338867,-7.177743434906006,-7.987956523895264,-8.6797513961792,-8.334970474243164,-6.89454460144043,-5.306908130645752,-4.355568885803223,-4.214836120605469,-4.704288959503174,-5.225712299346924,-4.692436218261719,-3.824699640274048,-3.5870726108551025,-2.823885440826416,-1.004819631576538,0.7143750190734863,1.6897823810577393,2.274977207183838,2.6061830520629883,2.350578546524048,1.5194981098175049,0.9114129543304443,1.068707823753357,1.7776544094085693,2.8270723819732666,3.7465169429779053,4.849432468414307,6.208950519561768,7.065643310546875,7.250787734985352,6.384514331817627,5.3548383712768555,5.536107063293457,6.829834938049316,8.278616905212402,9.288265228271484,10.30849838256836,11.69497299194336
-7.40159273147583,-8.535579681396484,-8.494380950927734,-7.505129337310791,-6.507184028625488,-6.31962776184082,-7.181946754455566,-8.193209648132324,-8.057958602905273,-6.720912933349609,-5.286566734313965,-4.5297160148620605,-4.614437580108643,-5.198789119720459,-5.906781196594238,-5.8136067390441895,-5.395438194274902,-5.0732741355896,-3.9471566677093506,-1.2314929962158203,1.1172235012054443,2.2040886878967285,2.815150022506714,3.2346365451812744,3.415660858154297,2.6420671939849854,1.4767557382583618,0.9552688598632812,1.2716104984283447,1.8784619569778442,2.7266106605529785,3.8634190559387207,4.984939098358154,5.929742813110352,6.929836273193359,7.354622840881348,6.053921699523926,5.310882091522217,5.994143009185791,7.3615827560424805,8.760984420776367,10.44626522064209,12.233375549316406
-6.404220104217529,-7.230842590332031,-7.475677013397217,-7.102107524871826,-6.531552791595459,-6.099266529083252,-6.261012077331543,-6.851294040679932,-6.953495025634766,-6.299914836883545,-5.432568073272705,-4.9673027992248535,-5.27105712890625,-5.6270599365234375,-5.8826751708984375,-6.082833766937256,-5.987600803375244,-5.426358222961426,-4.557017803192139,-2.155740261077881,0.5726971626281738,1.7763257026672363,2.6357405185699463,3.224795341491699,3.6720120906829834,3.3070595264434814,2.477788209915161,2.045257806777954,2.118767738342285,2.173574924468994,2.4128189086914062,2.9075276851654053,3.3001692295074463,4.043355941772461,5.079402923583984,7.163508415222168,7.274415493011475,6.16543436050415,5.846679210662842,6.538337230682373,8.28958797454834,10.394221305847168,12.625916481018066
-5.059176445007324,-5.352466106414795,-6.047672271728516,-6.622931003570557,-6.159953594207764,-5.236799716949463,-4.830296516418457,-4.96685266494751,-5.294060230255127,-5.522077560424805,-5.350794315338135,-5.1135759353637695,-5.530743598937988,-5.827327251434326,-5.736434459686279,-5.849853038787842,-5.452026844024658,-4.463249206542969,-3.924144983291626,-3.0679709911346436,-0.5601531863212585,0.8356813788414001,1.9005508422851562,2.856459140777588,3.3127858638763428,3.182797908782959,2.8965868949890137,2.968508720397949,3.362823009490967,3.579404830932617,3.366534471511841,3.134817123413086,2.856762170791626,2.980959177017212,3.5754189491271973,5.651696681976318,7.382465839385986,6.887362957000732,6.258613109588623,6.370275974273682,7.786417007446289,9.771682739257812,11.884675025939941
-4.055528163909912,-3.9765613079071045,-4.253310680389404,-4.900875568389893,-5.05342960357666,-4.513174533843994,-3.8547418117523193,-3.4661619663238525,-3.390413999557495,-3.7348315715789795,-4.1414794921875,-4.532021999359131,-5.224691867828369,-5.700271129608154,-5.5769124031066895,-5.379780292510986,-4.428603649139404,-2.89445424079895,-2.2511558532714844,-2.491274833679199,-1.2782092094421387,0.5177110433578491,1.5161885023117065,2.4251692295074463,2.8609766960144043,2.839980125427246,2.8027777671813965,3.166649103164673,3.938826560974121,4.592074394226074,4.628696918487549,4.1577301025390625,3.4862844944000244,3.2486793994903564,3.5392141342163086,4.689445972442627,6.4244208335876465,6.914795398712158,6.603538513183594,6.621999263763428,7.442739963531494,8.937538146972656,10.57095718383789
-2.526461362838745,-2.6346089839935303,-2.392167091369629,-2.959399700164795,-3.759877920150757,-3.7353148460388184,-3.0421159267425537,-2.4962027072906494,-2.204071283340454,-2.1176059246063232,-2.4271323680877686,-2.8610286712646484,-3.438777208328247,-4.484457969665527,-5.461215972900391,-5.002623558044434,-3.2502593994140625,-1.4859660863876343,-0.5260668396949768,-0.8936326503753662,-0.6629046201705933,0.9620440006256104,2.2030458450317383,2.706339120864868,2.5990824699401855,2.284799575805664,2.406174898147583,3.117849588394165,4.080238342285156,4.802590847015381,5.136565685272217,4.849532604217529,4.086597442626953,3.8727598190307617,4.513774394989014,5.311785697937012,5.859237194061279,6.417713165283203,6.790114402770996,6.868932723999023,7.315984725952148,8.258481979370117,9.53031063079834
-0.29311615228652954,-0.9636945724487305,-1.136452317237854,-1.3711286783218384,-1.8914084434509277,-2.393364429473877,-2.2244040966033936,-1.6193914413452148,-1.3372360467910767,-1.1163575649261475,-0.9904705286026001,-1.125024437904358,-1.0983928442001343,-2.0704712867736816,-4.21779727935791,-4.420866966247559,-2.1099555492401123,-0.4258343279361725,0.5675881505012512,0.7236984372138977,0.8775740265846252,1.5620312690734863,2.9099137783050537,3.4894063472747803,2.9627342224121094,2.0701210498809814,2.0138845443725586,3.0164873600006104,4.340938091278076,5.2080230712890625,5.49441385269165,5.045049667358398,4.145951747894287,4.0463032722473145,5.245309829711914,6.572667598724365,6.634596347808838,6.28584623336792,6.850663185119629,7.007292747497559,7.053952217102051,7.710211277008057,8.90681266784668
0.8717249631881714,0.4455697238445282,-0.0533795990049839,-0.2568080723285675,-0.20492559671401978,-0.2403661459684372,-0.5016951560974121,-0.6512022018432617,-0.5794694423675537,-0.33792030811309814,-0.1316169798374176,-0.07168565690517426,0.09127401560544968,-0.27407997846603394,-1.7963757514953613,-2.6536130905151367,-1.2253565788269043,0.6705065369606018,1.6755154132843018,2.1149866580963135,1.8576515913009644,1.5298664569854736,2.244169235229492,3.3801488876342773,3.632077693939209,2.6991872787475586,2.1160852909088135,2.9203200340270996,4.5282721519470215,5.753267765045166,6.206662654876709,5.73391580581665,4.656981945037842,4.355172157287598,5.548946380615234,7.242989540100098,7.764926433563232,6.978954792022705,6.879130840301514,7.17701530456543,6.8045501708984375,7.057689189910889,8.238699913024902
1.3232486248016357,1.1657283306121826,0.8461551666259766,0.6260592341423035,1.087607741355896,1.8176209926605225,1.7354686260223389,0.8975815773010254,0.2785030007362366,0.37399595975875854,0.5880201458930969,0.44174739718437195,0.17156127095222473,-0.043286990374326706,-0.3291626572608948,-0.7850251793861389,-0.3948743939399719,1.6163110733032227,3.225192070007324,3.4479010105133057,2.432344913482666,1.1588704586029053,0.8848084807395935,1.9114058017730713,3.144711494445801,3.1530063152313232,2.5844311714172363,2.9768266677856445,4.439885139465332,6.0155229568481445,7.128989219665527,7.270890235900879,6.311848163604736,5.47871732711792,6.019951820373535,7.270294189453125,8.091245651245117,8.052496910095215,7.691439628601074,7.543221473693848,6.804152965545654,6.43847131729126,7.427672863006592
2.236882209777832,1.8464845418930054,1.528915524482727,1.3772128820419312,1.7449284791946411,2.734186887741089,3.119050979614258,2.360398530960083,1.3906725645065308,1.1398935317993164,1.3817589282989502,1.1764335632324219,0.25171351432800293,-0.6740432977676392,-0.7383098006248474,-0.3345504701137543,0.1328849345445633,1.543978214263916,3.8828485012054443,4.806764602661133,3.3844313621520996,1.2082593441009521,0.23750513792037964,0.973944902420044,2.7280991077423096,3.438305616378784,2.8877980709075928,2.726613759994507,3.8406941890716553,5.763621807098389,7.6068830490112305,8.57470703125,8.211360931396484,7.31475830078125,6.994407653808594,7.307905197143555,7.829812526702881,8.327396392822266,8.421689987182617,7.888027191162109,6.626604080200195,5.673430442810059,6.678497314453125
3.3606584072113037,2.9661099910736084,2.4051716327667236,2.0380258560180664,1.9581795930862427,2.373072862625122,3.0550355911254883,3.0984041690826416,2.4951512813568115,1.9647104740142822,1.833206295967102,1.529896855354309,0.38071054220199585,-1.054298758506775,-1.443860411643982,-1.2601346969604492,-0.9006983041763306,0.05996306240558624,2.083674669265747,3.885136365890503,3.438037633895874,2.1283011436462402,1.2875131368637085,1.4481098651885986,3.2890093326568604,4.607996940612793,3.9960155487060547,2.7578537464141846,2.7286312580108643,4.412023067474365,6.669998645782471,8.491445541381836,9.188863754272461,8.838774681091309,8.334260940551758,7.817834377288818,7.297558784484863,7.492535591125488,7.986588478088379,7.684449195861816,6.337600231170654,5.0819220542907715,6.0894551277160645
3.878878593444824,4.145174026489258,3.8366003036499023,3.241489887237549,2.601323127746582,2.1456029415130615,2.274064540863037,2.721266508102417,2.756150007247925,2.227468490600586,1.507259726524353,0.6845264434814453,-0.37297454476356506,-1.3056957721710205,-1.3578099012374878,-1.4219400882720947,-1.6523686647415161,-1.2291207313537598,-0.8107155561447144,0.23359587788581848,2.4092659950256348,2.9638633728027344,2.387751579284668,1.308630108833313,2.9475109577178955,5.23594856262207,4.952978610992432,3.376847505569458,2.4671545028686523,3.333967924118042,5.2844624519348145,7.221573829650879,8.558423042297363,9.115057945251465,9.155512809753418,8.19694709777832,6.831439971923828,6.4789934158325195,6.752578258514404,6.670166969299316,5.868718147277832,4.97256326675415,5.915256500244141
3.6110212802886963,4.636589050292969,4.864651679992676,4.4189629554748535,3.777876377105713,2.952425956726074,2.119168758392334,1.690642237663269,1.5010440349578857,1.0760400295257568,0.03578339144587517,-1.2167237997055054,-1.8279136419296265,-1.7429934740066528,-1.291946291923523,-0.7550718188285828,-0.3674221634864807,-0.44578662514686584,-2.201444149017334,-3.5323104858398438,0.5136992335319519,1.7905683517456055,0.531978964805603,-0.42406269907951355,1.7385982275009155,5.205306053161621,5.404666900634766,4.307774543762207,3.5097544193267822,3.8652992248535156,5.064470291137695,6.041438102722168,6.800248146057129,7.8413567543029785,8.671727180480957,8.111364364624023,6.624161720275879,5.7870306968688965,5.495268821716309,5.156936168670654,5.009671688079834,5.532111167907715,6.987771511077881
2.663396120071411,3.9948792457580566,4.867583751678467,4.727448463439941,4.149083614349365,3.4311649799346924,2.3945000171661377,1.188033938407898,0.1488003134727478,-0.8716639876365662,-1.9372848272323608,-2.81961727142334,-2.896803855895996,-2.5282559394836426,-1.968032956123352,-0.8864395022392273,0.46650055050849915,0.5622826218605042,-2.108093500137329,-5.245763778686523,-2.6152329444885254,-0.30393093824386597,-0.9492117762565613,-0.31550171971321106,1.5499608516693115,4.894113063812256,5.961218357086182,5.653022289276123,4.969021797180176,4.819178581237793,5.467013359069824,5.93855094909668,6.004417419433594,6.816302299499512,7.647709846496582,7.319710731506348,6.125761032104492,5.37734842300415,4.923583030700684,3.889955997467041,4.093600749969482,6.008716583251953,8.043479919433594
1.7366979122161865,2.8190360069274902,4.0341105461120605,4.372724533081055,3.7249114513397217,2.907994270324707,2.328179121017456,1.570646047592163,0.2865266799926758,-1.3198699951171875,-2.429551362991333,-2.9807260036468506,-3.364053964614868,-3.585520029067993,-3.45731782913208,-2.7044835090637207,-1.5370373725891113,-1.014585018157959,-2.41804575920105,-4.722611904144287,-2.643540143966675,0.15131135284900665,0.286664754152298,0.7985697984695435,1.49893319606781,3.4266648292541504,5.566492080688477,6.2325263023376465,5.405731201171875,4.526530742645264,5.245762825012207,6.571005344390869,6.959989547729492,7.132155895233154,6.924772262573242,5.948033809661865,5.025911331176758,5.019941329956055,4.823853492736816,3.897692918777466,4.048431873321533,6.153695583343506,8.223073959350586
0.9555202126502991,1.4963964223861694,2.5549001693725586,3.2445435523986816,2.9298064708709717,2.3091964721679688,1.9869396686553955,1.7425646781921387,1.0583399534225464,-0.46794530749320984,-1.7373558282852173,-2.6250929832458496,-3.8610427379608154,-4.688366889953613,-4.92738676071167,-4.802894592285156,-4.4405741691589355,-3.5804519653320312,-2.8887009620666504,-3.1381993293762207,0.053920622915029526,2.429847002029419,1.9388978481292725,1.2300207614898682,0.8932191133499146,1.792447805404663,4.000855445861816,5.194936275482178,4.481346130371094,3.803203582763672,4.587731838226318,6.3070878982543945,7.381529331207275,7.678597927093506,7.193140983581543,5.811708927154541,4.822757244110107,4.840699672698975,4.561234474182129,4.139833927154541,4.9605255126953125,6.519557952880859,6.57314395904541
