data/wind_data/wind_43_9.json
{"header": {"parameterUnit": "KT", "parameterCategory": 2, "nx": 256, "ny": 198, "lo1": 44.73521041870117, "la1": -3.236724853515625, "lo2": 111.26478576660156, "la2": 43.468475341796875, "dx": 0.2609002888202667, "dy": -0.23708222806453705, "refTime": "2025-02-20 19:00:00", "forecastTime": 0, "parameterNumber": 2, "parameterNumberName": "eastward_wind"}, "data":
[rows 171 to 189 of 198, columns 172 to 214 of 256]
6.102088928222656,5.267825126647949,3.843951940536499,3.1170856952667236,3.5352656841278076,4.51229190826416,5.442155838012695,6.134632110595703,6.5902910232543945,7.024097442626953,7.351929664611816,6.728167533874512,5.02923583984375,3.408728837966919,2.259732484817505,2.031428098678589,2.8624556064605713,4.173894882202148,4.790113925933838,4.152622222900391,3.663562536239624,3.5744686126708984,3.598531723022461,3.3547964096069336,2.6105377674102783,2.0264554023742676,2.074716806411743,2.7187154293060303,2.85345721244812,3.042903184890747,3.7930102348327637,4.402733325958252,3.8016891479492188,2.727130651473999,2.6722683906555176,3.5243334770202637,4.302123069763184,5.444080352783203,7.293839454650879,9.2589750289917,9.174489974975586,6.882389545440674,4.931138515472412
6.541853427886963,6.30824613571167,5.194257736206055,4.118749141693115,3.8750410079956055,4.548684120178223,5.577201843261719,6.693874359130859,7.6514997482299805,8.364886283874512,8.564763069152832,7.464979648590088,5.405246257781982,3.5280706882476807,2.4007973670959473,2.590703248977661,3.5945193767547607,4.462257385253906,4.355846405029297,4.097499370574951,4.26338529586792,4.4060378074646,4.5721516609191895,4.5292744636535645,4.055589199066162,3.758091449737549,3.908231258392334,3.926100254058838,3.8812663555145264,4.0185041427612305,4.58053731918335,5.0164995193481445,4.5262250900268555,3.4174258708953857,3.378861427307129,4.428783893585205,5.371409893035889,6.087995529174805,7.28123140335083,8.904629707336426,9.332566261291504,7.464886665344238,5.103550434112549
6.134777069091797,5.946681976318359,5.680263996124268,5.271687984466553,4.57278299331665,4.676699638366699,5.808341026306152,7.026097297668457,7.891534328460693,8.486078262329102,8.488207817077637,7.39664888381958,5.7084221839904785,4.183633327484131,3.2373290061950684,2.9790170192718506,3.166317939758301,3.597612142562866,4.140241622924805,4.868904113769531,5.333650588989258,5.389102935791016,5.497715473175049,5.535032749176025,5.439320087432861,5.787298679351807,6.102214813232422,5.704824447631836,5.399024963378906,5.369582176208496,5.352965831756592,5.632615566253662,5.732405185699463,5.564340591430664,5.943958282470703,6.681317329406738,7.008425235748291,6.734974384307861,6.537844181060791,7.097874641418457,7.966629505157471,7.9966583251953125,6.873453617095947
7.370189189910889,7.121160984039307,6.552398204803467,6.263889789581299,5.744058132171631,5.151346683502197,5.408275127410889,6.050760746002197,6.388702869415283,6.7153401374816895,7.1847124099731445,7.102712631225586,6.2131476402282715,5.099503517150879,3.98370361328125,3.0909080505371094,2.9834916591644287,3.7945175170898438,4.880091667175293,5.464698791503906,5.6952619552612305,5.623276233673096,5.329836368560791,5.3822221755981445,6.016762733459473,7.518379211425781,8.19727897644043,7.614984512329102,7.223819255828857,7.138771057128906,6.269969940185547,5.883405685424805,6.317263126373291,7.5073370933532715,9.178847312927246,10.126429557800293,9.861702919006348,8.742378234863281,7.274662017822266,6.235183238983154,6.347372531890869,7.259973526000977,7.965576648712158
8.852458953857422,10.225286483764648,9.935248374938965,8.576146125793457,7.651968479156494,6.950384140014648,5.941535472869873,4.853281497955322,4.337416648864746,4.778825759887695,5.917016506195068,6.79970645904541,6.829262733459473,6.260028839111328,5.087370872497559,3.8699119091033936,3.9104621410369873,5.2848124504089355,6.423361301422119,6.5723981857299805,6.44990873336792,5.915253639221191,4.903087139129639,4.6245269775390625,5.903134822845459,8.784088134765625,9.815403938293457,8.955437660217285,8.446904182434082,8.481510162353516,7.254825592041016,6.1389594078063965,6.577151775360107,8.44282054901123,11.00389289855957,12.771526336669922,12.835494041442871,11.613214492797852,9.768498420715332,7.812210559844971,6.773308753967285,7.239973545074463,8.077593803405762
8.063788414001465,11.616437911987305,13.288723945617676,12.158012390136719,10.044147491455078,8.70969009399414,7.447475910186768,5.739342212677002,4.603695392608643,4.758554935455322,5.690133571624756,6.618529319763184,7.27658224105835,7.731765270233154,7.213198184967041,5.871974468231201,5.475790023803711,6.758522987365723,8.372400283813477,8.807563781738281,8.613045692443848,7.781623840332031,6.091863632202148,4.917045593261719,6.1285176277160645,9.502864837646484,10.97424602508545,10.0471830368042,9.215700149536133,9.247570037841797,8.252699851989746,6.8403825759887695,7.037285804748535,8.957449913024902,11.540365219116211,13.626233100891113,14.298678398132324,13.627530097961426,12.46673583984375,11.251277923583984,10.152849197387695,9.445050239562988,8.688868522644043
6.398979187011719,10.645919799804688,13.781797409057617,14.335988998413086,12.224971771240234,9.794543266296387,8.135229110717773,6.914316177368164,6.364245891571045,6.509642124176025,6.945010185241699,7.533718585968018,8.274880409240723,9.19163703918457,9.350102424621582,8.088460922241211,7.044688701629639,8.176932334899902,10.573901176452637,11.349343299865723,10.490143775939941,9.445613861083984,8.06413745880127,6.730312347412109,7.464151382446289,10.49531078338623,12.222792625427246,11.205804824829102,9.80614185333252,9.715391159057617,9.446544647216797,8.221424102783203,7.646869659423828,8.817290306091309,11.086434364318848,13.276175498962402,14.551239013671875,14.779873847961426,14.583070755004883,14.351734161376953,13.749414443969727,12.354838371276855,10.401350021362305
6.125563144683838,9.524518966674805,12.951911926269531,14.654064178466797,13.880741119384766,11.365633010864258,8.843950271606445,7.396719455718994,7.202802658081055,7.801819324493408,8.630393028259277,9.448935508728027,10.122981071472168,10.729226112365723,10.735655784606934,9.50004768371582,8.329034805297852,9.086017608642578,11.366009712219238,12.762306213378906,12.107147216796875,10.972734451293945,9.793402671813965,8.683614730834961,9.175945281982422,11.782329559326172,13.740184783935547,12.679693222045898,10.435203552246094,9.827926635742188,10.424200057983398,10.222254753112793,9.13668155670166,8.88308048248291,10.116206169128418,12.021068572998047,13.85732364654541,15.452088356018066,16.71262550354004,17.12980079650879,16.14942169189453,14.058191299438477,11.954033851623535
7.7896528244018555,9.99600887298584,12.688433647155762,14.776309967041016,15.291253089904785,13.588808059692383,10.7233304977417,8.697017669677734,8.065241813659668,8.571683883666992,9.677658081054688,10.858245849609375,11.579042434692383,11.77090072631836,11.608776092529297,10.97806453704834,10.23779010772705,10.332218170166016,11.499845504760742,12.92898178100586,13.384057998657227,12.910380363464355,11.938864707946777,10.716594696044922,10.538664817810059,12.324946403503418,14.496437072753906,14.162627220153809,11.707249641418457,10.168315887451172,10.611085891723633,11.253525733947754,10.629512786865234,9.706165313720703,9.93178939819336,11.270981788635254,13.197481155395508,15.407279014587402,17.4771785736084,18.506671905517578,17.738794326782227,15.584579467773438,13.328701972961426
9.822345733642578,11.392430305480957,13.29333782196045,15.022674560546875,15.963021278381348,15.496113777160645,13.437396049499512,11.325331687927246,10.0989351272583,9.685391426086426,10.053404808044434,10.958674430847168,11.655683517456055,11.819381713867188,11.882911682128906,12.118701934814453,12.2314453125,12.254263877868652,12.48844051361084,13.338050842285156,14.328731536865234,14.524422645568848,13.77585506439209,12.422908782958984,11.539740562438965,12.282718658447266,13.965059280395508,14.432558059692383,12.915513038635254,11.26036262512207,10.944067001342773,11.270356178283691,11.020529747009277,10.50149917602539,10.663561820983887,11.647879600524902,13.249277114868164,15.223520278930664,17.063756942749023,18.018821716308594,17.63208770751953,16.198745727539062,14.478804588317871
11.188092231750488,12.14867115020752,13.563925743103027,14.910192489624023,15.869233131408691,16.249094009399414,15.63580322265625,14.295437812805176,12.914688110351562,11.775574684143066,11.019759178161621,10.798802375793457,10.844125747680664,10.977569580078125,11.54740047454834,12.7128324508667,13.884254455566406,14.487611770629883,14.543854713439941,14.614502906799316,14.985739707946777,15.172707557678223,14.612058639526367,13.265656471252441,11.992921829223633,11.895417213439941,12.709944725036621,13.268080711364746,12.81953239440918,11.947260856628418,11.563485145568848,11.708257675170898,11.717666625976562,11.295228958129883,11.360857009887695,12.362683296203613,13.878961563110352,15.414782524108887,16.592557907104492,16.98200225830078,16.37643051147461,15.20958137512207,14.196688652038574
11.265806198120117,11.8825044631958,12.983633995056152,14.23623275756836,15.26401424407959,16.008052825927734,16.499820709228516,16.40398406982422,15.617794036865234,14.441636085510254,13.03734302520752,11.464500427246094,10.237144470214844,10.035653114318848,11.19001293182373,13.18684196472168,15.082188606262207,16.168819427490234,16.33552360534668,15.891321182250977,15.454743385314941,15.295658111572266,14.817330360412598,13.558173179626465,12.0908784866333,11.354266166687012,11.536271095275879,12.041504859924316,12.10087776184082,11.673669815063477,11.52345085144043,12.06826400756836,12.67071533203125,12.528124809265137,12.43104362487793,13.191579818725586,14.545628547668457,15.823746681213379,16.53634262084961,16.315061569213867,15.153128623962402,13.765722274780273,13.099475860595703
11.023371696472168,11.279314994812012,11.87499713897705,12.866839408874512,13.988901138305664,15.09964656829834,16.43012809753418,17.639509201049805,17.965192794799805,17.22699737548828,15.507424354553223,12.95952033996582,10.693310737609863,10.171619415283203,11.604867935180664,13.833817481994629,15.753860473632812,16.917072296142578,17.119976043701172,16.4753360748291,15.842364311218262,15.739461898803711,15.455970764160156,14.180593490600586,12.34621524810791,11.092659950256348,10.93071174621582,11.325246810913086,11.475516319274902,11.266230583190918,11.353452682495117,12.033787727355957,12.688685417175293,13.044315338134766,13.62847900390625,14.433218002319336,15.227888107299805,15.893769264221191,16.22545623779297,15.857189178466797,14.723262786865234,13.448561668395996,12.83379077911377
11.536104202270508,11.129701614379883,10.979802131652832,11.41419792175293,12.51362419128418,14.115766525268555,16.13551902770996,18.160076141357422,19.297990798950195,19.186433792114258,17.6313533782959,14.878216743469238,12.487253189086914,12.009793281555176,13.236998558044434,14.918758392333984,16.38459587097168,17.423311233520508,17.58751106262207,16.918964385986328,16.407312393188477,16.57121467590332,16.536373138427734,15.121258735656738,12.793009757995605,11.024871826171875,10.39634895324707,10.380781173706055,10.478126525878906,10.704179763793945,11.220518112182617,11.747936248779297,11.962370872497559,12.57252025604248,14.061467170715332,15.55824089050293,16.23420524597168,16.16148567199707,15.804131507873535,15.294388771057129,14.610715866088867,13.85738754272461,13.230972290039062
12.285005569458008,11.345406532287598,10.6181058883667,10.492395401000977,11.330708503723145,13.115737915039062,15.497082710266113,17.93092155456543,19.607128143310547,20.056625366210938,18.974023818969727,16.794219970703125,15.049065589904785,14.817901611328125,15.588096618652344,16.505115509033203,17.452068328857422,18.245588302612305,18.292224884033203,17.673160552978516,17.266340255737305,17.404541015625,17.257064819335938,15.71434497833252,13.113602638244629,10.930956840515137,9.69328784942627,9.167413711547852,9.27051830291748,9.924347877502441,10.674637794494629,10.894613265991211,10.694235801696777,11.307906150817871,13.479620933532715,16.01499366760254,17.34503936767578,17.009906768798828,15.906166076660156,14.94797134399414,14.3590087890625,13.790322303771973,13.147205352783203
12.765809059143066,11.893095016479492,11.110458374023438,10.56732177734375,10.709593772888184,11.964523315429688,14.16870403289795,16.688222885131836,18.688644409179688,19.49098777770996,18.905292510986328,17.60602378845215,16.790016174316406,16.946168899536133,17.521852493286133,18.048965454101562,18.640920639038086,19.192707061767578,19.160873413085938,18.460304260253906,17.776288986206055,17.50192642211914,17.0300350189209,15.515185356140137,13.112897872924805,10.789300918579102,8.998310089111328,8.059988975524902,8.332222938537598,9.4122953414917,10.297700881958008,10.25283145904541,9.498050689697266,9.519698143005371,11.791728019714355,15.215096473693848,17.58309555053711,17.690628051757812,16.264617919921875,14.704500198364258,13.654203414916992,12.891874313354492,12.608540534973145
12.966511726379395,12.48275375366211,11.96616268157959,11.526288986206055,11.349844932556152,11.846799850463867,13.176580429077148,14.917323112487793,16.47785758972168,17.44552993774414,17.620746612548828,17.30147933959961,17.151073455810547,17.534420013427734,18.144983291625977,18.55069351196289,18.832210540771484,19.1605167388916,19.15640640258789,18.488805770874023,17.626625061035156,17.003314971923828,16.233646392822266,14.760445594787598,12.56631088256836,10.074050903320312,7.977320194244385,7.148324012756348,7.6563639640808105,9.043776512145996,10.571541786193848,11.066276550292969,10.033169746398926,8.875127792358398,9.925053596496582,13.183298110961914,16.2281436920166,17.118541717529297,16.019746780395508,14.248645782470703,12.662223815917969,11.80856704711914,12.353028297424316
12.642427444458008,12.664284706115723,12.67973518371582,12.742815971374512,12.80306625366211,12.96442985534668,13.364253997802734,13.933602333068848,14.594208717346191,15.355319023132324,16.02785873413086,16.348596572875977,16.417505264282227,16.5815372467041,16.82120132446289,17.003313064575195,17.292879104614258,17.74993133544922,17.983356475830078,17.723751068115234,17.267574310302734,16.846071243286133,16.194795608520508,14.784101486206055,12.142284393310547,8.892535209655762,6.6774139404296875,6.304924964904785,7.068112850189209,8.555842399597168,10.7107572555542,12.272472381591797,11.584633827209473,9.454344749450684,8.4341459274292,10.270612716674805,13.177112579345703,14.804885864257812,14.61770248413086,13.307148933410645,11.898664474487305,11.629171371459961,12.775606155395508
11.635603904724121,12.229738235473633,12.980219841003418,13.467300415039062,13.636833190917969,13.659072875976562,13.528461456298828,13.279696464538574,13.204608917236328,13.611557960510254,14.363370895385742,14.84819507598877,14.761728286743164,14.421802520751953,14.19426441192627,14.300150871276855,14.9126615524292,15.845602989196777,16.57440757751465,16.901721954345703,17.05971908569336,17.163684844970703,17.025733947753906,15.791423797607422,12.814157485961914,9.26979923248291,7.133493900299072,6.688078880310059,7.379311561584473,8.747742652893066,10.723179817199707,12.380013465881348,11.833979606628418,9.126599311828613,6.904001712799072,7.1163411140441895,9.19321060180664,11.140830039978027,11.892273902893066,11.758418083190918,11.723355293273926,12.420930862426758,13.258455276489258
