data/wind_data/wind_Surface_38.json
{"header": {"parameterUnit": "KT", "parameterCategory": 2, "nx": 255, "ny": 198, "lo1": 44.73521041870117, "la1": -3.236724853515625, "lo2": 111.26478576660156, "la2": 43.468475341796875, "dx": 0.26192745566368103, "dy": -0.23708222806453705, "refTime": "2025-02-20 14:00:00", "forecastTime": 0, "parameterNumber": 3, "parameterNumberName": "northward_wind"}, "data":
[rows 152 to 170 of 198, columns 86 to 128 of 255]
-8.425470352172852,-2.6550023555755615,-3.2389371395111084,-7.754930019378662,-12.65918254852295,-20.43514060974121,-13.961498260498047,0.4467754364013672,3.376674175262451,2.405959129333496,3.590787410736084,1.6302001476287842,3.050933837890625,3.478036403656006,1.2109172344207764,0.7060906887054443,-3.039466619491577,-5.126189231872559,-5.520632266998291,-4.38106632232666,-2.566875696182251,-2.557755470275879,-2.396240711212158,-0.8912679553031921,-1.2711284160614014,-1.5601915121078491,-0.9318850636482239,0.7409508228302002,-1.8282793760299683,2.8778398036956787,13.124964714050293,12.542277336120605,5.1234307289123535,-6.853174209594727,-6.745563507080078,10.358841896057129,24.480134963989258,18.873794555664062,8.864991188049316,-0.3384507894515991,2.9437613487243652,4.253613471984863,8.084549903869629
-8.24273681640625,-8.902676582336426,-12.049026489257812,-11.279184341430664,-11.419694900512695,-13.714247703552246,-14.73442268371582,-6.571080684661865,-0.17049771547317505,1.8050761222839355,-0.4907473027706146,-2.413144588470459,1.1896611452102661,3.4654648303985596,0.6872402429580688,0.825934886932373,-1.5756827592849731,-5.470694541931152,-6.721805572509766,-6.122408866882324,-4.810645580291748,-2.9698500633239746,-3.6732451915740967,-6.074173450469971,-5.412232875823975,-4.772195339202881,-5.768139362335205,-4.846991539001465,-5.0581536293029785,2.007143974304199,9.291522026062012,9.654725074768066,2.8858115673065186,-5.325788497924805,-9.02208423614502,-2.6253151893615723,10.343286514282227,9.285954475402832,2.4378864765167236,0.07678252458572388,2.46227765083313,5.31756067276001,6.369660377502441
-2.336081027984619,-3.1854631900787354,-6.159249782562256,-6.749659061431885,-6.348626136779785,-8.304747581481934,-9.589335441589355,-6.39480447769165,-3.461742639541626,-6.307976722717285,-14.283378601074219,-11.689162254333496,-5.569839954376221,-3.0675108432769775,-3.5893213748931885,-3.4998154640197754,-6.545045852661133,-8.50102424621582,-8.20203685760498,-9.694080352783203,-8.596786499023438,-5.505335807800293,-3.204468250274658,-3.3573505878448486,-5.825289726257324,-4.411981582641602,-6.062674045562744,-3.821579933166504,-0.039170436561107635,1.6767828464508057,4.966649055480957,5.904270172119141,2.954880475997925,2.320991277694702,-0.13890157639980316,0.1444026678800583,5.919122219085693,6.539462566375732,-0.029111318290233612,-1.5375192165374756,4.841644287109375,5.691793441772461,0.8931789994239807
-2.5299599170684814,5.408362865447998,8.527718544006348,6.020161151885986,-3.955862522125244,-14.819540023803711,-20.34528160095215,-17.763389587402344,-14.407877922058105,-18.611318588256836,-21.469057083129883,-18.187448501586914,-14.54537582397461,-8.487112045288086,-9.257472038269043,-10.773580551147461,-14.176599502563477,-14.099029541015625,-12.116205215454102,-12.81497859954834,-12.40937328338623,-10.366141319274902,-4.424205780029297,1.1966572999954224,-2.0900299549102783,-3.6872544288635254,-3.392575740814209,-1.5145931243896484,-0.5384537577629089,0.3351936936378479,5.4610090255737305,6.919437885284424,3.4045157432556152,5.615176200866699,4.043691635131836,-0.13028912246227264,0.4054127335548401,0.1806500107049942,-0.34126710891723633,3.2535204887390137,6.66956090927124,4.643992900848389,-0.4047410190105438
-2.195507049560547,3.10052490234375,9.444867134094238,10.649773597717285,6.078155040740967,-9.886466979980469,-18.588653564453125,-24.60003089904785,-22.09360122680664,-22.0904541015625,-18.627519607543945,-21.467411041259766,-21.495027542114258,-14.318519592285156,-17.1311092376709,-14.213600158691406,-15.647337913513184,-16.435710906982422,-12.440377235412598,-10.903337478637695,-11.005515098571777,-9.867899894714355,-7.08513069152832,2.06486177444458,1.761059284210205,2.5971317291259766,3.154548406600952,1.07177734375,-3.182849168777466,-4.656116962432861,4.217806339263916,7.579774856567383,6.035455703735352,7.138740062713623,5.373958110809326,-0.42069128155708313,-2.772563934326172,-2.0528371334075928,4.030154228210449,10.596027374267578,7.234714984893799,3.335891008377075,1.5790188312530518
2.965430498123169,0.4730381667613983,1.838386058807373,5.60491943359375,9.750661849975586,8.647027969360352,0.8764737248420715,-6.77219820022583,-12.390995979309082,-10.62687873840332,-12.967352867126465,-21.048086166381836,-23.579803466796875,-17.552289962768555,-19.258756637573242,-14.405762672424316,-18.670976638793945,-15.545330047607422,-8.99581241607666,-7.226803779602051,-6.114575386047363,-6.355618476867676,-7.866623878479004,-3.3524045944213867,4.041414260864258,6.674245357513428,8.059429168701172,8.184774398803711,4.74137020111084,-0.6226499080657959,0.5958275198936462,4.422819137573242,6.494431018829346,8.718635559082031,7.613813400268555,5.160086154937744,2.3874943256378174,2.855459451675415,7.451555252075195,12.215987205505371,6.251267910003662,1.2685606479644775,-0.10943794995546341
8.153331756591797,4.749281406402588,3.0285592079162598,3.314769744873047,6.930915355682373,11.015111923217773,10.471010208129883,8.410682678222656,1.1809792518615723,-4.149509906768799,-8.979567527770996,-14.418865203857422,-13.789769172668457,-13.532132148742676,-11.915048599243164,-12.008644104003906,-17.35096549987793,-11.744711875915527,-7.191232681274414,-8.924596786499023,-8.338750839233398,-7.095067024230957,-6.596585750579834,-6.183105945587158,-1.5411726236343384,0.489560067653656,0.5906175374984741,4.433578968048096,8.422473907470703,1.6881481409072876,-1.1251589059829712,-0.217512309551239,2.550164222717285,9.395820617675781,11.177388191223145,9.942389488220215,7.761383056640625,6.665225982666016,7.212158679962158,8.562326431274414,5.844089031219482,2.202225685119629,-1.0619603395462036
8.981748580932617,5.9250102043151855,6.0027618408203125,5.087666988372803,4.897238731384277,5.505641460418701,9.19626522064209,7.337304592132568,3.8234269618988037,0.6726371645927429,-3.61725115776062,-5.962030410766602,-3.045382261276245,-1.7925734519958496,-6.40382719039917,-11.224067687988281,-12.017844200134277,-12.834305763244629,-8.646697044372559,-9.454672813415527,-12.285106658935547,-7.7204413414001465,-3.631073236465454,-4.574138641357422,-4.956918239593506,-3.8490188121795654,-2.7330265045166016,-1.2705752849578857,1.6384892463684082,2.1658380031585693,-0.2894209325313568,-1.6522201299667358,1.2972780466079712,5.128851890563965,7.898383140563965,9.320822715759277,9.209939956665039,7.505033016204834,7.11535120010376,7.588098049163818,6.341623783111572,3.3386120796203613,0.7198168635368347
4.184092044830322,2.3698015213012695,3.3805031776428223,3.727710247039795,4.155981063842773,2.398695230484009,4.40641450881958,4.814718246459961,3.7022886276245117,3.9231059551239014,5.052260875701904,3.4851651191711426,2.018105983734131,2.6384799480438232,-5.622735023498535,-13.380900382995605,-13.694843292236328,-23.620359420776367,-17.25063705444336,-4.992120742797852,-2.4795801639556885,-3.05948805809021,-1.373443603515625,0.9314268827438354,2.4496302604675293,2.0897552967071533,-0.46345633268356323,-2.491456985473633,-1.3479324579238892,3.1860156059265137,2.7817137241363525,1.4051438570022583,2.723996162414551,2.9390125274658203,1.046522855758667,2.9011247158050537,7.0064377784729,8.804428100585938,9.109274864196777,8.69090747833252,7.093403339385986,5.476898193359375,3.507598638534546
1.033183217048645,-1.4547432661056519,-1.4227368831634521,0.24465905129909515,2.101182460784912,1.8452640771865845,1.7030854225158691,4.611381530761719,5.4525017738342285,6.073310852050781,7.12652587890625,8.047225952148438,5.338024616241455,4.380450248718262,-0.08169226348400116,-6.404625415802002,-12.124065399169922,-20.15708351135254,-20.843629837036133,-12.630463600158691,0.7210375070571899,-2.977433443069458,-2.261901378631592,1.1256953477859497,3.225494623184204,1.491315484046936,-2.7683756351470947,-2.3464043140411377,-1.5022671222686768,1.8457573652267456,4.812971115112305,3.840717077255249,4.896140098571777,5.665292739868164,2.982468366622925,2.003537893295288,5.826053142547607,9.093586921691895,8.780314445495605,7.804409027099609,8.407756805419922,9.809530258178711,6.28893518447876
0.9831791520118713,-0.4728875458240509,-3.2004499435424805,-2.6974689960479736,-1.1627469062805176,-1.4614895582199097,-2.232442617416382,2.6858818531036377,6.993892669677734,7.860233306884766,7.533298492431641,8.104053497314453,8.421302795410156,8.552785873413086,11.09570598602295,5.411492347717285,1.0010055303573608,-5.35697078704834,-11.318135261535645,-18.904449462890625,-11.066056251525879,-12.168045997619629,-6.451449394226074,-4.831464767456055,-3.55682635307312,-6.228679656982422,-5.542423248291016,-0.6117338538169861,-1.4502586126327515,-1.2005919218063354,2.8913443088531494,5.386800765991211,5.760312557220459,10.207784652709961,11.454764366149902,6.6124043464660645,4.1556925773620605,5.820816993713379,7.4230241775512695,7.220843315124512,7.692187309265137,9.23838996887207,6.302802085876465
-1.5586018562316895,-0.06242689490318298,-2.536245822906494,-4.311508655548096,-4.396284103393555,-3.6601479053497314,-4.193175315856934,-1.474993348121643,3.4622600078582764,6.397384166717529,7.5014214515686035,8.580388069152832,10.834572792053223,11.4525146484375,11.039955139160156,7.570611476898193,5.40448522567749,-0.29394233226776123,-5.306690692901611,-11.01547908782959,-17.305402755737305,-15.325213432312012,-9.851241111755371,-6.394923210144043,-5.194192886352539,-3.4342703819274902,-1.3132734298706055,0.7116527557373047,0.6132534146308899,-2.9605095386505127,1.0013303756713867,7.33890438079834,9.759597778320312,11.154634475708008,11.000181198120117,9.740827560424805,11.223616600036621,10.556970596313477,10.031451225280762,8.993697166442871,8.25326156616211,7.685551166534424,6.378396511077881
-2.512247323989868,-2.302250623703003,-2.33273983001709,-3.358595371246338,-4.366818904876709,-4.629866600036621,-3.920042037963867,-3.564864158630371,-1.3069084882736206,1.9037666320800781,2.3960914611816406,4.0993499755859375,8.927071571350098,9.870652198791504,5.335150241851807,4.248696327209473,0.7959455847740173,-4.615635871887207,-4.765318870544434,-6.451463222503662,-10.82061767578125,-9.736077308654785,-9.782541275024414,-4.4994893074035645,-4.644837856292725,-0.19854016602039337,3.1082472801208496,1.9983537197113037,1.3842289447784424,-1.30650794506073,4.664775848388672,11.1433687210083,14.238380432128906,11.47044563293457,9.528410911560059,15.148090362548828,11.13547134399414,3.9668707847595215,3.8555374145507812,3.4770145416259766,3.25239896774292,1.7496311664581299,0.4104117453098297
-0.10409604012966156,-1.550650715827942,-1.2541594505310059,-1.0969051122665405,-2.6698122024536133,-4.151876926422119,-3.4577033519744873,-3.788938522338867,-3.0965540409088135,0.16391777992248535,-0.4205054044723511,-1.5443940162658691,0.7991284132003784,1.6895537376403809,0.5014354586601257,1.5951590538024902,-0.17701219022274017,-4.328759670257568,-3.75897216796875,-4.670077800750732,-5.270720958709717,-3.5786731243133545,-5.036924362182617,-3.732255697250366,-2.4783926010131836,-2.183528184890747,2.431962728500366,5.099727630615234,2.949157238006592,1.8018163442611694,5.647947788238525,9.602620124816895,11.817502975463867,11.052483558654785,13.787535667419434,11.711777687072754,-0.654784083366394,-6.585456371307373,-5.585460662841797,-4.207821846008301,-3.855778455734253,-4.884300708770752,-5.109930515289307
0.7803061008453369,0.1229604035615921,-0.63126140832901,-1.161929965019226,-2.142906665802002,-2.5023887157440186,-2.4267241954803467,-2.72456693649292,-4.115044116973877,-0.9471186995506287,1.8936455249786377,-1.0592600107192993,-3.5207552909851074,-2.8225746154785156,-0.4367167055606842,1.0942003726959229,2.224729537963867,-0.8808909058570862,-2.7172954082489014,-3.4182686805725098,-4.187703609466553,-2.7957723140716553,-1.5068117380142212,-3.0666675567626953,-0.9910309910774231,-0.21285001933574677,1.0974265336990356,5.487771034240723,6.941558361053467,6.86083459854126,8.540797233581543,11.031022071838379,6.858762741088867,5.400947093963623,8.12232780456543,5.179040431976318,-2.6679527759552,-4.368092060089111,-3.4312920570373535,-1.8671674728393555,-1.0551666021347046,-0.37978798151016235,-0.3173172175884247
-2.064084529876709,0.7387159466743469,0.7869647741317749,-0.9295349717140198,-2.2267796993255615,-2.5525906085968018,-2.1733508110046387,-2.084571361541748,-4.600653648376465,-3.241743803024292,2.0995376110076904,0.9618324637413025,-0.7569652795791626,-1.0693936347961426,0.4075931906700134,1.062527060508728,0.6112598776817322,-3.4509570598602295,-4.179774761199951,-4.8315277099609375,-4.025365829467773,-2.748322010040283,-0.038812194019556046,1.4750066995620728,0.041427526623010635,1.7810159921646118,1.4929685592651367,3.2317988872528076,6.264176845550537,12.360520362854004,6.521698474884033,7.430217266082764,6.034842491149902,3.0338211059570312,1.9020094871520996,3.511461019515991,-2.1034841537475586,-2.867454767227173,0.42370840907096863,0.9459251761436462,0.22317232191562653,0.5613411664962769,1.036252737045288
-7.02985143661499,-3.712587356567383,0.10950341820716858,0.19179651141166687,-1.532920479774475,-3.5395021438598633,-3.707355499267578,-2.5144708156585693,-3.751555919647217,-4.393355369567871,-0.04907440021634102,0.5139392018318176,-0.09813325852155685,-1.1355656385421753,-0.8921664953231812,-0.32077741622924805,-2.660552501678467,-3.929335117340088,-4.485956192016602,-6.575616359710693,-8.364489555358887,-6.146909236907959,-8.376642227172852,-2.724667549133301,0.7390164732933044,0.424230694770813,2.1363003253936768,3.5304317474365234,2.115039587020874,4.6229166984558105,-1.2002217769622803,-5.42395544052124,0.7057565450668335,2.334310293197632,1.0112102031707764,0.455234557390213,-2.4552109241485596,-3.1119191646575928,0.28268465399742126,2.0220556259155273,-0.5557625889778137,-1.5415517091751099,-2.3220763206481934
-8.551385879516602,-9.3066987991333,-4.793800354003906,-0.8813735246658325,-0.7887975573539734,-2.109203338623047,-3.20768141746521,-2.5331509113311768,-3.3403353691101074,-4.59089469909668,-1.5781209468841553,0.12606945633888245,0.23470978438854218,-0.2519523501396179,-0.7935463190078735,-1.187697410583496,-1.9239845275878906,-0.8093923926353455,0.5894536375999451,-0.6154071092605591,-5.952673435211182,-5.85843563079834,-10.800421714782715,-6.116000652313232,-2.7908694744110107,-0.3560236692428589,3.4721920490264893,6.673375606536865,3.0610177516937256,-1.5792431831359863,-9.480766296386719,-12.382832527160645,-5.7254767417907715,-0.33136945962905884,0.1505611538887024,-0.49013108015060425,-3.508334159851074,-4.849336624145508,-2.8131611347198486,-0.7900888919830322,-2.968914270401001,-2.9762473106384277,-2.8049278259277344
-6.191796779632568,-9.802135467529297,-8.616930961608887,-3.811807632446289,-0.5038961172103882,-1.4728598594665527,-2.385767936706543,-2.262049674987793,-3.681957483291626,-5.294155120849609,-3.3365371227264404,-1.1733577251434326,0.8304624557495117,3.9751415252685547,5.305439472198486,0.586047887802124,0.19062739610671997,0.80791175365448,1.4654604196548462,2.7407474517822266,2.5327341556549072,0.7133834958076477,-0.9841259717941284,-1.6922757625579834,-6.781034469604492,-3.4243733882904053,0.1774386167526245,6.053172588348389,4.340512752532959,-0.538896381855011,-5.962480068206787,-3.337171792984009,-0.005546328146010637,1.767207384109497,3.249222755432129,1.0858079195022583,-4.198181629180908,-5.882413864135742,-4.079831123352051,-1.8278969526290894,-3.012918710708618,-2.7665457725524902,-2.258817195892334
