data/wind_data/wind_65_7.json
{"header": {"parameterUnit": "KT", "parameterCategory": 2, "nx": 256, "ny": 198, "lo1": 44.73521041870117, "la1": -3.236724853515625, "lo2": 111.26478576660156, "la2": 43.468475341796875, "dx": 0.2609002888202667, "dy": -0.23708222806453705, "refTime": "2025-02-21 17:00:00", "forecastTime": 0, "parameterNumber": 2, "parameterNumberName": "eastward_wind"}, "data":
[rows 100 to 119 of 198, columns 0 to 43 of 256]
87.44100189208984,87.25016021728516,87.70543670654297,87.87519836425781,89.43029022216797,90.94776153564453,91.77684020996094,92.03684997558594,91.92942810058594,91.68014526367188,91.53223419189453,91.51956176757812,91.58267211914062,91.79198455810547,92.16998291015625,92.58311462402344,92.925048828125,93.1875228881836,93.39595794677734,93.65608215332031,94.12845611572266,94.83037567138672,95.6329574584961,96.32193756103516,96.61640167236328,96.31664276123047,95.57379913330078,94.99732208251953,95.12519073486328,95.87665557861328,96.6205825805664,96.86270141601562,96.67047119140625,96.40636444091797,96.28843688964844,96.07601165771484,95.46975708007812,95.05796813964844,95.3057861328125,95.43601989746094,95.09010314941406,95.17440795898438,95.93597412109375,96.07705688476562
89.62971496582031,89.36528778076172,89.84046173095703,89.93042755126953,91.412109375,93.11080932617188,94.06976318359375,94.25797271728516,93.90605163574219,93.33096313476562,93.06067657470703,93.35093688964844,93.77857971191406,94.03207397460938,94.31970977783203,94.70753479003906,95.1023941040039,95.46440887451172,95.69799041748047,95.88109588623047,96.35025024414062,97.29180908203125,98.51925659179688,99.5422134399414,99.84686279296875,99.44818115234375,98.75672149658203,98.17986297607422,98.03453063964844,98.46804809570312,99.24996948242188,99.75702667236328,99.72235107421875,99.42674255371094,99.11125946044922,98.78009796142578,98.07853698730469,97.0718765258789,96.59989929199219,96.91000366210938,97.4688720703125,97.91670989990234,98.15162658691406,97.81713104248047
91.71880340576172,90.65403747558594,91.00347137451172,91.69851684570312,93.32660675048828,95.13470458984375,96.12596130371094,96.29692840576172,95.8941421508789,95.16282653808594,94.61260223388672,94.8511962890625,95.53327178955078,95.91629028320312,96.12057495117188,96.51888275146484,97.12364959716797,97.82038116455078,98.39910888671875,98.82693481445312,99.36003875732422,100.25125885009766,101.5789566040039,102.8292236328125,103.20835876464844,102.82217407226562,102.303955078125,101.85688781738281,101.48682403564453,101.42618560791016,101.87277221679688,102.4471206665039,102.5869140625,102.24336242675781,101.6359634399414,101.08033752441406,100.48228454589844,99.36270904541016,98.35558319091797,98.57756042480469,99.80442810058594,100.756103515625,100.71282958984375,100.0215072631836
93.78074645996094,92.69796752929688,93.01495361328125,94.00927734375,95.76467895507812,97.458984375,98.28650665283203,98.4265365600586,98.05509185791016,97.17472076416016,96.2330322265625,96.1808853149414,96.97905731201172,97.65174865722656,98.09607696533203,98.84174346923828,99.92068481445312,100.98795318603516,101.78666687011719,102.36074829101562,102.89517974853516,103.5754623413086,104.72074890136719,106.02972412109375,106.62250518798828,106.42728424072266,105.95713806152344,105.4384536743164,104.90914154052734,104.5019302368164,104.47260284423828,104.78018951416016,104.93893432617188,104.60408782958984,103.87423706054688,103.16256713867188,102.69458770751953,101.9305648803711,100.92428588867188,100.82080841064453,102.11491394042969,103.4964370727539,103.58940124511719,102.6717758178711
95.77776336669922,95.22484588623047,95.66716766357422,96.66532135009766,98.51524353027344,99.85115051269531,100.41481018066406,100.64965057373047,100.47145080566406,99.5888671875,98.36420440673828,97.91270446777344,98.70858764648438,99.94074249267578,101.04373168945312,102.28636169433594,103.72307586669922,104.93096923828125,105.6220932006836,106.06217193603516,106.53834533691406,107.09228515625,108.00837707519531,109.15528106689453,109.79447937011719,109.72193145751953,109.21653747558594,108.56181335449219,107.92860412597656,107.36077117919922,106.96288299560547,106.82322692871094,106.80018615722656,106.62305450439453,106.1629867553711,105.5443115234375,105.08264923095703,104.63047790527344,103.85591888427734,103.50190734863281,104.48043060302734,105.89419555664062,106.28947448730469,105.3593521118164
98.04143524169922,97.66271209716797,98.38195037841797,99.48810577392578,101.39845275878906,102.4500732421875,102.72509765625,103.15846252441406,103.44925689697266,102.8583755493164,101.52587127685547,100.5983657836914,101.15520477294922,102.87360382080078,104.8047866821289,106.58784484863281,108.09673309326172,109.0787124633789,109.44651794433594,109.65837097167969,110.124267578125,110.68550872802734,111.36114501953125,112.05459594726562,112.31766510009766,112.09475708007812,111.62559509277344,111.11280059814453,110.60380554199219,110.0240249633789,109.37632751464844,108.78105926513672,108.4084243774414,108.32772064208984,108.38424682617188,108.22457885742188,107.83023834228516,107.379638671875,106.71002197265625,106.28019714355469,106.82484436035156,107.89295196533203,108.3965072631836,107.53056335449219
100.57109832763672,100.23065185546875,101.23212432861328,102.44676971435547,104.18173217773438,105.07575225830078,105.40420532226562,106.13681030273438,106.93389129638672,106.84449005126953,105.65294647216797,104.34821319580078,104.44316864013672,106.20938873291016,108.76869201660156,111.14652252197266,112.6397933959961,113.07038116455078,112.80367279052734,112.72564697265625,113.3582534790039,114.12150573730469,114.53953552246094,114.55667114257812,114.1391372680664,113.55143737792969,113.16706848144531,113.0446548461914,112.9035873413086,112.4523696899414,111.64058685302734,110.70697784423828,110.06683349609375,109.99646759033203,110.37174224853516,110.6989517211914,110.62620544433594,110.2259750366211,109.60102844238281,109.02555847167969,109.0123291015625,109.54729461669922,109.6595458984375,108.64701843261719
103.71163177490234,103.5270004272461,104.65493774414062,105.81344604492188,107.10674285888672,107.96235656738281,108.55400085449219,109.70280456542969,111.10794830322266,111.4451904296875,110.22985076904297,108.64684295654297,108.25566864013672,109.67158508300781,112.34964752197266,114.96814727783203,116.34337615966797,116.2661361694336,115.44363403320312,115.13541412353516,115.97332763671875,116.96367645263672,117.09290313720703,116.43881225585938,115.5145034790039,114.70243072509766,114.32304382324219,114.44727325439453,114.62477111816406,114.34650421142578,113.56373596191406,112.66741180419922,112.12157440185547,112.0498046875,112.29157257080078,112.63272094726562,112.82805633544922,112.73516082763672,112.22122955322266,111.4528579711914,110.89811706542969,110.50323486328125,109.73079681396484,108.62388610839844
107.84432220458984,107.78626251220703,108.94059753417969,109.88688659667969,110.53555297851562,111.23902893066406,112.06507873535156,113.39881134033203,114.9577865600586,115.4693374633789,114.4544448852539,112.81491088867188,111.86276245117188,112.6098861694336,115.0798568725586,117.67707824707031,118.84768676757812,118.52393341064453,117.5606460571289,117.15023040771484,117.9537353515625,118.9343490600586,118.76921844482422,117.60385131835938,116.56117248535156,116.01121520996094,115.76055145263672,115.77415466308594,115.82791137695312,115.62706756591797,115.1568603515625,114.67384338378906,114.44561767578125,114.38309478759766,114.28624725341797,114.23741149902344,114.32133483886719,114.31688690185547,113.89218139648438,112.97557830810547,111.76726531982422,110.31415557861328,108.88687896728516,107.80650329589844
111.88174438476562,111.80219268798828,112.9190673828125,113.69629669189453,113.83690643310547,114.19226837158203,115.09272003173828,116.48003387451172,117.72893524169922,118.06448364257812,117.40685272216797,116.23336791992188,115.22042083740234,115.43136596679688,117.35751342773438,119.55274200439453,120.387939453125,119.97684478759766,119.06529998779297,118.59814453125,119.2276382446289,120.17242431640625,119.97138214111328,118.58528137207031,117.53902435302734,117.46743774414062,117.64930725097656,117.55750274658203,117.21168518066406,116.85304260253906,116.63621520996094,116.49552154541016,116.40867614746094,116.29344940185547,116.02444458007812,115.62743377685547,115.25432586669922,114.93069458007812,114.30294036865234,113.01190185546875,111.20238494873047,109.33782196044922,107.8316650390625,106.70918273925781
115.24964141845703,115.05668640136719,116.04373168945312,116.7539291381836,116.71851348876953,116.80078887939453,117.8181381225586,119.17761993408203,119.8539047241211,119.78793334960938,119.45161437988281,118.96065521240234,118.27669525146484,118.04299926757812,119.05287170410156,120.5163803100586,121.14876556396484,120.85363006591797,120.1104736328125,119.70698547363281,120.27703857421875,121.30888366699219,121.36289978027344,120.0859603881836,118.9656753540039,119.06378173828125,119.66344451904297,119.71489715576172,119.14265441894531,118.52427673339844,118.20098876953125,117.96514892578125,117.647216796875,117.32572174072266,116.96862030029297,116.41446685791016,115.63533020019531,114.78115844726562,113.64264678955078,111.86356353759766,109.78106689453125,108.04301452636719,106.70952606201172,105.40892028808594
118.36243438720703,118.05804443359375,118.85249328613281,119.4874038696289,119.55662536621094,119.74837493896484,120.58736419677734,121.41461944580078,121.85334777832031,121.9466781616211,121.6645278930664,121.15821838378906,120.54319763183594,120.10169982910156,120.38514709472656,121.19770812988281,121.85208892822266,121.94315338134766,121.5112075805664,121.26905059814453,121.82804107666016,122.85972595214844,123.08415985107422,121.92989349365234,120.60631561279297,120.55351257324219,121.41051483154297,121.77731323242188,121.20059204101562,120.29841613769531,119.59211730957031,118.9853744506836,118.25080871582031,117.52645874023438,116.9330825805664,116.34183502197266,115.46881866455078,114.25442504882812,112.53458404541016,110.30012512207031,108.16329193115234,106.65019989013672,105.542724609375,104.27571868896484
121.4466781616211,121.17076110839844,121.84879302978516,122.40491485595703,122.59636688232422,122.91795349121094,123.26886749267578,123.44051361083984,123.90570831298828,124.39547729492188,124.1528091430664,123.30286407470703,122.36817932128906,121.79118347167969,121.92223358154297,122.57872772216797,123.24869537353516,123.44583892822266,123.20497131347656,123.33552551269531,124.02339935302734,124.6846923828125,124.51947784423828,123.30248260498047,121.95153045654297,121.86104583740234,122.83831024169922,123.35620880126953,122.7159423828125,121.51139068603516,120.44215393066406,119.4984359741211,118.40156555175781,117.26750946044922,116.43470764160156,115.80760955810547,114.92703247070312,113.46489715576172,111.33116149902344,108.795654296875,106.68283081054688,105.42389678955078,104.49396514892578,103.25470733642578
124.22308349609375,123.85184478759766,124.50711059570312,125.05545043945312,125.23875427246094,125.35226440429688,125.20956420898438,125.22285461425781,125.92443084716797,126.55580139160156,126.22572326660156,125.14759063720703,124.05424499511719,123.5709228515625,123.80132293701172,124.33546447753906,124.746337890625,124.74281311035156,124.7064437866211,125.4493408203125,126.2117691040039,126.10413360595703,125.3879623413086,124.37561798095703,123.4397201538086,123.3225326538086,123.95431518554688,124.19303894042969,123.37036895751953,121.93177795410156,120.55364990234375,119.34371185302734,118.0758056640625,116.85150909423828,115.97911834716797,115.26709747314453,114.20182037353516,112.45124816894531,110.06195068359375,107.48210906982422,105.4325180053711,104.26475524902344,103.4951171875,102.22916412353516
126.24006652832031,125.58833312988281,126.21341705322266,126.88782501220703,127.0501708984375,126.8466567993164,126.5671157836914,126.87032318115234,127.75370788574219,128.21798706054688,127.719482421875,126.72999572753906,125.96173095703125,125.71521759033203,125.78507232666016,125.8849105834961,125.89604949951172,125.85653686523438,126.29452514648438,127.44258117675781,127.8408203125,127.12255859375,126.33409118652344,125.78837585449219,125.16459655761719,124.61216735839844,124.47626495361328,124.3202133178711,123.45374298095703,121.8980941772461,120.16878509521484,118.63085174560547,117.35087585449219,116.3274917602539,115.46276092529297,114.49111938476562,113.15087127685547,111.32612609863281,109.0018539428711,106.46501922607422,104.34593200683594,103.06463623046875,102.37859344482422,101.20947265625
127.98487091064453,127.05293273925781,127.59906005859375,128.5024871826172,128.69949340820312,128.31591796875,128.26318359375,128.99057006835938,129.64495849609375,129.47885131835938,128.96888732910156,128.61993408203125,128.3347930908203,127.97602844238281,127.65647888183594,127.3974380493164,127.29927825927734,127.58468627929688,128.3433380126953,128.96849060058594,128.67543029785156,127.95111083984375,127.53118133544922,127.20030212402344,126.3554916381836,125.2188491821289,124.57000732421875,124.28162384033203,123.49952697753906,121.89527130126953,119.8380355834961,117.9416275024414,116.54891967773438,115.4953384399414,114.4049301147461,113.09027099609375,111.6116943359375,109.97425842285156,108.05867004394531,105.80725860595703,103.61297607421875,102.06269836425781,101.23038482666016,100.22545623779297
130.27020263671875,129.0915985107422,129.46218872070312,130.47279357910156,130.55638122558594,130.14991760253906,130.59872436523438,131.4424285888672,131.41683959960938,130.8970184326172,130.7694549560547,130.85360717773438,130.59600830078125,130.12644958496094,129.62789916992188,129.21372985839844,129.27713012695312,129.817138671875,130.0457763671875,129.5629425048828,128.91592407226562,128.66664123535156,128.62161254882812,128.20472717285156,127.13198852539062,125.81714630126953,124.91812133789062,124.46349334716797,123.64917755126953,121.95218658447266,119.58387756347656,117.27301788330078,115.5514144897461,114.17061614990234,112.69053649902344,111.11389923095703,109.62830352783203,108.27352905273438,106.90283203125,105.2700424194336,103.36705780029297,101.62281799316406,100.40203857421875,99.32752227783203
132.83212280273438,131.32656860351562,131.5003204345703,132.3975372314453,132.34234619140625,132.16326904296875,132.91055297851562,133.48805236816406,133.27053833007812,133.0172119140625,133.04400634765625,132.93345642089844,132.5931854248047,132.1251983642578,131.45753479003906,131.1348114013672,131.52023315429688,131.72799682617188,131.00784301757812,129.9990997314453,129.54180908203125,129.66163635253906,129.79122924804688,129.42752075195312,128.3746337890625,126.87259674072266,125.45868682861328,124.3887939453125,123.21733856201172,121.36690521240234,118.82571411132812,116.21684265136719,114.07005310058594,112.26976776123047,110.57826232910156,109.07535552978516,107.8182373046875,106.70614624023438,105.62821960449219,104.4467544555664,103.03366088867188,101.4741439819336,100.04015350341797,98.72929382324219
135.5029296875,133.98739624023438,133.99774169921875,134.5121612548828,134.4143829345703,134.51353454589844,135.08238220214844,135.39718627929688,135.4220733642578,135.44789123535156,135.33628845214844,134.98577880859375,134.5069122314453,133.7967529296875,133.15414428710938,133.3218536376953,133.7187957763672,133.34271240234375,132.27687072753906,131.2220916748047,130.75552368164062,130.90187072753906,131.10797119140625,130.731201171875,129.41470336914062,127.39472198486328,125.2830810546875,123.46165466308594,121.75052642822266,119.77669525146484,117.43209075927734,114.9169921875,112.48920440673828,110.28807830810547,108.50552368164062,107.29833221435547,106.5302963256836,105.8305435180664,104.86235809326172,103.6061782836914,102.2628402709961,100.91188049316406,99.55030822753906,98.25668334960938
138.24266052246094,136.89463806152344,136.72067260742188,136.74656677246094,136.5204315185547,136.54405212402344,136.86886596679688,137.09315490722656,137.2315673828125,137.34884643554688,137.2428741455078,136.90127563476562,136.2694091796875,135.46444702148438,135.22048950195312,135.5731201171875,135.77114868164062,135.26454162597656,134.06475830078125,132.7739715576172,132.03150939941406,131.86453247070312,131.67242431640625,130.82080078125,129.0257110595703,126.55587768554688,123.97924041748047,121.6675796508789,119.61774444580078,117.6717529296875,115.6957778930664,113.53216552734375,111.15392303466797,108.85631561279297,107.09017944335938,106.13648986816406,105.86658477783203,105.69388580322266,104.9244384765625,103.41632080078125,101.64478302001953,100.01824951171875,98.6131820678711,97.48145294189453
