data/wind_data/wind_Surface_67.json
{"header": {"parameterUnit": "KT", "parameterCategory": 2, "nx": 255, "ny": 198, "lo1": 44.73521041870117, "la1": -3.236724853515625, "lo2": 111.26478576660156, "la2": 43.468475341796875, "dx": 0.26192745566368103, "dy": -0.23708222806453705, "refTime": "2025-02-21 19:00:00", "forecastTime": 0, "parameterNumber": 3, "parameterNumberName": "northward_wind"}, "data":
[rows 95 to 113 of 198, columns 0 to 42 of 255]
2.3327431678771973,1.0485798120498657,0.9418931603431702,0.4067407250404358,-1.2770326137542725,-1.3336623907089233,-2.450751304626465,-3.8504371643066406,-4.693734645843506,-5.52453088760376,-6.5457634925842285,-7.291137218475342,-7.437093257904053,-7.301482200622559,-7.231754779815674,-7.219346523284912,-7.333856105804443,-7.606875419616699,-8.100139617919922,-8.892767906188965,-9.779786109924316,-10.423928260803223,-10.80005931854248,-11.07275104522705,-11.40656852722168,-11.76700210571289,-11.881851196289062,-11.459311485290527,-10.218131065368652,-8.994118690490723,-8.440738677978516,-6.640547275543213,-2.370743751525879,0.2633190453052521,3.7496883869171143,5.359348773956299,6.7711873054504395,7.446002960205078,8.628911972045898,8.935164451599121,8.917819023132324,9.047945976257324,9.550951957702637
2.6049115657806396,1.0056565999984741,1.33661687374115,1.6945284605026245,0.14475557208061218,-0.33153584599494934,-0.7947434782981873,-1.9986910820007324,-3.1039223670959473,-4.0159406661987305,-5.4562506675720215,-6.770112037658691,-7.241818904876709,-7.09615421295166,-7.029351711273193,-7.150257587432861,-7.457557201385498,-7.669541835784912,-7.720864772796631,-7.97783088684082,-8.685609817504883,-9.510293960571289,-10.291800498962402,-10.908683776855469,-11.329449653625488,-11.6972017288208,-12.00152587890625,-12.139236450195312,-11.830513954162598,-10.773638725280762,-9.251153945922852,-8.208759307861328,-5.774876117706299,-2.08205246925354,1.6417218446731567,5.301968574523926,7.02970552444458,7.376687526702881,7.439406871795654,7.635622024536133,7.595036029815674,8.551553726196289,8.891935348510742
3.633399486541748,2.042539596557617,1.923556923866272,2.630838394165039,1.5198713541030884,0.15992403030395508,-0.11372469365596771,0.004533459432423115,-1.228280782699585,-2.585958957672119,-4.147148132324219,-5.959269046783447,-6.854104995727539,-6.950079917907715,-6.871051788330078,-6.982223033905029,-7.374997138977051,-7.860551834106445,-7.9276018142700195,-7.719133377075195,-7.973095417022705,-8.6199312210083,-9.46374797821045,-10.232393264770508,-10.795954704284668,-11.329841613769531,-11.735808372497559,-11.797593116760254,-11.822256088256836,-11.73280143737793,-10.862054824829102,-9.74319839477539,-7.1313982009887695,-4.93228006362915,-1.4930129051208496,3.04795503616333,6.346774578094482,7.17529296875,6.766741752624512,7.259944915771484,7.290546417236328,7.86931037902832,8.036291122436523
4.7939252853393555,3.4828193187713623,2.8085849285125732,3.350832462310791,2.8935739994049072,0.4014912545681,-0.6873170733451843,0.5525131821632385,-0.31663352251052856,-2.104057550430298,-3.564208507537842,-5.151515960693359,-6.276477336883545,-6.7640581130981445,-6.8064775466918945,-6.755224227905273,-7.145205020904541,-7.726634502410889,-8.091675758361816,-8.147281646728516,-8.287576675415039,-8.401877403259277,-8.742603302001953,-9.292388916015625,-9.74557113647461,-10.343585968017578,-11.031349182128906,-11.371782302856445,-11.289990425109863,-11.122230529785156,-10.760479927062988,-9.8842134475708,-8.82582950592041,-6.666012763977051,-5.3524322509765625,-3.1971936225891113,1.8575512170791626,5.764988899230957,7.089385509490967,7.228294849395752,6.840773582458496,6.871185302734375,6.800217628479004
5.207858085632324,4.111838340759277,3.532794952392578,3.5347650051116943,2.8822879791259766,0.2733745574951172,-1.753493070602417,-1.260341763496399,-1.5562187433242798,-2.721498489379883,-3.7162115573883057,-4.794827938079834,-5.827245712280273,-6.491545677185059,-6.617769718170166,-6.501399517059326,-6.631716251373291,-7.070677280426025,-7.527204513549805,-8.073592185974121,-8.422769546508789,-8.273138046264648,-8.156171798706055,-8.396398544311523,-8.700096130371094,-9.067848205566406,-9.503056526184082,-10.01069450378418,-10.53900146484375,-10.44252872467041,-9.789939880371094,-8.98633861541748,-8.68327522277832,-8.10157299041748,-6.386887550354004,-6.2581610679626465,-5.969903945922852,-0.19967688620090485,6.165216445922852,7.118253707885742,5.8289618492126465,6.232045650482178,6.031002998352051
5.088727951049805,4.173730373382568,3.6937074661254883,3.2813377380371094,2.2858235836029053,0.5025919079780579,-2.4224915504455566,-3.1857662200927734,-2.7995738983154297,-3.083249568939209,-3.8813061714172363,-4.854292869567871,-5.587409496307373,-5.7833967208862305,-6.499049663543701,-6.453946590423584,-6.221673488616943,-6.1202778816223145,-6.59943962097168,-7.134722709655762,-7.561522960662842,-7.80270528793335,-7.873348712921143,-7.941609859466553,-8.019486427307129,-8.202010154724121,-8.322197914123535,-8.611298561096191,-9.361968994140625,-9.790708541870117,-9.672682762145996,-9.276337623596191,-9.20206356048584,-8.625045776367188,-6.921283721923828,-5.922729015350342,-6.590761184692383,-6.102390289306641,0.6615400314331055,5.345489501953125,5.301028251647949,6.191951751708984,5.367063522338867
5.166949272155762,4.140700340270996,3.029285192489624,2.2250545024871826,2.1431753635406494,1.125260591506958,-1.3881057500839233,-3.468510627746582,-2.8643031120300293,-2.6223199367523193,-3.392867088317871,-4.604784965515137,-5.5631914138793945,-5.401454448699951,-6.486357688903809,-6.937047481536865,-6.501218795776367,-5.72271728515625,-5.893093109130859,-6.538936138153076,-7.0711283683776855,-7.732937335968018,-7.948427200317383,-7.848268985748291,-7.861436367034912,-7.99622917175293,-7.942652702331543,-8.053647994995117,-8.607755661010742,-9.287069320678711,-9.98110294342041,-10.296609878540039,-10.587194442749023,-9.989413261413574,-7.939538955688477,-6.98011589050293,-6.365915298461914,-6.389260768890381,-4.675955772399902,3.747563600540161,6.1047844886779785,5.890298366546631,4.609222412109375
5.096901893615723,3.891813039779663,1.7891864776611328,0.43703582882881165,1.7546347379684448,2.31758975982666,0.9358252286911011,-1.6972719430923462,-2.179957389831543,-1.678564429283142,-2.430480480194092,-3.7427256107330322,-5.042638778686523,-5.249145984649658,-6.2241435050964355,-7.187976837158203,-6.658431529998779,-5.917187213897705,-5.840041637420654,-6.748866081237793,-7.547952175140381,-8.351425170898438,-8.284048080444336,-7.881228923797607,-8.037602424621582,-8.323920249938965,-8.012226104736328,-8.063294410705566,-8.42089557647705,-9.083032608032227,-10.168314933776855,-10.914514541625977,-11.240180969238281,-10.934115409851074,-9.7785005569458,-8.645026206970215,-9.015742301940918,-7.542712211608887,-6.054771423339844,2.580887794494629,6.457892417907715,5.842015743255615,4.089219093322754
3.8488552570343018,2.9036519527435303,0.9153838753700256,-0.04875992611050606,1.4433587789535522,2.1713287830352783,1.3139923810958862,-0.8823254704475403,-1.689084768295288,-0.7312401533126831,-1.4022425413131714,-2.8568661212921143,-4.278293609619141,-4.941610336303711,-5.958698272705078,-7.0907721519470215,-6.550302028656006,-5.682724475860596,-6.048042297363281,-7.0795512199401855,-8.0850191116333,-9.039322853088379,-8.974237442016602,-8.433183670043945,-8.469680786132812,-8.789766311645508,-8.395337104797363,-8.781692504882812,-9.177022933959961,-9.134092330932617,-9.826396942138672,-10.699944496154785,-11.115301132202148,-11.22264575958252,-10.325517654418945,-9.768936157226562,-10.007352828979492,-8.626869201660156,-7.3287835121154785,-1.0541917085647583,5.24587345123291,5.490311622619629,3.715130567550659
1.967124581336975,1.4618127346038818,0.5978507399559021,0.8172986507415771,1.1053351163864136,-0.3698269724845886,-1.5630382299423218,-3.2227795124053955,-2.9881341457366943,-0.7814720869064331,-0.5855868458747864,-2.303910970687866,-3.655421495437622,-4.391820430755615,-5.567709445953369,-6.682052135467529,-6.330468654632568,-5.749165058135986,-5.688368320465088,-6.630754470825195,-7.792186737060547,-9.124303817749023,-9.412927627563477,-8.963485717773438,-8.634648323059082,-8.795918464660645,-8.676648139953613,-9.168892860412598,-9.738951683044434,-9.54625415802002,-9.479354858398438,-10.239094734191895,-10.620477676391602,-10.257401466369629,-9.208480834960938,-8.81668758392334,-8.925261497497559,-8.068432807922363,-7.519244194030762,-6.2139739990234375,0.1385335773229599,3.6350619792938232,2.8957126140594482
1.0106256008148193,0.45914778113365173,0.3878311216831207,1.1559659242630005,0.9086840748786926,-1.3760696649551392,-2.9177699089050293,-4.748916149139404,-4.920627593994141,-1.8687351942062378,-0.15080398321151733,-1.5815728902816772,-3.0484585762023926,-3.715627908706665,-4.6890363693237305,-5.63191556930542,-5.750810146331787,-5.487427711486816,-5.255008697509766,-5.871588230133057,-6.9971022605896,-8.320389747619629,-9.118732452392578,-8.932418823242188,-8.286888122558594,-8.10153579711914,-8.142455101013184,-8.78392505645752,-9.963576316833496,-9.923782348632812,-9.936878204345703,-9.672483444213867,-8.94770336151123,-8.023438453674316,-7.292355060577393,-7.149425029754639,-7.47776460647583,-7.251004695892334,-7.035192489624023,-7.10224723815918,-4.660947799682617,0.4678281545639038,2.1995818614959717
1.2626539468765259,0.5767672061920166,0.4776286482810974,0.7695819139480591,0.45156198740005493,-0.6734687685966492,-1.0579785108566284,-3.0480797290802,-4.364910125732422,-2.418078899383545,-0.23862823843955994,-0.41471216082572937,-2.2779736518859863,-3.0482118129730225,-3.965137481689453,-4.882474899291992,-5.275766849517822,-5.2415900230407715,-4.968856334686279,-5.409341335296631,-6.43297004699707,-7.207799911499023,-7.966529369354248,-8.328080177307129,-8.075413703918457,-7.502133846282959,-7.3225483894348145,-8.052818298339844,-9.851019859313965,-9.21747875213623,-9.322714805603027,-9.303881645202637,-7.01271915435791,-6.16324520111084,-5.934659481048584,-5.9194464683532715,-5.668721675872803,-5.4520063400268555,-5.509305953979492,-5.095008850097656,-4.123871326446533,-1.402643084526062,2.3814432621002197
1.891466498374939,1.0717157125473022,0.5956547260284424,0.4079355299472809,0.3183876872062683,-0.03327467665076256,0.3954271078109741,-0.6584715843200684,-2.656630754470825,-2.7555489540100098,-1.2376221418380737,-0.4681044816970825,-2.1400015354156494,-3.1353394985198975,-3.99294376373291,-5.032453536987305,-5.267824649810791,-4.9163336753845215,-4.606537342071533,-4.975075721740723,-6.109498023986816,-6.57057523727417,-6.8022260665893555,-7.113115310668945,-7.509893894195557,-7.654169082641602,-8.731335639953613,-8.298638343811035,-11.924396514892578,-10.316786766052246,-9.057961463928223,-8.798391342163086,-8.280804634094238,-8.041144371032715,-7.399470329284668,-6.660654067993164,-6.008772373199463,-4.96537971496582,-3.845510959625244,-2.154557466506958,-0.22404798865318298,0.7236827611923218,3.2487332820892334
2.3112056255340576,1.3290387392044067,0.22444738447666168,0.018407952040433884,0.6182950735092163,0.2083066999912262,-0.13971807062625885,-0.8933032751083374,-2.537768840789795,-3.1733803749084473,-2.270906925201416,-2.3117852210998535,-3.104132890701294,-3.9841725826263428,-4.430479526519775,-5.083319664001465,-5.046641826629639,-4.537184715270996,-4.078444004058838,-4.632003307342529,-5.808277606964111,-6.20928955078125,-6.177272796630859,-6.159653186798096,-6.569210052490234,-7.889194011688232,-11.741742134094238,-11.351941108703613,-13.521053314208984,-11.868535041809082,-11.81127643585205,-12.242215156555176,-12.53855037689209,-12.80241584777832,-11.87662124633789,-10.78484058380127,-9.609357833862305,-6.168001174926758,-4.336089134216309,-1.6170700788497925,2.76774525642395,3.7494442462921143,4.177670001983643
2.4364523887634277,1.2620267868041992,-0.1716727465391159,-0.30651426315307617,0.8236944675445557,0.16137249767780304,-0.24515075981616974,-1.3833516836166382,-3.1310548782348633,-3.3310928344726562,-2.812736749649048,-3.5591626167297363,-3.636411190032959,-4.176510334014893,-4.710073947906494,-5.489917278289795,-5.162576198577881,-4.653436183929443,-3.9025702476501465,-4.342450141906738,-5.569849967956543,-5.924249649047852,-6.135523319244385,-5.799879550933838,-6.110373020172119,-7.515743732452393,-12.666982650756836,-13.102499961853027,-13.537364959716797,-12.543716430664062,-12.978972434997559,-12.336018562316895,-12.697446823120117,-12.90341854095459,-12.656843185424805,-12.143351554870605,-11.372289657592773,-10.310956001281738,-6.741589069366455,-3.746066093444824,3.170133590698242,5.060987949371338,5.066708087921143
2.135549545288086,0.931498646736145,-0.09998676180839539,-0.07223144918680191,1.576181411743164,0.9735615253448486,1.568278193473816,-0.31878525018692017,-2.539370536804199,-2.681628465652466,-2.3190853595733643,-2.1875381469726562,-2.5314130783081055,-3.366551637649536,-4.667280673980713,-5.775821208953857,-5.520481109619141,-5.008066654205322,-4.220796585083008,-4.166910648345947,-5.204240322113037,-5.450490474700928,-5.791780471801758,-6.114123821258545,-6.2556657791137695,-6.68626594543457,-10.612380027770996,-12.31930923461914,-12.555956840515137,-12.672832489013672,-12.474167823791504,-12.1655855178833,-12.4121675491333,-12.41917610168457,-12.073698997497559,-11.257269859313965,-10.553768157958984,-10.775089263916016,-9.358461380004883,-5.290847301483154,1.902422547340393,4.402731418609619,4.976006984710693
2.0287768840789795,1.0176087617874146,0.18606670200824738,-0.03779250383377075,1.8702523708343506,2.4739952087402344,3.0052952766418457,0.23641875386238098,-1.6990041732788086,-1.7751660346984863,-1.5936545133590698,-1.3121037483215332,-1.9767248630523682,-2.677841901779175,-4.352206230163574,-5.5120038986206055,-5.470084190368652,-5.150219917297363,-4.271496772766113,-3.6446518898010254,-4.392093658447266,-5.009426593780518,-4.964502334594727,-7.102643966674805,-6.362558364868164,-6.528116226196289,-6.607524394989014,-10.68237590789795,-11.164273262023926,-11.857868194580078,-11.968423843383789,-12.338401794433594,-12.001655578613281,-12.119962692260742,-11.534415245056152,-10.200248718261719,-9.408638000488281,-9.713752746582031,-9.18586254119873,-5.188014507293701,0.670890748500824,2.4354381561279297,4.109288215637207
2.2116823196411133,1.54052734375,0.47674959897994995,-0.3271952271461487,1.7463277578353882,3.286313772201538,2.378922462463379,0.013544761575758457,-1.0848239660263062,-0.9678063988685608,-1.3911265134811401,-1.7507178783416748,-2.0776565074920654,-2.2789998054504395,-3.6075384616851807,-4.231152057647705,-4.3359150886535645,-4.4180779457092285,-3.6948137283325195,-2.928152561187744,-3.1823291778564453,-3.5586624145507812,-4.601185321807861,-6.801711559295654,-6.318912982940674,-6.632124900817871,-6.50960636138916,-9.417749404907227,-9.805108070373535,-10.33946704864502,-10.95543384552002,-11.598727226257324,-11.702481269836426,-12.1565580368042,-11.421686172485352,-9.27099323272705,-8.143667221069336,-8.275874137878418,-7.621273517608643,-5.079066276550293,-0.7210512161254883,1.81783127784729,3.7277276515960693
1.9018802642822266,1.9136725664138794,0.9440849423408508,-0.12455356121063232,0.7294010519981384,1.731479287147522,0.6917315125465393,-0.11217650771141052,-0.531074047088623,-0.9453817009925842,-1.6403627395629883,-1.9747823476791382,-1.6445406675338745,-1.5486690998077393,-2.220473051071167,-2.3610618114471436,-2.4101641178131104,-2.6639244556427,-2.351538896560669,-2.306844711303711,-1.8313409090042114,-2.970487117767334,-5.234251022338867,-6.316695213317871,-5.382811546325684,-6.419475555419922,-8.605576515197754,-9.062516212463379,-8.94977855682373,-9.612828254699707,-10.265268325805664,-10.629633903503418,-11.618537902832031,-11.886920928955078,-11.302532196044922,-9.034343719482422,-7.164546489715576,-7.2801513671875,-6.773021221160889,-4.410092830657959,-1.2799928188323975,1.8755244016647339,2.9704015254974365
