data/wind_data/wind_18_9.json
{"header": {"parameterUnit": "KT", "parameterCategory": 2, "nx": 256, "ny": 198, "lo1": 44.73521041870117, "la1": -3.236724853515625, "lo2": 111.26478576660156, "la2": 43.468475341796875, "dx": 0.2609002888202667, "dy": -0.23708222806453705, "refTime": "2025-02-19 18:00:00", "forecastTime": 0, "parameterNumber": 2, "parameterNumberName": "eastward_wind"}, "data":
[rows 95 to 113 of 198, columns 86 to 128 of 256]
-1.5454750061035156,-0.1193113923072815,1.2524935007095337,2.404790163040161,2.971389055252075,2.8219261169433594,2.361999750137329,2.12760591506958,2.2827093601226807,2.577918767929077,2.5600221157073975,2.084059953689575,1.7926934957504272,2.2699172496795654,3.3611721992492676,4.6073479652404785,5.5003204345703125,5.5574846267700195,4.885443210601807,3.9959468841552734,3.230149745941162,2.497014284133911,1.6228716373443604,0.6351171731948853,-0.26876476407051086,-1.0758240222930908,-1.6630922555923462,-1.766076922416687,-1.4835717678070068,-1.267937421798706,-1.1455868482589722,-1.1796575784683228,-1.9255775213241577,-3.4944121837615967,-5.108290195465088,-5.751461029052734,-5.183340549468994,-3.7608959674835205,-2.1110403537750244,-0.9777520298957825,-0.9524681568145752,-1.4557982683181763,-1.475022554397583
-0.49507713317871094,0.7516284584999084,1.8763669729232788,2.7762410640716553,3.1890881061553955,2.963247776031494,2.4122085571289062,2.1115424633026123,2.2615888118743896,2.5943214893341064,2.781710147857666,2.786759376525879,3.0085909366607666,3.861274480819702,5.089516639709473,5.9411516189575195,6.232715129852295,6.396292209625244,6.4748077392578125,5.818597316741943,4.557871341705322,3.376788377761841,2.332909107208252,1.2509522438049316,0.03905048593878746,-1.2592201232910156,-2.392730474472046,-2.6816201210021973,-2.34222674369812,-2.222320318222046,-2.5021462440490723,-2.641984701156616,-2.959615707397461,-4.007288455963135,-5.3288350105285645,-5.758229732513428,-4.971091270446777,-3.4370665550231934,-1.7050387859344482,-0.552472710609436,-0.39180803298950195,-0.7880690097808838,-0.8608235716819763
1.0642296075820923,2.0375802516937256,2.7223927974700928,3.0577316284179688,2.9556305408477783,2.422030448913574,1.780632734298706,1.5935423374176025,2.127129316329956,3.0166211128234863,3.6989142894744873,4.188167572021484,4.895679950714111,5.972751617431641,6.792256832122803,6.6621222496032715,6.256569862365723,6.533685684204102,7.2434282302856445,6.9920525550842285,5.390622615814209,3.514326572418213,2.225231170654297,1.3562484979629517,0.42517751455307007,-0.9536995887756348,-2.5322959423065186,-3.2001442909240723,-2.8485264778137207,-2.6393449306488037,-3.2213501930236816,-4.140713214874268,-4.797977447509766,-5.429801940917969,-5.871957302093506,-5.535449504852295,-4.427739143371582,-2.9987404346466064,-1.389656901359558,-0.07333923131227493,0.1985284835100174,-0.09494613856077194,-0.005955023691058159
2.3630893230438232,2.9932217597961426,3.048157215118408,2.7250497341156006,2.172145366668701,1.4547762870788574,0.919786274433136,1.1593199968338013,2.4259543418884277,4.180598258972168,5.505460262298584,6.218424320220947,6.935009956359863,7.817655086517334,8.06613540649414,7.343299388885498,6.695480823516846,6.861937046051025,7.505252361297607,7.329000473022461,6.048236846923828,4.212469577789307,2.3897194862365723,1.1960980892181396,0.35979026556015015,-0.6822279095649719,-1.979637622833252,-2.702751874923706,-2.5302274227142334,-2.46445631980896,-3.4752860069274902,-5.296354293823242,-6.665441989898682,-7.033970355987549,-6.4429850578308105,-5.097527027130127,-3.6313469409942627,-2.4862921237945557,-1.3289835453033447,0.06493289768695831,0.996075451374054,1.2196725606918335,1.397437334060669
2.8836801052093506,3.1072587966918945,2.652456521987915,1.8682094812393188,1.1165977716445923,0.5784419775009155,0.6295007467269897,1.7154905796051025,3.7109551429748535,5.878146648406982,7.359579086303711,7.990323066711426,8.408940315246582,8.897354125976562,8.883468627929688,8.134943008422852,7.61624813079834,8.04800796508789,8.552796363830566,7.5566487312316895,5.662240028381348,4.9950714111328125,4.190780162811279,2.475893020629883,0.5210552215576172,-0.8605350255966187,-1.6942874193191528,-2.1153879165649414,-2.1810805797576904,-2.41435170173645,-3.6705338954925537,-6.112561225891113,-7.872190952301025,-7.78023099899292,-6.360027313232422,-4.356723308563232,-2.6119837760925293,-1.647566556930542,-1.0826243162155151,-0.0918988287448883,1.3969695568084717,2.72656512260437,3.4216055870056152
2.890678644180298,2.6485514640808105,2.0265023708343506,1.2713454961776733,0.7779179215431213,0.8906564712524414,1.7704806327819824,3.388315439224243,5.348971843719482,7.1811323165893555,8.358437538146973,8.77587604522705,9.041463851928711,9.342778205871582,9.263191223144531,8.822006225585938,8.504305839538574,8.879897117614746,9.820759773254395,9.362646102905273,6.087714672088623,4.701313018798828,4.892005920410156,3.8161540031433105,1.3410719633102417,-0.6177425980567932,-1.4952462911605835,-1.8454530239105225,-2.3882811069488525,-3.132683038711548,-4.42125129699707,-6.927562713623047,-8.761384963989258,-7.950133800506592,-5.606204032897949,-3.254722833633423,-1.4174177646636963,-0.4182529151439667,-0.16743114590644836,0.2704715430736542,1.771727204322815,3.774123430252075,5.141270160675049
2.5885961055755615,2.070725917816162,1.7844847440719604,1.8646800518035889,2.3603320121765137,3.373769760131836,4.747234344482422,6.010486125946045,6.756211280822754,7.242291450500488,7.773090839385986,8.123087882995605,8.518367767333984,9.04932975769043,9.247725486755371,9.034370422363281,8.878989219665527,9.374347686767578,10.499465942382812,10.876830101013184,7.881765842437744,4.525974273681641,3.857776641845703,3.5486721992492676,2.061851978302002,-0.23862825334072113,-1.7628577947616577,-1.8554867506027222,-2.616931200027466,-4.19166898727417,-5.669363021850586,-7.459582328796387,-8.758556365966797,-7.426246643066406,-4.228982925415039,-1.707585334777832,-0.03664711117744446,1.0884647369384766,1.4731084108352661,1.5099841356277466,2.2527403831481934,4.035123825073242,5.726103782653809
2.2332518100738525,2.2128286361694336,2.84934663772583,4.023808479309082,5.624416828155518,7.373476982116699,8.646370887756348,8.843940734863281,7.887139797210693,6.450148582458496,5.7918219566345215,6.098296165466309,6.898528575897217,7.933218479156494,8.774886131286621,9.102481842041016,9.34853744506836,10.037439346313477,11.152100563049316,11.413549423217773,9.234381675720215,5.393845081329346,2.769646167755127,2.1296944618225098,1.5695072412490845,0.2981831729412079,-1.571987271308899,-2.507822036743164,-2.498922824859619,-4.246657371520996,-6.315920352935791,-7.305018901824951,-7.421621799468994,-5.746990203857422,-2.4295239448547363,0.06226174905896187,1.599855661392212,2.7465016841888428,3.4532666206359863,3.525420904159546,3.32366943359375,3.7158851623535156,5.084530830383301
3.1216700077056885,4.023648262023926,5.352945804595947,6.976205348968506,8.983125686645508,10.815524101257324,11.385062217712402,10.29069995880127,8.177008628845215,5.749309539794922,4.130950927734375,4.161123752593994,5.109523773193359,6.388610363006592,7.879763603210449,9.13154411315918,10.137141227722168,11.063542366027832,11.850903511047363,11.7606782913208,9.840450286865234,6.506677150726318,3.05111026763916,1.171730637550354,0.9221614003181458,0.4058961272239685,-0.4381769299507141,-1.7987653017044067,-2.860769271850586,-3.9608616828918457,-5.592537879943848,-5.954345226287842,-4.953675270080566,-3.049165725708008,-0.5706576704978943,1.5133427381515503,3.0800530910491943,4.190432071685791,4.928498268127441,5.2799859046936035,5.067605495452881,4.429878234863281,4.3751678466796875
5.819828033447266,7.23494815826416,8.530022621154785,9.921359062194824,11.518766403198242,12.550185203552246,11.987485885620117,9.948626518249512,7.702705383300781,5.790558338165283,4.310288906097412,3.9357988834381104,4.393662452697754,5.226319313049316,6.819451332092285,8.806257247924805,10.512422561645508,11.816668510437012,12.52775764465332,12.190922737121582,10.363590240478516,7.233912467956543,3.682882308959961,1.2739105224609375,0.8271390795707703,0.9125401377677917,0.7343997955322266,-0.1613062471151352,-2.2238404750823975,-4.435059547424316,-5.269400119781494,-4.133316516876221,-1.9460101127624512,0.06397309899330139,1.385056972503662,2.6747395992279053,4.130889892578125,5.196476459503174,5.6913981437683105,6.1045002937316895,6.472917556762695,6.095914363861084,5.456291198730469
9.032811164855957,10.460232734680176,11.171138763427734,11.884539604187012,12.798148155212402,12.885356903076172,11.455958366394043,9.296663284301758,7.632822036743164,6.713201522827148,5.9469380378723145,5.353082656860352,5.096358299255371,5.173001766204834,6.291236877441406,8.564023971557617,10.656643867492676,12.107634544372559,12.98588752746582,12.689358711242676,10.754829406738281,7.530206680297852,4.001989841461182,1.5899888277053833,1.090226173400879,1.5594712495803833,1.6992199420928955,0.7143359780311584,-1.607496738433838,-3.8632442951202393,-4.086306571960449,-2.2673559188842773,0.3332603871822357,2.1050479412078857,2.750605583190918,3.73284649848938,5.037622928619385,6.004362106323242,6.4286627769470215,6.578603744506836,7.2567901611328125,7.758900165557861,7.660567283630371
11.162210464477539,11.944613456726074,11.800983428955078,11.905359268188477,12.84414291381836,13.067105293273926,11.737580299377441,9.871426582336426,8.534001350402832,7.93467378616333,7.567446231842041,6.9310832023620605,6.171292304992676,5.848948001861572,6.696465969085693,8.949040412902832,11.058978080749512,12.022811889648438,12.456652641296387,12.413896560668945,10.877782821655273,7.584597110748291,3.968769073486328,1.6483529806137085,1.080625057220459,1.7289127111434937,2.121340036392212,1.0909907817840576,-0.9223552942276001,-2.250401020050049,-1.2102752923965454,0.9519577026367188,2.2340402603149414,2.4617059230804443,2.802457094192505,4.377540588378906,6.1345062255859375,7.106149196624756,7.661715984344482,7.5810627937316895,7.918317794799805,9.128929138183594,9.628302574157715
11.119863510131836,10.557168006896973,9.76230239868164,10.598584175109863,13.126646995544434,14.304217338562012,13.104140281677246,11.199736595153809,9.76818561553955,8.917767524719238,8.29556941986084,7.499163627624512,6.697856426239014,6.539953708648682,7.409346103668213,9.325478553771973,11.264768600463867,11.610635757446289,11.082996368408203,10.489018440246582,9.592004776000977,7.526546955108643,4.489082336425781,2.026156425476074,0.962725043296814,1.2820249795913696,1.9317727088928223,1.4511216878890991,0.1613621711730957,-0.2559194564819336,1.4212100505828857,3.6444592475891113,4.147380828857422,3.119549036026001,3.066277503967285,5.040032386779785,7.1795973777771,8.403225898742676,9.1251802444458,9.138311386108398,9.080363273620605,10.088768005371094,10.79101848602295
7.940552234649658,6.718253135681152,6.95794153213501,10.3536958694458,14.809245109558105,15.894857406616211,14.084431648254395,12.076541900634766,10.75821590423584,9.748639106750488,8.652300834655762,7.430541038513184,6.637842655181885,6.90181827545166,8.0662202835083,9.609448432922363,10.751577377319336,10.61076831817627,9.518519401550293,8.302051544189453,7.56796932220459,7.066316604614258,5.520829200744629,3.074500799179077,1.2260318994522095,0.8846643567085266,1.667743444442749,2.1164510250091553,1.6722432374954224,1.5555423498153687,2.810093879699707,4.292112827301025,4.910757541656494,4.678480625152588,5.042189121246338,6.610293388366699,8.270182609558105,9.490631103515625,10.236178398132324,10.568585395812988,10.735928535461426,11.269733428955078,11.572450637817383
3.7006800174713135,3.6067469120025635,6.226254940032959,11.979424476623535,16.90180778503418,16.861906051635742,14.249528884887695,12.176234245300293,11.156455039978027,10.280444145202637,8.973542213439941,7.403825283050537,6.509793758392334,6.885614395141602,8.003165245056152,9.100666999816895,9.648629188537598,9.602010726928711,8.849459648132324,7.498894214630127,6.466004371643066,6.141995429992676,5.539830207824707,3.8241305351257324,1.71319580078125,0.9401372671127319,1.6769016981124878,2.83729887008667,3.329742670059204,3.3604624271392822,3.493135690689087,3.3603157997131348,3.7464890480041504,5.5187554359436035,7.913142204284668,9.431467056274414,10.293835639953613,10.695028305053711,10.720743179321289,11.002887725830078,12.120067596435547,13.306195259094238,13.082473754882812
2.7590887546539307,3.6131319999694824,7.562333106994629,13.982734680175781,18.160762786865234,17.284404754638672,14.125593185424805,11.423104286193848,10.246700286865234,9.961341857910156,9.387680053710938,8.299497604370117,7.507052898406982,7.118339538574219,6.965861797332764,7.366474151611328,8.344616889953613,9.270413398742676,9.329474449157715,8.182453155517578,6.3510355949401855,4.988840103149414,3.88622784614563,2.843639612197876,1.912071943283081,1.4586912393569946,2.0197503566741943,3.4025933742523193,4.671448707580566,5.134732246398926,4.227413654327393,2.2227354049682617,1.6717051267623901,4.918934345245361,9.767374038696289,12.368783950805664,13.13476276397705,12.763626098632812,11.482935905456543,10.655838012695312,12.381044387817383,15.18961238861084,15.083792686462402
4.470774173736572,4.688063144683838,8.703956604003906,15.186638832092285,18.6599178314209,17.274559020996094,13.538308143615723,9.781233787536621,8.099678039550781,8.572832107543945,9.547707557678223,9.834161758422852,9.295415878295898,8.091392517089844,6.664926528930664,6.310213088989258,7.59022855758667,9.220284461975098,9.869781494140625,9.046382904052734,6.867086410522461,4.323482513427734,2.368377447128296,1.7085415124893188,2.318834066390991,2.8786163330078125,3.0243306159973145,3.8948240280151367,5.014674186706543,5.3874192237854,4.529961109161377,2.2032365798950195,0.9297909140586853,4.104499816894531,10.121725082397461,13.854336738586426,14.870497703552246,14.629939079284668,13.147260665893555,11.396915435791016,12.0225248336792,15.381919860839844,16.14727020263672
5.015315532684326,4.410822868347168,8.931084632873535,15.861958503723145,18.263765335083008,15.976221084594727,11.879491806030273,7.883260726928711,5.642420768737793,5.728519916534424,7.138321876525879,8.535426139831543,9.155691146850586,8.732523918151855,7.047413349151611,5.588142395019531,6.560583114624023,8.75468921661377,9.945853233337402,9.455159187316895,7.426128387451172,4.451096057891846,2.3212292194366455,2.1839139461517334,3.570746898651123,4.851341247558594,4.856088638305664,4.469621181488037,4.211824417114258,3.833258628845215,3.7221577167510986,3.194190740585327,2.5576910972595215,4.082476615905762,8.94600772857666,13.435782432556152,14.840353965759277,14.99140453338623,14.477620124816895,12.970829963684082,12.321295738220215,14.505919456481934,16.28753662109375
1.7746765613555908,3.0000369548797607,10.361023902893066,17.314250946044922,17.755390167236328,14.71881103515625,10.537958145141602,6.508616924285889,3.2928736209869385,1.9663563966751099,3.261622905731201,6.006200313568115,8.3569974899292,8.835606575012207,6.341980457305908,3.5184872150421143,5.082099914550781,8.558328628540039,10.006878852844238,9.35190200805664,7.476987838745117,4.874189853668213,3.292875051498413,3.7355997562408447,5.185775279998779,6.277980804443359,5.997668266296387,4.740482330322266,3.410594940185547,2.9028170108795166,3.5658600330352783,4.633405685424805,5.097957134246826,5.307688236236572,7.93624210357666,11.98642635345459,13.92427921295166,14.293283462524414,14.365019798278809,13.920815467834473,13.477765083312988,14.486019134521484,16.432144165039062
