data/wind_data/wind_9_7.json
{"header": {"parameterUnit": "KT", "parameterCategory": 2, "nx": 256, "ny": 198, "lo1": 44.73521041870117, "la1": -3.236724853515625, "lo2": 111.26478576660156, "la2": 43.468475341796875, "dx": 0.2609002888202667, "dy": -0.23708222806453705, "refTime": "2025-02-19 09:00:00", "forecastTime": 0, "parameterNumber": 2, "parameterNumberName": "eastward_wind"}, "data":
[rows 140 to 159 of 198, columns 0 to 43 of 256]
97.94591522216797,96.46977233886719,96.56407165527344,96.70702362060547,96.69001007080078,96.441162109375,96.15650939941406,96.04531860351562,96.19895935058594,96.55609130859375,96.90658569335938,97.04135131835938,96.93948364257812,96.7467269897461,96.5819091796875,96.46344757080078,96.40927124023438,96.4468765258789,96.51600646972656,96.61717987060547,96.6749496459961,96.5992202758789,96.77803039550781,97.06230163574219,96.67875671386719,96.06248474121094,95.99862670898438,96.45680236816406,97.10785675048828,97.63069915771484,97.95962524414062,98.17084503173828,98.35508728027344,98.61984252929688,98.92601013183594,99.20183563232422,99.44178771972656,99.39797973632812,98.6672134399414,97.79724884033203,97.85384368896484,98.7125015258789,99.25232696533203,99.02140808105469
96.59507751464844,95.08126831054688,95.1336441040039,95.2381362915039,95.2065658569336,95.1304931640625,95.0732192993164,95.16634368896484,95.4500732421875,95.83863067626953,96.16326141357422,96.29679870605469,96.2603988647461,96.1678695678711,96.09658813476562,96.05955505371094,96.07159423828125,96.08355712890625,96.0792007446289,96.19609832763672,96.317138671875,96.2547836303711,96.2782211303711,96.2232894897461,95.60660552978516,95.0180892944336,95.1950454711914,95.8669204711914,96.46707153320312,96.8240737915039,97.0003433227539,97.07678985595703,97.17742156982422,97.41841888427734,97.91886138916016,98.49609375,98.55526733398438,97.70874786376953,96.30985260009766,95.54537200927734,96.00326538085938,96.77079010009766,97.12930297851562,96.96858215332031
94.75150299072266,93.6173095703125,93.76710510253906,93.93611907958984,94.05367279052734,94.16445922851562,94.27172088623047,94.43234252929688,94.63004302978516,94.83615112304688,95.02376556396484,95.16104888916016,95.25811004638672,95.35478210449219,95.44658660888672,95.4952392578125,95.51854705810547,95.47377014160156,95.41376495361328,95.54413604736328,95.61499786376953,95.44072723388672,95.31297302246094,95.01861572265625,94.41893768310547,94.1967544555664,94.69020080566406,95.34976196289062,95.58582305908203,95.39672088623047,95.24720001220703,95.42491149902344,95.77716064453125,96.10382843017578,96.49879455566406,96.87670135498047,96.64994812011719,95.49565124511719,94.06736755371094,93.65650177001953,94.28846740722656,94.8361587524414,95.15283203125,95.3465576171875
92.42127227783203,91.83567810058594,92.30154418945312,92.77503204345703,93.2751235961914,93.59545135498047,93.7270736694336,93.75237274169922,93.70039367675781,93.66535186767578,93.73674011230469,93.93186950683594,94.21372985839844,94.50373077392578,94.69189453125,94.69829559326172,94.650634765625,94.5804443359375,94.47151184082031,94.53971862792969,94.52765655517578,94.17800903320312,93.81356048583984,93.48381805419922,93.2452163696289,93.53573608398438,94.21585083007812,94.49931335449219,94.04570770263672,93.31401062011719,93.0240249633789,93.39574432373047,94.0168228149414,94.44378662109375,94.61724853515625,94.61931610107422,94.16165161132812,93.08065795898438,92.15514373779297,92.37371063232422,93.22750091552734,93.74665069580078,94.11289978027344,94.49171447753906
90.755615234375,90.3161849975586,90.96356964111328,91.6407241821289,92.35772705078125,92.80049896240234,92.91548919677734,92.81037902832031,92.58771514892578,92.40702819824219,92.42257690429688,92.67964935302734,93.0454330444336,93.3398666381836,93.47616577148438,93.4371337890625,93.3397445678711,93.23089599609375,93.05767059326172,92.96560668945312,92.75151062011719,92.1482925415039,91.54895782470703,91.27803039550781,91.44998168945312,92.06263732910156,92.6567153930664,92.5356216430664,91.65106964111328,90.73656463623047,90.5020751953125,91.01898956298828,91.8279800415039,92.44596099853516,92.67935180664062,92.54080963134766,92.01118469238281,91.22797393798828,90.88787841796875,91.6131591796875,92.69715881347656,93.22084045410156,93.44035339355469,93.674560546875
90.0584945678711,89.4110107421875,89.97179412841797,90.57585144042969,91.04634094238281,91.36287689208984,91.44548797607422,91.30659484863281,91.08781433105469,90.9295883178711,90.89643096923828,91.09919738769531,91.42522430419922,91.5743637084961,91.55491638183594,91.48905181884766,91.34893035888672,91.12828063964844,90.86038208007812,90.56364440917969,90.01629638671875,89.1683578491211,88.50537872314453,88.39266967773438,88.83875274658203,89.54349517822266,89.99113464355469,89.7677230834961,89.01790618896484,88.3552017211914,88.30987548828125,88.96139526367188,89.9130859375,90.67071533203125,91.03648376464844,90.96002960205078,90.56121826171875,90.17316436767578,90.19992065429688,90.91709899902344,91.87176513671875,92.26602172851562,92.21138000488281,92.18167877197266
89.39835357666016,88.48772430419922,88.91896057128906,89.36978149414062,89.53174591064453,89.6534423828125,89.64981842041016,89.46115112304688,89.25540924072266,89.19901275634766,89.2321548461914,89.34618377685547,89.55935668945312,89.65312194824219,89.5481185913086,89.433837890625,89.2284164428711,88.7824935913086,88.27347564697266,87.84042358398438,87.15160369873047,86.21955871582031,85.67950439453125,85.7825698852539,86.37157440185547,87.13677215576172,87.52692413330078,87.33666229248047,86.9114761352539,86.68046569824219,86.90170288085938,87.62220001220703,88.65665435791016,89.4128646850586,89.6014175415039,89.55372619628906,89.52544403076172,89.44444274902344,89.40428161621094,89.79497528076172,90.55278778076172,90.91173553466797,90.74078369140625,90.56584167480469
88.39632415771484,87.21577453613281,87.49080657958984,87.83853149414062,88.00273132324219,88.08584594726562,87.9525375366211,87.63456726074219,87.42120361328125,87.45429229736328,87.56941986083984,87.71051025390625,87.96714782714844,88.14132690429688,88.01625061035156,87.74945831298828,87.37413024902344,86.76629638671875,86.07010650634766,85.41747283935547,84.67011260986328,83.97626495361328,83.69792938232422,83.8623046875,84.54344177246094,85.45211029052734,85.83304595947266,85.688720703125,85.55577850341797,85.64110565185547,86.03945922851562,86.82040405273438,87.76205444335938,88.29960632324219,88.3626708984375,88.50735473632812,88.78984832763672,88.69075012207031,88.35993957519531,88.58283233642578,89.38117980957031,89.90095520019531,89.88726806640625,89.70243835449219
87.20025634765625,85.74761962890625,85.83885192871094,86.14653778076172,86.50700378417969,86.68236541748047,86.4538345336914,86.04444885253906,85.8501968383789,85.9053955078125,86.05719757080078,86.36699676513672,86.81183624267578,87.04094696044922,86.81058502197266,86.2938232421875,85.80925750732422,85.35552978515625,84.69149780273438,83.78705596923828,82.96712493896484,82.6054458618164,82.68061828613281,82.94477844238281,83.57404327392578,84.37507629394531,84.74124908447266,84.83141326904297,84.96690368652344,85.14127349853516,85.51716613769531,86.24510955810547,87.05464172363281,87.5570068359375,87.80035400390625,88.09127044677734,88.34402465820312,88.11289978027344,87.6087646484375,87.74576568603516,88.61027526855469,89.31220245361328,89.47933959960938,89.21977233886719
85.66389465332031,84.1563949584961,84.18758392333984,84.4922866821289,84.98184967041016,85.25337982177734,85.07083129882812,84.7204818725586,84.58702087402344,84.71231842041016,84.9818115234375,85.4626235961914,86.03291320800781,86.21446990966797,85.85234069824219,85.34465026855469,84.9660873413086,84.57875061035156,83.97217559814453,83.13309478759766,82.411376953125,82.2182388305664,82.54572296142578,83.01094818115234,83.5381851196289,84.052001953125,84.27692413330078,84.44871520996094,84.71450805664062,84.90338897705078,85.2583999633789,85.93419647216797,86.70095825195312,87.3061752319336,87.70848083496094,87.98509216308594,88.07479858398438,87.72313690185547,87.0966567993164,87.0110092163086,87.73454284667969,88.47529602050781,88.64611053466797,88.19792175292969
83.89219665527344,82.4787826538086,82.57450103759766,82.88380432128906,83.4045639038086,83.7220687866211,83.66959381103516,83.49866485595703,83.49674987792969,83.7735366821289,84.251708984375,84.8427963256836,85.37617492675781,85.48876190185547,85.18486022949219,84.87265014648438,84.61569213867188,84.20748901367188,83.62530517578125,82.9446029663086,82.35348510742188,82.22087860107422,82.67247772216797,83.28692626953125,83.79889678955078,84.11212921142578,84.13319396972656,84.15293884277344,84.3592529296875,84.67739868164062,85.20326232910156,85.8879165649414,86.59158325195312,87.21825408935547,87.68340301513672,87.91777038574219,87.76493835449219,87.13285064697266,86.32555389404297,85.98333740234375,86.40971374511719,87.05158996582031,87.171142578125,86.61573791503906
82.3123550415039,80.9157943725586,81.0895767211914,81.45440673828125,81.9717025756836,82.28558349609375,82.33305358886719,82.36892700195312,82.53054809570312,82.94805145263672,83.62019348144531,84.28086853027344,84.686767578125,84.78160858154297,84.656982421875,84.4240951538086,84.12916564941406,83.76851654052734,83.29521179199219,82.71739959716797,82.14076232910156,81.9991455078125,82.53611755371094,83.25922393798828,83.76054382324219,84.05223083496094,83.98865509033203,83.88921356201172,84.14888763427734,84.6796875,85.27154541015625,85.86511993408203,86.4946060180664,87.11033630371094,87.51847076416016,87.54199981689453,87.06676483154297,86.14204406738281,85.13725280761719,84.56611633300781,84.6807632446289,85.13641357421875,85.24980163574219,84.76062774658203
80.90644073486328,79.47917175292969,79.6759033203125,80.14093017578125,80.67618560791016,81.0282211303711,81.1557846069336,81.385498046875,81.73062896728516,82.31539154052734,83.16365051269531,83.89556884765625,84.21614837646484,84.26448059082031,84.1107177734375,83.77816772460938,83.57026672363281,83.50729370117188,83.20762634277344,82.49565124511719,81.7502670288086,81.67777252197266,82.4198989868164,83.28977966308594,83.78314971923828,83.93549346923828,83.8661880493164,83.9167251586914,84.23542022705078,84.66551971435547,85.10469818115234,85.60340881347656,86.16475677490234,86.61314392089844,86.71900939941406,86.41215515136719,85.68251037597656,84.58853149414062,83.44835662841797,82.75214385986328,82.69990539550781,82.98326873779297,83.05862426757812,82.63531494140625
79.58766174316406,78.23688507080078,78.50542449951172,79.07472229003906,79.63399505615234,80.04011535644531,80.24503326416016,80.63148498535156,81.19074249267578,82.00774383544922,83.06462860107422,83.849853515625,84.02069854736328,83.80213165283203,83.39219665527344,83.11795806884766,83.46309661865234,83.80998229980469,83.35091400146484,82.202392578125,81.15818786621094,81.15805053710938,82.28279876708984,83.27762603759766,83.70691680908203,83.89625549316406,83.8173599243164,83.74449157714844,83.89352416992188,84.1391372680664,84.41841125488281,84.8006820678711,85.27365112304688,85.53685760498047,85.2831039428711,84.58277130126953,83.62142944335938,82.48841857910156,81.42599487304688,80.80675506591797,80.74920654296875,80.93128967285156,80.90621948242188,80.45521545410156
78.26583099365234,77.27108001708984,77.74974060058594,78.44638061523438,79.03177642822266,79.49431610107422,79.69789123535156,80.11227416992188,80.95233154296875,82.09553527832031,83.25420379638672,83.90616607666016,83.80191802978516,83.2410659790039,82.71100616455078,82.85314178466797,83.82125091552734,84.22406768798828,83.30083465576172,81.64444732666016,80.2253189086914,80.12955474853516,81.64248657226562,83.09226989746094,83.6499252319336,83.71228790283203,83.42803192138672,83.09019470214844,82.96849822998047,83.06452941894531,83.34252166748047,83.70621490478516,83.9404296875,83.83341979980469,83.29825592041016,82.42517852783203,81.42424011230469,80.45774841308594,79.6391830444336,79.1305923461914,79.03181457519531,79.10926055908203,78.95294952392578,78.38379669189453
77.15290069580078,76.422119140625,77.14161682128906,77.9923324584961,78.69831848144531,79.1991195678711,79.27404022216797,79.67353820800781,80.83207702636719,82.20679473876953,83.23672485351562,83.62606048583984,83.30831909179688,82.56646728515625,82.13648986816406,82.75459289550781,84.00948333740234,84.1124496459961,82.62741088867188,80.56720733642578,78.99726867675781,79.13998413085938,81.44424438476562,83.40145111083984,83.45686340332031,82.88741302490234,82.49882507324219,82.0545654296875,81.63762664794922,81.70274353027344,82.1415023803711,82.33644104003906,82.02468872070312,81.600830078125,81.11487579345703,80.29931640625,79.41436004638672,78.77912902832031,78.29581451416016,77.86461639404297,77.56288146972656,77.3130111694336,76.8201675415039,75.998779296875
76.49150848388672,76.22715759277344,77.03573608398438,77.86981201171875,78.84477996826172,79.41081237792969,79.33751678466797,79.74651336669922,81.0667495727539,82.44551849365234,83.22003936767578,83.37091064453125,83.08533477783203,82.39435577392578,82.0292739868164,82.84994506835938,83.891845703125,83.45149993896484,81.63943481445312,79.44261932373047,78.1540756225586,79.04187774658203,81.80144500732422,83.34740447998047,82.5456314086914,81.2856674194336,80.68177032470703,80.24862670898438,79.87184143066406,80.11846923828125,80.67859649658203,80.50110626220703,79.80577087402344,79.52837371826172,79.36428833007812,78.6811752319336,77.93077850341797,77.46179962158203,77.02659606933594,76.45079803466797,75.77072143554688,74.95085144042969,73.94490814208984,72.90007019042969
76.15245819091797,76.07450103759766,77.0021743774414,77.85332489013672,79.10646057128906,79.88681030273438,79.80595397949219,80.09407043457031,81.26355743408203,82.47496795654297,83.0674057006836,83.22654724121094,83.05010986328125,82.32489776611328,81.8429183959961,82.27932739257812,82.58893585205078,81.9856185913086,80.32206726074219,78.13783264160156,77.27071380615234,78.58202362060547,80.71700286865234,81.42172241210938,80.39705657958984,79.00697326660156,78.15848541259766,77.80543518066406,77.86347198486328,78.61974334716797,79.32601928710938,78.80104064941406,78.0253677368164,78.125732421875,78.06275177001953,77.23221588134766,76.44554901123047,75.90626525878906,75.16163635253906,74.17633819580078,73.06751251220703,71.78315734863281,70.42938232421875,69.32559204101562
76.01919555664062,75.41313171386719,76.429931640625,77.5292739868164,78.96866607666016,80.01875305175781,79.97079467773438,79.88590240478516,80.56999206542969,81.55974578857422,82.3385238647461,82.80043029785156,82.45028686523438,81.2068862915039,80.27579498291016,80.06283569335938,80.02786254882812,79.80792236328125,78.40589141845703,76.52897644042969,76.1052474975586,76.87648010253906,77.77313995361328,78.27043151855469,77.97557830810547,77.0667495727539,76.26156616210938,75.92349243164062,76.30870819091797,77.57088470458984,78.55699920654297,78.0002212524414,76.9095230102539,76.49956512451172,76.03665161132812,75.08434295654297,74.23810577392578,73.46923065185547,72.35186767578125,71.05349731445312,69.83050537109375,68.55052947998047,67.15361785888672,65.97602844238281
76.19901275634766,74.66819763183594,75.62535095214844,77.08781433105469,78.8338623046875,80.12639617919922,79.98345947265625,79.2191162109375,79.1761703491211,80.18183135986328,81.50798034667969,82.05762481689453,80.93821716308594,78.84587860107422,77.45787048339844,77.1891860961914,77.77855682373047,78.25736999511719,77.06417083740234,75.24518585205078,74.7959976196289,75.57312774658203,76.20985412597656,76.25072479248047,76.07810974121094,75.84386444091797,75.29571533203125,74.82392883300781,75.45719146728516,77.0984878540039,77.89183044433594,76.9086685180664,75.19035339355469,73.79031372070312,72.86245727539062,72.15825653076172,71.5215835571289,70.6986312866211,69.44915008544922,68.10191345214844,67.04447937011719,66.073486328125,64.79750061035156,63.438697814941406
