data/wind_data/wind_8_6.json
{"header": {"parameterUnit": "KT", "parameterCategory": 2, "nx": 256, "ny": 198, "lo1": 44.73521041870117, "la1": -3.236724853515625, "lo2": 111.26478576660156, "la2": 43.468475341796875, "dx": 0.2609002888202667, "dy": -0.23708222806453705, "refTime": "2025-02-19 08:00:00", "forecastTime": 0, "parameterNumber": 2, "parameterNumberName": "eastward_wind"}, "data":
[rows 80 to 99 of 198, columns 176 to 219 of 256]
62.25685501098633,62.30147933959961,62.2449836730957,62.29261016845703,62.621482849121094,63.215614318847656,63.81674575805664,64.03511047363281,63.78684997558594,63.33066940307617,62.78850173950195,62.142662048339844,61.60908508300781,61.43587112426758,61.50264358520508,61.36003494262695,60.954959869384766,60.57456970214844,60.19546890258789,59.89382553100586,59.604740142822266,58.76428985595703,57.447139739990234,56.36365509033203,55.56447982788086,54.460750579833984,52.99067306518555,51.577613830566406,50.42463302612305,49.04435348510742,47.55820846557617,46.93581771850586,47.25141525268555,47.45692443847656,47.184356689453125,45.94883346557617,44.84761428833008,43.94812774658203,43.11972427368164,41.80311584472656,39.40279769897461,37.666141510009766,37.009578704833984,36.780033111572266
66.1119384765625,66.71342468261719,67.1374740600586,67.43587493896484,67.74356842041016,68.13140106201172,68.47603607177734,68.57655334472656,68.35707092285156,67.92858123779297,67.3907241821289,66.68663024902344,65.82572937011719,65.02444458007812,64.49543762207031,64.08126068115234,63.66846466064453,63.418975830078125,63.19794464111328,62.972862243652344,62.76667785644531,62.27068328857422,61.20756149291992,59.835750579833984,58.648475646972656,57.672176361083984,56.36547088623047,54.61241912841797,52.75700759887695,50.881587982177734,49.638126373291016,49.26786422729492,48.93811798095703,48.44160079956055,48.15756607055664,47.67503356933594,46.79338455200195,45.8753662109375,45.19844436645508,44.56585693359375,42.633914947509766,41.247802734375,40.31310272216797,39.58440017700195
69.77418518066406,70.11193084716797,70.7168960571289,71.3177490234375,71.73976135253906,72.0172348022461,72.16961669921875,72.11709594726562,71.80595397949219,71.25702667236328,70.54612731933594,69.77278137207031,68.93627166748047,67.97657012939453,67.10052490234375,66.30419158935547,65.57276153564453,65.22803497314453,65.08561706542969,64.94478607177734,64.94526672363281,64.91921997070312,64.52705383300781,63.50971984863281,61.9950065612793,60.58189010620117,59.39120101928711,57.743751525878906,54.99620056152344,52.22224426269531,51.445701599121094,51.779903411865234,50.97539138793945,49.5109977722168,48.677486419677734,48.50937271118164,48.30485916137695,47.764469146728516,46.95969009399414,46.49964141845703,45.44058609008789,44.4511604309082,43.384071350097656,42.96735382080078
73.7297592163086,73.13349151611328,73.09586334228516,73.50118255615234,73.99208068847656,74.3268814086914,74.48649597167969,74.46260833740234,74.199462890625,73.62860870361328,72.73003387451172,71.69274139404297,70.79464721679688,69.99330139160156,69.24966430664062,68.24919891357422,67.181640625,66.74268341064453,66.48895263671875,66.0656509399414,65.9322280883789,66.20572662353516,66.51311492919922,66.16929626464844,64.93682861328125,63.33457565307617,62.106170654296875,60.84808349609375,58.09634780883789,54.52497863769531,52.90827941894531,53.47762680053711,53.4373893737793,52.06509780883789,50.481842041015625,49.45718002319336,49.06727600097656,48.87295150756836,48.41243362426758,47.98982238769531,47.112186431884766,46.11433410644531,45.70314407348633,45.816864013671875
76.98766326904297,76.00592803955078,75.29219055175781,75.11312866210938,75.433837890625,75.94898986816406,76.27439880371094,76.23951721191406,75.91897583007812,75.38125610351562,74.56214904785156,73.44418334960938,72.35040283203125,71.6122817993164,71.15415954589844,70.25463104248047,69.00997924804688,68.31402587890625,67.84204864501953,67.21823120117188,66.6985092163086,66.68817138671875,67.19315338134766,67.41577911376953,66.6388931274414,65.39926147460938,64.54710388183594,63.721290588378906,61.589454650878906,57.865699768066406,55.053836822509766,54.82577133178711,55.12590026855469,54.608280181884766,53.22529983520508,51.519287109375,50.27244186401367,49.81865310668945,49.829288482666016,49.73646926879883,48.7918701171875,47.79967498779297,47.54560852050781,47.63607406616211
78.84782409667969,78.0909652709961,77.37310791015625,76.85365295410156,76.77873992919922,77.14411163330078,77.59468841552734,77.74723052978516,77.51788330078125,76.98567962646484,76.25886535644531,75.34320068359375,74.34396362304688,73.60313415527344,73.142333984375,72.34001159667969,71.12467956542969,70.0721664428711,69.13504028320312,68.29341888427734,67.60227966308594,67.33476257324219,67.56629180908203,67.72762298583984,67.13593292236328,66.62764739990234,66.52685546875,66.15351867675781,64.63102722167969,61.43812561035156,58.25101852416992,56.907958984375,56.650264739990234,56.29612731933594,55.090415954589844,53.60873031616211,52.359275817871094,51.52413558959961,51.23053741455078,51.30481719970703,50.7879753112793,50.141326904296875,49.90943145751953,49.79595184326172
79.89974975585938,79.27247619628906,78.8558578491211,78.60204315185547,78.45610046386719,78.47017669677734,78.67752838134766,78.90997314453125,78.95457458496094,78.66425323486328,78.05763244628906,77.30705261230469,76.5761947631836,75.97737884521484,75.31270599365234,74.21340942382812,72.97144317626953,71.77897644042969,70.38340759277344,69.15393829345703,68.33222198486328,68.1115493774414,68.1846694946289,67.77733612060547,67.02241516113281,67.17996978759766,67.79268646240234,67.9644546508789,66.93572235107422,64.55317687988281,61.94693374633789,60.19236755371094,59.22560119628906,57.928916931152344,56.038177490234375,55.02984619140625,54.570899963378906,53.671546936035156,52.561058044433594,51.9755744934082,52.157596588134766,51.98858642578125,51.90243911743164,51.83509063720703
80.77122497558594,80.12107849121094,79.94676971435547,80.11676788330078,80.23621368408203,80.15354919433594,80.07036590576172,80.13175964355469,80.24959564208984,80.22400665283203,79.95780181884766,79.50391387939453,79.01123046875,78.35401916503906,77.23915100097656,75.56407165527344,74.10807800292969,72.90103149414062,71.38768005371094,69.97100830078125,69.05511474609375,68.86563110351562,68.80638122558594,68.05657196044922,66.98583221435547,67.23979187011719,68.2481460571289,68.8809585571289,68.60201263427734,67.13982391357422,65.15547943115234,63.72489547729492,62.73796463012695,60.454288482666016,57.64820861816406,56.53964614868164,56.30341720581055,55.7467041015625,54.214027404785156,53.084774017333984,53.78913497924805,54.15938186645508,53.668025970458984,53.252525329589844
82.31966400146484,81.52055358886719,81.28602600097656,81.61735534667969,82.02195739746094,82.11479187011719,81.97035217285156,81.8353500366211,81.79327392578125,81.78079223632812,81.68904876708984,81.47998046875,81.15282440185547,80.41452026367188,78.86891174316406,76.58214569091797,74.64457702636719,73.19947052001953,71.73957824707031,70.4039077758789,69.57337188720703,69.43892669677734,69.39350128173828,68.66695404052734,67.45624542236328,67.28060913085938,68.20516204833984,69.14602661132812,69.59171295166016,68.96165466308594,67.61629486083984,66.76628875732422,65.78141021728516,63.460975646972656,60.450660705566406,58.853355407714844,58.436946868896484,57.94446563720703,56.4788932800293,55.30952072143555,55.40089416503906,55.45399856567383,55.0050163269043,54.816341400146484
84.88330078125,84.1296157836914,83.65347290039062,83.7100830078125,83.99092864990234,84.16788482666016,84.11028289794922,83.90509796142578,83.68817901611328,83.44232177734375,83.11808013916016,82.72779846191406,82.36872863769531,81.5233383178711,79.70137023925781,77.08199310302734,74.77974700927734,73.01336669921875,71.50318145751953,70.23464965820312,69.4990234375,69.45337677001953,69.59257507324219,69.22699737548828,68.25634765625,67.61103820800781,68.11852264404297,69.1737289428711,69.98824310302734,69.98064422607422,69.36943054199219,68.73159790039062,67.88675689697266,66.25796508789062,63.702491760253906,61.875308990478516,61.1815071105957,60.48720169067383,59.24098587036133,58.154937744140625,57.84466552734375,57.55886459350586,57.08689498901367,56.858272552490234
87.67304229736328,87.29685974121094,86.8304443359375,86.50760650634766,86.2918472290039,86.10570526123047,85.92546844482422,85.7334976196289,85.4420394897461,84.90170288085938,84.08293151855469,83.21630859375,82.38614654541016,81.38225555419922,79.59846496582031,77.17569732666016,74.81822204589844,72.72933197021484,71.1549301147461,69.97016143798828,69.18624114990234,69.00022888183594,69.22383880615234,69.337646484375,68.84172821044922,68.10917663574219,68.3434066772461,69.33766174316406,70.14958190917969,70.43094635009766,70.3696060180664,70.0307846069336,69.59405517578125,68.55534362792969,66.35424041748047,64.67193603515625,63.991519927978516,63.07121658325195,61.96128463745117,61.056114196777344,60.48810577392578,60.2208366394043,59.81696319580078,59.17683029174805
89.65699768066406,89.5506591796875,89.2983169555664,88.9338607788086,88.46218872070312,87.81481170654297,87.2503662109375,86.9469223022461,86.64163208007812,85.89773559570312,84.6897201538086,83.32097625732422,81.85697937011719,80.43875122070312,78.89122009277344,77.08293151855469,75.02522277832031,72.79218292236328,71.0959701538086,69.99471282958984,69.16980743408203,68.70974731445312,68.78665924072266,69.05237579345703,68.87398529052734,68.47286987304688,68.78691864013672,69.7475814819336,70.46656036376953,70.65760803222656,70.7519760131836,70.90245819091797,71.03373718261719,70.25562286376953,68.26103210449219,66.85076141357422,66.21829986572266,65.1018295288086,64.14051055908203,63.41893005371094,62.56245040893555,62.65828323364258,62.180625915527344,60.81521224975586
90.26586151123047,90.19448852539062,90.10649871826172,89.91554260253906,89.551513671875,88.85812377929688,87.97667694091797,87.28255462646484,86.7330093383789,85.90547943115234,84.70701599121094,83.23963928222656,81.31403350830078,79.2219009399414,77.7017593383789,76.65660095214844,75.264404296875,73.3014907836914,71.49894714355469,70.31412506103516,69.5825424194336,69.07866668701172,68.78411102294922,68.71366882324219,68.69745635986328,68.70755004882812,69.22544860839844,70.35494232177734,70.95601654052734,70.79441833496094,70.7922592163086,71.34380340576172,71.89796447753906,71.34855651855469,69.69945526123047,68.5504150390625,67.85393524169922,66.6393814086914,65.72142791748047,64.94999694824219,64.11817932128906,64.28588104248047,63.73330307006836,62.12004089355469
89.24353790283203,89.31267547607422,89.36911010742188,89.2742919921875,88.89588165283203,88.20889282226562,87.28588104248047,86.25801849365234,85.20308685302734,84.19622802734375,83.4065933227539,82.52687072753906,80.6765365600586,78.11679077148438,76.44166564941406,75.70965576171875,74.94917297363281,73.71731567382812,72.30854034423828,71.14427947998047,70.40213012695312,69.92548370361328,69.37969970703125,68.82169342041016,68.699462890625,68.84771728515625,69.43736267089844,70.61346435546875,71.25618743896484,70.94637298583984,70.74569702148438,71.39501190185547,72.0916519165039,71.7549057006836,70.52574157714844,69.71328735351562,69.11868286132812,67.94534301757812,66.95143127441406,66.00981903076172,65.389404296875,65.57444763183594,65.1249008178711,63.900115966796875
86.46492767333984,86.697021484375,86.83939361572266,86.69448852539062,86.04840087890625,85.15972900390625,84.29999542236328,83.31782531738281,82.13784790039062,81.07084655761719,80.73171997070312,80.99588012695312,79.91322326660156,77.06681823730469,75.13933563232422,74.5219497680664,74.12309265136719,73.52508544921875,72.73374938964844,71.97393035888672,71.42158508300781,70.97528839111328,70.329833984375,69.58734130859375,69.2117919921875,69.04393005371094,69.4371566772461,70.23448944091797,70.44190979003906,70.3422622680664,70.6623764038086,71.28569030761719,71.72996520996094,71.52017211914062,70.69499206542969,70.26081085205078,69.99565124511719,69.09317779541016,68.14051055908203,67.27111053466797,66.56175994873047,66.50328063964844,66.33248138427734,65.47062683105469
82.48065185546875,82.47769927978516,82.33660888671875,82.07527160644531,81.42240142822266,80.56329345703125,79.90545654296875,79.31192779541016,78.52889251708984,77.7278823852539,77.9021224975586,79.33721923828125,78.42835235595703,74.82842254638672,73.40445709228516,73.5616683959961,73.21107482910156,72.65190887451172,72.35018157958984,72.20355224609375,72.10833740234375,71.84649658203125,71.25235748291016,70.53553771972656,70.03606414794922,69.70489501953125,69.5997543334961,69.37305450439453,68.83451843261719,69.20977783203125,70.45005798339844,71.14382934570312,71.16712951660156,70.9738998413086,70.66060638427734,70.4825210571289,70.29005432128906,69.82335662841797,69.34909057617188,68.81580352783203,68.00315856933594,67.62124633789062,67.58899688720703,67.08019256591797
78.12480926513672,77.65780639648438,77.14533233642578,76.84296417236328,76.47447967529297,76.08173370361328,75.95985412597656,76.01010131835938,75.83663940429688,75.56627655029297,76.34430694580078,77.78520202636719,76.14249420166016,72.39707946777344,71.92052459716797,73.03996276855469,72.87708282470703,72.20561981201172,72.09593963623047,72.27799224853516,72.42506408691406,72.33100128173828,71.830810546875,71.0709228515625,70.59674835205078,70.4128189086914,70.22296905517578,69.43944549560547,67.80950927734375,67.96879577636719,69.89459991455078,70.8736343383789,70.72274780273438,70.57193756103516,70.8023681640625,70.73829650878906,70.20706176757812,69.89239501953125,70.30643463134766,70.33892822265625,69.66876220703125,69.12323760986328,68.7406997680664,68.2859878540039
74.06864166259766,73.31574249267578,72.88108825683594,72.85723876953125,72.91516876220703,72.99224853515625,73.31280517578125,73.90119934082031,74.29492950439453,74.69731903076172,76.061767578125,76.87373352050781,74.58309173583984,71.40396118164062,71.17353820800781,72.58525848388672,72.86209869384766,72.23065185546875,72.0259780883789,72.26107788085938,72.52532196044922,72.55326843261719,72.02523040771484,71.12989044189453,70.60848236083984,70.66629028320312,71.00360107421875,70.42252349853516,68.14926147460938,67.19334411621094,68.61255645751953,70.03409576416016,70.38272094726562,70.60869598388672,71.20513153076172,71.10148620605469,70.28984832763672,69.8985824584961,70.77877807617188,71.44490051269531,71.13814544677734,70.4655532836914,70.10643768310547,69.5763931274414
71.0826416015625,69.98858642578125,69.61612701416016,69.96578979492188,70.5617904663086,71.2054214477539,71.87891387939453,72.68333435058594,73.4955825805664,74.3475341796875,76.19664001464844,77.05590057373047,74.69200134277344,71.80496215820312,70.98448944091797,71.75375366210938,72.3166732788086,72.01464080810547,71.69609832763672,71.85662078857422,72.32254791259766,72.59040832519531,72.0569839477539,71.0238037109375,70.31919860839844,70.47550964355469,71.35911560058594,71.39583587646484,69.2205810546875,67.04035186767578,67.3697509765625,69.01240539550781,70.0385513305664,70.81854248046875,71.5267105102539,71.33863067626953,70.62577056884766,70.37166595458984,71.19322967529297,71.92993927001953,71.90076446533203,71.6702651977539,71.3726577758789,70.69638061523438
68.84636688232422,67.67648315429688,67.1245346069336,67.58440399169922,68.74673461914062,70.1787338256836,71.31485748291016,72.23174285888672,73.33660888671875,74.2376937866211,76.30355072021484,77.68359375,75.68404388427734,72.86027526855469,71.14702606201172,70.83796691894531,71.36195373535156,71.478271484375,71.1734848022461,71.14505767822266,71.66421508789062,72.22631072998047,71.95121002197266,70.91180419921875,69.96251678466797,69.98395538330078,71.15168762207031,71.61939239501953,69.9637222290039,67.82815551757812,67.55169677734375,68.58790588378906,69.55125427246094,70.56273651123047,71.37802124023438,71.40421295166016,71.04166412353516,71.2374267578125,72.00857543945312,72.14925384521484,72.07405853271484,72.56962585449219,72.54561614990234,71.82196044921875
