data/wind_data/wind_23_9.json
{"header": {"parameterUnit": "KT", "parameterCategory": 2, "nx": 256, "ny": 198, "lo1": 44.73521041870117, "la1": -3.236724853515625, "lo2": 111.26478576660156, "la2": 43.468475341796875, "dx": 0.2609002888202667, "dy": -0.23708222806453705, "refTime": "2025-02-19 23:00:00", "forecastTime": 0, "parameterNumber": 2, "parameterNumberName": "eastward_wind"}, "data":
[rows 95 to 113 of 198, columns 0 to 43 of 256]
2.9634366035461426,2.415682554244995,4.168055057525635,4.510359287261963,2.292964458465576,1.2404907941818237,2.3604788780212402,4.3366594314575195,6.459615707397461,8.237968444824219,9.55062198638916,9.90781021118164,9.075152397155762,7.729152679443359,6.803773403167725,6.904711723327637,7.7569580078125,8.566849708557129,8.889697074890137,8.716134071350098,8.242207527160645,7.839357376098633,7.657531261444092,7.492687225341797,7.264771938323975,7.382789134979248,8.039616584777832,8.890481948852539,9.36417293548584,9.280346870422363,9.239638328552246,9.725944519042969,10.616682052612305,11.684331893920898,12.391084671020508,11.927291870117188,10.341811180114746,8.421588897705078,6.928587913513184,5.70095682144165,4.111114025115967,2.3492538928985596,0.29916876554489136,-1.8831514120101929
2.6333327293395996,2.046645164489746,3.509500026702881,3.848414659500122,1.4602919816970825,2.1611063480377197,3.763453483581543,4.6174116134643555,5.573498725891113,7.519031047821045,9.880271911621094,11.22947883605957,11.052659034729004,10.2615327835083,9.819034576416016,9.859565734863281,9.900687217712402,9.676373481750488,9.539435386657715,9.728425025939941,9.804191589355469,9.326160430908203,8.542451858520508,7.881301403045654,7.436214447021484,7.468070030212402,8.168813705444336,9.179556846618652,9.843563079833984,9.894878387451172,9.93850040435791,10.674838066101074,11.558784484863281,11.900213241577148,11.848807334899902,11.37138843536377,10.332433700561523,8.996583938598633,7.668941497802734,6.582108974456787,5.376074314117432,4.180748462677002,3.294685125350952,2.0247232913970947
2.9675521850585938,2.358881950378418,3.3431589603424072,3.53928279876709,1.6265723705291748,3.253751039505005,4.4922099113464355,5.082183837890625,6.257855415344238,8.545989990234375,10.914209365844727,11.967879295349121,11.715516090393066,11.28758430480957,11.512289047241211,11.887003898620605,11.6659574508667,10.930103302001953,10.308686256408691,10.247406959533691,10.50729751586914,10.227343559265137,9.219717025756836,8.228873252868652,7.765056133270264,7.808572769165039,8.353448867797852,9.176440238952637,9.857565879821777,10.011569023132324,9.863388061523438,10.320446014404297,11.534191131591797,12.428257942199707,12.34200668334961,11.631478309631348,10.518847465515137,9.315572738647461,8.211605072021484,7.084959983825684,5.643226146697998,4.3449578285217285,4.421347141265869,4.967236518859863
3.914846897125244,3.188969135284424,3.8739991188049316,3.524653196334839,1.8355505466461182,3.4221997261047363,5.590482711791992,7.424962520599365,9.290059089660645,11.458721160888672,12.923946380615234,12.805902481079102,11.747145652770996,11.251485824584961,12.028823852539062,12.919447898864746,13.000527381896973,12.364679336547852,11.527910232543945,10.852578163146973,10.60765552520752,10.483617782592773,9.90109634399414,9.050207138061523,8.529845237731934,8.399497985839844,8.58168888092041,9.117698669433594,9.70312213897705,9.889811515808105,9.630497932434082,9.511334419250488,10.290923118591309,11.743736267089844,12.780797004699707,12.831109046936035,11.953425407409668,10.583608627319336,9.381998062133789,8.108261108398438,6.122653961181641,3.805868148803711,3.2251553535461426,4.918029308319092
4.456024646759033,3.189979076385498,3.739572286605835,3.2942960262298584,2.149120330810547,2.813490867614746,5.724428176879883,8.509563446044922,10.813687324523926,12.659857749938965,13.109964370727539,11.9785795211792,10.423952102661133,10.17721939086914,11.47270393371582,12.89023494720459,13.386691093444824,13.137386322021484,12.58094310760498,11.869672775268555,11.274768829345703,11.058570861816406,10.909503936767578,10.412818908691406,9.739027976989746,9.136260032653809,8.656825065612793,8.629232406616211,8.998908042907715,9.292914390563965,9.33575439453125,9.369255065917969,9.730206489562988,10.628211975097656,11.821993827819824,12.735546112060547,12.843029022216797,12.038712501525879,10.977349281311035,9.802308082580566,7.635176658630371,4.357855319976807,1.9368168115615845,2.6602251529693604
4.6082024574279785,2.3150007724761963,2.8862364292144775,2.8797359466552734,2.6902339458465576,2.721168041229248,4.4984025955200195,6.886186122894287,9.300390243530273,10.729107856750488,10.432310104370117,8.87150764465332,7.496608734130859,7.906070709228516,9.908001899719238,11.66375732421875,12.261299133300781,12.280678749084473,12.251619338989258,12.26688003540039,12.286650657653809,12.355244636535645,12.34033489227295,11.88101577758789,10.936763763427734,9.8467378616333,8.88011360168457,8.257759094238281,8.342039108276367,8.853398323059082,9.35645580291748,9.799259185791016,10.225788116455078,10.509736061096191,10.78640079498291,11.26866626739502,11.855804443359375,12.14909839630127,11.925804138183594,11.338358879089355,9.804509162902832,6.827121734619141,3.3022100925445557,1.5764954090118408
4.541684150695801,1.137712001800537,1.8544477224349976,2.007291793823242,1.986772894859314,3.3834285736083984,4.177004814147949,5.377028465270996,6.729040145874023,7.066323757171631,6.0984954833984375,4.39125919342041,3.612527370452881,5.151174545288086,7.816234111785889,9.317000389099121,9.539814949035645,9.531745910644531,9.960429191589355,10.9689359664917,12.217576026916504,13.187288284301758,13.49428939819336,13.024828910827637,11.960649490356445,10.621480941772461,9.577224731445312,8.965685844421387,8.949081420898438,9.471611976623535,9.985761642456055,10.256919860839844,10.515541076660156,10.608549118041992,10.308686256408691,9.966508865356445,10.185983657836914,11.03360652923584,11.920717239379883,12.231958389282227,11.676918983459473,9.867180824279785,6.922887325286865,3.8034045696258545
4.246984958648682,-0.028546424582600594,0.48180732131004333,0.37561655044555664,0.049450717866420746,3.2733347415924072,4.107985973358154,4.396639347076416,4.35835075378418,3.420565605163574,1.7381691932678223,0.14460547268390656,0.5776981115341187,3.2778515815734863,5.843477249145508,6.636193752288818,6.483259201049805,6.558233737945557,7.279747009277344,8.7034330368042,10.627179145812988,12.384815216064453,13.338825225830078,13.37631893157959,12.727795600891113,11.727802276611328,10.97219181060791,10.84178352355957,10.938491821289062,10.99756908416748,10.84743881225586,10.560126304626465,10.428511619567871,10.430667877197266,10.158452033996582,9.530385971069336,9.124054908752441,9.578839302062988,10.877062797546387,12.167139053344727,12.561357498168945,11.715478897094727,9.887078285217285,7.42085075378418
3.8785996437072754,-0.640974223613739,-0.8119588494300842,-1.0971091985702515,-1.3142380714416504,1.7264732122421265,3.071185827255249,3.286334753036499,2.621782064437866,1.2099852561950684,-0.6983168721199036,-1.716133952140808,-0.23624266684055328,2.6801533699035645,4.5460052490234375,4.82205867767334,4.6194233894348145,4.861383438110352,5.652997970581055,6.6909589767456055,8.118711471557617,9.909506797790527,11.45853328704834,12.382491111755371,12.706559181213379,12.792390823364258,12.822786331176758,12.947590827941895,13.029109001159668,12.575065612792969,11.68321704864502,10.857600212097168,10.470467567443848,10.413172721862793,10.198373794555664,9.515466690063477,8.61816120147705,8.349857330322266,9.361289978027344,11.036693572998047,12.154014587402344,12.266216278076172,11.456747055053711,10.181612014770508
3.3754305839538574,-1.0247045755386353,-1.692065715789795,-1.7596710920333862,-1.5369415283203125,0.17559969425201416,1.7308595180511475,1.864047884941101,1.1610971689224243,0.36666595935821533,-0.8029236793518066,-1.1122056245803833,0.6239594221115112,2.933870315551758,4.078412055969238,4.203083038330078,4.090796947479248,4.165364742279053,4.686297416687012,5.475703716278076,6.198308944702148,7.242727756500244,8.708160400390625,10.309627532958984,11.865345001220703,13.287142753601074,14.220858573913574,14.460503578186035,14.314096450805664,13.70987319946289,12.604039192199707,11.478272438049316,10.776899337768555,10.488619804382324,10.212763786315918,9.546331405639648,8.414645195007324,7.492387294769287,7.899275779724121,9.595250129699707,11.309330940246582,12.305459022521973,12.47469425201416,11.853631973266602
3.3620762825012207,-1.494649052619934,-2.149648427963257,-1.9812064170837402,-1.4399889707565308,-0.48003506660461426,0.6602030396461487,0.4833884835243225,-0.47405868768692017,-0.6377958059310913,-0.4332229495048523,0.17125754058361053,2.0508875846862793,3.8443431854248047,4.53971529006958,4.686753749847412,4.651052951812744,4.275786399841309,3.951474905014038,4.3948845863342285,5.355368137359619,6.354679584503174,7.60264253616333,9.285316467285156,11.376529693603516,13.380587577819824,14.712650299072266,15.174126625061035,15.001500129699707,14.454663276672363,13.594205856323242,12.58023452758789,11.63785457611084,10.889683723449707,10.316580772399902,9.692672729492188,8.689616203308105,7.541884899139404,7.3768630027771,8.701324462890625,10.624024391174316,12.246813774108887,13.178646087646484,13.131206512451172
4.112254619598389,-2.1558120250701904,-2.4195892810821533,-2.046290159225464,-1.282956600189209,-0.4437567889690399,0.31708797812461853,-0.07986880093812943,-1.7172280550003052,-2.3712289333343506,-1.4106318950653076,0.3877512216567993,2.9424448013305664,4.892247200012207,5.7286906242370605,6.050742149353027,5.92679500579834,4.965422630310059,3.592705726623535,3.019674062728882,3.9960951805114746,5.840512275695801,7.945151329040527,10.15476131439209,12.177931785583496,13.677675247192383,14.555042266845703,14.983467102050781,15.117274284362793,14.98295783996582,14.528356552124023,13.719854354858398,12.725435256958008,11.819252014160156,11.063648223876953,10.2589111328125,9.162121772766113,8.016528129577637,7.760180950164795,8.79151439666748,10.220431327819824,11.495125770568848,12.772427558898926,13.491640090942383
4.777683258056641,-1.8371362686157227,-1.8762563467025757,-1.1111507415771484,0.16672514379024506,0.01245830673724413,0.598596453666687,0.5028157234191895,-1.6261014938354492,-3.4353761672973633,-2.878190517425537,-0.35377073287963867,2.8014352321624756,5.207688808441162,6.465254783630371,7.02384090423584,6.719977855682373,5.245357990264893,3.3049471378326416,2.132991313934326,2.5308289527893066,4.423549175262451,7.1888298988342285,10.266443252563477,12.6336669921875,13.680209159851074,13.848010063171387,13.9407958984375,14.247052192687988,14.470718383789062,14.33699893951416,13.870129585266113,13.310227394104004,12.775532722473145,12.02414321899414,10.812654495239258,9.28307819366455,8.123236656188965,8.178425788879395,9.343963623046875,10.29006290435791,10.805554389953613,11.81335735321045,12.965836524963379
5.081971645355225,0.004954179283231497,0.07331681996583939,1.3625959157943726,4.238523006439209,2.554750442504883,2.042760133743286,1.9977082014083862,-0.06662994623184204,-2.4426701068878174,-2.7454895973205566,-0.5333035588264465,2.482816457748413,4.9453582763671875,6.32024621963501,6.980076313018799,6.585836410522461,4.869834899902344,2.9131693840026855,2.0216434001922607,2.4399545192718506,3.869319200515747,6.126720428466797,8.99522876739502,11.541041374206543,12.710044860839844,12.658156394958496,12.388558387756348,12.440472602844238,12.625852584838867,12.719038963317871,12.796257019042969,12.92563533782959,12.786506652832031,11.917966842651367,10.312694549560547,8.545400619506836,7.53503942489624,8.015913009643555,9.520170211791992,10.536972045898438,10.667941093444824,11.331677436828613,12.658321380615234
5.257847785949707,1.6136350631713867,2.2132112979888916,4.308180809020996,9.671671867370605,8.790485382080078,6.519144535064697,4.531466484069824,2.2779088020324707,0.0188052486628294,-0.7943770885467529,0.4187394380569458,2.7810490131378174,4.79164457321167,5.820189476013184,6.365296840667725,6.1384358406066895,4.568388938903809,2.8103935718536377,2.3827857971191406,3.2715370655059814,4.69639253616333,6.254382610321045,8.055218696594238,9.990488052368164,11.26296329498291,11.419970512390137,10.892425537109375,10.422867774963379,10.378132820129395,10.643760681152344,11.029296875,11.323478698730469,11.094154357910156,9.966800689697266,8.185806274414062,6.557991027832031,6.017356872558594,7.048130989074707,8.935208320617676,10.416128158569336,10.919512748718262,11.460445404052734,12.89792251586914
5.321917533874512,2.022566318511963,3.445441722869873,6.408100605010986,13.463696479797363,14.16384506225586,11.806004524230957,7.906250476837158,4.713798522949219,2.4989395141601562,1.8226027488708496,2.3207547664642334,3.9554805755615234,5.364846229553223,5.615683078765869,5.577843189239502,5.540180683135986,4.635095119476318,3.454012155532837,3.3057610988616943,4.355452537536621,5.813553810119629,6.882796764373779,7.694461822509766,8.751092910766602,9.826899528503418,10.265359878540039,9.906671524047852,9.367780685424805,9.160124778747559,9.10728931427002,8.944634437561035,8.681699752807617,8.186395645141602,7.124083995819092,5.671882152557373,4.704875469207764,4.997503757476807,6.500279426574707,8.43734359741211,10.09017562866211,11.114812850952148,11.932331085205078,13.696642875671387
5.35705041885376,2.3835246562957764,4.387864589691162,7.656170845031738,15.078231811523438,16.1837100982666,14.19307804107666,10.423712730407715,6.972519397735596,4.534229278564453,3.8610520362854004,4.441296100616455,5.809063911437988,6.825991153717041,6.009949207305908,4.7805986404418945,4.494241237640381,4.7091264724731445,4.943772792816162,5.101317405700684,5.663567543029785,6.628253936767578,7.348547458648682,7.508361339569092,7.741038799285889,8.466296195983887,9.2643461227417,9.72604751586914,9.871787071228027,9.768198013305664,9.207473754882812,8.157257080078125,7.108914375305176,6.317207336425781,5.513521194458008,4.733279228210449,4.5618438720703125,5.368429660797119,6.874638080596924,8.52279281616211,9.956560134887695,11.206144332885742,12.70455551147461,14.869354248046875
5.457281589508057,4.376766204833984,6.0546040534973145,8.858296394348145,15.836213111877441,17.11097526550293,15.125618934631348,12.17786693572998,9.193225860595703,6.750328540802002,5.557473182678223,6.045863151550293,7.514479637145996,8.444058418273926,6.538594722747803,4.031294822692871,3.278980255126953,4.5950517654418945,6.505458831787109,7.2187604904174805,6.8578314781188965,6.746537685394287,7.3097734451293945,7.612071514129639,7.561948776245117,7.918202877044678,8.90025806427002,10.13017463684082,11.06308650970459,11.337038040161133,10.798239707946777,9.422233581542969,7.780082702636719,6.626041889190674,6.1216044425964355,6.002634048461914,6.058906078338623,6.480124473571777,7.50935697555542,8.83751392364502,9.993194580078125,11.24260425567627,13.123473167419434,15.111359596252441
5.557041168212891,6.673985004425049,7.720407009124756,9.988212585449219,16.17849349975586,18.291439056396484,16.083803176879883,13.358205795288086,11.123496055603027,9.317390441894531,8.013875961303711,8.01608657836914,9.293066024780273,9.997248649597168,7.085865497589111,3.502075672149658,2.530935764312744,4.479040145874023,7.359867095947266,8.38320541381836,7.238253593444824,6.227911949157715,6.656792640686035,7.694639682769775,8.416358947753906,8.857176780700684,9.60684871673584,10.875157356262207,12.137293815612793,12.796375274658203,12.572254180908203,11.273075103759766,9.466265678405762,8.255376815795898,8.134946823120117,8.389429092407227,8.057258605957031,7.473896026611328,7.854472637176514,9.003230094909668,9.984915733337402,11.125737190246582,12.90503215789795,14.438232421875
