data/wind_data/wind_2_5.json
{"header": {"parameterUnit": "KT", "parameterCategory": 2, "nx": 256, "ny": 198, "lo1": 44.73521041870117, "la1": -3.236724853515625, "lo2": 111.26478576660156, "la2": 43.468475341796875, "dx": 0.2609002888202667, "dy": -0.23708222806453705, "refTime": "2025-02-19 02:00:00", "forecastTime": 0, "parameterNumber": 2, "parameterNumberName": "eastward_wind"}, "data":
[rows 114 to 132 of 198, columns 44 to 87 of 256]
47.459632873535156,45.9542121887207,46.707340240478516,48.048866271972656,48.98615264892578,49.74768829345703,50.105533599853516,49.89553451538086,49.84009552001953,50.46188735961914,51.26552963256836,51.5375862121582,51.50551986694336,51.70531463623047,52.0028076171875,52.23603439331055,52.564022064208984,52.88170623779297,53.1588134765625,53.47312545776367,53.34305953979492,52.078433990478516,50.352943420410156,49.48903274536133,49.9239501953125,51.24168014526367,52.294803619384766,52.468994140625,52.69355010986328,53.3177490234375,54.059776306152344,54.988651275634766,55.13896560668945,53.826942443847656,51.63523483276367,49.5351448059082,47.55482864379883,46.64189910888672,46.72020721435547,46.8824577331543,46.73221206665039,45.93270492553711,45.03190612792969,43.599945068359375
49.24912643432617,47.74245071411133,47.80708694458008,48.45951843261719,49.42918395996094,50.831268310546875,51.4890022277832,51.103336334228516,50.57084655761719,50.548370361328125,51.0057258605957,51.25605773925781,51.401031494140625,51.96376037597656,52.73719024658203,53.26216125488281,53.41823196411133,53.26510238647461,53.1694221496582,53.205108642578125,52.667911529541016,51.715965270996094,51.240135192871094,51.65159225463867,52.7752571105957,54.03715133666992,54.93345260620117,55.37384033203125,55.583988189697266,55.67941665649414,55.422019958496094,54.92307662963867,54.03417205810547,52.56697082519531,50.415611267089844,48.402286529541016,46.92237854003906,46.18662643432617,45.832603454589844,45.22284698486328,44.450965881347656,43.605865478515625,43.40935134887695,43.40110778808594
49.722564697265625,49.020538330078125,49.44209289550781,50.04161071777344,51.1051025390625,52.52102279663086,52.68377685546875,51.84126663208008,51.143096923828125,50.88864517211914,51.132511138916016,51.41120529174805,51.710147857666016,52.35832977294922,53.19667053222656,53.83450698852539,54.04877471923828,54.05144500732422,54.08867263793945,53.91160583496094,53.749908447265625,54.075592041015625,54.80189895629883,55.72877883911133,56.25142288208008,55.84840393066406,55.48667526245117,55.85676956176758,56.173099517822266,55.768497467041016,54.736061096191406,53.55988311767578,52.37730407714844,51.09206771850586,49.44969177246094,47.72623825073242,46.28411102294922,45.271873474121094,44.44607925415039,44.10810089111328,44.067962646484375,43.066993713378906,42.846248626708984,43.03779983520508
49.407752990722656,49.40238571166992,50.287147521972656,51.346092224121094,52.802207946777344,54.09893035888672,53.713863372802734,51.852455139160156,50.59632873535156,50.48021697998047,51.07555389404297,52.08787155151367,53.13663101196289,53.95576858520508,54.751800537109375,55.59833908081055,56.16489791870117,56.70278549194336,57.304141998291016,57.592037200927734,58.2224006652832,58.87192153930664,58.78341293334961,58.58211898803711,58.15523910522461,56.7222900390625,55.25042724609375,54.441768646240234,53.956687927246094,53.79471206665039,53.77582931518555,53.552677154541016,52.7926025390625,51.04104232788086,48.6810302734375,47.06191635131836,45.862239837646484,44.596961975097656,43.453243255615234,43.29505920410156,43.38034439086914,41.88173294067383,40.87123107910156,40.324703216552734
49.26551055908203,49.568363189697266,50.591915130615234,51.9634895324707,53.28029251098633,54.305511474609375,54.505699157714844,51.61800765991211,49.138816833496094,50.05082702636719,51.726322174072266,53.427547454833984,54.879364013671875,55.848697662353516,56.762725830078125,57.7065544128418,58.33460998535156,59.158897399902344,60.504032135009766,61.72754669189453,62.583457946777344,62.60287857055664,61.613895416259766,60.177085876464844,58.489112854003906,56.6357421875,55.31124496459961,54.038360595703125,52.699710845947266,52.538814544677734,53.52571105957031,54.312076568603516,54.16162109375,52.60022735595703,49.2938346862793,46.63665771484375,45.540950775146484,44.41682815551758,42.70079040527344,41.993412017822266,42.07965087890625,40.79023361206055,39.88414764404297,39.19868469238281
49.28329849243164,49.508548736572266,50.44872283935547,51.672752380371094,52.73480224609375,53.58772277832031,53.88117599487305,50.74409866333008,48.740028381347656,50.92849349975586,52.83534622192383,54.118797302246094,55.44790267944336,56.44980239868164,57.30414962768555,58.160423278808594,58.922035217285156,59.94066619873047,61.361610412597656,62.58986282348633,63.028656005859375,62.69462585449219,61.504852294921875,59.914615631103516,58.728477478027344,57.72836685180664,56.41322708129883,53.922767639160156,51.4002571105957,50.85098648071289,52.181583404541016,53.63304901123047,53.773582458496094,52.378177642822266,49.9930305480957,48.23493194580078,47.627525329589844,46.81957244873047,45.02996063232422,43.38625717163086,42.59806442260742,41.48355484008789,40.726234436035156,39.829063415527344
49.49298858642578,49.41040802001953,50.03801345825195,51.27120590209961,52.443687438964844,53.143550872802734,52.98390579223633,50.869728088378906,50.53496551513672,52.372779846191406,53.381813049316406,54.337650299072266,55.83790969848633,57.1445426940918,57.969398498535156,58.52761459350586,59.11437225341797,60.154361724853516,61.903377532958984,63.58231735229492,63.56666946411133,61.965274810791016,60.02294921875,59.03931427001953,59.102325439453125,58.5408821105957,55.951725006103516,51.30622482299805,48.29817581176758,48.396583557128906,49.81761932373047,51.46516799926758,52.4483642578125,51.8394775390625,50.70139694213867,50.26768493652344,49.82180404663086,48.15541458129883,45.49430847167969,42.92824935913086,40.975921630859375,40.530765533447266,41.193809509277344,40.939788818359375
49.68244552612305,49.49412536621094,50.05316162109375,51.450103759765625,52.83160400390625,53.522010803222656,53.22055435180664,52.16888427734375,52.20505142211914,53.308712005615234,54.142852783203125,55.12561798095703,56.526885986328125,57.79829025268555,58.69663619995117,59.54020690917969,60.517330169677734,61.5311279296875,63.07532501220703,64.6204605102539,63.776214599609375,61.29084396362305,60.332557678222656,60.80225372314453,60.49338150024414,58.008731842041016,53.48241424560547,48.39068603515625,46.1994514465332,46.347530364990234,46.580848693847656,47.82419967651367,50.13887405395508,51.41438674926758,51.563209533691406,51.13562774658203,49.9669303894043,48.912784576416016,47.80202865600586,45.019874572753906,41.08001708984375,39.85704803466797,40.81867599487305,41.05107116699219
50.853084564208984,50.92100143432617,51.178348541259766,51.94382095336914,52.957130432128906,53.63743209838867,53.482032775878906,53.26405715942383,53.786582946777344,54.59716796875,55.35930252075195,56.31089401245117,57.55602264404297,58.80025863647461,59.614715576171875,60.418601989746094,61.55572509765625,62.61674880981445,63.945770263671875,65.20889282226562,64.06642150878906,61.902000427246094,61.921878814697266,61.17857360839844,57.922061920166016,52.86431884765625,48.079872131347656,46.3400993347168,46.191650390625,46.169559478759766,45.64204406738281,45.82957458496094,47.149166107177734,48.62480926513672,49.960479736328125,50.34999465942383,49.75988006591797,49.51862716674805,49.079490661621094,47.00282287597656,43.269142150878906,40.67583084106445,39.875762939453125,39.495296478271484
52.792137145996094,53.09674835205078,53.305877685546875,53.22470474243164,53.51951599121094,54.0707893371582,54.155006408691406,54.23297882080078,54.46404266357422,55.12771987915039,56.37614822387695,57.64359664916992,58.73072814941406,59.88716125488281,60.51460266113281,61.08078384399414,62.53791427612305,63.5886116027832,64.03973388671875,64.39595031738281,63.720802307128906,63.119075775146484,62.45437240600586,57.296775817871094,52.10022735595703,46.49836730957031,45.213565826416016,45.47404861450195,45.782039642333984,45.92149353027344,45.22589874267578,44.490692138671875,44.617919921875,45.179222106933594,46.42071533203125,48.09961700439453,48.88628005981445,49.25987243652344,49.06982421875,47.583797454833984,44.52421569824219,41.097801208496094,38.61660385131836,37.37893295288086
54.95494842529297,55.168701171875,54.653907775878906,53.73957061767578,53.616214752197266,54.22233963012695,54.52079772949219,54.46076965332031,54.74204635620117,56.01700210571289,57.32651138305664,57.90882110595703,58.35741424560547,59.52894973754883,60.499263763427734,61.039119720458984,62.48344802856445,63.64011001586914,63.74848937988281,63.73686218261719,63.471134185791016,62.119895935058594,57.340824127197266,51.759944915771484,48.315670013427734,47.167110443115234,47.22402572631836,47.66310119628906,47.945655822753906,47.426902770996094,46.305660247802734,45.80720520019531,46.15461349487305,46.61669158935547,46.80497741699219,47.37649917602539,48.22336959838867,48.44874572753906,47.685543060302734,46.331886291503906,43.69511413574219,40.22080993652344,37.2518196105957,35.770381927490234
55.106529235839844,55.36072540283203,55.55318069458008,54.543663024902344,53.23736572265625,54.48755645751953,55.132171630859375,54.971466064453125,55.68996810913086,56.73093795776367,56.88626480102539,56.672080993652344,56.88839340209961,57.972503662109375,59.329010009765625,60.30043411254883,61.643402099609375,63.05119705200195,63.6678352355957,63.25099182128906,61.49186706542969,57.64727020263672,52.3996467590332,49.50630187988281,48.95265197753906,48.997806549072266,49.155887603759766,48.90540313720703,48.01092529296875,47.46123123168945,48.006595611572266,48.943023681640625,49.34822463989258,48.69893264770508,47.76380157470703,46.69279861450195,45.67160415649414,45.60422897338867,45.2679328918457,44.42372512817383,42.19427490234375,39.23728561401367,36.55817413330078,35.188255310058594
54.80971908569336,55.61481475830078,55.782596588134766,56.15465545654297,53.383758544921875,54.10919189453125,55.02185821533203,55.67308807373047,56.25809860229492,55.671382904052734,55.658416748046875,56.19059371948242,56.90117645263672,57.72463607788086,58.500789642333984,59.118709564208984,59.851261138916016,61.44231414794922,62.9403190612793,61.56312561035156,57.37886047363281,52.2630729675293,49.136627197265625,48.22700500488281,47.520809173583984,46.82968521118164,46.341697692871094,46.03247833251953,45.46842575073242,45.609405517578125,47.10071563720703,48.253387451171875,48.26810836791992,47.34449768066406,46.78010177612305,46.18500518798828,44.847896575927734,43.8973388671875,44.11874771118164,43.00419616699219,42.3953971862793,39.00980758666992,35.893348693847656,34.487060546875
54.85993957519531,55.855812072753906,56.233238220214844,56.8382453918457,54.05367660522461,52.94154357910156,54.346435546875,56.38862609863281,55.869895935058594,54.95429992675781,55.219791412353516,55.931129455566406,56.88411331176758,57.45391845703125,57.75730895996094,58.30796813964844,58.81965255737305,60.4385986328125,61.5540657043457,57.9351806640625,52.68003463745117,47.83012390136719,46.292015075683594,45.54182815551758,44.1724967956543,42.63350296020508,41.528297424316406,41.27419662475586,41.16665267944336,41.48359298706055,42.49946212768555,43.149478912353516,43.28218460083008,42.79280090332031,43.04450225830078,43.3431510925293,42.42271423339844,41.611000061035156,41.67789077758789,41.7886962890625,40.582374572753906,37.265811920166016,35.13581466674805,34.56660079956055
55.07510757446289,56.050315856933594,56.618412017822266,56.48648452758789,55.83448791503906,54.523807525634766,54.675926208496094,56.799495697021484,56.611934661865234,55.37430191040039,55.121116638183594,55.41733932495117,56.07102966308594,56.67521286010742,57.55419921875,58.64588165283203,59.03013610839844,59.961978912353516,59.30528259277344,55.56876754760742,51.70109939575195,49.24337387084961,48.51128387451172,47.57172775268555,45.60991668701172,43.35441589355469,41.52363586425781,40.98175048828125,41.14181900024414,41.02338409423828,40.53156661987305,39.409793853759766,37.866329193115234,36.203636169433594,36.22026062011719,37.896854400634766,38.44376754760742,37.25038146972656,36.599613189697266,37.13910675048828,35.47513961791992,35.59278106689453,35.3044548034668,34.54715347290039
55.60034942626953,56.94099044799805,57.98755645751953,58.348392486572266,58.611019134521484,56.1649169921875,54.337520599365234,57.63380813598633,58.110652923583984,56.62599182128906,55.547637939453125,55.14624786376953,55.344627380371094,56.137046813964844,57.57737350463867,58.75390625,58.919349670410156,59.166927337646484,58.11099624633789,55.028079986572266,52.045387268066406,50.87112808227539,50.66284942626953,49.95181655883789,48.53757858276367,46.186519622802734,44.09309387207031,43.726200103759766,44.16790771484375,43.894676208496094,42.281654357910156,39.100189208984375,35.591224670410156,33.00436019897461,31.957242965698242,32.92610549926758,33.941688537597656,33.886268615722656,34.198028564453125,35.469112396240234,35.45112609863281,35.641395568847656,36.073123931884766,34.38888931274414
56.845314025878906,58.872314453125,60.88286590576172,61.25563049316406,60.92743682861328,56.22621154785156,55.35280227661133,57.88908767700195,57.5832405090332,55.61754608154297,53.730220794677734,52.94126510620117,53.1988525390625,54.79205322265625,57.181907653808594,58.454586029052734,58.298583984375,58.188690185546875,57.71355438232422,56.12384796142578,53.61146926879883,50.283390045166016,47.62479019165039,46.1712532043457,45.48834228515625,44.589439392089844,43.954505920410156,44.2535285949707,44.610111236572266,44.1566276550293,41.92528533935547,37.389713287353516,33.527137756347656,31.8521728515625,31.336856842041016,31.915603637695312,33.4406623840332,34.71724319458008,35.841556549072266,36.435874938964844,35.812103271484375,34.95995330810547,35.13057327270508,33.88356399536133
57.881996154785156,59.18846893310547,60.99360656738281,61.04634475708008,60.90922164916992,55.587100982666016,55.34980392456055,56.79336166381836,53.991268157958984,51.128475189208984,49.84762191772461,49.775550842285156,50.71768569946289,53.266178131103516,56.635498046875,57.92119598388672,57.272666931152344,56.55464172363281,55.73112869262695,54.17121887207031,51.52723693847656,48.07029724121094,44.99441909790039,42.85866165161133,41.636863708496094,41.022186279296875,41.185306549072266,41.88627624511719,42.15211486816406,41.60253143310547,39.67044448852539,36.44251251220703,33.90145492553711,32.39384841918945,31.785888671875,32.93667984008789,34.96554946899414,37.014625549316406,37.40666961669922,36.175018310546875,34.97726821899414,34.337852478027344,33.606815338134766,32.101341247558594
57.448917388916016,57.35131072998047,58.441566467285156,58.57585525512695,59.22296142578125,55.23194885253906,54.57374954223633,53.40648651123047,50.038883209228516,48.3922004699707,48.1380500793457,48.29502487182617,49.230342864990234,51.75041580200195,55.18465805053711,56.41903305053711,55.69773864746094,54.72601318359375,52.84390640258789,50.83448791503906,49.29606246948242,47.6001091003418,44.75994110107422,41.43354415893555,39.2678337097168,38.500030517578125,38.67864227294922,39.120933532714844,39.140567779541016,38.348854064941406,37.10313034057617,35.56821823120117,34.10411071777344,32.994380950927734,32.74679183959961,34.228233337402344,36.07187271118164,36.74425506591797,35.59457778930664,33.82027816772461,32.52295684814453,33.07182312011719,33.68709945678711,32.07356643676758
