data/wind_data/wind_31_4.json
{"header": {"parameterUnit": "KT", "parameterCategory": 2, "nx": 256, "ny": 198, "lo1": 44.73521041870117, "la1": -3.236724853515625, "lo2": 111.26478576660156, "la2": 43.468475341796875, "dx": 0.2609002888202667, "dy": -0.23708222806453705, "refTime": "2025-02-20 07:00:00", "forecastTime": 0, "parameterNumber": 2, "parameterNumberName": "eastward_wind"}, "data":
[rows 19 to 37 of 198, columns 132 to 175 of 256]
-5.18058967590332,-5.604727745056152,-4.488357067108154,-4.229712009429932,-2.6923108100891113,-5.419565200805664,-4.7867655754089355,-3.196307897567749,-3.9005541801452637,-3.46590518951416,-3.3051490783691406,-2.929816246032715,-2.258816719055176,-4.393668174743652,-4.722517967224121,-4.253335475921631,-1.380759358406067,-3.279087543487549,-3.2223660945892334,-3.7996132373809814,-2.515045404434204,-0.7597130537033081,-1.6844748258590698,-2.960376262664795,-4.4685468673706055,-4.306215286254883,-4.022191047668457,-4.88116979598999,-4.074693202972412,-1.9190728664398193,-0.430084764957428,0.8336191773414612,0.7166708707809448,-0.14452292025089264,-2.161539316177368,-0.864770233631134,2.3392562866210938,3.187100410461426,-2.906935453414917,-3.8424317836761475,-0.17823901772499084,2.381722927093506,2.624830722808838,3.45915150642395
-3.381476402282715,-6.295109748840332,-4.80643892288208,-3.2178618907928467,-4.290775775909424,-3.698746681213379,-3.66867995262146,-3.031121253967285,-3.19599986076355,-5.046798229217529,-3.777385711669922,-3.3534815311431885,0.0006633708835579455,2.5958776473999023,0.00030461110873147845,-4.87894868850708,-6.453848838806152,-5.768638610839844,-5.384947299957275,-4.546279430389404,-0.8803339600563049,-4.404944896697998,-6.646774768829346,-3.321176767349243,-2.1232049465179443,-1.8542762994766235,-2.4515678882598877,-4.538787841796875,-4.571688175201416,-2.334523916244507,-0.1372414082288742,1.0735509395599365,1.7698272466659546,1.9236693382263184,1.1388434171676636,-0.4306817650794983,2.5522615909576416,6.045148849487305,5.54942512512207,0.4642142355442047,-1.7574198246002197,1.5215891599655151,3.844419479370117,4.776946067810059
-2.2646071910858154,-9.648456573486328,-6.851401329040527,-4.652845859527588,-2.5686049461364746,-1.3425003290176392,-3.1120400428771973,-5.456734657287598,-4.0979743003845215,-6.8832011222839355,-3.5396785736083984,-1.7099708318710327,-3.4598915576934814,-11.95094108581543,-7.346558094024658,-8.984200477600098,-6.638701915740967,-3.8458869457244873,-1.7801865339279175,-3.9688403606414795,-2.3110191822052,-5.274785041809082,-5.92120361328125,-4.251217842102051,-1.7321768999099731,0.5938104391098022,0.11875449120998383,-0.8227105736732483,-1.1931278705596924,-1.2792562246322632,-0.6015920639038086,0.5493015646934509,0.8504151701927185,-0.20295529067516327,1.6895533800125122,1.1657606363296509,3.7583720684051514,5.316532611846924,7.419795513153076,4.55802059173584,0.48313120007514954,1.0579794645309448,3.450319528579712,5.39525032043457
-4.761770248413086,-4.325777530670166,-4.444839954376221,-2.047187089920044,-1.292549729347229,-0.8737996816635132,-5.108393669128418,-5.892535209655762,-3.3198776245117188,-0.544941246509552,0.3152723014354706,1.7012956142425537,-5.4039130210876465,-13.685623168945312,-8.930805206298828,-12.402409553527832,-5.000983238220215,-2.246173620223999,-1.5664793252944946,-6.041079044342041,-6.645448207855225,-4.640994071960449,-2.8727424144744873,-3.903813600540161,-1.7916616201400757,0.27036261558532715,0.8558392524719238,1.224714756011963,2.1597485542297363,2.247692823410034,1.3913745880126953,1.0002094507217407,0.5187088847160339,-2.19500470161438,0.04593910276889801,1.339778184890747,4.293829917907715,4.163759231567383,5.664319038391113,5.538781642913818,5.45073127746582,4.59940242767334,3.0634703636169434,4.628477573394775
-5.170770168304443,-2.9165520668029785,-2.7855446338653564,-3.461374044418335,-4.417404651641846,-3.062326192855835,-7.140303611755371,-4.942131042480469,-1.7100881338119507,-0.060900066047906876,-1.934017539024353,-1.0495327711105347,-3.990405559539795,-6.300943374633789,-6.394702911376953,-8.762450218200684,-4.842596054077148,-4.1136579513549805,-5.372352600097656,-5.923183441162109,-5.335604667663574,-3.069993019104004,-0.851045548915863,-2.7455577850341797,-0.2266196459531784,-0.6822634935379028,1.1493431329727173,1.78360116481781,3.1260921955108643,3.9348974227905273,3.668025255203247,2.5991814136505127,1.6328060626983643,2.0781750679016113,-0.10051213204860687,2.4451537132263184,5.151055335998535,2.4505772590637207,4.419461250305176,3.608581066131592,5.944451808929443,7.483509540557861,6.359732627868652,5.422233581542969
-4.2077484130859375,-2.6638078689575195,-2.3359875679016113,-2.867244005203247,-3.3856589794158936,-1.9421586990356445,-6.5605974197387695,-5.849883556365967,0.12233146280050278,1.117011547088623,-0.06025780737400055,-1.5323922634124756,-1.6881248950958252,-0.9092122316360474,-1.759704351425171,-4.350704669952393,-3.410090208053589,-1.6723932027816772,-1.5520020723342896,-2.000156879425049,-3.6918234825134277,-2.8747916221618652,-0.49509868025779724,0.26795217394828796,0.5239937901496887,0.34544914960861206,1.4570049047470093,2.0526766777038574,2.9027881622314453,3.5240862369537354,3.7925631999969482,4.526307106018066,5.671395301818848,3.0033693313598633,0.6604956388473511,2.6426258087158203,4.099747180938721,5.22625207901001,4.97359037399292,4.851013660430908,5.478982448577881,6.061766624450684,6.660023212432861,7.91897439956665
-3.565366744995117,-4.072683334350586,-3.4551949501037598,-2.0695576667785645,-1.8560454845428467,-1.7791202068328857,-3.570425271987915,-3.7117934226989746,0.09688122570514679,0.6270297169685364,0.3176523447036743,0.17063242197036743,1.018449068069458,2.2923552989959717,0.9058573842048645,-0.023732874542474747,-0.6650307178497314,-0.061534199863672256,-0.3051604628562927,-0.2711574137210846,0.0013206636067479849,-1.442237377166748,-0.7985671758651733,0.48977065086364746,1.3934941291809082,1.8721927404403687,2.1346867084503174,2.2366909980773926,2.832385540008545,3.099761724472046,3.742882251739502,4.244411945343018,5.000295639038086,0.305911123752594,1.2497012615203857,4.486980438232422,5.2873854637146,4.797696113586426,5.796840190887451,6.786438465118408,5.554322242736816,6.034096717834473,6.313594341278076,7.801231384277344
-3.8245859146118164,-4.737402439117432,-3.8974621295928955,-2.174846649169922,-1.753028154373169,-2.261761426925659,-3.0782103538513184,-2.7064285278320312,-0.5867170095443726,0.5784503221511841,0.9526496529579163,0.2672303318977356,0.748750627040863,2.2903926372528076,2.108311891555786,2.301565408706665,1.0393809080123901,0.3422500193119049,0.3651376962661743,0.7281618714332581,0.1590920388698578,-0.5255301594734192,0.5046947002410889,1.0367110967636108,2.1135175228118896,2.6770548820495605,2.6443498134613037,2.61161208152771,3.0213463306427,2.9775757789611816,4.4848785400390625,5.399941444396973,6.390690803527832,3.446366548538208,1.7769330739974976,2.2280755043029785,3.585520029067993,5.606984615325928,6.646856784820557,6.175324440002441,6.069621562957764,8.152994155883789,7.800368785858154,7.775224685668945
-4.734201908111572,-5.597301006317139,-4.730342388153076,-3.445732355117798,-2.461491107940674,-1.8689634799957275,-1.9049770832061768,-3.858595132827759,-0.7553665041923523,0.3104498088359833,0.510058581829071,0.2748374938964844,0.6326735019683838,2.311248779296875,2.5544049739837646,3.118814468383789,1.9992220401763916,0.8635439276695251,1.2316241264343262,1.54647958278656,1.1579197645187378,1.0411885976791382,1.5862627029418945,2.1440463066101074,2.4819843769073486,2.76116681098938,2.8518247604370117,2.9376814365386963,3.074437141418457,3.389411687850952,4.719553470611572,5.891407012939453,6.602138519287109,5.939521789550781,7.343284606933594,6.489088535308838,4.3294501304626465,5.011598587036133,6.448480129241943,6.908447265625,5.605185031890869,6.963823318481445,8.44408893585205,7.345137119293213
-5.005117893218994,-6.423338890075684,-4.907224655151367,-4.248373031616211,-3.4497439861297607,-2.024012565612793,-0.6328343152999878,-4.249631881713867,-0.7772742509841919,-0.1745309829711914,-0.15288129448890686,0.13371573388576508,0.886870801448822,1.8068591356277466,2.460087299346924,3.225020170211792,2.083568811416626,1.5860687494277954,2.061678409576416,1.949758768081665,1.8704288005828857,2.2792794704437256,2.7623708248138428,3.168605089187622,3.209376573562622,3.4008584022521973,3.3230977058410645,3.808242082595825,4.60779333114624,4.921367645263672,5.49851655960083,6.173768043518066,6.372707366943359,7.01249361038208,7.880214214324951,9.83390998840332,8.2742280960083,5.460793972015381,4.214186668395996,4.981083869934082,6.4531941413879395,9.550403594970703,9.631216049194336,8.327437400817871
-4.747010707855225,-6.204085826873779,-4.643768310546875,-4.492839336395264,-4.288923740386963,-4.436712265014648,-4.148936748504639,-1.3790526390075684,-0.6918309330940247,-0.7737928628921509,-0.8305201530456543,-0.5697201490402222,0.8445068597793579,1.7970057725906372,2.153372287750244,2.500761032104492,2.209653854370117,2.2802376747131348,2.5811283588409424,2.5046162605285645,2.5222294330596924,3.055337429046631,3.694305896759033,4.095688343048096,4.173728942871094,4.118481159210205,3.539644241333008,3.691896915435791,4.6448750495910645,5.530943870544434,6.857227802276611,7.95667839050293,6.658597469329834,7.296022891998291,8.313193321228027,9.683512687683105,9.498217582702637,10.38481330871582,8.450718879699707,6.28112268447876,6.327182292938232,7.670841693878174,8.270110130310059,8.558629035949707
-6.610861778259277,-5.6127824783325195,-4.48214054107666,-5.063664436340332,-4.75485372543335,-4.458622932434082,-3.448606491088867,-2.722360849380493,-2.772871732711792,-2.6362459659576416,-1.4564661979675293,-1.5858749151229858,-0.1017187237739563,0.6643885970115662,1.1152145862579346,1.2986693382263184,1.7821094989776611,2.006108283996582,2.353584051132202,2.736551523208618,3.0167558193206787,3.297924041748047,3.7099454402923584,4.056179523468018,4.294914722442627,4.288584232330322,3.7902181148529053,3.9995906352996826,4.496859073638916,5.4463958740234375,6.222226619720459,6.540604114532471,7.325573444366455,7.222229957580566,8.44838809967041,9.22086238861084,8.765708923339844,10.38713550567627,10.502859115600586,10.3884916305542,8.10062026977539,6.8995137214660645,6.509220600128174,7.723136901855469
-6.088328838348389,-6.076761722564697,-6.165743827819824,-6.627106666564941,-6.1582794189453125,-5.683820724487305,-4.7368083000183105,-4.400580406188965,-4.1521525382995605,-4.0256147384643555,-2.950627565383911,-3.45271635055542,-2.2733030319213867,-1.743860125541687,-0.2956400215625763,-1.1242711544036865,0.013525022193789482,0.3220464885234833,0.39154961705207825,1.205148696899414,2.2163004875183105,2.5311203002929688,2.525228500366211,2.6326444149017334,3.255311965942383,4.142866134643555,3.9468095302581787,3.942133665084839,3.9453487396240234,4.678206443786621,6.03873872756958,6.701127052307129,6.1250319480896,6.226417541503906,7.693325519561768,8.07834529876709,8.656229019165039,9.23444652557373,9.085271835327148,9.308295249938965,9.643610954284668,8.86729621887207,7.0288896560668945,6.87910795211792
-7.301625728607178,-7.518988132476807,-8.100922584533691,-8.234664916992188,-7.601716995239258,-6.757506847381592,-6.04815673828125,-6.239539623260498,-6.6457414627075195,-5.959315299987793,-4.7461442947387695,-5.325689792633057,-4.4731364250183105,-4.897718906402588,-2.3482189178466797,-4.496867656707764,-2.1725239753723145,-2.2392261028289795,-2.1126744747161865,-1.1904197931289673,-0.2111792415380478,0.22166132926940918,0.364458292722702,0.6569456458091736,1.5343083143234253,2.988671064376831,3.630624771118164,3.2820496559143066,3.260714054107666,3.7778244018554688,5.020738124847412,5.593938827514648,5.778502941131592,5.796578407287598,6.396883487701416,6.636560916900635,7.007887840270996,7.174505233764648,6.772190570831299,7.981051921844482,8.33757209777832,8.093238830566406,7.643051624298096,7.181027412414551
-7.646071434020996,-8.033252716064453,-8.818434715270996,-8.686348915100098,-7.982448101043701,-7.404852867126465,-7.204509258270264,-7.479968547821045,-7.252898693084717,-6.293903827667236,-6.414458751678467,-7.057132244110107,-5.905002593994141,-5.719860553741455,-6.449838638305664,-6.092950344085693,-3.4313082695007324,-4.200445652008057,-3.892172336578369,-3.207186460494995,-2.274289131164551,-1.9178190231323242,-1.5890523195266724,-1.379451870918274,-0.5821627378463745,0.718930721282959,2.120222806930542,2.006333827972412,1.981428623199463,2.787519693374634,3.956482172012329,4.882534027099609,5.300846576690674,4.852423667907715,4.554425239562988,4.57907772064209,4.578376770019531,4.973437309265137,5.737476348876953,6.127735614776611,6.456299781799316,6.058915615081787,5.877656936645508,5.19577693939209
-8.342668533325195,-8.631132125854492,-8.476311683654785,-8.255587577819824,-8.497204780578613,-8.516879081726074,-8.128898620605469,-7.642645835876465,-7.2370285987854,-7.075491905212402,-7.162193775177002,-6.977777004241943,-7.017270565032959,-7.383772373199463,-6.533204555511475,-5.739771366119385,-4.82399320602417,-5.36703634262085,-5.025761127471924,-4.272491931915283,-3.5346462726593018,-3.102091073989868,-2.9814579486846924,-3.0749740600585938,-2.4100146293640137,-1.751044511795044,-0.5908582806587219,0.5037486553192139,1.1740670204162598,2.164456605911255,2.936636447906494,3.5877552032470703,4.079905033111572,4.383939743041992,4.285182952880859,3.624255418777466,3.434497117996216,3.3894293308258057,3.8037750720977783,4.464112758636475,4.806686878204346,4.697282791137695,4.796034812927246,4.175204277038574
-8.614180564880371,-8.410478591918945,-7.794110298156738,-8.344222068786621,-9.072297096252441,-8.91712474822998,-8.502340316772461,-7.952517509460449,-7.485681533813477,-7.296807289123535,-7.18217658996582,-6.927460670471191,-6.722432613372803,-6.438319683074951,-6.252294063568115,-5.603909492492676,-5.493206977844238,-5.744357109069824,-5.734614372253418,-4.832468509674072,-4.30834436416626,-4.202392101287842,-4.098697662353516,-4.094700813293457,-3.604344606399536,-3.258955240249634,-2.670771598815918,-1.5090928077697754,-0.29453569650650024,0.8516700863838196,1.8299981355667114,2.6087307929992676,3.3328723907470703,3.8696446418762207,4.171925067901611,3.621574640274048,3.4235165119171143,2.9191014766693115,2.987065076828003,3.2985708713531494,3.5836291313171387,4.104971885681152,3.5852789878845215,1.6387284994125366
-7.446340560913086,-7.502503871917725,-8.055954933166504,-9.044939994812012,-8.988997459411621,-8.567011833190918,-8.23816967010498,-8.041828155517578,-7.735329627990723,-7.517408847808838,-7.539907932281494,-7.210908889770508,-7.022471904754639,-6.909500598907471,-6.065216064453125,-5.327489376068115,-5.470782279968262,-5.853604793548584,-5.725643634796143,-5.04926061630249,-4.716170310974121,-4.8682475090026855,-4.853387355804443,-4.41533088684082,-4.220837116241455,-3.8973958492279053,-3.714634418487549,-2.771174192428589,-1.8477485179901123,-0.6758447289466858,0.5664534568786621,1.3579877614974976,2.015038013458252,3.134856939315796,3.9081008434295654,3.5987892150878906,3.4161739349365234,3.3057193756103516,3.525132417678833,3.491436243057251,3.245941638946533,3.180842638015747,2.7219743728637695,1.682262897491455
-7.035223007202148,-7.672980785369873,-8.750710487365723,-9.4811372756958,-9.332781791687012,-8.336262702941895,-7.384266376495361,-7.904811382293701,-8.08609676361084,-8.061189651489258,-8.338885307312012,-8.161676406860352,-7.761225700378418,-7.495604515075684,-6.692094802856445,-6.146843910217285,-5.736792087554932,-5.732650279998779,-5.539788722991943,-5.028404712677002,-4.767097473144531,-4.778426647186279,-4.765017032623291,-4.411107540130615,-4.2522077560424805,-3.9527833461761475,-3.9733023643493652,-3.4950172901153564,-2.8544819355010986,-1.9914557933807373,-1.2185416221618652,-0.5163694024085999,0.44355541467666626,1.6542739868164062,2.6190340518951416,3.269085645675659,3.5173187255859375,3.8135664463043213,3.980703353881836,3.980684757232666,3.602844476699829,3.128842830657959,2.532919406890869,2.0373575687408447
