data/wind_data/wind_10_6.json
{"header": {"parameterUnit": "KT", "parameterCategory": 2, "nx": 256, "ny": 198, "lo1": 44.73521041870117, "la1": -3.236724853515625, "lo2": 111.26478576660156, "la2": 43.468475341796875, "dx": 0.2609002888202667, "dy": -0.23708222806453705, "refTime": "2025-02-19 10:00:00", "forecastTime": 0, "parameterNumber": 2, "parameterNumberName": "eastward_wind"}, "data":
[rows 120 to 139 of 198, columns 44 to 87 of 256]
92.37985229492188,93.0599365234375,93.80230712890625,94.26531219482422,94.4804916381836,95.17882537841797,96.5138168334961,97.50774383544922,97.68568420410156,97.28004455566406,96.71906280517578,96.49658966064453,96.65460205078125,96.8946762084961,97.04029846191406,97.22795867919922,97.66960906982422,98.40302276611328,99.24591827392578,99.70068359375,99.96115112304688,100.70003509521484,101.40145111083984,101.758056640625,102.47186279296875,103.25220489501953,103.25846099853516,102.67608642578125,102.33246612548828,102.57438659667969,103.35380554199219,104.44219970703125,105.29625701904297,105.48763275146484,105.18473815917969,104.74597930908203,104.20650482177734,104.13916015625,105.49703216552734,106.76087951660156,106.91857147216797,106.20391082763672,104.52572631835938,105.43057250976562
93.00849151611328,93.94732666015625,94.86447143554688,95.36187744140625,95.53057098388672,96.00345611572266,96.73408508300781,97.4147720336914,97.86073303222656,97.74311828613281,97.32716369628906,97.03947448730469,96.95423126220703,96.99310302734375,97.0752182006836,97.3370590209961,97.93218994140625,98.81385803222656,99.98645782470703,100.99626159667969,101.50027465820312,101.98355102539062,102.57470703125,103.30775451660156,103.74031066894531,103.11075592041016,102.06461334228516,101.60874938964844,102.33257293701172,103.80326080322266,105.15032958984375,106.12017822265625,106.65316009521484,106.72198486328125,106.44105529785156,105.98764038085938,105.3506088256836,105.10833740234375,106.47442626953125,107.9375991821289,108.00302124023438,107.3761215209961,105.47467803955078,106.17916107177734
93.40348815917969,94.21380615234375,95.16211700439453,96.00289154052734,96.4173812866211,96.67488098144531,97.04144287109375,97.64704132080078,98.08321380615234,97.93896484375,97.58358764648438,97.26316833496094,97.0081787109375,96.90833282470703,96.9435043334961,97.22759246826172,97.9245834350586,98.8958969116211,100.1523208618164,101.4337158203125,102.26554870605469,103.04113006591797,104.15955352783203,104.55918884277344,103.01408386230469,101.2252426147461,101.37410736083984,102.69788360595703,103.92456817626953,104.68123626708984,105.25202178955078,106.04753875732422,107.02434539794922,107.97290802001953,108.62882995605469,108.53583526611328,107.63143157958984,106.97081756591797,107.49903869628906,108.31967163085938,108.39713287353516,107.47075653076172,105.04425811767578,106.10953521728516
92.99838256835938,93.79808807373047,94.20890045166016,94.62798309326172,95.14146423339844,95.81748962402344,96.4169921875,96.89842987060547,97.13594055175781,97.06974029541016,97.04402160644531,96.94886779785156,96.65131378173828,96.43973541259766,96.41170501708984,96.62096405029297,97.28976440429688,98.2279052734375,99.27546691894531,100.58161163330078,102.19550323486328,103.97117614746094,104.49441528320312,102.73018646240234,100.72410583496094,101.20975494384766,102.88731384277344,103.88877868652344,104.23455810546875,104.52568054199219,105.16651153564453,106.18965911865234,107.36930847167969,108.52914428710938,109.57649993896484,110.0792236328125,109.45191192626953,108.30113220214844,107.43122863769531,107.24336242675781,107.11412811279297,105.44807434082031,103.87684631347656,106.00135040283203
92.48832702636719,93.46990966796875,93.41407012939453,93.2802505493164,93.8162612915039,94.6396255493164,95.2249984741211,95.81865692138672,96.13951873779297,96.1533203125,96.40181732177734,96.55230712890625,96.17729187011719,95.78162384033203,95.69837951660156,95.85775756835938,96.69087982177734,97.90757751464844,98.6750717163086,100.14346313476562,103.06378936767578,104.54530334472656,103.02764129638672,101.10275268554688,101.07009887695312,102.29789733886719,103.56624603271484,104.4602279663086,105.05594635009766,105.40926361083984,105.70660400390625,106.17838287353516,106.78367614746094,107.4168930053711,108.08797454833984,108.84953308105469,109.36836242675781,108.77876281738281,107.0242919921875,105.79106140136719,104.88510131835938,102.4269027709961,102.74190521240234,105.17527770996094
91.14681243896484,93.10995483398438,94.12464904785156,93.79935455322266,93.59661102294922,93.9854736328125,94.54602813720703,95.34871673583984,95.64892578125,95.50607299804688,95.872314453125,96.21825408935547,96.0283432006836,95.67344665527344,95.65790557861328,95.90293884277344,96.88924407958984,98.1711654663086,99.10486602783203,101.79208374023438,104.80671691894531,104.32389068603516,102.27074432373047,101.85517883300781,102.49530029296875,103.30941772460938,104.08979034423828,104.62686920166016,104.93522644042969,105.11991882324219,105.1559066772461,105.01065826416016,104.89822387695312,105.02137756347656,105.14808654785156,105.68539428710938,106.96315002441406,107.53732299804688,106.50952911376953,104.8128433227539,102.3836441040039,99.83574676513672,101.79541015625,103.32963562011719
90.10244750976562,92.56486511230469,94.56148529052734,94.79346466064453,93.99539184570312,93.6904067993164,94.03534698486328,95.08894348144531,95.33519744873047,95.0598373413086,95.32598876953125,95.66930389404297,95.83621215820312,95.80078125,96.09669494628906,96.787841796875,98.01921081542969,99.07926177978516,100.33324432373047,103.57723236083984,104.96537780761719,103.29058837890625,102.26112365722656,102.80851745605469,103.53852081298828,103.82970428466797,103.85111236572266,103.6656265258789,103.41525268554688,103.3495101928711,103.32901763916016,102.7573471069336,102.09624481201172,101.85095977783203,101.58480834960938,101.97837829589844,103.59014892578125,104.83233642578125,105.28614044189453,104.09530639648438,100.19632720947266,97.84877014160156,100.2772445678711,100.4628677368164
89.0208740234375,91.40315246582031,93.77571105957031,94.70186614990234,94.2309341430664,93.367919921875,93.22399139404297,94.0923080444336,94.40376281738281,94.36080169677734,94.66250610351562,95.13753509521484,95.62837982177734,95.98158264160156,96.71739959716797,97.80603790283203,98.93263244628906,100.06680297851562,101.37312316894531,103.13953399658203,102.92741394042969,101.48786163330078,101.72652435302734,102.79220581054688,103.13407135009766,102.68223571777344,102.15274047851562,101.71453857421875,101.31343078613281,101.13140106201172,101.07280731201172,100.39518737792969,99.4754409790039,99.12496948242188,98.861328125,99.03044891357422,100.07735443115234,101.38812255859375,102.35204315185547,102.17053985595703,98.73763275146484,96.05931854248047,97.75232696533203,97.6458969116211
88.44930267333984,90.72128295898438,92.45523071289062,93.52288055419922,94.28173828125,93.81549072265625,92.32443237304688,92.12627410888672,92.82726287841797,93.3929672241211,94.08413696289062,94.80615997314453,95.5604019165039,96.24594116210938,97.28437042236328,98.48590850830078,99.25001525878906,100.30589294433594,101.22970581054688,101.22322082519531,100.58439636230469,100.46593475341797,101.28459167480469,101.97777557373047,101.80675506591797,100.71980285644531,99.63492584228516,99.2284164428711,99.03449249267578,99.0547103881836,99.35395050048828,99.0857925415039,98.0919418334961,97.48291015625,97.14274597167969,97.10546112060547,97.37484741210938,98.00662994384766,98.97151184082031,99.4107437133789,97.67024993896484,94.4400863647461,95.80242156982422,95.71524810791016
87.23372650146484,89.99059295654297,91.96842193603516,93.22002410888672,94.85966491699219,94.90888214111328,92.85652923583984,92.23857879638672,92.76759338378906,93.03666687011719,93.82130432128906,94.99080657958984,95.99983978271484,96.88241577148438,98.02783966064453,99.029052734375,99.4914321899414,100.02718353271484,100.02932739257812,99.45191955566406,99.4975814819336,99.89083862304688,100.01476287841797,100.1995620727539,100.24417114257812,99.11308288574219,97.37063598632812,96.77417755126953,97.11449432373047,97.68636322021484,98.21438598632812,98.22097778320312,97.55056762695312,96.72101593017578,96.10860443115234,95.6784896850586,94.74560546875,95.08309936523438,96.34652709960938,97.13774871826172,95.9072036743164,92.3055648803711,93.3929443359375,94.49813079833984
86.08832550048828,88.79129791259766,91.11344146728516,93.0802230834961,94.90662384033203,94.49236297607422,92.67639923095703,92.1062240600586,92.33296203613281,92.64148712158203,93.39251708984375,94.60652160644531,95.72150421142578,96.77603149414062,98.09571075439453,99.11815643310547,99.62303161621094,99.41981506347656,98.43890380859375,97.88754272460938,97.93302917480469,97.59510803222656,97.22683715820312,97.44187927246094,97.96255493164062,97.62028503417969,96.31816101074219,95.38548278808594,95.42488098144531,96.15569305419922,96.9388427734375,96.92058563232422,96.23487091064453,95.72174835205078,95.32867431640625,94.38726806640625,93.14082336425781,93.10673522949219,93.64864349365234,94.20233917236328,93.88615417480469,91.69290924072266,92.00758361816406,92.14552307128906
85.88936614990234,88.03981018066406,89.97314453125,92.15445709228516,93.77081298828125,93.1191177368164,91.81593322753906,91.61168670654297,91.62643432617188,91.93925476074219,92.4756851196289,93.2789535522461,94.07588958740234,95.0682373046875,96.4437484741211,97.59049987792969,98.40806579589844,97.9248046875,96.1849365234375,95.20957946777344,94.9415054321289,94.39640045166016,93.97235107421875,94.2923355102539,95.32192993164062,96.07241821289062,95.9291763305664,95.23625183105469,94.59139251708984,94.48045349121094,94.92472839355469,95.04035949707031,94.44454193115234,94.21861267089844,94.53480529785156,94.01041412353516,92.76709747314453,92.1917495727539,92.03052520751953,92.31837463378906,92.06961822509766,90.84810638427734,91.25975799560547,91.05269622802734
85.96328735351562,87.64041900634766,89.19932556152344,91.20699310302734,92.4618911743164,91.62165832519531,90.6198501586914,90.28938293457031,90.61048126220703,91.17423248291016,91.48795318603516,91.80824279785156,92.14078521728516,92.76260375976562,93.73592376708984,94.75358581542969,96.0099105834961,95.54313659667969,93.21707153320312,92.17742919921875,92.23839569091797,91.84388732910156,91.60580444335938,92.31926727294922,93.76689147949219,95.04878234863281,95.446533203125,94.9477767944336,93.98492431640625,93.16190338134766,92.90668487548828,93.04017639160156,93.0229721069336,93.06938171386719,93.63551330566406,93.90849304199219,93.45893859863281,92.8921127319336,92.25450134277344,91.43636322021484,90.68924713134766,89.73267364501953,90.04002380371094,90.08142852783203
85.35962677001953,86.66267395019531,88.09521484375,89.77590942382812,90.69519805908203,89.88421630859375,89.25527954101562,89.364990234375,89.97309875488281,90.50772857666016,90.75560760498047,90.95276641845703,91.15339660644531,91.52053833007812,92.0749282836914,92.6258544921875,93.67613220214844,93.16531372070312,90.86436462402344,90.04903411865234,90.66696166992188,90.94525146484375,91.14168548583984,91.92665100097656,93.2033462524414,94.31438446044922,94.73094940185547,94.333251953125,93.33204650878906,92.33358764648438,91.82888793945312,91.77615356445312,92.04222106933594,92.56938934326172,93.1944580078125,93.56456756591797,93.6256332397461,93.63294219970703,93.11732482910156,91.39905548095703,89.91041564941406,88.95332336425781,88.49535369873047,88.3841323852539
84.12239074707031,85.16600799560547,86.61547088623047,88.36963653564453,88.73854064941406,88.04703521728516,87.75521087646484,87.87323760986328,88.33849334716797,88.93473052978516,89.47634887695312,89.79132080078125,89.88024139404297,90.01786041259766,90.29458618164062,90.6060562133789,91.38874816894531,91.1890869140625,89.5786361694336,89.24616241455078,90.40350341796875,91.23908996582031,91.53900909423828,91.93600463867188,92.66285705566406,93.34170532226562,93.71275329589844,93.70658111572266,93.1897964477539,92.44662475585938,91.94987487792969,91.57681274414062,91.41384887695312,91.88555145263672,92.67308807373047,93.0664291381836,92.91283416748047,93.00773620605469,92.98780059814453,91.22052764892578,88.8023681640625,87.81075286865234,87.10189819335938,86.32052612304688
82.76080322265625,83.82780456542969,85.14075469970703,86.6634292602539,87.01937866210938,86.7228775024414,86.28863525390625,85.99882507324219,85.74249267578125,85.87889862060547,86.55651092529297,87.26793670654297,87.69446563720703,87.9573974609375,88.21089172363281,88.8740005493164,90.02336883544922,89.90546417236328,88.55940246582031,88.50164794921875,89.9019546508789,90.91116333007812,91.10314178466797,91.22303009033203,91.7352294921875,92.39793395996094,93.00043487548828,93.55758666992188,93.76789093017578,93.40287780761719,92.73228454589844,91.8388900756836,90.89891052246094,90.62106323242188,91.09869384765625,91.46415710449219,91.09918975830078,90.8089370727539,91.01409149169922,89.62568664550781,87.1357192993164,85.59127044677734,85.10308074951172,84.86854553222656
81.45215606689453,82.62167358398438,83.58737182617188,84.39332580566406,84.62152099609375,84.5101089477539,84.3537368774414,83.91155242919922,83.23762512207031,82.90135955810547,83.37007141113281,84.40906524658203,85.5853500366211,86.51831817626953,87.15601348876953,88.35519409179688,90.0982894897461,89.78266906738281,87.69458770751953,87.17710876464844,88.6798095703125,89.89501190185547,90.24746704101562,90.69524383544922,91.5632095336914,92.52902221679688,93.33660888671875,93.88013458251953,94.12074279785156,93.84647369384766,92.95142364501953,91.62733459472656,89.99720001220703,88.75286865234375,88.27424621582031,88.13294219970703,87.4692611694336,87.06584930419922,86.93412017822266,86.33164978027344,84.55622863769531,82.82024383544922,82.17976379394531,80.98312377929688
79.80422973632812,80.72405242919922,81.13037109375,81.3739242553711,81.48870849609375,81.40921020507812,81.38309478759766,81.32008361816406,81.16964721679688,81.05635833740234,81.44972229003906,82.48172760009766,84.05989074707031,85.67559814453125,86.73519134521484,88.14452362060547,90.1100082397461,89.78208923339844,87.43267822265625,86.81661987304688,88.43791198730469,89.78776550292969,90.28579711914062,90.9022216796875,91.91371154785156,92.91704559326172,93.56375122070312,93.68993377685547,93.40625,92.72505950927734,91.52996826171875,89.95174407958984,87.92672729492188,85.90106964111328,84.37922668457031,83.53549194335938,82.62435150146484,81.9770278930664,81.63048553466797,81.4434814453125,80.6516342163086,78.9067611694336,77.27433013916016,75.6625747680664
77.29969787597656,77.91680145263672,78.05558013916016,78.40200805664062,78.62959289550781,78.65901184082031,78.86547088623047,79.30491638183594,79.7984619140625,80.16654968261719,80.73516845703125,81.75072479248047,83.23612213134766,84.93163299560547,86.17686462402344,87.58338928222656,89.49154663085938,89.51426696777344,88.05248260498047,88.05900573730469,89.43316650390625,90.3697738647461,90.59993743896484,90.76876068115234,91.29947662353516,91.9894790649414,92.28766632080078,91.93414306640625,91.0538330078125,89.78823852539062,88.23133850097656,86.4512710571289,84.41033935546875,82.04747009277344,80.28816223144531,78.97710418701172,77.78059387207031,76.66082763671875,76.26565551757812,76.17182159423828,75.76226043701172,74.14746856689453,72.03710174560547,70.42859649658203
75.2215347290039,75.61382293701172,76.03885650634766,76.69335174560547,76.97439575195312,77.14476013183594,77.56895446777344,78.26061248779297,78.98845672607422,79.55510711669922,80.21847534179688,81.33967590332031,82.818115234375,84.39460754394531,85.79259490966797,87.04727172851562,88.32477569580078,88.7925033569336,88.8525161743164,89.3523941040039,89.88397979736328,90.07362365722656,89.83796691894531,89.37531280517578,89.14895629882812,89.25035095214844,89.12181091308594,88.37610626220703,87.11341094970703,85.51028442382812,83.7899169921875,82.16831970214844,80.39606475830078,78.50804138183594,77.01055145263672,75.8030776977539,74.19499969482422,72.61457061767578,71.88320922851562,71.68597412109375,71.41986846923828,70.21300506591797,68.04882049560547,65.97455596923828
