data/wind_data/wind_53_4.json
{"header": {"parameterUnit": "KT", "parameterCategory": 2, "nx": 256, "ny": 198, "lo1": 44.73521041870117, "la1": -3.236724853515625, "lo2": 111.26478576660156, "la2": 43.468475341796875, "dx": 0.2609002888202667, "dy": -0.23708222806453705, "refTime": "2025-02-21 05:00:00", "forecastTime": 0, "parameterNumber": 2, "parameterNumberName": "eastward_wind"}, "data":
[rows 95 to 113 of 198, columns 44 to 87 of 256]
19.226346969604492,19.9116268157959,20.050222396850586,19.757436752319336,19.668718338012695,19.997343063354492,20.43301010131836,20.558109283447266,20.278133392333984,19.947635650634766,19.74827766418457,19.745378494262695,19.827499389648438,19.574539184570312,18.635009765625,17.42292594909668,16.79918098449707,17.06736946105957,17.71369743347168,18.138092041015625,18.18924903869629,18.07835578918457,18.02196502685547,18.020437240600586,17.9429874420166,17.754640579223633,17.52195930480957,17.13555145263672,16.375,15.347081184387207,14.585171699523926,14.47339916229248,14.783608436584473,15.017157554626465,14.917348861694336,14.582566261291504,14.150581359863281,13.655534744262695,13.123180389404297,12.658736228942871,12.378988265991211,12.309366226196289,12.391711235046387,12.483247756958008
20.68950653076172,21.43157196044922,21.491744995117188,21.076141357421875,20.931211471557617,21.346866607666016,21.880544662475586,22.073749542236328,21.904163360595703,21.696456909179688,21.59601593017578,21.505769729614258,21.302223205566406,20.78458595275879,19.804880142211914,18.79795265197754,18.434139251708984,18.731929779052734,19.127336502075195,19.251644134521484,19.182546615600586,19.125917434692383,19.154159545898438,19.187862396240234,19.119321823120117,19.001829147338867,18.891437530517578,18.631071090698242,17.9954776763916,17.101970672607422,16.413171768188477,16.233407974243164,16.36037254333496,16.398942947387695,16.204526901245117,15.85505485534668,15.383675575256348,14.761698722839355,14.067902565002441,13.483105659484863,13.138444900512695,13.052249908447266,13.167704582214355,13.334307670593262
22.288890838623047,23.052165985107422,23.149869918823242,22.707984924316406,22.43931007385254,22.624269485473633,22.93551254272461,23.161256790161133,23.195327758789062,23.17803382873535,23.227493286132812,23.1163387298584,22.602109909057617,21.72745132446289,20.880592346191406,20.322179794311523,20.217735290527344,20.334409713745117,20.294553756713867,20.098878860473633,20.008743286132812,20.11208152770996,20.25937843322754,20.276065826416016,20.185152053833008,20.17514419555664,20.232196807861328,20.10121726989746,19.57472038269043,18.79122543334961,18.135698318481445,17.85662078857422,17.81679916381836,17.712677001953125,17.44475555419922,17.057884216308594,16.541637420654297,15.8770170211792,15.17383861541748,14.596969604492188,14.234650611877441,14.127262115478516,14.251898765563965,14.440372467041016
23.812345504760742,24.408388137817383,24.54704475402832,24.319866180419922,24.09682273864746,23.976734161376953,23.94498634338379,24.14057159423828,24.312923431396484,24.4720516204834,24.627038955688477,24.500499725341797,23.737821578979492,22.59534454345703,21.827880859375,21.62013053894043,21.652164459228516,21.514333724975586,21.105539321899414,20.772113800048828,20.84151268005371,21.185304641723633,21.405370712280273,21.31096076965332,21.182445526123047,21.29425048828125,21.478742599487305,21.383411407470703,20.878137588500977,20.150400161743164,19.522951126098633,19.206464767456055,19.106433868408203,18.97850227355957,18.718894958496094,18.339792251586914,17.836090087890625,17.235355377197266,16.621671676635742,16.072050094604492,15.658246040344238,15.502571105957031,15.611124038696289,15.737615585327148
25.45979881286621,25.973751068115234,26.051042556762695,25.97121238708496,25.993860244750977,25.871858596801758,25.563570022583008,25.382883071899414,25.385080337524414,25.697349548339844,25.961204528808594,25.48240089416504,24.356658935546875,23.26983642578125,22.734317779541016,22.705564498901367,22.603290557861328,22.084455490112305,21.50596046447754,21.433883666992188,21.901126861572266,22.409473419189453,22.497676849365234,22.24729347229004,22.153884887695312,22.350690841674805,22.52497673034668,22.378332138061523,21.88531494140625,21.232629776000977,20.687416076660156,20.433256149291992,20.389591217041016,20.322982788085938,20.11089515686035,19.762956619262695,19.32387924194336,18.814983367919922,18.213970184326172,17.543962478637695,16.985044479370117,16.754077911376953,16.782913208007812,16.731952667236328
26.93889808654785,27.499658584594727,27.80119514465332,27.930259704589844,28.14470672607422,28.229169845581055,27.83608627319336,27.135032653808594,26.713520050048828,26.797143936157227,26.74628448486328,26.280885696411133,25.128969192504883,23.971860885620117,23.54007911682129,23.39142417907715,22.977689743041992,22.351192474365234,22.09452247619629,22.538145065307617,23.269758224487305,23.646709442138672,23.464767456054688,23.13783073425293,23.11138916015625,23.30780792236328,23.414234161376953,23.252796173095703,22.831289291381836,22.281396865844727,21.852445602416992,21.711833953857422,21.750179290771484,21.722572326660156,21.520179748535156,21.190521240234375,20.772878646850586,20.19931411743164,19.40194320678711,18.51143455505371,17.85194206237793,17.57535743713379,17.438766479492188,17.127887725830078
28.52273178100586,28.90927505493164,29.41657066345215,29.822559356689453,30.290597915649414,30.56486701965332,30.0345458984375,29.017379760742188,28.236404418945312,27.5675106048584,27.826841354370117,27.578601837158203,26.822757720947266,25.99175262451172,25.26972007751465,24.633224487304688,23.76818084716797,23.13896369934082,23.203107833862305,23.862260818481445,24.524517059326172,24.701499938964844,24.44168472290039,24.189979553222656,24.17922592163086,24.282548904418945,24.31329345703125,24.175050735473633,23.8557186126709,23.440683364868164,23.129697799682617,23.054780960083008,23.099380493164062,23.05280113220215,22.827922821044922,22.4323787689209,21.828554153442383,20.944355010986328,19.85942840576172,18.873624801635742,18.279823303222656,18.01778793334961,17.756799697875977,17.369686126708984
30.288848876953125,30.706789016723633,31.422832489013672,32.26049041748047,33.436851501464844,33.89535903930664,32.61458969116211,30.64261817932129,29.825834274291992,28.489717483520508,27.671533584594727,27.13789176940918,27.97443199157715,27.114273071289062,25.91374397277832,25.284088134765625,24.761619567871094,24.4493408203125,24.638534545898438,25.17730712890625,25.599252700805664,25.667037963867188,25.522037506103516,25.409500122070312,25.38751983642578,25.396188735961914,25.375450134277344,25.265634536743164,25.028175354003906,24.712411880493164,24.467056274414062,24.389432907104492,24.39516258239746,24.302400588989258,23.982177734375,23.355302810668945,22.359542846679688,21.094398498535156,19.85274314880371,18.945249557495117,18.4832706451416,18.253705978393555,17.99659538269043,17.792573928833008
31.42066764831543,31.829364776611328,33.054893493652344,34.91748809814453,36.79922866821289,35.71461486816406,34.37272262573242,30.790739059448242,28.112306594848633,27.84187126159668,29.657716751098633,29.40496253967285,27.693347930908203,26.48567771911621,25.891082763671875,25.516239166259766,25.35472869873047,25.5191593170166,25.97696304321289,26.47962188720703,26.807422637939453,26.92792510986328,26.929283142089844,26.884944915771484,26.80280303955078,26.72186279296875,26.66029930114746,26.554256439208984,26.314193725585938,25.966405868530273,25.67448616027832,25.556612014770508,25.51962661743164,25.347198486328125,24.874948501586914,23.993921279907227,22.693017959594727,21.285612106323242,20.104888916015625,19.271669387817383,18.72113609313965,18.285181045532227,18.005455017089844,18.15840721130371
33.51594161987305,33.86534881591797,35.1347770690918,37.069454193115234,36.467037200927734,33.45855712890625,29.598987579345703,26.98038673400879,28.998991012573242,31.213539123535156,32.23275375366211,30.671783447265625,28.1431884765625,26.732633590698242,26.300704956054688,26.18984603881836,26.282119750976562,26.547046661376953,26.947534561157227,27.479188919067383,28.06133460998535,28.524595260620117,28.71765899658203,28.615896224975586,28.359405517578125,28.143598556518555,28.01899528503418,27.869579315185547,27.54167938232422,27.068782806396484,26.692195892333984,26.532121658325195,26.42487907409668,26.145132064819336,25.52923011779785,24.48461151123047,23.052326202392578,21.616365432739258,20.549184799194336,19.692415237426758,18.77520179748535,17.983396530151367,17.91842269897461,18.825895309448242
35.72249984741211,37.55854797363281,38.4400749206543,36.387351989746094,31.402536392211914,27.40500831604004,25.296852111816406,27.247610092163086,31.1201229095459,33.34870910644531,33.32211685180664,31.882131576538086,29.95928192138672,28.447795867919922,27.815170288085938,27.828441619873047,28.07987403869629,28.302431106567383,28.469724655151367,28.796859741210938,29.405057907104492,30.047054290771484,30.33087158203125,30.19612693786621,29.894775390625,29.662643432617188,29.533777236938477,29.34380531311035,28.877161026000977,28.227025985717773,27.718961715698242,27.411121368408203,27.12401580810547,26.744958877563477,26.06187629699707,24.931909561157227,23.306011199951172,21.590770721435547,20.369089126586914,19.34391975402832,18.626190185546875,18.67279624938965,19.697113037109375,21.43272590637207
36.36144256591797,40.66817855834961,36.089454650878906,29.243520736694336,27.86173439025879,27.210102081298828,26.506101608276367,27.395978927612305,29.61852264404297,31.760774612426758,32.67751693725586,32.56119155883789,31.855016708374023,30.876686096191406,30.1239013671875,29.922067642211914,30.092111587524414,30.321441650390625,30.480680465698242,30.666357040405273,31.01634979248047,31.35359764099121,31.46399688720703,31.3804988861084,31.216371536254883,31.11294174194336,31.027313232421875,30.71307945251465,30.031862258911133,29.17037010192871,28.45242691040039,27.840024948120117,27.445581436157227,27.18025779724121,26.496231079101562,25.281845092773438,23.585613250732422,21.410837173461914,19.57208251953125,18.953311920166016,19.693204879760742,21.200315475463867,23.076465606689453,24.328462600708008
41.33781433105469,37.529022216796875,30.25026512145996,27.12836456298828,26.82137107849121,27.489133834838867,27.5898494720459,27.192913055419922,27.33456802368164,28.95726776123047,30.93663215637207,32.14714050292969,32.39216613769531,32.07756423950195,31.680160522460938,31.467798233032227,31.51247787475586,31.73609733581543,32.098323822021484,32.40458679199219,32.4803466796875,32.413551330566406,32.35257339477539,32.27293014526367,32.141441345214844,31.96538734436035,31.635847091674805,30.94247817993164,29.944290161132812,29.052532196044922,28.385007858276367,28.1143798828125,28.19837760925293,27.839540481567383,26.64702796936035,25.26791763305664,23.695751190185547,21.70618438720703,20.420808792114258,21.1572322845459,23.938316345214844,25.649789810180664,25.867799758911133,26.00815773010254
43.60498809814453,39.05319595336914,36.137054443359375,34.36530685424805,32.47431945800781,31.003305435180664,30.624839782714844,29.439632415771484,27.966018676757812,28.577396392822266,30.54892349243164,32.04677200317383,32.505699157714844,32.463775634765625,32.392398834228516,32.418983459472656,32.59479904174805,32.95200729370117,33.3615837097168,33.42716598510742,33.09490203857422,32.855464935302734,32.725643157958984,32.57044219970703,32.304622650146484,31.974672317504883,31.54413604736328,30.81414794921875,29.951845169067383,29.184494018554688,28.833587646484375,29.102882385253906,29.406587600708008,28.796926498413086,27.50397300720215,26.283842086791992,24.89590835571289,24.756032943725586,26.83275032043457,28.85736656188965,27.18435287475586,25.5653018951416,25.44655418395996,24.575748443603516
42.778194427490234,40.63838195800781,39.32658386230469,38.1873779296875,36.47832107543945,34.60099792480469,33.67361068725586,33.12643814086914,32.14393615722656,31.659568786621094,32.18925857543945,32.95282745361328,33.29750061035156,33.39608383178711,33.53269577026367,33.75840759277344,34.039772033691406,34.27115249633789,34.29351806640625,33.96547317504883,33.446842193603516,33.04810333251953,32.815338134765625,32.78180694580078,32.25939178466797,31.35688591003418,31.01771354675293,31.15471839904785,31.12734603881836,30.83958625793457,30.506956100463867,30.252052307128906,30.500394821166992,30.384462356567383,28.53009796142578,26.68744659423828,27.05551528930664,30.830738067626953,32.14982223510742,27.654287338256836,23.327171325683594,22.703617095947266,23.814905166625977,25.116147994995117
42.85836410522461,40.90454864501953,38.7277946472168,37.630550384521484,36.64064025878906,35.57640838623047,34.874488830566406,34.8405876159668,35.03718566894531,34.990692138671875,34.94319152832031,34.92863464355469,34.824275970458984,34.815467834472656,35.02184295654297,35.424781799316406,35.80070495605469,35.80422592163086,35.45307159423828,35.009056091308594,34.59746170043945,34.38325500488281,34.20072555541992,33.69977569580078,32.77423858642578,32.35546112060547,32.8511848449707,33.608036041259766,33.931575775146484,33.1361083984375,31.569255828857422,30.285892486572266,29.888118743896484,29.975370407104492,29.411474227905273,28.99620246887207,30.282621383666992,29.782649993896484,26.121572494506836,23.575332641601562,24.42889976501465,27.42534637451172,30.89035415649414,32.540191650390625
41.854740142822266,40.377159118652344,37.995750427246094,36.57914733886719,35.74564743041992,35.30145263671875,35.00347137451172,34.91260528564453,35.28367233276367,35.91175842285156,36.43577194213867,36.501712799072266,36.159095764160156,35.88215637207031,35.92219161987305,36.203269958496094,36.46286392211914,36.53411102294922,36.41965866088867,36.257598876953125,35.98671340942383,35.91181945800781,36.108924865722656,35.49348831176758,34.55647659301758,34.726806640625,35.61294174194336,35.652366638183594,35.69207763671875,37.05918502807617,38.20064926147461,38.00001525878906,37.22578048706055,35.917415618896484,34.23823928833008,31.679367065429688,28.388452529907227,26.481163024902344,26.4466609954834,27.78600311279297,29.08571434020996,29.998476028442383,31.460975646972656,31.454883575439453
39.74979782104492,39.24382400512695,37.736751556396484,36.47343444824219,35.70329666137695,35.506473541259766,35.476776123046875,35.3029670715332,35.241615295410156,35.65195846557617,36.329734802246094,36.668540954589844,36.547035217285156,36.36342239379883,36.36338424682617,36.42877960205078,36.61882400512695,36.99781799316406,37.409244537353516,37.629173278808594,37.417179107666016,37.13032913208008,37.32394027709961,37.50535583496094,37.283851623535156,36.87489318847656,36.414119720458984,35.54427719116211,34.538665771484375,34.481590270996094,35.629234313964844,37.26853942871094,39.46733093261719,42.105777740478516,43.68653106689453,42.51581954956055,37.72840118408203,33.83466720581055,33.65055847167969,31.74888038635254,27.570436477661133,26.32499122619629,28.41571807861328,27.540130615234375
39.0833625793457,38.724605560302734,37.63981246948242,36.631900787353516,35.94554901123047,35.70853042602539,35.97401809692383,36.170684814453125,36.046756744384766,35.86829376220703,35.927146911621094,36.18455123901367,36.504600524902344,36.941341400146484,37.44702911376953,37.85079574584961,38.14969253540039,38.40853500366211,38.569602966308594,38.599063873291016,38.547794342041016,38.59107208251953,38.78623962402344,39.158687591552734,39.386539459228516,39.017948150634766,38.32027053833008,37.49354553222656,36.47056198120117,36.22654724121094,37.41522216796875,39.16742706298828,40.125404357910156,39.293556213378906,37.121795654296875,36.8634033203125,38.000885009765625,35.974815368652344,30.48337745666504,26.3912296295166,25.74181365966797,28.576515197753906,30.633649826049805,26.56165313720703
