data/wind_data/wind_64_8.json
{"header": {"parameterUnit": "KT", "parameterCategory": 2, "nx": 256, "ny": 198, "lo1": 44.73521041870117, "la1": -3.236724853515625, "lo2": 111.26478576660156, "la2": 43.468475341796875, "dx": 0.2609002888202667, "dy": -0.23708222806453705, "refTime": "2025-02-21 16:00:00", "forecastTime": 0, "parameterNumber": 2, "parameterNumberName": "eastward_wind"}, "data":
[rows 171 to 189 of 198, columns 176 to 219 of 256]
31.9703311920166,32.30373764038086,32.42116165161133,32.26520919799805,32.08195495605469,31.932472229003906,31.737401962280273,31.512218475341797,31.329448699951172,31.18212127685547,31.020992279052734,30.99152946472168,31.331592559814453,32.20795822143555,33.53696060180664,35.012142181396484,36.39634704589844,37.49717330932617,37.90426254272461,37.42017364501953,36.57418441772461,35.98225021362305,35.820281982421875,35.810096740722656,35.564247131347656,34.74284362792969,32.93281936645508,30.81776237487793,30.395132064819336,32.41389465332031,34.80519104003906,35.551998138427734,35.72453308105469,36.77339553833008,37.75367736816406,37.67051696777344,37.16671371459961,37.36301803588867,38.55364227294922,39.7530403137207,39.99411392211914,39.67977523803711,39.563926696777344,39.70586013793945
30.30012321472168,31.097776412963867,31.952600479125977,32.38369369506836,32.30919647216797,31.846952438354492,31.47484588623047,31.544984817504883,31.895570755004883,32.08053207397461,31.9447078704834,31.720727920532227,31.575439453125,31.78468132019043,32.74351501464844,34.231197357177734,35.677886962890625,36.79069137573242,37.39406967163086,37.25636672973633,36.520694732666016,35.90584182739258,35.90140151977539,36.189353942871094,36.140342712402344,35.3314208984375,33.628971099853516,31.54479217529297,30.380422592163086,31.156494140625,32.98509216308594,34.332881927490234,35.214454650878906,36.399879455566406,37.36334228515625,37.394901275634766,36.74786376953125,36.4030647277832,37.101722717285156,38.251773834228516,38.87753677368164,38.97797393798828,39.008121490478516,39.13460159301758
29.25649070739746,29.7845458984375,30.827205657958984,31.791324615478516,32.19381332397461,31.969951629638672,31.6719970703125,31.751850128173828,32.13707733154297,32.52825927734375,32.685787200927734,32.61518096923828,32.44480895996094,32.35811996459961,32.67664337158203,33.58775329589844,34.88410949707031,36.16339111328125,37.006248474121094,37.18547821044922,36.8277587890625,36.42451095581055,36.45616912841797,36.791168212890625,36.80038833618164,36.06557083129883,34.78666687011719,33.31293869018555,32.0292854309082,31.558841705322266,32.02632522583008,32.82112503051758,33.70451736450195,34.861446380615234,35.9039192199707,36.16799545288086,35.76243209838867,35.74860382080078,36.7699089050293,38.042659759521484,38.651859283447266,38.61650466918945,38.174015045166016,37.56436538696289
29.610122680664062,29.269180297851562,29.702892303466797,30.771451950073242,31.764211654663086,32.15178298950195,32.10463333129883,32.039947509765625,32.12847900390625,32.33796691894531,32.56100082397461,32.78351974487305,33.06422805786133,33.26527404785156,33.33512496948242,33.680023193359375,34.585655212402344,35.792686462402344,36.78282928466797,37.251888275146484,37.08487319946289,36.568939208984375,36.372314453125,36.770606994628906,37.082706451416016,36.51167678833008,35.42424774169922,34.54698944091797,33.85675811767578,33.14741134643555,32.487239837646484,32.06938171386719,32.32257080078125,33.46504211425781,34.852500915527344,35.48982238769531,35.563446044921875,35.78416061401367,36.391845703125,37.3485221862793,38.401580810546875,38.94971466064453,38.35328674316406,36.71905517578125
30.51192855834961,29.738325119018555,29.572975158691406,30.41166114807129,31.66334342956543,32.55967330932617,32.8895263671875,32.94046401977539,32.9961051940918,33.017250061035156,32.909603118896484,32.9068489074707,33.3328857421875,33.92633819580078,34.18853759765625,34.295249938964844,34.77659225463867,35.5772819519043,36.391414642333984,36.98888397216797,36.98611831665039,36.35529327392578,35.936763763427734,36.42064666748047,37.13497543334961,37.005126953125,36.23786544799805,35.50145721435547,34.74562454223633,33.89999771118164,33.08713150024414,32.28475570678711,31.83243751525879,32.292442321777344,33.55500411987305,34.805198669433594,35.54842758178711,36.031742095947266,36.40245056152344,36.670249938964844,37.205909729003906,38.1761474609375,38.7327766418457,37.82640838623047
30.751829147338867,30.523141860961914,30.512779235839844,31.08778190612793,32.16836929321289,33.3200798034668,34.00914001464844,34.18508529663086,34.2232780456543,34.21693801879883,33.92746353149414,33.50643539428711,33.5404167175293,34.18470764160156,34.81901931762695,35.04423904418945,35.153892517089844,35.47102355957031,36.103858947753906,36.94495391845703,37.290714263916016,36.69652557373047,36.000762939453125,36.10954284667969,36.57674026489258,36.6048583984375,36.32233428955078,36.0700798034668,35.47471237182617,34.525020599365234,33.695526123046875,32.88511276245117,32.059993743896484,31.73150634765625,32.159461975097656,33.10635757446289,34.217750549316406,35.280784606933594,36.035858154296875,36.231754302978516,36.20268630981445,36.736106872558594,37.78864669799805,38.17406463623047
30.286697387695312,30.631982803344727,31.036231994628906,31.672048568725586,32.535987854003906,33.36180877685547,33.7703971862793,33.75373077392578,33.815711975097656,34.13960647583008,34.27009582519531,34.047325134277344,33.94116973876953,34.2894172668457,34.78773880004883,35.1566047668457,35.4239387512207,35.72857666015625,36.21077346801758,36.83324432373047,36.91211700439453,36.110260009765625,35.42301559448242,35.53396987915039,35.7161979675293,35.60882568359375,35.60388946533203,35.93197250366211,36.13545608520508,35.6889762878418,34.835018157958984,33.84769058227539,32.79907989501953,32.01547622680664,31.70932388305664,31.818437576293945,32.3205680847168,33.16568374633789,34.043922424316406,34.639644622802734,34.974266052246094,35.39493942260742,36.134178161621094,36.763458251953125
28.846059799194336,29.349462509155273,29.997570037841797,30.61063575744629,30.895540237426758,30.92861557006836,31.029123306274414,31.39190673828125,32.11176681518555,33.05635452270508,33.82936477661133,34.22873306274414,34.426116943359375,34.60493087768555,34.741981506347656,34.843017578125,34.987754821777344,35.18218994140625,35.44807815551758,35.74559783935547,35.62726593017578,34.800907135009766,34.16463851928711,34.59978103637695,35.30323028564453,35.392433166503906,35.13673782348633,35.216243743896484,35.812339782714844,36.28059768676758,35.90932846069336,34.819854736328125,33.58393859863281,32.561119079589844,31.717388153076172,31.0303897857666,30.779109954833984,31.17007064819336,31.948888778686523,32.70161437988281,33.285858154296875,33.7776985168457,34.26912307739258,34.71833801269531
27.43457794189453,28.025840759277344,28.664169311523438,28.94377899169922,28.621793746948242,28.1622314453125,28.32504653930664,29.378747940063477,30.873380661010742,32.250606536865234,33.237953186035156,33.84611892700195,34.18257522583008,34.336090087890625,34.35769271850586,34.304264068603516,34.24359893798828,34.222259521484375,34.36150360107422,34.777767181396484,35.20724868774414,34.99322509765625,34.29240798950195,34.163936614990234,34.813392639160156,35.4585075378418,35.69552993774414,35.69953536987305,35.78983688354492,35.98053741455078,35.9033317565918,35.264060974121094,34.1572265625,32.91439437866211,31.78017234802246,30.899761199951172,30.452211380004883,30.513364791870117,30.84076499938965,31.117023468017578,31.36105728149414,31.761253356933594,32.30720138549805,32.91737747192383
26.794553756713867,27.73045539855957,28.577085494995117,28.80602264404297,28.2764835357666,27.66661834716797,27.825136184692383,28.927783966064453,30.349212646484375,31.47850799560547,32.23253631591797,32.84751892089844,33.360267639160156,33.53574752807617,33.28733444213867,32.897586822509766,32.78433609008789,33.20161819458008,34.03554916381836,34.966922760009766,35.71141815185547,35.81437683105469,35.0987663269043,34.31967544555664,34.31765365600586,35.013755798339844,35.813228607177734,36.223182678222656,36.05599594116211,35.481040954589844,34.86233901977539,34.25638198852539,33.398128509521484,32.311161041259766,31.319992065429688,30.65975570678711,30.347646713256836,30.245513916015625,30.114093780517578,29.842735290527344,29.65628433227539,29.884363174438477,30.577720642089844,31.515209197998047
26.9901123046875,27.79439353942871,28.529705047607422,28.779821395874023,28.500194549560547,28.233680725097656,28.407567977905273,28.970354080200195,29.532115936279297,29.856674194335938,30.22296142578125,31.0018367767334,31.885364532470703,32.16905975341797,31.77131462097168,31.36586570739746,31.560068130493164,32.43105697631836,33.67073440551758,34.883811950683594,35.798580169677734,36.16895294189453,35.798561096191406,35.07756042480469,34.75376510620117,35.07433319091797,35.66559982299805,35.972965240478516,35.58945846557617,34.63292694091797,33.61147689819336,32.816165924072266,32.09239196777344,31.31504249572754,30.646278381347656,30.21214485168457,29.90713882446289,29.554941177368164,29.108783721923828,28.69988250732422,28.604026794433594,29.035823822021484,29.909786224365234,30.92786979675293
27.826261520385742,28.179174423217773,28.61397361755371,28.835887908935547,28.807981491088867,28.751087188720703,28.756175994873047,28.800823211669922,28.69508934020996,28.405864715576172,28.454816818237305,29.26481056213379,30.359317779541016,30.93185806274414,30.904136657714844,30.901569366455078,31.38178825378418,32.243507385253906,33.23921585083008,34.29864501953125,35.320892333984375,35.97826385498047,35.99840545654297,35.469993591308594,34.840118408203125,34.578956604003906,34.725677490234375,34.849853515625,34.53059387207031,33.764305114746094,32.85721969604492,32.00704574584961,31.208600997924805,30.509422302246094,30.04142189025879,29.738725662231445,29.398408889770508,28.96451187133789,28.568580627441406,28.39202308654785,28.59341812133789,29.22063636779785,30.11602020263672,31.02332305908203
28.899320602416992,29.213214874267578,29.68547821044922,29.906238555908203,29.61139678955078,29.0047664642334,28.48317527770996,28.366703033447266,28.512765884399414,28.487159729003906,28.39112663269043,28.69307518005371,29.36306381225586,30.02182388305664,30.48862075805664,30.910449981689453,31.476573944091797,32.15940856933594,32.84799575805664,33.65495300292969,34.62913513183594,35.412078857421875,35.620357513427734,35.17267990112305,34.22577667236328,33.29560470581055,32.95932388305664,33.126644134521484,33.276241302490234,33.05656814575195,32.4774169921875,31.682714462280273,30.851415634155273,30.21895980834961,29.898866653442383,29.743595123291016,29.501062393188477,29.093435287475586,28.68087387084961,28.518951416015625,28.814653396606445,29.537399291992188,30.40753936767578,31.146358489990234
29.7273006439209,30.0478515625,30.532215118408203,30.75997543334961,30.25535011291504,29.12261962890625,28.155384063720703,28.090482711791992,28.684114456176758,29.038326263427734,28.850744247436523,28.67748260498047,28.931108474731445,29.529541015625,30.227602005004883,30.882217407226562,31.49744987487793,32.10670471191406,32.704349517822266,33.35447692871094,34.15523147583008,34.83501052856445,34.98749542236328,34.55031204223633,33.606449127197266,32.41747283935547,31.65795135498047,31.72736930847168,32.19505310058594,32.3859748840332,32.03498458862305,31.345325469970703,30.641965866088867,30.15929412841797,29.985210418701172,29.97327423095703,29.830537796020508,29.436988830566406,29.01117515563965,28.892621994018555,29.237260818481445,29.915843963623047,30.5968017578125,30.99762535095215
30.009496688842773,30.149188995361328,30.534082412719727,30.812713623046875,30.688976287841797,30.05295181274414,29.163288116455078,28.659570693969727,28.864713668823242,29.140153884887695,28.97774314880371,28.79566764831543,29.100502014160156,29.81491470336914,30.57659339904785,31.19618797302246,31.79543685913086,32.49728775024414,33.15372848510742,33.61042404174805,33.98830795288086,34.31570053100586,34.274288177490234,33.73090362548828,32.8925666809082,31.909685134887695,31.1007080078125,30.894987106323242,31.16379165649414,31.306447982788086,31.129173278808594,30.882434844970703,30.651264190673828,30.435482025146484,30.386398315429688,30.477149963378906,30.44169807434082,30.196205139160156,29.92439842224121,29.79241371154785,29.8549861907959,30.07547378540039,30.322715759277344,30.468297958374023
29.786657333374023,29.995088577270508,30.388813018798828,30.792497634887695,31.03489112854004,30.983957290649414,30.541658401489258,29.981054306030273,29.747652053833008,29.770933151245117,29.708993911743164,29.721887588500977,30.16187858581543,30.97079849243164,31.72177505493164,32.14002227783203,32.4914665222168,33.17761993408203,34.039329528808594,34.56614303588867,34.59811782836914,34.373191833496094,33.960693359375,33.20158386230469,32.2115592956543,31.328441619873047,30.794992446899414,30.624454498291016,30.62163543701172,30.62982177734375,30.745288848876953,31.05143165588379,31.279069900512695,31.260929107666016,31.251285552978516,31.383699417114258,31.447328567504883,31.315044403076172,31.050800323486328,30.678604125976562,30.274991989135742,30.049785614013672,30.11734962463379,30.403282165527344
29.105880737304688,29.54359245300293,29.987550735473633,30.428651809692383,30.847421646118164,31.21599006652832,31.41858673095703,31.321237564086914,31.105266571044922,31.089746475219727,31.28399085998535,31.57746124267578,32.00785827636719,32.543697357177734,33.01377487182617,33.24435806274414,33.40501022338867,33.83904266357422,34.48564529418945,34.83452224731445,34.550411224365234,33.932254791259766,33.40701675415039,32.86983108520508,32.03657913208008,31.1411075592041,30.720218658447266,30.887290954589844,31.24235725402832,31.43433952331543,31.51034164428711,31.667118072509766,31.868925094604492,31.978961944580078,32.03761672973633,32.08816909790039,32.030426025390625,31.809158325195312,31.464109420776367,31.035886764526367,30.66977882385254,30.557241439819336,30.72498893737793,31.085342407226562
27.917678833007812,28.25122833251953,28.716459274291992,29.38240623474121,30.24086570739746,31.16144371032715,31.923974990844727,32.280860900878906,32.25237274169922,32.280860900878906,32.64293670654297,33.168006896972656,33.53453826904297,33.69718551635742,33.71649932861328,33.70929718017578,33.78973388671875,33.98978042602539,34.163490295410156,34.10493850708008,33.67869186401367,33.12348937988281,32.896732330322266,33.00613021850586,32.83818054199219,32.224456787109375,31.662763595581055,31.64141273498535,32.05500793457031,32.38589859008789,32.33842849731445,32.095211029052734,31.954803466796875,31.98494529724121,32.04971694946289,31.992067337036133,31.800771713256836,31.587419509887695,31.45139503479004,31.44790267944336,31.5471248626709,31.645954132080078,31.736434936523438,31.896663665771484
26.518943786621094,26.733505249023438,27.404254913330078,28.572444915771484,30.04521942138672,31.480321884155273,32.54050064086914,33.03443908691406,33.0482292175293,32.9400520324707,32.991416931152344,33.181884765625,33.44339370727539,33.69319152832031,33.802730560302734,33.82294464111328,33.923072814941406,34.02178955078125,33.97452163696289,33.91857147216797,33.99718475341797,34.098777770996094,34.19932556152344,34.33771896362305,34.3855094909668,34.158016204833984,33.726043701171875,33.27088165283203,32.965293884277344,32.77346420288086,32.47907257080078,32.052242279052734,31.745758056640625,31.692888259887695,31.740266799926758,31.701427459716797,31.622711181640625,31.691869735717773,32.016700744628906,32.47344970703125,32.755393981933594,32.692481994628906,32.47202682495117,32.357704162597656
