data/wind_data/wind_48_8.json
{"header": {"parameterUnit": "KT", "parameterCategory": 2, "nx": 256, "ny": 198, "lo1": 44.73521041870117, "la1": -3.236724853515625, "lo2": 111.26478576660156, "la2": 43.468475341796875, "dx": 0.2609002888202667, "dy": -0.23708222806453705, "refTime": "2025-02-21 00:00:00", "forecastTime": 0, "parameterNumber": 2, "parameterNumberName": "eastward_wind"}, "data":
[rows 171 to 189 of 198, columns 0 to 43 of 256]
43.36863327026367,43.07025146484375,42.48008728027344,42.56254577636719,42.839317321777344,42.220706939697266,40.815147399902344,39.63646697998047,39.085357666015625,38.61638259887695,37.881591796875,36.65156555175781,35.20118713378906,34.505008697509766,34.93265151977539,35.721370697021484,36.43764877319336,36.7820930480957,36.25251007080078,35.10286331176758,34.51166534423828,35.232669830322266,37.03471755981445,39.1484489440918,40.579017639160156,40.435508728027344,38.431514739990234,35.53634262084961,33.15464782714844,31.86343765258789,31.058652877807617,30.509336471557617,30.398941040039062,30.782398223876953,31.4111270904541,32.331790924072266,33.7933464050293,35.55818557739258,36.47904968261719,35.43103790283203,33.20067596435547,32.15341567993164,33.42331314086914,35.704166412353516
43.513572692871094,46.929237365722656,45.7236328125,44.73545455932617,44.530277252197266,43.452308654785156,41.609317779541016,40.21780014038086,39.553035736083984,38.96206283569336,37.84914016723633,36.515682220458984,35.85495376586914,36.01333236694336,36.51468276977539,37.13761520385742,37.863372802734375,38.09755325317383,37.292442321777344,36.05441665649414,35.37154769897461,35.57353591918945,36.76063919067383,38.66414260864258,39.9007568359375,39.10090637207031,36.43307876586914,33.441184997558594,31.427209854125977,30.883142471313477,31.122539520263672,31.305957794189453,31.36039924621582,31.503868103027344,31.84393882751465,32.67816162109375,33.96871566772461,34.9163932800293,34.502044677734375,32.793155670166016,31.322694778442383,31.621562957763672,33.62595748901367,35.77164840698242
44.00967788696289,46.27706527709961,45.65962600708008,45.13015365600586,44.93342208862305,44.298988342285156,43.32486343383789,42.20490646362305,40.850257873535156,39.30739212036133,37.509822845458984,35.97422409057617,35.562255859375,36.08385467529297,36.97303009033203,38.29578399658203,39.763336181640625,40.126461029052734,39.05402755737305,37.69527816772461,36.91853332519531,36.950653076171875,38.0673942565918,39.89623260498047,40.57791519165039,38.95090103149414,35.99208450317383,33.2305793762207,31.3214111328125,30.616146087646484,30.80668830871582,31.086820602416992,31.319183349609375,31.59953498840332,32.136436462402344,33.05766296386719,33.991302490234375,34.082733154296875,32.74467086791992,30.77543830871582,29.837261199951172,30.678508758544922,32.643001556396484,34.31212615966797
44.366722106933594,44.580177307128906,44.30553436279297,44.32310104370117,44.360687255859375,44.584354400634766,44.51626968383789,43.652008056640625,42.075252532958984,39.98438262939453,37.53824996948242,35.62173080444336,35.19221878051758,35.921836853027344,37.330265045166016,39.444766998291016,41.52935791015625,42.03240203857422,40.837459564208984,39.434288024902344,38.73267364501953,39.002891540527344,40.282447814941406,41.882362365722656,41.94462585449219,39.650203704833984,36.67876434326172,34.40349197387695,32.82876205444336,31.645946502685547,30.8906192779541,30.489004135131836,30.34175682067871,30.387327194213867,30.89548110961914,31.81398582458496,32.568180084228516,32.44124221801758,31.261314392089844,29.981653213500977,29.68467140197754,30.404264450073242,31.436864852905273,32.15668869018555
43.8665657043457,43.6729736328125,43.6439094543457,44.14153289794922,44.346839904785156,44.52460479736328,44.46167755126953,44.024810791015625,42.93286895751953,40.65190505981445,37.66573715209961,35.61957550048828,35.31816482543945,36.179203033447266,37.79325866699219,40.138919830322266,42.352149963378906,43.0810661315918,42.230995178222656,41.12425994873047,40.7286376953125,41.2029914855957,42.41192626953125,43.72136688232422,43.656471252441406,41.356109619140625,38.33916473388672,36.244991302490234,34.92486572265625,33.37282943725586,31.6894474029541,30.5089054107666,29.67144203186035,28.962547302246094,28.928016662597656,29.768068313598633,30.7022705078125,30.820219039916992,30.283559799194336,30.055849075317383,30.428375244140625,30.821069717407227,30.83270835876465,30.873313903808594
42.749839782714844,42.26798629760742,43.25405502319336,44.92330551147461,44.98036193847656,44.512088775634766,44.281368255615234,44.05638885498047,42.987640380859375,40.57811737060547,37.983219146728516,36.60456085205078,36.611080169677734,37.33744812011719,38.66604232788086,40.61493682861328,42.485870361328125,43.371070861816406,43.12376022338867,42.523746490478516,42.263763427734375,42.543067932128906,43.4875602722168,44.83475112915039,45.3755989074707,43.85334777832031,41.07786178588867,38.865318298339844,37.30552673339844,35.322994232177734,33.12457275390625,31.465497970581055,30.123823165893555,28.699050903320312,28.018720626831055,28.622304916381836,29.680784225463867,30.137697219848633,30.0402889251709,30.205968856811523,30.79876136779785,31.161781311035156,31.036209106445312,31.133333206176758
41.6785888671875,40.244869232177734,42.55466842651367,45.34658432006836,45.29531478881836,44.44265365600586,43.9232292175293,43.594058990478516,42.668418884277344,40.885719299316406,39.324623107910156,38.76365661621094,38.86346435546875,39.24309539794922,40.07867431640625,41.416744232177734,42.72991180419922,43.555511474609375,43.836944580078125,43.600494384765625,42.913787841796875,42.43585205078125,43.00369644165039,44.60118103027344,46.11227035522461,46.039241790771484,44.17387771606445,41.87086486816406,39.767478942871094,37.490936279296875,35.170352935791016,33.254234313964844,31.608428955078125,29.834829330444336,28.69325065612793,28.907014846801758,29.81208038330078,30.254642486572266,30.013336181640625,29.89447021484375,30.430572509765625,31.196491241455078,31.814838409423828,32.57587814331055
40.47654342651367,42.60358428955078,44.38701629638672,46.31669998168945,45.30359649658203,43.486793518066406,42.697940826416016,42.87017059326172,42.76604461669922,42.04230880737305,41.35268783569336,40.98186111450195,40.81747055053711,40.890838623046875,41.45792770385742,42.41410827636719,43.32279586791992,44.11113357543945,44.78205108642578,44.521820068359375,43.00144958496094,41.49559783935547,41.52666091918945,43.273399353027344,45.600311279296875,47.056785583496094,46.53286361694336,44.33174133300781,41.58487319946289,39.09425354003906,37.13056945800781,35.408714294433594,33.69671630859375,31.8885555267334,30.64041519165039,30.495052337646484,30.957714080810547,30.901865005493164,30.070884704589844,29.44036865234375,29.798683166503906,30.962514877319336,32.51210403442383,34.19972610473633
39.747596740722656,45.87601089477539,47.10962677001953,47.65378952026367,44.9486198425293,42.23884963989258,41.64688491821289,42.2055549621582,42.7265739440918,43.05085754394531,43.04184341430664,42.59716796875,42.07986831665039,41.91779327392578,42.293426513671875,43.0511474609375,44.008766174316406,45.197261810302734,46.07075500488281,45.40460205078125,43.21085739135742,41.178466796875,40.914005279541016,42.48640823364258,44.9022331237793,47.07496643066406,47.63618850708008,45.712623596191406,42.41501235961914,39.83740234375,38.55211639404297,37.574851989746094,36.124271392822266,34.3631706237793,33.13502502441406,32.89675521850586,33.00241470336914,32.33964157104492,30.798221588134766,29.460107803344727,29.35165786743164,30.64567756652832,32.809906005859375,35.09590148925781
40.523677825927734,47.03947830200195,48.191368103027344,47.82329177856445,44.260498046875,41.6826057434082,41.192779541015625,41.68028259277344,42.73127365112305,43.712276458740234,43.96514129638672,43.47682189941406,42.78810501098633,42.40454864501953,42.54658508300781,43.29583740234375,44.7603874206543,46.54388427734375,47.231605529785156,46.067344665527344,43.91985321044922,42.418399810791016,42.29768753051758,43.27731704711914,44.85028839111328,46.67984390258789,47.79673767089844,46.44929504394531,43.054527282714844,40.340431213378906,39.581321716308594,39.50066375732422,38.62532424926758,36.9644660949707,35.67295455932617,35.431617736816406,35.4893913269043,34.61629104614258,32.51739501953125,30.260662078857422,29.513999938964844,30.796415328979492,33.14326095581055,35.340755462646484
42.31892395019531,45.785888671875,46.8931884765625,46.163116455078125,42.87035369873047,40.90462112426758,41.05479431152344,42.39807891845703,43.868934631347656,44.48917007446289,44.257198333740234,43.57933044433594,42.748077392578125,42.1711540222168,42.31782150268555,43.47462463378906,45.67902374267578,47.80389404296875,48.044979095458984,46.672882080078125,45.234188079833984,44.61307144165039,44.62754440307617,44.86295700073242,45.360965728759766,46.50221633911133,47.676509857177734,47.040748596191406,44.182159423828125,41.359893798828125,40.47257614135742,40.79132080078125,40.55884552001953,39.28554153442383,38.02970886230469,37.70941925048828,37.78413772583008,37.06332778930664,34.8151969909668,31.898351669311523,30.683942794799805,31.897397994995117,34.030250549316406,35.59156036376953
43.32603073120117,43.792266845703125,44.590736389160156,43.623966217041016,40.486568450927734,39.338809967041016,41.039283752441406,43.582000732421875,45.02939224243164,44.94525909423828,44.13808059692383,43.14821243286133,42.15341567993164,41.605506896972656,41.94874572753906,43.5778923034668,46.50749969482422,48.78712463378906,48.795597076416016,47.6289176940918,46.85356521606445,46.597225189208984,46.36102294921875,45.99696731567383,45.88093185424805,46.496036529541016,47.52294921875,47.47664260864258,45.54045867919922,43.04222106933594,41.746334075927734,41.70900344848633,41.70310592651367,40.98929977416992,40.051856994628906,39.58280563354492,39.455223083496094,38.89197540283203,36.942378997802734,34.172672271728516,32.972557067871094,34.01167678833008,35.53035354614258,36.167137145996094
43.22495651245117,44.037933349609375,43.89594650268555,42.10344696044922,38.964656829833984,38.622886657714844,40.979759216308594,43.495052337646484,44.578975677490234,44.172183990478516,43.17747116088867,42.35231399536133,42.00135040283203,41.896671295166016,41.86827087402344,43.23797607421875,46.685203552246094,49.428524017333984,49.57243347167969,48.60820388793945,48.023250579833984,47.5771369934082,46.92280197143555,46.31014633178711,46.0235710144043,46.41153335571289,47.30601119995117,47.6314582824707,46.57721710205078,44.72576904296875,43.216976165771484,42.57244873046875,42.448055267333984,42.24888610839844,41.71196746826172,41.003883361816406,40.4141731262207,39.82240295410156,38.517669677734375,36.746376037597656,36.137611389160156,36.93339920043945,37.58864974975586,37.242332458496094
42.669429779052734,42.65569305419922,42.74296188354492,41.09527587890625,38.734893798828125,38.94120788574219,40.77769470214844,42.47197723388672,42.99693298339844,42.34052276611328,41.61062240600586,41.75196838378906,42.442691802978516,42.17041015625,41.106117248535156,42.461666107177734,46.863800048828125,50.166954040527344,50.12559509277344,48.8965950012207,48.170555114746094,47.50712203979492,46.696754455566406,46.08784866333008,45.88562774658203,46.27312469482422,47.10190963745117,47.60884094238281,47.074790954589844,45.66154098510742,44.10380172729492,43.103302001953125,42.89125442504883,43.04263687133789,42.769142150878906,41.82145309448242,40.75882339477539,40.09397888183594,39.66452407836914,39.338172912597656,39.514198303222656,40.08580017089844,40.093624114990234,39.03937911987305
41.88894271850586,43.2476806640625,43.09038162231445,41.49718475341797,39.53347396850586,39.4193229675293,40.393558502197266,41.38484191894531,41.53571701049805,40.98208999633789,40.79497146606445,41.23875427246094,41.47354507446289,40.5033073425293,39.774715423583984,42.53702163696289,47.986114501953125,51.099891662597656,50.12225341796875,48.27793884277344,47.42117691040039,46.72277069091797,45.949127197265625,45.62757873535156,45.73434066772461,46.16085433959961,46.86738967895508,47.40730667114258,47.182037353515625,45.87873458862305,44.20379638671875,43.13119125366211,43.000213623046875,43.277854919433594,43.039608001708984,41.95357894897461,40.74251937866211,40.349998474121094,40.89372634887695,41.756343841552734,42.45522689819336,42.87134552001953,42.68265151977539,41.46470642089844
40.821895599365234,43.70852279663086,43.85487365722656,42.88347625732422,41.05791091918945,40.22969055175781,40.40470886230469,41.0011100769043,41.21255874633789,40.96400833129883,40.304168701171875,39.34947204589844,38.665470123291016,38.408538818359375,39.43922805786133,43.51380157470703,49.41966247558594,52.12574005126953,50.06570816040039,47.28997039794922,46.319271087646484,45.93553161621094,45.35330581665039,45.318016052246094,45.72968673706055,46.09375762939453,46.52040481567383,47.019256591796875,46.928245544433594,45.64663314819336,43.88533020019531,42.83648681640625,42.724769592285156,42.90153503417969,42.62575149536133,41.73411178588867,41.0191650390625,41.3258171081543,42.57789611816406,43.905147552490234,44.64761734008789,44.87211227416992,44.74484634399414,43.76158142089844
40.17089080810547,41.53564453125,42.51975631713867,42.840538024902344,41.7213249206543,41.112403869628906,41.39360427856445,42.054779052734375,42.46097946166992,41.560455322265625,38.87380599975586,36.55078125,36.396305084228516,37.59187698364258,39.63377380371094,43.89974594116211,49.92184066772461,52.96778106689453,50.50276565551758,46.522830963134766,45.02493667602539,45.36708450317383,45.46290969848633,45.55113983154297,45.95928955078125,46.12824630737305,46.26687240600586,46.72176742553711,46.64399337768555,45.388031005859375,43.60544204711914,42.413997650146484,42.11117172241211,42.212650299072266,42.178428649902344,42.00318145751953,42.24654006958008,43.3214111328125,44.83906555175781,45.9640007019043,46.34855651855469,46.29945373535156,46.151031494140625,45.450775146484375
40.23952102661133,40.36529541015625,41.00144958496094,41.60477066040039,41.538047790527344,42.1158447265625,43.14697265625,44.009315490722656,43.69763946533203,40.74897766113281,36.71607208251953,34.91935729980469,35.687171936035156,37.22139358520508,39.469181060791016,43.664852142333984,49.52465057373047,53.07643508911133,50.86886215209961,45.962379455566406,43.630897521972656,44.648399353027344,45.95998764038086,46.37343978881836,46.45909118652344,46.30536651611328,46.26814270019531,46.658451080322266,46.56460189819336,45.27490997314453,43.39876174926758,41.906131744384766,41.39533615112305,41.65055465698242,42.17182922363281,42.8470344543457,43.92707061767578,45.47956085205078,46.944313049316406,47.61637496948242,47.45215606689453,46.99082946777344,46.611087799072266,46.10088348388672
40.465179443359375,38.23545455932617,38.916439056396484,39.9303092956543,41.263938903808594,43.08573532104492,44.66506576538086,45.17939376831055,43.48989486694336,39.817161560058594,36.711605072021484,35.6869010925293,35.883384704589844,37.118343353271484,39.76089859008789,43.75864028930664,48.7487678527832,52.10023880004883,50.337303161621094,45.20741271972656,42.2358283996582,43.59061813354492,46.15806198120117,47.329044342041016,47.2652702331543,46.82314682006836,46.69282150268555,47.05118942260742,46.97606658935547,45.595367431640625,43.451663970947266,41.908573150634766,41.65305709838867,42.35582733154297,43.33238983154297,44.33298110961914,45.60508346557617,47.16758728027344,48.42906951904297,48.7137451171875,48.09776306152344,47.30242156982422,46.777793884277344,46.517818450927734
