data/wind_data/wind_6_9.json
{"header": {"parameterUnit": "KT", "parameterCategory": 2, "nx": 256, "ny": 198, "lo1": 44.73521041870117, "la1": -3.236724853515625, "lo2": 111.26478576660156, "la2": 43.468475341796875, "dx": 0.2609002888202667, "dy": -0.23708222806453705, "refTime": "2025-02-19 06:00:00", "forecastTime": 0, "parameterNumber": 2, "parameterNumberName": "eastward_wind"}, "data":
[rows 19 to 37 of 198, columns 129 to 171 of 256]
31.85489845275879,32.01945114135742,32.514739990234375,33.203582763671875,33.59811019897461,33.49607849121094,33.522823333740234,34.06782531738281,34.833736419677734,35.29362869262695,34.93829345703125,33.8911018371582,33.04232406616211,33.206329345703125,34.14695739746094,34.640140533447266,33.79862594604492,32.440284729003906,31.796926498413086,32.23965835571289,33.718650817871094,35.627445220947266,36.41593933105469,34.95723342895508,32.59870147705078,31.99810791015625,33.284305572509766,34.26902770996094,33.716915130615234,32.252620697021484,30.688148498535156,29.297164916992188,28.06023597717285,27.29889488220215,27.916160583496094,30.00911521911621,31.755765914916992,31.588241577148438,30.658885955810547,30.05012321472168,29.066184997558594,27.437204360961914,26.07726287841797
31.70201301574707,31.38831901550293,31.415435791015625,32.20351791381836,33.17924880981445,33.44718551635742,33.262550354003906,33.43445587158203,34.23875045776367,34.8875732421875,34.50843811035156,33.611114501953125,33.227901458740234,33.46267318725586,33.732322692871094,33.75035095214844,33.19580078125,32.04145050048828,30.880189895629883,30.587278366088867,32.05121994018555,34.64692306518555,36.12042999267578,35.124271392822266,33.29386901855469,32.931678771972656,33.831687927246094,34.083187103271484,33.18342590332031,32.0665283203125,31.271684646606445,30.42888832092285,29.121219635009766,27.840456008911133,27.78188705444336,29.399063110351562,31.238101959228516,31.673982620239258,31.03566551208496,29.951353073120117,28.43510627746582,26.858718872070312,25.761003494262695
31.061201095581055,30.880001068115234,30.63477325439453,31.111658096313477,32.21864700317383,33.24948501586914,33.70325469970703,33.79928970336914,33.907894134521484,33.664669036865234,32.871849060058594,32.52336883544922,33.05363082885742,33.529197692871094,33.4642219543457,33.49011993408203,33.49461364746094,32.42069625854492,30.380949020385742,29.489036560058594,31.32843780517578,34.400390625,35.7977294921875,34.631919860839844,32.989723205566406,32.93014144897461,33.881927490234375,33.773746490478516,32.688507080078125,31.963504791259766,31.747390747070312,31.122655868530273,29.72810173034668,28.458946228027344,28.473770141601562,29.9642391204834,31.730430603027344,32.173789978027344,31.21745491027832,29.75462532043457,28.398193359375,27.078927993774414,25.7690486907959
30.337953567504883,30.442607879638672,29.982101440429688,29.94639778137207,30.857999801635742,32.485164642333984,33.83316421508789,34.248558044433594,33.82846450805664,32.694496154785156,31.39870262145996,31.24370765686035,32.36543273925781,33.30207443237305,33.60294723510742,34.085235595703125,34.42927932739258,32.923526763916016,29.847185134887695,28.56627082824707,30.869125366210938,34.38943862915039,35.63616180419922,33.97193908691406,32.10834503173828,32.317138671875,33.68016815185547,33.918983459472656,32.85321807861328,31.860763549804688,31.6195011138916,31.303281784057617,30.092321395874023,28.77676010131836,28.8214054107666,30.256481170654297,31.757251739501953,32.034034729003906,31.11745262145996,29.899877548217773,28.626413345336914,26.961332321166992,25.13506507873535
29.41474151611328,29.823129653930664,29.668323516845703,29.50035285949707,30.071455001831055,31.519874572753906,32.98838806152344,33.609779357910156,33.303707122802734,32.26188278198242,30.838863372802734,30.246719360351562,31.139083862304688,32.445945739746094,33.487823486328125,34.34282302856445,34.35224533081055,32.33122253417969,29.03118896484375,27.925893783569336,30.374731063842773,33.857391357421875,35.037139892578125,33.19581604003906,31.203495025634766,31.66854476928711,33.46634292602539,34.10615539550781,32.98097229003906,31.500764846801758,31.13654327392578,31.43782615661621,30.831132888793945,29.458227157592773,29.00293731689453,29.955612182617188,30.91854476928711,31.020294189453125,30.712604522705078,30.416135787963867,29.206846237182617,26.744291305541992,24.449453353881836
28.608688354492188,29.199546813964844,29.794681549072266,30.137798309326172,30.23417091369629,30.61737060546875,31.408958435058594,32.17107391357422,32.554588317871094,32.12515640258789,30.81743049621582,29.880102157592773,30.412395477294922,31.70131492614746,32.86738586425781,33.584102630615234,33.138099670410156,31.042142868041992,28.496578216552734,28.13595962524414,30.544679641723633,33.5074348449707,34.40155792236328,32.63395690917969,30.71492576599121,31.13394546508789,32.94781494140625,33.625160217285156,32.38302993774414,30.700443267822266,30.33519172668457,31.177934646606445,31.506223678588867,30.669639587402344,29.91996955871582,30.26922607421875,30.650177001953125,30.331634521484375,30.207792282104492,30.503528594970703,29.70626449584961,27.10215187072754,24.47806739807129
27.705333709716797,28.622879028320312,29.9116268157959,31.012510299682617,31.100976943969727,30.511978149414062,30.46424674987793,31.370447158813477,32.445045471191406,32.4217529296875,30.994516372680664,29.73859977722168,30.179847717285156,31.533740997314453,32.50143814086914,32.793739318847656,32.100154876708984,29.9921932220459,27.80272674560547,28.059038162231445,30.760433197021484,33.554046630859375,34.34962844848633,32.78757858276367,30.904075622558594,30.87635612487793,32.16096496582031,32.74594497680664,31.67836570739746,30.061582565307617,29.379392623901367,30.01609230041504,30.90468406677246,31.058778762817383,30.839862823486328,31.03794288635254,31.188108444213867,30.668437957763672,30.200408935546875,30.087373733520508,29.054977416992188,26.581008911132812,24.290071487426758
26.78016471862793,27.90657615661621,29.374509811401367,30.871328353881836,31.603212356567383,31.275890350341797,30.9617977142334,31.57646369934082,32.491397857666016,32.56135177612305,31.461654663085938,30.31797981262207,30.65603256225586,31.936199188232422,32.637176513671875,32.348140716552734,31.283170700073242,29.310590744018555,27.16438102722168,27.444169998168945,30.421438217163086,33.297828674316406,33.887046813964844,32.695350646972656,31.381689071655273,30.887897491455078,31.407808303833008,31.79779052734375,31.07176971435547,29.782941818237305,29.04106330871582,29.2302188873291,29.769311904907227,30.05987548828125,30.25495719909668,30.698890686035156,31.21465492248535,31.262012481689453,30.802000045776367,29.947111129760742,28.333581924438477,26.098613739013672,24.46007537841797
26.438030242919922,27.162002563476562,28.393814086914062,30.023725509643555,31.468671798706055,31.98001480102539,31.755220413208008,31.69887924194336,32.045406341552734,32.27577209472656,31.981979370117188,31.492801666259766,31.74312973022461,32.66868209838867,33.06121826171875,32.40380096435547,30.98575782775879,28.895706176757812,26.792362213134766,26.787128448486328,29.457317352294922,32.15172576904297,32.43896484375,31.3336238861084,30.83953285217285,30.534374237060547,30.830820083618164,30.8599910736084,30.432607650756836,29.768444061279297,29.291709899902344,29.074291229248047,28.84122657775879,28.666866302490234,28.7657413482666,29.275554656982422,30.28387451171875,31.284320831298828,31.473875045776367,30.68386459350586,28.99833106994629,26.6785888671875,24.731168746948242
26.13475799560547,26.332609176635742,27.553821563720703,29.44643211364746,31.185436248779297,32.02934265136719,31.9384822845459,31.758323669433594,32.11830139160156,32.43925476074219,32.193267822265625,31.837154388427734,32.15542984008789,32.95353317260742,33.08727264404297,32.220115661621094,30.623517990112305,28.428741455078125,26.69605255126953,26.745967864990234,28.6575984954834,30.485124588012695,30.379810333251953,29.2768497467041,28.9018611907959,29.549413681030273,30.03297233581543,29.835277557373047,29.58869743347168,29.577863693237305,29.45230484008789,28.91484832763672,28.193178176879883,27.880897521972656,27.96714973449707,28.375364303588867,29.58597183227539,31.185794830322266,31.905269622802734,31.374732971191406,29.842615127563477,27.23848533630371,24.501249313354492
26.08423614501953,26.090778350830078,27.39708137512207,29.283428192138672,30.72287368774414,31.43226432800293,31.818035125732422,32.43191909790039,33.164119720458984,32.98030471801758,31.92654800415039,31.192142486572266,31.521146774291992,32.21376037597656,32.17819595336914,31.086278915405273,29.264636993408203,27.414461135864258,26.640623092651367,27.111957550048828,28.321308135986328,29.08121681213379,28.74190902709961,27.99433708190918,27.867780685424805,28.507917404174805,28.78188705444336,28.31421661376953,28.2016658782959,28.9116153717041,29.390531539916992,28.724376678466797,27.651206970214844,27.434654235839844,27.882078170776367,28.331655502319336,29.240028381347656,30.62067222595215,31.400991439819336,31.118650436401367,29.881183624267578,27.499971389770508,24.76015853881836
26.59316635131836,26.44247817993164,27.626623153686523,29.149477005004883,30.011323928833008,30.483245849609375,31.43375015258789,32.98033905029297,33.984092712402344,33.38335418701172,31.92379379272461,30.7818660736084,30.61784553527832,31.009891510009766,31.117794036865234,30.117813110351562,28.02906608581543,26.32857322692871,26.3786678314209,27.542478561401367,28.638656616210938,28.782794952392578,28.182842254638672,27.81343650817871,28.082176208496094,28.47357749938965,28.110498428344727,27.130685806274414,27.03263282775879,28.1492977142334,29.02618980407715,28.380048751831055,27.101211547851562,26.893598556518555,27.650346755981445,28.41925621032715,29.149024963378906,29.771160125732422,29.92439842224121,29.74202537536621,29.05551528930664,27.309476852416992,25.0634708404541
27.263320922851562,27.041170120239258,27.858360290527344,28.916332244873047,29.355192184448242,29.63309669494629,30.65862274169922,32.32733154296875,33.47069549560547,33.46747970581055,32.51702117919922,31.257543563842773,30.156780242919922,29.9189395904541,30.282974243164062,29.97314453125,28.28763771057129,26.483078002929688,26.27651023864746,27.807552337646484,29.19464874267578,29.508358001708984,28.801485061645508,28.46343994140625,28.97285270690918,29.288326263427734,28.413789749145508,27.09742546081543,26.821208953857422,27.425479888916016,27.873085021972656,27.435321807861328,26.565792083740234,26.210702896118164,26.694719314575195,27.767873764038086,28.74024200439453,29.010082244873047,28.650794982910156,28.251882553100586,27.757938385009766,26.47772979736328,24.533100128173828
27.6138973236084,27.617347717285156,28.368078231811523,29.153474807739258,29.3853759765625,29.456523895263672,29.964754104614258,31.01358413696289,32.21577072143555,32.979679107666016,32.851043701171875,31.866474151611328,30.171422958374023,29.490571975708008,29.97484016418457,30.167753219604492,29.16876220703125,27.68383026123047,27.1066837310791,27.921602249145508,29.193437576293945,29.684844970703125,29.2608642578125,29.023611068725586,29.662784576416016,29.988739013671875,28.834638595581055,27.292753219604492,26.555776596069336,26.31842613220215,26.17473030090332,25.933977127075195,25.600547790527344,25.269628524780273,25.602291107177734,26.896224975585938,28.163183212280273,28.49308204650879,27.95436668395996,27.14114761352539,26.400611877441406,25.27712059020996,23.501972198486328
27.569597244262695,27.635068893432617,28.545978546142578,29.44748878479004,29.73543357849121,29.740053176879883,30.051929473876953,30.765710830688477,31.568737030029297,32.26625442504883,32.32282638549805,31.35300064086914,30.08362579345703,29.81070899963379,30.37137794494629,30.66208839416504,30.08379554748535,28.833431243896484,28.077421188354492,28.602779388427734,29.460542678833008,29.60535430908203,29.26694107055664,29.275842666625977,29.72743034362793,29.56768798828125,28.175718307495117,26.68619155883789,25.791162490844727,25.22940444946289,24.853097915649414,24.499364852905273,24.136510848999023,24.133420944213867,24.974157333374023,26.65607452392578,28.124439239501953,28.484764099121094,27.87862205505371,26.816547393798828,25.941726684570312,24.938861846923828,23.20339584350586
27.073074340820312,27.050790786743164,28.05931854248047,29.077659606933594,29.478116989135742,29.68952178955078,30.398435592651367,31.280765533447266,31.617746353149414,31.573104858398438,31.202682495117188,30.238136291503906,29.497650146484375,29.835777282714844,30.66678810119629,30.999753952026367,30.535282135009766,29.576404571533203,29.128358840942383,29.65715789794922,30.172794342041016,29.87740135192871,29.397254943847656,29.53607940673828,29.587732315063477,28.412431716918945,26.502103805541992,25.41062355041504,25.215898513793945,25.030868530273438,24.348398208618164,23.319576263427734,22.620037078857422,23.001815795898438,24.581279754638672,26.813871383666992,28.515275955200195,28.955228805541992,28.397485733032227,27.442920684814453,26.557668685913086,25.522584915161133,23.805912017822266
26.054298400878906,25.95997428894043,27.105607986450195,28.224807739257812,28.7227840423584,29.22051239013672,30.269615173339844,31.350696563720703,31.633337020874023,31.224658966064453,30.35761260986328,29.21783447265625,28.489484786987305,28.951963424682617,30.3342342376709,31.177082061767578,30.73993492126465,29.792936325073242,29.484472274780273,30.052616119384766,30.5637149810791,30.22100830078125,29.454008102416992,29.098983764648438,28.640501022338867,27.07425308227539,25.150789260864258,24.409048080444336,24.756513595581055,24.892026901245117,24.02482795715332,22.673561096191406,22.002609252929688,22.639692306518555,24.409286499023438,26.690532684326172,28.425460815429688,29.00091552734375,28.63124656677246,27.785554885864258,26.711164474487305,25.407724380493164,23.80803871154785
24.722623825073242,24.580129623413086,25.727497100830078,26.954647064208984,27.687406539916992,28.526309967041016,29.723806381225586,30.809568405151367,31.33589744567871,31.215715408325195,30.381484985351562,29.12825584411621,28.17028045654297,28.249454498291016,29.512704849243164,30.713010787963867,30.60350799560547,29.816408157348633,29.498252868652344,29.94312286376953,30.368797302246094,29.901737213134766,28.844770431518555,28.055633544921875,27.47667694091797,26.233219146728516,24.56578254699707,23.695405960083008,24.085500717163086,24.619304656982422,24.082862854003906,22.813426971435547,22.170907974243164,22.74966049194336,24.15228271484375,25.86790657043457,27.32976722717285,28.20246696472168,28.133153915405273,27.2432918548584,25.91107749938965,24.52857208251953,23.323890686035156
24.0810546875,23.79291534423828,24.3826904296875,25.242998123168945,26.055376052856445,27.338834762573242,28.845251083374023,29.939720153808594,30.61971092224121,30.943254470825195,30.701303482055664,29.900880813598633,28.894771575927734,28.350666046142578,28.673465728759766,29.50101089477539,29.945158004760742,29.6719970703125,29.343210220336914,29.57654571533203,29.892030715942383,29.243444442749023,27.91158676147461,26.96533203125,26.572715759277344,25.71904182434082,24.28596305847168,23.21660041809082,23.343242645263672,24.1892032623291,24.302021026611328,23.347959518432617,22.463855743408203,22.525169372558594,23.522262573242188,24.87380599975586,26.156248092651367,27.19169044494629,27.257366180419922,26.242666244506836,25.11619758605957,24.31513214111328,23.647754669189453
