data/wind_data/wind_9_8.json
{"header": {"parameterUnit": "KT", "parameterCategory": 2, "nx": 256, "ny": 198, "lo1": 44.73521041870117, "la1": -3.236724853515625, "lo2": 111.26478576660156, "la2": 43.468475341796875, "dx": 0.2609002888202667, "dy": -0.23708222806453705, "refTime": "2025-02-19 09:00:00", "forecastTime": 0, "parameterNumber": 2, "parameterNumberName": "eastward_wind"}, "data":
[rows 0 to 18 of 198, columns 132 to 175 of 256]
-11.516993522644043,-9.410889625549316,-10.134114265441895,-11.859606742858887,-11.370686531066895,-10.011998176574707,-8.42592716217041,-7.584136486053467,-9.311487197875977,-11.112720489501953,-11.341086387634277,-11.727984428405762,-12.841536521911621,-14.204927444458008,-15.799246788024902,-17.30809211730957,-18.732524871826172,-18.920900344848633,-17.90183448791504,-17.66753578186035,-18.011781692504883,-17.98535919189453,-17.779966354370117,-17.7864933013916,-17.920211791992188,-18.318939208984375,-18.458675384521484,-17.198068618774414,-15.823123931884766,-15.783891677856445,-15.28009033203125,-13.154438972473145,-10.638378143310547,-7.7986297607421875,-6.29357385635376,-6.77662467956543,-7.209633827209473,-7.331067085266113,-8.268420219421387,-9.976847648620605,-10.3643798828125,-9.64976978302002,-8.65307331085205,-7.454826831817627
-11.677003860473633,-10.528756141662598,-10.281285285949707,-11.078404426574707,-11.304525375366211,-11.0397367477417,-10.629966735839844,-10.30690860748291,-10.675872802734375,-11.052420616149902,-10.544554710388184,-10.19514274597168,-11.13693618774414,-12.718997955322266,-14.288092613220215,-15.595880508422852,-17.11355972290039,-18.447763442993164,-18.416845321655273,-18.352880477905273,-18.853759765625,-18.2702693939209,-17.209583282470703,-16.812715530395508,-16.457921981811523,-16.13218116760254,-16.00676727294922,-15.408516883850098,-14.711230278015137,-14.375749588012695,-12.930926322937012,-10.77314281463623,-9.488032341003418,-7.9940571784973145,-7.266295433044434,-8.15169620513916,-8.664681434631348,-9.132536888122559,-10.249483108520508,-10.793641090393066,-10.137321472167969,-9.960850715637207,-9.541322708129883,-7.786824703216553
-11.335342407226562,-10.50585651397705,-9.818817138671875,-9.615571022033691,-9.839777946472168,-10.614253997802734,-11.107575416564941,-11.125138282775879,-11.488737106323242,-12.317991256713867,-12.646053314208984,-12.469802856445312,-13.046422958374023,-14.358746528625488,-15.832672119140625,-16.88092803955078,-17.443994522094727,-17.594581604003906,-16.833723068237305,-16.306747436523438,-16.434019088745117,-15.507133483886719,-14.050506591796875,-13.810626029968262,-14.269049644470215,-14.939632415771484,-15.276183128356934,-14.229889869689941,-13.204388618469238,-13.223626136779785,-12.385652542114258,-10.639554977416992,-9.796730041503906,-9.518908500671387,-9.349042892456055,-9.07858943939209,-8.60694694519043,-8.639278411865234,-9.388531684875488,-9.984842300415039,-9.389216423034668,-8.694073677062988,-8.516215324401855,-7.5343451499938965
-10.72797679901123,-10.464359283447266,-9.833826065063477,-9.092384338378906,-9.152444839477539,-9.84247875213623,-10.56242561340332,-11.347317695617676,-12.160828590393066,-13.200311660766602,-14.198238372802734,-14.609128952026367,-14.873634338378906,-15.364086151123047,-16.33222007751465,-17.31635856628418,-17.442340850830078,-16.61683464050293,-15.577001571655273,-15.194833755493164,-14.923155784606934,-13.811266899108887,-12.810578346252441,-13.040261268615723,-13.935420989990234,-14.548787117004395,-13.922760009765625,-12.432075500488281,-11.663249015808105,-11.885181427001953,-11.863764762878418,-11.370847702026367,-11.228954315185547,-11.446296691894531,-11.307398796081543,-10.520538330078125,-9.857712745666504,-9.82303237915039,-10.346723556518555,-10.63620662689209,-9.645648002624512,-8.258822441101074,-7.94553804397583,-7.911015033721924
-10.188773155212402,-10.638081550598145,-10.28218936920166,-9.513238906860352,-8.58597469329834,-8.311145782470703,-9.169465065002441,-10.267901420593262,-11.06125545501709,-11.770027160644531,-11.974532127380371,-11.646263122558594,-11.239677429199219,-11.094759941101074,-11.838312149047852,-13.474297523498535,-14.524323463439941,-14.591185569763184,-14.962929725646973,-16.004549026489258,-16.6090087890625,-15.8406343460083,-14.532720565795898,-14.303353309631348,-15.170491218566895,-15.217952728271484,-14.487638473510742,-14.347543716430664,-14.260025978088379,-14.269951820373535,-15.302658081054688,-16.874332427978516,-18.165998458862305,-19.112667083740234,-19.406911849975586,-18.76311683654785,-17.764116287231445,-17.313201904296875,-17.313167572021484,-17.00823974609375,-15.63807487487793,-13.551695823669434,-12.500401496887207,-13.651153564453125
-9.223631858825684,-9.457971572875977,-8.939836502075195,-8.117375373840332,-7.409204959869385,-7.15104866027832,-7.398256301879883,-7.902776718139648,-8.486008644104004,-9.004672050476074,-9.158309936523438,-9.111762046813965,-9.205575942993164,-9.809059143066406,-11.36007022857666,-13.46310806274414,-14.772409439086914,-14.743938446044922,-14.51900863647461,-15.141153335571289,-15.712752342224121,-14.88581657409668,-13.303716659545898,-12.549538612365723,-12.789209365844727,-12.556796073913574,-11.762228012084961,-12.42605209350586,-13.976910591125488,-14.734082221984863,-15.379440307617188,-16.588838577270508,-17.601032257080078,-18.338457107543945,-18.730972290039062,-18.502243041992188,-18.195045471191406,-18.77103042602539,-20.058687210083008,-20.520198822021484,-19.14613151550293,-17.204296112060547,-17.383451461791992,-19.170988082885742
-8.939411163330078,-9.16073989868164,-8.135270118713379,-6.746664047241211,-6.355407238006592,-6.850710391998291,-7.1884074211120605,-7.038237571716309,-6.869516372680664,-7.1087327003479,-7.685066223144531,-8.374887466430664,-9.125663757324219,-10.03842830657959,-11.31431770324707,-12.680967330932617,-13.405865669250488,-13.25678825378418,-13.171087265014648,-13.957952499389648,-14.776896476745605,-14.510077476501465,-13.651854515075684,-13.134685516357422,-12.852609634399414,-12.6785249710083,-12.507789611816406,-12.998234748840332,-14.568399429321289,-15.988889694213867,-16.044147491455078,-16.122562408447266,-17.190479278564453,-17.96051597595215,-17.927209854125977,-17.301225662231445,-17.03202247619629,-17.765920639038086,-18.98775291442871,-19.92922019958496,-19.769323348999023,-18.2840576171875,-17.239734649658203,-17.17991065979004
-9.072698593139648,-9.594135284423828,-8.387370109558105,-6.46597957611084,-5.756587982177734,-6.563736915588379,-7.300804615020752,-7.139280796051025,-6.6607441902160645,-6.560383319854736,-7.006506443023682,-8.006471633911133,-9.349424362182617,-10.575651168823242,-11.588509559631348,-12.222856521606445,-12.15149211883545,-11.532787322998047,-11.217994689941406,-11.697925567626953,-12.431717872619629,-13.24128532409668,-14.452146530151367,-15.339347839355469,-14.415185928344727,-12.320333480834961,-11.850221633911133,-14.268953323364258,-15.290889739990234,-14.300621032714844,-14.416314125061035,-14.48364543914795,-15.845308303833008,-17.618886947631836,-17.815513610839844,-17.096275329589844,-16.86975860595703,-17.695138931274414,-18.533353805541992,-19.0135555267334,-19.452913284301758,-19.022418975830078,-17.005159378051758,-15.210298538208008
-8.44572639465332,-9.340082168579102,-8.692488670349121,-7.049794673919678,-5.840552806854248,-5.91982364654541,-6.622828960418701,-6.953930377960205,-6.785364151000977,-6.440593719482422,-6.3352813720703125,-7.093504428863525,-8.813130378723145,-10.667987823486328,-11.818487167358398,-11.944391250610352,-11.08681583404541,-9.8721923828125,-9.455280303955078,-10.347447395324707,-11.741349220275879,-12.830400466918945,-13.835700035095215,-14.84705924987793,-14.577388763427734,-13.326363563537598,-12.799585342407227,-14.474746704101562,-16.111331939697266,-14.719719886779785,-13.536735534667969,-13.781874656677246,-14.609968185424805,-16.42668342590332,-17.521175384521484,-17.440906524658203,-17.202116012573242,-17.467323303222656,-17.8314266204834,-18.27496910095215,-18.890241622924805,-18.475805282592773,-16.44611358642578,-14.232917785644531
-7.547921657562256,-8.529399871826172,-8.403524398803711,-7.539641380310059,-6.490100860595703,-5.802459716796875,-5.899606227874756,-6.4589924812316895,-6.6548171043396,-6.161684513092041,-5.7350945472717285,-6.376260280609131,-8.231961250305176,-10.318613052368164,-11.405513763427734,-11.276079177856445,-10.45065975189209,-9.73867416381836,-9.893452644348145,-11.188709259033203,-12.875194549560547,-13.706795692443848,-13.725837707519531,-14.012838363647461,-14.274554252624512,-14.034292221069336,-14.157326698303223,-14.913928985595703,-15.338994979858398,-14.964447021484375,-14.431855201721191,-14.372374534606934,-14.824135780334473,-15.818591117858887,-16.696731567382812,-17.068164825439453,-17.031932830810547,-16.519973754882812,-16.403684616088867,-17.66796875,-19.05097198486328,-18.306957244873047,-16.12479591369629,-14.0452299118042
-6.872107982635498,-7.861342430114746,-7.871405124664307,-7.494088172912598,-6.886528491973877,-6.129931449890137,-5.729340076446533,-5.982646942138672,-6.250797748565674,-5.869984149932861,-5.573023796081543,-6.3383378982543945,-8.07765007019043,-9.781341552734375,-10.694859504699707,-10.730512619018555,-10.469096183776855,-10.638195991516113,-11.386178016662598,-12.634048461914062,-13.85727596282959,-14.0471773147583,-13.420263290405273,-13.197502136230469,-13.583678245544434,-14.35358715057373,-14.963640213012695,-14.520004272460938,-13.834248542785645,-13.668275833129883,-14.113860130310059,-15.378645896911621,-16.421707153320312,-16.641376495361328,-16.527019500732422,-16.641870498657227,-16.832422256469727,-16.440174102783203,-16.31563949584961,-17.37042999267578,-18.350542068481445,-17.977439880371094,-16.613887786865234,-14.694231033325195
-6.134153842926025,-7.107791423797607,-7.29779577255249,-7.206138610839844,-6.979441165924072,-6.494037628173828,-6.0753912925720215,-5.927609920501709,-5.801957130432129,-5.4536662101745605,-5.370946884155273,-6.118956089019775,-7.632269382476807,-9.193886756896973,-10.272610664367676,-10.606072425842285,-10.689908981323242,-11.424408912658691,-12.472770690917969,-13.251916885375977,-13.425233840942383,-13.302291870117188,-13.613471984863281,-14.205428123474121,-14.396326065063477,-14.29300594329834,-13.846115112304688,-13.378678321838379,-13.392960548400879,-13.363405227661133,-13.788674354553223,-15.47046184539795,-17.000450134277344,-17.37080955505371,-16.972415924072266,-16.574291229248047,-16.427106857299805,-16.1494197845459,-15.833211898803711,-16.218082427978516,-17.128080368041992,-17.445167541503906,-16.309303283691406,-14.063336372375488
-5.319044589996338,-6.154691219329834,-6.589702129364014,-6.865055561065674,-7.071976661682129,-7.114824295043945,-6.957024574279785,-6.526977062225342,-5.8459320068359375,-5.166088581085205,-4.856907844543457,-5.201080799102783,-6.545560836791992,-8.424275398254395,-9.751435279846191,-10.162355422973633,-10.46362018585205,-11.490715980529785,-12.53826904296875,-12.644485473632812,-12.250195503234863,-12.652129173278809,-13.960952758789062,-14.870638847351074,-14.250795364379883,-12.848109245300293,-12.212331771850586,-12.83585262298584,-13.614044189453125,-14.165380477905273,-14.625038146972656,-15.181650161743164,-15.919694900512695,-16.44298553466797,-16.46966552734375,-16.0885009765625,-15.550171852111816,-15.04414176940918,-14.666885375976562,-15.048559188842773,-16.224313735961914,-17.03651237487793,-16.387636184692383,-14.330400466918945
-4.662083148956299,-5.487438678741455,-6.255989074707031,-6.871369361877441,-7.318851947784424,-7.610436916351318,-7.6349873542785645,-7.256695747375488,-6.55115270614624,-5.776712417602539,-4.999019622802734,-4.605587005615234,-5.45892333984375,-7.237610340118408,-8.573125839233398,-9.161977767944336,-9.822059631347656,-10.937582969665527,-11.625701904296875,-11.221410751342773,-10.858550071716309,-11.80630874633789,-13.536123275756836,-14.089088439941406,-12.773589134216309,-11.230769157409668,-11.341540336608887,-12.842496871948242,-14.023560523986816,-14.689231872558594,-15.1676664352417,-15.245497703552246,-15.119070053100586,-15.119904518127441,-15.387547492980957,-15.312236785888672,-14.68332290649414,-13.9737548828125,-13.578319549560547,-14.050447463989258,-15.151615142822266,-15.926969528198242,-15.48537540435791,-13.771904945373535
-4.523115634918213,-5.262983322143555,-6.402659893035889,-7.340520858764648,-7.610909461975098,-7.474388122558594,-7.3196330070495605,-7.292760848999023,-7.2168097496032715,-6.742615699768066,-5.865865707397461,-5.117459774017334,-5.124400615692139,-5.947596549987793,-6.993280410766602,-8.08531379699707,-9.385823249816895,-10.537922859191895,-10.740339279174805,-9.867097854614258,-9.39931869506836,-10.444805145263672,-11.997179985046387,-12.079235076904297,-10.597890853881836,-9.45411491394043,-10.254315376281738,-12.370484352111816,-14.021496772766113,-14.640613555908203,-15.015554428100586,-15.201889038085938,-14.995619773864746,-15.141718864440918,-15.8683500289917,-16.219371795654297,-15.750397682189941,-14.653043746948242,-13.625513076782227,-13.502723693847656,-14.11656665802002,-14.735050201416016,-14.589913368225098,-13.505290985107422
-4.649247646331787,-5.233541965484619,-6.402571678161621,-7.418902397155762,-7.485326290130615,-6.75776481628418,-6.241779804229736,-6.46607780456543,-7.001359462738037,-7.111855983734131,-6.670083522796631,-5.938133716583252,-5.105423927307129,-4.722248554229736,-5.573796272277832,-7.269230365753174,-8.991424560546875,-10.212600708007812,-10.497344970703125,-9.910994529724121,-9.507691383361816,-10.112339973449707,-10.85885238647461,-10.351255416870117,-8.859369277954102,-8.106093406677246,-9.341753959655762,-11.791031837463379,-13.60788345336914,-14.085693359375,-14.097709655761719,-14.394665718078613,-14.894570350646973,-15.815733909606934,-17.085742950439453,-17.846111297607422,-17.42302131652832,-15.842366218566895,-14.076417922973633,-13.561522483825684,-14.048140525817871,-14.04529094696045,-13.696650505065918,-13.807943344116211
-4.273068428039551,-5.065700531005859,-5.954279899597168,-6.42595911026001,-6.265617847442627,-5.527012348175049,-4.906660556793213,-5.032679080963135,-5.7725114822387695,-6.482356071472168,-6.494318008422852,-5.731622219085693,-4.430788516998291,-3.58465838432312,-4.544378757476807,-6.456015110015869,-7.951442241668701,-9.110048294067383,-10.04714298248291,-10.47375774383545,-10.520999908447266,-10.676858901977539,-10.562204360961914,-9.506455421447754,-8.148065567016602,-7.84243106842041,-9.08569622039795,-11.052650451660156,-12.424264907836914,-12.737602233886719,-12.05724048614502,-11.285432815551758,-11.809598922729492,-13.946572303771973,-16.34039878845215,-17.581769943237305,-17.246292114257812,-15.838422775268555,-14.620444297790527,-14.555254936218262,-14.64422607421875,-13.318948745727539,-12.493938446044922,-13.257575988769531
-3.4944686889648438,-4.578087329864502,-5.238619327545166,-4.9546122550964355,-4.299294471740723,-3.749068021774292,-3.3269989490509033,-3.3532683849334717,-3.9805243015289307,-4.942389011383057,-5.360381126403809,-4.700047969818115,-3.309907913208008,-2.624295234680176,-3.725270986557007,-5.46991491317749,-6.278960227966309,-6.924474239349365,-8.221381187438965,-9.449479103088379,-10.09072494506836,-10.314132690429688,-9.97447681427002,-8.870672225952148,-7.7400360107421875,-7.877638339996338,-9.14071273803711,-9.984659194946289,-10.176433563232422,-10.546070098876953,-10.68798542022705,-10.358576774597168,-10.536033630371094,-11.704207420349121,-13.701667785644531,-15.441902160644531,-15.466499328613281,-14.481939315795898,-14.518202781677246,-15.440802574157715,-15.518561363220215,-13.837237358093262,-12.510802268981934,-13.261822700500488
-2.6222338676452637,-3.60811185836792,-4.225201606750488,-3.7467358112335205,-2.7611501216888428,-2.031113386154175,-1.7630730867385864,-2.0241618156433105,-2.724608898162842,-3.6254525184631348,-4.223906517028809,-3.8332197666168213,-2.642794132232666,-2.0735602378845215,-3.073793649673462,-4.5023884773254395,-4.820158958435059,-4.81298303604126,-5.909352779388428,-7.486781120300293,-8.502644538879395,-8.84999942779541,-8.555782318115234,-7.835743427276611,-7.36365270614624,-7.994248390197754,-9.013731002807617,-8.884262084960938,-8.140666961669922,-7.632635116577148,-7.568422794342041,-8.448899269104004,-10.409462928771973,-12.063429832458496,-12.785951614379883,-13.304282188415527,-13.544364929199219,-13.538044929504395,-13.843579292297363,-14.413152694702148,-14.056553840637207,-13.116862297058105,-13.61796760559082,-14.265795707702637
