data/wind_data/wind_68_4.json
{"header": {"parameterUnit": "KT", "parameterCategory": 2, "nx": 256, "ny": 198, "lo1": 44.73521041870117, "la1": -3.236724853515625, "lo2": 111.26478576660156, "la2": 43.468475341796875, "dx": 0.2609002888202667, "dy": -0.23708222806453705, "refTime": "2025-02-21 20:00:00", "forecastTime": 0, "parameterNumber": 2, "parameterNumberName": "eastward_wind"}, "data":
[rows 152 to 170 of 198, columns 132 to 175 of 256]
34.64999008178711,35.064002990722656,35.035884857177734,34.79793930053711,33.2508659362793,31.004911422729492,31.934953689575195,36.57178497314453,39.79838562011719,39.550167083740234,39.54082107543945,39.319847106933594,39.33126449584961,42.32774353027344,45.48943328857422,45.642295837402344,43.95235061645508,41.74651336669922,40.18938446044922,38.63511657714844,35.79891586303711,32.24074935913086,23.945831298828125,19.815473556518555,22.352956771850586,24.151939392089844,21.775617599487305,20.079797744750977,16.86447525024414,15.507930755615234,17.02105712890625,19.41629409790039,20.512378692626953,20.9891300201416,22.614669799804688,23.44674301147461,23.072877883911133,24.002073287963867,26.77436065673828,29.700420379638672,31.526254653930664,31.989116668701172,32.34393310546875,31.299528121948242
35.73078918457031,35.64398193359375,35.64516067504883,34.294395446777344,31.78360939025879,30.663354873657227,34.294002532958984,40.24288558959961,44.36065673828125,45.144710540771484,44.61198043823242,45.26342010498047,46.129981994628906,45.977508544921875,44.91230392456055,42.4521484375,40.279048919677734,38.02541732788086,35.88737487792969,34.850399017333984,30.08000373840332,24.680469512939453,17.981319427490234,19.065507888793945,21.932146072387695,19.3438720703125,18.01936912536621,19.85153579711914,18.13945198059082,13.73227310180664,12.516985893249512,14.39090347290039,16.259429931640625,16.646942138671875,18.290639877319336,21.388235092163086,23.47154426574707,25.56303596496582,28.894311904907227,31.895998001098633,33.41878890991211,32.6905632019043,30.67308807373047,28.861141204833984
35.80221176147461,35.129730224609375,34.571128845214844,31.518861770629883,30.681957244873047,32.43669891357422,35.55128479003906,40.31473159790039,43.2544059753418,43.27752685546875,42.80200958251953,44.01752853393555,44.56515121459961,41.95553207397461,38.76144790649414,36.17283630371094,34.092002868652344,31.313833236694336,28.61981964111328,29.36607551574707,22.218894958496094,19.45636558532715,20.406234741210938,21.220420837402344,24.252824783325195,24.865463256835938,24.265827178955078,20.195629119873047,15.00862979888916,12.791041374206543,10.627836227416992,10.965057373046875,12.889663696289062,13.975006103515625,14.911402702331543,19.613601684570312,24.04319190979004,27.064443588256836,30.592105865478516,34.627193450927734,36.734622955322266,34.50898742675781,29.842327117919922,27.227495193481445
35.426658630371094,32.93047332763672,30.051305770874023,29.471776962280273,30.98845672607422,33.612144470214844,38.84358215332031,43.02212142944336,43.643531799316406,42.438987731933594,41.37676239013672,41.53384017944336,40.98472213745117,37.409488677978516,33.27116775512695,30.86658477783203,28.802873611450195,26.08618927001953,24.81891632080078,25.683866500854492,24.656299591064453,23.96411895751953,24.06049156188965,23.447433471679688,23.179651260375977,23.369945526123047,23.525835037231445,23.79692840576172,23.54826545715332,21.183767318725586,16.057477951049805,11.48996639251709,10.715189933776855,11.699209213256836,10.327008247375488,14.783656120300293,22.096572875976562,27.25967025756836,30.616920471191406,33.57304763793945,34.61249542236328,30.528886795043945,25.380632400512695,23.891252517700195
34.52251434326172,29.72911834716797,29.170804977416992,31.87778091430664,34.37610626220703,38.492069244384766,44.358585357666016,47.14551544189453,45.67945861816406,42.94227600097656,40.565975189208984,39.5865364074707,37.718196868896484,33.27644348144531,29.713951110839844,27.90995216369629,26.344470977783203,24.695018768310547,25.129301071166992,25.438966751098633,25.493432998657227,26.53057289123535,28.050003051757812,28.841896057128906,29.18082618713379,29.23736000061035,27.28580093383789,27.04488182067871,28.5809268951416,27.596668243408203,24.644006729125977,19.6810302734375,14.550814628601074,11.157500267028809,11.614922523498535,13.629977226257324,20.764184951782227,26.074478149414062,26.79988670349121,27.18333625793457,26.571794509887695,23.189529418945312,20.66192626953125,20.922748565673828
34.24114227294922,31.881074905395508,33.65628433227539,37.553165435791016,40.75595474243164,44.24737548828125,46.682437896728516,46.15728759765625,43.38657760620117,40.61166763305664,39.17434310913086,39.100948333740234,36.84792709350586,31.06188201904297,27.928932189941406,27.58075714111328,26.229494094848633,24.282712936401367,23.79002571105957,23.777353286743164,22.929052352905273,21.366405487060547,22.125097274780273,24.804624557495117,27.492122650146484,28.450546264648438,27.67502784729004,26.931455612182617,29.204856872558594,30.301504135131836,29.842132568359375,27.89419937133789,25.018863677978516,17.297433853149414,11.36357307434082,14.092024803161621,18.404598236083984,16.952817916870117,13.671439170837402,14.286124229431152,16.041711807250977,17.57261848449707,19.268077850341797,19.68819236755371
35.79948043823242,35.65258026123047,39.423702239990234,41.61489486694336,42.65556716918945,43.377655029296875,42.840023040771484,42.048336029052734,41.24824142456055,40.45462417602539,40.09675598144531,39.633583068847656,38.80559158325195,36.8072395324707,33.661067962646484,30.55135154724121,26.892118453979492,23.538753509521484,22.424192428588867,22.488733291625977,22.25227165222168,22.565107345581055,23.13194465637207,24.213333129882812,26.490324020385742,28.477689743041992,28.01337432861328,27.474336624145508,27.9796142578125,30.445621490478516,32.33485794067383,31.188709259033203,26.81162452697754,18.13530158996582,14.083562850952148,15.515155792236328,11.660433769226074,5.155725479125977,1.1584606170654297,4.240478992462158,11.786471366882324,16.028196334838867,17.02996063232422,15.422471046447754
38.2417106628418,41.03936767578125,41.922996520996094,39.39813995361328,39.387664794921875,40.568382263183594,39.472145080566406,38.827842712402344,38.974937438964844,37.95173263549805,35.352909088134766,31.074581146240234,28.21625328063965,28.127595901489258,27.88416290283203,27.957244873046875,28.40532112121582,27.263591766357422,25.37814712524414,24.40216636657715,24.504261016845703,25.211750030517578,26.34107780456543,27.30162811279297,28.251937866210938,28.471389770507812,28.119535446166992,28.399045944213867,27.93582534790039,27.81501579284668,29.718034744262695,30.71125030517578,28.377017974853516,22.850414276123047,16.474517822265625,11.804932594299316,6.1598687171936035,6.167431354522705,0.34635666012763977,-1.7561211585998535,6.082001686096191,8.419020652770996,8.112175941467285,8.445677757263184
39.82424545288086,41.626365661621094,38.02116012573242,35.603416442871094,36.726539611816406,37.10208511352539,34.96098709106445,32.73358154296875,32.388004302978516,31.07823371887207,28.42540740966797,27.348073959350586,21.08395004272461,18.436077117919922,22.781461715698242,26.95931053161621,29.243593215942383,30.460956573486328,30.66477394104004,29.498111724853516,28.197792053222656,27.908689498901367,28.339672088623047,29.752647399902344,31.417369842529297,31.274629592895508,30.52208137512207,31.236404418945312,31.623905181884766,30.50682830810547,29.802574157714844,28.273876190185547,28.1447811126709,30.148948669433594,25.380603790283203,22.023290634155273,18.626434326171875,9.511115074157715,1.8168991804122925,-3.0918471813201904,0.1653371900320053,-0.6943219304084778,-2.4130661487579346,3.587660074234009
38.651668548583984,38.733055114746094,36.09678649902344,35.13938903808594,34.25368881225586,31.154644012451172,27.34394073486328,24.303434371948242,23.257152557373047,23.542152404785156,23.64111328125,25.317352294921875,25.330806732177734,22.594966888427734,24.559314727783203,28.21870994567871,30.361652374267578,31.889375686645508,33.446815490722656,33.86467361450195,32.74973678588867,31.79700469970703,31.74390411376953,32.782772064208984,34.75916290283203,35.72858428955078,35.16384506225586,34.877567291259766,34.767757415771484,33.921226501464844,32.34151840209961,30.02271842956543,29.30606460571289,30.593647003173828,27.171215057373047,21.690759658813477,13.765421867370605,5.162479877471924,0.2771093249320984,0.6809101104736328,5.745996475219727,5.419042587280273,-0.9260456562042236,-1.0339429378509521
36.14848709106445,37.0483512878418,34.36918258666992,32.509979248046875,31.14788818359375,28.968372344970703,22.42526626586914,17.86676025390625,16.9833927154541,17.784244537353516,19.51287269592285,21.767702102661133,23.978477478027344,24.852415084838867,26.6685733795166,28.55236053466797,29.103496551513672,29.672212600708008,32.07736587524414,34.326210021972656,34.19208908081055,33.32122039794922,33.68505859375,35.12772750854492,36.40655517578125,36.501380920410156,35.492488861083984,34.59701156616211,34.84397506713867,35.0935173034668,34.8503303527832,33.24538040161133,30.896392822265625,30.379749298095703,27.657560348510742,23.82274627685547,16.133068084716797,5.776525497436523,1.4552828073501587,4.419889450073242,6.633453845977783,8.190213203430176,3.3759424686431885,-6.084923267364502
33.25136947631836,31.224346160888672,28.66179656982422,27.619630813598633,26.392196655273438,22.650638580322266,19.51296043395996,19.06967544555664,19.832107543945312,21.401193618774414,23.462608337402344,25.54487419128418,27.150447845458984,28.194355010986328,28.806812286376953,29.146028518676758,29.365623474121094,29.970443725585938,31.710744857788086,32.92567443847656,31.939302444458008,30.74393653869629,30.611370086669922,31.229537963867188,32.66584014892578,33.81868362426758,34.518592834472656,34.15353775024414,32.7965087890625,32.573890686035156,31.88180923461914,30.797029495239258,31.987648010253906,32.762882232666016,28.851198196411133,24.477331161499023,17.684406280517578,8.006948471069336,2.0673749446868896,2.250340223312378,3.1110076904296875,0.41892850399017334,0.8613658547401428,-1.9727463722229004
30.29412841796875,26.887657165527344,24.296085357666016,22.81113052368164,21.68961524963379,20.95813751220703,20.864595413208008,21.635929107666016,23.226078033447266,25.359867095947266,27.63856315612793,29.537551879882812,30.794994354248047,31.26656150817871,30.78452491760254,29.999330520629883,29.863927841186523,30.53428840637207,32.856605529785156,34.43985366821289,34.49294662475586,34.284568786621094,32.0983772277832,29.138025283813477,30.741533279418945,33.50545120239258,35.13911056518555,33.70376968383789,30.489641189575195,27.243976593017578,26.598960876464844,25.687328338623047,28.48973846435547,31.038053512573242,28.379976272583008,24.832612991333008,23.183433532714844,19.804615020751953,9.061976432800293,3.373443603515625,5.359355926513672,4.419116497039795,2.204533576965332,-0.40402674674987793
26.764787673950195,23.38528060913086,21.900455474853516,21.491924285888672,21.661510467529297,22.378982543945312,23.43402671813965,24.592744827270508,25.841079711914062,27.227859497070312,28.57396697998047,29.684009552001953,30.41538429260254,30.611154556274414,29.88351821899414,28.543909072875977,27.621061325073242,27.309173583984375,28.021963119506836,29.369327545166016,31.848388671875,35.363338470458984,36.67338943481445,36.8948860168457,36.95892333984375,36.998939514160156,35.75151443481445,32.010902404785156,27.291805267333984,25.944181442260742,26.016944885253906,24.192039489746094,25.93376922607422,28.56645393371582,26.654537200927734,23.605852127075195,24.368610382080078,25.35012435913086,18.17612075805664,9.14862060546875,7.085509777069092,8.70463752746582,6.756443977355957,3.3040266036987305
23.20352554321289,22.221607208251953,21.95477294921875,22.018293380737305,22.620391845703125,23.853967666625977,25.281274795532227,26.37983512878418,27.080730438232422,27.747591018676758,28.572284698486328,29.35875129699707,29.82733154296875,29.6983642578125,28.704986572265625,27.11692237854004,25.717578887939453,24.932371139526367,24.389965057373047,24.63127899169922,25.746387481689453,27.172359466552734,29.22223472595215,31.52137565612793,34.124080657958984,37.13551712036133,37.640159606933594,35.47195053100586,32.30097961425781,29.348466873168945,25.541358947753906,22.667675018310547,24.42620277404785,26.728574752807617,24.949831008911133,20.986656188964844,22.909116744995117,26.866594314575195,20.472843170166016,12.27937126159668,9.646834373474121,9.94072437286377,9.435214042663574,7.047430992126465
22.84073257446289,22.949766159057617,22.900962829589844,23.13142967224121,23.804080963134766,24.685379028320312,25.42763900756836,25.747770309448242,25.688175201416016,25.62811279296875,25.81655502319336,26.074432373046875,26.09967803955078,25.624502182006836,24.597049713134766,23.50939178466797,22.911659240722656,22.6040096282959,22.403095245361328,22.85822868347168,23.678918838500977,24.93447494506836,26.445510864257812,27.7838134765625,28.884300231933594,29.97601318359375,32.73291778564453,33.784976959228516,30.943710327148438,27.753971099853516,25.487640380859375,22.927921295166016,23.641584396362305,25.16753387451172,21.900997161865234,20.040212631225586,18.594749450683594,24.752662658691406,21.7241153717041,14.452747344970703,11.324898719787598,10.921547889709473,10.77993392944336,9.49307918548584
22.199321746826172,22.763795852661133,23.214601516723633,23.556360244750977,23.653545379638672,23.594993591308594,23.580272674560547,23.588926315307617,23.428178787231445,23.1120662689209,22.78134536743164,22.419958114624023,21.748632431030273,20.847637176513672,20.327959060668945,20.34235382080078,20.455148696899414,20.483442306518555,20.65196418762207,21.156461715698242,22.42195701599121,24.136680603027344,25.64867401123047,26.626771926879883,27.331979751586914,26.81281089782715,27.85045623779297,30.142459869384766,28.739784240722656,24.995464324951172,22.976383209228516,21.33020782470703,22.360200881958008,22.80156135559082,20.773317337036133,20.431039810180664,19.615257263183594,23.36892318725586,20.6237850189209,14.170379638671875,11.29759407043457,11.007163047790527,10.535645484924316,10.394553184509277
20.678281784057617,21.897052764892578,22.717147827148438,22.949813842773438,22.63016700744629,22.099651336669922,21.666542053222656,21.24422264099121,20.65960693359375,19.90387725830078,18.83057403564453,17.67219352722168,17.04817771911621,16.878278732299805,16.974523544311523,17.31890296936035,17.854772567749023,18.49748420715332,18.920581817626953,19.61782455444336,20.964990615844727,22.07308006286621,22.940645217895508,23.03250503540039,23.052852630615234,22.846582412719727,24.516845703125,27.235599517822266,27.00360107421875,23.487640380859375,19.670305252075195,17.816650390625,18.160133361816406,18.55685043334961,19.459280014038086,19.559024810791016,19.684370040893555,21.211332321166992,17.667339324951172,12.235162734985352,9.318522453308105,8.908370971679688,8.783529281616211,8.509073257446289
19.920700073242188,21.937744140625,23.090351104736328,22.917922973632812,21.730812072753906,20.2619571685791,18.873825073242188,17.506404876708984,16.188573837280273,15.093055725097656,14.191100120544434,13.757128715515137,13.908502578735352,14.041569709777832,14.229342460632324,14.752008438110352,15.677419662475586,16.496150970458984,16.904033660888672,17.25856590270996,17.789133071899414,17.94167709350586,17.4863338470459,16.873455047607422,17.36789894104004,18.575429916381836,20.772775650024414,23.871109008789062,25.18214225769043,23.727642059326172,21.0666561126709,19.338699340820312,18.84171485900879,17.8579044342041,17.995330810546875,17.60271453857422,18.2196102142334,17.56033706665039,13.420600891113281,8.57747745513916,5.404313564300537,4.733317852020264,4.807511329650879,4.183465003967285
