data/wind_data/wind_20_5.json
{"header": {"parameterUnit": "KT", "parameterCategory": 2, "nx": 256, "ny": 198, "lo1": 44.73521041870117, "la1": -3.236724853515625, "lo2": 111.26478576660156, "la2": 43.468475341796875, "dx": 0.2609002888202667, "dy": -0.23708222806453705, "refTime": "2025-02-19 20:00:00", "forecastTime": 0, "parameterNumber": 2, "parameterNumberName": "eastward_wind"}, "data":
[rows 114 to 132 of 198, columns 0 to 43 of 256]
51.47617721557617,52.16513442993164,52.640811920166016,53.095977783203125,53.17938995361328,52.546844482421875,51.84847640991211,51.13117980957031,50.589900970458984,50.333213806152344,50.376670837402344,50.58440017700195,50.615474700927734,50.26857376098633,49.916343688964844,50.047245025634766,50.645992279052734,50.845787048339844,50.67169952392578,50.357852935791016,49.91458511352539,49.5654296875,49.4818000793457,49.39535903930664,48.965091705322266,48.283050537109375,47.555110931396484,46.99225616455078,46.91779327392578,47.369529724121094,47.994590759277344,48.399654388427734,48.36744689941406,48.00078201293945,47.66965866088867,47.54551696777344,47.36820602416992,46.722660064697266,45.666419982910156,44.68639373779297,43.90791320800781,43.1991081237793,42.28459167480469,42.23804473876953
49.954532623291016,50.06028366088867,49.80881881713867,49.606719970703125,49.883140563964844,49.558502197265625,48.960845947265625,48.319984436035156,47.83995056152344,47.75880813598633,47.86568832397461,48.31948471069336,48.80569839477539,48.782230377197266,48.45069122314453,48.45171356201172,48.90048599243164,49.546749114990234,49.792320251464844,49.80134963989258,49.552764892578125,49.53865051269531,49.757869720458984,49.30021286010742,48.24700927734375,47.194969177246094,46.652278900146484,46.78989791870117,47.19020462036133,47.358299255371094,47.217933654785156,47.07069396972656,47.3088264465332,48.058250427246094,48.823829650878906,48.80206298828125,47.853023529052734,46.51340103149414,45.46940612792969,44.794437408447266,44.0657844543457,43.07297897338867,41.876895904541016,41.854610443115234
50.04898452758789,49.43227767944336,48.52147674560547,47.82567596435547,47.72646713256836,47.393402099609375,46.58085632324219,45.65025329589844,44.875457763671875,45.06999588012695,46.214054107666016,46.72700119018555,46.54195785522461,46.09058380126953,45.970985412597656,46.39930725097656,47.30906295776367,48.19231414794922,48.49210739135742,48.41936492919922,48.5215950012207,48.89903259277344,48.813602447509766,47.51303482055664,45.91707229614258,45.237693786621094,45.217445373535156,45.05502700805664,44.619590759277344,44.7988166809082,46.08538055419922,47.91938018798828,49.19839859008789,48.917091369628906,47.357879638671875,45.72490310668945,44.79982376098633,44.556785583496094,44.48249435424805,44.08268737792969,43.17906951904297,41.927650451660156,40.683448791503906,40.20899200439453
50.73347473144531,49.550411224365234,48.38961410522461,47.86378860473633,47.53285598754883,47.24032974243164,46.22035598754883,44.924720764160156,43.36061477661133,42.26945877075195,43.32341384887695,44.39471435546875,44.201778411865234,43.490665435791016,43.86576843261719,44.35077667236328,45.02545928955078,46.09583282470703,46.72426223754883,46.62228012084961,46.413612365722656,46.448699951171875,46.25483703613281,45.586875915527344,44.28134536743164,43.01942443847656,42.245182037353516,41.954627990722656,41.86743927001953,43.27404022216797,45.99073028564453,47.50101852416992,46.11095428466797,43.38852310180664,42.05596923828125,42.24467849731445,42.745643615722656,42.935394287109375,42.73537826538086,42.04384994506836,40.98945617675781,39.87174606323242,38.96534729003906,38.54767608642578
49.521484375,48.408634185791016,47.59883117675781,47.89374542236328,48.067726135253906,48.02116012573242,47.043846130371094,45.83647918701172,44.616546630859375,42.07474136352539,40.65641784667969,40.577186584472656,40.639244079589844,40.786136627197266,41.67002868652344,42.27280807495117,42.655399322509766,42.975948333740234,42.66059875488281,42.23429489135742,42.758296966552734,43.746986389160156,43.844783782958984,42.26212692260742,39.9910774230957,39.81300735473633,41.22040939331055,40.429954528808594,38.10039520263672,37.975982666015625,39.38104248046875,39.50639724731445,38.5499153137207,39.040489196777344,40.7503662109375,41.84672927856445,41.716217041015625,40.95534133911133,40.15934753417969,39.366329193115234,38.5199089050293,37.743804931640625,37.20398712158203,36.973602294921875
47.004241943359375,46.01185989379883,45.956695556640625,47.4515495300293,48.72843551635742,49.33390808105469,48.99354934692383,47.985469818115234,47.37757873535156,45.48625183105469,42.30864715576172,39.4528694152832,37.75473403930664,38.41059112548828,39.89530944824219,40.19782638549805,39.821678161621094,39.756935119628906,40.29286193847656,40.733367919921875,40.3604736328125,41.097503662109375,43.09941864013672,43.4954833984375,42.42045974731445,41.398155212402344,39.04045104980469,36.063072204589844,35.14339065551758,36.47648239135742,36.804649353027344,36.19525909423828,37.47621536254883,39.7227783203125,41.523475646972656,41.78902816772461,40.86131286621094,39.923057556152344,39.224884033203125,38.44706344604492,37.485042572021484,36.5234489440918,35.7003173828125,35.27737808227539
44.37939453125,43.77411651611328,44.333824157714844,46.45323181152344,48.7016487121582,50.074649810791016,50.73155212402344,50.56052780151367,50.180057525634766,48.682003021240234,46.567413330078125,43.550872802734375,40.291690826416016,39.11764907836914,39.46888732910156,39.5126953125,39.04410934448242,38.785987854003906,39.49785614013672,39.53493881225586,38.62308120727539,40.81525421142578,47.2369499206543,51.050636291503906,47.126625061035156,38.47290802001953,32.860408782958984,32.234561920166016,34.34053039550781,37.00960922241211,39.42613983154297,41.70144271850586,43.1376953125,43.420989990234375,42.99570846557617,41.689308166503906,40.08086013793945,39.115081787109375,38.582740783691406,37.97003936767578,36.80141830444336,35.5094108581543,34.39455795288086,33.703948974609375
41.45457077026367,41.574134826660156,42.501949310302734,44.51399612426758,47.05085372924805,48.9133186340332,50.2664794921875,51.143577575683594,51.624168395996094,50.93879318237305,49.57851791381836,47.46458053588867,44.651771545410156,42.21038818359375,40.925235748291016,40.35768508911133,39.352394104003906,39.13897705078125,38.54722213745117,37.17506408691406,35.948970794677734,38.03565216064453,44.82927703857422,46.39009094238281,37.65869140625,29.404836654663086,28.7296142578125,32.35970687866211,36.06857681274414,39.47177505493164,43.111026763916016,45.760276794433594,46.088890075683594,44.20957565307617,42.19913101196289,40.78567886352539,39.414485931396484,38.410430908203125,37.59758758544922,36.804664611816406,35.59098815917969,34.274227142333984,33.24638366699219,32.710411071777344
40.186683654785156,40.602333068847656,41.38337707519531,42.81566619873047,44.90532684326172,46.415870666503906,47.48566436767578,48.36973190307617,49.51839065551758,50.8804817199707,51.604881286621094,50.93439865112305,48.93137741088867,46.848533630371094,45.48264694213867,43.98588562011719,42.372161865234375,42.14717483520508,41.81498336791992,38.376121520996094,34.58961486816406,36.02638244628906,36.3560791015625,31.295595169067383,25.32544708251953,24.70100975036621,28.491514205932617,32.764408111572266,36.57440185546875,40.15391540527344,42.71749496459961,43.6009635925293,42.796791076660156,41.29531478881836,40.24044418334961,39.49149703979492,38.65338897705078,38.04316329956055,37.06657409667969,35.95569610595703,34.83220672607422,33.556396484375,32.480140686035156,31.961824417114258
41.06132888793945,41.70526885986328,42.2437744140625,42.412967681884766,43.40153503417969,43.45838165283203,42.52923583984375,42.29148864746094,43.47414779663086,45.50311279296875,47.393253326416016,49.21435546875,50.205081939697266,50.167449951171875,49.838375091552734,49.44639205932617,48.3812370300293,47.73234939575195,48.67562484741211,46.48063659667969,40.337493896484375,40.04343795776367,42.67654800415039,36.95608139038086,28.865488052368164,27.415414810180664,29.754596710205078,32.7726936340332,36.2596549987793,38.86176681518555,39.67012405395508,39.5076789855957,39.1876220703125,39.00789260864258,38.77634048461914,38.27124786376953,37.886566162109375,37.58091354370117,36.22690200805664,34.919715881347656,33.916927337646484,32.785823822021484,31.83954620361328,31.61195945739746
41.7755241394043,42.79206848144531,43.50260543823242,43.44602966308594,43.441978454589844,42.50213623046875,40.49458694458008,37.332645416259766,33.89302062988281,33.26871109008789,36.342933654785156,38.01986312866211,38.961177825927734,39.19254684448242,39.80833053588867,41.86894989013672,43.498077392578125,44.18827438354492,45.15596008300781,45.16869354248047,42.37033462524414,43.94540023803711,48.45494842529297,47.81585693359375,40.598411560058594,34.013431549072266,32.37770462036133,34.1036262512207,36.16202926635742,36.74185562133789,36.373775482177734,36.01934814453125,36.09394073486328,36.63449478149414,37.14280319213867,37.044677734375,36.81571960449219,36.1739501953125,34.56279754638672,33.37211990356445,32.662662506103516,31.73961067199707,30.743459701538086,30.498516082763672
41.61287307739258,42.42393493652344,43.239418029785156,44.01430892944336,44.32755661010742,43.21526336669922,42.04639434814453,38.55004119873047,33.84222412109375,30.875436782836914,25.370136260986328,27.55457878112793,28.80304718017578,28.758520126342773,32.13363265991211,36.827125549316406,40.10966491699219,42.66107940673828,45.1397590637207,46.809326171875,47.83985900878906,49.559165954589844,50.97915267944336,49.57290267944336,44.16040802001953,38.271446228027344,35.381370544433594,34.87355041503906,34.53156280517578,34.07523727416992,33.8578987121582,33.75946807861328,33.8813362121582,34.61226272583008,35.57747268676758,35.84750747680664,35.28377914428711,33.987586975097656,32.72804641723633,32.14249038696289,31.92962074279785,31.406675338745117,30.254196166992188,29.449739456176758
41.5026969909668,41.56571960449219,42.05480194091797,43.15082931518555,44.33197784423828,43.74712371826172,42.96933364868164,41.73883819580078,39.567893981933594,37.10944366455078,33.471004486083984,21.235807418823242,26.84248161315918,35.861839294433594,38.53861999511719,39.96519470214844,41.69778823852539,42.39595413208008,42.083839416503906,41.94196319580078,43.300811767578125,44.774871826171875,46.681339263916016,47.400753021240234,44.496952056884766,39.60862731933594,35.66868209838867,33.377525329589844,32.41701126098633,32.23368453979492,32.66949462890625,32.86812210083008,32.755489349365234,33.16487503051758,33.88634490966797,34.119140625,33.282615661621094,32.26907730102539,31.696945190429688,31.592649459838867,31.665103912353516,31.297222137451172,30.30377769470215,29.321613311767578
42.271278381347656,41.50172424316406,41.249595642089844,41.74374008178711,42.785667419433594,43.32831573486328,42.69972610473633,41.668094635009766,41.99250030517578,41.230716705322266,41.749141693115234,34.74211502075195,26.489389419555664,33.012855529785156,36.844722747802734,35.01826095581055,35.00499725341797,36.14443588256836,34.59017562866211,33.497318267822266,31.989795684814453,32.312904357910156,35.92647171020508,38.55614471435547,37.402042388916016,34.156455993652344,31.714221954345703,30.844953536987305,30.844385147094727,31.36540985107422,32.466556549072266,32.940330505371094,32.65239334106445,32.665523529052734,32.72771453857422,32.63874435424805,32.04985809326172,31.563579559326172,31.41677474975586,31.229955673217773,31.198129653930664,30.931495666503906,29.838361740112305,28.785144805908203
42.401092529296875,41.415924072265625,40.65382385253906,40.528114318847656,40.17536163330078,40.89057159423828,41.588138580322266,40.72904968261719,39.474220275878906,38.419612884521484,39.30095672607422,39.87722396850586,36.01570129394531,35.40707778930664,36.50531768798828,35.448204040527344,30.888410568237305,28.375934600830078,28.040695190429688,26.842395782470703,24.10188102722168,23.851232528686523,26.01826286315918,28.183822631835938,29.064563751220703,28.892269134521484,29.178007125854492,29.241262435913086,29.42721939086914,30.611530303955078,32.04913330078125,32.398494720458984,32.035797119140625,31.991315841674805,32.13148498535156,32.00203323364258,31.6519718170166,31.313589096069336,30.808870315551758,30.4793758392334,30.323911666870117,29.58449935913086,28.50821876525879,28.43162727355957
39.546730041503906,39.182769775390625,38.961509704589844,39.12965393066406,38.053253173828125,37.80146408081055,38.58888626098633,39.00249099731445,37.80377197265625,35.51301574707031,35.237606048583984,37.21092987060547,38.33456039428711,39.58029556274414,41.356449127197266,42.95375442504883,41.57233428955078,38.69355010986328,35.596187591552734,31.97380828857422,27.23698616027832,23.98089027404785,24.004531860351562,25.31157112121582,25.804258346557617,25.69563102722168,26.04266357421875,26.195087432861328,27.383892059326172,29.852012634277344,31.88888931274414,32.31924057006836,31.781696319580078,31.446001052856445,31.483205795288086,31.091230392456055,30.688631057739258,30.169139862060547,29.585359573364258,29.49665641784668,29.42375373840332,28.96950912475586,28.966127395629883,29.791996002197266
35.66039276123047,35.8418083190918,36.470848083496094,37.37834548950195,36.62542724609375,35.58572769165039,35.42440414428711,35.65879821777344,36.00864028930664,33.81913757324219,30.351917266845703,31.304189682006836,33.622135162353516,36.408050537109375,40.45753860473633,44.46333312988281,47.2702751159668,47.973697662353516,45.76861572265625,43.54417037963867,40.157188415527344,31.780536651611328,25.600454330444336,24.1956729888916,23.21515655517578,21.282405853271484,21.049541473388672,23.325397491455078,26.678857803344727,30.412784576416016,31.96291160583496,31.577178955078125,30.782939910888672,30.055633544921875,29.931432723999023,29.934436798095703,29.538511276245117,29.19169044494629,29.069814682006836,29.313020706176758,29.983592987060547,30.65579605102539,30.924875259399414,31.40472412109375
34.6074104309082,34.325191497802734,34.69220733642578,35.428138732910156,34.69832992553711,33.30495071411133,32.290645599365234,32.04085159301758,32.45902633666992,31.902618408203125,30.624963760375977,31.506826400756836,31.601852416992188,32.33701705932617,35.37855911254883,39.34667205810547,43.72173309326172,47.3016242980957,48.16351318359375,46.700138092041016,42.43797302246094,32.22124481201172,23.470035552978516,20.717199325561523,19.018749237060547,18.572248458862305,20.57747459411621,24.37109375,29.154251098632812,31.71524429321289,31.275596618652344,30.380929946899414,29.28873634338379,28.657814025878906,28.843505859375,28.588802337646484,28.112089157104492,28.0843448638916,28.75769805908203,29.871288299560547,30.879114151000977,31.5778865814209,32.175601959228516,33.084346771240234
35.35600662231445,34.25730514526367,33.76884841918945,33.758819580078125,32.93757247924805,31.716657638549805,30.67730712890625,30.011089324951172,30.15097427368164,30.81234359741211,31.73918914794922,32.12785720825195,31.44930076599121,31.156557083129883,32.42857360839844,34.926307678222656,38.4330940246582,42.170379638671875,45.210350036621094,45.732486724853516,41.1561393737793,33.11582946777344,26.315053939819336,21.188390731811523,18.75779914855957,19.92987632751465,22.90709686279297,27.047616958618164,31.12761688232422,31.37371826171875,29.86211395263672,29.03090476989746,28.570327758789062,28.31175422668457,28.439411163330078,28.548860549926758,27.96686363220215,27.72110366821289,28.734642028808594,30.240581512451172,31.670936584472656,32.69462203979492,33.66613006591797,34.364585876464844
