data/wind_data/wind_10_8.json
{"header": {"parameterUnit": "KT", "parameterCategory": 2, "nx": 256, "ny": 198, "lo1": 44.73521041870117, "la1": -3.236724853515625, "lo2": 111.26478576660156, "la2": 43.468475341796875, "dx": 0.2609002888202667, "dy": -0.23708222806453705, "refTime": "2025-02-19 10:00:00", "forecastTime": 0, "parameterNumber": 2, "parameterNumberName": "eastward_wind"}, "data":
[rows 152 to 170 of 198, columns 88 to 131 of 256]
43.38906478881836,44.36062240600586,44.452919006347656,43.82685089111328,44.26398468017578,45.389442443847656,46.29362869262695,46.39210891723633,44.79115676879883,42.14472198486328,40.15729904174805,39.36030197143555,39.920562744140625,41.65721893310547,43.82102966308594,45.937564849853516,47.86888885498047,48.979862213134766,48.27399444580078,46.34334182739258,44.7558479309082,44.0164794921875,43.49806594848633,42.96056365966797,42.61513137817383,42.19230270385742,41.40606689453125,40.59366989135742,39.957027435302734,39.20149230957031,38.17167282104492,36.91530227661133,35.66171646118164,34.649085998535156,34.49308776855469,35.5493278503418,36.5552978515625,36.46561813354492,36.28079605102539,36.95174026489258,37.45859146118164,37.117855072021484,36.74105453491211,36.91090774536133
43.79953384399414,44.39217758178711,44.24623107910156,44.73575973510742,45.87347412109375,46.070518493652344,44.93569564819336,43.009429931640625,41.08541488647461,40.125091552734375,40.27405548095703,41.147464752197266,42.28704833984375,43.482601165771484,44.7398567199707,45.904502868652344,46.79555892944336,46.79680633544922,45.32838439941406,43.12725067138672,41.97006607055664,42.335723876953125,43.22842788696289,43.63999557495117,43.078880310058594,41.608314514160156,40.41707229614258,40.33641815185547,40.35102081298828,39.611270904541016,38.56606674194336,37.09126281738281,35.395050048828125,34.98585891723633,36.39139175415039,37.39886474609375,36.31199645996094,34.1668701171875,33.51277160644531,34.48788833618164,34.77134704589844,34.482574462890625,35.22583770751953,36.27984619140625
43.49410629272461,43.75037384033203,43.3284912109375,44.18103790283203,46.429588317871094,46.593875885009766,43.561805725097656,40.18769073486328,38.57044219970703,38.80255126953125,40.163299560546875,41.91139221191406,43.37455749511719,44.351341247558594,44.865638732910156,44.84080123901367,44.498897552490234,43.951385498046875,42.91325378417969,41.77537536621094,41.56230926513672,42.245948791503906,43.18389129638672,43.512413024902344,42.32361602783203,40.5279541015625,40.32929229736328,41.48816680908203,41.78870391845703,41.04159164428711,40.04664611816406,38.29682922363281,36.717777252197266,37.53598403930664,39.28484344482422,38.53500747680664,35.493499755859375,33.2806510925293,33.60929870605469,34.13261032104492,32.97313690185547,32.72638702392578,34.802635192871094,36.69389343261719
42.47822952270508,42.29369354248047,42.42265701293945,43.443546295166016,45.09833526611328,45.121246337890625,42.273807525634766,38.5927734375,36.80500411987305,37.377296447753906,39.44845199584961,41.99654769897461,44.0123176574707,44.95379638671875,44.725433349609375,43.52818298339844,42.345237731933594,41.949588775634766,42.02835464477539,42.066104888916016,41.816917419433594,41.484336853027344,41.66664505004883,41.636478424072266,40.53026580810547,40.06534194946289,41.21708679199219,42.159706115722656,41.96100616455078,41.58304977416992,41.06100845336914,39.977909088134766,39.37256622314453,39.78565979003906,39.74171447753906,37.870487213134766,35.195682525634766,33.721160888671875,33.58623123168945,32.89610290527344,32.030426025390625,33.644718170166016,37.2561149597168,39.60236358642578
41.61860656738281,41.59261703491211,41.846343994140625,42.447784423828125,43.23021697998047,42.84640121459961,40.286746978759766,36.94318389892578,35.27970504760742,36.161102294921875,38.87733840942383,42.13497543334961,44.51499557495117,45.08901596069336,43.919883728027344,42.16775894165039,41.148704528808594,41.33307647705078,42.133689880371094,42.34967803955078,41.44172668457031,40.49098587036133,40.53462600708008,40.56888961791992,40.27006530761719,40.86252212524414,41.76848602294922,41.74046325683594,41.347145080566406,41.349365234375,41.60174560546875,41.67036437988281,41.11665725708008,39.96407699584961,38.516475677490234,36.62308883666992,34.60472869873047,33.45597839355469,33.11201858520508,32.69153594970703,33.04851531982422,36.078575134277344,40.34412384033203,42.05763626098633
41.42490768432617,41.57754898071289,41.802642822265625,41.88856506347656,41.70226287841797,40.62076950073242,38.26637649536133,35.60136413574219,34.57695007324219,36.04270553588867,39.0732307434082,42.31366729736328,43.95838928222656,43.547874450683594,42.37468719482422,41.52959060668945,41.05514907836914,41.039180755615234,41.62009811401367,41.92085647583008,41.19466781616211,40.57262420654297,40.856170654296875,41.29063034057617,41.741275787353516,42.296199798583984,42.09187698364258,41.315792083740234,41.1085205078125,41.667724609375,42.315914154052734,42.180057525634766,40.78731155395508,38.81106948852539,36.84794998168945,34.68376541137695,32.93123245239258,32.79351043701172,33.39225387573242,33.502098083496094,34.47041320800781,38.218170166015625,42.04343795776367,42.40892791748047
41.05541229248047,41.1536865234375,41.6087646484375,41.8536262512207,41.256446838378906,39.580902099609375,37.13228225708008,35.16035079956055,35.08079147338867,36.85268020629883,39.668033599853516,42.00485610961914,42.409339904785156,41.685264587402344,41.25856399536133,40.84223937988281,39.87309265136719,39.239070892333984,39.90372085571289,41.0434684753418,41.38254928588867,41.4766731262207,42.20064926147461,43.083499908447266,43.44597625732422,43.073585510253906,42.29741668701172,41.88949966430664,42.091243743896484,42.29729461669922,42.025325775146484,41.376487731933594,40.300323486328125,38.49005126953125,35.71074676513672,32.85477828979492,32.17136001586914,33.69470977783203,34.91116714477539,35.10094451904297,36.62376022338867,40.389251708984375,42.75041961669922,42.01231002807617
40.48176956176758,40.318119049072266,40.9149284362793,41.55834197998047,41.109806060791016,39.173980712890625,36.5412483215332,34.917118072509766,35.2631950378418,37.19807052612305,39.762542724609375,41.32958984375,41.32448196411133,40.81584548950195,40.09916687011719,38.7321662902832,37.62718963623047,37.9593391418457,39.45111083984375,40.95165252685547,41.90842819213867,42.65891647338867,43.374515533447266,43.69588851928711,43.47519302368164,42.974700927734375,42.84775924682617,43.08357620239258,42.53175354003906,41.06182098388672,40.22095489501953,40.7520866394043,40.916709899902344,38.40953826904297,33.74467849731445,30.876028060913086,32.2940559387207,35.41267776489258,37.113521575927734,37.73158264160156,39.58012390136719,42.065086364746094,42.529693603515625,41.691097259521484
40.37046432495117,40.11457061767578,40.73989486694336,41.170597076416016,40.48903274536133,38.8314094543457,36.67033386230469,35.17588424682617,35.51301193237305,37.30939483642578,39.377723693847656,40.61735916137695,40.73219299316406,39.80359649658203,38.1233024597168,36.741943359375,37.09088897705078,38.60005187988281,39.91145324707031,41.07363510131836,42.34504318237305,42.90648651123047,42.76776885986328,42.885215759277344,43.07683563232422,42.98897933959961,43.127357482910156,42.860740661621094,40.973175048828125,38.883541107177734,39.13970184326172,41.03565979003906,40.40509033203125,35.24613952636719,29.781728744506836,29.42142677307129,33.1165771484375,37.179237365722656,39.17136001586914,39.751583099365234,40.70698928833008,41.54281234741211,41.451351165771484,41.787532806396484
40.71859359741211,40.523231506347656,40.916160583496094,40.90213394165039,40.126590728759766,38.923736572265625,37.38462448120117,36.159828186035156,36.21776580810547,37.374908447265625,38.79723358154297,39.717628479003906,39.534542083740234,38.33629608154297,37.072628021240234,36.84922790527344,37.83389663696289,38.95463562011719,39.71171569824219,40.89051818847656,41.95126724243164,41.72738265991211,41.481109619140625,42.222965240478516,42.73324966430664,42.53558349609375,41.84726333618164,40.096466064453125,37.94761276245117,37.8908805847168,39.917991638183594,40.117488861083984,35.434783935546875,29.29391098022461,27.881027221679688,30.949113845825195,35.27398681640625,38.82480239868164,39.751075744628906,38.79926681518555,38.432579040527344,39.1590690612793,40.53718185424805,42.495906829833984
41.28861618041992,40.91128921508789,41.077606201171875,41.06257629394531,40.427337646484375,39.308631896972656,38.082698822021484,37.27164077758789,37.206634521484375,37.74188232421875,38.31450653076172,38.50605010986328,38.285118103027344,37.855987548828125,37.35356140136719,37.26987075805664,37.66289520263672,38.024559020996094,38.776126861572266,40.156002044677734,40.87471008300781,40.7176399230957,41.069793701171875,41.75730514526367,41.715370178222656,40.55841827392578,38.136348724365234,35.64427947998047,35.78178024291992,38.486976623535156,39.511287689208984,35.34970474243164,29.312681198120117,27.875959396362305,30.55129051208496,34.04509353637695,37.57369613647461,39.588218688964844,38.03183364868164,35.55756759643555,35.53799819946289,37.81529235839844,40.37455368041992,41.477046966552734
41.942195892333984,41.36460494995117,41.29449462890625,41.4067268371582,40.88718795776367,39.63404083251953,38.437835693359375,37.84785842895508,37.87998580932617,38.21044921875,38.15903854370117,37.69413375854492,37.44624710083008,37.44071960449219,37.34501647949219,37.18641662597656,36.76360321044922,36.71128463745117,37.97052001953125,39.483642578125,40.04889678955078,40.37409973144531,40.67494201660156,40.21089553833008,38.99850082397461,36.71622085571289,33.783203125,32.98896789550781,35.76285171508789,38.35452651977539,36.141319274902344,30.875757217407227,28.82572364807129,30.561410903930664,33.2515983581543,36.08114242553711,38.67033004760742,38.25828552246094,35.27912902832031,33.86910629272461,35.656272888183594,38.079811096191406,39.39048385620117,38.91515350341797
42.61786651611328,41.92441177368164,41.63308334350586,41.620479583740234,41.10569763183594,39.87281799316406,38.6143798828125,37.98537063598633,38.09642028808594,38.43059158325195,38.17806625366211,37.3538818359375,36.75614929199219,36.839786529541016,37.227569580078125,37.115257263183594,36.378318786621094,36.57622146606445,38.172935485839844,39.312137603759766,39.41312789916992,39.106754302978516,38.232330322265625,37.021724700927734,35.60028839111328,33.3181037902832,31.428449630737305,32.655059814453125,35.90177536010742,36.53554916381836,32.94979476928711,29.848949432373047,29.825870513916016,31.783475875854492,34.84248352050781,37.24004364013672,36.94826126098633,35.38819122314453,34.729087829589844,35.474605560302734,37.22650909423828,37.31349563598633,35.56819534301758,34.742942810058594
43.208499908447266,42.473411560058594,42.01106643676758,41.755767822265625,41.19578552246094,40.112178802490234,38.860469818115234,38.034603118896484,37.955718994140625,38.26729202270508,38.1746711730957,37.36524200439453,36.6103401184082,36.61581802368164,36.9430046081543,36.984169006347656,36.963863372802734,37.57511901855469,38.60745620727539,39.06282043457031,38.24433898925781,36.413978576660156,34.790374755859375,34.29471206665039,33.62651824951172,31.74745750427246,30.742704391479492,32.67824935913086,35.33406448364258,34.7469367980957,31.618684768676758,29.503162384033203,29.437387466430664,32.391910552978516,35.893917083740234,35.916927337646484,34.45484161376953,34.485572814941406,35.618865966796875,36.39236068725586,36.03049850463867,34.69643783569336,33.18821334838867,32.883121490478516
43.640506744384766,43.11903381347656,42.556636810302734,41.85298538208008,40.934383392333984,39.76312255859375,38.54652404785156,37.75739288330078,37.62312698364258,37.94483947753906,38.14990997314453,37.7142219543457,37.005104064941406,36.514862060546875,36.2829704284668,36.675514221191406,37.59613037109375,38.182884216308594,38.556365966796875,38.46874237060547,36.62460708618164,33.99605941772461,32.93927764892578,33.050106048583984,32.14501953125,30.30486297607422,30.343509674072266,32.86856460571289,34.38587188720703,33.01068115234375,30.829496383666992,29.177654266357422,29.461063385009766,32.860328674316406,35.16521453857422,34.5429573059082,33.702335357666016,33.941532135009766,34.86494064331055,35.19914245605469,33.598690032958984,31.927900314331055,31.980770111083984,32.996463775634766
43.69413757324219,43.62196731567383,43.14498519897461,41.995330810546875,40.36397933959961,38.56354904174805,37.161865234375,36.697025299072266,36.96977615356445,37.55221939086914,37.99770736694336,37.8377685546875,37.00699996948242,35.76698684692383,35.131710052490234,36.173004150390625,37.7789306640625,38.31425857543945,38.19110107421875,37.08599090576172,34.68717956542969,32.971309661865234,32.5330810546875,31.70121192932129,30.098987579345703,29.47932243347168,31.103046417236328,32.750186920166016,32.401336669921875,31.65093421936035,30.583782196044922,28.651708602905273,28.94214630126953,32.30093002319336,35.07284164428711,34.756595611572266,32.992828369140625,32.424434661865234,33.18370819091797,33.4019660949707,31.965978622436523,30.85968589782715,31.629329681396484,33.03704071044922
43.20018768310547,43.460819244384766,43.20724105834961,41.95645523071289,39.908695220947266,37.61699295043945,35.949668884277344,35.53025817871094,36.156227111816406,37.097164154052734,37.57487487792969,37.182411193847656,35.783203125,34.098663330078125,34.02074432373047,35.98979187011719,37.823177337646484,37.951168060302734,36.69527053833008,34.56237030029297,32.94160842895508,32.54984664916992,31.64644432067871,29.9412784576416,29.08960723876953,30.086837768554688,31.57590675354004,31.14693260192871,30.69173240661621,31.352970123291016,29.531152725219727,26.947635650634766,28.72744369506836,33.359012603759766,35.81378173828125,34.34362030029297,31.886980056762695,30.95368194580078,31.227323532104492,31.67351722717285,32.10282897949219,32.35455322265625,32.239501953125,31.94196319580078
42.334815979003906,42.52050018310547,42.48822021484375,41.6098518371582,39.796321868896484,37.56538009643555,35.786170959472656,35.0892333984375,35.50505447387695,36.35459518432617,36.56752014160156,35.617759704589844,33.801231384277344,32.606998443603516,33.467926025390625,35.58295822143555,36.77080154418945,36.16476821899414,34.38083267211914,32.65473175048828,31.84389877319336,31.017009735107422,29.758563995361328,29.051149368286133,29.17470359802246,29.986791610717773,30.39307975769043,29.859460830688477,30.924175262451172,31.065210342407227,27.445693969726562,25.846403121948242,30.44506072998047,35.59465789794922,35.474159240722656,32.379798889160156,30.220664978027344,29.456424713134766,29.48317527770996,30.61172866821289,32.623783111572266,33.896583557128906,32.95932388305664,30.95172119140625
41.49977111816406,41.6292724609375,41.828468322753906,41.217350006103516,39.513431549072266,37.455482482910156,35.851200103759766,34.985572814941406,34.91972351074219,35.27553939819336,35.049415588378906,33.82686996459961,32.38227462768555,31.867809295654297,32.580562591552734,33.61866760253906,34.04786682128906,33.83085250854492,33.13665008544922,31.921815872192383,30.111082077026367,28.6663818359375,28.57914161682129,28.660888671875,28.527767181396484,29.39653205871582,30.111276626586914,30.107227325439453,31.125436782836914,29.470447540283203,25.634477615356445,26.693376541137695,33.266639709472656,36.71080017089844,33.404136657714844,29.13198471069336,28.069822311401367,29.044429779052734,30.0650634765625,30.92563247680664,32.188133239746094,33.28193283081055,32.700721740722656,30.586706161499023
