data/wind_data/wind_41_0.json
{"header": {"parameterUnit": "KT", "parameterCategory": 2, "nx": 255, "ny": 198, "lo1": 44.73521041870117, "la1": -3.236724853515625, "lo2": 111.26478576660156, "la2": 43.468475341796875, "dx": 0.26192745566368103, "dy": -0.23708222806453705, "refTime": "2025-02-20 17:00:00", "forecastTime": 0, "parameterNumber": 3, "parameterNumberName": "northward_wind"}, "data":
[rows 57 to 75 of 198, columns 172 to 214 of 255]
-9.01565933227539,-9.811971664428711,-10.340937614440918,-10.766721725463867,-10.5118408203125,-9.674163818359375,-7.889052867889404,-6.46006441116333,-6.735112190246582,-8.062129974365234,-8.79346752166748,-7.328440189361572,-7.476704120635986,-8.069661140441895,-7.938716888427734,-8.035665512084961,-7.892508506774902,-8.251227378845215,-8.989314079284668,-9.724531173706055,-9.86662769317627,-9.021894454956055,-8.364489555358887,-7.9964599609375,-7.783998012542725,-7.757742881774902,-7.974262714385986,-8.555755615234375,-8.704387664794922,-8.430680274963379,-7.884109973907471,-8.138799667358398,-7.907127380371094,-7.322058200836182,-5.075567722320557,-1.7752799987792969,-1.4149812459945679,-1.8152353763580322,-1.3989661931991577,0.12291871011257172,0.5437093377113342,0.06951002776622772,-0.768655002117157
-9.107416152954102,-9.662151336669922,-9.913230895996094,-9.643604278564453,-9.205107688903809,-8.705487251281738,-7.896215915679932,-6.6317338943481445,-6.098898410797119,-6.724334239959717,-6.5302581787109375,-3.2393665313720703,-6.65931510925293,-6.530641078948975,-7.1407790184021,-7.376263618469238,-7.751630783081055,-7.8646979331970215,-7.816212177276611,-8.798993110656738,-9.817577362060547,-9.823446273803711,-8.490701675415039,-7.932781219482422,-7.670802116394043,-7.699923992156982,-7.84998083114624,-7.515871524810791,-7.347603797912598,-7.488870620727539,-7.539526462554932,-7.823812484741211,-7.252999782562256,-7.320727348327637,-2.2534122467041016,-1.723442792892456,-1.1373389959335327,-1.1553761959075928,-1.2862013578414917,0.5625400543212891,2.301208972930908,2.132478952407837,1.2981654405593872
-8.732620239257812,-9.243047714233398,-9.523159980773926,-9.554615020751953,-9.392746925354004,-9.288694381713867,-8.468558311462402,-7.247660160064697,-6.213497161865234,-6.39668607711792,-6.692242622375488,-4.308814525604248,-6.204288482666016,-5.5355939865112305,-6.060632228851318,-6.854149341583252,-7.270974636077881,-7.48020601272583,-7.814457416534424,-8.03129768371582,-8.02910327911377,-8.168618202209473,-8.247453689575195,-7.973546981811523,-7.675597667694092,-7.981814861297607,-8.121163368225098,-7.762610912322998,-7.314074993133545,-7.797946453094482,-7.866475582122803,-8.00003433227539,-7.342653751373291,-7.451959133148193,-2.4260170459747314,-2.1428442001342773,-2.312350273132324,-1.213167667388916,-0.7212215065956116,0.6982805728912354,2.9300143718719482,3.0697021484375,2.5520777702331543
-8.288492202758789,-8.795701026916504,-9.160139083862305,-9.409951210021973,-9.458951950073242,-9.595439910888672,-9.078531265258789,-8.03524112701416,-7.027091026306152,-6.722469329833984,-6.767204284667969,-4.9571075439453125,-4.443366050720215,-6.339039325714111,-6.488044738769531,-7.259832382202148,-7.635643482208252,-7.665231227874756,-7.783107280731201,-7.745476245880127,-7.677035808563232,-7.495841979980469,-7.533502578735352,-7.60459566116333,-7.8664870262146,-8.219698905944824,-8.275986671447754,-8.028399467468262,-7.677213191986084,-7.978485584259033,-7.592349529266357,-7.850269794464111,-7.413472652435303,-6.7017927169799805,-3.633774518966675,-2.5040900707244873,-2.728769540786743,-1.4674056768417358,-0.713701069355011,0.08419761806726456,2.3586158752441406,2.678065538406372,2.4756553173065186
-7.532707691192627,-8.019105911254883,-8.49173641204834,-8.938376426696777,-9.301044464111328,-9.421905517578125,-9.216340065002441,-8.38521957397461,-7.501140117645264,-6.8171067237854,-6.5858612060546875,-4.8854570388793945,-3.3328418731689453,-7.4878668785095215,-7.386662483215332,-7.542975902557373,-7.733215808868408,-7.830818176269531,-7.692219257354736,-7.393958568572998,-7.30573034286499,-7.29569149017334,-7.181942462921143,-7.42441987991333,-7.8656229972839355,-7.940751552581787,-7.836937427520752,-7.485104560852051,-7.3098955154418945,-7.53401517868042,-7.390758037567139,-8.163881301879883,-7.76435661315918,-6.359579086303711,-2.456231117248535,-3.1069467067718506,-3.427257776260376,-2.1824355125427246,-0.7909042239189148,-0.6218982338905334,1.7697454690933228,2.701223134994507,2.3085761070251465
-6.798682689666748,-6.89095401763916,-7.3137030601501465,-7.961668968200684,-8.440095901489258,-8.549135208129883,-8.55299186706543,-8.278020858764648,-7.937395095825195,-7.466413974761963,-7.150741100311279,-6.260777473449707,-5.134435653686523,-7.580692768096924,-7.486230850219727,-7.465778350830078,-7.465222358703613,-7.3224029541015625,-7.115413665771484,-6.674651622772217,-6.619077682495117,-6.800062656402588,-6.890548229217529,-7.235128879547119,-7.499349117279053,-7.564208030700684,-7.3494157791137695,-7.123006343841553,-7.067193508148193,-7.4099040031433105,-7.740473747253418,-8.551948547363281,-7.919216156005859,-5.569636821746826,-2.334839105606079,-3.3408727645874023,-3.7800352573394775,-2.3696341514587402,-1.5883376598358154,-1.6577982902526855,0.7920036315917969,2.774205446243286,2.3193864822387695
-6.33180046081543,-6.098745822906494,-6.119746685028076,-6.57742977142334,-7.1288251876831055,-7.374642848968506,-7.522552967071533,-7.54351282119751,-7.558605194091797,-7.370957374572754,-7.026760578155518,-5.6399245262146,-2.6140201091766357,-6.848567008972168,-6.635060787200928,-6.625141620635986,-6.665633678436279,-6.58543062210083,-6.489259243011475,-6.1701765060424805,-6.013374328613281,-5.95410680770874,-6.022023677825928,-6.3782572746276855,-6.563340187072754,-6.974242210388184,-7.061394214630127,-7.390673637390137,-7.608292579650879,-7.782684326171875,-7.845637321472168,-7.557734489440918,-5.793292999267578,-2.644507646560669,-1.8409790992736816,-2.6874020099639893,-3.0086629390716553,-2.402876377105713,-2.934600591659546,-3.4410176277160645,-1.1022872924804688,2.1703147888183594,2.4904978275299072
-5.990366458892822,-5.900125980377197,-5.658072471618652,-5.668248653411865,-6.004243850708008,-6.308746337890625,-6.551695346832275,-6.6880950927734375,-6.905219554901123,-6.933662414550781,-6.881008625030518,-5.496851444244385,-2.941568374633789,-5.945772171020508,-5.589720726013184,-5.531777858734131,-5.534397125244141,-5.496340751647949,-5.441208362579346,-5.239003658294678,-5.013498783111572,-4.845391750335693,-4.885678291320801,-5.125415325164795,-5.178287029266357,-5.908560276031494,-6.601158618927002,-7.419980525970459,-8.022270202636719,-7.700425624847412,-7.361302852630615,-5.9492506980896,-3.4108033180236816,-1.4479087591171265,-2.1386806964874268,-2.9188992977142334,-2.6636135578155518,-3.04048490524292,-3.706862449645996,-4.160601615905762,-5.203739643096924,-0.9527686834335327,0.9688004851341248
-5.309473991394043,-5.558394432067871,-5.560920715332031,-5.5195512771606445,-5.639678955078125,-5.799310684204102,-5.891941547393799,-5.952819347381592,-6.115046977996826,-5.96029806137085,-6.10934591293335,-6.061448574066162,-5.468738079071045,-5.7551188468933105,-5.401591777801514,-4.976179599761963,-4.778874397277832,-4.658568382263184,-4.4443206787109375,-4.261757850646973,-3.965447425842285,-3.678711414337158,-3.7640461921691895,-3.9598045349121094,-4.142924785614014,-4.941944599151611,-6.00472354888916,-6.707952499389648,-7.230493545532227,-6.793699741363525,-6.5072150230407715,-4.50034761428833,-2.5681090354919434,-2.824233293533325,-4.294092655181885,-3.786227226257324,-4.466304779052734,-4.788888931274414,-5.155459403991699,-4.394654273986816,-4.559680938720703,-3.8849551677703857,-2.5619258880615234
-4.29521369934082,-4.730369567871094,-5.113707065582275,-5.409600257873535,-5.57818078994751,-5.679554462432861,-5.6303911209106445,-5.529372692108154,-5.5620269775390625,-5.257226943969727,-5.300517559051514,-5.545585632324219,-5.775126934051514,-5.827152252197266,-5.641450881958008,-5.1827497482299805,-4.84527587890625,-4.62042236328125,-4.201896667480469,-3.8879804611206055,-3.3425207138061523,-2.7573211193084717,-2.7875804901123047,-2.967785358428955,-3.353306770324707,-4.137203216552734,-5.1279520988464355,-5.543620586395264,-5.7242960929870605,-5.368824481964111,-4.904811859130859,-2.6496694087982178,-1.1262046098709106,-3.009406566619873,-3.741489887237549,-4.129962921142578,-7.800965785980225,-5.944153308868408,-5.437121391296387,-5.362461090087891,-2.7426705360412598,-2.860403537750244,-2.7756083011627197
-3.410701036453247,-3.821122646331787,-4.355226993560791,-4.884783744812012,-5.2227559089660645,-5.453367233276367,-5.484072208404541,-5.35248327255249,-5.343531608581543,-5.119030475616455,-5.022909164428711,-4.990879058837891,-5.11906099319458,-5.6357622146606445,-5.865581512451172,-5.740339279174805,-5.601650238037109,-5.173638343811035,-4.662564277648926,-4.316219806671143,-3.696791172027588,-2.814950942993164,-2.2532548904418945,-2.192647933959961,-2.5638561248779297,-3.206538200378418,-3.952131748199463,-4.3422651290893555,-4.289350986480713,-3.7490413188934326,-2.857426881790161,-0.9095124006271362,-0.6938933730125427,-0.6912704706192017,0.23389087617397308,-0.6737886071205139,-3.246540069580078,-4.178530216217041,-4.202089786529541,-3.4532558917999268,-2.24102783203125,-0.7075126767158508,0.16007331013679504
-2.9923720359802246,-3.244994878768921,-3.6115832328796387,-4.090529918670654,-4.597548484802246,-5.04318380355835,-5.229887962341309,-5.237766265869141,-5.250212669372559,-5.204368591308594,-5.158456325531006,-4.9639201164245605,-5.012247085571289,-5.368791580200195,-5.736648082733154,-5.913852691650391,-6.343440532684326,-6.073275566101074,-5.575052738189697,-5.204107284545898,-4.8815178871154785,-4.124765396118164,-2.8658995628356934,-2.0029125213623047,-1.9529907703399658,-2.2304961681365967,-2.665140390396118,-3.1724274158477783,-3.1584041118621826,-2.807387113571167,-1.5877856016159058,0.23851045966148376,-0.7296887636184692,-0.5608739256858826,1.428070306777954,2.188035726547241,1.1811174154281616,-3.5706491470336914,-5.012646675109863,-3.778838634490967,-3.7293574810028076,-2.811635732650757,0.2370964139699936
-2.8302290439605713,-3.0502891540527344,-3.1939542293548584,-3.4971954822540283,-3.9879627227783203,-4.4922027587890625,-4.8652262687683105,-5.1146674156188965,-5.302645683288574,-5.345809459686279,-5.472082614898682,-5.302402496337891,-5.29328727722168,-5.3607401847839355,-5.627561092376709,-5.71560525894165,-6.595887184143066,-6.743172645568848,-6.261961936950684,-5.80997896194458,-5.725575923919678,-5.609871864318848,-4.6316938400268555,-3.0452394485473633,-1.9163051843643188,-1.5629206895828247,-1.4442453384399414,-1.7637213468551636,-1.994951605796814,-2.023125171661377,-0.8572561144828796,-0.14367564022541046,-0.8525505661964417,-1.2687147855758667,-1.0970473289489746,-0.23085714876651764,-0.9439066052436829,-2.7915337085723877,-5.472465991973877,-6.7868733406066895,-6.802868366241455,-1.931679368019104,0.8849990963935852
-2.4241886138916016,-2.8519108295440674,-3.084782600402832,-3.3421168327331543,-3.670360565185547,-4.107717514038086,-4.567015647888184,-4.973248481750488,-5.3710126876831055,-5.603383541107178,-5.747462272644043,-5.765222072601318,-5.673016548156738,-5.611599445343018,-5.642151832580566,-5.51284122467041,-6.3992462158203125,-6.634608745574951,-6.37337064743042,-5.930480003356934,-5.422167778015137,-5.724084377288818,-5.722055435180664,-4.581232070922852,-2.696669578552246,-1.3489017486572266,-0.5970832705497742,-0.2912676930427551,-0.29753348231315613,-0.6969138979911804,-1.0027215480804443,-0.8125500679016113,-0.4037860035896301,-0.9213917851448059,-1.987856149673462,-1.8027263879776,-0.9533769488334656,0.07169408351182938,-2.0262677669525146,-3.4315028190612793,-0.8989871144294739,2.0527918338775635,1.8670316934585571
-1.6082290410995483,-2.2315502166748047,-2.7736623287200928,-3.2252089977264404,-3.609349250793457,-4.051660537719727,-4.466622352600098,-4.862215995788574,-5.241027355194092,-5.632406234741211,-5.811789035797119,-6.100578784942627,-6.031853675842285,-5.9665751457214355,-5.798053741455078,-5.6658782958984375,-6.294983386993408,-6.288188457489014,-6.059382915496826,-6.216742515563965,-5.2525482177734375,-4.3242998123168945,-4.565174579620361,-4.712132930755615,-3.6469061374664307,-1.6851602792739868,0.14558179676532745,0.9767276048660278,1.160192847251892,0.5880401134490967,-1.0529717206954956,-0.37523093819618225,0.221697598695755,0.17262215912342072,0.8108307719230652,1.5908522605895996,1.6489804983139038,4.130706787109375,3.8827569484710693,5.044132709503174,7.325510501861572,2.4634170532226562,0.5553955435752869
-0.8501352071762085,-1.4017367362976074,-2.043804883956909,-2.704409122467041,-3.386695146560669,-4.001911640167236,-4.499413013458252,-4.94827127456665,-5.228209495544434,-5.541850566864014,-5.749521732330322,-6.143704891204834,-6.206363677978516,-6.141668319702148,-6.024715423583984,-6.000897407531738,-6.342312335968018,-6.244616985321045,-5.939338684082031,-6.599154949188232,-5.281364917755127,-3.3468868732452393,-2.5916478633880615,-2.8264505863189697,-3.198697328567505,-1.9986910820007324,0.8572399020195007,2.3591620922088623,1.9963711500167847,1.8280296325683594,0.014541917480528355,0.1480179876089096,0.7293983697891235,1.642106533050537,2.6011579036712646,3.736084461212158,4.671545505523682,9.004395484924316,8.101361274719238,9.71351146697998,7.18214750289917,1.5762907266616821,-0.3473949134349823
-0.8257865905761719,-1.2173453569412231,-1.6337255239486694,-2.17834734916687,-2.9905123710632324,-3.777466297149658,-4.382287979125977,-4.863513946533203,-5.18648624420166,-5.423980712890625,-5.636636734008789,-5.938594818115234,-6.130600929260254,-6.104616165161133,-6.169826507568359,-6.108353614807129,-6.1578369140625,-6.096441745758057,-6.179103374481201,-5.610426425933838,-3.7963943481445312,-2.8571720123291016,-1.6536645889282227,-0.8824561834335327,-1.1939688920974731,-1.2623053789138794,1.1006523370742798,3.282914638519287,2.7098782062530518,2.3597099781036377,0.8383433222770691,-0.3276449739933014,-0.18512366712093353,0.9270757436752319,0.5132785439491272,0.3911949098110199,2.5356626510620117,7.0189738273620605,8.530402183532715,6.0539045333862305,3.9894521236419678,1.796837329864502,-0.5267379879951477
-1.4472943544387817,-1.9021399021148682,-2.2330243587493896,-2.6116175651550293,-3.1159186363220215,-3.6623644828796387,-4.094112396240234,-4.398494720458984,-4.72895622253418,-5.016258716583252,-5.318643093109131,-5.7031097412109375,-5.94775915145874,-6.200384616851807,-6.42591667175293,-6.080082893371582,-5.706291675567627,-4.801702976226807,-5.232080459594727,-2.9316561222076416,-1.8485357761383057,-0.9634697437286377,-0.08504069596529007,0.18262773752212524,0.36106234788894653,0.23154817521572113,1.359993815422058,3.565720319747925,3.393376588821411,2.6276133060455322,1.835551142692566,-0.06057167053222656,-2.8066954612731934,-2.0421926975250244,-1.7613486051559448,-1.6546581983566284,-0.9452739953994751,1.3957576751708984,3.1322381496429443,1.6378000974655151,1.524651050567627,0.7175848484039307,-0.18028973042964935
-1.9510014057159424,-2.6611111164093018,-3.187161445617676,-3.825932502746582,-4.050782680511475,-4.1216721534729,-4.092005252838135,-4.067605018615723,-4.17679500579834,-4.36622953414917,-4.6653971672058105,-5.173552989959717,-5.572634696960449,-6.20615816116333,-6.786467552185059,-6.527572154998779,-5.825549602508545,-2.9184343814849854,-2.6845648288726807,-0.8153040409088135,-0.8657705187797546,0.48306602239608765,1.0705950260162354,0.6119380593299866,0.4372537136077881,0.4409172236919403,1.166783094406128,3.2588419914245605,3.696662425994873,3.8522963523864746,3.546597719192505,1.3617175817489624,-1.2579327821731567,-2.200160503387451,-1.6027523279190063,-1.5941340923309326,-1.9878995418548584,-0.5323922634124756,-0.8025976419448853,-0.5743809938430786,-1.9968055486679077,-1.1419968605041504,-2.225583076477051
