data/wind_data/wind_Surface_43.json
{"header": {"parameterUnit": "KT", "parameterCategory": 2, "nx": 255, "ny": 198, "lo1": 44.73521041870117, "la1": -3.236724853515625, "lo2": 111.26478576660156, "la2": 43.468475341796875, "dx": 0.26192745566368103, "dy": -0.23708222806453705, "refTime": "2025-02-20 19:00:00", "forecastTime": 0, "parameterNumber": 3, "parameterNumberName": "northward_wind"}, "data":
[rows 152 to 170 of 198, columns 172 to 214 of 255]
8.469112396240234,11.398735046386719,13.190380096435547,13.978012084960938,10.650959014892578,6.908565044403076,4.077417850494385,2.8373022079467773,2.61519455909729,4.564345359802246,5.512558937072754,4.695127964019775,4.849783420562744,5.794499397277832,6.387124061584473,7.992966175079346,9.447456359863281,9.1575345993042,7.968537330627441,7.154207706451416,8.113142967224121,7.512242794036865,5.3255815505981445,5.186399936676025,6.185390472412109,3.89560866355896,2.8689441680908203,3.677736520767212,4.748901844024658,5.824419021606445,6.248590469360352,5.684794902801514,4.358248710632324,4.558282375335693,5.335423946380615,5.499274730682373,3.929356098175049,1.992151141166687,3.6538093090057373,4.724129676818848,6.0113725662231445,7.098509788513184,8.320225715637207
9.099536895751953,11.44014835357666,11.799489974975586,13.033150672912598,10.187002182006836,8.944263458251953,7.828393459320068,6.186631202697754,4.98719596862793,4.572516918182373,4.769792079925537,4.34140157699585,5.2464399337768555,6.661857604980469,7.8413310050964355,8.068716049194336,7.252406597137451,7.372616291046143,7.523670196533203,7.989273548126221,7.875194072723389,5.980713367462158,4.161719799041748,5.923290252685547,6.568082332611084,4.496581554412842,4.481882095336914,5.297733783721924,6.413311004638672,7.808783054351807,7.253775596618652,6.460781097412109,5.279084205627441,4.431765556335449,4.1438984870910645,4.179392337799072,6.0815348625183105,4.303968906402588,6.563734531402588,7.778757095336914,7.474579811096191,7.928475856781006,7.767096996307373
9.275609970092773,10.08155345916748,10.572549819946289,10.900675773620605,9.899384498596191,10.772141456604004,10.360115051269531,10.241189002990723,9.89303970336914,8.040996551513672,7.117784023284912,7.773996829986572,8.90408992767334,8.654132843017578,7.182300567626953,6.055410385131836,6.016564846038818,5.806912899017334,6.2967305183410645,6.329811096191406,5.60398530960083,4.757821083068848,4.7786335945129395,6.08477783203125,6.686010360717773,5.994880199432373,6.021996974945068,6.1515936851501465,5.815114974975586,5.197479248046875,6.188405513763428,5.097575664520264,3.9901845455169678,4.231606960296631,4.617636680603027,7.192253112792969,9.393400192260742,7.552746772766113,5.854806423187256,6.236140251159668,7.845510482788086,7.241363525390625,3.923825263977051
10.514386177062988,9.210079193115234,7.597964286804199,7.593634128570557,10.079869270324707,12.917255401611328,12.246954917907715,10.483637809753418,11.708525657653809,12.504651069641113,10.820112228393555,9.542360305786133,9.398238182067871,7.568575859069824,6.7720465660095215,6.66718053817749,7.9855241775512695,6.701003074645996,3.9494788646698,3.7213802337646484,6.1375837326049805,6.287567615509033,5.55327033996582,6.127374172210693,6.4521284103393555,5.634128570556641,4.240592002868652,2.909637212753296,2.0777828693389893,0.7408632040023804,4.877336502075195,3.1909806728363037,3.5500710010528564,4.9543232917785645,7.485568046569824,11.193690299987793,11.388582229614258,10.458189964294434,7.931206226348877,6.818894863128662,8.590839385986328,7.818549633026123,5.62647819519043
9.130986213684082,6.413865566253662,4.908878326416016,6.55535364151001,9.66317081451416,12.483307838439941,11.27514934539795,9.053519248962402,10.45007610321045,10.535539627075195,10.350968360900879,8.596386909484863,7.901941776275635,7.164958953857422,6.625612258911133,7.083264350891113,6.1345319747924805,3.4616339206695557,-0.8567632436752319,-0.04009026288986206,4.633999347686768,5.924306392669678,5.309427261352539,5.389644145965576,4.957861423492432,3.413757562637329,1.83989679813385,1.217055320739746,1.4193660020828247,1.2344213724136353,1.7153358459472656,1.2234845161437988,3.3947103023529053,4.304335117340088,6.269876480102539,8.964271545410156,8.179553031921387,7.684482097625732,7.507762908935547,7.626125812530518,6.778509616851807,6.908608436584473,7.284800052642822
6.107868194580078,4.548962116241455,5.670469284057617,7.362287521362305,10.015806198120117,10.450942039489746,8.84001350402832,8.604962348937988,8.985346794128418,9.071595191955566,9.791152954101562,8.50273609161377,7.710272312164307,5.260406970977783,1.6378672122955322,1.4068764448165894,2.1303951740264893,0.8238310813903809,-0.6548805236816406,-0.8523480892181396,1.3662384748458862,4.409529209136963,4.5673298835754395,4.750658988952637,3.812452554702759,3.238797187805176,2.678239345550537,4.113883972167969,4.646615982055664,5.116199016571045,3.9186155796051025,3.23565936088562,5.391635894775391,4.094078063964844,2.925889253616333,3.7129595279693604,4.575076580047607,4.196468830108643,4.407674789428711,4.093498229980469,5.0451788902282715,5.639547348022461,5.302327632904053
7.998462677001953,6.640377044677734,7.4019012451171875,8.027847290039062,8.143993377685547,7.63510274887085,8.326224327087402,8.872062683105469,8.718145370483398,9.187618255615234,8.11047649383545,6.0523247718811035,3.0493736267089844,-2.467665910720825,-4.129928112030029,-2.316957950592041,3.0564284324645996,6.6935811042785645,6.620765686035156,6.1976094245910645,4.796638011932373,5.156903266906738,4.849308490753174,4.375843524932861,4.004939556121826,5.39345645904541,4.803938865661621,4.431865215301514,5.363706111907959,7.525407314300537,7.101819038391113,6.493887901306152,7.440536975860596,6.339798450469971,4.471717834472656,3.613095760345459,4.192302227020264,4.9447245597839355,4.095033168792725,1.1481322050094604,5.512031555175781,7.227832794189453,5.484945297241211
12.389951705932617,9.748453140258789,9.544440269470215,9.710898399353027,8.995129585266113,7.820260047912598,8.474453926086426,8.466469764709473,6.521972179412842,4.328375816345215,3.368783950805664,2.4256532192230225,-0.5556287169456482,-2.101783514022827,-0.5926238298416138,0.910865306854248,4.844828128814697,8.506349563598633,10.976886749267578,11.833703994750977,9.04080867767334,6.4632110595703125,6.041021823883057,6.375917911529541,5.696372032165527,7.682356834411621,7.398776054382324,6.671069145202637,8.058941841125488,10.34099292755127,10.400774002075195,8.959502220153809,9.001056671142578,8.582664489746094,7.6452741622924805,5.745018005371094,4.559124946594238,4.210261344909668,3.002376079559326,2.6266634464263916,4.276002883911133,5.7728166580200195,5.640897274017334
11.87559700012207,11.197388648986816,11.6041841506958,14.642095565795898,13.950989723205566,12.585134506225586,9.70311164855957,7.872203826904297,4.032310962677002,1.2079523801803589,3.3671326637268066,3.7723560333251953,3.3443002700805664,4.352629661560059,6.900412559509277,7.9116082191467285,8.634943008422852,9.029203414916992,9.399273872375488,11.728487014770508,11.634065628051758,9.503020286560059,9.431197166442871,10.622770309448242,10.415695190429688,11.325538635253906,12.296207427978516,13.24989128112793,13.459778785705566,14.11665153503418,11.758618354797363,10.563949584960938,9.380526542663574,8.090441703796387,8.673641204833984,7.596815586090088,6.263918876647949,6.07954740524292,5.719213962554932,1.437778115272522,-1.5943039655685425,-2.585444450378418,-1.542497992515564
9.727524757385254,12.15878963470459,13.253460884094238,15.525550842285156,17.386892318725586,14.763795852661133,11.114169120788574,10.992525100708008,7.38392972946167,5.120168685913086,8.849434852600098,9.392956733703613,8.857085227966309,10.108308792114258,12.820079803466797,13.947023391723633,13.774069786071777,13.062271118164062,11.194723129272461,12.008672714233398,14.125271797180176,14.53675365447998,13.676615715026855,14.02014446258545,14.083690643310547,13.507097244262695,13.521111488342285,12.623825073242188,10.199126243591309,7.6083455085754395,8.355751037597656,9.65166187286377,8.498809814453125,8.498115539550781,9.775995254516602,9.30659008026123,9.725506782531738,7.3303399085998535,0.7767013907432556,-6.911014080047607,-7.172433853149414,-6.46646785736084,-5.2858567237854
12.999835968017578,14.867133140563965,14.643250465393066,12.3218994140625,12.88340950012207,11.580827713012695,10.54801082611084,11.65369987487793,11.290229797363281,9.995513916015625,11.996261596679688,13.888962745666504,13.40432071685791,12.134378433227539,12.478079795837402,12.378396034240723,11.095232963562012,9.915221214294434,8.297054290771484,6.4220499992370605,7.314013481140137,10.461445808410645,10.027281761169434,10.112764358520508,9.616281509399414,6.409029960632324,5.3713860511779785,3.0701913833618164,1.6912262439727783,-0.830326497554779,2.220839738845825,5.730408668518066,7.524654388427734,11.454170227050781,13.082807540893555,10.861964225769043,4.862664222717285,-2.4563796520233154,-7.481064796447754,-5.663523197174072,-4.6120734214782715,-4.78135347366333,-3.0537960529327393
16.861875534057617,15.095544815063477,13.01183032989502,10.770419120788574,10.679059028625488,9.418612480163574,7.307539939880371,4.61589241027832,3.7454378604888916,4.845099449157715,8.197752952575684,12.32919692993164,13.423678398132324,10.828396797180176,7.975131988525391,5.03048038482666,1.4053304195404053,0.2299899458885193,0.17858436703681946,-0.6801194548606873,-0.4846859872341156,1.9473930597305298,1.967272400856018,1.4348069429397583,-0.35392674803733826,-4.278897285461426,-5.962589263916016,-5.630071640014648,-2.7116646766662598,-2.368661403656006,-1.6903445720672607,1.7179657220840454,7.442715644836426,9.48963737487793,8.491361618041992,3.3274288177490234,-6.2092461585998535,-6.690370082855225,-1.8833423852920532,0.5442460775375366,0.5982258915901184,0.6533944606781006,2.639890670776367
13.851025581359863,12.23391056060791,11.468607902526855,10.55388069152832,9.954244613647461,7.977046012878418,4.086628437042236,0.23246118426322937,0.7975082397460938,2.236387014389038,4.899779319763184,8.95181655883789,9.998993873596191,7.109560489654541,4.002202033996582,0.09815755486488342,-1.8875293731689453,-1.5925421714782715,-0.578781247138977,-0.10685789585113525,-1.0252360105514526,-2.4289298057556152,-4.4781060218811035,-6.630889892578125,-8.728507995605469,-10.56202220916748,-9.853436470031738,-5.9766011238098145,-1.3827818632125854,-0.10592643171548843,0.13809961080551147,-0.7649157047271729,-0.42285633087158203,-1.094313621520996,-3.6857454776763916,-5.82743501663208,-5.300807476043701,-0.6494629383087158,2.4886443614959717,1.5530896186828613,3.0574238300323486,4.186674118041992,2.6944973468780518
8.934308052062988,9.253589630126953,10.170562744140625,10.334389686584473,8.915246963500977,7.647469997406006,4.571743488311768,2.9161863327026367,4.53544282913208,5.873561382293701,5.287579536437988,5.512958526611328,3.378361940383911,2.4141907691955566,0.3022751212120056,-0.1958022117614746,0.3004778325557709,0.6833372712135315,0.2999016344547272,-1.4925861358642578,-3.8788442611694336,-6.340348720550537,-7.995795249938965,-8.914729118347168,-9.592362403869629,-9.960119247436523,-8.319342613220215,-6.104405879974365,-2.9411518573760986,-4.390049457550049,-3.5119240283966064,-4.6423659324646,-7.679245471954346,-6.238631725311279,-4.094710826873779,-1.0303953886032104,1.2453875541687012,-0.6714556813240051,-1.6973278522491455,-0.45358380675315857,-0.0909794494509697,-0.7544106245040894,-2.80027174949646
4.975123882293701,5.225935935974121,7.021344184875488,9.948148727416992,11.140589714050293,10.523371696472168,8.08317756652832,5.789982318878174,3.8721671104431152,3.8613131046295166,3.1900839805603027,1.6645771265029907,0.8759617209434509,0.8740845918655396,0.40085747838020325,0.7684879302978516,1.1093406677246094,0.6587432622909546,-1.6102852821350098,-4.572254657745361,-7.310371398925781,-8.901074409484863,-9.23936939239502,-8.636429786682129,-7.023616790771484,-7.6194376945495605,-9.815616607666016,-11.219147682189941,-10.09444522857666,-12.383821487426758,-10.46168327331543,-8.493803024291992,-6.731167793273926,-2.552354335784912,1.2746896743774414,0.08356116712093353,-2.262000560760498,-6.28798770904541,-6.9738078117370605,-4.419788360595703,-3.4207634925842285,-2.976158857345581,-3.4787635803222656
4.315860271453857,6.337085247039795,7.894390106201172,10.223569869995117,11.775986671447754,11.504403114318848,9.790526390075684,7.300915241241455,5.2669196128845215,3.621821165084839,1.4741578102111816,0.226737380027771,2.1217010021209717,2.652233600616455,2.062863349914551,1.434064507484436,1.1365689039230347,0.6477051377296448,-0.5779534578323364,-2.324215888977051,-4.587728023529053,-7.6079511642456055,-10.154044151306152,-9.855127334594727,-7.511079788208008,-8.1275053024292,-11.86547565460205,-13.179964065551758,-12.473983764648438,-11.649824142456055,-9.216782569885254,-7.036876678466797,-4.236667633056641,-0.7319716811180115,-1.151194453239441,-6.1642889976501465,-7.507847309112549,-6.921713352203369,-6.803076267242432,-6.258677959442139,-5.1438069343566895,-3.6438302993774414,0.581332266330719
6.747770309448242,9.433472633361816,10.54969596862793,10.54770565032959,9.81025505065918,9.249711036682129,8.09505558013916,6.172489166259766,3.5438966751098633,4.81092643737793,4.123717784881592,2.065113067626953,2.4700984954833984,2.185795307159424,1.7372125387191772,0.8751165270805359,0.4772958755493164,0.7701350450515747,1.2502522468566895,0.370665967464447,-2.739602565765381,-6.534830570220947,-9.823053359985352,-10.042418479919434,-10.216595649719238,-11.241626739501953,-11.350166320800781,-9.577288627624512,-8.325592994689941,-7.993782043457031,-5.7071685791015625,-3.8208823204040527,-0.4571981430053711,-1.2611007690429688,-5.228994846343994,-5.923400402069092,-4.631959438323975,-3.274510622024536,-1.8630775213241577,-1.1636282205581665,-1.4413583278656006,-0.4621322751045227,1.2233926057815552
1.4396977424621582,6.67579984664917,9.19575309753418,8.540969848632812,6.461927890777588,4.176944732666016,0.37966811656951904,-1.7968014478683472,-2.43534255027771,2.14909291267395,4.032763481140137,2.93752384185791,1.5430638790130615,0.11640983074903488,-0.3899190425872803,-0.43678393959999084,-0.11923999339342117,-1.3812155723571777,-2.5775630474090576,-2.708646059036255,-3.874940872192383,-5.662546157836914,-7.269355773925781,-8.269604682922363,-11.5595703125,-11.106088638305664,-8.29875659942627,-5.944392204284668,-5.347407341003418,-1.6206119060516357,2.352856397628784,3.0004324913024902,1.9667744636535645,-1.00168776512146,-2.9945106506347656,-1.4290077686309814,-0.03301825746893883,1.2283039093017578,2.1338396072387695,1.7698837518692017,2.0850741863250732,2.589378833770752,0.9625884890556335
-5.1613640785217285,0.9946495890617371,1.9188358783721924,-1.425002098083496,-5.523484706878662,-5.954634666442871,-4.646349906921387,-3.3044214248657227,-4.454229354858398,-2.902632474899292,0.23564140498638153,1.9398680925369263,0.9606099724769592,0.104084312915802,-0.6611871719360352,-2.266937732696533,-2.9060919284820557,-3.4124295711517334,-4.225640296936035,-3.992699146270752,-2.7607767581939697,-2.0241806507110596,-1.5629535913467407,-3.7457520961761475,-5.129833698272705,-4.038272380828857,-1.7960134744644165,-2.106701374053955,-1.2951440811157227,3.28934383392334,4.23089075088501,4.3676323890686035,2.5149261951446533,1.7162424325942993,1.7866877317428589,1.8322652578353882,2.005284309387207,2.9454386234283447,3.537938117980957,1.9197895526885986,0.04271328076720238,2.2316744327545166,4.197203636169434
