data/wind_data/wind_63_4.json
{"header": {"parameterUnit": "KT", "parameterCategory": 2, "nx": 256, "ny": 198, "lo1": 44.73521041870117, "la1": -3.236724853515625, "lo2": 111.26478576660156, "la2": 43.468475341796875, "dx": 0.2609002888202667, "dy": -0.23708222806453705, "refTime": "2025-02-21 15:00:00", "forecastTime": 0, "parameterNumber": 2, "parameterNumberName": "eastward_wind"}, "data":
[rows 19 to 37 of 198, columns 132 to 175 of 256]
-7.500931262969971,-4.570333957672119,-5.969271183013916,-5.182869911193848,-4.926107883453369,-3.471944570541382,-3.7485220432281494,-3.18289852142334,-2.912461757659912,-3.0584969520568848,-2.9685187339782715,-2.4365763664245605,-1.9817875623703003,-1.705979347229004,-2.2071030139923096,-2.224436044692993,-2.482106924057007,-2.9419455528259277,-2.929488182067871,-2.1567740440368652,-1.9254895448684692,-1.7269387245178223,-2.169924259185791,-2.024838924407959,-1.7469866275787354,-1.851120948791504,-2.981271743774414,-3.0239603519439697,-4.032827377319336,-3.373558521270752,-1.7009856700897217,-1.4655250310897827,-1.8884459733963013,-3.9463181495666504,-3.230436325073242,-1.955234169960022,-0.6927348375320435,0.020458253100514412,0.7919948697090149,0.5971779823303223,0.6915429830551147,2.102374792098999,3.134399652481079,3.231369733810425
-5.584795951843262,-5.6915459632873535,-6.851249694824219,-5.6339216232299805,-4.834920406341553,-3.80269718170166,-3.7951228618621826,-2.94909930229187,-2.465073823928833,-2.1270594596862793,-2.168480396270752,-1.9522984027862549,-1.6684287786483765,-1.3993384838104248,-1.0970665216445923,-0.07165271788835526,0.0605989471077919,-0.4013909697532654,-1.3262444734573364,-0.7597104907035828,-0.5816207528114319,0.11140043288469315,1.3116322755813599,1.4149701595306396,1.960519552230835,1.1502608060836792,0.19852571189403534,1.7830660343170166,-0.3663584887981415,-1.3252918720245361,-1.4121785163879395,-2.300020933151245,-3.5612258911132812,-6.973889350891113,-8.206803321838379,-5.641319274902344,-4.111292839050293,-2.2586770057678223,-0.5825669765472412,-0.3556341826915741,-0.07366189360618591,1.075869083404541,2.168226480484009,2.4795432090759277
-6.708595275878906,-6.258684158325195,-6.7646002769470215,-6.419046878814697,-5.494134426116943,-4.506911754608154,-4.130436897277832,-3.424956798553467,-2.903179168701172,-2.2497260570526123,-2.017085552215576,-1.676590085029602,-1.0940303802490234,-0.9474214315414429,-1.0566930770874023,-0.7902566194534302,-0.3825170695781708,-0.09188956022262573,0.5141070485115051,1.2584896087646484,0.9408106207847595,1.204474687576294,2.4041435718536377,0.9729970693588257,2.8493528366088867,2.2718353271484375,2.2677693367004395,2.6481010913848877,3.07722806930542,2.7014083862304688,1.7604336738586426,0.2311151772737503,0.3730451166629791,-0.44280824065208435,-3.502479314804077,-3.484142541885376,-4.206401824951172,-2.744476079940796,-1.1460330486297607,-1.1500980854034424,-2.683854341506958,-1.5554322004318237,-0.8166890144348145,-0.6515923738479614
-8.843209266662598,-7.655856132507324,-6.875466346740723,-6.901937484741211,-6.583953857421875,-5.692564964294434,-4.89863395690918,-4.219281196594238,-3.586756706237793,-3.034407138824463,-2.6835131645202637,-2.0433523654937744,-1.7694064378738403,-1.3191606998443604,-0.8151830434799194,-0.591845691204071,-0.02577199786901474,0.5483432412147522,1.115398645401001,2.1093311309814453,1.5761590003967285,2.614654064178467,1.8112297058105469,2.1675546169281006,2.4644880294799805,1.6341952085494995,2.5389976501464844,2.4559109210968018,2.2957513332366943,2.2265830039978027,2.535463571548462,2.309576988220215,2.4401051998138428,2.9490575790405273,4.4578938484191895,3.495847463607788,1.0517066717147827,0.10980475693941116,0.3697202503681183,-1.6280007362365723,-4.2471604347229,-4.9557390213012695,-5.224954605102539,-5.164825916290283
-9.66541576385498,-9.139513969421387,-8.707944869995117,-8.245915412902832,-7.608013153076172,-6.45766544342041,-6.0918121337890625,-5.9402265548706055,-5.49540901184082,-5.054123878479004,-4.250724792480469,-3.394073247909546,-2.992757558822632,-2.141324520111084,-1.5328271389007568,-1.2925188541412354,-0.7007772326469421,0.12904652953147888,0.8431759476661682,1.6137651205062866,0.6225003004074097,1.5731914043426514,1.8436648845672607,2.4657883644104004,2.12914776802063,1.5685395002365112,2.729214906692505,1.8526873588562012,1.4537240266799927,1.2779251337051392,1.523403286933899,2.168519973754883,3.4152917861938477,4.422556400299072,4.920738697052002,4.264455318450928,4.158249855041504,3.564776659011841,2.764427423477173,-0.8895997405052185,-4.03131628036499,-5.392606735229492,-6.254580497741699,-6.03631591796875
-10.434714317321777,-10.367045402526855,-10.010878562927246,-9.214043617248535,-8.294191360473633,-7.351085662841797,-7.354266166687012,-7.3133416175842285,-7.128098487854004,-6.796170711517334,-6.0957112312316895,-5.363271713256836,-4.453921794891357,-3.524327516555786,-3.470627784729004,-2.948119640350342,-2.2502307891845703,-1.3653450012207031,-0.7044439911842346,-0.7323880791664124,-0.4586558938026428,0.11162921041250229,0.05048428475856781,0.9613065719604492,0.3537927269935608,0.8911243677139282,1.3962990045547485,0.7833082675933838,1.119146466255188,1.107553482055664,1.4281063079833984,1.922447681427002,2.5242269039154053,2.998751401901245,3.3964436054229736,2.4470107555389404,3.585970640182495,2.540482521057129,2.2778494358062744,0.27275121212005615,-0.7597008943557739,-0.6123184561729431,-0.7609753608703613,-0.9859901666641235
-10.390641212463379,-10.593650817871094,-10.417853355407715,-8.954277992248535,-8.446975708007812,-8.021224975585938,-7.585991382598877,-7.6000823974609375,-7.570450305938721,-7.499149799346924,-7.253149509429932,-6.448301792144775,-5.821448802947998,-5.319811820983887,-5.015266418457031,-4.273858547210693,-4.056830883026123,-3.30570650100708,-2.9780521392822266,-2.9325056076049805,-2.846492290496826,-1.801482081413269,-1.5283836126327515,-1.228049397468567,-1.1712106466293335,-1.0810004472732544,-0.8387090563774109,-0.5266373157501221,0.23207488656044006,0.5634598731994629,0.9050762057304382,1.1420828104019165,1.5980851650238037,1.4735034704208374,0.932624876499176,1.366584062576294,2.7626328468322754,0.7223877310752869,0.8094696998596191,0.486502468585968,1.8166770935058594,4.1305646896362305,3.6957085132598877,3.902101516723633
-10.1141996383667,-10.862252235412598,-11.806270599365234,-7.1570353507995605,-8.057876586914062,-8.361788749694824,-7.4231648445129395,-7.568622589111328,-7.657796859741211,-7.4619317054748535,-7.050861358642578,-6.502912521362305,-6.277421951293945,-5.986064434051514,-5.269773006439209,-5.105135917663574,-5.255551815032959,-4.428658485412598,-4.464667797088623,-4.885110378265381,-4.580905914306641,-3.782257556915283,-3.2763378620147705,-2.8042032718658447,-2.2429561614990234,-2.9388928413391113,-2.5343856811523438,-1.407345175743103,-0.5104450583457947,0.1007930189371109,-0.5579652786254883,-0.04991386830806732,0.2656265199184418,0.4938949942588806,0.6295842528343201,0.6852076053619385,0.2781217098236084,0.044653136283159256,1.1576746702194214,0.39667025208473206,-0.041338372975587845,1.7237821817398071,2.5323169231414795,3.285254716873169
-10.032567977905273,-10.55136775970459,-9.955822944641113,-8.265382766723633,-8.527877807617188,-8.219464302062988,-8.002263069152832,-7.975793838500977,-7.745458602905273,-6.863561153411865,-6.445341110229492,-6.2447967529296875,-6.062452793121338,-5.595312595367432,-5.284679412841797,-5.196552753448486,-5.481515407562256,-5.358221054077148,-5.605210304260254,-5.802565574645996,-5.54306173324585,-5.0741143226623535,-4.634723663330078,-4.0207438468933105,-3.586651563644409,-3.888624668121338,-4.156113147735596,-2.414752721786499,-1.2831510305404663,-1.0363308191299438,-2.474716901779175,-1.4952759742736816,-1.1587419509887695,-1.4242870807647705,-1.4592982530593872,-0.8098745942115784,-0.29647526144981384,-0.9572880268096924,-1.4094876050949097,-0.6896681189537048,-3.020699977874756,-2.400254964828491,0.2702801823616028,-0.16987863183021545
-10.267621040344238,-9.95026683807373,-9.784761428833008,-9.87204647064209,-9.532748222351074,-8.837254524230957,-8.759133338928223,-8.4310884475708,-8.269325256347656,-7.096938610076904,-6.38855504989624,-6.184626579284668,-6.044503211975098,-5.650787830352783,-5.2929277420043945,-5.362055778503418,-5.700804233551025,-5.825120449066162,-6.07523775100708,-6.550174236297607,-6.506767749786377,-6.1401896476745605,-5.988892555236816,-5.700146675109863,-4.631259441375732,-4.654110431671143,-4.882784366607666,-3.658287763595581,-3.0261735916137695,-2.9303433895111084,-3.564967393875122,-2.652406930923462,-1.5674126148223877,-3.432835340499878,-2.927345037460327,-2.5043511390686035,-1.828028917312622,-3.0312278270721436,-2.362466335296631,-4.570489406585693,-7.534842014312744,-4.558217525482178,-0.8909209966659546,-2.1869561672210693
-11.275267601013184,-10.800695419311523,-10.621256828308105,-10.73285961151123,-10.478334426879883,-10.147536277770996,-9.893505096435547,-9.488993644714355,-8.95102310180664,-7.9829630851745605,-7.2104339599609375,-7.0003485679626465,-6.4865546226501465,-5.8984222412109375,-5.575281620025635,-5.5652337074279785,-5.7722086906433105,-6.1812567710876465,-6.629684925079346,-7.10082483291626,-7.228917598724365,-7.05369234085083,-6.797865390777588,-6.764246463775635,-6.7228102684021,-6.289510726928711,-5.889523029327393,-5.455965042114258,-4.31101655960083,-4.1204833984375,-3.784508466720581,-3.6549863815307617,-3.077587127685547,-5.790199279785156,-4.39567232131958,-3.429203748703003,-2.898311138153076,-4.634182453155518,-1.6037458181381226,-3.859463691711426,-6.952897071838379,-5.073993682861328,-2.7236719131469727,-2.7480759620666504
-11.64814281463623,-11.060503005981445,-11.134900093078613,-11.752068519592285,-12.204560279846191,-11.911561965942383,-11.086857795715332,-10.368122100830078,-9.806146621704102,-9.180835723876953,-8.593280792236328,-7.936283111572266,-7.116385459899902,-6.567156791687012,-6.216403007507324,-5.998404502868652,-6.201580047607422,-6.723480224609375,-7.152551651000977,-7.631288051605225,-7.747974395751953,-7.672168731689453,-7.818465232849121,-7.9213738441467285,-7.658392906188965,-7.459484577178955,-7.060921669006348,-6.3096699714660645,-5.606106758117676,-5.00388240814209,-4.023099422454834,-4.135807514190674,-5.6500654220581055,-6.160235404968262,-4.544691562652588,-3.690396547317505,-4.44309663772583,-4.453585147857666,-2.799607992172241,-0.5780465006828308,-2.689769983291626,-5.700403690338135,-4.681077480316162,-4.448931694030762
-11.869627952575684,-11.143048286437988,-11.37982177734375,-12.399029731750488,-13.138894081115723,-12.838590621948242,-11.862987518310547,-11.180434226989746,-10.863381385803223,-10.51594352722168,-9.970857620239258,-8.957651138305664,-7.959285736083984,-7.310898303985596,-6.843334197998047,-6.74619197845459,-6.983767986297607,-7.358323574066162,-7.580057144165039,-8.11042308807373,-8.347217559814453,-8.196568489074707,-8.198457717895508,-8.666853904724121,-8.872532844543457,-8.387348175048828,-7.636534690856934,-7.065281867980957,-7.033829212188721,-6.361225605010986,-5.662440776824951,-4.752337455749512,-5.712619781494141,-6.599221229553223,-4.161618232727051,-3.595252752304077,-5.6253252029418945,-5.0188374519348145,-5.152218341827393,-3.478740930557251,-4.493437767028809,-5.083062648773193,-6.279956340789795,-5.804464340209961
-12.057374954223633,-11.163473129272461,-10.686485290527344,-11.454941749572754,-12.745464324951172,-13.189197540283203,-12.57133674621582,-11.97546100616455,-11.837928771972656,-11.554875373840332,-10.902229309082031,-9.963846206665039,-9.161733627319336,-8.212381362915039,-7.251767635345459,-7.178946495056152,-7.667786598205566,-8.153335571289062,-8.435504913330078,-8.734877586364746,-8.903417587280273,-8.867366790771484,-8.823556900024414,-9.045016288757324,-9.3092041015625,-8.782559394836426,-8.358126640319824,-8.34342098236084,-8.407157897949219,-7.720739364624023,-6.800520896911621,-6.0545525550842285,-7.117044925689697,-7.315938949584961,-1.3608207702636719,-5.682488441467285,-8.768235206604004,-5.116324424743652,-5.392717361450195,-5.449468612670898,-5.952459335327148,-5.682215690612793,-7.228414535522461,-6.903466701507568
-12.18513011932373,-11.583001136779785,-10.45036792755127,-10.124669075012207,-11.475919723510742,-12.97087287902832,-13.19742488861084,-12.582489013671875,-12.192480087280273,-11.848941802978516,-11.482991218566895,-11.241676330566406,-10.831559181213379,-9.45085334777832,-7.829503059387207,-7.473296642303467,-8.348091125488281,-8.973282814025879,-9.554347038269043,-9.393528938293457,-9.274625778198242,-9.444195747375488,-9.719938278198242,-9.606634140014648,-9.424530029296875,-9.042283058166504,-9.045004844665527,-9.66464614868164,-9.029451370239258,-8.992383003234863,-7.795070648193359,-6.825448989868164,-7.128002643585205,-7.991934776306152,-6.525333881378174,-13.144388198852539,-10.320146560668945,-6.403648376464844,-5.575328826904297,-5.314572811126709,-6.293588161468506,-5.537734031677246,-5.4381937980651855,-5.92877197265625
-11.715888977050781,-11.93878173828125,-10.92587661743164,-9.443116188049316,-10.049142837524414,-12.32496166229248,-13.395873069763184,-12.879283905029297,-12.3128080368042,-12.112192153930664,-12.1537504196167,-12.520464897155762,-12.191618919372559,-10.722658157348633,-9.448938369750977,-8.096872329711914,-9.443719863891602,-9.703434944152832,-10.337976455688477,-9.784168243408203,-10.0265531539917,-10.202170372009277,-10.646366119384766,-10.177841186523438,-9.634856224060059,-9.508199691772461,-9.939562797546387,-9.423945426940918,-9.540928840637207,-9.352791786193848,-8.401946067810059,-7.0931010246276855,-6.8707709312438965,-6.701448917388916,-3.342151641845703,-5.17690896987915,-6.819052219390869,-6.240716934204102,-6.61392068862915,-5.139142990112305,-6.011178970336914,-5.858150482177734,-5.8800740242004395,-6.3221755027771
-11.108955383300781,-11.757466316223145,-11.502090454101562,-9.852313041687012,-9.132575988769531,-11.298914909362793,-13.292913436889648,-13.109572410583496,-12.447541236877441,-12.315659523010254,-12.508251190185547,-12.882548332214355,-12.988506317138672,-11.340153694152832,-12.113936424255371,-9.395517349243164,-10.438956260681152,-10.41514778137207,-10.5813570022583,-9.91528034210205,-10.85903263092041,-10.734917640686035,-10.916999816894531,-10.203160285949707,-10.389056205749512,-10.40289306640625,-9.333840370178223,-9.67333698272705,-9.668190956115723,-9.254229545593262,-8.886011123657227,-7.607140064239502,-7.486182689666748,-5.728837966918945,-6.5761308670043945,-6.08463716506958,-6.140310764312744,-6.372471809387207,-6.160147190093994,-5.5531535148620605,-6.379836559295654,-7.206827163696289,-8.560924530029297,-9.251463890075684
-10.95600700378418,-11.11609172821045,-11.421329498291016,-10.536628723144531,-8.704572677612305,-9.999757766723633,-12.925103187561035,-13.421035766601562,-12.658116340637207,-12.140087127685547,-12.277369499206543,-12.190847396850586,-12.072633743286133,-12.81153392791748,-13.062789916992188,-10.963515281677246,-10.984339714050293,-11.016816139221191,-10.634312629699707,-10.361613273620605,-11.061756134033203,-11.215587615966797,-11.3411283493042,-9.809115409851074,-10.021431922912598,-12.058578491210938,-10.169425010681152,-10.174612998962402,-9.406525611877441,-9.833391189575195,-9.281536102294922,-9.553497314453125,-8.76975154876709,-8.903425216674805,-7.204005241394043,-6.715415000915527,-6.239537239074707,-6.730677604675293,-6.855760097503662,-6.811403751373291,-7.521290302276611,-8.691941261291504,-10.275948524475098,-11.682929039001465
-10.778579711914062,-10.504247665405273,-10.823748588562012,-10.76457405090332,-9.302998542785645,-9.299391746520996,-11.855513572692871,-13.223002433776855,-12.616215705871582,-11.597542762756348,-12.06619644165039,-12.164705276489258,-11.632162094116211,-11.398577690124512,-11.578572273254395,-11.130144119262695,-11.838677406311035,-11.522055625915527,-11.070877075195312,-10.132259368896484,-11.242082595825195,-11.730923652648926,-13.046963691711426,-13.027447700500488,-13.768616676330566,-16.099666595458984,-10.774648666381836,-10.221327781677246,-9.774230003356934,-10.240203857421875,-9.671987533569336,-10.116323471069336,-10.258071899414062,-9.71899700164795,-8.765830039978027,-8.066713333129883,-7.540963649749756,-7.635727882385254,-7.741137504577637,-8.170804023742676,-8.979098320007324,-9.371700286865234,-10.085394859313965,-11.873516082763672
