data/wind_data/wind_Surface_29.json
{"header": {"parameterUnit": "KT", "parameterCategory": 2, "nx": 255, "ny": 198, "lo1": 44.73521041870117, "la1": -3.236724853515625, "lo2": 111.26478576660156, "la2": 43.468475341796875, "dx": 0.26192745566368103, "dy": -0.23708222806453705, "refTime": "2025-02-20 05:00:00", "forecastTime": 0, "parameterNumber": 2, "parameterNumberName": "eastward_wind"}, "data":
[rows 114 to 132 of 198, columns 129 to 171 of 255]
-3.6659932136535645,-4.926119327545166,-5.787397861480713,-6.951596736907959,-8.067306518554688,-7.823125839233398,-6.9617486000061035,-6.569995880126953,-6.645227909088135,-6.791143894195557,-6.4901628494262695,-5.8622727394104,-4.946813106536865,-5.028326034545898,-5.792370796203613,-5.986932277679443,-6.098883152008057,-5.931644916534424,-5.748674392700195,-5.535478591918945,-5.265047073364258,-5.1894145011901855,-5.179568290710449,-5.183192729949951,-5.056977272033691,-4.5962982177734375,-4.37447452545166,-4.925034999847412,-5.972230911254883,-6.753777503967285,-7.11438512802124,-7.244517803192139,-7.422677516937256,-7.372621059417725,-7.193877220153809,-7.3837761878967285,-7.907100677490234,-8.418278694152832,-8.814640045166016,-8.694151878356934,-8.419473648071289,-7.9153618812561035,-7.037766456604004
-4.8964433670043945,-5.848752975463867,-6.415400981903076,-7.6978607177734375,-8.418767929077148,-7.863788604736328,-7.172146320343018,-6.914483070373535,-6.818135738372803,-6.656892776489258,-6.1986918449401855,-5.462234020233154,-4.902246952056885,-4.880575656890869,-5.2262749671936035,-5.523070812225342,-5.551468849182129,-5.342287063598633,-5.141526222229004,-4.824754238128662,-4.399606704711914,-4.116860866546631,-4.0146403312683105,-4.0351409912109375,-4.126458644866943,-4.230472087860107,-4.688310146331787,-5.914316177368164,-7.184373378753662,-8.088631629943848,-8.695104598999023,-8.68814754486084,-9.011666297912598,-9.11388874053955,-9.0841646194458,-9.522692680358887,-10.291608810424805,-11.06694507598877,-11.07450008392334,-10.883281707763672,-10.918678283691406,-10.926163673400879,-10.795705795288086
-6.094266414642334,-6.226827144622803,-6.661956310272217,-7.8694305419921875,-8.591316223144531,-8.180288314819336,-7.709134578704834,-7.556052207946777,-7.255121231079102,-6.745096683502197,-6.03586483001709,-5.303170204162598,-4.880189895629883,-4.730520725250244,-4.776948928833008,-4.950533390045166,-4.989429473876953,-4.86194372177124,-4.627654075622559,-4.349139213562012,-4.148592472076416,-3.9603426456451416,-3.9027786254882812,-4.044101715087891,-4.457846164703369,-5.164530277252197,-6.1617841720581055,-7.483175754547119,-8.831877708435059,-9.852693557739258,-10.250690460205078,-10.314698219299316,-9.962727546691895,-9.609697341918945,-9.265700340270996,-9.561402320861816,-10.096267700195312,-10.682609558105469,-11.473740577697754,-11.780460357666016,-12.260478973388672,-12.620698928833008,-12.627253532409668
-6.4208855628967285,-6.863615036010742,-7.016355514526367,-7.739648342132568,-8.248305320739746,-8.03161907196045,-7.656943321228027,-7.4876813888549805,-7.131655216217041,-6.529964923858643,-5.948606967926025,-5.451889514923096,-5.010156631469727,-4.619760513305664,-4.411864280700684,-4.532225131988525,-4.83735466003418,-4.973445415496826,-4.758702754974365,-4.560599327087402,-4.548879146575928,-4.434628486633301,-4.602090358734131,-5.196632385253906,-5.987232685089111,-6.76806640625,-7.713123321533203,-8.74498176574707,-9.451116561889648,-9.987314224243164,-10.144455909729004,-9.455672264099121,-9.179287910461426,-9.211136817932129,-9.586478233337402,-9.827749252319336,-10.119952201843262,-10.1746244430542,-10.424909591674805,-11.429557800292969,-12.245285034179688,-13.102083206176758,-13.309612274169922
-7.085088729858398,-7.754319190979004,-7.79444694519043,-7.605469226837158,-7.457458972930908,-7.304974555969238,-7.116646766662598,-7.006654739379883,-6.599582195281982,-5.976992130279541,-5.637120246887207,-5.556005001068115,-5.475122928619385,-5.413032531738281,-5.457642078399658,-5.6493821144104,-5.898530006408691,-5.9750752449035645,-5.862195014953613,-5.8568339347839355,-5.756305694580078,-5.403698444366455,-5.609865188598633,-6.488269805908203,-7.526723384857178,-8.288212776184082,-8.64146614074707,-8.826476097106934,-8.99996280670166,-9.663540840148926,-10.585651397705078,-10.31387996673584,-9.416358947753906,-9.057358741760254,-9.576716423034668,-9.902424812316895,-9.989458084106445,-9.819419860839844,-8.654558181762695,-8.036163330078125,-8.309623718261719,-8.417722702026367,-9.064202308654785
-6.9379706382751465,-8.039039611816406,-8.362212181091309,-8.240157127380371,-7.732114791870117,-7.235881328582764,-6.952345848083496,-6.848837852478027,-6.52971887588501,-6.027336597442627,-5.843254089355469,-6.098318099975586,-6.490830421447754,-6.789393424987793,-6.967456817626953,-7.0507097244262695,-7.0073065757751465,-6.772843837738037,-6.456336498260498,-6.330941677093506,-6.261257171630859,-6.3215837478637695,-7.0070319175720215,-8.137928009033203,-9.129386901855469,-9.217138290405273,-8.60133171081543,-8.2622652053833,-8.034211158752441,-7.8300395011901855,-8.17439079284668,-7.611661911010742,-6.0618510246276855,-4.800154209136963,-4.2039475440979,-3.4628946781158447,-3.655066967010498,-4.4382452964782715,-4.234977722167969,-2.5359947681427,-1.085045576095581,0.5664033889770508,-0.062180470675230026
-6.186890125274658,-7.2240166664123535,-8.084041595458984,-8.392590522766113,-7.802184581756592,-7.137110710144043,-7.148123741149902,-7.411185264587402,-7.172173023223877,-6.6009416580200195,-6.430727481842041,-6.798237323760986,-7.252062797546387,-7.54774808883667,-7.710004806518555,-7.75719690322876,-7.716904163360596,-7.558994770050049,-7.173129558563232,-6.4738030433654785,-5.671112537384033,-5.7135748863220215,-7.2798261642456055,-8.861231803894043,-8.944947242736816,-7.6572585105896,-5.938488483428955,-5.86805534362793,-4.752143859863281,-3.2283952236175537,-2.1202385425567627,-2.29197359085083,-2.383347749710083,-1.4713698625564575,-0.4416976571083069,2.4314393997192383,1.1521118879318237,-2.28488826751709,-0.9381025433540344,2.1485276222229004,3.5411808490753174,4.557383060455322,5.183475971221924
-5.931243419647217,-6.194145679473877,-7.263998031616211,-7.789306163787842,-7.805963516235352,-7.454861640930176,-7.529083728790283,-7.739267349243164,-7.653559684753418,-6.999181747436523,-6.150326251983643,-5.780475616455078,-6.038878440856934,-6.405969142913818,-6.794477462768555,-7.183891296386719,-7.289859294891357,-7.272327899932861,-7.471835136413574,-7.636358737945557,-6.668306827545166,-4.893653869628906,-4.067232131958008,-3.740741729736328,-3.446105718612671,-2.3695502281188965,-1.6285216808319092,-1.1156611442565918,0.3586407005786896,2.3150525093078613,4.339205265045166,5.335528373718262,1.0263152122497559,-0.31003403663635254,1.1741034984588623,5.6897478103637695,7.859903335571289,1.0428466796875,-0.004933458287268877,4.4511919021606445,8.234004974365234,11.151975631713867,10.384613990783691
-5.761135578155518,-6.184560298919678,-7.508086681365967,-8.413250923156738,-8.531628608703613,-8.482012748718262,-8.503186225891113,-8.403414726257324,-7.94613790512085,-6.785715579986572,-5.312994480133057,-4.399593353271484,-4.4342193603515625,-5.207446575164795,-5.82255744934082,-6.0179009437561035,-5.872060298919678,-5.639455318450928,-5.6436262130737305,-6.3993401527404785,-6.684223175048828,-5.155404090881348,-3.1533331871032715,-0.051089394837617874,2.526667594909668,3.0630671977996826,2.2550933361053467,2.5977323055267334,3.9665119647979736,6.506300449371338,9.552350044250488,12.028380393981934,9.1482515335083,2.6951072216033936,0.7633962631225586,3.5803794860839844,10.05590534210205,7.575374126434326,1.0434927940368652,1.0217262506484985,9.041868209838867,10.928668975830078,1.6030807495117188
-6.8424224853515625,-7.860212802886963,-9.086005210876465,-9.769331932067871,-9.327951431274414,-8.71083927154541,-8.422398567199707,-8.387701988220215,-7.904839038848877,-6.556732654571533,-4.627418518066406,-3.083911657333374,-2.8225975036621094,-3.375450849533081,-3.6769816875457764,-3.3772928714752197,-2.316833257675171,-1.244606852531433,-0.9346570372581482,-2.1561481952667236,-3.701725959777832,-4.0690107345581055,-2.673001766204834,-0.3395102620124817,2.3315930366516113,4.041510581970215,3.5634779930114746,2.963069200515747,4.555635929107666,8.106822967529297,11.185226440429688,13.64189338684082,16.114015579223633,8.631150245666504,1.051061749458313,1.475418210029602,10.778520584106445,15.649727821350098,6.096107006072998,0.9048877358436584,6.8733720779418945,11.072921752929688,-0.563922107219696
-8.37714958190918,-9.249838829040527,-9.957374572753906,-10.007342338562012,-9.31039810180664,-8.548579216003418,-8.352505683898926,-8.217763900756836,-7.0871195793151855,-5.65027379989624,-4.08577299118042,-2.4644837379455566,-0.9623979926109314,0.4058800935745239,1.8264572620391846,2.6908249855041504,2.709581136703491,3.0019772052764893,3.0573525428771973,1.4326783418655396,-2.697727680206299,-3.629589080810547,-0.917709469795227,0.21107907593250275,1.1645852327346802,2.4204158782958984,4.07667875289917,5.942602157592773,6.700610637664795,7.0185160636901855,9.80488109588623,13.302055358886719,17.488239288330078,16.249595642089844,8.866318702697754,5.965528964996338,10.185161590576172,16.22327423095703,17.317598342895508,14.88927173614502,12.86100959777832,12.329140663146973,8.6596040725708
-7.6869282722473145,-8.060694694519043,-7.746854782104492,-7.6510162353515625,-7.722284317016602,-7.568148136138916,-7.548100471496582,-7.225853443145752,-6.903402805328369,-6.105109214782715,-5.69691801071167,-3.9783294200897217,-1.5819907188415527,0.7952200770378113,3.578648328781128,5.539516448974609,7.619441509246826,7.563486576080322,4.2998046875,3.0080223083496094,0.8856402635574341,-0.6360982656478882,0.8895460963249207,2.2342419624328613,3.2254035472869873,3.365809440612793,4.107147693634033,7.392757415771484,11.60277271270752,11.739754676818848,13.131516456604004,15.906588554382324,17.461355209350586,18.782730102539062,17.472074508666992,15.013703346252441,13.886090278625488,14.48895263671875,15.713011741638184,15.72109317779541,16.977861404418945,17.085636138916016,16.99325180053711
-9.401074409484863,-8.645792961120605,-7.083922863006592,-5.2506513595581055,-4.250804424285889,-4.752677917480469,-5.167476177215576,-5.630775451660156,-5.423351287841797,-4.243581771850586,-4.412612438201904,-4.092641830444336,-2.5549347400665283,-0.15323470532894135,2.988008737564087,6.459897041320801,10.231525421142578,10.978405952453613,5.575727462768555,2.850076675415039,4.0227742195129395,4.430866241455078,2.657782793045044,1.7436057329177856,4.5037760734558105,6.189000129699707,5.724737167358398,9.317179679870605,14.154160499572754,17.45177459716797,17.597492218017578,15.527933120727539,14.730240821838379,16.289575576782227,17.82651710510254,18.01356315612793,15.97986125946045,13.553023338317871,14.883028984069824,17.0666446685791,18.43973731994629,18.579700469970703,18.48788070678711
-11.200139999389648,-9.608715057373047,-7.953038692474365,-6.298713684082031,-3.261741876602173,-0.507563054561615,-0.5503905415534973,-3.6179583072662354,-5.916031837463379,-5.026822566986084,-3.7368640899658203,-2.311359167098999,-0.8055981993675232,1.13539457321167,3.165646553039551,6.908334732055664,9.542252540588379,9.228025436401367,8.995429992675781,9.067972183227539,7.855190753936768,9.756622314453125,11.998953819274902,9.455432891845703,6.036739349365234,8.33414363861084,11.16059684753418,12.9381685256958,14.427021980285645,15.468486785888672,15.653754234313965,15.601794242858887,14.9597749710083,14.776972770690918,17.44971466064453,17.97982406616211,16.575326919555664,16.132625579833984,15.24450397491455,15.340014457702637,15.451459884643555,14.787952423095703,14.184542655944824
-12.453710556030273,-10.308826446533203,-8.348189353942871,-8.139113426208496,-7.8437604904174805,-4.1281914710998535,-1.4362155199050903,-3.7845661640167236,-3.5963757038116455,-2.2030158042907715,-1.4028820991516113,0.7131170630455017,0.6647481918334961,0.9117811918258667,2.581766366958618,4.673639297485352,6.43220853805542,7.454243183135986,10.142862319946289,13.950041770935059,14.131230354309082,14.087841033935547,15.514933586120605,15.405885696411133,14.10832691192627,12.154976844787598,8.853002548217773,7.721850395202637,11.377296447753906,15.44588851928711,16.29049301147461,17.870786666870117,16.189958572387695,15.998790740966797,14.6828031539917,12.821538925170898,12.405082702636719,13.086050987243652,13.535634994506836,14.052839279174805,14.444067001342773,13.745940208435059,12.790555000305176
-15.807865142822266,-15.021197319030762,-15.276432037353516,-12.170537948608398,-8.366133689880371,-2.422130584716797,1.2625724077224731,-0.40135663747787476,-3.001155138015747,-4.489335536956787,-2.660174608230591,-0.049921005964279175,0.38961729407310486,0.661188542842865,1.9653780460357666,2.938143491744995,4.108541011810303,6.466629981994629,10.071483612060547,15.206896781921387,17.457263946533203,15.79403018951416,14.695295333862305,14.487394332885742,13.43395709991455,12.765275955200195,11.581488609313965,10.604593276977539,11.327808380126953,13.398009300231934,15.225029945373535,14.947983741760254,12.594520568847656,10.823834419250488,11.175180435180664,12.530776023864746,13.764425277709961,14.154168128967285,13.883499145507812,14.028453826904297,13.693093299865723,12.575492858886719,12.053841590881348
-16.770444869995117,-16.819936752319336,-17.009855270385742,-18.491674423217773,-11.96321964263916,-0.12726148962974548,8.19268798828125,6.809081554412842,-1.2968333959579468,-5.723079204559326,-5.001492977142334,-5.085953235626221,-4.1741623878479,-0.8253664970397949,1.0999186038970947,2.240034818649292,5.540595531463623,8.970878601074219,11.987337112426758,15.606172561645508,16.908369064331055,12.069605827331543,8.34135913848877,8.863316535949707,10.246054649353027,11.182280540466309,12.196511268615723,13.189313888549805,13.110735893249512,13.625442504882812,14.605924606323242,13.294144630432129,11.075152397155762,10.705194473266602,12.08067512512207,13.938164710998535,14.434846878051758,12.964417457580566,11.707185745239258,11.4776029586792,11.193395614624023,10.621971130371094,10.741350173950195
-14.683982849121094,-16.76664924621582,-19.642789840698242,-17.764036178588867,-10.976109504699707,2.1608614921569824,12.039443969726562,10.530259132385254,0.6004942655563354,-4.654131889343262,-8.104913711547852,-10.088362693786621,-8.69685173034668,-4.816812038421631,-2.0175607204437256,0.9629738926887512,6.819643497467041,12.235897064208984,13.252601623535156,12.42977523803711,11.634915351867676,9.614490509033203,9.857876777648926,11.583781242370605,13.247112274169922,14.030861854553223,15.451220512390137,15.026504516601562,15.720364570617676,15.05659294128418,16.08378028869629,15.34099006652832,12.540411949157715,12.632080078125,12.417013168334961,12.33338737487793,12.29328727722168,11.50682544708252,11.050067901611328,10.794612884521484,9.131175994873047,7.141192436218262,7.384448528289795
-19.84931182861328,-20.398113250732422,-20.031143188476562,-16.401805877685547,-10.31235122680664,1.4150892496109009,10.461433410644531,6.525054931640625,0.6757112741470337,-3.8608827590942383,-9.582854270935059,-11.909659385681152,-9.354554176330566,-6.882521629333496,-4.180729866027832,1.594036340713501,9.422883987426758,12.788320541381836,11.562422752380371,8.856522560119629,8.432945251464844,9.395232200622559,11.447235107421875,13.680768966674805,15.206467628479004,17.392017364501953,18.234466552734375,18.0293025970459,16.30694007873535,16.648542404174805,15.689188957214355,13.867237091064453,12.028329849243164,12.629801750183105,12.281820297241211,11.396414756774902,11.616073608398438,12.329924583435059,12.649190902709961,12.185408592224121,11.318161964416504,10.702998161315918,10.286101341247559
