data/wind_data/wind_0_3.json
{"header": {"parameterUnit": "KT", "parameterCategory": 2, "nx": 256, "ny": 198, "lo1": 44.73521041870117, "la1": -3.236724853515625, "lo2": 111.26478576660156, "la2": 43.468475341796875, "dx": 0.2609002888202667, "dy": -0.23708222806453705, "refTime": "2025-02-19 00:00:00", "forecastTime": 0, "parameterNumber": 2, "parameterNumberName": "eastward_wind"}, "data":
[rows 171 to 189 of 198, columns 132 to 175 of 256]
3.88395357131958,4.69308614730835,5.360264301300049,5.7289509773254395,6.0994648933410645,6.652592658996582,7.113814353942871,7.622948169708252,8.369136810302734,8.987273216247559,9.235103607177734,9.240131378173828,9.182267189025879,9.226929664611816,9.174022674560547,8.960814476013184,8.629295349121094,8.24631404876709,7.865467071533203,7.6479363441467285,7.7257399559021,8.020752906799316,8.58659553527832,9.479392051696777,10.384660720825195,11.086808204650879,11.606735229492188,12.162253379821777,14.202336311340332,15.848702430725098,15.654019355773926,14.677054405212402,14.899840354919434,21.30186653137207,29.232263565063477,31.324941635131836,28.909303665161133,24.91715431213379,22.401409149169922,25.477294921875,23.665456771850586,17.129722595214844,16.13216209411621,15.946330070495605
5.2647833824157715,5.923510551452637,6.425787925720215,6.8621602058410645,7.477902889251709,8.042706489562988,8.26601791381836,8.657225608825684,9.18588924407959,9.200177192687988,8.708627700805664,8.228757858276367,8.028243064880371,7.979422569274902,7.846534729003906,7.653049945831299,7.355060577392578,7.001697063446045,6.677635669708252,6.335200309753418,6.035691738128662,5.979723930358887,6.354038715362549,7.232354164123535,8.32421875,9.248324394226074,10.231465339660645,11.542399406433105,13.08288860321045,15.265983581542969,16.054014205932617,14.443206787109375,13.583147048950195,17.99823570251465,23.087757110595703,31.984378814697266,38.23834228515625,39.440982818603516,40.78145980834961,42.62617111206055,39.27602005004883,27.26610565185547,21.169034957885742,24.0881404876709
6.402225971221924,7.151701927185059,7.793642044067383,8.396317481994629,9.049834251403809,9.366299629211426,9.38735580444336,9.5637845993042,8.857422828674316,7.804815769195557,7.252146244049072,7.164936065673828,7.280584335327148,7.28082275390625,7.19749641418457,7.004189968109131,6.6275153160095215,6.155719757080078,5.766391754150391,5.229119777679443,4.65233039855957,4.527329444885254,4.931384086608887,5.780049800872803,6.926908016204834,8.06948471069336,9.168965339660645,10.416173934936523,11.881531715393066,13.854188919067383,16.237411499023438,17.327421188354492,16.362831115722656,16.63271141052246,20.59362030029297,24.99931526184082,27.559965133666992,26.916780471801758,27.360851287841797,31.5933837890625,36.08417510986328,35.558189392089844,33.15928268432617,35.145809173583984
7.658073902130127,8.430607795715332,9.116999626159668,9.701961517333984,10.071260452270508,10.023429870605469,9.820270538330078,8.914216041564941,7.360933303833008,6.544201374053955,6.549746036529541,6.8680419921875,6.973653316497803,6.77663516998291,6.430623531341553,6.161121368408203,5.922415256500244,5.712823867797852,5.591779708862305,5.352651596069336,4.931499481201172,4.664809703826904,4.755790710449219,5.194432735443115,5.869407653808594,6.624383449554443,7.319294452667236,8.398194313049316,9.810107231140137,11.583370208740234,13.530564308166504,14.747788429260254,14.357719421386719,12.926326751708984,12.614299774169922,16.21992301940918,18.97391700744629,19.283794403076172,19.723289489746094,22.428159713745117,26.442138671875,29.348302841186523,29.470428466796875,29.4487247467041
8.834367752075195,9.419549942016602,9.996728897094727,10.347792625427246,10.288034439086914,9.83100414276123,9.065954208374023,7.607713222503662,6.316625595092773,6.096718788146973,6.491766929626465,6.746994972229004,6.582507133483887,6.203408241271973,5.834438800811768,5.65934419631958,5.609827041625977,5.461745738983154,5.10022497177124,4.508067607879639,3.8111448287963867,3.2718214988708496,3.0871267318725586,3.2514123916625977,3.6076149940490723,4.1407294273376465,4.793137550354004,5.7952070236206055,7.147558212280273,8.6982421875,10.167669296264648,11.076812744140625,11.160405158996582,10.418030738830566,9.53659439086914,10.381769180297852,12.34556770324707,14.623346328735352,15.32361125946045,15.445137023925781,18.693538665771484,22.297990798950195,24.855817794799805,25.939542770385742
9.609859466552734,9.923534393310547,10.303832054138184,10.396624565124512,9.992148399353027,9.118216514587402,7.9429707527160645,6.6233906745910645,5.993809223175049,6.236884593963623,6.63565731048584,6.598208427429199,6.2111382484436035,5.868561744689941,5.754446983337402,5.8157525062561035,5.828011512756348,5.482198715209961,4.732363224029541,3.717074155807495,2.7338013648986816,2.0744924545288086,1.8137582540512085,1.8202792406082153,1.9778190851211548,2.313572883605957,2.788055658340454,3.386845588684082,4.256219863891602,5.29540491104126,6.4115729331970215,7.304215431213379,7.87809419631958,8.276959419250488,8.53965950012207,8.96155834197998,10.384601593017578,13.01759147644043,14.87101936340332,15.133550643920898,16.039731979370117,20.004098892211914,23.213836669921875,25.20809555053711
10.007609367370605,10.021014213562012,10.076991081237793,9.800710678100586,9.06928539276123,8.070542335510254,7.193902969360352,6.384212493896484,6.153654098510742,6.552474498748779,6.694606781005859,6.418368816375732,6.095022678375244,6.0406389236450195,6.271169185638428,6.556204319000244,6.5085883140563965,5.93271017074585,5.054553985595703,4.05649471282959,3.102292537689209,2.526613712310791,2.3603079319000244,2.355898380279541,2.391188383102417,2.4337007999420166,2.434331178665161,2.4388256072998047,2.6232972145080566,3.0341954231262207,3.760133743286133,4.626620292663574,5.48259973526001,6.539556980133057,7.85699462890625,9.117380142211914,10.278499603271484,11.675418853759766,13.086935043334961,14.228608131408691,15.064398765563965,16.43092155456543,18.319934844970703,19.634145736694336
10.342257499694824,10.154111862182617,9.713607788085938,8.882508277893066,8.047179222106934,7.5800042152404785,7.193680763244629,6.459839344024658,6.375639915466309,6.72226619720459,6.658459186553955,6.444196701049805,6.467010974884033,6.728301525115967,7.141895771026611,7.46126651763916,7.334342002868652,6.717877388000488,6.018647193908691,5.409310340881348,4.707197189331055,4.104153633117676,3.813634157180786,3.80818772315979,3.8925859928131104,4.010855197906494,4.074752330780029,4.071744441986084,4.174602508544922,4.459080696105957,4.8198089599609375,5.170344352722168,5.48375129699707,5.809882640838623,6.22661018371582,7.112133979797363,8.447783470153809,9.821904182434082,11.039023399353027,11.959769248962402,12.340819358825684,12.658944129943848,13.881153106689453,16.089664459228516
9.252375602722168,8.868054389953613,8.391358375549316,7.841231822967529,7.773728847503662,7.760108947753906,7.009461879730225,6.237025737762451,6.694980621337891,7.038819789886475,6.897252082824707,6.967826843261719,7.270782470703125,7.636270523071289,8.087785720825195,8.365525245666504,8.196246147155762,7.745467662811279,7.449645519256592,7.371241092681885,7.046566486358643,6.4251508712768555,5.923428058624268,5.674689292907715,5.612188339233398,5.63086462020874,5.770411014556885,5.81260871887207,5.763400554656982,5.809158802032471,6.064689636230469,6.503878593444824,6.892515659332275,7.028098106384277,7.113519668579102,7.608648777008057,8.422479629516602,9.194759368896484,9.614356994628906,9.713866233825684,9.549555778503418,9.3275728225708,9.466485977172852,9.514892578125
10.215444564819336,9.342168807983398,8.419778823852539,7.937916278839111,8.338998794555664,8.174483299255371,6.969648361206055,6.664837837219238,7.448163032531738,7.606317520141602,7.588087558746338,7.888904571533203,8.29259967803955,8.82635498046875,9.296274185180664,9.379581451416016,9.19313907623291,9.072184562683105,9.191986083984375,9.456900596618652,9.613819122314453,9.383707046508789,8.87137508392334,8.410937309265137,8.19619083404541,8.05709171295166,8.079557418823242,8.158695220947266,8.074542999267578,8.017450332641602,7.991767883300781,7.934773921966553,8.019416809082031,7.979307651519775,7.95615291595459,8.263398170471191,8.892633438110352,9.500300407409668,9.674076080322266,9.459128379821777,9.128172874450684,9.045708656311035,9.36459732055664,9.479933738708496
11.604486465454102,10.053918838500977,8.906120300292969,8.831979751586914,9.012460708618164,8.13897705078125,7.026442527770996,7.567748546600342,8.388343811035156,8.35576343536377,8.421174049377441,8.81406307220459,9.370301246643066,10.163418769836426,10.583625793457031,10.386711120605469,10.125991821289062,10.186295509338379,10.496417999267578,10.885490417480469,11.44851016998291,11.907630920410156,11.831396102905273,11.433213233947754,11.105490684509277,10.833377838134766,10.561994552612305,10.472977638244629,10.508298873901367,10.474397659301758,10.354596138000488,10.092479705810547,9.840608596801758,9.537633895874023,9.29830265045166,9.256147384643555,9.581437110900879,10.110809326171875,10.212828636169434,9.692438125610352,9.007363319396973,8.901150703430176,9.537148475646973,10.32440185546875
11.306256294250488,10.485795021057129,9.731364250183105,9.764698028564453,9.115875244140625,7.645425319671631,7.262306213378906,8.5984525680542,9.20361328125,9.00477123260498,9.104338645935059,9.631315231323242,10.546049118041992,11.519880294799805,11.654343605041504,11.148048400878906,10.785511016845703,10.789949417114258,11.066362380981445,11.507671356201172,12.25498104095459,13.234955787658691,13.90666389465332,14.024338722229004,13.792190551757812,13.413898468017578,12.827380180358887,12.378509521484375,12.389993667602539,12.365747451782227,12.379817008972168,12.41617202758789,12.120916366577148,11.624370574951172,11.104206085205078,10.618362426757812,10.429852485656738,10.669034957885742,10.560323715209961,9.646183013916016,8.457845687866211,7.966935634613037,8.530177116394043,9.580155372619629
9.2227201461792,9.320655822753906,10.011642456054688,9.579791069030762,8.518446922302246,7.338719367980957,7.93757438659668,9.383044242858887,9.419960975646973,9.20552921295166,9.637527465820312,10.660197257995605,12.034398078918457,12.814021110534668,12.320453643798828,11.526270866394043,11.142394065856934,10.994111061096191,11.155241012573242,11.70165729522705,12.302297592163086,13.124917984008789,14.386068344116211,15.489259719848633,15.84050464630127,15.43721866607666,14.759186744689941,13.953256607055664,13.360058784484863,13.151851654052734,13.192770957946777,13.40174674987793,13.368643760681152,13.008452415466309,12.586081504821777,12.154550552368164,11.716214179992676,11.422694206237793,10.83735466003418,9.824630737304688,8.709501266479492,8.077176094055176,8.334756851196289,8.82055377960205
8.592325210571289,8.490033149719238,8.329172134399414,8.100128173828125,7.557087421417236,7.502811431884766,8.742684364318848,9.663712501525879,9.697320938110352,9.89426040649414,10.874114990234375,12.522494316101074,13.776504516601562,13.600137710571289,12.73646354675293,12.107365608215332,11.690801620483398,11.349449157714844,11.202022552490234,11.35312557220459,11.832266807556152,12.538454055786133,13.537698745727539,14.743891716003418,15.8018159866333,16.31458282470703,16.162281036376953,15.58876895904541,14.978824615478516,14.503547668457031,14.23548698425293,14.192512512207031,14.296703338623047,14.515777587890625,14.554659843444824,14.103012084960938,13.197558403015137,12.14016342163086,11.240961074829102,10.566872596740723,9.87283706665039,9.22805118560791,8.857836723327637,8.801368713378906
5.244248867034912,5.835239410400391,6.864607810974121,8.087384223937988,8.333313941955566,8.880084037780762,9.757204055786133,10.388551712036133,10.856700897216797,11.584549903869629,12.982931137084961,14.311272621154785,14.457038879394531,13.452396392822266,12.465641021728516,11.902484893798828,11.495460510253906,11.20743465423584,11.079621315002441,11.110367774963379,11.1959228515625,11.440173149108887,12.042961120605469,12.948566436767578,14.111928939819336,15.253952026367188,15.94981861114502,16.182191848754883,16.135093688964844,16.025131225585938,15.909339904785156,15.918386459350586,16.448720932006836,17.25015640258789,17.340057373046875,16.610746383666992,15.361207008361816,13.695337295532227,12.533012390136719,12.03421688079834,12.347055435180664,12.606138229370117,11.27719783782959,9.813751220703125
3.7820897102355957,4.564666748046875,6.074569225311279,7.708430767059326,8.548584938049316,9.625040054321289,10.280065536499023,11.440631866455078,12.716373443603516,13.753168106079102,15.010577201843262,15.405502319335938,14.522496223449707,13.261256217956543,12.321999549865723,11.736016273498535,11.448918342590332,11.38202953338623,11.39859676361084,11.432048797607422,11.29964542388916,11.144762992858887,11.19304084777832,11.621880531311035,12.61348819732666,13.904502868652344,14.972495079040527,15.82957649230957,16.526826858520508,17.25215721130371,18.018320083618164,19.03940773010254,19.645462036132812,19.9616756439209,19.717262268066406,18.991352081298828,17.417816162109375,15.717952728271484,14.232467651367188,13.708894729614258,14.733247756958008,15.035299301147461,13.069939613342285,10.441965103149414
4.779890060424805,3.8019464015960693,5.636282444000244,6.76225471496582,5.547765731811523,5.941651821136475,7.994607925415039,10.753307342529297,12.793142318725586,13.856834411621094,14.691976547241211,14.961928367614746,14.494247436523438,13.713898658752441,12.823001861572266,12.184422492980957,12.151834487915039,12.389375686645508,12.554076194763184,12.618629455566406,12.563833236694336,12.1712064743042,11.494269371032715,11.338543891906738,12.083560943603516,13.18828010559082,14.231269836425781,15.388688087463379,16.584123611450195,17.77104949951172,19.252683639526367,20.49810028076172,20.806779861450195,20.55889892578125,20.315279006958008,20.080345153808594,18.381242752075195,16.3822078704834,14.114103317260742,12.827463150024414,13.665189743041992,13.930965423583984,12.286797523498535,9.58161735534668
5.56513786315918,4.353848934173584,4.122349262237549,6.643806457519531,4.064555644989014,2.85697078704834,3.648634672164917,6.143698692321777,8.627264022827148,10.469261169433594,12.85086727142334,14.155928611755371,13.966526985168457,13.709183692932129,13.26577377319336,13.221014022827148,13.69791316986084,14.12578010559082,14.419416427612305,14.641134262084961,14.540105819702148,13.571341514587402,11.971872329711914,11.03139591217041,11.836017608642578,13.641185760498047,15.647465705871582,16.471107482910156,16.943185806274414,17.62532615661621,18.651344299316406,18.699932098388672,18.061967849731445,18.287555694580078,18.712474822998047,18.379709243774414,15.790663719177246,12.236519813537598,10.5165433883667,11.0429048538208,11.436699867248535,9.950961112976074,8.37757682800293,6.904659271240234
4.635787010192871,4.025880336761475,4.983582496643066,5.190273761749268,6.852040767669678,4.100978851318359,4.275972843170166,5.587285041809082,4.639419078826904,5.31952428817749,7.636939525604248,9.555241584777832,11.410354614257812,12.63843822479248,13.169331550598145,13.645613670349121,13.903271675109863,13.965766906738281,14.221447944641113,14.337230682373047,14.436054229736328,13.907730102539062,12.423685073852539,11.894777297973633,12.456697463989258,11.720483779907227,11.305944442749023,11.086294174194336,12.331794738769531,13.952727317810059,15.996241569519043,17.361072540283203,17.88511848449707,18.750110626220703,18.57501220703125,15.938006401062012,12.544523239135742,10.830236434936523,10.559785842895508,10.240301132202148,9.078518867492676,6.908105850219727,4.7319183349609375,3.545905351638794
