data/wind_data/wind_25_2.json
{"header": {"parameterUnit": "KT", "parameterCategory": 2, "nx": 256, "ny": 198, "lo1": 44.73521041870117, "la1": -3.236724853515625, "lo2": 111.26478576660156, "la2": 43.468475341796875, "dx": 0.2609002888202667, "dy": -0.23708222806453705, "refTime": "2025-02-20 01:00:00", "forecastTime": 0, "parameterNumber": 2, "parameterNumberName": "eastward_wind"}, "data":
[rows 76 to 94 of 198, columns 0 to 42 of 256]
5.9486403465271,5.468775272369385,3.9996907711029053,1.638639211654663,1.0325332880020142,-0.3373958170413971,-0.8467435240745544,0.12384496629238129,2.0968198776245117,2.8242695331573486,4.3392157554626465,2.6187589168548584,-0.1705254316329956,-3.4016337394714355,-4.600832939147949,-4.275600910186768,-3.7958271503448486,-4.133004188537598,-4.037735462188721,-4.470016002655029,-4.809266090393066,-3.013252019882202,-1.450994610786438,-1.7002887725830078,-1.6566951274871826,-1.727430820465088,-2.090318202972412,-2.431271553039551,-2.390357255935669,-2.097240447998047,-1.8773280382156372,-1.6870498657226562,-0.7487514019012451,0.28213006258010864,0.7212850451469421,0.8940314650535583,0.5663981437683105,-0.20046482980251312,-0.772459864616394,-1.2142542600631714,-1.835756778717041,-2.560049533843994,-3.4352643489837646
7.823813438415527,5.591973781585693,3.892664909362793,1.6541929244995117,0.9279449582099915,-0.5329896807670593,0.0367676317691803,-0.10891903936862946,1.635236382484436,3.327721357345581,3.4880380630493164,2.389977216720581,0.764349102973938,-1.8370360136032104,-3.335371255874634,-4.052035331726074,-3.875263214111328,-4.029041767120361,-4.201219081878662,-4.293371200561523,-4.161345481872559,-3.5145249366760254,-2.7487287521362305,-1.5966095924377441,-0.4140939712524414,-0.4646325707435608,-0.9841660261154175,-0.9797698855400085,-1.099486231803894,-0.9246670603752136,-0.4204983115196228,-0.30411258339881897,-0.39413952827453613,0.16231681406497955,1.9906213283538818,2.4302403926849365,2.1875667572021484,1.688795804977417,1.014643907546997,0.45547348260879517,-0.19408003985881805,-1.1631615161895752,-2.341654062271118
7.7982282638549805,6.123145580291748,3.985661745071411,2.3929927349090576,1.2955394983291626,-0.6986451745033264,0.7364279627799988,1.3592196702957153,2.796412229537964,3.9263830184936523,3.83739972114563,3.391279935836792,1.7143586874008179,0.525078535079956,-1.1787395477294922,-2.3548173904418945,-2.400938034057617,-2.433126211166382,-2.3959038257598877,-2.2677130699157715,-2.473247528076172,-3.1519501209259033,-2.8177413940429688,-2.0720598697662354,-1.5769978761672974,-1.0349491834640503,-0.35989752411842346,0.1534869372844696,0.24472635984420776,0.4537005126476288,0.7585117816925049,0.6482326984405518,0.4569804072380066,0.9449105262756348,1.2826802730560303,1.7914706468582153,2.5065677165985107,1.493275761604309,0.856743335723877,1.2439148426055908,1.105637550354004,0.2609848082065582,-1.2906769514083862
7.043170928955078,7.3900580406188965,4.494736194610596,2.843930244445801,1.6979492902755737,-0.27485907077789307,1.9898525476455688,3.5644259452819824,4.1921706199646,4.496442794799805,6.443715572357178,5.868907451629639,4.638605117797852,3.545060634613037,1.2427408695220947,-0.11884841322898865,-0.22217318415641785,-0.35963544249534607,-1.2446138858795166,-2.265226364135742,-2.734537363052368,-2.874758005142212,-2.3926517963409424,-2.071458578109741,-1.6555143594741821,-1.07804536819458,-0.5212194919586182,-0.2929832637310028,-0.49837854504585266,-1.1516814231872559,-1.6744623184204102,-1.2339801788330078,-0.021593112498521805,0.8454219698905945,0.7657248973846436,1.3624465465545654,1.8513938188552856,1.4350606203079224,0.9217599630355835,0.6587874889373779,0.6493973731994629,0.5185781717300415,-0.45449578762054443
7.203070163726807,6.297420978546143,3.9798121452331543,2.895021915435791,2.6520016193389893,1.3371622562408447,2.801919937133789,3.4480092525482178,4.125329494476318,6.553455352783203,9.333699226379395,7.5249223709106445,6.542369365692139,6.839489936828613,4.702223777770996,2.320690870285034,1.3302513360977173,0.14547400176525116,-1.7123844623565674,-3.10433030128479,-3.0343849658966064,-2.682826519012451,-2.3415822982788086,-2.197005271911621,-2.063793420791626,-3.0312883853912354,-3.531334161758423,-3.164466619491577,-2.991234302520752,-3.541782855987549,-5.331960201263428,-5.034722805023193,-2.5367178916931152,-1.836596965789795,-1.6061216592788696,-0.2527227997779846,0.7022782564163208,1.3427624702453613,0.8776793479919434,0.27722352743148804,-0.45146945118904114,-0.43440794944763184,0.1372339129447937
5.056588172912598,3.9162468910217285,2.356966018676758,2.0831806659698486,3.203881025314331,2.7457985877990723,2.819410800933838,3.0421106815338135,5.094318866729736,8.661291122436523,10.319686889648438,8.624786376953125,6.543673515319824,7.656694412231445,6.756415367126465,3.964111328125,2.1954100131988525,-0.07910861074924469,-2.1585843563079834,-3.0643739700317383,-2.760784387588501,-3.5188159942626953,-5.057826519012451,-4.942592620849609,-5.254093647003174,-6.765377998352051,-6.828917503356934,-5.615006446838379,-4.3531036376953125,-3.507452964782715,-4.78934383392334,-6.576923370361328,-5.2233195304870605,-4.766700267791748,-4.895890712738037,-2.9815871715545654,-1.3601570129394531,-0.4488970637321472,-0.12810462713241577,0.029322154819965363,-1.8742941617965698,-1.4596017599105835,-0.37992793321609497
1.794882893562317,1.2400280237197876,0.13134565949440002,0.1107364222407341,2.4910054206848145,2.7179982662200928,2.580599784851074,2.2806050777435303,3.690164089202881,6.226304531097412,7.983364582061768,7.94995641708374,6.341729164123535,6.686924934387207,6.624118804931641,4.137382984161377,2.1108672618865967,-0.2252485752105713,-1.6363590955734253,-2.366532802581787,-2.5984761714935303,-3.8773412704467773,-6.559886932373047,-7.2679901123046875,-7.129528999328613,-6.91357946395874,-6.294571399688721,-4.811159133911133,-3.215224504470825,-2.364029884338379,-2.096944570541382,-3.725721836090088,-5.130922794342041,-4.759052276611328,-4.448359966278076,-3.7466928958892822,-2.6585357189178467,-1.6929826736450195,-0.8282105922698975,-0.7705278396606445,-1.266471266746521,-1.3903766870498657,-1.108052372932434
1.2253878116607666,-0.14493003487586975,-1.3133083581924438,-0.6082674860954285,2.14605712890625,1.5685985088348389,0.3467440903186798,-0.1508699655532837,0.5043657422065735,1.6064175367355347,3.643308162689209,5.355141639709473,5.460740566253662,5.124728202819824,5.5901994705200195,3.9507672786712646,1.7399014234542847,0.2375606745481491,-0.39252805709838867,-0.8294400572776794,-1.4721680879592896,-3.205158233642578,-5.615424633026123,-6.385891437530518,-6.299502849578857,-5.477060794830322,-4.372138977050781,-3.166893243789673,-2.883125066757202,-3.0865583419799805,-2.1006486415863037,-0.9161580204963684,-1.5142529010772705,-2.7868199348449707,-2.813763380050659,-2.492723226547241,-2.154524087905884,-1.9312539100646973,-1.979017734527588,-1.694096326828003,0.8941660523414612,-0.10119453072547913,-0.4014629125595093
1.900481939315796,-0.41027453541755676,-2.062898635864258,-1.2458821535110474,2.3996388912200928,0.09579819440841675,-1.5745575428009033,-1.8386156558990479,-2.1332554817199707,-2.3398454189300537,-0.7470852732658386,1.7685723304748535,3.5801138877868652,2.966132640838623,3.3952507972717285,3.2037038803100586,1.708296298980713,0.9066800475120544,0.4352090060710907,-0.019920039921998978,-1.67057204246521,-3.7280070781707764,-5.147897243499756,-4.693187713623047,-5.480116844177246,-5.786869049072266,-4.757216453552246,-3.853822708129883,-3.9405784606933594,-4.108200550079346,-3.369469165802002,-1.5250803232192993,0.8503928184509277,0.06793038547039032,-1.4081295728683472,-1.6502931118011475,-1.733069896697998,-2.7587335109710693,-3.567155599594116,-2.1278254985809326,2.035067558288574,1.2551575899124146,0.18640747666358948
2.3774914741516113,-0.18002159893512726,-2.1973118782043457,-2.2369329929351807,0.39070042967796326,-1.4737162590026855,-3.220860242843628,-4.100162029266357,-5.765425682067871,-6.517510890960693,-5.113916873931885,-2.1575052738189697,0.285483717918396,0.048681993037462234,0.11017660051584244,1.4399878978729248,1.6531760692596436,1.041495442390442,0.3101333975791931,-0.5961966514587402,-3.0172905921936035,-3.6038153171539307,-2.649684190750122,-2.786362409591675,-4.76697301864624,-5.5338311195373535,-4.960559844970703,-4.306712627410889,-4.083355903625488,-4.071517467498779,-3.829754590988159,-2.458448648452759,0.47758567333221436,1.6797107458114624,0.6364312171936035,0.02529030293226242,-0.2378988265991211,-2.4997591972351074,-3.6543214321136475,-1.6385964155197144,1.8115100860595703,1.7966967821121216,0.20523999631404877
3.430255651473999,0.6800235509872437,-1.70758056640625,-3.0965659618377686,-3.394387722015381,-3.891230583190918,-5.302157878875732,-6.958828449249268,-9.015581130981445,-9.786927223205566,-8.74838638305664,-6.3598713874816895,-4.03068733215332,-2.983628273010254,-2.5679421424865723,-0.5810045599937439,1.1924021244049072,1.700901746749878,1.3603930473327637,0.7303038239479065,-0.5476658940315247,0.0506739504635334,1.0161710977554321,-0.4405145049095154,-2.799351215362549,-4.053131580352783,-4.145527362823486,-3.9041366577148438,-3.9627060890197754,-4.5112996101379395,-4.473446369171143,-3.3859784603118896,-1.1797316074371338,1.259814739227295,2.4757535457611084,2.613679885864258,2.324201822280884,-0.20048333704471588,-2.3468048572540283,-0.6788801550865173,1.5003293752670288,1.9585692882537842,0.32308250665664673
4.248641490936279,1.2692240476608276,-1.2180596590042114,-3.702094078063965,-6.329339504241943,-6.025684356689453,-6.636335849761963,-8.207271575927734,-9.984363555908203,-11.225238800048828,-11.3593111038208,-10.230615615844727,-8.101823806762695,-6.034286975860596,-4.567890644073486,-2.51855206489563,-0.1555456668138504,1.898483157157898,2.3850789070129395,1.8111552000045776,0.779045820236206,0.33554667234420776,-0.05048909783363342,-1.2638545036315918,-2.4557881355285645,-3.1593403816223145,-3.256352663040161,-3.1420791149139404,-3.5947399139404297,-4.88571834564209,-5.520481586456299,-4.931268215179443,-3.3497138023376465,-0.9061121344566345,1.5903594493865967,2.5731041431427,2.8891232013702393,2.1883981227874756,0.2540205717086792,0.38528117537498474,1.6670047044754028,1.3377857208251953,-0.05614616721868515
4.390604019165039,1.8368158340454102,-0.7661144137382507,-3.6523540019989014,-7.464452266693115,-7.471238136291504,-7.304532051086426,-7.997735977172852,-9.492412567138672,-11.412537574768066,-13.117365837097168,-13.647512435913086,-12.297511100769043,-10.155463218688965,-7.949731349945068,-5.608642578125,-3.280783176422119,-1.2158676385879517,-0.8869611024856567,-1.9770073890686035,-3.6028623580932617,-4.603490829467773,-5.046886920928955,-5.085203647613525,-4.701711177825928,-4.125463962554932,-3.5036118030548096,-3.0603671073913574,-3.580394744873047,-5.027567386627197,-6.211252212524414,-6.408884048461914,-5.5573811531066895,-3.7047677040100098,-1.5851142406463623,-0.024893270805478096,1.3439040184020996,2.0984721183776855,1.4808356761932373,1.4182804822921753,2.268387794494629,1.3334349393844604,-0.09577032178640366
4.314623832702637,1.7397401332855225,-0.8239096403121948,-3.577275037765503,-7.285632610321045,-8.374275207519531,-7.859188556671143,-7.635815143585205,-8.733438491821289,-10.608451843261719,-13.068291664123535,-15.246341705322266,-15.69520092010498,-14.790831565856934,-13.191685676574707,-11.245109558105469,-9.221908569335938,-7.775003910064697,-7.569282054901123,-8.086760520935059,-8.764849662780762,-8.941324234008789,-8.627187728881836,-7.825671195983887,-6.5974626541137695,-5.277266502380371,-4.2763352394104,-3.841846227645874,-4.233121871948242,-5.223075866699219,-6.277608394622803,-6.953372001647949,-6.843050003051758,-5.899027347564697,-4.474542140960693,-2.458270788192749,-0.5776910185813904,0.3502354025840759,0.7709145545959473,1.7022836208343506,2.797736644744873,2.184272527694702,1.412717580795288
3.7742111682891846,1.281538486480713,-1.1326689720153809,-3.823016881942749,-7.29357385635376,-8.265125274658203,-7.82240629196167,-7.289234161376953,-8.300799369812012,-9.770456314086914,-11.749579429626465,-14.07011890411377,-15.660326957702637,-16.37556266784668,-16.225799560546875,-15.49855899810791,-14.18508243560791,-12.879081726074219,-11.94490909576416,-11.347731590270996,-11.1377534866333,-10.837306022644043,-10.17069149017334,-9.301277160644531,-8.030903816223145,-6.40461540222168,-4.999631404876709,-4.4115777015686035,-4.675011157989502,-5.345084190368652,-6.0018463134765625,-6.348393440246582,-6.5337395668029785,-6.589770793914795,-5.863666534423828,-3.9930601119995117,-1.8282198905944824,-0.29550492763519287,0.5797518491744995,1.2042062282562256,2.15024995803833,2.241814613342285,2.316554546356201
1.907199501991272,-0.010408202186226845,-1.9280288219451904,-4.903631687164307,-8.803574562072754,-8.657896995544434,-8.06605339050293,-7.654024124145508,-8.734716415405273,-10.185534477233887,-11.44776439666748,-12.737977027893066,-13.43816089630127,-14.103886604309082,-14.717275619506836,-14.685179710388184,-13.933483123779297,-12.884095191955566,-11.686700820922852,-10.778731346130371,-10.416886329650879,-10.01021957397461,-9.251884460449219,-8.634087562561035,-8.119828224182129,-7.230635643005371,-5.919620037078857,-4.901821613311768,-4.608040809631348,-4.808910369873047,-5.127548694610596,-5.600358486175537,-6.220035076141357,-6.800234794616699,-6.444262504577637,-4.865767955780029,-2.8579647541046143,-1.1805484294891357,0.04436309263110161,0.8016259074211121,1.5140670537948608,1.7339102029800415,1.7514562606811523
-0.4671165347099304,-1.6711281538009644,-3.464630603790283,-6.407310962677002,-9.876962661743164,-8.95417308807373,-8.50992202758789,-8.523543357849121,-9.700154304504395,-11.33959674835205,-12.028280258178711,-12.316736221313477,-12.00428295135498,-11.69398307800293,-11.832473754882812,-11.57680892944336,-11.024510383605957,-10.330446243286133,-9.412996292114258,-8.789449691772461,-8.580601692199707,-8.3336763381958,-7.990110397338867,-7.734428405761719,-7.445644855499268,-7.14201545715332,-6.729531288146973,-5.981369495391846,-5.171637058258057,-4.915319442749023,-5.495788097381592,-6.570187568664551,-7.0675458908081055,-6.938108921051025,-6.141811847686768,-4.924659252166748,-3.8977651596069336,-3.132174253463745,-2.2651689052581787,-1.0761001110076904,0.3438819348812103,1.4181638956069946,1.8939599990844727
-1.0465391874313354,-2.36222767829895,-4.230677604675293,-6.960468769073486,-9.710289001464844,-8.617165565490723,-8.255756378173828,-8.466902732849121,-9.645071029663086,-11.349563598632812,-11.871397972106934,-11.78028678894043,-11.394105911254883,-10.829405784606934,-10.388707160949707,-10.002102851867676,-9.5798978805542,-8.926155090332031,-8.205673217773438,-7.854808807373047,-8.032817840576172,-8.591179847717285,-9.222217559814453,-9.455695152282715,-9.07883071899414,-8.757113456726074,-8.62651252746582,-8.025856971740723,-7.254186153411865,-7.3207573890686035,-8.285116195678711,-9.106853485107422,-8.334105491638184,-7.042428016662598,-6.207102298736572,-5.695874214172363,-4.998128414154053,-4.002398490905762,-3.0296106338500977,-1.990706205368042,-0.7024210095405579,0.6186289191246033,1.940933108329773
-0.18451817333698273,-1.9547066688537598,-3.699659585952759,-5.473754405975342,-7.7083916664123535,-6.791616439819336,-7.149147033691406,-7.73196268081665,-8.728273391723633,-10.204388618469238,-11.184164047241211,-11.459748268127441,-11.179615020751953,-10.535396575927734,-9.755812644958496,-9.297261238098145,-9.049144744873047,-8.69217300415039,-8.329461097717285,-8.172150611877441,-8.61679744720459,-9.734740257263184,-10.98813247680664,-11.87441349029541,-12.069501876831055,-11.759523391723633,-11.276494979858398,-10.818943977355957,-10.721917152404785,-11.03049373626709,-11.646721839904785,-11.701250076293945,-9.992183685302734,-8.215075492858887,-7.664599418640137,-7.358546733856201,-6.611120700836182,-5.577154159545898,-4.430376052856445,-3.3286349773406982,-2.288078546524048,-0.9556163549423218,1.1910325288772583
