data/wind_data/wind_28_2.json
{"header": {"parameterUnit": "KT", "parameterCategory": 2, "nx": 256, "ny": 198, "lo1": 44.73521041870117, "la1": -3.236724853515625, "lo2": 111.26478576660156, "la2": 43.468475341796875, "dx": 0.2609002888202667, "dy": -0.23708222806453705, "refTime": "2025-02-20 04:00:00", "forecastTime": 0, "parameterNumber": 2, "parameterNumberName": "eastward_wind"}, "data":
[rows 38 to 56 of 198, columns 129 to 171 of 256]
-2.375903367996216,-3.031062602996826,-2.836437463760376,-2.2964539527893066,0.46021634340286255,4.3866963386535645,4.569983005523682,3.607018232345581,-0.7079784274101257,0.5537587404251099,1.4258980751037598,-3.7417280673980713,-6.422703742980957,-5.807824611663818,-8.016470909118652,-6.014231204986572,-6.593323707580566,-9.95233154296875,-8.544987678527832,-9.811279296875,-10.286706924438477,-9.518540382385254,-9.303533554077148,-12.566122055053711,-14.093379020690918,-13.433557510375977,-12.740679740905762,-12.510833740234375,-12.153491020202637,-10.034008979797363,-9.937906265258789,-13.39667797088623,-14.11107063293457,-13.17245101928711,-14.081710815429688,-13.303300857543945,-13.41137981414795,-14.286935806274414,-13.309288024902344,-12.471718788146973,-13.503497123718262,-13.933181762695312,-12.119126319885254
-3.9745147228240967,-3.6964211463928223,-3.066227674484253,-2.6434333324432373,-1.014266014099121,2.0310983657836914,2.2545268535614014,1.6429359912872314,-2.971039295196533,-6.106470584869385,-4.548550128936768,-5.227660655975342,-6.053679466247559,-4.460132122039795,-6.250421524047852,-6.330585956573486,-4.736642837524414,-9.579407691955566,-8.573205947875977,-9.893728256225586,-11.041787147521973,-9.847172737121582,-9.003602981567383,-11.073582649230957,-11.710322380065918,-11.1910400390625,-10.785964012145996,-11.034804344177246,-12.935211181640625,-12.535384178161621,-10.887977600097656,-12.315757751464844,-14.138106346130371,-13.98550796508789,-12.552745819091797,-12.977224349975586,-16.179197311401367,-16.91753387451172,-14.308415412902832,-12.155396461486816,-12.880465507507324,-14.60672378540039,-14.69865608215332
-4.496329307556152,-4.020142555236816,-2.63478422164917,-2.752185583114624,-2.1679608821868896,-1.6081066131591797,-1.813240647315979,-1.6976431608200073,-1.2713439464569092,-3.0833752155303955,-5.803813457489014,-9.438433647155762,-6.708636283874512,-2.600557327270508,-5.426503658294678,-5.755347728729248,-6.000072956085205,-6.518113136291504,-8.375926971435547,-9.591153144836426,-11.75294017791748,-9.68083381652832,-8.561002731323242,-9.142592430114746,-9.12952995300293,-10.269465446472168,-10.481891632080078,-9.479277610778809,-12.238621711730957,-14.580196380615234,-13.463159561157227,-10.539109230041504,-12.273441314697266,-14.181551933288574,-13.505047798156738,-15.582754135131836,-17.890111923217773,-16.360454559326172,-14.17547607421875,-13.788286209106445,-13.975176811218262,-14.068854331970215,-15.686996459960938
-4.007556438446045,-3.2438387870788574,-2.326458692550659,-2.0359559059143066,-2.375751495361328,-2.9151134490966797,-2.951761484146118,-1.811628818511963,-0.8487384915351868,-5.568037509918213,-9.50782299041748,-8.000210762023926,-5.669373512268066,-2.01535964012146,-3.332918882369995,-4.7369561195373535,-8.188417434692383,-6.199267387390137,-8.631630897521973,-9.287524223327637,-10.31432056427002,-9.357760429382324,-9.880762100219727,-8.119295120239258,-7.568495750427246,-10.472748756408691,-10.094736099243164,-9.756195068359375,-10.892282485961914,-12.763840675354004,-13.94581127166748,-11.64932632446289,-10.567137718200684,-14.167181015014648,-15.570551872253418,-15.959856986999512,-15.874990463256836,-14.244318962097168,-13.844315528869629,-15.941011428833008,-16.47393798828125,-14.507726669311523,-13.867537498474121
-2.190330982208252,-3.2840402126312256,-3.4400737285614014,-3.274014472961426,-3.3916380405426025,-3.661355495452881,-3.6997220516204834,-2.510866403579712,-4.080854892730713,-9.04745101928711,-11.171757698059082,-7.346819877624512,-4.21831750869751,-4.891510486602783,-5.6610107421875,-6.659805774688721,-9.293594360351562,-7.5848774909973145,-8.148597717285156,-9.516157150268555,-8.839009284973145,-10.095370292663574,-9.882530212402344,-7.971238136291504,-8.72690486907959,-8.975197792053223,-10.106450080871582,-10.943314552307129,-9.493355751037598,-10.772492408752441,-13.383543968200684,-13.159430503845215,-11.053766250610352,-13.959720611572266,-16.302738189697266,-14.649438858032227,-13.47947883605957,-13.571486473083496,-14.70838737487793,-16.619300842285156,-16.610700607299805,-15.093441009521484,-13.203937530517578
-5.497773170471191,-3.4415626525878906,-3.477806329727173,-3.353788375854492,-2.9367716312408447,-3.143136501312256,-5.015399932861328,-8.724015235900879,-12.124285697937012,-11.87702751159668,-9.228408813476562,-7.485982418060303,-7.384994983673096,-6.880724906921387,-7.325789928436279,-7.243321418762207,-8.212244987487793,-7.279456615447998,-9.009930610656738,-8.901620864868164,-7.414340972900391,-10.24742603302002,-10.788612365722656,-8.515410423278809,-8.910715103149414,-8.565162658691406,-9.483298301696777,-10.403143882751465,-9.594818115234375,-10.812533378601074,-12.948121070861816,-12.87562370300293,-12.92113971710205,-14.40317153930664,-15.166153907775879,-14.318757057189941,-13.752433776855469,-15.534825325012207,-16.307374954223633,-15.069788932800293,-14.818207740783691,-15.441444396972656,-15.110299110412598
-8.642030715942383,-5.315630912780762,-4.95228385925293,-6.004831790924072,-6.972456455230713,-8.852354049682617,-12.295068740844727,-14.578561782836914,-13.87283992767334,-12.436264038085938,-9.80090618133545,-7.330566883087158,-8.190428733825684,-7.9884033203125,-7.878659725189209,-6.239825248718262,-6.249933242797852,-7.031477451324463,-6.4510579109191895,-6.643740177154541,-9.069819450378418,-9.180740356445312,-10.292004585266113,-10.388260841369629,-8.438399314880371,-7.793957233428955,-10.882111549377441,-9.414047241210938,-11.301108360290527,-12.380361557006836,-11.135154724121094,-12.505803108215332,-13.65833854675293,-12.265563011169434,-11.62999439239502,-13.625231742858887,-14.669417381286621,-16.21448516845703,-16.001554489135742,-14.494646072387695,-14.625969886779785,-15.654480934143066,-16.017988204956055
-7.405148029327393,-6.489282131195068,-8.02972412109375,-6.735396862030029,-11.634237289428711,-13.962944984436035,-15.115376472473145,-13.819851875305176,-11.44952392578125,-9.933317184448242,-9.145135879516602,-9.4873628616333,-9.965642929077148,-10.162507057189941,-9.033561706542969,-9.031603813171387,-8.939085960388184,-9.469259262084961,-8.307809829711914,-6.539788722991943,-9.484115600585938,-8.011784553527832,-7.60087776184082,-11.031572341918945,-11.692995071411133,-10.23855972290039,-10.081480026245117,-9.575586318969727,-11.838772773742676,-12.650116920471191,-10.975784301757812,-12.037217140197754,-13.441689491271973,-13.452815055847168,-12.74386215209961,-12.29474925994873,-14.25429630279541,-16.098072052001953,-14.639779090881348,-14.064176559448242,-15.1781587600708,-15.517269134521484,-16.03487777709961
-8.95492935180664,-3.383497476577759,-5.930695056915283,-5.033424377441406,-10.538013458251953,-13.010833740234375,-14.935949325561523,-14.055967330932617,-10.369647026062012,-8.798315048217773,-11.577604293823242,-10.793275833129883,-10.144928932189941,-10.460071563720703,-9.322979927062988,-8.07788372039795,-7.442423343658447,-7.691858291625977,-8.061310768127441,-8.04140853881836,-9.110069274902344,-7.473532676696777,-8.087523460388184,-8.497166633605957,-11.053403854370117,-12.98322868347168,-9.4309663772583,-8.685042381286621,-11.878801345825195,-13.653532981872559,-12.976653099060059,-12.234234809875488,-13.361468315124512,-12.94498348236084,-12.886116981506348,-13.500116348266602,-13.140789031982422,-13.225793838500977,-13.395246505737305,-14.603107452392578,-16.23855209350586,-16.24259376525879,-15.903379440307617
-9.79931354522705,-7.5726423263549805,-6.503352165222168,-7.847537517547607,-9.751655578613281,-12.40272045135498,-14.465140342712402,-15.196167945861816,-12.299375534057617,-9.387739181518555,-11.540818214416504,-9.505531311035156,-9.04559326171875,-9.275596618652344,-8.819435119628906,-9.560230255126953,-8.650246620178223,-6.99035120010376,-5.844449996948242,-8.144576072692871,-8.779727935791016,-7.024875640869141,-8.29100227355957,-7.7293243408203125,-9.59277057647705,-14.859105110168457,-13.752614974975586,-10.247682571411133,-9.86524486541748,-13.636619567871094,-15.149842262268066,-15.032735824584961,-13.346311569213867,-12.164267539978027,-13.123250007629395,-15.501028060913086,-14.669361114501953,-14.083529472351074,-14.009014129638672,-14.490214347839355,-15.834219932556152,-16.675952911376953,-15.94235610961914
-10.924568176269531,-9.7247953414917,-4.856991291046143,-4.513659477233887,-6.254433631896973,-9.762198448181152,-11.892308235168457,-14.815478324890137,-15.323413848876953,-14.341355323791504,-13.127564430236816,-9.239736557006836,-8.14297103881836,-7.783626079559326,-9.734871864318848,-8.27517318725586,-11.208573341369629,-9.846442222595215,-7.84915018081665,-8.784834861755371,-8.759018898010254,-7.9556097984313965,-8.349547386169434,-8.333877563476562,-8.456963539123535,-10.163885116577148,-13.680692672729492,-14.38133716583252,-11.063478469848633,-9.772762298583984,-12.747140884399414,-11.845518112182617,-11.939842224121094,-11.345114707946777,-13.62722396850586,-15.623650550842285,-13.304268836975098,-10.948512077331543,-14.111518859863281,-15.165079116821289,-16.437301635742188,-17.05104637145996,-15.624312400817871
-9.890213012695312,-7.029245853424072,-2.118577718734741,-4.529570579528809,-6.030299186706543,-5.935635089874268,-9.929341316223145,-11.828113555908203,-11.979812622070312,-11.197919845581055,-9.71178913116455,-7.171412467956543,-9.007898330688477,-8.882620811462402,-8.263089179992676,-8.668292999267578,-7.853664398193359,-6.7713775634765625,-10.196487426757812,-10.584493637084961,-8.507840156555176,-7.4288330078125,-8.890481948852539,-10.45975399017334,-9.505496978759766,-7.480677604675293,-9.730690002441406,-12.291318893432617,-12.6504487991333,-11.489319801330566,-10.839603424072266,-11.711554527282715,-11.680169105529785,-12.117219924926758,-11.600627899169922,-11.144415855407715,-13.701712608337402,-13.26169204711914,-13.624966621398926,-14.496804237365723,-14.279206275939941,-14.988903045654297,-15.23261547088623
-6.437806129455566,-6.864457607269287,-3.616126537322998,-4.331848621368408,-6.791317462921143,-6.310293674468994,-7.582129955291748,-8.87263298034668,-8.821298599243164,-8.121450424194336,-7.346683979034424,-6.434925079345703,-6.827429294586182,-7.543229103088379,-8.809075355529785,-9.956427574157715,-8.469457626342773,-8.822916030883789,-12.405969619750977,-8.758016586303711,-9.137969970703125,-7.787476539611816,-10.980020523071289,-10.805381774902344,-9.927807807922363,-9.393338203430176,-8.837213516235352,-9.098088264465332,-10.104900360107422,-11.255481719970703,-11.812125205993652,-12.189106941223145,-13.542862892150879,-13.075289726257324,-10.862923622131348,-10.841089248657227,-13.671178817749023,-13.654925346374512,-13.24752426147461,-14.253156661987305,-13.707483291625977,-12.869921684265137,-13.59823989868164
-5.618381500244141,-7.531097888946533,-4.852237701416016,-6.646885871887207,-5.167737007141113,-4.490461826324463,-4.9836249351501465,-7.431631565093994,-7.536025047302246,-8.122377395629883,-7.223554611206055,-7.465970516204834,-9.68095588684082,-10.709366798400879,-8.62218189239502,-6.948294162750244,-7.961560249328613,-7.959106922149658,-10.411161422729492,-11.137917518615723,-10.315710067749023,-8.672575950622559,-9.457966804504395,-8.693564414978027,-10.249746322631836,-12.999224662780762,-10.457306861877441,-8.339597702026367,-8.431048393249512,-9.580215454101562,-12.146268844604492,-12.960142135620117,-13.637548446655273,-14.124513626098633,-13.96987533569336,-12.448846817016602,-11.559109687805176,-13.406554222106934,-13.914790153503418,-14.235262870788574,-13.31795883178711,-12.823051452636719,-13.05152416229248
-5.0200605392456055,-4.8359761238098145,-4.555457592010498,-6.675552845001221,-5.871845245361328,-3.4372944831848145,-6.951425552368164,-9.385319709777832,-9.644148826599121,-9.243951797485352,-8.687541007995605,-9.407346725463867,-11.301687240600586,-12.401798248291016,-9.386656761169434,-5.475987911224365,-8.96318531036377,-10.36172866821289,-9.846923828125,-11.269615173339844,-11.91692066192627,-11.432126998901367,-9.427966117858887,-9.116983413696289,-10.867873191833496,-11.375697135925293,-12.407958030700684,-11.367758750915527,-10.346479415893555,-10.354125022888184,-9.619973182678223,-12.43252182006836,-14.344869613647461,-13.66931438446045,-13.020167350769043,-12.610782623291016,-13.491811752319336,-14.0453462600708,-13.402374267578125,-13.078307151794434,-13.094498634338379,-13.934762001037598,-13.2929105758667
-4.380006313323975,-4.558408737182617,-5.18821382522583,-5.737995147705078,-7.292325973510742,-8.807120323181152,-10.789209365844727,-11.44859790802002,-11.044550895690918,-9.908376693725586,-9.675708770751953,-10.290571212768555,-9.525197982788086,-7.225045204162598,-9.233498573303223,-10.090291023254395,-8.984971046447754,-8.55592155456543,-11.616580963134766,-9.82159423828125,-9.510083198547363,-11.213732719421387,-10.945327758789062,-10.6576566696167,-10.854503631591797,-10.202770233154297,-10.780993461608887,-11.359512329101562,-10.878066062927246,-9.963512420654297,-10.05181884765625,-12.124655723571777,-12.400757789611816,-12.393766403198242,-12.704197883605957,-13.4146089553833,-13.698858261108398,-13.510905265808105,-13.6434907913208,-13.346344947814941,-13.390321731567383,-14.064397811889648,-13.997770309448242
-2.725738048553467,-3.7155191898345947,-5.360738754272461,-5.797914981842041,-8.053593635559082,-8.434906959533691,-6.122999668121338,-9.565705299377441,-11.380889892578125,-7.4608049392700195,-5.861184120178223,-7.6033735275268555,-10.698007583618164,-8.840875625610352,-7.3775177001953125,-8.120223045349121,-9.94191837310791,-9.534631729125977,-10.981142044067383,-9.955709457397461,-9.458696365356445,-12.142631530761719,-13.02307415008545,-11.350968360900879,-10.117368698120117,-10.609379768371582,-11.286837577819824,-10.788129806518555,-11.967577934265137,-11.25579833984375,-10.404264450073242,-10.340424537658691,-10.31450080871582,-12.274001121520996,-13.442723274230957,-12.976130485534668,-11.923112869262695,-12.617569923400879,-14.227418899536133,-13.853808403015137,-13.211734771728516,-13.762499809265137,-13.855316162109375
-4.375054836273193,-4.993473529815674,-6.311257362365723,-7.469642639160156,-9.409191131591797,-8.31147289276123,-6.563653945922852,-7.625239372253418,-10.041424751281738,-7.453789710998535,-4.783843517303467,-5.295124530792236,-10.816706657409668,-9.73727798461914,-6.466712474822998,-6.718758583068848,-10.708945274353027,-10.146077156066895,-8.689680099487305,-8.58420181274414,-11.58537483215332,-12.64556884765625,-10.73412036895752,-9.297119140625,-9.454179763793945,-11.46866512298584,-11.737040519714355,-10.17615032196045,-11.097122192382812,-11.792204856872559,-10.137028694152832,-10.466484069824219,-10.044294357299805,-11.175776481628418,-13.636082649230957,-13.309320449829102,-12.040080070495605,-11.816919326782227,-12.629317283630371,-12.50163745880127,-12.361607551574707,-13.274040222167969,-13.944458961486816
-8.962526321411133,-7.163437843322754,-6.963025093078613,-8.484575271606445,-6.019162654876709,-6.626204013824463,-7.559813976287842,-4.193648338317871,-5.796789646148682,-7.775696754455566,-6.281055450439453,-7.73288631439209,-10.349584579467773,-9.904001235961914,-8.309331893920898,-8.79188346862793,-10.708182334899902,-10.662952423095703,-9.176183700561523,-10.466486930847168,-14.452385902404785,-13.74542236328125,-10.954195976257324,-9.242574691772461,-8.88046932220459,-9.340354919433594,-10.986651420593262,-11.186162948608398,-11.003636360168457,-11.70534896850586,-11.672172546386719,-10.577214241027832,-10.128296852111816,-10.485867500305176,-11.847395896911621,-11.592252731323242,-10.929940223693848,-10.635428428649902,-10.215543746948242,-10.263986587524414,-11.097257614135742,-12.050843238830566,-13.644041061401367
