data/wind_data/wind_2_6.json
{"header": {"parameterUnit": "KT", "parameterCategory": 2, "nx": 256, "ny": 198, "lo1": 44.73521041870117, "la1": -3.236724853515625, "lo2": 111.26478576660156, "la2": 43.468475341796875, "dx": 0.2609002888202667, "dy": -0.23708222806453705, "refTime": "2025-02-19 02:00:00", "forecastTime": 0, "parameterNumber": 2, "parameterNumberName": "eastward_wind"}, "data":
[rows 0 to 19 of 198, columns 132 to 175 of 256]
-10.776226997375488,-9.556172370910645,-9.6136474609375,-10.7212495803833,-11.527885437011719,-12.52348804473877,-13.396617889404297,-14.067099571228027,-14.75650691986084,-14.719440460205078,-14.644241333007812,-15.509278297424316,-15.845748901367188,-15.744635581970215,-15.381251335144043,-13.9381742477417,-12.675814628601074,-12.597902297973633,-12.377016067504883,-10.941609382629395,-8.85706901550293,-7.777085781097412,-7.415228843688965,-5.847011089324951,-5.338372707366943,-5.72709321975708,-6.108549118041992,-6.3326520919799805,-6.3066487312316895,-4.897600173950195,-3.3228201866149902,-2.4935004711151123,-2.3663718700408936,-2.1486973762512207,-1.7617909908294678,-1.9087218046188354,-2.212770700454712,-2.5783097743988037,-3.1116037368774414,-4.318974018096924,-5.532696723937988,-5.960683822631836,-5.023577690124512,-3.537811517715454
-8.700834274291992,-7.989729404449463,-8.164743423461914,-8.698015213012695,-10.103726387023926,-11.75540542602539,-13.137115478515625,-13.442961692810059,-13.829533576965332,-14.244741439819336,-14.235941886901855,-14.965328216552734,-15.408934593200684,-15.006410598754883,-13.94431209564209,-13.346961975097656,-12.617568016052246,-11.337861061096191,-10.9111909866333,-10.107094764709473,-7.656215667724609,-5.906015872955322,-4.741072177886963,-4.462290287017822,-5.848603248596191,-6.543435573577881,-6.156904697418213,-5.704444885253906,-5.0128703117370605,-3.6499812602996826,-2.04426908493042,-0.5266335010528564,0.30769190192222595,1.460563063621521,2.6699397563934326,3.2336959838867188,2.6328320503234863,1.2523256540298462,-0.3184175193309784,-2.4207680225372314,-4.819097995758057,-6.846878528594971,-6.711150169372559,-5.097454071044922
-7.752634525299072,-7.304429054260254,-6.944916725158691,-7.211036682128906,-8.35211181640625,-9.936799049377441,-12.549976348876953,-13.27137279510498,-13.033690452575684,-13.340482711791992,-13.356148719787598,-13.49489974975586,-14.21548843383789,-14.23378849029541,-13.1605806350708,-12.366039276123047,-11.614636421203613,-10.11816120147705,-8.517053604125977,-7.448662281036377,-6.472940444946289,-4.507702827453613,-2.157870054244995,-1.5672247409820557,-3.2140614986419678,-3.887176036834717,-4.0495924949646,-3.902798652648926,-3.3096368312835693,-2.169875383377075,-0.6131338477134705,0.9824760556221008,2.2818970680236816,3.2085466384887695,3.7908477783203125,3.6681902408599854,3.2700393199920654,1.4630427360534668,-1.0164768695831299,-1.811079978942871,-1.5034222602844238,-1.9155809879302979,-3.4644343852996826,-4.700702667236328
-6.833965301513672,-5.99271821975708,-5.537538051605225,-5.697650909423828,-6.774394989013672,-8.707974433898926,-10.977856636047363,-12.117321968078613,-12.34669017791748,-12.576277732849121,-12.225459098815918,-12.03210735321045,-12.643868446350098,-12.671900749206543,-11.783642768859863,-11.213236808776855,-10.468086242675781,-8.446979522705078,-6.025809288024902,-4.949195861816406,-4.167958736419678,-2.545715570449829,-0.46504220366477966,1.0687552690505981,0.6510230302810669,0.028600677847862244,-0.6395973563194275,-1.2848337888717651,-1.156801462173462,-0.3772953450679779,0.9453955888748169,2.342142343521118,2.5477890968322754,1.9791492223739624,1.7471550703048706,2.063464641571045,2.136641025543213,0.3684680759906769,-0.628038763999939,0.4872482120990753,2.567976236343384,3.8317763805389404,1.9909898042678833,-2.0895180702209473
-5.693534851074219,-4.737912178039551,-4.1329240798950195,-4.705630302429199,-6.4039692878723145,-8.387333869934082,-9.814704895019531,-10.68356704711914,-11.450004577636719,-11.012815475463867,-9.801738739013672,-9.524632453918457,-10.301607131958008,-10.436837196350098,-9.684330940246582,-9.054733276367188,-8.623090744018555,-7.527219772338867,-5.228227615356445,-2.4975638389587402,-0.38338205218315125,1.1586835384368896,2.270942211151123,2.8122780323028564,3.881721019744873,3.3957717418670654,2.1326651573181152,1.0603643655776978,1.0724977254867554,1.702906847000122,3.056831121444702,3.527350902557373,2.6828958988189697,2.430433750152588,1.6230478286743164,1.3248628377914429,2.0102622509002686,1.1694103479385376,-0.536083996295929,1.1489125490188599,2.808354377746582,4.258386135101318,6.350161075592041,3.091698408126831
-5.4222893714904785,-4.648350238800049,-3.8206570148468018,-3.6292715072631836,-4.939427375793457,-7.540739059448242,-9.890742301940918,-10.513331413269043,-10.263751029968262,-10.245890617370605,-9.799304008483887,-8.891942977905273,-8.428197860717773,-8.388493537902832,-8.025262832641602,-7.632361888885498,-7.310652256011963,-6.324321269989014,-4.977210998535156,-3.7748286724090576,-2.2500243186950684,0.2800067663192749,1.792399287223816,2.380006790161133,3.217837333679199,3.14207124710083,2.6061508655548096,2.87190318107605,3.676811933517456,4.58066987991333,4.927104949951172,4.432665824890137,3.7159690856933594,3.792717456817627,4.224844455718994,3.6021578311920166,1.6161669492721558,0.6611007452011108,-0.2977936863899231,0.0040735285729169846,1.9546481370925903,2.767530918121338,4.114644527435303,4.330909729003906
-4.067391872406006,-3.5952847003936768,-3.349320411682129,-2.629956007003784,-3.4937644004821777,-6.689309120178223,-9.401371955871582,-10.166301727294922,-10.148717880249023,-10.819467544555664,-11.21643352508545,-9.941941261291504,-7.6765899658203125,-6.468523979187012,-6.356836795806885,-5.748063087463379,-5.286264896392822,-4.41033411026001,-3.193100690841675,-2.923766851425171,-2.6189041137695312,-1.4053484201431274,0.7085105776786804,1.7360409498214722,2.5128443241119385,2.652419328689575,2.820411205291748,4.048915386199951,5.723881244659424,7.176286220550537,7.6104865074157715,6.610869884490967,4.905727386474609,4.821416854858398,6.463048458099365,6.350501537322998,2.360787868499756,-0.6709093451499939,0.006728476379066706,0.3037544786930084,3.1276612281799316,3.3279576301574707,2.337491989135742,0.5803337097167969
-2.7207531929016113,-1.5005016326904297,-1.5679644346237183,-1.4901530742645264,-2.218940496444702,-5.230677604675293,-8.081812858581543,-9.839043617248535,-10.243513107299805,-9.576404571533203,-8.850398063659668,-7.783504962921143,-6.003644943237305,-4.637199401855469,-4.502982139587402,-4.313105583190918,-4.134860992431641,-3.5831737518310547,-2.482156991958618,-1.412724494934082,-0.949714183807373,-0.5492709875106812,0.8301098942756653,1.7038949728012085,2.740844488143921,3.4149460792541504,3.491858720779419,4.15457010269165,5.533453941345215,7.33960485458374,7.902482986450195,7.116880416870117,6.600929260253906,7.3715314865112305,7.6447553634643555,6.013294696807861,2.637721300125122,-0.9994087219238281,-0.8310977220535278,0.6899818778038025,2.3369340896606445,2.7788214683532715,3.5312089920043945,0.550453782081604
-2.7275261878967285,-1.6347970962524414,-1.0359450578689575,-1.0401856899261475,-2.4660730361938477,-5.388647079467773,-8.542291641235352,-10.375711441040039,-9.392129898071289,-7.145667552947998,-5.569274425506592,-5.449437618255615,-5.431405067443848,-4.658824920654297,-3.899589776992798,-3.0526046752929688,-2.4406373500823975,-1.9125181436538696,-1.5330312252044678,-1.130757212638855,-0.7916703224182129,-0.3271816670894623,0.68459153175354,1.8769989013671875,2.693040609359741,3.7147700786590576,4.424283981323242,4.758245944976807,5.8818535804748535,7.005159854888916,7.774369716644287,7.102357864379883,7.032100200653076,8.019432067871094,8.050039291381836,6.573916912078857,4.5199503898620605,1.852321982383728,0.03237046301364899,0.8732635974884033,2.0664260387420654,3.541116237640381,4.0316314697265625,3.636308431625366
-3.5920424461364746,-3.939728021621704,-3.2177724838256836,-2.6051206588745117,-4.325531005859375,-7.3176774978637695,-9.086472511291504,-8.356837272644043,-6.259315490722656,-4.358808994293213,-3.201629638671875,-4.63059139251709,-6.203685283660889,-5.38824987411499,-4.115734100341797,-3.3178422451019287,-2.143380641937256,-0.5105317234992981,0.5454243421554565,0.4998508095741272,-0.7607400417327881,-1.3942301273345947,-0.8837879300117493,-0.07593665271997452,1.781007170677185,3.5294559001922607,5.058522701263428,5.688724517822266,6.075371265411377,6.79324197769165,7.3569111824035645,7.0303955078125,7.00229024887085,7.275362968444824,7.464768409729004,7.420491695404053,7.436609745025635,6.558931827545166,5.289207458496094,5.566400051116943,4.925784587860107,5.845470905303955,6.775589942932129,6.906403541564941
-3.5193848609924316,-4.290278911590576,-4.023739814758301,-4.147779941558838,-5.51395845413208,-7.2277116775512695,-7.183745384216309,-5.768444061279297,-4.374392032623291,-2.70723295211792,-2.1825411319732666,-3.201544761657715,-3.676100730895996,-2.44975209236145,-1.8075534105300903,-2.4471352100372314,-2.5444936752319336,-1.438629150390625,0.07624591141939163,1.154697060585022,0.9040542840957642,0.2456919252872467,-0.9863833785057068,-1.246708869934082,0.8359295129776001,2.693660020828247,3.618955135345459,4.370179176330566,4.4592742919921875,4.990144729614258,6.078916072845459,6.252079963684082,6.335817813873291,6.1366190910339355,6.258768081665039,7.3196892738342285,8.148369789123535,8.119141578674316,7.819084644317627,8.068719863891602,7.134530544281006,7.557131767272949,9.15794563293457,10.225406646728516
-3.154477834701538,-3.6374409198760986,-3.464677095413208,-4.017056465148926,-5.32715368270874,-6.361096382141113,-6.053191661834717,-5.359248638153076,-4.310171604156494,-2.4826815128326416,-2.1609222888946533,-1.9616074562072754,-0.40975335240364075,1.11907958984375,1.8002164363861084,1.804807424545288,0.7810286283493042,0.00055898871505633,0.698113739490509,1.7209913730621338,1.7802276611328125,1.6860045194625854,0.9234843850135803,1.0206265449523926,2.180664300918579,2.7617673873901367,3.4040279388427734,4.0564398765563965,3.4021592140197754,3.173117160797119,3.968782901763916,4.229673385620117,4.9117302894592285,5.957145690917969,6.607640743255615,7.998182773590088,8.293981552124023,7.863682270050049,6.478102684020996,5.696722030639648,4.708479404449463,5.882754802703857,8.040905952453613,10.042119026184082
-2.916140079498291,-4.612215042114258,-4.297689914703369,-3.9325904846191406,-5.410557270050049,-6.259927272796631,-5.641658306121826,-5.060271739959717,-4.226123809814453,-2.4908549785614014,-1.4344072341918945,-1.331549882888794,0.3078341782093048,2.045011043548584,3.014371395111084,4.001574993133545,4.1481709480285645,3.5555458068847656,3.3778929710388184,3.5764689445495605,3.8946919441223145,3.99143385887146,4.526398181915283,5.998055934906006,6.003184795379639,5.113930702209473,4.5461506843566895,3.9442365169525146,3.17840576171875,2.374194383621216,2.1140170097351074,2.308011531829834,3.319827079772949,5.380239963531494,6.820594310760498,7.6885480880737305,7.779386520385742,7.396894931793213,7.0196733474731445,7.178340435028076,6.124005317687988,5.911177635192871,6.650526523590088,7.074739933013916
-2.5147669315338135,-5.2212090492248535,-5.524693965911865,-4.4872331619262695,-4.664801120758057,-5.329793453216553,-5.023820400238037,-4.407721519470215,-3.9106271266937256,-2.316169261932373,0.004515373148024082,0.9579206705093384,1.59896981716156,2.6418442726135254,3.5555813312530518,4.542970657348633,5.45399284362793,6.448337554931641,6.813843250274658,6.264495372772217,6.271450996398926,7.127908706665039,8.58012866973877,9.359848022460938,8.24372673034668,7.249260425567627,5.891270160675049,4.265893936157227,3.343360185623169,2.3049418926239014,1.7204946279525757,1.9124408960342407,2.7266042232513428,3.937131404876709,5.397340297698975,6.528567790985107,6.818512439727783,6.824129104614258,7.193419933319092,7.004338264465332,6.552468299865723,6.923645496368408,6.713926315307617,5.8870320320129395
-0.33289629220962524,-1.9864306449890137,-3.736670970916748,-4.083723545074463,-3.536557674407959,-3.3251116275787354,-3.1237192153930664,-2.859070062637329,-2.4447195529937744,-1.645262360572815,0.04126150906085968,2.45755934715271,4.036130428314209,4.650832176208496,4.925573825836182,6.266255855560303,7.830815315246582,9.159662246704102,9.158347129821777,7.894175052642822,7.672505855560303,9.174829483032227,10.548140525817871,10.388877868652344,9.26609992980957,8.43684196472168,6.385519027709961,4.476752758026123,3.024646520614624,1.5942068099975586,1.5189359188079834,2.2560489177703857,2.314486026763916,2.81640625,4.166772842407227,5.601896286010742,6.822782039642334,7.1956963539123535,6.381224632263184,5.130792140960693,4.542870044708252,4.352212429046631,4.0943379402160645,3.7420079708099365
0.21553771197795868,1.0209009647369385,0.5864749550819397,-1.5680334568023682,-2.531329870223999,-1.1165803670883179,-0.23799651861190796,-0.06793993711471558,0.7855888605117798,1.2422397136688232,1.4086054563522339,3.876589059829712,6.1497578620910645,6.206628322601318,5.891747951507568,7.604506015777588,10.03908920288086,11.393224716186523,10.645461082458496,8.739002227783203,8.103578567504883,9.475907325744629,10.744128227233887,10.336713790893555,9.390641212463379,8.2222261428833,5.732038497924805,3.905055284500122,2.4056015014648438,0.7087653279304504,0.7371415495872498,1.7781909704208374,1.518426775932312,2.061924934387207,3.8499414920806885,5.50076150894165,7.243785381317139,7.0074334144592285,5.495627403259277,4.003549575805664,3.1999220848083496,2.410771608352661,1.9668209552764893,1.1977757215499878
-0.525417685508728,2.380655288696289,4.789889812469482,4.372178554534912,1.4898923635482788,1.4840962886810303,2.174283742904663,2.800757646560669,4.623624801635742,5.849027633666992,6.040509223937988,6.866184234619141,7.462132453918457,7.315086364746094,7.698472023010254,9.194684028625488,10.86592960357666,11.759688377380371,10.978045463562012,9.682745933532715,8.99768352508545,9.696565628051758,10.39130687713623,9.764053344726562,8.71148681640625,7.16592264175415,4.868936061859131,3.209148406982422,1.5390377044677734,-0.04956003651022911,-0.22108396887779236,0.35429754853248596,0.8507934212684631,2.382014513015747,3.9471817016601562,5.12833833694458,6.6770243644714355,6.129743576049805,4.415977478027344,3.070282459259033,2.353536605834961,1.8300141096115112,1.1800131797790527,0.25492063164711
1.0863903760910034,4.341739177703857,5.942910194396973,6.411977291107178,5.85399055480957,4.289304733276367,4.213595390319824,5.118581295013428,6.959705829620361,8.768798828125,9.414058685302734,9.428879737854004,9.95364761352539,10.521605491638184,10.409632682800293,10.882245063781738,11.69269847869873,12.347920417785645,11.615945816040039,10.100005149841309,8.932984352111816,9.225400924682617,9.334220886230469,8.41431713104248,7.175845623016357,5.714087009429932,4.5597147941589355,3.6474695205688477,1.6138418912887573,-0.4513457715511322,-1.3595161437988281,-0.9301266670227051,0.40598204731941223,1.7532659769058228,2.7795345783233643,3.875988006591797,4.6851806640625,4.185641765594482,3.16705060005188,2.7637791633605957,2.2844457626342773,2.417409896850586,2.695964813232422,2.7573153972625732
4.728679180145264,5.206915855407715,6.076077461242676,7.788460731506348,7.506922245025635,7.036360263824463,7.495279312133789,7.432783603668213,7.6903791427612305,9.083183288574219,10.026894569396973,10.467910766601562,11.23525333404541,11.623359680175781,11.216254234313965,11.534708023071289,12.922063827514648,14.011543273925781,12.780645370483398,10.008726119995117,8.011041641235352,7.497607231140137,7.592222690582275,7.021376132965088,5.790192127227783,4.460773944854736,4.519603252410889,4.634095668792725,2.639036178588867,-0.1505461484193802,-1.92216956615448,-1.3578534126281738,0.0970940813422203,0.5922297239303589,1.4204431772232056,2.3379523754119873,2.317356586456299,1.94053053855896,1.9763696193695068,2.474295139312744,2.9975640773773193,4.291366100311279,4.817992210388184,4.939498424530029
5.887904644012451,3.5451903343200684,3.2111868858337402,6.012845039367676,7.69989538192749,8.201676368713379,8.639201164245605,8.675500869750977,8.356701850891113,8.836007118225098,9.460787773132324,10.72392463684082,10.9974946975708,10.827363014221191,11.244688987731934,12.214221954345703,13.733843803405762,14.711745262145996,12.912033081054688,10.012238502502441,8.478209495544434,7.44968843460083,7.033083915710449,6.495960712432861,5.676111698150635,4.482006072998047,4.36976957321167,4.671231269836426,3.0991556644439697,0.08914689719676971,-2.231273651123047,-1.5440940856933594,-0.4627552926540375,0.30276161432266235,1.2165918350219727,1.020362377166748,-0.0155551852658391,-0.3101303279399872,0.7310672402381897,1.9501832723617554,3.352827310562134,4.9626359939575195,4.164366245269775,2.937042713165283
