data/wind_data/wind_39_6.json
{"header": {"parameterUnit": "KT", "parameterCategory": 2, "nx": 256, "ny": 198, "lo1": 44.73521041870117, "la1": -3.236724853515625, "lo2": 111.26478576660156, "la2": 43.468475341796875, "dx": 0.2609002888202667, "dy": -0.23708222806453705, "refTime": "2025-02-20 15:00:00", "forecastTime": 0, "parameterNumber": 2, "parameterNumberName": "eastward_wind"}, "data":
[rows 80 to 99 of 198, columns 135 to 179 of 256]
46.64302444458008,46.428890228271484,46.336708068847656,46.37242889404297,45.85210037231445,45.48588180541992,46.13508987426758,46.311073303222656,45.452789306640625,44.47893142700195,44.07084274291992,44.151241302490234,44.36735534667969,44.51531982421875,44.44318771362305,44.14469909667969,43.74496841430664,43.31260299682617,42.92578125,42.69084167480469,42.66231155395508,42.8319206237793,43.17314910888672,43.560482025146484,43.840789794921875,43.94231033325195,43.89130783081055,43.765052795410156,43.6253662109375,43.48409652709961,43.29850387573242,43.02707290649414,42.697635650634766,42.40518569946289,42.247955322265625,42.24281692504883,42.28216552734375,42.24248123168945,42.08326721191406,41.86298751831055,41.682777404785156,41.57790756225586,41.505638122558594,41.420005798339844,41.34701919555664
49.24219512939453,49.45109176635742,48.95110321044922,48.43348693847656,47.87845230102539,47.20888137817383,47.50527572631836,48.3873176574707,48.54353713989258,47.7282600402832,46.81217575073242,46.50263595581055,46.507118225097656,46.38996887207031,46.18503189086914,45.95608139038086,45.69948959350586,45.454612731933594,45.26268768310547,45.13949966430664,45.108516693115234,45.17354965209961,45.404144287109375,45.777320861816406,46.096580505371094,46.19084548950195,46.108558654785156,46.02874755859375,46.048160552978516,46.09955978393555,46.061073303222656,45.88668441772461,45.60765075683594,45.28738021850586,45.0006103515625,44.8336181640625,44.78327178955078,44.73127746582031,44.549766540527344,44.22713851928711,43.885223388671875,43.64344787597656,43.492454528808594,43.38010025024414,43.32862091064453
50.72317123413086,51.93778610229492,52.25265884399414,51.65336990356445,50.70881652832031,49.56177520751953,48.87997817993164,49.46167755126953,50.27592849731445,50.43195343017578,50.094696044921875,49.7340087890625,49.30593490600586,48.65271759033203,48.02997970581055,47.70660400390625,47.609657287597656,47.645687103271484,47.77647399902344,47.84806823730469,47.802616119384766,47.762882232666016,47.824378967285156,47.96413040161133,48.06549835205078,48.0445556640625,47.942176818847656,47.89936828613281,48.02781295776367,48.24272918701172,48.381744384765625,48.34797286987305,48.189273834228516,47.994380950927734,47.81092834472656,47.63693618774414,47.513126373291016,47.416221618652344,47.240760803222656,46.91777038574219,46.47623825073242,46.03412628173828,45.68840789794922,45.4805793762207,45.429752349853516
51.60597229003906,52.98090362548828,54.269142150878906,54.66669464111328,54.11771774291992,52.907875061035156,51.39030075073242,50.91240692138672,51.49917984008789,52.12541198730469,52.616722106933594,52.769474029541016,52.3276481628418,51.565120697021484,50.7606086730957,50.17189407348633,49.8353157043457,49.7065315246582,49.84449005126953,50.113101959228516,50.296504974365234,50.400943756103516,50.48985290527344,50.484310150146484,50.29911422729492,50.049407958984375,49.87111282348633,49.84614562988281,50.046913146972656,50.389793395996094,50.6807861328125,50.782108306884766,50.71946334838867,50.6353874206543,50.627227783203125,50.63759231567383,50.56565856933594,50.39381408691406,50.139793395996094,49.79415512084961,49.337215423583984,48.808372497558594,48.29825973510742,47.930599212646484,47.793235778808594
53.502052307128906,54.152278900146484,55.397613525390625,56.427215576171875,56.578941345214844,55.950721740722656,54.67854309082031,53.26893615722656,52.94990158081055,53.492923736572266,54.35675048828125,54.95832061767578,54.684226989746094,54.239830017089844,53.98407745361328,53.7108268737793,53.203529357910156,52.519554138183594,52.20008087158203,52.386878967285156,52.75691223144531,53.021121978759766,53.16731643676758,53.1607780456543,52.89280319213867,52.4857292175293,52.1688117980957,52.1067008972168,52.35084915161133,52.74900817871094,53.086116790771484,53.25048065185547,53.253047943115234,53.21039962768555,53.270301818847656,53.4260368347168,53.49722671508789,53.368080139160156,53.02867126464844,52.55397033691406,52.02618408203125,51.48064422607422,50.96371841430664,50.5614128112793,50.366455078125
56.86170196533203,56.83145523071289,57.424407958984375,58.13872528076172,58.45283508300781,58.19982147216797,57.62184143066406,56.6684684753418,55.62291717529297,55.06547927856445,55.60228729248047,56.54377365112305,56.69913101196289,56.44678497314453,56.50702667236328,56.7244987487793,56.432865142822266,55.693599700927734,55.41399383544922,55.57563781738281,55.68397903442383,55.62169647216797,55.569053649902344,55.65670394897461,55.68263244628906,55.45221710205078,55.07996368408203,54.87973403930664,55.02899169921875,55.36062240600586,55.597599029541016,55.647830963134766,55.59602355957031,55.558082580566406,55.657169342041016,55.863834381103516,56.012001037597656,55.976890563964844,55.68437957763672,55.14521408081055,54.509586334228516,53.945743560791016,53.52312088012695,53.217140197753906,53.02833557128906
59.585758209228516,59.82099533081055,60.202728271484375,60.509334564208984,60.49066925048828,60.34273147583008,60.067291259765625,59.60759353637695,59.27373504638672,58.40290832519531,57.42750930786133,57.79289627075195,58.49729537963867,58.706092834472656,58.7840690612793,58.885833740234375,58.59198760986328,58.258766174316406,58.65899658203125,59.06086730957031,58.885276794433594,58.368682861328125,57.99984359741211,58.04677963256836,58.29924011230469,58.359745025634766,58.14512252807617,57.92161178588867,57.92887496948242,58.105159759521484,58.21984100341797,58.16650390625,58.023284912109375,57.92271041870117,57.98091125488281,58.15144348144531,58.29210662841797,58.31013488769531,58.08544921875,57.57637405395508,56.935546875,56.399593353271484,56.102317810058594,55.96282958984375,55.85678482055664
62.469322204589844,62.74441146850586,63.05231857299805,63.049373626708984,62.67513656616211,62.334224700927734,62.25574493408203,62.0994758605957,62.2821044921875,62.049861907958984,60.70646286010742,59.88068389892578,60.32653045654297,61.01048278808594,61.20216369628906,61.083465576171875,60.66862487792969,60.53768539428711,61.116641998291016,61.56155776977539,61.4589729309082,61.04627227783203,60.7089958190918,60.703453063964844,60.948123931884766,61.12694549560547,61.072967529296875,60.929786682128906,60.87990188598633,60.91677474975586,60.94342803955078,60.87410354614258,60.737815856933594,60.65266799926758,60.691619873046875,60.789188385009766,60.84732437133789,60.8424186706543,60.64180374145508,60.1450080871582,59.48857116699219,58.94766616821289,58.72502517700195,58.74692153930664,58.776832580566406
65.78299713134766,66.17710876464844,66.5840835571289,66.58452606201172,66.0367202758789,65.35567474365234,64.99402618408203,64.90672302246094,65.28749084472656,65.22985076904297,64.06562042236328,62.85634231567383,62.524959564208984,63.16189193725586,63.937828063964844,64.07847595214844,63.51625442504883,63.069580078125,63.261661529541016,63.492645263671875,63.5146598815918,63.49946594238281,63.527732849121094,63.64740753173828,63.83841323852539,64.03610229492188,64.09313201904297,63.94835662841797,63.73641586303711,63.59224319458008,63.51893997192383,63.44380187988281,63.384952545166016,63.429466247558594,63.52786636352539,63.539188385009766,63.45210647583008,63.362064361572266,63.18851089477539,62.76468276977539,62.14034652709961,61.58366012573242,61.34572219848633,61.36589813232422,61.409114837646484
68.42091369628906,68.74301147460938,69.159423828125,69.44184875488281,69.33912658691406,68.97824096679688,68.64362335205078,68.41090393066406,68.78311157226562,68.88715362548828,67.56334686279297,66.018798828125,65.1842041015625,65.60334777832031,66.63316345214844,67.05294799804688,66.70213317871094,66.31844329833984,66.10391998291016,65.7716293334961,65.581298828125,65.79197692871094,66.15807342529297,66.44278717041016,66.6692123413086,66.9255599975586,67.09135437011719,67.01522827148438,66.76780700683594,66.50577545166016,66.25521087646484,66.0165786743164,65.9063949584961,66.0554428100586,66.27517700195312,66.2607192993164,65.97236633300781,65.64765167236328,65.40568542480469,65.10381317138672,64.62999725341797,64.11801147460938,63.83245086669922,63.793575286865234,63.76705551147461
70.75056457519531,71.0576400756836,71.04839324951172,71.0868911743164,71.23932647705078,71.41991424560547,71.59449005126953,71.46746063232422,71.83792877197266,72.16630554199219,70.90225219726562,69.2753677368164,68.54871368408203,68.7855224609375,69.32402038574219,69.59972381591797,69.62483215332031,69.49710083007812,69.0222396850586,68.37462615966797,68.16941833496094,68.54226684570312,69.0085678100586,69.35760498046875,69.6795425415039,69.9610366821289,70.02069091796875,69.86897277832031,69.76728820800781,69.77717590332031,69.64795684814453,69.22960662841797,68.76690673828125,68.64616394042969,68.78520965576172,68.78279113769531,68.43563079833984,67.90188598632812,67.47430419921875,67.19293212890625,66.86116027832031,66.42110443115234,66.0461654663086,65.8698959350586,65.80006408691406
73.0945816040039,73.58330535888672,73.4657211303711,73.01180267333984,72.84779357910156,73.17194366455078,73.78287506103516,73.97540283203125,74.4542007446289,74.84870147705078,73.48004150390625,71.92156219482422,71.62860870361328,71.97966003417969,72.1080093383789,72.05311584472656,72.17695617675781,72.2060317993164,71.79593658447266,71.20561981201172,70.96390533447266,71.2950439453125,71.90889739990234,72.57418060302734,73.05902099609375,73.28978729248047,73.25245666503906,72.95955657958984,72.62673950195312,72.50814819335938,72.54354095458984,72.46654510498047,72.17990112304688,71.8967056274414,71.68463134765625,71.39208984375,70.951904296875,70.41109466552734,69.89595031738281,69.50997924804688,69.16798400878906,68.7433090209961,68.25762939453125,67.8768539428711,67.73054504394531
75.41104888916016,75.90726470947266,75.88910675048828,75.30768585205078,74.71436309814453,74.74303436279297,75.36177825927734,75.86003875732422,76.51604461669922,77.06681823730469,75.78055572509766,74.16277313232422,73.90001678466797,74.20443725585938,74.30587005615234,74.17704772949219,74.25401306152344,74.60179138183594,74.71971893310547,74.33331298828125,73.8241195678711,73.79962921142578,74.50874328613281,75.45709228515625,75.92206573486328,76.02564239501953,76.11235046386719,76.07830047607422,75.80540466308594,75.48419189453125,75.32447814941406,75.28612518310547,75.31995391845703,75.32536315917969,75.08153533935547,74.52867889404297,73.9047622680664,73.38932800292969,72.9521484375,72.52394104003906,72.04590606689453,71.4869384765625,70.84598541259766,70.28580474853516,70.04151153564453
77.48023223876953,78.03807830810547,78.13434600830078,77.7320556640625,77.10916900634766,76.8521499633789,77.24725341796875,77.71804809570312,78.35025024414062,79.03402709960938,78.09318542480469,76.4356460571289,75.77079772949219,75.65205383300781,75.6483383178711,75.69908905029297,75.94824981689453,76.59748840332031,77.1665267944336,77.04075622558594,76.60894012451172,76.74697875976562,77.41078186035156,77.69902801513672,77.56999969482422,77.65555572509766,78.06336975097656,78.47152709960938,78.71231842041016,78.77776336669922,78.62100219726562,78.29826354980469,78.09246063232422,78.10272216796875,78.01304626464844,77.63986206054688,77.1573715209961,76.73120880126953,76.36843872070312,75.95584106445312,75.4211196899414,74.7593765258789,74.00862121582031,73.2558364868164,72.753662109375
79.52935791015625,80.1133041381836,80.38098907470703,80.1460952758789,79.64425659179688,79.37637329101562,79.51936340332031,79.8114013671875,80.26771545410156,81.13206481933594,80.94319915771484,79.22924041748047,77.72978973388672,76.9720230102539,76.70206451416016,76.72814178466797,77.24880981445312,78.31356811523438,79.07991790771484,79.12631225585938,79.06736755371094,79.80709838867188,80.43531799316406,80.02544403076172,79.46966552734375,79.49967956542969,79.97096252441406,80.5719223022461,81.2004623413086,81.65352630615234,81.56483459472656,81.07452392578125,80.65377044677734,80.51209259033203,80.47561645507812,80.3750228881836,80.16492462158203,79.83634948730469,79.42987060546875,79.0040512084961,78.55054473876953,78.009765625,77.35008239746094,76.57470703125,75.87980651855469
81.85566711425781,82.41960144042969,82.8028335571289,82.6655044555664,82.25238800048828,81.97160339355469,81.9122085571289,82.02326202392578,82.39527130126953,83.21083068847656,84.03083801269531,82.75395965576172,80.1988296508789,78.87883758544922,78.31013488769531,77.92681121826172,78.3690414428711,79.5980453491211,80.01188659667969,80.17366027832031,80.7789306640625,82.0511703491211,82.47456359863281,81.91001892089844,81.8219223022461,81.86666870117188,81.93400573730469,82.22611236572266,82.93856811523438,83.54792785644531,83.41643524169922,82.82366180419922,82.38765716552734,82.318359375,82.45541381835938,82.57913208007812,82.58733367919922,82.42816162109375,82.05998992919922,81.5613784790039,81.08757019042969,80.6763916015625,80.22150421142578,79.6362075805664,79.07010650634766
83.7554931640625,84.534912109375,85.19020080566406,85.32524871826172,85.02427673339844,84.58507537841797,84.27108001708984,84.29390716552734,84.7763671875,85.46144104003906,86.3418197631836,86.3623275756836,83.88418579101562,81.58436584472656,80.74654388427734,80.69763946533203,80.73973846435547,80.93541717529297,80.98207092285156,81.56612396240234,82.54878997802734,83.5593490600586,83.43435668945312,83.39510345458984,84.00465393066406,84.18431091308594,84.7396011352539,85.38811492919922,85.93988800048828,86.14929962158203,85.53816223144531,84.57062530517578,84.12708282470703,84.32835388183594,84.72624969482422,84.89934539794922,84.76160430908203,84.41461181640625,83.95966339111328,83.54190826416016,83.27593231201172,83.05755615234375,82.6851806640625,82.11992645263672,81.6310806274414
84.90729522705078,85.89877319335938,87.0690689086914,87.7439193725586,87.65839385986328,87.06602478027344,86.56768798828125,86.6692123413086,87.3785171508789,88.24362182617188,88.6571273803711,88.8835220336914,87.81045532226562,85.23421478271484,83.36019897460938,82.79454040527344,82.73609161376953,82.6306381225586,82.7320327758789,83.35076141357422,84.20352172851562,84.99169158935547,84.19576263427734,84.40033721923828,85.84597778320312,86.39616394042969,87.1617431640625,88.74380493164062,90.61466217041016,91.44326782226562,90.34542846679688,88.85176849365234,87.98403930664062,87.913818359375,88.35155487060547,88.58494567871094,88.17149353027344,87.24681854248047,86.21330261230469,85.48555755615234,85.21472930908203,85.12824249267578,84.84858703613281,84.28382110595703,83.73225402832031
86.37622833251953,86.94478607177734,88.056884765625,89.09849548339844,89.4057846069336,88.81195831298828,88.16020965576172,88.44398498535156,89.54090118408203,90.53182983398438,90.7864990234375,91.22172546386719,91.52255249023438,89.98284912109375,87.45735168457031,85.75432586669922,85.04652404785156,84.55279541015625,84.30928802490234,84.80526733398438,85.68472290039062,86.11505889892578,85.87118530273438,85.09151458740234,86.8819580078125,89.29935455322266,89.63091278076172,89.60572814941406,89.46958923339844,89.1455078125,88.6063232421875,88.48199462890625,88.93607330322266,89.71334838867188,90.82304382324219,91.49612426757812,91.28230285644531,90.4165267944336,89.30322265625,88.31146240234375,87.7308578491211,87.51299285888672,87.40443420410156,87.19076538085938,86.8251724243164
87.9012451171875,87.86398315429688,88.65896606445312,89.72573852539062,90.22395324707031,89.55778503417969,88.64215087890625,89.10517120361328,90.50352478027344,91.5991439819336,92.33853912353516,92.75882720947266,93.03460693359375,92.91542053222656,91.72930908203125,90.13585662841797,89.14717102050781,88.37632751464844,87.525390625,87.63766479492188,88.74998474121094,89.35900115966797,88.5963363647461,87.90946960449219,89.29502868652344,90.94420623779297,90.74752807617188,90.3031234741211,90.10045623779297,89.89053344726562,89.6390380859375,89.66268920898438,90.04938507080078,90.9984130859375,92.13192749023438,92.54409790039062,92.1673583984375,91.63513946533203,91.19607543945312,90.89965057373047,90.76939392089844,90.6803970336914,90.49738311767578,90.17572021484375,89.70491790771484
