data/wind_data/wind_34_0.json
{"header": {"parameterUnit": "KT", "parameterCategory": 2, "nx": 255, "ny": 198, "lo1": 44.73521041870117, "la1": -3.236724853515625, "lo2": 111.26478576660156, "la2": 43.468475341796875, "dx": 0.26192745566368103, "dy": -0.23708222806453705, "refTime": "2025-02-20 10:00:00", "forecastTime": 0, "parameterNumber": 3, "parameterNumberName": "northward_wind"}, "data":
[rows 38 to 56 of 198, columns 129 to 171 of 255]
-7.1611175537109375,-4.808302402496338,-2.4101722240448,-0.21858952939510345,1.3594002723693848,2.938325881958008,2.335922956466675,2.79451060295105,5.88301420211792,3.950334072113037,-0.8004352450370789,-1.3317437171936035,-2.2336957454681396,-7.121409893035889,-5.947014808654785,-6.144558429718018,-6.4483537673950195,-5.9380974769592285,-4.209716796875,-3.9026455879211426,-5.0367021560668945,-6.508720397949219,-7.685576438903809,-8.073739051818848,-8.643312454223633,-7.239293575286865,-4.0611162185668945,-3.1588096618652344,-5.973330974578857,-7.824652194976807,-7.388460159301758,-6.893940448760986,-7.875824451446533,-9.986817359924316,-11.205534934997559,-9.788534164428711,-8.062359809875488,-8.353622436523438,-9.681204795837402,-11.222519874572754,-11.168844223022461,-9.584684371948242,-7.674665927886963
-7.04779577255249,-5.416860580444336,-3.1928672790527344,-0.7825372815132141,1.2504172325134277,3.772277355194092,1.6986078023910522,0.46228528022766113,1.813245177268982,-0.6545577049255371,-2.253148078918457,-3.308769702911377,-3.4456939697265625,-5.497799873352051,-4.855949401855469,-4.950342178344727,-5.438109397888184,-5.849658966064453,-5.072728633880615,-4.051760673522949,-4.480907917022705,-5.1757683753967285,-5.427065849304199,-5.084956169128418,-5.982901096343994,-6.932162761688232,-6.6806960105896,-4.771173477172852,-4.809413909912109,-6.159430503845215,-6.033819675445557,-5.523446083068848,-6.980931758880615,-8.882370948791504,-9.163090705871582,-8.654562950134277,-7.826374530792236,-7.537091255187988,-9.482711791992188,-11.804267883300781,-11.921419143676758,-9.657370567321777,-8.151216506958008
-7.560461044311523,-6.377105712890625,-5.2357707023620605,-3.0749518871307373,-2.1216237545013428,3.209137201309204,1.289705514907837,-2.3061180114746094,-3.5342671871185303,-3.6982827186584473,-2.503289222717285,-2.0615029335021973,-2.8113088607788086,-3.811278820037842,-2.2794628143310547,-3.149582624435425,-4.39398717880249,-5.635282516479492,-5.658918380737305,-4.780933856964111,-5.092705726623535,-4.924017429351807,-5.416905879974365,-5.379445552825928,-4.907281875610352,-6.363677978515625,-8.597845077514648,-7.69227409362793,-4.790740966796875,-4.984954833984375,-5.873018264770508,-7.108097553253174,-8.30384349822998,-7.985313892364502,-6.870512962341309,-7.423530578613281,-9.530374526977539,-10.446575164794922,-9.671050071716309,-9.912463188171387,-10.581268310546875,-9.431012153625488,-9.497100830078125
-8.160493850708008,-7.499019145965576,-7.473599910736084,-6.189793109893799,-7.656108379364014,-0.2045545130968094,-0.8021529912948608,-3.101074457168579,-2.948406457901001,-2.397096633911133,-2.145932674407959,-3.0824954509735107,-2.9546141624450684,-1.0739210844039917,-2.5087504386901855,-3.655674695968628,-4.226750373840332,-5.637975215911865,-5.933194637298584,-4.952291488647461,-4.812878131866455,-4.654954433441162,-5.742108345031738,-6.938303470611572,-6.453647613525391,-6.420755386352539,-7.627979755401611,-8.441170692443848,-5.616052627563477,-4.507076740264893,-6.586709976196289,-9.553577423095703,-9.696209907531738,-7.754383087158203,-6.738915920257568,-7.838476181030273,-10.329117774963379,-11.396435737609863,-9.682169914245605,-9.338159561157227,-10.033341407775879,-9.795979499816895,-9.425253868103027
-8.304732322692871,-8.57069206237793,-8.865253448486328,-9.33640193939209,-12.268153190612793,-5.603578567504883,-3.5232913494110107,-3.0800564289093018,-2.1810548305511475,-1.9263741970062256,-2.1185357570648193,-2.0766496658325195,-2.5353028774261475,-1.4557135105133057,-4.473143577575684,-4.308095455169678,-3.937755584716797,-4.945683002471924,-5.090344429016113,-4.275759220123291,-3.6323301792144775,-3.7028496265411377,-4.789482593536377,-5.783101558685303,-5.853652000427246,-5.818145751953125,-5.760867595672607,-6.9478607177734375,-5.894535064697266,-3.974163055419922,-5.650218963623047,-8.286552429199219,-8.333710670471191,-7.751290321350098,-8.22866153717041,-8.988813400268555,-8.486642837524414,-8.291757583618164,-9.839259147644043,-11.391602516174316,-10.434371948242188,-10.032085418701172,-9.01133918762207
-7.869936943054199,-9.198530197143555,-9.272844314575195,-10.906005859375,-13.95484447479248,-9.154497146606445,-5.035184860229492,-3.9493496417999268,-3.221001625061035,-2.892763376235962,-3.192411184310913,-3.1156985759735107,-1.7137651443481445,-3.9902195930480957,-4.148787975311279,-3.79990816116333,-3.9715704917907715,-4.65401554107666,-4.706096172332764,-5.123610496520996,-5.2663798332214355,-3.435844898223877,-3.5401341915130615,-4.516204833984375,-4.525806427001953,-4.625982761383057,-4.294760704040527,-5.141191482543945,-6.122195243835449,-6.459821701049805,-5.045220851898193,-4.521301746368408,-5.857827186584473,-7.403642177581787,-8.491164207458496,-9.164298057556152,-7.744200706481934,-8.096382141113281,-10.775778770446777,-10.883095741271973,-10.184762954711914,-10.81983470916748,-9.84382152557373
-7.039281368255615,-9.216294288635254,-9.732952117919922,-11.532299995422363,-13.830726623535156,-11.31922721862793,-7.013182640075684,-3.9336516857147217,-3.1905529499053955,-2.5276196002960205,-3.123800039291382,-5.55956506729126,-2.8749029636383057,-3.2025692462921143,-2.4906959533691406,-3.162986993789673,-4.104558944702148,-5.048029899597168,-5.619980335235596,-6.326145648956299,-7.331494331359863,-6.151130199432373,-3.8053743839263916,-3.785402774810791,-4.711004257202148,-5.394773960113525,-5.63804292678833,-5.275404453277588,-6.104846477508545,-8.279609680175781,-6.918827533721924,-4.663729667663574,-4.982420921325684,-6.5564165115356445,-7.948182582855225,-8.375524520874023,-8.505064010620117,-9.805880546569824,-9.681257247924805,-7.481108665466309,-8.56419563293457,-10.066469192504883,-9.453357696533203
-5.9034647941589355,-8.0672025680542,-9.981403350830078,-11.619537353515625,-13.457322120666504,-13.729448318481445,-6.885156154632568,-3.9951376914978027,-3.5921618938446045,-2.9740962982177734,-1.940863013267517,-1.2002291679382324,-3.3535399436950684,-2.662121534347534,-3.4170873165130615,-3.68420147895813,-4.304371356964111,-5.096725940704346,-5.297185897827148,-5.31885290145874,-6.636663913726807,-8.459685325622559,-7.420398235321045,-4.700624465942383,-4.2380194664001465,-6.073668956756592,-7.195756435394287,-5.134329795837402,-4.784312725067139,-6.742332935333252,-7.912398815155029,-7.598890781402588,-6.543430805206299,-6.536507606506348,-7.299595355987549,-7.307770252227783,-8.21716022491455,-9.525732040405273,-7.451399803161621,-5.460155487060547,-6.9137282371521,-7.848997116088867,-7.7057294845581055
-4.063091278076172,-6.251792907714844,-9.202101707458496,-10.412222862243652,-12.200156211853027,-13.40400218963623,-5.906862735748291,-3.0140480995178223,-2.884389877319336,-1.9532445669174194,-2.638221502304077,-0.7656222581863403,-1.4772226810455322,-2.0281078815460205,-3.5614819526672363,-3.648280382156372,-4.009750843048096,-4.734116554260254,-5.212261199951172,-5.153659343719482,-5.277231216430664,-6.616123676300049,-8.333745956420898,-6.415120601654053,-3.833796977996826,-4.530338764190674,-5.7754621505737305,-4.874800205230713,-5.142711162567139,-5.584055423736572,-6.0652923583984375,-7.1860151290893555,-7.810832500457764,-7.4191508293151855,-6.096726894378662,-6.799358367919922,-8.588698387145996,-9.906205177307129,-9.658116340637207,-6.818576335906982,-5.5517497062683105,-7.250363826751709,-7.771472930908203
0.7878998517990112,-4.032435417175293,-7.609323501586914,-8.4215726852417,-10.37637996673584,-11.839892387390137,-6.824647903442383,-2.6779353618621826,-2.6219708919525146,-1.3223559856414795,-1.0362650156021118,-1.941727876663208,-0.22229263186454773,-0.7283651232719421,-1.3440030813217163,-2.1644768714904785,-2.5460121631622314,-3.2837228775024414,-4.0053391456604,-4.196353435516357,-4.490018367767334,-4.946787357330322,-6.374634265899658,-7.3323140144348145,-5.0550384521484375,-3.289369583129883,-4.217471599578857,-4.785216331481934,-4.156986713409424,-4.121901035308838,-4.745328903198242,-6.540207386016846,-7.826593399047852,-6.377912521362305,-5.353265285491943,-7.081989765167236,-8.945067405700684,-10.6087064743042,-11.466744422912598,-8.208422660827637,-6.475880146026611,-8.85602855682373,-10.509049415588379
-1.2726798057556152,-2.5000226497650146,-4.729813575744629,-6.60906457901001,-8.646358489990234,-10.249876022338867,-9.038264274597168,-3.2081050872802734,-1.6289392709732056,-1.239282488822937,-0.5273297429084778,-2.0613040924072266,-2.2847728729248047,-1.154873013496399,-0.6964184045791626,-1.1527398824691772,-1.0993835926055908,-1.818938970565796,-2.9175822734832764,-3.3376824855804443,-3.585594654083252,-3.788015365600586,-5.1348347663879395,-6.826319217681885,-6.466372966766357,-4.648000717163086,-4.492944717407227,-5.372399806976318,-4.411545276641846,-3.473834753036499,-3.4640371799468994,-5.962459564208984,-7.46329402923584,-6.171192169189453,-5.42664909362793,-6.559845447540283,-8.747554779052734,-10.492883682250977,-10.400115013122559,-8.643854141235352,-8.1934232711792,-9.357316970825195,-10.992036819458008
-2.7369463443756104,-1.65377938747406,-0.9767520427703857,-5.1367506980896,-6.3351826667785645,-8.176488876342773,-8.7381591796875,-5.891495227813721,-3.060961961746216,-2.5637359619140625,-2.629086971282959,-2.6212151050567627,-3.0028958320617676,-1.6850290298461914,-1.1601957082748413,-0.6465857028961182,0.1053561270236969,-0.678125262260437,-1.4045652151107788,-2.041534423828125,-2.4185643196105957,-2.588299512863159,-3.3392083644866943,-5.22377347946167,-6.00993537902832,-6.097166538238525,-6.4547271728515625,-6.6641106605529785,-6.342864990234375,-6.248687744140625,-5.781334400177002,-4.539383888244629,-4.704977035522461,-6.116631031036377,-6.227891445159912,-7.105190277099609,-8.896089553833008,-9.966096878051758,-8.700551986694336,-7.831928730010986,-7.7659759521484375,-7.784713268280029,-8.660355567932129
-1.4333146810531616,-0.8298189043998718,-0.12568636238574982,-1.2114288806915283,-2.6831114292144775,-4.803144931793213,-5.323225021362305,-6.343972682952881,-5.46259880065918,-3.9204204082489014,-3.084575891494751,-2.479292154312134,-2.9283459186553955,-2.757286548614502,-2.061311960220337,-1.0368168354034424,0.4806039333343506,0.11736368387937546,-0.17367590963840485,-1.7037421464920044,-3.396454095840454,-3.273219585418701,-2.6116321086883545,-4.015322685241699,-5.04148530960083,-5.798752307891846,-6.632259845733643,-6.104754447937012,-5.564060688018799,-7.550771713256836,-8.547321319580078,-6.347429275512695,-5.034068584442139,-5.4214959144592285,-5.60357666015625,-6.245707035064697,-8.132481575012207,-9.031134605407715,-8.30344009399414,-9.004594802856445,-9.10480785369873,-7.966158866882324,-7.57347297668457
-0.8364770412445068,0.8219747543334961,1.3028664588928223,2.685396432876587,-0.17217473685741425,-2.2713918685913086,-3.0731232166290283,-3.241240978240967,-2.9510350227355957,-2.122093439102173,-0.911928653717041,-0.7274194359779358,-2.1529784202575684,-2.6115219593048096,-2.509488821029663,-2.419353485107422,-1.6092978715896606,-0.2311764508485794,-0.28103551268577576,-1.9896129369735718,-4.077163219451904,-4.65058708190918,-4.425121784210205,-3.709282636642456,-3.6801211833953857,-4.716957092285156,-5.038744926452637,-5.082380294799805,-5.286962985992432,-6.022060394287109,-6.740542411804199,-7.573300361633301,-7.755595684051514,-6.420614242553711,-5.473498344421387,-5.976954460144043,-6.825527191162109,-7.542159557342529,-9.817182540893555,-10.194295883178711,-9.625884056091309,-9.336403846740723,-9.5320405960083
-0.4758298099040985,0.236867755651474,1.5464627742767334,2.975431442260742,3.726004123687744,2.2666001319885254,-2.2373030185699463,-0.8570244908332825,-1.0472044944763184,-0.7912102341651917,-0.8243123292922974,-0.36364004015922546,0.2648584842681885,-0.7458512187004089,-1.9015504121780396,-3.0202627182006836,-4.1152777671813965,-3.3796350955963135,-2.224877119064331,-1.4803612232208252,-2.5894901752471924,-4.0770697593688965,-5.456170558929443,-5.061499118804932,-3.8507614135742188,-4.521327018737793,-4.668266773223877,-4.473978042602539,-4.934497833251953,-6.510303020477295,-7.294421195983887,-6.106106281280518,-6.210428237915039,-7.303094863891602,-7.766552925109863,-7.561569690704346,-5.841249465942383,-6.461736679077148,-9.008841514587402,-8.083654403686523,-7.723747730255127,-9.270875930786133,-10.806696891784668
-1.0976059436798096,-0.8989338278770447,-0.7775297164916992,-0.16854988038539886,0.5959737300872803,0.8422596454620361,0.1532200574874878,0.2534160315990448,0.2928982377052307,0.08561673760414124,-0.10784339904785156,-1.2522985935211182,-0.22604620456695557,0.246552512049675,-0.39655613899230957,-1.7761658430099487,-3.0530266761779785,-3.399242401123047,-2.4198436737060547,-1.3782954216003418,-1.9524736404418945,-2.8306937217712402,-3.796994686126709,-4.219989776611328,-3.4787769317626953,-3.1586203575134277,-2.9049065113067627,-3.440856695175171,-5.027437210083008,-6.327269554138184,-6.523957252502441,-5.910001754760742,-6.370666980743408,-6.667017936706543,-6.857487678527832,-7.205540657043457,-7.623349666595459,-7.592959880828857,-7.509801387786865,-7.889082908630371,-7.922120094299316,-8.432936668395996,-9.672162055969238
1.0040935277938843,1.1294549703598022,0.6871623992919922,0.17924344539642334,0.36500486731529236,0.31630098819732666,0.13883203268051147,0.4528553783893585,1.2185957431793213,0.013071333989501,0.12336408346891403,0.623981773853302,0.08915994316339493,0.6532066464424133,1.4319125413894653,0.3881298005580902,-0.41184014081954956,-0.3247584402561188,0.45314252376556396,0.936273455619812,-0.469164103269577,-1.5585883855819702,-1.8768764734268188,-1.8316426277160645,-2.355595827102661,-2.715777635574341,-2.7754874229431152,-3.184598922729492,-4.245744705200195,-4.230362415313721,-4.427275657653809,-5.6552276611328125,-6.230041980743408,-4.888093948364258,-4.9409871101379395,-6.533139705657959,-7.904580593109131,-7.622453689575195,-7.626096725463867,-8.347044944763184,-8.624293327331543,-8.59631633758545,-8.991769790649414
-0.09716074913740158,-0.230796679854393,-0.1144573837518692,-0.19229936599731445,-0.1475418508052826,-0.7492368221282959,-0.920842170715332,-0.7457951307296753,0.8318300247192383,0.14915281534194946,-1.6218963861465454,0.590994119644165,1.3695672750473022,1.0114469528198242,1.9126670360565186,1.8194127082824707,0.9371222853660583,0.7920990586280823,0.7832701802253723,0.19999366998672485,-0.324800580739975,-0.8069449663162231,-1.4654819965362549,-1.5546536445617676,-1.4515142440795898,-2.4376204013824463,-3.06618595123291,-2.482057809829712,-2.8428726196289062,-3.4403045177459717,-3.9340670108795166,-4.159104824066162,-4.558825492858887,-5.089410781860352,-5.853749752044678,-6.067948341369629,-5.737903594970703,-6.44858980178833,-7.378101825714111,-7.47846794128418,-7.806187629699707,-8.407722473144531,-8.931212425231934
-0.4506467282772064,-0.8522140383720398,-0.5607435703277588,-1.1344014406204224,-2.427150249481201,-5.056985378265381,-0.5695215463638306,-1.367882251739502,-0.06745541095733643,0.23164521157741547,-1.0384471416473389,-0.05192584544420242,1.5179141759872437,0.552080512046814,0.2858918607234955,1.8194066286087036,1.5901210308074951,0.3576534390449524,-0.8877259492874146,-0.597212553024292,0.08501145988702774,-0.1358608454465866,-0.7857475280761719,-1.2181051969528198,-0.5955033898353577,-0.943769633769989,-1.7545514106750488,-2.2326810359954834,-2.9184906482696533,-3.2980167865753174,-3.628802537918091,-4.089498996734619,-4.677552700042725,-5.408071041107178,-6.3903350830078125,-6.530356407165527,-5.778314590454102,-5.9002203941345215,-6.540988922119141,-7.042685508728027,-7.347085952758789,-7.680990219116211,-8.407885551452637
