data/wind_data/wind_70_7.json
{"header": {"parameterUnit": "KT", "parameterCategory": 2, "nx": 256, "ny": 198, "lo1": 44.73521041870117, "la1": -3.236724853515625, "lo2": 111.26478576660156, "la2": 43.468475341796875, "dx": 0.2609002888202667, "dy": -0.23708222806453705, "refTime": "2025-02-21 22:00:00", "forecastTime": 0, "parameterNumber": 2, "parameterNumberName": "eastward_wind"}, "data":
[rows 140 to 159 of 198, columns 132 to 175 of 256]
68.34640502929688,68.10211181640625,66.00381469726562,65.11485290527344,66.06244659423828,66.35990905761719,66.29398345947266,67.13748168945312,66.97804260253906,65.51998138427734,65.18693542480469,65.59557342529297,64.79217529296875,64.00596618652344,65.02811431884766,65.92871856689453,64.37589263916016,62.804012298583984,64.08470153808594,66.5588150024414,67.84832000732422,67.6197509765625,66.31106567382812,64.4597396850586,63.03258514404297,63.17348098754883,64.65091705322266,65.49559020996094,65.04894256591797,64.504150390625,64.42115020751953,63.9483642578125,63.03607177734375,62.92225646972656,62.90080261230469,61.7396240234375,60.95899963378906,61.385311126708984,62.02961349487305,62.66730880737305,63.41584396362305,63.87523651123047,63.65566635131836,63.03522491455078
66.4150161743164,66.43387603759766,64.89460754394531,65.26968383789062,66.09272766113281,65.24839782714844,65.48328399658203,67.16300201416016,66.9192123413086,65.5130615234375,65.8966064453125,66.57579040527344,64.97492980957031,63.2429084777832,64.00251007080078,65.45165252685547,64.84661865234375,63.05484390258789,62.85246276855469,64.71488952636719,67.00129699707031,68.13038635253906,67.44572448730469,65.3356704711914,63.02727508544922,62.11543273925781,63.0330810546875,64.10321807861328,64.02247619628906,63.29901123046875,62.791385650634766,62.3016357421875,61.47983932495117,61.15087127685547,61.24003601074219,60.486785888671875,59.66657257080078,59.99409103393555,60.84093475341797,61.50212097167969,61.887229919433594,62.045902252197266,62.10425567626953,62.17593765258789
63.9110221862793,65.02008056640625,65.46202087402344,66.17543029785156,65.23149871826172,63.83293914794922,65.3359375,67.42406463623047,66.4959945678711,65.10411834716797,66.04212188720703,66.93203735351562,65.39534759521484,63.34553527832031,63.21556091308594,64.37354278564453,64.57440185546875,63.269596099853516,62.473602294921875,63.67424011230469,65.82474517822266,67.22817993164062,67.11923217773438,65.47393035888672,62.98465347290039,60.899375915527344,60.26913070678711,60.99409484863281,62.153743743896484,62.60409164428711,62.02882385253906,61.06904220581055,60.41586685180664,60.17941665649414,59.79332733154297,59.08575439453125,58.733707427978516,58.997528076171875,59.4962043762207,59.96622848510742,60.277984619140625,60.4116325378418,60.55677032470703,61.12911605834961
61.708099365234375,65.04611206054688,66.63390350341797,65.54608154296875,63.52134704589844,63.434783935546875,65.70210266113281,66.77537536621094,65.4684829711914,64.83724212646484,66.1601791381836,67.04364776611328,65.86026763916016,63.803775787353516,62.80170822143555,63.05275344848633,63.25971221923828,63.01614761352539,63.27521514892578,64.31388854980469,65.21755981445312,65.41766357421875,65.1360855102539,64.14012908935547,61.9582405090332,59.317955017089844,57.85538101196289,58.46331024169922,60.48304748535156,61.821598052978516,61.2134895324707,59.724205017089844,59.08906555175781,59.34550857543945,59.24185562133789,58.74006652832031,58.547943115234375,58.53181076049805,58.575233459472656,58.80784225463867,59.174983978271484,59.66880416870117,60.23523712158203,61.18062973022461
61.49689483642578,64.46308898925781,65.38007354736328,64.34196472167969,63.759517669677734,64.43353271484375,64.8702392578125,64.69620513916016,64.94319915771484,65.59339904785156,66.18762969970703,66.322021484375,65.31932830810547,63.58866500854492,62.71450424194336,62.842838287353516,62.54159927368164,62.2930793762207,63.51438522338867,64.9740219116211,64.8238754272461,63.4470100402832,62.31917953491211,61.591773986816406,60.05845260620117,57.981346130371094,56.96120834350586,57.70732498168945,59.565975189208984,60.790950775146484,60.3316535949707,58.9689826965332,58.088035583496094,58.21421432495117,58.58293151855469,58.58137512207031,58.61900329589844,58.91244125366211,59.1640510559082,59.31491470336914,59.61081314086914,60.16017532348633,60.87479019165039,61.973758697509766
60.22053909301758,61.97766876220703,64.41256713867188,65.16209411621094,64.62528991699219,64.29695892333984,63.35267639160156,62.85118103027344,64.5774154663086,65.94690704345703,65.084716796875,63.9632568359375,63.69642639160156,63.5706672668457,63.437713623046875,63.18440246582031,62.1931037902832,61.747982025146484,63.247676849365234,64.62843322753906,63.79608154296875,61.684104919433594,60.028038024902344,59.05967330932617,58.009788513183594,57.165306091308594,57.16278076171875,57.83417510986328,58.828121185302734,59.654014587402344,59.715274810791016,58.97954177856445,57.8927116394043,57.21918869018555,57.14018630981445,57.48426055908203,58.542118072509766,59.93263244628906,60.683006286621094,60.89444351196289,61.09029769897461,61.27777099609375,61.78194046020508,62.988006591796875
58.612483978271484,60.753849029541016,63.92567443847656,64.91448211669922,64.31489562988281,64.22822570800781,63.56342315673828,62.39909362792969,62.72452163696289,63.60518264770508,63.08538055419922,62.241172790527344,62.56740951538086,63.65889358520508,64.43865203857422,63.749839782714844,61.731285095214844,60.809139251708984,62.06906509399414,63.12468338012695,62.34233093261719,60.4835090637207,58.548118591308594,57.084529876708984,56.56125259399414,57.022132873535156,57.46723937988281,57.2559928894043,57.42030334472656,58.56671905517578,59.36229705810547,58.76870346069336,57.35774612426758,56.52644348144531,56.67597198486328,57.2967643737793,58.544166564941406,60.17087173461914,60.95306396484375,61.156044006347656,61.80856704711914,62.500518798828125,63.010711669921875,63.76505661010742
57.12192153930664,59.236141204833984,62.69577407836914,63.95310974121094,63.87126159667969,64.576416015625,64.54270935058594,62.49399948120117,60.458251953125,60.28034591674805,60.973899841308594,61.30819320678711,61.841983795166016,63.563838958740234,65.08757781982422,63.77974319458008,60.637657165527344,59.435707092285156,60.67727279663086,61.44767379760742,60.82313537597656,59.47010803222656,57.45270919799805,55.75283432006836,56.16040802001953,57.759788513183594,57.72629928588867,55.942901611328125,55.3028450012207,57.0107421875,58.47640609741211,58.02684783935547,57.0075798034668,56.91514205932617,57.65887451171875,58.3272819519043,58.80382537841797,59.44971466064453,59.86985397338867,60.393104553222656,61.806270599365234,63.30685806274414,63.99867630004883,63.936546325683594
56.27827835083008,57.911781311035156,60.612693786621094,62.30059814453125,63.578155517578125,64.81071472167969,64.59397888183594,62.24606704711914,59.44075393676758,58.587921142578125,59.606204986572266,60.354679107666016,60.80452346801758,63.042781829833984,64.860107421875,62.717262268066406,58.858238220214844,58.02467727661133,59.92485809326172,60.611515045166016,59.45387649536133,58.122764587402344,56.7681999206543,55.52324676513672,56.06029510498047,57.55013656616211,57.112098693847656,54.922210693359375,53.797428131103516,55.04779052734375,56.879600524902344,57.614349365234375,57.52278518676758,57.49965286254883,58.11386489868164,58.92870330810547,58.9793586730957,58.50752639770508,58.608123779296875,59.87523651123047,61.846885681152344,63.336753845214844,63.747169494628906,63.35285186767578
56.568214416503906,57.69384765625,58.906063079833984,60.212615966796875,62.57416534423828,64.79398345947266,64.19053649902344,61.016014099121094,58.2900505065918,57.95685958862305,59.30527877807617,60.389556884765625,60.607330322265625,61.45594024658203,62.19251251220703,60.73885726928711,58.149784088134766,57.31064224243164,58.676483154296875,59.534515380859375,58.739498138427734,57.561866760253906,56.803096771240234,55.987125396728516,55.42448043823242,55.46324157714844,55.27762985229492,54.411930084228516,53.5593147277832,53.88201141357422,55.435176849365234,57.04104232788086,57.669612884521484,57.57097244262695,57.86962127685547,58.67913055419922,58.97382736206055,58.62892150878906,58.78044891357422,60.114173889160156,61.8168830871582,62.65528869628906,62.56559371948242,62.50286865234375
58.019691467285156,57.95493698120117,57.66290283203125,59.20107650756836,62.535888671875,64.23311614990234,61.97972106933594,58.452117919921875,57.4281005859375,58.61948776245117,59.69064712524414,60.266361236572266,59.9630241394043,58.83805847167969,58.3338508605957,58.788063049316406,58.692928314208984,57.33177947998047,56.23214340209961,56.82685852050781,58.27020263671875,58.64243698120117,57.7655143737793,56.15612030029297,54.26216125488281,53.17050552368164,53.2512092590332,53.451805114746094,53.427345275878906,53.84394454956055,54.774009704589844,55.671356201171875,56.227813720703125,56.68538284301758,57.34915542602539,58.07138442993164,58.684391021728516,59.27882385253906,59.81140899658203,60.55826950073242,61.54701232910156,62.03473663330078,61.87202453613281,62.147220611572266
57.432315826416016,58.38394546508789,58.763710021972656,59.55046844482422,61.56014633178711,62.64738082885742,60.18450164794922,56.757442474365234,56.44269943237305,58.29228973388672,59.154754638671875,58.907833099365234,57.9425163269043,56.414833068847656,55.96864318847656,57.127899169921875,57.95647048950195,56.9068603515625,54.9024772644043,54.422908782958984,56.529727935791016,58.8665771484375,58.88845443725586,56.726776123046875,53.872589111328125,52.21102523803711,52.183738708496094,52.59001922607422,53.14841079711914,53.96160888671875,54.30165481567383,54.22040939331055,54.57382583618164,55.51691436767578,56.464420318603516,57.08026885986328,57.84671401977539,59.237003326416016,60.46010971069336,60.92867660522461,61.35270309448242,61.85678482055664,61.975826263427734,62.33211135864258
55.653541564941406,58.35406494140625,60.178585052490234,60.60783767700195,60.471107482910156,60.10179901123047,58.63174057006836,56.76175308227539,56.61408233642578,57.93565368652344,58.10037612915039,56.55746078491211,54.9957160949707,54.435062408447266,54.75449752807617,55.41503143310547,56.01728820800781,56.08647155761719,55.13160705566406,53.992916107177734,54.60442352294922,57.08015823364258,58.78412628173828,57.68555450439453,54.80216598510742,52.631710052490234,52.12118911743164,52.503440856933594,53.30498504638672,54.0351676940918,53.94948959350586,53.648128509521484,54.17743682861328,55.11802291870117,55.433292388916016,55.4375114440918,56.44004440307617,58.80411148071289,60.99565887451172,61.55598831176758,61.29136657714844,61.43916702270508,61.86764907836914,62.5296745300293
54.983612060546875,58.41936111450195,60.29350662231445,60.29726791381836,59.09275817871094,58.100791931152344,57.48440170288086,56.572635650634766,56.16493225097656,57.36751174926758,57.872215270996094,55.7403450012207,53.184139251708984,52.484222412109375,52.840415954589844,53.211795806884766,54.016204833984375,55.10417556762695,55.247013092041016,54.438499450683594,54.11384582519531,55.25026321411133,57.003273010253906,57.25494384765625,55.56395721435547,53.93570327758789,53.28939437866211,52.999027252197266,53.18352508544922,53.89242935180664,54.394439697265625,54.45318603515625,54.63722610473633,54.84865188598633,54.4778938293457,54.24428939819336,55.64190673828125,58.59095764160156,61.10984802246094,61.6124153137207,60.79510498046875,60.52363967895508,61.37742614746094,62.58838653564453
55.36733627319336,58.77432632446289,59.42828369140625,58.25722122192383,57.004085540771484,56.530921936035156,56.31610107421875,55.883026123046875,55.92738723754883,57.01472854614258,57.237892150878906,54.93983459472656,52.3789176940918,51.77287292480469,51.60932540893555,51.129547119140625,52.074440002441406,54.07646560668945,54.795372009277344,54.25929260253906,54.061851501464844,54.49031448364258,55.328277587890625,55.70416259765625,54.95671463012695,54.269290924072266,54.37241744995117,54.06275177001953,53.46126937866211,53.83177947998047,54.75937271118164,55.133705139160156,55.08639144897461,54.88754653930664,54.29464340209961,54.04194259643555,55.515838623046875,58.36040115356445,60.571311950683594,60.948638916015625,60.19961929321289,60.05763244628906,61.24924087524414,62.563724517822266
55.775413513183594,58.42377471923828,57.4162483215332,55.178443908691406,54.58446502685547,54.892921447753906,54.66703414916992,54.754638671875,55.91758346557617,56.95356369018555,56.093040466308594,53.45354080200195,51.46495056152344,51.430912017822266,51.4269905090332,50.79133605957031,51.37588119506836,53.2061653137207,54.07637405395508,53.55918502807617,53.24739456176758,53.534706115722656,53.89665603637695,54.14388656616211,53.86458206176758,53.50532913208008,54.04829788208008,54.74125671386719,54.5193977355957,54.230491638183594,54.65043258666992,55.15361404418945,55.2770881652832,55.002723693847656,54.374019622802734,54.27936935424805,55.798858642578125,58.2559700012207,59.94850158691406,60.27326202392578,59.976436614990234,60.179054260253906,61.19341278076172,62.130775451660156
55.581275939941406,56.597900390625,54.75498580932617,53.066627502441406,52.673343658447266,52.53052520751953,52.66793441772461,53.835575103759766,55.62190246582031,56.250911712646484,54.90589904785156,52.59499740600586,51.114383697509766,50.985042572021484,51.24260711669922,51.4178466796875,51.82640838623047,52.55768585205078,53.089874267578125,52.97267150878906,52.41471862792969,52.18307876586914,52.46414566040039,52.57975769042969,52.29135513305664,52.57583999633789,53.81247329711914,54.71053695678711,54.64387512207031,54.60383987426758,54.98224639892578,55.264652252197266,55.36674499511719,55.21631622314453,54.79924011230469,54.86547088623047,56.068199157714844,57.748233795166016,58.98165512084961,59.73482131958008,60.34632110595703,60.78238296508789,61.09515380859375,61.544281005859375
54.41828155517578,54.07003402709961,52.67838668823242,51.90711975097656,51.48601531982422,51.29986572265625,51.55885696411133,52.41884231567383,53.72611999511719,54.62545394897461,54.305442810058594,52.823177337646484,51.34556198120117,50.84790802001953,51.121089935302734,51.5639533996582,51.78144073486328,51.91498947143555,52.23512268066406,52.36404037475586,51.873619079589844,51.36198043823242,51.32575607299805,51.146697998046875,50.84598922729492,51.59764862060547,53.23703384399414,54.206783294677734,54.31267166137695,54.742889404296875,55.502281188964844,55.66991424560547,55.35209274291992,55.14286804199219,55.298805236816406,55.71084213256836,56.352943420410156,57.07940673828125,58.019195556640625,59.44518280029297,60.80636215209961,61.185508728027344,60.993370056152344,61.325653076171875
52.053871154785156,51.44720458984375,51.63801574707031,51.97951889038086,51.528785705566406,51.52397537231445,51.36168670654297,50.686710357666016,51.08469772338867,52.55522918701172,53.42601776123047,52.72537612915039,51.55506134033203,51.31608200073242,51.47608947753906,51.21617889404297,50.89151382446289,50.9390983581543,51.24080276489258,51.3664665222168,51.12582778930664,50.96183776855469,50.82417678833008,50.12646484375,49.63196563720703,50.73196029663086,52.614898681640625,53.61098861694336,53.91310501098633,54.562007904052734,55.44355010986328,55.69084167480469,55.21892547607422,54.95698165893555,55.59211730957031,56.47119140625,56.89019012451172,57.09066390991211,57.8370246887207,59.287601470947266,60.581180572509766,60.93106460571289,60.886600494384766,61.1541633605957
49.15504455566406,49.86481857299805,51.907928466796875,52.5928955078125,51.70366668701172,51.2705078125,50.57041931152344,49.25084686279297,49.17818069458008,50.625953674316406,51.951114654541016,51.852500915527344,51.08077621459961,51.11288833618164,51.412757873535156,51.00171661376953,50.485836029052734,50.34064865112305,50.18291091918945,49.97102355957031,49.934329986572266,50.214744567871094,50.36545944213867,49.665443420410156,48.910953521728516,49.81393051147461,51.872684478759766,53.24394226074219,53.8035888671875,54.30632781982422,54.792274475097656,55.084102630615234,55.078277587890625,55.009822845458984,55.63003921508789,56.76408767700195,57.446022033691406,57.59073257446289,58.09995651245117,59.07923126220703,60.04367446899414,60.51626205444336,60.48960494995117,60.25479507446289
