data/wind_data/wind_34_5.json
{"header": {"parameterUnit": "KT", "parameterCategory": 2, "nx": 256, "ny": 198, "lo1": 44.73521041870117, "la1": -3.236724853515625, "lo2": 111.26478576660156, "la2": 43.468475341796875, "dx": 0.2609002888202667, "dy": -0.23708222806453705, "refTime": "2025-02-20 10:00:00", "forecastTime": 0, "parameterNumber": 2, "parameterNumberName": "eastward_wind"}, "data":
[rows 95 to 113 of 198, columns 0 to 43 of 256]
53.410545349121094,53.8577995300293,53.48268508911133,52.64152908325195,51.00693130493164,49.05360412597656,47.30045700073242,45.76274490356445,44.58385467529297,43.837894439697266,43.36439514160156,42.89126968383789,42.31338119506836,41.775238037109375,41.364994049072266,40.93223190307617,40.27383041381836,39.4171028137207,38.559513092041016,37.82413864135742,37.21563720703125,36.761512756347656,36.53988265991211,36.491519927978516,36.49730682373047,36.47256088256836,36.366737365722656,36.1057243347168,35.68789291381836,35.159847259521484,34.5843391418457,33.99013900756836,33.35338592529297,32.646785736083984,32.02925491333008,31.671581268310547,31.675439834594727,31.98623275756836,32.31609344482422,32.558265686035156,32.87177658081055,33.33218765258789,33.83321762084961,34.11338424682617
54.93360137939453,55.50160598754883,55.15576934814453,54.424564361572266,53.21627426147461,51.75080108642578,50.275577545166016,48.793914794921875,47.38573455810547,46.280059814453125,45.65085983276367,45.1507682800293,44.47932434082031,43.75282287597656,43.1965446472168,42.780826568603516,42.28157043457031,41.55730438232422,40.67061996459961,39.76599884033203,38.992584228515625,38.4437255859375,38.142948150634766,37.97897720336914,37.867759704589844,37.79100036621094,37.68989181518555,37.4916877746582,37.17257308959961,36.727935791015625,36.215118408203125,35.694175720214844,35.154327392578125,34.544376373291016,33.963768005371094,33.52151870727539,33.340301513671875,33.40529251098633,33.49213409423828,33.599674224853516,33.9396858215332,34.471275329589844,34.871185302734375,34.763397216796875
55.954708099365234,56.453433990478516,56.2056884765625,55.80024719238281,54.98504638671875,53.710243225097656,52.47576904296875,51.405128479003906,50.248199462890625,49.14478302001953,48.42451477050781,47.86961364746094,47.11233901977539,46.157623291015625,45.29273223876953,44.71915054321289,44.32295227050781,43.81230545043945,43.04436111450195,42.05379104614258,41.04088592529297,40.28754425048828,39.882652282714844,39.67649459838867,39.51565170288086,39.37464904785156,39.22127151489258,39.0010986328125,38.72010803222656,38.336456298828125,37.85063552856445,37.35277557373047,36.85811996459961,36.32389450073242,35.84235382080078,35.44573211669922,35.16626739501953,34.978355407714844,34.7847785949707,34.762107849121094,35.137611389160156,35.70513916015625,35.92451858520508,35.52472686767578
56.50251388549805,56.9310188293457,56.77477264404297,56.7867546081543,56.42875289916992,55.39879608154297,54.21971130371094,53.30410385131836,52.506649017333984,51.68498229980469,51.027008056640625,50.549644470214844,49.87601089477539,48.859397888183594,47.76564025878906,46.98545837402344,46.54069137573242,46.125797271728516,45.48738098144531,44.55111312866211,43.471214294433594,42.56062698364258,41.99774169921875,41.69612121582031,41.46481704711914,41.2515754699707,41.02456283569336,40.76073455810547,40.43463134765625,40.035491943359375,39.52527618408203,38.95542526245117,38.43184280395508,37.99137878417969,37.620941162109375,37.30240249633789,37.0161018371582,36.70132064819336,36.33274459838867,36.13672637939453,36.4017448425293,36.81728744506836,36.86609649658203,36.4593391418457
56.60795593261719,57.06553268432617,56.97410202026367,57.1727294921875,57.39876174926758,56.971534729003906,55.9001350402832,54.906517028808594,54.17726516723633,53.46879959106445,52.987335205078125,52.66508102416992,52.123619079589844,51.252906799316406,50.307945251464844,49.565555572509766,49.06745529174805,48.555233001708984,47.850914001464844,46.9489860534668,45.94242858886719,44.990936279296875,44.30547332763672,43.89814758300781,43.590274810791016,43.28775405883789,42.99398422241211,42.69517517089844,42.3653564453125,41.961280822753906,41.38894271850586,40.66683578491211,40.0013427734375,39.56119155883789,39.27461624145508,39.06754684448242,38.82890319824219,38.503631591796875,38.08189010620117,37.78300857543945,37.88005447387695,38.02009963989258,37.900543212890625,37.67234802246094
56.281673431396484,56.824440002441406,56.89569091796875,57.21841049194336,58.07388687133789,58.17926025390625,57.290775299072266,56.27677536010742,55.4781608581543,54.76083755493164,54.407325744628906,54.16413116455078,53.73569107055664,53.1502571105957,52.54030227661133,52.0347785949707,51.57453918457031,50.931514739990234,50.03144836425781,49.015167236328125,48.008094787597656,47.0875129699707,46.39977264404297,45.96556854248047,45.6324462890625,45.26973342895508,44.87224578857422,44.5062255859375,44.214847564697266,43.9048957824707,43.37313461303711,42.56404495239258,41.7001838684082,41.081512451171875,40.7371940612793,40.56271743774414,40.350833892822266,40.06385040283203,39.726558685302734,39.52942657470703,39.57411193847656,39.466217041015625,39.232662200927734,39.24187088012695
56.1133918762207,56.53000259399414,56.701698303222656,57.22761154174805,58.55919647216797,59.02012252807617,58.22468185424805,57.17262268066406,56.43657684326172,55.82490158081055,55.38018035888672,55.05284118652344,54.790470123291016,54.60496520996094,54.37716293334961,54.08133316040039,53.66080856323242,52.96079635620117,51.946990966796875,50.792388916015625,49.69932556152344,48.79084014892578,48.153350830078125,47.75593566894531,47.43997573852539,47.05582809448242,46.5666389465332,46.092472076416016,45.732398986816406,45.445152282714844,45.037132263183594,44.341407775878906,43.43989944458008,42.632652282714844,42.1436653137207,41.85942459106445,41.581260681152344,41.27946472167969,41.04540252685547,40.93618392944336,40.91735076904297,40.8466911315918,40.734291076660156,40.87104415893555
55.92084884643555,55.86873245239258,56.093894958496094,56.93232345581055,58.64626693725586,59.32251739501953,58.672340393066406,57.54623031616211,56.788795471191406,56.346473693847656,55.90250015258789,55.43775939941406,55.271724700927734,55.49058151245117,55.64542007446289,55.55509567260742,55.234683990478516,54.59458923339844,53.64461135864258,52.546321868896484,51.43230056762695,50.47643280029297,49.828948974609375,49.42655944824219,49.070194244384766,48.6005859375,47.9975700378418,47.39193344116211,46.929710388183594,46.59010314941406,46.20572280883789,45.63521957397461,44.8649787902832,44.05546188354492,43.47047424316406,43.17878341674805,42.903076171875,42.52151107788086,42.274742126464844,42.08054733276367,41.97788619995117,42.0130729675293,42.089019775390625,42.35517883300781
55.95191192626953,55.504295349121094,55.63951873779297,56.48899459838867,58.261871337890625,59.234107971191406,58.87260055541992,57.92647933959961,56.99235153198242,56.38398361206055,56.07059860229492,55.661861419677734,55.4671745300293,55.82185745239258,56.143463134765625,56.1944465637207,56.04305648803711,55.63539505004883,54.97269821166992,54.07394027709961,53.038352966308594,52.150508880615234,51.50390625,51.0112419128418,50.52606964111328,49.92628479003906,49.214725494384766,48.52460479736328,48.00349044799805,47.58171844482422,47.13804626464844,46.65591812133789,46.10838317871094,45.4867057800293,44.994712829589844,44.68986129760742,44.350833892822266,43.98371505737305,43.68439865112305,43.328369140625,43.124385833740234,43.15843200683594,43.298439025878906,43.6152458190918
56.578495025634766,55.90673065185547,55.68622589111328,56.03526306152344,57.50160598754883,58.73114013671875,58.75804901123047,58.020694732666016,57.13728332519531,56.489009857177734,56.19166564941406,55.8836555480957,55.69990158081055,55.96272659301758,56.2459716796875,56.285404205322266,56.25893020629883,56.13643264770508,55.7723503112793,55.06504821777344,54.17734909057617,53.38997268676758,52.802459716796875,52.3399543762207,51.79450607299805,51.12022018432617,50.392818450927734,49.73190689086914,49.21895980834961,48.78572082519531,48.33839797973633,47.936641693115234,47.58544158935547,47.22246170043945,46.799015045166016,46.368953704833984,45.991432189941406,45.69999694824219,45.36380386352539,44.962257385253906,44.709922790527344,44.57887268066406,44.61166000366211,45.03307342529297
57.72135543823242,56.80817794799805,56.182640075683594,55.98586654663086,56.84880065917969,57.93601608276367,58.095794677734375,57.30165481567383,56.864139556884766,56.67018127441406,56.30970001220703,56.027103424072266,55.9398307800293,56.174407958984375,56.45151901245117,56.39438247680664,56.42506408691406,56.527610778808594,56.22610855102539,55.479774475097656,54.6530647277832,54.039859771728516,53.64131164550781,53.24884033203125,52.75647735595703,52.240901947021484,51.751468658447266,51.27458190917969,50.761600494384766,50.194358825683594,49.732906341552734,49.449764251708984,49.196041107177734,48.96658706665039,48.639644622802734,48.23781967163086,47.89868927001953,47.634151458740234,47.4106559753418,47.11686325073242,46.78973388671875,46.40871810913086,46.27652359008789,46.702186584472656
59.0385627746582,58.35567092895508,57.441070556640625,56.78131103515625,56.99263381958008,57.539127349853516,57.465702056884766,56.38776779174805,56.37431335449219,56.93642807006836,56.69538879394531,56.159393310546875,56.08343505859375,56.48918914794922,56.85605239868164,56.695037841796875,56.67262649536133,56.89497375488281,56.60431671142578,55.75983810424805,54.8953742980957,54.35062026977539,54.07258987426758,53.80160140991211,53.4768180847168,53.2279167175293,53.00205612182617,52.64659118652344,52.1424446105957,51.59709548950195,51.21997833251953,50.797245025634766,50.430824279785156,50.256744384765625,50.029544830322266,49.76314163208008,49.52611541748047,49.40876388549805,49.34080123901367,49.16287612915039,48.86079788208008,48.59409713745117,48.361305236816406,48.88566970825195
59.91214370727539,59.52940368652344,58.52939987182617,57.68356704711914,57.54099655151367,57.687828063964844,57.3669548034668,56.02625274658203,56.01940155029297,57.225521087646484,57.2778434753418,56.45272445678711,56.145606994628906,56.6982307434082,57.32517623901367,57.11827087402344,56.94076919555664,57.18880081176758,56.9932861328125,56.19389724731445,55.297916412353516,54.72650146484375,54.373939514160156,54.11410903930664,54.07490921020508,54.10094451904297,53.95440673828125,53.681846618652344,53.38505172729492,53.15010452270508,52.79864501953125,52.194557189941406,51.75778579711914,51.4444580078125,51.20519256591797,51.0242919921875,50.825721740722656,50.59646987915039,50.34688949584961,50.14757537841797,50.092567443847656,50.1084098815918,50.56220245361328,51.00983810424805
60.097476959228516,59.81224822998047,58.981258392333984,58.20381546020508,58.039825439453125,58.06753158569336,57.4991455078125,56.019813537597656,55.76800537109375,57.38776779174805,57.868873596191406,56.81619644165039,56.16683578491211,56.77679443359375,57.45842361450195,57.288787841796875,57.19040298461914,57.47307205200195,57.3375358581543,56.654415130615234,55.85276412963867,55.168052673339844,54.6361083984375,54.44206237792969,54.66669464111328,54.80036163330078,54.6935920715332,54.55341720581055,54.48875427246094,54.39506530761719,54.016136169433594,53.499794006347656,53.08546829223633,52.74431228637695,52.483604431152344,52.18312072753906,51.7904167175293,51.363800048828125,51.06817626953125,51.09815979003906,51.31304168701172,51.61459732055664,51.95082473754883,51.48116683959961
60.239044189453125,60.01524353027344,59.32324981689453,58.602787017822266,58.40397644042969,58.299320220947266,57.72178649902344,56.30204772949219,55.99136734008789,57.6544189453125,58.14952850341797,56.902950286865234,56.18717575073242,56.65587615966797,57.0416259765625,56.890960693359375,57.09793472290039,57.59342575073242,57.54534912109375,57.016571044921875,56.30955505371094,55.60690689086914,55.09505844116211,55.0420036315918,55.36339569091797,55.48455810546875,55.27959060668945,55.01591110229492,54.8150634765625,54.627010345458984,54.403160095214844,54.18239974975586,53.91790008544922,53.59163284301758,53.27543258666992,53.038368225097656,52.82863235473633,52.65608596801758,52.7184944152832,53.01874923706055,53.162818908691406,53.18207550048828,52.41320037841797,52.686195373535156
60.712432861328125,60.33456039428711,59.65586471557617,58.99620819091797,58.757022857666016,58.79342269897461,58.28864669799805,56.93442916870117,56.86068344116211,58.098304748535156,58.11894607543945,56.91132736206055,56.39387130737305,56.551631927490234,56.460914611816406,56.16001510620117,56.503971099853516,57.19220733642578,57.43839645385742,57.141876220703125,56.55370330810547,56.010650634765625,55.67070007324219,55.60742950439453,55.70279312133789,55.98992156982422,55.99138641357422,55.54182052612305,54.94396209716797,54.473697662353516,54.12416458129883,53.97058868408203,54.06454086303711,54.17432403564453,53.98512649536133,53.65587615966797,53.57501220703125,53.72041320800781,53.92306137084961,54.14460754394531,54.162357330322266,54.04948806762695,53.41310501098633,53.31390380859375
61.20595169067383,60.73027420043945,60.09489440917969,59.505149841308594,59.383689880371094,59.51749801635742,58.93754959106445,57.89875030517578,58.02500534057617,58.65294647216797,58.17525863647461,57.23830032348633,56.92156219482422,56.62429428100586,55.97084045410156,55.45553970336914,55.68754959106445,56.33634567260742,56.853214263916016,56.90073013305664,56.619441986083984,56.233604431152344,55.84080505371094,55.859283447265625,56.00297927856445,55.997013092041016,56.07258224487305,56.169578552246094,55.74318313598633,55.05696105957031,54.990570068359375,55.50391387939453,56.02955627441406,56.133121490478516,55.845970153808594,55.44697952270508,55.15582275390625,55.31101989746094,55.71006393432617,55.77769470214844,55.68965148925781,55.793060302734375,54.89710998535156,53.44057083129883
61.65046691894531,61.49665069580078,60.967227935791016,60.285736083984375,60.082542419433594,59.92088317871094,59.300846099853516,58.8558235168457,59.01891326904297,59.08131790161133,58.53732681274414,57.94184875488281,57.61708068847656,56.79616165161133,55.63495635986328,55.02332305908203,55.06415939331055,55.42330551147461,55.869632720947266,56.14115905761719,56.31589126586914,56.07075119018555,55.62028884887695,55.36292266845703,55.775413513183594,56.022918701171875,55.52105712890625,54.479957580566406,53.457359313964844,51.42703628540039,48.81028366088867,47.85676956176758,48.80631637573242,50.73592758178711,52.20835494995117,53.01950454711914,52.88104248046875,51.7307243347168,51.69546127319336,53.0992546081543,54.46297073364258,54.63444519042969,53.73227310180664,52.29124069213867
61.551780700683594,61.920494079589844,61.71940612792969,61.06993103027344,60.5911979675293,60.142967224121094,59.694156646728516,59.482418060302734,59.417030334472656,59.37409591674805,59.13540267944336,58.69914627075195,58.140193939208984,56.917755126953125,55.5031852722168,54.887699127197266,54.7432746887207,54.78731155395508,54.947898864746094,55.0982666015625,55.529544830322266,55.5946159362793,55.13825988769531,55.200618743896484,53.7672004699707,51.87751388549805,52.890419006347656,53.82892608642578,52.70948791503906,48.58888244628906,42.27614212036133,38.83646011352539,38.7322998046875,39.99469757080078,42.109413146972656,45.19428253173828,44.57489013671875,42.03243637084961,42.48337936401367,41.74760818481445,41.985809326171875,45.93708038330078,49.722110748291016,50.5497932434082
