data/wind_data/wind_44_5.json
{"header": {"parameterUnit": "KT", "parameterCategory": 2, "nx": 256, "ny": 198, "lo1": 44.73521041870117, "la1": -3.236724853515625, "lo2": 111.26478576660156, "la2": 43.468475341796875, "dx": 0.2609002888202667, "dy": -0.23708222806453705, "refTime": "2025-02-20 20:00:00", "forecastTime": 0, "parameterNumber": 2, "parameterNumberName": "eastward_wind"}, "data":
[rows 114 to 132 of 198, columns 88 to 131 of 256]
35.091651916503906,32.737422943115234,29.811004638671875,29.532062530517578,31.906620025634766,34.586334228515625,35.94440841674805,35.734100341796875,34.65492630004883,33.602684020996094,32.96321487426758,32.564781188964844,32.13360595703125,31.603031158447266,31.063207626342773,30.448257446289062,29.77435874938965,29.108253479003906,28.407569885253906,27.56357192993164,26.520700454711914,25.498258590698242,24.955013275146484,24.891223907470703,24.99917984008789,25.127901077270508,25.4096736907959,25.939620971679688,26.606657028198242,27.213010787963867,27.837106704711914,28.67695426940918,29.673147201538086,30.65472412109375,31.528305053710938,32.219112396240234,32.60304641723633,32.656681060791016,32.59878158569336,32.38445281982422,32.252220153808594,32.314876556396484,32.06070327758789,31.821983337402344
32.32588577270508,29.093914031982422,28.12406349182129,29.99616241455078,32.69718933105469,34.58644104003906,35.32731246948242,35.10896682739258,34.26837158203125,33.304832458496094,32.665672302246094,32.42380142211914,32.29888916015625,31.951351165771484,31.359907150268555,30.593067169189453,29.72058868408203,28.772642135620117,27.828866958618164,26.996686935424805,26.35603141784668,25.925928115844727,25.703615188598633,25.660661697387695,25.77723503112793,25.99973487854004,26.3969669342041,27.049903869628906,27.860307693481445,28.520183563232422,28.996112823486328,29.573877334594727,30.42942237854004,31.47116470336914,32.375953674316406,32.964927673339844,33.19638442993164,33.012306213378906,32.65666961669922,32.226539611816406,32.08851623535156,32.23445129394531,31.913782119750977,31.847936630249023
29.321168899536133,26.969818115234375,28.49063491821289,30.598787307739258,31.98365592956543,33.07424545288086,33.847084045410156,33.87839126586914,33.26213073730469,32.68606185913086,32.577857971191406,32.785831451416016,32.87589645385742,32.44182586669922,31.47298812866211,30.281517028808594,29.234607696533203,28.390430450439453,27.590721130371094,26.910661697387695,26.570125579833984,26.56723403930664,26.64822769165039,26.66543960571289,26.777355194091797,27.132770538330078,27.682449340820312,28.500911712646484,29.433311462402344,30.144176483154297,30.47713851928711,30.758441925048828,31.41777801513672,32.49214172363281,33.53995895385742,34.05741500854492,33.83734130859375,33.14734649658203,32.54403305053711,32.135101318359375,32.14118576049805,32.23127746582031,32.09940719604492,32.12977600097656
29.084665298461914,29.07859992980957,30.541492462158203,31.295331954956055,31.58867645263672,32.14939498901367,32.62565231323242,32.66231155395508,32.550743103027344,32.6716423034668,32.96512222290039,33.130760192871094,32.92774200439453,32.2679443359375,31.166400909423828,29.85643768310547,28.795806884765625,28.147809982299805,27.610429763793945,27.15714454650879,26.978654861450195,27.107650756835938,27.465511322021484,27.8531494140625,28.175920486450195,28.62190818786621,29.277023315429688,30.21544647216797,31.163375854492188,31.768278121948242,32.038570404052734,32.26215744018555,32.72611618041992,33.62362289428711,34.646907806396484,35.18682098388672,34.883506774902344,33.801177978515625,32.837745666503906,32.25383377075195,32.12635803222656,32.18527603149414,32.15521240234375,32.44166564941406
31.344572067260742,32.130897521972656,32.79135513305664,32.92875671386719,32.70347595214844,32.431739807128906,32.28417205810547,32.26632308959961,32.399593353271484,32.622352600097656,32.6573486328125,32.3668212890625,31.90958595275879,31.43211555480957,30.758352279663086,29.700931549072266,28.557893753051758,27.814786911010742,27.535024642944336,27.52831268310547,27.66933822631836,27.93394660949707,28.41522979736328,29.086341857910156,29.736690521240234,30.363388061523438,31.078306198120117,31.99834442138672,32.89012145996094,33.333011627197266,33.379703521728516,33.472076416015625,33.92588806152344,34.60515594482422,35.22301483154297,35.53583908081055,35.22703552246094,34.161434173583984,33.20589828491211,32.564720153808594,32.28042221069336,32.11630630493164,32.26856994628906,32.425865173339844
31.86085319519043,32.54645538330078,33.16836166381836,33.433406829833984,33.19728088378906,32.6915168762207,32.1848030090332,31.899377822875977,31.930265426635742,32.01753616333008,31.81749725341797,31.31171989440918,30.8212890625,30.53047752380371,30.1394100189209,29.28802490234375,28.219228744506836,27.632244110107422,27.766956329345703,28.211074829101562,28.60045623779297,28.990081787109375,29.550262451171875,30.273775100708008,31.079973220825195,31.951189041137695,32.8545036315918,33.75550842285156,34.49882507324219,34.76925277709961,34.6329345703125,34.57716369628906,34.874549865722656,35.258052825927734,35.40829086303711,35.1524772644043,34.35249328613281,33.23344421386719,32.62733459472656,32.522483825683594,32.329647064208984,32.144187927246094,32.29025650024414,32.38555908203125
31.669530868530273,31.7455997467041,32.08950424194336,32.35329055786133,32.44095230102539,32.3301887512207,32.045135498046875,31.774511337280273,31.623193740844727,31.464048385620117,31.170886993408203,30.749223709106445,30.3002872467041,29.905437469482422,29.492324829101562,28.98171615600586,28.490041732788086,28.326765060424805,28.60615348815918,29.060861587524414,29.52924919128418,30.084659576416016,30.76097297668457,31.532094955444336,32.43760299682617,33.48122024536133,34.519996643066406,35.34099578857422,35.74378204345703,35.699951171875,35.61985778808594,35.81584930419922,35.98907470703125,35.674720764160156,35.16929626464844,34.6018180847168,33.58927536010742,32.38108825683594,31.817867279052734,31.987144470214844,31.99799346923828,32.143802642822266,32.32163619995117,31.904813766479492
31.340538024902344,30.817148208618164,30.92508316040039,31.48834800720215,32.028465270996094,32.099266052246094,31.884788513183594,31.763065338134766,31.698665618896484,31.438753128051758,31.009477615356445,30.561195373535156,30.155460357666016,29.8403377532959,29.58993911743164,29.36348533630371,29.20977783203125,29.28563690185547,29.577377319335938,30.005430221557617,30.62657928466797,31.40557289123535,32.170616149902344,32.95246887207031,33.92168045043945,35.03799819946289,36.02864456176758,36.54330062866211,36.459754943847656,36.1891975402832,36.29755783081055,36.682647705078125,36.761131286621094,35.89500427246094,34.724464416503906,33.784053802490234,32.894962310791016,31.963964462280273,31.470348358154297,31.396242141723633,31.429950714111328,31.738584518432617,31.640689849853516,31.757173538208008
31.317148208618164,30.65228843688965,31.248876571655273,32.234779357910156,32.65573501586914,32.29969787597656,31.853805541992188,31.769939422607422,31.831741333007812,31.715782165527344,31.434377670288086,31.089916229248047,30.78687286376953,30.60518455505371,30.4520320892334,30.211381912231445,30.003833770751953,30.02678680419922,30.31932830810547,30.915328979492188,31.73373031616211,32.53066635131836,33.24165344238281,34.11637878417969,35.27959060668945,36.43651580810547,37.10582733154297,37.021121978759766,36.55012512207031,36.38093185424805,36.68558883666992,36.81088638305664,36.337158203125,35.0743293762207,33.52119827270508,32.45792007446289,31.870704650878906,31.48184585571289,31.19940185546875,30.976966857910156,30.770872116088867,30.761150360107422,30.535261154174805,31.28240394592285
31.724069595336914,31.841184616088867,32.95414352416992,33.55439376831055,33.08625030517578,32.154144287109375,31.67987823486328,31.875438690185547,32.23341369628906,32.4468879699707,32.49888610839844,32.41536331176758,32.23626708984375,31.92698097229004,31.405807495117188,30.842998504638672,30.570383071899414,30.762556076049805,31.39653778076172,32.23282241821289,32.994110107421875,33.63496398925781,34.39594650268555,35.50514602661133,36.767337799072266,37.55556869506836,37.42646026611328,36.70273971557617,36.19927215576172,36.29445266723633,36.51823806762695,36.17461013793945,35.140384674072266,33.58841323852539,31.80144691467285,31.02203369140625,31.132829666137695,31.30287742614746,31.059326171875,30.83229637145996,30.407155990600586,29.98151206970215,30.06280517578125,30.72608757019043
32.79551315307617,33.696006774902344,34.42753219604492,33.915863037109375,32.48868179321289,31.314908981323242,31.15577507019043,31.973773956298828,32.747867584228516,33.227054595947266,33.53519821166992,33.62472152709961,33.37779998779297,32.66970443725586,31.611963272094727,30.798755645751953,30.787824630737305,31.567319869995117,32.51516342163086,33.25606918334961,33.875587463378906,34.68197250366211,35.87925338745117,37.27544021606445,38.198509216308594,38.04414367675781,37.01725387573242,36.11258316040039,35.98522186279297,36.267967224121094,36.06440353393555,35.08998107910156,33.697540283203125,32.11577606201172,30.510610580444336,30.277355194091797,31.323360443115234,31.86815643310547,31.502933502197266,31.236404418945312,30.973230361938477,30.348405838012695,30.679521560668945,31.07902717590332
33.79180908203125,34.46335220336914,34.1365966796875,32.56687545776367,30.899106979370117,30.129037857055664,30.818326950073242,32.18788146972656,32.84818649291992,33.35887145996094,33.72600173950195,33.671043395996094,32.95928955078125,31.517227172851562,30.148754119873047,29.885984420776367,30.74211311340332,31.887451171875,32.802730560302734,33.546138763427734,34.364654541015625,35.50615692138672,36.965450286865234,38.15467834472656,38.36269760131836,37.601261138916016,36.5899772644043,36.100948333740234,36.263267517089844,36.436405181884766,35.795413970947266,34.2820930480957,32.61876678466797,31.089599609375,30.060853958129883,30.462919235229492,32.058345794677734,32.662899017333984,32.165714263916016,32.07282257080078,32.27854537963867,32.04608917236328,32.21207046508789,32.24212646484375
33.146854400634766,33.09812545776367,32.06167984008789,30.490402221679688,29.67427635192871,29.78424072265625,31.51618194580078,32.47750473022461,32.55147171020508,33.14188766479492,33.4793815612793,33.14802169799805,31.961822509765625,30.54203224182129,30.099214553833008,30.782848358154297,31.718414306640625,32.43312072753906,33.16694641113281,34.03618240356445,34.9271125793457,35.9349479675293,36.94379806518555,37.361778259277344,36.94917297363281,36.24470138549805,35.969337463378906,36.33019256591797,36.85480880737305,36.85626220703125,35.94493103027344,34.141353607177734,32.27745056152344,30.947540283203125,30.55510139465332,31.430147171020508,33.117923736572266,33.56358337402344,33.025856018066406,33.215721130371094,33.75818634033203,33.97560501098633,33.71417236328125,33.424930572509766
31.94292449951172,31.519254684448242,30.6088809967041,30.152725219726562,30.83286476135254,31.771455764770508,33.66072463989258,33.96977233886719,32.97362518310547,32.956790924072266,33.0447883605957,32.62699890136719,32.13667297363281,32.19654083251953,32.690425872802734,33.003929138183594,33.10087203979492,33.5019416809082,34.25545883178711,34.89436340332031,35.35234832763672,35.943809509277344,36.48035430908203,36.38105392456055,35.661338806152344,35.131996154785156,35.48454666137695,36.55490493774414,37.516998291015625,37.57478713989258,36.486751556396484,34.52252960205078,32.783607482910156,31.933673858642578,32.07917785644531,33.13832473754883,34.63771057128906,34.914642333984375,34.454071044921875,34.8216667175293,35.39430618286133,35.667083740234375,35.00261306762695,34.40418243408203
33.05455017089844,31.588422775268555,31.09998893737793,32.44451141357422,34.37675476074219,35.8530158996582,37.15184020996094,36.53610610961914,33.99982452392578,32.659610748291016,32.35816955566406,32.30734634399414,32.69468307495117,33.303768157958984,33.62609100341797,33.69396209716797,34.00608825683594,34.67307662963867,35.25558853149414,35.55997848510742,35.97501754760742,36.62186813354492,36.84877014160156,36.25767517089844,35.441219329833984,35.35580825805664,36.16733169555664,37.26509094238281,38.12520980834961,38.300376892089844,37.44334030151367,35.6958122253418,34.19203186035156,33.6190185546875,33.918846130371094,34.93564987182617,36.225528717041016,36.47444152832031,36.22533416748047,36.64458084106445,37.22624206542969,37.37242126464844,36.37721633911133,35.2193717956543
34.34880828857422,32.16623306274414,32.514835357666016,34.60446548461914,36.463287353515625,37.50049591064453,38.13003921508789,37.40871810913086,34.84186553955078,32.872833251953125,32.34067916870117,32.48952865600586,32.799072265625,33.08131790161133,33.30936050415039,33.70661544799805,34.31669235229492,34.91175079345703,35.38479995727539,35.99174118041992,36.99617385864258,37.89516830444336,37.7937126159668,36.849857330322266,36.19314193725586,36.53693771362305,37.55903625488281,38.4783935546875,38.97321701049805,39.04407501220703,38.59169387817383,37.41783905029297,36.166038513183594,35.61294174194336,35.80559158325195,36.55537414550781,37.64140319824219,37.98039627075195,37.86115264892578,38.19771194458008,38.796939849853516,38.837738037109375,37.5823860168457,36.51820755004883
34.79696273803711,32.31634521484375,33.089046478271484,35.180381774902344,36.59893798828125,36.86408996582031,36.51631164550781,36.166683197021484,34.597896575927734,32.67744064331055,31.9657039642334,32.04611587524414,32.158546447753906,32.281646728515625,32.49922180175781,32.85215377807617,33.47560119628906,34.303104400634766,35.17523193359375,36.33623504638672,37.74718475341797,38.68798065185547,38.622596740722656,38.02851486206055,37.844276428222656,38.35733413696289,39.228572845458984,40.092628479003906,40.511287689208984,40.34170913696289,40.015167236328125,39.39128875732422,38.487422943115234,38.00130844116211,38.03985595703125,38.302490234375,39.039554595947266,39.30105209350586,39.21562576293945,39.54030227661133,39.71552658081055,39.7599983215332,38.683170318603516,36.76079177856445
34.558475494384766,32.189125061035156,33.23809814453125,35.12002182006836,35.828216552734375,35.09272766113281,34.08056640625,34.3393669128418,33.71620178222656,32.126766204833984,31.333913803100586,31.224458694458008,31.17038345336914,31.16328239440918,31.327102661132812,32.03837585449219,33.28235626220703,34.56035614013672,35.6469841003418,36.85408020019531,38.05435562133789,38.81608963012695,39.12430953979492,39.3532829284668,39.787593841552734,40.40778350830078,41.10993576049805,41.84474182128906,42.204872131347656,41.937339782714844,41.633201599121094,41.482421875,41.08241271972656,40.69904708862305,40.683509826660156,40.45351028442383,40.54048538208008,40.47964859008789,40.36610412597656,40.469200134277344,40.777286529541016,40.404422760009766,40.549232482910156,38.5524787902832
34.45140075683594,33.596031188964844,34.47328186035156,34.76829528808594,33.5741081237793,32.23447799682617,32.16181564331055,32.736846923828125,32.56428146362305,31.64972496032715,30.920318603515625,30.360143661499023,29.973085403442383,30.233428955078125,31.323179244995117,33.02357864379883,34.6490364074707,35.92446517944336,37.09473419189453,38.194236755371094,39.07666778564453,39.69171142578125,40.172088623046875,40.809940338134766,41.697025299072266,42.56010437011719,43.206661224365234,43.699562072753906,43.88237380981445,43.6807975769043,43.54694366455078,43.69154357910156,43.71735382080078,43.420982360839844,43.250728607177734,42.61464309692383,42.031471252441406,41.60508346557617,41.69063949584961,41.5302848815918,41.229713439941406,42.53672409057617,41.26410675048828,40.99647521972656
