data/wind_data/wind_56_9.json
{"header": {"parameterUnit": "KT", "parameterCategory": 2, "nx": 256, "ny": 198, "lo1": 44.73521041870117, "la1": -3.236724853515625, "lo2": 111.26478576660156, "la2": 43.468475341796875, "dx": 0.2609002888202667, "dy": -0.23708222806453705, "refTime": "2025-02-21 08:00:00", "forecastTime": 0, "parameterNumber": 2, "parameterNumberName": "eastward_wind"}, "data":
[rows 19 to 37 of 198, columns 129 to 171 of 256]
24.44891929626465,26.136247634887695,23.41883659362793,21.715848922729492,21.01921272277832,20.98007583618164,19.785261154174805,18.4381103515625,18.539392471313477,19.461591720581055,20.360013961791992,20.503807067871094,18.71479034423828,16.135150909423828,17.411039352416992,16.98457145690918,18.180145263671875,20.004167556762695,18.72092628479004,17.740535736083984,17.44377899169922,16.330692291259766,16.07334327697754,12.029275894165039,10.229198455810547,11.044293403625488,9.309683799743652,10.256597518920898,7.615316867828369,6.653728008270264,7.378846645355225,6.753233432769775,8.459151268005371,7.9527435302734375,8.734230041503906,9.819292068481445,9.84512996673584,10.26732349395752,10.88103199005127,11.225666046142578,10.33563232421875,7.184025764465332,5.147772312164307
25.42506217956543,26.95379066467285,23.71251678466797,21.63208770751953,20.90148162841797,22.150978088378906,21.279451370239258,19.084739685058594,18.64113426208496,19.61354637145996,20.366117477416992,20.675647735595703,20.929140090942383,18.990434646606445,17.56720542907715,17.702489852905273,19.361785888671875,20.97698211669922,19.897756576538086,19.083742141723633,18.415212631225586,15.686017036437988,15.751444816589355,12.14958667755127,11.072409629821777,11.83734130859375,10.005365371704102,9.65397834777832,9.27031421661377,6.066136360168457,6.7958550453186035,6.558801651000977,6.519394397735596,7.791836738586426,8.022011756896973,7.613213539123535,7.142362594604492,8.292510032653809,9.619051933288574,10.584897994995117,10.64727783203125,9.137519836425781,7.04115629196167
26.068357467651367,27.204282760620117,23.329195022583008,21.04943084716797,21.68715476989746,23.02176284790039,22.087905883789062,19.996109008789062,19.42207908630371,20.00210189819336,20.670080184936523,21.701581954956055,22.298824310302734,21.098220825195312,18.529325485229492,18.01505470275879,20.13233184814453,21.583799362182617,19.750852584838867,18.43280601501465,18.06542205810547,16.20435333251953,15.551358222961426,12.932674407958984,11.857523918151855,11.078825950622559,10.713018417358398,11.348506927490234,9.603974342346191,7.831665515899658,7.419982433319092,4.956218719482422,7.531819820404053,7.2709784507751465,5.84036111831665,4.199037551879883,4.6353960037231445,7.121443271636963,8.673038482666016,8.385229110717773,8.645065307617188,8.53825855255127,8.613627433776855
25.532880783081055,26.764041900634766,23.392915725708008,20.68836212158203,22.750720977783203,24.218852996826172,23.42734146118164,20.98287582397461,20.28689193725586,21.052589416503906,21.50680160522461,22.334753036499023,22.88011360168457,21.525339126586914,18.99542999267578,18.59178352355957,20.554935455322266,21.672401428222656,20.393272399902344,18.025209426879883,17.64540672302246,16.885000228881836,15.651939392089844,13.220250129699707,12.619552612304688,9.725356101989746,11.096675872802734,13.258627891540527,10.353826522827148,9.390278816223145,7.825861930847168,6.792750835418701,8.431439399719238,5.863426685333252,4.283663272857666,3.4940690994262695,5.138276100158691,7.900334358215332,7.871325492858887,6.785357475280762,6.17742919921875,6.433370590209961,7.568583965301514
25.55117416381836,25.634445190429688,23.640071868896484,22.00467300415039,24.02273941040039,24.718854904174805,23.84018898010254,21.892057418823242,21.369810104370117,21.272232055664062,21.710390090942383,22.474143981933594,23.101945877075195,21.819177627563477,19.316787719726562,18.601530075073242,20.282323837280273,21.197099685668945,21.22706413269043,20.02970314025879,17.942106246948242,17.201807022094727,15.906123161315918,14.135539054870605,12.758195877075195,10.21065902709961,11.658398628234863,12.87765884399414,10.619180679321289,10.006542205810547,8.8308744430542,9.166595458984375,7.471262454986572,5.5610880851745605,5.205587863922119,4.047537803649902,5.034415245056152,7.341457366943359,6.316696643829346,7.654843807220459,5.744316101074219,5.4337592124938965,7.034593105316162
26.783655166625977,25.41651153564453,23.692155838012695,23.624080657958984,24.495378494262695,24.06987762451172,23.802682876586914,23.208541870117188,23.128246307373047,21.819530487060547,21.224287033081055,21.760282516479492,22.7200870513916,22.106863021850586,19.80451202392578,18.210975646972656,19.96799087524414,21.385395050048828,21.582233428955078,21.02210235595703,18.956945419311523,17.904203414916992,17.080106735229492,15.332019805908203,12.645987510681152,10.981958389282227,11.936108589172363,11.562304496765137,10.400500297546387,10.966550827026367,10.195980072021484,9.262832641601562,6.855071544647217,6.4616851806640625,6.792490005493164,5.003568649291992,4.656634330749512,6.440819263458252,6.991572380065918,6.660123825073242,6.036789894104004,5.734796047210693,6.846060752868652
28.07990264892578,26.030336380004883,24.47608757019043,24.99559783935547,24.799152374267578,23.974449157714844,24.41884994506836,24.664926528930664,24.058191299438477,21.441862106323242,20.34836196899414,21.4163875579834,23.124555587768555,22.5649471282959,20.5065975189209,18.659767150878906,19.601953506469727,21.220417022705078,21.089502334594727,20.660930633544922,19.856403350830078,19.164867401123047,18.340106964111328,16.639497756958008,14.05689811706543,11.795172691345215,10.942523002624512,10.905571937561035,10.992622375488281,11.380911827087402,10.332229614257812,8.954898834228516,7.556119441986084,7.835865020751953,7.283950328826904,6.474116802215576,5.910646438598633,5.299502849578857,6.170164585113525,7.090503215789795,7.813857555389404,7.666280746459961,7.774065017700195
28.85284423828125,26.8541202545166,25.665334701538086,25.7556095123291,24.924320220947266,24.56049919128418,25.48411750793457,25.402942657470703,23.62046241760254,21.270471572875977,20.84438133239746,22.048831939697266,23.573890686035156,23.1905574798584,21.357948303222656,19.817333221435547,19.63640594482422,20.58087730407715,20.238500595092773,19.845420837402344,20.155439376831055,20.747814178466797,20.245952606201172,17.90419578552246,15.480295181274414,13.139713287353516,10.985459327697754,11.310070991516113,11.483123779296875,11.367094993591309,10.700467109680176,9.432074546813965,8.357434272766113,8.85412883758545,8.871748924255371,7.155179500579834,6.446070194244385,5.856649875640869,6.717000484466553,8.4708833694458,9.483205795288086,8.655946731567383,7.480954647064209
29.71782875061035,28.052248001098633,26.4984130859375,25.421567916870117,24.57851219177246,24.98236846923828,26.19239044189453,26.068387985229492,24.364866256713867,22.960952758789062,22.619441986083984,23.31085968017578,23.584848403930664,23.456079483032227,22.257061004638672,20.961837768554688,20.244333267211914,20.160263061523438,19.81923484802246,19.16338539123535,20.0008487701416,21.671960830688477,22.07378387451172,19.780075073242188,16.66584014892578,14.055869102478027,12.434793472290039,12.1656494140625,11.824514389038086,11.47842025756836,10.839187622070312,9.50888442993164,8.988447189331055,9.935819625854492,10.852287292480469,8.134639739990234,6.949673652648926,7.807553768157959,8.91298770904541,8.956997871398926,8.473433494567871,7.722917079925537,6.853187561035156
30.746044158935547,29.091962814331055,26.76654624938965,25.095491409301758,24.887346267700195,26.112930297851562,27.171527862548828,27.01779556274414,26.033517837524414,25.245710372924805,24.61986541748047,24.09518814086914,23.5428466796875,22.81147003173828,22.478641510009766,21.955102920532227,21.350482940673828,20.6118221282959,19.96026039123535,18.926481246948242,19.647689819335938,21.724576950073242,22.71160316467285,20.969451904296875,17.32454490661621,14.629637718200684,13.689358711242676,13.276594161987305,12.596503257751465,11.870089530944824,11.02286434173584,9.600028991699219,9.925155639648438,11.484692573547363,11.57200813293457,9.070738792419434,7.701404571533203,9.780949592590332,10.602731704711914,8.448698043823242,6.15549373626709,6.321132659912109,7.03071403503418
30.60559844970703,29.330196380615234,27.01409912109375,25.717544555664062,26.63374137878418,28.16455078125,28.470478057861328,27.629688262939453,26.847505569458008,26.65601348876953,25.800535202026367,24.14348793029785,23.439607620239258,22.843332290649414,22.815465927124023,22.513864517211914,22.19594955444336,21.447246551513672,20.06107521057129,19.005109786987305,19.408470153808594,21.31843376159668,22.165729522705078,20.524477005004883,17.354320526123047,15.41496753692627,15.274097442626953,14.725488662719727,13.46137523651123,12.69671630859375,11.741406440734863,10.363170623779297,10.753305435180664,12.063582420349121,11.344244003295898,9.400674819946289,8.87663745880127,10.552629470825195,10.154150009155273,7.693103790283203,5.8837761878967285,6.279202938079834,7.810514450073242
29.227148056030273,28.392059326171875,27.102628707885742,26.912527084350586,28.57430648803711,30.12189483642578,29.572595596313477,27.924238204956055,27.182607650756836,27.20785140991211,26.26251983642578,24.769378662109375,23.836885452270508,23.65787124633789,23.299531936645508,22.891965866088867,22.235916137695312,21.574626922607422,20.193180084228516,19.61217498779297,19.75093650817871,20.972763061523438,21.2996883392334,19.394487380981445,17.092174530029297,16.398815155029297,16.728261947631836,16.070690155029297,14.601011276245117,13.52700424194336,12.769598960876465,12.01408576965332,11.977699279785156,11.98519229888916,11.3847074508667,10.765106201171875,10.46056842803955,10.25982666015625,8.411043167114258,6.5323357582092285,7.2799072265625,8.354168891906738,9.0888090133667
27.75533103942871,26.878435134887695,26.68994140625,27.445344924926758,29.19322395324707,30.501855850219727,29.632780075073242,28.199012756347656,28.036540985107422,28.042726516723633,27.026418685913086,25.52326011657715,24.560819625854492,23.63823890686035,23.03107452392578,22.70506477355957,22.18716812133789,21.438453674316406,20.58742332458496,20.626476287841797,20.856037139892578,20.930444717407227,19.82271385192871,18.326126098632812,17.257797241210938,17.119998931884766,17.273521423339844,16.69968032836914,15.688760757446289,14.810009002685547,14.085668563842773,13.368877410888672,12.954014778137207,12.549568176269531,12.406479835510254,12.55429744720459,11.934337615966797,10.01640510559082,7.543461322784424,6.522111892700195,8.189154624938965,9.447530746459961,9.73719310760498
26.859081268310547,25.987335205078125,26.319181442260742,27.401460647583008,28.818655014038086,29.696256637573242,29.19565773010254,28.41426658630371,28.645551681518555,28.61410140991211,27.437307357788086,26.034048080444336,24.515167236328125,22.913320541381836,22.213830947875977,22.246925354003906,22.08835792541504,21.52547264099121,21.000621795654297,21.522220611572266,21.623693466186523,20.49456024169922,18.334331512451172,17.40215301513672,17.546133041381836,17.692459106445312,17.360137939453125,16.738405227661133,16.16213035583496,15.694201469421387,14.69925308227539,13.68942642211914,13.562551498413086,13.587815284729004,13.850173950195312,13.690838813781738,12.946889877319336,11.0005464553833,8.11699390411377,7.1744537353515625,8.519209861755371,9.384549140930176,10.09466552734375
26.48257064819336,26.097837448120117,26.722814559936523,27.865100860595703,28.788528442382812,29.017410278320312,28.865097045898438,28.495737075805664,28.28217124938965,27.817861557006836,26.9029483795166,26.024349212646484,24.228639602661133,22.154781341552734,21.43845558166504,22.046253204345703,22.53578758239746,21.845539093017578,20.986282348632812,21.586284637451172,21.5013370513916,19.758663177490234,17.69753074645996,16.91007423400879,17.573347091674805,18.215267181396484,17.827241897583008,16.92667579650879,16.219223022460938,15.551793098449707,14.265872955322266,13.238749504089355,13.653234481811523,14.33413028717041,14.575984001159668,14.144256591796875,13.807537078857422,12.945565223693848,10.840289115905762,9.319404602050781,8.918770790100098,9.473647117614746,10.33522891998291
25.74608039855957,26.27594566345215,27.384267807006836,28.585338592529297,29.099960327148438,28.891403198242188,28.661699295043945,28.23393440246582,27.33110237121582,26.338510513305664,25.75694465637207,25.421022415161133,24.238454818725586,22.113344192504883,21.632648468017578,22.558181762695312,22.673782348632812,21.5047664642334,20.816722869873047,21.31376075744629,20.946245193481445,19.119007110595703,17.944782257080078,17.49989891052246,17.85205078125,18.52488899230957,18.602741241455078,17.656160354614258,16.363454818725586,15.014681816101074,13.554329872131348,12.847061157226562,13.27477741241455,14.113293647766113,14.639513969421387,14.610116004943848,14.645297050476074,14.661168098449707,13.614168167114258,12.229013442993164,11.01689624786377,11.051620483398438,11.446930885314941
24.83534049987793,25.576547622680664,26.87726402282715,28.14702796936035,28.818628311157227,28.74508285522461,28.230506896972656,27.55379295349121,26.569169998168945,25.587932586669922,25.092365264892578,24.728137969970703,24.024803161621094,22.685792922973633,22.22069549560547,22.70384407043457,22.236740112304688,20.981279373168945,20.916072845458984,21.036266326904297,20.22045135498047,18.762935638427734,18.375452041625977,18.33092498779297,18.62112045288086,18.92121696472168,18.80862045288086,17.939022064208984,16.382564544677734,14.563455581665039,13.022375106811523,12.6847562789917,13.056659698486328,13.694270133972168,14.39696979522705,14.882288932800293,15.087072372436523,15.048870086669922,15.016608238220215,14.544323921203613,14.156353950500488,14.005047798156738,13.483986854553223
24.11265754699707,24.700342178344727,25.925067901611328,27.168115615844727,27.995052337646484,28.219091415405273,27.815109252929688,27.161273956298828,26.35788917541504,25.416757583618164,24.80471420288086,24.306154251098633,23.41358757019043,22.622432708740234,22.21136474609375,22.320043563842773,22.00585174560547,21.24639892578125,20.68865966796875,20.25652313232422,19.70179557800293,18.632673263549805,18.28173065185547,18.625057220458984,19.294727325439453,19.45271873474121,18.068357467651367,16.561174392700195,15.69039249420166,14.484155654907227,13.315794944763184,12.627135276794434,13.06574821472168,13.882418632507324,14.440251350402832,14.639839172363281,14.54295825958252,14.510815620422363,15.872032165527344,16.423208236694336,16.503528594970703,16.467086791992188,15.258309364318848
23.367719650268555,23.99595832824707,25.170188903808594,26.331663131713867,27.078454971313477,27.3936710357666,27.337432861328125,26.90566635131836,26.15181541442871,25.18536376953125,24.414161682128906,23.72748374938965,22.540706634521484,21.88630485534668,21.7626953125,21.786190032958984,21.46802520751953,21.006290435791016,20.432645797729492,19.559465408325195,19.500232696533203,18.80097007751465,18.007320404052734,18.464832305908203,19.26297950744629,19.482521057128906,17.198501586914062,15.248064041137695,14.520755767822266,14.189043045043945,14.23714542388916,13.16585922241211,13.056868553161621,14.112988471984863,14.74592399597168,14.552273750305176,13.614606857299805,13.734530448913574,15.687044143676758,17.229351043701172,17.5654239654541,16.645294189453125,15.960376739501953
