data/wind_data/wind_2025-02-21_13.json
{"header": {"parameterUnit": "KT", "parameterCategory": 2, "nx": 255, "ny": 198, "lo1": 44.73521041870117, "la1": -3.236724853515625, "lo2": 111.26478576660156, "la2": 43.468475341796875, "dx": 0.26192745566368103, "dy": -0.23708222806453705, "refTime": "2025-02-21 13:00:00", "forecastTime": 0, "parameterNumber": 2, "parameterNumberName": "eastward_wind"}, "data":
[rows 19 to 37 of 198, columns 86 to 128 of 255]
-8.552824974060059,-7.227048873901367,-6.844211578369141,-7.495906352996826,-8.397859573364258,-8.296040534973145,-7.960092067718506,-8.026867866516113,-7.991509437561035,-7.814298152923584,-7.399914741516113,-6.910695552825928,-6.24683141708374,-5.493626594543457,-4.854074001312256,-4.38299036026001,-4.074150085449219,-3.719736099243164,-3.6261870861053467,-4.023900985717773,-3.8374576568603516,-2.6567535400390625,-2.856353998184204,-5.317615032196045,-5.945959091186523,-4.3014116287231445,-3.100127696990967,-3.169616460800171,-3.132429361343384,-2.93695068359375,-3.2375850677490234,-3.726496696472168,-5.455390453338623,-7.5204057693481445,-7.623307704925537,-5.747450828552246,-5.918542385101318,-7.5358171463012695,-7.743356227874756,-7.322078704833984,-6.602181911468506,-6.231061935424805,-7.708303451538086
-8.474201202392578,-7.7018890380859375,-7.3524885177612305,-8.087071418762207,-9.29937744140625,-9.216800689697266,-8.437294960021973,-8.267398834228516,-8.425390243530273,-8.33596420288086,-7.9197258949279785,-7.383992671966553,-6.685001850128174,-5.90653657913208,-5.243250846862793,-4.666026592254639,-4.217010021209717,-3.9791200160980225,-4.123296737670898,-4.360592365264893,-3.730194330215454,-3.277242660522461,-4.236170291900635,-5.097184658050537,-5.50392484664917,-5.045616626739502,-4.078893184661865,-3.8680663108825684,-3.5335638523101807,-2.99977707862854,-2.6209020614624023,-5.318887710571289,-7.92396354675293,-7.990086555480957,-7.514633655548096,-6.731204986572266,-7.7140069007873535,-8.552194595336914,-8.493124008178711,-8.307472229003906,-7.906823635101318,-8.090618133544922,-8.154526710510254
-9.272076606750488,-9.198057174682617,-9.93960952758789,-10.539905548095703,-10.117524147033691,-9.177497863769531,-8.298568725585938,-7.815934181213379,-7.7645721435546875,-7.620682716369629,-7.55394172668457,-7.5673604011535645,-6.974766731262207,-6.047816753387451,-5.370823383331299,-5.075662136077881,-4.85299825668335,-4.5215630531311035,-4.434413909912109,-4.409694194793701,-4.093208312988281,-4.381930351257324,-5.200899600982666,-5.275862216949463,-5.0219011306762695,-4.919830799102783,-5.0114874839782715,-4.8740925788879395,-4.691137790679932,-4.902369976043701,-5.5464630126953125,-8.344347953796387,-9.949405670166016,-8.181015014648438,-7.044939041137695,-7.417027473449707,-8.197178840637207,-8.934245109558105,-8.93471908569336,-8.715267181396484,-8.726408958435059,-8.430400848388672,-7.8701090812683105
-10.424898147583008,-10.099193572998047,-10.156521797180176,-9.994077682495117,-9.420431137084961,-8.735864639282227,-8.21572208404541,-7.802718162536621,-6.995485782623291,-6.29340124130249,-6.820122718811035,-7.589634895324707,-6.763935089111328,-5.328245639801025,-5.138427734375,-5.661305904388428,-5.280793190002441,-4.674112796783447,-4.918267726898193,-4.804190158843994,-4.477029800415039,-4.963245868682861,-5.546694278717041,-5.169261932373047,-4.53926420211792,-4.914133071899414,-5.427100658416748,-4.996493339538574,-5.185771465301514,-6.186476230621338,-6.775702476501465,-7.944408893585205,-9.483778953552246,-8.826600074768066,-7.386551380157471,-7.493249416351318,-7.996967792510986,-8.53181266784668,-8.757694244384766,-9.19720458984375,-9.029839515686035,-8.29527759552002,-7.801990509033203
-10.864859580993652,-10.392071723937988,-10.21400260925293,-9.78905200958252,-9.145369529724121,-8.661831855773926,-8.466734886169434,-8.354586601257324,-7.806135654449463,-7.272371292114258,-8.00520133972168,-8.596083641052246,-7.147775173187256,-5.766258716583252,-6.287583351135254,-6.730706691741943,-5.549004554748535,-4.692547798156738,-5.5886077880859375,-5.778756618499756,-5.170539855957031,-5.465425968170166,-5.6193952560424805,-5.090723991394043,-4.981540679931641,-5.618565559387207,-6.015501499176025,-5.393432140350342,-5.1252121925354,-6.373653411865234,-7.43466329574585,-7.655620098114014,-8.231653213500977,-9.041175842285156,-8.334186553955078,-7.520023822784424,-8.171709060668945,-9.06740665435791,-9.199326515197754,-9.03781795501709,-8.565973281860352,-7.970803260803223,-8.483965873718262
-10.070944786071777,-9.912856101989746,-10.22050952911377,-9.376069068908691,-7.681549072265625,-7.56238317489624,-8.575807571411133,-8.816828727722168,-9.19320297241211,-10.137517929077148,-10.298428535461426,-9.495095252990723,-8.447184562683105,-8.029112815856934,-7.873931884765625,-7.110164642333984,-6.107054710388184,-5.799484729766846,-6.139479160308838,-6.2789130210876465,-6.015874862670898,-5.607180118560791,-5.248206615447998,-5.627531051635742,-6.287021636962891,-6.188504219055176,-5.903878211975098,-5.771815299987793,-5.735173225402832,-6.517556667327881,-7.496422290802002,-7.741330146789551,-7.811129093170166,-8.204412460327148,-8.314208984375,-8.118844985961914,-8.462213516235352,-9.046574592590332,-8.972298622131348,-8.448394775390625,-8.169706344604492,-8.301619529724121,-8.700825691223145
-10.236318588256836,-10.078705787658691,-11.023862838745117,-10.28965950012207,-8.043686866760254,-7.63825798034668,-8.996223449707031,-9.031044960021973,-8.837543487548828,-9.56030559539795,-9.828747749328613,-9.956016540527344,-9.55724811553955,-8.666069030761719,-8.109737396240234,-7.887067794799805,-7.416275501251221,-7.084930419921875,-6.7691216468811035,-6.268152236938477,-6.064046859741211,-5.958889961242676,-6.116146564483643,-6.5921196937561035,-6.726632118225098,-6.140086650848389,-5.917845726013184,-6.133869647979736,-6.479714393615723,-7.284848213195801,-7.511493682861328,-7.329818248748779,-7.2993316650390625,-7.76426887512207,-8.289445877075195,-8.212700843811035,-8.26742935180664,-8.871187210083008,-8.959785461425781,-8.106111526489258,-8.026209831237793,-8.624321937561035,-9.020408630371094
-12.145524024963379,-11.915229797363281,-11.553004264831543,-11.156377792358398,-11.155736923217773,-10.911148071289062,-10.028947830200195,-9.080426216125488,-8.146138191223145,-7.844784736633301,-8.821601867675781,-10.358884811401367,-10.184287071228027,-8.779359817504883,-8.25689697265625,-8.02188491821289,-7.824747085571289,-7.788576602935791,-7.22312068939209,-6.378011703491211,-6.361331462860107,-6.845245838165283,-7.245761871337891,-7.388169288635254,-7.11178731918335,-6.63093376159668,-6.3197407722473145,-6.194512844085693,-6.518543243408203,-6.961036682128906,-7.020744323730469,-7.122495174407959,-7.310260772705078,-7.716989517211914,-8.10997486114502,-8.217350006103516,-8.719059944152832,-9.468011856079102,-9.259597778320312,-8.37783432006836,-8.357636451721191,-9.023221969604492,-9.313922882080078
-11.126021385192871,-10.283525466918945,-10.105624198913574,-10.816947937011719,-11.408750534057617,-11.273777961730957,-10.449424743652344,-9.180242538452148,-8.276246070861816,-8.475132942199707,-9.853233337402344,-10.742996215820312,-10.0006742477417,-8.929394721984863,-8.355392456054688,-7.617811679840088,-7.3524274826049805,-7.836878299713135,-7.860641956329346,-7.421273231506348,-7.445497989654541,-7.9021315574646,-8.188051223754883,-7.892507553100586,-7.172586441040039,-6.636406421661377,-6.38382625579834,-6.20415735244751,-6.20526647567749,-6.187051773071289,-6.372478008270264,-6.933375835418701,-7.356882095336914,-7.499933242797852,-7.545862674713135,-7.876345157623291,-8.814995765686035,-9.659811973571777,-9.534358978271484,-9.03570556640625,-8.92984390258789,-9.012587547302246,-8.574000358581543
-10.713927268981934,-8.923909187316895,-8.355023384094238,-9.45160961151123,-10.325356483459473,-10.598435401916504,-10.560248374938965,-9.959060668945312,-10.038681030273438,-10.903992652893066,-11.263524055480957,-10.397550582885742,-9.601454734802246,-9.656688690185547,-8.64098072052002,-7.036174297332764,-7.221971035003662,-8.551377296447754,-8.842970848083496,-8.387049674987793,-8.481277465820312,-8.539318084716797,-8.156801223754883,-7.6503167152404785,-7.235395908355713,-6.790119647979736,-6.481156349182129,-6.5459370613098145,-6.5059075355529785,-6.619078159332275,-6.938647270202637,-7.037246227264404,-7.201282978057861,-7.300497055053711,-7.254127502441406,-7.236948490142822,-8.010208129882812,-9.11008358001709,-9.218819618225098,-8.975152015686035,-8.9348726272583,-8.321906089782715,-7.1473565101623535
-11.90821361541748,-11.06096076965332,-10.39034652709961,-9.869549751281738,-9.89198112487793,-10.028596878051758,-10.577956199645996,-11.219429016113281,-11.533329010009766,-11.41231918334961,-10.402341842651367,-9.280816078186035,-9.628080368041992,-10.113801956176758,-8.584567070007324,-7.131223201751709,-8.032140731811523,-9.60329532623291,-9.397012710571289,-8.61182689666748,-8.542177200317383,-8.504708290100098,-8.41626262664795,-8.22167682647705,-7.553959846496582,-7.042116641998291,-6.727926254272461,-6.521016597747803,-6.463852405548096,-6.729804039001465,-7.343670845031738,-7.604082107543945,-7.631741523742676,-7.6063761711120605,-7.1778564453125,-6.2578020095825195,-6.240416526794434,-8.108606338500977,-9.269722938537598,-9.093035697937012,-8.976139068603516,-8.200551986694336,-7.689502716064453
-11.872116088867188,-11.751277923583984,-11.971931457519531,-11.338436126708984,-9.657995223999023,-8.923195838928223,-10.172062873840332,-11.35653305053711,-11.242191314697266,-10.916440963745117,-10.325472831726074,-10.048154830932617,-10.75735092163086,-10.465035438537598,-9.342904090881348,-9.523417472839355,-10.608246803283691,-10.41062068939209,-9.218324661254883,-8.804448127746582,-8.656713485717773,-8.5129976272583,-8.507479667663574,-8.583076477050781,-8.095687866210938,-7.411777019500732,-7.066761016845703,-6.740539073944092,-6.638689994812012,-7.009416580200195,-7.5965704917907715,-7.906759738922119,-7.98621940612793,-7.815907001495361,-7.130101203918457,-6.638270854949951,-6.97750186920166,-8.14277172088623,-9.084385871887207,-9.033924102783203,-8.758713722229004,-8.845309257507324,-9.602523803710938
-9.278315544128418,-9.13940715789795,-10.163554191589355,-10.754263877868652,-10.3241548538208,-9.540750503540039,-9.071877479553223,-9.693562507629395,-10.114439010620117,-10.11026668548584,-10.074423789978027,-10.035128593444824,-10.446087837219238,-10.519279479980469,-10.343072891235352,-10.515447616577148,-10.566822052001953,-10.185650825500488,-9.690143585205078,-9.126107215881348,-8.562824249267578,-8.733046531677246,-8.735638618469238,-8.253662109375,-8.056912422180176,-7.706521034240723,-7.231764793395996,-6.9531569480896,-7.066650390625,-7.540123462677002,-7.941990852355957,-8.100834846496582,-8.116727828979492,-7.707586288452148,-6.668999671936035,-6.975942134857178,-8.358699798583984,-9.090494155883789,-9.372599601745605,-9.132619857788086,-8.842284202575684,-8.8228759765625,-8.724031448364258
-7.125499248504639,-6.134932994842529,-7.938721656799316,-9.54458999633789,-10.343046188354492,-10.344440460205078,-8.6665620803833,-7.360022068023682,-8.190969467163086,-9.491226196289062,-9.412952423095703,-8.278124809265137,-8.230377197265625,-9.325304985046387,-9.589225769042969,-8.79922866821289,-8.858290672302246,-9.735139846801758,-9.73998737335205,-8.85059928894043,-8.22733211517334,-9.13477611541748,-9.153286933898926,-8.088218688964844,-7.843477725982666,-7.738093376159668,-7.4213972091674805,-7.1792497634887695,-7.476466655731201,-7.789187431335449,-7.985223293304443,-8.180395126342773,-8.21057415008545,-7.5544633865356445,-5.978311061859131,-6.2907280921936035,-7.695230960845947,-8.626740455627441,-9.422205924987793,-9.096029281616211,-8.519737243652344,-8.223962783813477,-7.729244232177734
-8.590248107910156,-8.117581367492676,-8.75173568725586,-9.064943313598633,-9.199827194213867,-8.961519241333008,-8.024031639099121,-7.43343448638916,-7.725009441375732,-9.2559232711792,-9.695770263671875,-8.335352897644043,-7.111939430236816,-7.274941444396973,-8.312897682189941,-7.727945804595947,-6.920447826385498,-7.341647624969482,-8.177160263061523,-8.698110580444336,-8.841169357299805,-9.060131072998047,-8.98600959777832,-8.438840866088867,-7.2252349853515625,-6.321717739105225,-6.505823135375977,-7.023914337158203,-7.069179058074951,-7.120120525360107,-7.623658657073975,-8.323718070983887,-8.904083251953125,-8.85619068145752,-8.112106323242188,-6.851844310760498,-6.306466102600098,-7.140588760375977,-8.463056564331055,-8.625547409057617,-7.805560111999512,-7.285975456237793,-7.0554890632629395
-9.965143203735352,-10.902667045593262,-10.910634994506836,-9.966217994689941,-9.38489818572998,-8.80960464477539,-8.154045104980469,-8.548047065734863,-8.519742012023926,-8.514427185058594,-9.14635944366455,-9.329305648803711,-8.804237365722656,-7.744889736175537,-7.263111591339111,-7.430234432220459,-6.482944011688232,-6.234157085418701,-7.477848529815674,-8.13442325592041,-8.45669937133789,-8.770528793334961,-8.945398330688477,-8.505410194396973,-6.840316295623779,-5.159265041351318,-5.012354373931885,-5.583647727966309,-5.796417713165283,-6.123715400695801,-7.1992011070251465,-8.97663688659668,-10.092902183532715,-10.00369930267334,-9.169012069702148,-8.06869888305664,-6.701233863830566,-5.338608741760254,-6.382360458374023,-7.144611835479736,-6.533275127410889,-6.266451358795166,-6.049129962921143
-9.726398468017578,-9.8043851852417,-10.236274719238281,-10.099499702453613,-9.302260398864746,-8.622817039489746,-8.037568092346191,-7.686070919036865,-6.906926155090332,-6.254708766937256,-7.008857250213623,-8.353137969970703,-8.957465171813965,-8.432182312011719,-7.506030559539795,-7.794787883758545,-8.503467559814453,-8.336374282836914,-7.925967693328857,-7.5712432861328125,-7.664948463439941,-7.877832889556885,-8.057329177856445,-8.306559562683105,-8.208125114440918,-7.434106826782227,-6.1840691566467285,-5.244485855102539,-6.089563369750977,-6.472604751586914,-6.369991302490234,-8.399691581726074,-10.395718574523926,-10.326634407043457,-8.982950210571289,-8.006237030029297,-6.820497512817383,-5.749478816986084,-6.198433876037598,-6.818538665771484,-6.425973415374756,-5.787795543670654,-5.065395355224609
-8.868902206420898,-8.48870849609375,-8.34339714050293,-8.097805976867676,-7.60601282119751,-6.696864604949951,-5.409850597381592,-4.867180347442627,-4.577746391296387,-4.19448184967041,-4.393587112426758,-5.673598289489746,-6.764305591583252,-6.872084140777588,-7.293319225311279,-8.178274154663086,-9.611930847167969,-10.168499946594238,-9.257543563842773,-7.960666656494141,-7.245894908905029,-7.122544288635254,-6.949770927429199,-7.305107116699219,-8.078983306884766,-8.291816711425781,-8.195809364318848,-8.640130996704102,-9.895293235778809,-11.221138954162598,-11.344491004943848,-10.671475410461426,-10.16234302520752,-9.750456809997559,-9.32215690612793,-9.39268684387207,-8.754444122314453,-7.707513809204102,-7.556187152862549,-7.671850681304932,-7.198709964752197,-6.0381550788879395,-4.6870036125183105
-7.644999027252197,-7.098921775817871,-7.300410747528076,-6.935096740722656,-6.228609561920166,-5.839567184448242,-4.878119468688965,-3.403534412384033,-3.486912250518799,-4.873047351837158,-4.995785236358643,-4.93000602722168,-4.906692981719971,-4.248823165893555,-5.121025562286377,-7.253043174743652,-9.12766170501709,-9.195602416992188,-8.142712593078613,-7.628757953643799,-7.370093822479248,-6.916417598724365,-5.994764804840088,-5.816720962524414,-7.123775482177734,-8.097075462341309,-8.43211555480957,-9.428569793701172,-11.297239303588867,-12.33213996887207,-11.55888843536377,-10.906466484069824,-11.005934715270996,-10.663965225219727,-11.06507682800293,-12.393945693969727,-11.731515884399414,-9.717707633972168,-8.602620124816895,-7.921112537384033,-6.767171382904053,-5.427552223205566,-4.2870306968688965
