data/wind_data/wind_21_9.json
{"header": {"parameterUnit": "KT", "parameterCategory": 2, "nx": 256, "ny": 198, "lo1": 44.73521041870117, "la1": -3.236724853515625, "lo2": 111.26478576660156, "la2": 43.468475341796875, "dx": 0.2609002888202667, "dy": -0.23708222806453705, "refTime": "2025-02-19 21:00:00", "forecastTime": 0, "parameterNumber": 2, "parameterNumberName": "eastward_wind"}, "data":
[rows 20 to 39 of 198, columns 0 to 42 of 256]
31.476543426513672,27.777170181274414,26.694061279296875,25.90294075012207,25.51498794555664,26.03763771057129,26.44573211669922,26.71092987060547,26.295116424560547,25.380281448364258,24.967330932617188,25.318950653076172,25.71798324584961,25.58472442626953,25.118921279907227,24.95504379272461,25.407625198364258,26.344804763793945,27.58032989501953,28.90514373779297,29.901704788208008,30.430316925048828,30.795080184936523,31.209186553955078,31.59339141845703,31.751956939697266,31.655174255371094,31.09393882751465,29.667198181152344,27.728370666503906,26.186416625976562,25.771846771240234,25.73607063293457,25.970333099365234,26.509130477905273,27.050077438354492,27.584993362426758,27.913095474243164,28.47784423828125,28.95620346069336,29.40357780456543,29.980993270874023,30.801563262939453
31.916759490966797,28.611913681030273,26.846044540405273,25.02664566040039,23.444896697998047,23.781476974487305,24.25450897216797,24.519163131713867,24.316434860229492,23.955921173095703,24.196577072143555,24.9648494720459,25.49741554260254,25.27656364440918,24.532299041748047,23.978816986083984,24.052156448364258,24.729345321655273,25.89175033569336,27.320276260375977,28.53375816345215,29.325300216674805,29.929319381713867,30.43379020690918,30.763458251953125,30.9560489654541,31.029285430908203,30.733402252197266,29.582916259765625,27.75408172607422,26.16606903076172,25.590633392333984,26.022340774536133,26.934804916381836,27.439477920532227,27.885976791381836,27.767715454101562,27.482707977294922,28.14440155029297,28.673032760620117,28.866352081298828,30.3697509765625,31.375185012817383
31.742053985595703,28.82607650756836,26.54016876220703,23.960018157958984,21.65335464477539,21.90857696533203,22.386734008789062,22.75498390197754,22.97234535217285,23.149871826171875,23.608963012695312,24.334793090820312,24.798683166503906,24.516340255737305,23.647851943969727,22.963348388671875,23.008121490478516,23.742773056030273,24.937950134277344,26.365283966064453,27.6397647857666,28.54287338256836,29.18927001953125,29.550765991210938,29.53872299194336,29.397907257080078,29.378971099853516,29.146305084228516,28.108518600463867,26.630538940429688,25.958877563476562,25.85777473449707,26.117082595825195,26.81418800354004,27.0140323638916,26.955793380737305,26.343727111816406,26.475149154663086,26.834667205810547,26.788061141967773,27.816577911376953,29.299245834350586,30.367029190063477
29.469226837158203,27.123504638671875,25.004892349243164,22.235858917236328,19.73420524597168,20.055330276489258,20.720088958740234,21.35112762451172,21.895973205566406,22.39815330505371,23.00244140625,23.783817291259766,24.415252685546875,24.46873664855957,24.053590774536133,23.724695205688477,23.859312057495117,24.475454330444336,25.449785232543945,26.5255069732666,27.421749114990234,28.045583724975586,28.408344268798828,28.527751922607422,28.308902740478516,27.798595428466797,27.261356353759766,26.67723274230957,25.98928451538086,25.300024032592773,25.146026611328125,25.396730422973633,25.43292999267578,25.462736129760742,25.502628326416016,25.49123764038086,25.21360206604004,25.01154899597168,25.269765853881836,25.584016799926758,25.952211380004883,26.9556941986084,28.291120529174805
27.405881881713867,25.264068603515625,23.475330352783203,20.742300033569336,18.289949417114258,18.777265548706055,19.519546508789062,20.190690994262695,20.745288848876953,21.33388328552246,22.14678192138672,23.165817260742188,24.096529006958008,24.66173553466797,24.973499298095703,25.260831832885742,25.63231658935547,26.14167022705078,26.728065490722656,27.189233779907227,27.4414119720459,27.528297424316406,27.543149948120117,27.509294509887695,27.288881301879883,26.74806022644043,25.976539611816406,25.217269897460938,24.655498504638672,24.381216049194336,24.40782928466797,24.639629364013672,24.764944076538086,24.308908462524414,24.296161651611328,24.506221771240234,24.58820152282715,24.3928165435791,24.46102523803711,24.146799087524414,23.99396514892578,25.357072830200195,26.157243728637695
26.750900268554688,24.31899642944336,22.612642288208008,20.178197860717773,18.187463760375977,18.522480010986328,18.89590835571289,19.13267707824707,19.323007583618164,19.861366271972656,20.88399887084961,22.14715576171875,23.33334732055664,24.24262237548828,25.003690719604492,25.78694725036621,26.578022003173828,27.277666091918945,27.6972599029541,27.706764221191406,27.392566680908203,27.029827117919922,26.869365692138672,26.873714447021484,26.882680892944336,26.697067260742188,26.300403594970703,25.681804656982422,25.0003719329834,24.63759422302246,24.59305763244629,24.5217227935791,24.371166229248047,24.09330177307129,24.03652572631836,24.013032913208008,24.0679931640625,24.238536834716797,24.181692123413086,23.596515655517578,23.028560638427734,23.73406982421875,24.30929183959961
26.42750358581543,23.73908042907715,22.252466201782227,20.339338302612305,19.015256881713867,18.81746482849121,18.549245834350586,18.195903778076172,18.02752113342285,18.641460418701172,19.959510803222656,21.530601501464844,22.896501541137695,23.834754943847656,24.602581024169922,25.50023078918457,26.543020248413086,27.559328079223633,28.206172943115234,28.234981536865234,27.732187271118164,27.195735931396484,27.074691772460938,27.267906188964844,27.531885147094727,27.666311264038086,27.586994171142578,27.237781524658203,26.67856788635254,26.17833137512207,25.775474548339844,25.271249771118164,24.926101684570312,24.48556137084961,24.351327896118164,23.951257705688477,23.65703773498535,23.560136795043945,23.64829444885254,23.47916030883789,23.0347900390625,22.947328567504883,23.29405975341797
26.25834846496582,23.773656845092773,22.516185760498047,20.889028549194336,19.9223690032959,19.4309024810791,19.0965518951416,18.696455001831055,18.545846939086914,19.245561599731445,20.668888092041016,22.3203067779541,23.543603897094727,24.1214656829834,24.46829605102539,25.083093643188477,26.06205177307129,27.224477767944336,28.171520233154297,28.562374114990234,28.361730575561523,28.004444122314453,27.978185653686523,28.179014205932617,28.365598678588867,28.442224502563477,28.40208625793457,28.288503646850586,28.088136672973633,27.77565574645996,27.23593521118164,26.53965187072754,25.90070915222168,25.26732063293457,24.6710205078125,24.134241104125977,23.83124542236328,23.6363582611084,23.655813217163086,23.536855697631836,23.25265884399414,23.170814514160156,23.233966827392578
25.959030151367188,23.628389358520508,22.463809967041016,21.09662437438965,20.21912384033203,20.082979202270508,20.403339385986328,20.38852882385254,20.264909744262695,20.753286361694336,21.98113441467285,23.39100456237793,24.207656860351562,24.18511962890625,23.86086654663086,23.966215133666992,24.757776260375977,25.971940994262695,27.197080612182617,28.05424690246582,28.362688064575195,28.41012191772461,28.580841064453125,28.84832763671875,28.965120315551758,28.836122512817383,28.63204574584961,28.380416870117188,28.146102905273438,27.895193099975586,27.599056243896484,27.318092346191406,26.845775604248047,25.924488067626953,24.85430335998535,24.217540740966797,24.016475677490234,23.89596176147461,23.70813751220703,23.377010345458984,23.26667594909668,23.32461166381836,23.308612823486328
25.365293502807617,22.79930877685547,21.72800064086914,20.962833404541016,20.41389274597168,20.50188446044922,21.2512149810791,21.624984741210938,21.415699005126953,21.636524200439453,22.561378479003906,23.660999298095703,24.021759033203125,23.47374725341797,22.665699005126953,22.43011474609375,23.10855484008789,24.41373062133789,25.81065559387207,26.947084426879883,27.631935119628906,28.004697799682617,28.355670928955078,28.770936965942383,29.05107879638672,29.08384132385254,28.872896194458008,28.4564208984375,27.955554962158203,27.57003402709961,27.413740158081055,27.396879196166992,27.131006240844727,26.222055435180664,25.006370544433594,24.217235565185547,23.92606544494629,23.74953842163086,23.365436553955078,22.98454475402832,22.85097885131836,23.06720733642578,23.180683135986328
25.505661010742188,22.17803382873535,21.395225524902344,21.229658126831055,21.071327209472656,21.1549129486084,22.10525894165039,22.587749481201172,22.108356475830078,21.961116790771484,22.550643920898438,23.431968688964844,23.66451072692871,22.99567985534668,22.086488723754883,21.74358558654785,22.300676345825195,23.502033233642578,24.84156036376953,25.977293014526367,26.755338668823242,27.18858528137207,27.49397087097168,27.951902389526367,28.54131317138672,28.99329948425293,29.087141036987305,28.788219451904297,28.275188446044922,27.852371215820312,27.69930076599121,27.61589813232422,27.15612030029297,26.18621063232422,25.057260513305664,24.208776473999023,23.918466567993164,23.579683303833008,22.98590850830078,22.66927146911621,22.57939910888672,22.73963165283203,23.037097930908203
26.492727279663086,22.1181640625,21.43574333190918,21.44808578491211,21.33812713623047,21.603364944458008,22.681062698364258,23.17969512939453,22.800294876098633,22.54511070251465,23.031320571899414,23.77800750732422,24.073949813842773,23.646944046020508,22.92403221130371,22.496688842773438,22.69506072998047,23.385875701904297,24.242839813232422,25.03400421142578,25.670413970947266,26.123380661010742,26.468734741210938,27.035032272338867,27.914461135864258,28.73417854309082,29.092369079589844,28.957136154174805,28.63383674621582,28.35850715637207,28.243587493896484,28.095958709716797,27.425983428955078,26.082061767578125,24.787643432617188,23.999601364135742,23.74250602722168,23.55181121826172,23.108577728271484,22.746604919433594,22.580900192260742,22.51972198486328,22.62999153137207
27.398386001586914,22.410263061523438,21.21415138244629,21.018707275390625,20.859468460083008,21.347145080566406,22.789762496948242,23.540512084960938,23.699979782104492,23.795190811157227,24.237417221069336,24.762784957885742,24.92839241027832,24.68076515197754,24.214641571044922,23.81513023376465,23.698877334594727,23.858978271484375,24.21101188659668,24.653114318847656,25.127151489257812,25.635677337646484,26.19770622253418,26.916540145874023,27.818376541137695,28.62006187438965,28.97966194152832,28.91678237915039,28.733917236328125,28.629100799560547,28.66679573059082,28.477924346923828,27.59205436706543,25.97502899169922,24.371055603027344,23.537527084350586,23.315385818481445,23.319719314575195,23.242828369140625,22.889997482299805,22.449216842651367,22.031816482543945,21.830062866210938
28.205127716064453,22.388076782226562,20.931058883666992,20.680892944335938,20.838233947753906,21.416460037231445,23.032316207885742,24.224512100219727,24.818758010864258,25.17312240600586,25.302982330322266,25.23912811279297,25.00857162475586,24.732990264892578,24.535118103027344,24.392122268676758,24.363628387451172,24.552709579467773,24.953773498535156,25.43056869506836,25.843826293945312,26.117971420288086,26.40683937072754,26.797882080078125,27.360980987548828,28.000783920288086,28.446022033691406,28.737363815307617,28.866031646728516,28.991228103637695,29.033573150634766,28.540422439575195,27.261465072631836,25.550973892211914,23.98907470703125,22.99077606201172,22.644062042236328,22.71582794189453,22.858978271484375,22.71433448791504,22.24185562133789,21.65205192565918,21.2254695892334
28.745155334472656,23.268306732177734,21.85572624206543,21.612117767333984,22.222938537597656,22.916011810302734,24.009611129760742,25.28470802307129,25.917484283447266,25.912416458129883,25.62903594970703,25.18914794921875,24.835908889770508,24.63601303100586,24.590009689331055,24.4985294342041,24.45772933959961,24.7088565826416,25.253759384155273,25.78412437438965,25.922199249267578,25.53519630432129,25.03780746459961,24.781816482543945,24.94536781311035,25.524208068847656,26.301469802856445,27.208831787109375,28.0288143157959,28.56098175048828,28.349538803100586,27.426931381225586,26.12062644958496,24.852210998535156,23.64370346069336,22.500896453857422,21.79718589782715,21.822040557861328,22.168458938598633,22.321735382080078,22.007253646850586,21.490829467773438,21.022571563720703
29.013017654418945,24.89436912536621,23.97132682800293,23.822540283203125,24.724681854248047,25.417552947998047,25.841394424438477,26.402084350585938,26.531063079833984,26.10780143737793,25.86330795288086,25.821685791015625,25.719303131103516,25.50402069091797,25.141403198242188,24.600990295410156,24.128684997558594,24.039318084716797,24.272611618041992,24.49281120300293,24.165430068969727,23.375179290771484,22.52318000793457,22.036603927612305,22.016660690307617,22.54389190673828,23.34075355529785,24.32668113708496,25.275882720947266,25.857404708862305,25.65268325805664,25.002582550048828,24.504314422607422,24.039308547973633,23.172311782836914,22.054126739501953,21.265945434570312,21.212215423583984,21.608684539794922,21.92958641052246,21.8065185546875,21.41610336303711,21.017593383789062
28.89847183227539,26.169498443603516,25.741296768188477,25.821622848510742,27.01028823852539,27.600404739379883,27.781959533691406,27.49161148071289,26.896709442138672,26.477895736694336,26.627159118652344,26.91512107849121,26.749343872070312,26.173391342163086,25.355344772338867,24.40301513671875,23.572988510131836,23.101001739501953,22.961965560913086,22.866512298583984,22.406404495239258,21.804513931274414,21.156246185302734,20.767980575561523,20.672014236450195,20.91205406188965,21.236270904541016,21.59442901611328,22.02494239807129,22.410280227661133,22.750608444213867,23.049036026000977,23.227415084838867,23.011280059814453,22.428213119506836,21.767580032348633,21.318470001220703,21.180753707885742,21.378829956054688,21.632232666015625,21.53719711303711,21.161571502685547,20.835845947265625
28.36330223083496,27.03112030029297,26.589706420898438,26.83814811706543,28.122835159301758,28.791627883911133,29.01901626586914,28.334897994995117,27.34383773803711,26.919601440429688,27.07753562927246,27.119630813598633,26.61746597290039,25.82229232788086,25.055870056152344,24.234416961669922,23.40688705444336,22.729307174682617,22.334177017211914,22.081035614013672,21.900365829467773,21.555570602416992,21.053264617919922,20.660987854003906,20.551998138427734,20.550262451171875,20.390138626098633,20.133506774902344,20.10773277282715,20.41223907470703,21.04894256591797,21.673276901245117,21.899959564208984,21.77548599243164,21.61187171936035,21.530302047729492,21.371782302856445,21.212711334228516,21.248823165893555,21.323123931884766,21.111116409301758,20.66227912902832,20.35723304748535
26.978788375854492,25.751232147216797,25.768348693847656,26.595937728881836,28.023948669433594,28.90894317626953,29.44133758544922,28.72990608215332,27.60411834716797,26.845632553100586,26.568561553955078,26.316097259521484,25.75410270690918,25.195056915283203,24.872392654418945,24.477746963500977,23.724950790405273,22.793556213378906,22.18239974975586,21.997066497802734,21.951465606689453,21.817041397094727,21.36451530456543,20.974267959594727,20.820894241333008,20.84380531311035,20.6859130859375,20.303442001342773,20.00504493713379,20.00254249572754,20.34385108947754,20.81150245666504,21.061847686767578,21.128000259399414,21.134241104125977,21.099929809570312,20.95644187927246,20.765941619873047,20.70720672607422,20.736343383789062,20.578798294067383,20.176382064819336,19.910066604614258
25.259931564331055,22.949451446533203,23.8533992767334,25.577302932739258,27.574338912963867,28.688074111938477,29.401229858398438,28.910295486450195,27.718830108642578,26.621864318847656,25.95891761779785,25.540958404541016,25.067161560058594,24.842456817626953,24.97452735900879,24.852270126342773,23.87452507019043,22.617103576660156,21.881240844726562,21.739534378051758,21.969467163085938,22.01140785217285,21.68922996520996,21.41912078857422,21.38985824584961,21.491409301757812,21.346616744995117,20.91746711730957,20.512149810791016,20.34894371032715,20.535907745361328,20.93711280822754,21.278268814086914,21.32325553894043,21.11360740661621,20.8006649017334,20.48749542236328,20.183155059814453,19.948795318603516,19.826492309570312,19.71910285949707,19.58842658996582,19.626062393188477
