data/wind_data/wind_51_7.json
{"header": {"parameterUnit": "KT", "parameterCategory": 2, "nx": 256, "ny": 198, "lo1": 44.73521041870117, "la1": -3.236724853515625, "lo2": 111.26478576660156, "la2": 43.468475341796875, "dx": 0.2609002888202667, "dy": -0.23708222806453705, "refTime": "2025-02-21 03:00:00", "forecastTime": 0, "parameterNumber": 2, "parameterNumberName": "eastward_wind"}, "data":
[rows 80 to 99 of 198, columns 176 to 219 of 256]
36.13468933105469,35.65706253051758,35.282630920410156,34.949745178222656,34.49481964111328,33.88871383666992,33.35932922363281,33.24604797363281,33.63139724731445,34.213069915771484,34.5713996887207,34.55473709106445,34.43423843383789,34.609439849853516,35.18258285522461,35.675418853759766,35.76240158081055,35.48261642456055,34.91366958618164,34.22010803222656,33.40459060668945,32.36825942993164,31.72342872619629,32.043880462646484,32.684226989746094,33.30839538574219,34.01237487792969,34.86201095581055,35.58317947387695,35.62959289550781,35.24934005737305,35.02638244628906,34.772315979003906,34.239505767822266,34.08704376220703,34.661399841308594,35.07255554199219,34.691070556640625,33.79799270629883,33.17531967163086,33.028411865234375,32.83381652832031,32.09685516357422,30.946455001831055
38.27660369873047,37.677589416503906,37.06599426269531,36.642269134521484,36.32146072387695,35.89653396606445,35.3287467956543,34.83787155151367,34.731529235839844,35.06545639038086,35.539466857910156,35.917808532714844,36.279048919677734,36.89788818359375,37.767662048339844,38.198795318603516,37.98283004760742,37.55362319946289,36.92509078979492,36.2337760925293,35.67564392089844,35.10558319091797,34.59077453613281,34.52131652832031,34.81486129760742,35.365501403808594,36.044578552246094,36.794898986816406,37.624481201171875,38.23945999145508,38.501705169677734,38.441707611083984,37.87408447265625,36.64685821533203,35.60095977783203,35.90773391723633,36.799659729003906,36.92658233642578,36.043331146240234,35.10153579711914,34.862693786621094,34.84284591674805,34.39195251464844,33.47404479980469
40.573951721191406,40.117435455322266,39.37442398071289,38.798824310302734,38.57917022705078,38.49433898925781,38.236541748046875,37.74761962890625,37.29255676269531,37.13370132446289,37.275390625,37.6331901550293,38.21049499511719,39.202816009521484,40.36470031738281,40.81315612792969,40.4643440246582,39.967830657958984,39.4429931640625,38.96866226196289,38.58470916748047,38.02768325805664,37.37779235839844,37.014400482177734,37.26664733886719,37.913578033447266,38.47880172729492,38.791709899902344,39.17390060424805,40.135684967041016,41.340206146240234,41.797115325927734,41.308815002441406,39.97218322753906,38.42485427856445,37.82283401489258,38.32166290283203,38.78668212890625,38.44577407836914,37.77325439453125,37.52438735961914,37.54160690307617,37.4122200012207,37.06401062011719
42.969268798828125,42.884559631347656,42.334957122802734,41.67405319213867,41.324703216552734,41.32052230834961,41.3525505065918,41.17926788330078,40.864227294921875,40.583187103271484,40.43000793457031,40.49378204345703,40.90156173706055,41.886451721191406,43.034996032714844,43.35569763183594,42.91206359863281,42.37352752685547,42.031585693359375,42.016971588134766,41.963417053222656,41.36463928222656,40.43540954589844,39.6926383972168,39.71536636352539,40.62284851074219,41.5679931640625,41.656578063964844,41.202449798583984,41.610416412353516,43.08610916137695,44.22532272338867,44.27417755126953,43.4876708984375,42.376197814941406,41.376197814941406,40.75727844238281,40.661521911621094,40.84789276123047,41.049560546875,41.23741149902344,41.35782241821289,41.22938919067383,41.0338134765625
45.461029052734375,45.57988357543945,45.349178314208984,44.8863525390625,44.49121856689453,44.33634948730469,44.33313751220703,44.3231315612793,44.268001556396484,44.20549774169922,44.21077346801758,44.291038513183594,44.4997673034668,45.12529373168945,45.92902374267578,46.02846908569336,45.46260452270508,44.801448822021484,44.4099006652832,44.59714889526367,44.882442474365234,44.46650695800781,43.545021057128906,42.625186920166016,42.252803802490234,43.07646179199219,44.467777252197266,45.28240203857422,44.929771423339844,44.265968322753906,44.73249435424805,45.78317642211914,46.17824172973633,45.951969146728516,45.63334274291992,45.23109817504883,44.5821418762207,44.01279067993164,43.96889877319336,44.34158706665039,44.83988952636719,45.223880767822266,45.1523551940918,44.876365661621094
48.057960510253906,48.07197952270508,47.94243240356445,47.77376937866211,47.608367919921875,47.42503356933594,47.24695587158203,47.14242935180664,47.1228141784668,47.19453048706055,47.46484375,47.86531066894531,48.20487976074219,48.583473205566406,48.93295669555664,48.78169631958008,48.21312713623047,47.51079177856445,46.92519760131836,46.93458938598633,47.14377975463867,46.83372497558594,46.16469192504883,45.39905548095703,44.89357376098633,45.426387786865234,46.87176513671875,48.22370910644531,48.6955451965332,48.35655212402344,48.0764045715332,48.16748809814453,48.15347671508789,47.82746505737305,47.631317138671875,47.76441955566406,47.93132400512695,47.97368621826172,48.010398864746094,48.04179000854492,48.14590072631836,48.37350845336914,48.33780288696289,48.04903793334961
50.50698471069336,50.48464584350586,50.33464813232422,50.32789611816406,50.40214157104492,50.352081298828125,50.165122985839844,49.949588775634766,49.746150970458984,49.65724182128906,49.928043365478516,50.52280807495117,51.13954544067383,51.60643768310547,51.70056915283203,51.397396087646484,50.98883056640625,50.459224700927734,49.846012115478516,49.66551208496094,49.57784652709961,48.9819221496582,48.2861213684082,47.73783493041992,47.468841552734375,47.58621597290039,48.51027297973633,50.12709045410156,51.38066482543945,51.818946838378906,51.87834930419922,51.807193756103516,51.47661590576172,50.87949752807617,50.35847091674805,50.19762420654297,50.426700592041016,50.970115661621094,51.62340545654297,51.8427848815918,51.566890716552734,51.28844451904297,50.966121673583984,50.56657791137695
52.531681060791016,52.67240905761719,52.6877555847168,52.79997253417969,52.9114990234375,52.9294548034668,52.92472457885742,52.86186599731445,52.590232849121094,52.24699020385742,52.25358200073242,52.6898193359375,53.357635498046875,53.93350601196289,54.026973724365234,53.79292678833008,53.544395446777344,53.253082275390625,52.9363899230957,52.813148498535156,52.594505310058594,51.791385650634766,50.71727752685547,50.09526443481445,50.13665008544922,50.02449417114258,49.83742904663086,50.98658752441406,52.87919616699219,54.122310638427734,54.76599884033203,54.893577575683594,54.70037841796875,54.6014289855957,54.614933013916016,54.46337890625,54.13331604003906,54.14976119995117,54.72425842285156,55.06123733520508,54.64642333984375,54.03178024291992,53.45962905883789,52.92399978637695
54.368812561035156,54.551849365234375,54.76262664794922,55.00749206542969,55.12667465209961,55.18911361694336,55.35433578491211,55.5056037902832,55.370853424072266,55.043113708496094,54.95028305053711,55.210323333740234,55.69751739501953,56.09569549560547,56.145225524902344,56.100807189941406,56.000099182128906,55.76484298706055,55.683509826660156,55.81367492675781,55.702510833740234,54.978172302246094,53.786468505859375,53.02247619628906,53.31428909301758,53.34419250488281,52.291404724121094,52.08294677734375,53.574893951416016,55.33943557739258,56.54090118408203,57.13705062866211,57.29682540893555,57.608638763427734,58.25492477416992,58.622859954833984,58.40410232543945,58.177852630615234,58.3316650390625,58.33473587036133,57.4116096496582,56.43095016479492,55.734012603759766,55.12126922607422
56.50798034667969,56.534210205078125,56.68259048461914,56.84022903442383,56.92451095581055,57.082576751708984,57.38947677612305,57.674705505371094,57.696380615234375,57.53710174560547,57.556453704833984,57.8693962097168,58.294578552246094,58.481441497802734,58.40866470336914,58.48399353027344,58.559654235839844,58.34892272949219,58.22659683227539,58.41166305541992,58.43456268310547,57.90618896484375,56.89229965209961,56.07976150512695,56.42658615112305,57.0747184753418,56.172245025634766,54.73013687133789,54.977272033691406,56.36277770996094,57.679100036621094,58.75493621826172,59.33041000366211,59.852630615234375,60.669246673583984,61.35991287231445,61.65089416503906,61.754066467285156,61.73765182495117,61.26596450805664,60.1478271484375,58.905616760253906,57.964210510253906,57.20829391479492
58.8863525390625,58.83238983154297,58.8536376953125,58.82004928588867,58.75043869018555,58.81325912475586,59.103981018066406,59.445526123046875,59.57730484008789,59.55479431152344,59.70085906982422,60.14854431152344,60.60923385620117,60.69149398803711,60.636295318603516,60.92440414428711,61.20789337158203,61.08543395996094,60.88740921020508,60.958683013916016,60.99382400512695,60.53020477294922,59.599510192871094,58.81373977661133,59.18132400512695,60.170745849609375,59.85134506225586,58.2343635559082,57.39238739013672,57.82170867919922,59.10859298706055,60.449092864990234,61.140480041503906,61.48276901245117,62.16617202758789,63.06674575805664,63.64643478393555,63.904876708984375,63.944820404052734,63.57072448730469,62.62611770629883,61.345577239990234,60.158512115478516,59.23531723022461
61.192623138427734,61.22206497192383,61.26693344116211,61.18307876586914,61.00113296508789,60.86868667602539,60.93917465209961,61.102622985839844,61.12778091430664,61.10993194580078,61.411468505859375,62.05226135253906,62.49397659301758,62.48760223388672,62.59196853637695,63.08786392211914,63.49848175048828,63.63154602050781,63.69297409057617,63.74124526977539,63.65449523925781,63.16841506958008,62.19736862182617,61.45415115356445,61.79201126098633,62.59536361694336,62.58378219604492,61.38886260986328,59.81977462768555,59.279579162597656,60.461917877197266,62.063350677490234,62.83003234863281,62.99925994873047,63.339935302734375,64.11029815673828,64.82056427001953,65.10441589355469,65.15380859375,65.01885223388672,64.47294616699219,63.495567321777344,62.284271240234375,61.180843353271484
63.3649787902832,63.571712493896484,63.754112243652344,63.7052001953125,63.4962272644043,63.27424621582031,63.15627670288086,63.01840591430664,62.68585968017578,62.455848693847656,62.897361755371094,63.76383972167969,64.16790008544922,64.16954803466797,64.4078369140625,64.87002563476562,65.2892074584961,65.68875885009766,66.10165405273438,66.3291015625,66.32122802734375,65.97776794433594,65.02745819091797,64.21435546875,64.42071533203125,64.95861053466797,64.87847137451172,64.01547241210938,62.341434478759766,60.977725982666016,61.575775146484375,63.27035140991211,64.20492553710938,64.2664566040039,64.44662475585938,65.12577056884766,65.6470718383789,65.73690032958984,65.98542022705078,66.21214294433594,65.9962387084961,65.33800506591797,64.22066497802734,63.02133560180664
65.5880355834961,65.84391021728516,66.14756774902344,66.12896728515625,65.90036010742188,65.69335174560547,65.56298065185547,65.25248718261719,64.58509063720703,64.04217529296875,64.49290466308594,65.59395599365234,65.98819732666016,65.90705871582031,66.20533752441406,66.64225006103516,66.96537780761719,67.32550048828125,67.82933044433594,68.28429412841797,68.58010864257812,68.56116485595703,67.8630142211914,67.07778930664062,66.98837280273438,67.2295150756836,67.26499938964844,66.7295913696289,65.27053833007812,63.4602165222168,63.21999740600586,64.69419860839844,65.86492156982422,65.66638946533203,65.37715148925781,66.0602798461914,66.6415786743164,66.75774383544922,67.22389221191406,67.739501953125,67.75502014160156,67.19174194335938,65.9966812133789,64.76948547363281
68.20710754394531,68.2590103149414,68.45269012451172,68.37146759033203,68.10800170898438,67.93717956542969,67.90330505371094,67.64058685302734,66.8667984008789,66.09442901611328,66.494140625,67.72407531738281,67.94110870361328,67.67772674560547,68.09442901611328,68.53868865966797,68.66677856445312,68.83122253417969,69.28366088867188,69.84562683105469,70.31658172607422,70.50387573242188,70.1441421508789,69.69477844238281,69.58431243896484,69.52059173583984,69.52165985107422,69.39848327636719,68.49847412109375,66.81775665283203,65.92142486572266,66.7410888671875,67.95100402832031,67.93309783935547,67.16841125488281,67.28155517578125,68.10636901855469,68.79048919677734,69.35490417480469,69.72679138183594,69.89215087890625,69.55464172363281,68.40380096435547,67.12692260742188
71.14640808105469,70.98761749267578,70.91376495361328,70.65559387207031,70.3327407836914,70.18083953857422,70.2247314453125,70.10331726074219,69.39501953125,68.50697326660156,68.80535888671875,69.9274673461914,69.88436126708984,69.54096221923828,70.05834197998047,70.44766235351562,70.42042541503906,70.48748016357422,70.88700103759766,71.39048767089844,71.82007598876953,72.02307891845703,71.85038757324219,71.77821350097656,72.00262451171875,71.927001953125,71.67542266845703,71.64714050292969,71.3294906616211,70.22962188720703,69.30204772949219,69.472900390625,70.22652435302734,70.56735229492188,70.14229583740234,69.6555404663086,70.07454681396484,71.0904769897461,71.88646697998047,72.3870849609375,72.7256088256836,72.53550720214844,71.53782653808594,70.29048919677734
73.92146301269531,73.75904083251953,73.61760711669922,73.30720520019531,72.9291763305664,72.7071304321289,72.7115707397461,72.63092041015625,71.94464874267578,71.02973175048828,71.17428588867188,71.98846435546875,71.92923736572266,71.69235229492188,72.07787322998047,72.33794403076172,72.28045654296875,72.3738784790039,72.76203918457031,73.10298156738281,73.33200073242188,73.52611541748047,73.51065063476562,73.56986999511719,73.97688293457031,74.1595230102539,73.89122009277344,73.64468383789062,73.441650390625,72.97540283203125,72.52666473388672,72.2427749633789,72.36161041259766,72.91948699951172,73.26974487304688,72.78736114501953,72.5483169555664,73.32427978515625,74.47740936279297,75.20706176757812,75.42644500732422,75.29090118408203,74.71644592285156,73.78997802734375
76.37152099609375,76.36324310302734,76.38776397705078,76.26142883300781,75.95925903320312,75.62715148925781,75.4306411743164,75.22171783447266,74.54119110107422,73.63325500488281,73.42555236816406,73.84303283691406,74.1034164428711,74.22452545166016,74.37042236328125,74.3531494140625,74.22289276123047,74.31088256835938,74.66698455810547,74.8869400024414,74.97239685058594,75.1843032836914,75.35616302490234,75.4717025756836,75.79594421386719,76.12716674804688,76.0724105834961,75.70671844482422,75.3551025390625,75.10462951660156,74.8237533569336,74.84740447998047,74.71955871582031,74.8964614868164,75.61442565917969,75.60626983642578,74.83956146240234,75.05947875976562,76.47671508789062,77.56192016601562,77.7491226196289,77.5250015258789,77.12606048583984,76.67559051513672
78.72059631347656,78.86869049072266,79.06976318359375,79.17322540283203,79.03943634033203,78.69639587402344,78.30879211425781,77.95225524902344,77.39679718017578,76.51657104492188,75.78173828125,75.75312042236328,76.30160522460938,76.75160217285156,76.75552368164062,76.54684448242188,76.35391235351562,76.30838012695312,76.52118682861328,76.7339096069336,76.82343292236328,76.97217559814453,77.2158432006836,77.47606658935547,77.78469848632812,78.09124755859375,78.12440490722656,77.76141357421875,77.33036804199219,76.98433685302734,76.73457336425781,76.84789276123047,76.8411636352539,76.72953796386719,77.15508270263672,77.5522689819336,77.17505645751953,76.9610824584961,77.93604278564453,79.12385559082031,79.5787124633789,79.3236312866211,78.81486511230469,78.51144409179688
81.30511474609375,81.48616790771484,81.6925277709961,81.87274169921875,81.87319946289062,81.64120483398438,81.2392807006836,80.88546752929688,80.53719329833984,79.72476959228516,78.58129119873047,78.04263305664062,78.53858184814453,79.1836166381836,79.13648986816406,78.78617095947266,78.62134552001953,78.58161163330078,78.67091369628906,78.8027572631836,78.84661102294922,78.88629913330078,79.07366943359375,79.43122863769531,79.83021545410156,80.10808563232422,80.06954193115234,79.70941162109375,79.26412200927734,78.80987548828125,78.49736785888672,78.53449249267578,78.63018798828125,78.59451293945312,78.72273254394531,78.93523406982422,78.81932830810547,78.82032775878906,79.84488677978516,81.02438354492188,81.37166595458984,80.99859619140625,80.30107116699219,79.69567108154297
