data/wind_data/wind_0_7.json
{"header": {"parameterUnit": "KT", "parameterCategory": 2, "nx": 256, "ny": 198, "lo1": 44.73521041870117, "la1": -3.236724853515625, "lo2": 111.26478576660156, "la2": 43.468475341796875, "dx": 0.2609002888202667, "dy": -0.23708222806453705, "refTime": "2025-02-19 00:00:00", "forecastTime": 0, "parameterNumber": 2, "parameterNumberName": "eastward_wind"}, "data":
[rows 160 to 179 of 198, columns 88 to 131 of 256]
62.63689041137695,64.20574951171875,65.64498138427734,66.50817108154297,66.13196563720703,66.00154876708984,65.91317749023438,64.88520812988281,66.7035903930664,67.37325286865234,68.51869201660156,68.46560668945312,68.88490295410156,69.92454528808594,69.28662872314453,70.39783477783203,70.72799682617188,73.43579864501953,74.43460083007812,73.39785766601562,72.79229736328125,71.31330871582031,69.3866958618164,68.37019348144531,69.23887634277344,70.0661849975586,71.9594497680664,73.43305206298828,74.73170471191406,74.32394409179688,69.90467071533203,67.0264892578125,67.00119018554688,67.89056396484375,66.34516143798828,66.688720703125,66.52812957763672,65.20519256591797,64.22215270996094,63.28319549560547,62.7993278503418,62.389556884765625,60.47298812866211,59.63374328613281
60.936851501464844,62.14842224121094,64.45701599121094,64.80451965332031,63.68324279785156,64.0679702758789,64.30899047851562,63.1550178527832,65.55299377441406,65.19461822509766,66.27371215820312,66.11711883544922,66.01116180419922,66.34056091308594,65.35941314697266,66.5908432006836,68.7425308227539,70.21778869628906,70.96597290039062,69.45557403564453,68.6606674194336,68.48908233642578,66.8849105834961,65.15419006347656,66.107421875,66.70734405517578,69.73268127441406,72.14056396484375,71.17914581298828,71.75244140625,67.600830078125,65.2657470703125,65.477294921875,64.48597717285156,62.030025482177734,62.60448455810547,62.394081115722656,62.105323791503906,61.08633041381836,59.865333557128906,59.298702239990234,58.6572265625,56.906158447265625,56.08600997924805
59.81120681762695,60.64588928222656,62.69839859008789,62.69982147216797,61.47445297241211,62.19743728637695,62.346824645996094,61.957176208496094,63.259883880615234,62.9403190612793,63.26228332519531,63.045955657958984,62.36798858642578,63.893951416015625,62.71479415893555,64.04510498046875,67.38557434082031,67.70284271240234,66.58161926269531,66.95161437988281,66.25982666015625,65.3198471069336,63.36235809326172,61.77787780761719,63.096927642822266,63.49118423461914,66.74263763427734,69.3928451538086,67.7682113647461,67.57337951660156,64.48898315429688,63.29505157470703,62.329833984375,61.50124740600586,59.795196533203125,58.87153625488281,58.85094451904297,59.5008544921875,58.96324157714844,57.008338928222656,56.027679443359375,55.08570098876953,54.170318603515625,53.96847152709961
58.14054489135742,59.281558990478516,60.53700256347656,60.14607238769531,59.40678787231445,60.48129653930664,60.50926971435547,60.38212585449219,61.069618225097656,60.627662658691406,60.47816467285156,60.70033264160156,59.69417190551758,61.82868194580078,61.057289123535156,61.47573471069336,65.30239868164062,65.07337951660156,63.28654098510742,63.53861999511719,63.489219665527344,62.45777893066406,60.33659744262695,59.15894317626953,59.96992492675781,61.0260009765625,62.66819763183594,64.0653305053711,63.93598175048828,63.55184555053711,61.94996643066406,61.93434524536133,60.361934661865234,57.92859649658203,56.87553787231445,56.90629959106445,57.1067008972168,57.60954284667969,57.00473403930664,54.57112503051758,53.14189529418945,52.623802185058594,52.17389678955078,51.78718948364258
55.586402893066406,57.255126953125,58.455318450927734,58.189483642578125,57.892879486083984,59.02916717529297,59.528629302978516,59.01131820678711,59.195770263671875,58.931190490722656,58.67290496826172,59.072689056396484,58.35454559326172,59.52293014526367,59.3687629699707,58.84526062011719,61.6035270690918,61.03413391113281,60.52585983276367,59.772762298583984,59.41743469238281,58.69579315185547,56.990440368652344,56.34822082519531,56.633182525634766,58.15753173828125,58.59531021118164,59.02912902832031,59.68278503417969,60.629764556884766,60.22157287597656,60.80133819580078,58.46039581298828,55.48374557495117,54.60100173950195,55.87244415283203,55.9876708984375,55.60019302368164,55.142303466796875,53.085750579833984,51.11333084106445,50.27494812011719,49.989036560058594,49.648983001708984
53.11518859863281,54.851104736328125,56.46198272705078,56.961814880371094,57.00078582763672,57.75179672241211,58.58701705932617,57.926422119140625,57.45484924316406,57.6373291015625,57.36451721191406,57.50611877441406,57.30599594116211,57.024662017822266,57.2186393737793,56.19605255126953,57.22924041748047,56.57231140136719,57.54862594604492,56.49250030517578,55.36507797241211,54.470211029052734,53.02557373046875,52.890625,53.09210968017578,54.566619873046875,55.19900131225586,55.43581771850586,56.45928192138672,58.401912689208984,58.60620880126953,59.07582092285156,56.188270568847656,54.00447082519531,53.07352828979492,54.85329055786133,55.218841552734375,54.175662994384766,53.61531066894531,51.99493408203125,49.799949645996094,48.44446563720703,48.17012023925781,48.162086486816406
51.880767822265625,52.96261215209961,54.47993850708008,55.904762268066406,56.294124603271484,56.372459411621094,56.851219177246094,56.74553298950195,55.594566345214844,56.009544372558594,55.7424430847168,55.61133575439453,55.619754791259766,54.801273345947266,54.82390594482422,53.84354019165039,54.082427978515625,53.60844802856445,54.39339065551758,53.90024948120117,52.696746826171875,51.25914001464844,49.56266784667969,49.52595901489258,49.80693435668945,50.98350524902344,52.318756103515625,52.7824821472168,54.9849853515625,56.2230224609375,56.783538818359375,56.738189697265625,54.172611236572266,52.563594818115234,51.825016021728516,53.64929962158203,54.883644104003906,54.0307731628418,52.5445442199707,50.67595291137695,48.940372467041016,47.95132064819336,47.57973098754883,47.55769729614258
51.914642333984375,52.159732818603516,52.888423919677734,54.56870651245117,55.050254821777344,54.62946319580078,55.225257873535156,55.19458770751953,53.61304473876953,53.672332763671875,53.87914276123047,53.99013900756836,53.946144104003906,53.27693176269531,52.809349060058594,52.6284294128418,53.4340705871582,52.79218673706055,52.121219635009766,51.285335540771484,50.54840850830078,49.935970306396484,48.7292366027832,47.85922622680664,47.749969482421875,48.59402847290039,49.26548385620117,50.464088439941406,53.35688400268555,54.496726989746094,55.811946868896484,55.23894500732422,53.31779098510742,51.46101379394531,51.34639358520508,52.94743347167969,54.308204650878906,53.91932678222656,51.61640930175781,49.70954132080078,48.749576568603516,48.33464050292969,47.735050201416016,47.13760757446289
52.12836456298828,51.946983337402344,52.233917236328125,53.7099494934082,54.01764678955078,53.541419982910156,54.1804084777832,54.153865814208984,52.59302520751953,52.17192459106445,53.14614486694336,53.71022415161133,53.17900848388672,52.588321685791016,52.75187301635742,52.8046989440918,52.60820770263672,51.987857818603516,50.00634765625,48.3306770324707,48.734493255615234,48.184635162353516,46.48354721069336,45.10009765625,45.36944580078125,46.81170654296875,48.11033630371094,49.92832946777344,52.086219787597656,54.782981872558594,54.96880340576172,53.17520523071289,52.42344665527344,51.04727554321289,50.924842834472656,52.56414794921875,53.3662223815918,52.291236877441406,50.40817642211914,49.50686264038086,48.82026290893555,48.080692291259766,47.35856628417969,46.60753631591797
52.17147445678711,51.815635681152344,52.03861618041992,53.15808868408203,53.44457244873047,53.23859786987305,53.411338806152344,53.35059356689453,51.78068542480469,52.122169494628906,52.922874450683594,53.309322357177734,52.92527770996094,52.40488052368164,52.84376907348633,53.13479995727539,51.923648834228516,50.73347473144531,48.031288146972656,46.039024353027344,46.06526565551758,45.62366485595703,43.9086799621582,42.98958969116211,43.97418975830078,45.70807647705078,47.60566711425781,49.596031188964844,51.90606689453125,54.57276916503906,53.079532623291016,51.81248092651367,50.60334777832031,49.826271057128906,50.164878845214844,51.60612106323242,51.6593017578125,49.99557876586914,48.73539733886719,48.358604431152344,47.43865203857422,46.43476486206055,46.26284408569336,45.6890869140625
51.59183883666992,51.9329948425293,52.499629974365234,52.94173812866211,53.1236686706543,53.330684661865234,53.120140075683594,53.11790084838867,51.072235107421875,51.870304107666016,53.28777313232422,53.061187744140625,52.75849151611328,52.356258392333984,52.83100509643555,53.018253326416016,50.819698333740234,48.973670959472656,47.16717529296875,44.345394134521484,42.83065414428711,42.89551544189453,41.786895751953125,41.94257736206055,43.73314666748047,45.85422897338867,47.54628372192383,49.359153747558594,52.071006774902344,52.5828742980957,51.214481353759766,50.7956428527832,49.043121337890625,48.87279510498047,49.173458099365234,49.87240219116211,49.54845428466797,48.072723388671875,46.873878479003906,46.10829544067383,45.02464294433594,44.38343048095703,44.46881103515625,43.9201774597168
50.5054931640625,52.04948425292969,52.86928939819336,52.704341888427734,52.75091552734375,53.03384017944336,52.620113372802734,52.91220474243164,50.957706451416016,51.06840896606445,53.33024597167969,52.51554870605469,52.17238998413086,52.83163833618164,53.03535461425781,52.2418098449707,49.768463134765625,47.73985290527344,46.023983001708984,42.43279266357422,39.986019134521484,40.59719467163086,40.27764129638672,41.59721755981445,44.219661712646484,47.11210632324219,48.53074645996094,49.66448974609375,52.128536224365234,50.10432434082031,49.57211685180664,50.0932502746582,48.769893646240234,48.48579025268555,48.23505783081055,47.96110534667969,47.33328628540039,46.389259338378906,44.980709075927734,43.48390579223633,42.65449905395508,42.71419906616211,42.67769241333008,42.10152053833008
49.31085968017578,51.621334075927734,52.15230178833008,52.00749206542969,52.052040100097656,51.999603271484375,51.24641036987305,51.971031188964844,51.55051803588867,50.391693115234375,52.24360656738281,51.504432678222656,51.228397369384766,53.78889846801758,53.41067886352539,50.94641876220703,49.189659118652344,47.613826751708984,43.430179595947266,40.05925369262695,38.49315643310547,39.27962112426758,39.73112487792969,41.779876708984375,44.89344787597656,48.52899932861328,50.50533676147461,50.58982849121094,51.891727447509766,48.9734001159668,48.320491790771484,49.748016357421875,49.39272689819336,48.12025833129883,47.414093017578125,46.52088165283203,45.365570068359375,44.5229606628418,43.13374710083008,41.456764221191406,41.22785568237305,41.66397476196289,41.429786682128906,40.787532806396484
48.21894073486328,50.186492919921875,50.2611198425293,50.802635192871094,50.883689880371094,51.23405456542969,49.67131042480469,50.35810089111328,51.430877685546875,50.49259948730469,50.88602066040039,51.6389045715332,51.235103607177734,53.22882843017578,52.56559371948242,49.58724594116211,47.89432907104492,46.816917419433594,42.048484802246094,39.0778694152832,38.64350509643555,39.630699157714844,41.70976257324219,43.57841491699219,45.64012145996094,48.531532287597656,51.101837158203125,50.88379669189453,51.11602783203125,48.79541778564453,49.04032516479492,49.25727844238281,48.092979431152344,46.906776428222656,46.1481819152832,45.29728317260742,44.272850036621094,43.08254623413086,41.4846305847168,40.51638412475586,40.683326721191406,40.84992218017578,40.02973937988281,38.28424835205078
47.29270553588867,49.09623336791992,49.651729583740234,50.063297271728516,50.09322738647461,50.23743438720703,48.10724639892578,48.2789306640625,49.777503967285156,49.841976165771484,49.62626647949219,49.89164733886719,49.97560501098633,50.923500061035156,50.785728454589844,48.98326110839844,47.24355697631836,44.571258544921875,40.98350524902344,40.51791000366211,41.056034088134766,41.5297737121582,43.989768981933594,45.41651916503906,46.76921463012695,49.63753890991211,51.93635177612305,50.73664474487305,50.44221878051758,49.09598159790039,48.273094177246094,46.79908752441406,45.42524719238281,45.141841888427734,44.14667510986328,43.14011764526367,41.9848747253418,40.83267593383789,40.26827621459961,40.411376953125,40.388641357421875,39.468101501464844,37.70627975463867,35.83157730102539
46.912254333496094,48.540409088134766,48.90494155883789,47.509422302246094,48.20074462890625,48.559410095214844,47.2280158996582,46.45037078857422,48.121131896972656,48.38075256347656,46.69942092895508,46.61850357055664,47.78670883178711,48.777591705322266,48.25476837158203,47.287967681884766,45.287635803222656,43.190521240234375,41.046268463134766,41.30607604980469,42.33548355102539,42.81653594970703,45.39133834838867,45.85078048706055,46.81074905395508,49.69828796386719,51.6864013671875,50.50689697265625,49.923439025878906,47.881980895996094,45.7861442565918,43.95941925048828,43.27471923828125,43.472068786621094,42.57414245605469,41.32486343383789,40.13990020751953,39.36385726928711,39.7168083190918,39.82792663574219,39.01206970214844,37.61428451538086,35.79981231689453,34.7155647277832
45.929161071777344,47.284183502197266,47.25230407714844,44.951210021972656,46.45068359375,47.40628433227539,46.83530807495117,45.491153717041016,46.488441467285156,46.071067810058594,43.89642333984375,43.78598403930664,45.83906936645508,46.627845764160156,45.392398834228516,44.63152313232422,43.43684005737305,42.98847198486328,41.56655502319336,41.19457244873047,41.87750244140625,42.258880615234375,45.02157974243164,45.11626434326172,45.836158752441406,48.555816650390625,49.863101959228516,48.8544921875,48.236358642578125,45.645450592041016,43.372039794921875,42.15934371948242,41.95578384399414,41.98552703857422,41.287384033203125,40.091373443603516,38.980220794677734,38.5272216796875,39.061248779296875,38.686866760253906,37.30134582519531,35.8944206237793,34.81645202636719,34.83658218383789
44.46604919433594,45.40718460083008,45.2385139465332,43.875633239746094,45.691139221191406,47.12343978881836,46.4017333984375,45.06071853637695,44.4502067565918,43.2106819152832,41.83827590942383,42.00825881958008,44.37432861328125,43.77437973022461,42.751747131347656,42.21392822265625,42.68260192871094,43.131954193115234,41.39677810668945,40.510990142822266,40.50007629394531,40.27654266357422,42.89698791503906,43.547828674316406,44.30942916870117,46.65359878540039,47.08100128173828,45.801361083984375,44.97073745727539,43.19345474243164,41.944091796875,41.333229064941406,40.92973327636719,40.57827377319336,40.013797760009766,39.13991165161133,38.151092529296875,37.86555480957031,37.984832763671875,37.25152587890625,35.87626266479492,34.75055694580078,34.661800384521484,35.33209228515625
44.20155334472656,44.60615539550781,44.37449645996094,43.894412994384766,45.33224105834961,46.51763916015625,45.31953048706055,43.879974365234375,41.6515007019043,40.37870788574219,38.990875244140625,40.00176239013672,42.44931411743164,39.97260665893555,40.85289001464844,41.423583984375,42.39088439941406,42.15718460083008,39.6368408203125,39.50945281982422,39.553871154785156,38.554931640625,39.92145919799805,41.12403106689453,42.56906509399414,44.48649215698242,44.673179626464844,43.11879348754883,41.295989990234375,40.929046630859375,40.74949264526367,39.97112274169922,39.35564422607422,39.1328239440918,38.72602081298828,37.93589401245117,37.1108512878418,37.08534240722656,36.897315979003906,35.78456115722656,34.619319915771484,34.22162628173828,34.76529312133789,35.08908462524414
43.706233978271484,43.63046646118164,42.834754943847656,42.424720764160156,43.35371780395508,43.975772857666016,43.04729080200195,41.75766372680664,39.06539535522461,37.43803787231445,36.08287048339844,38.41116714477539,40.704898834228516,39.109561920166016,39.435302734375,39.80624771118164,40.78346252441406,39.10414505004883,38.13812255859375,39.28063201904297,37.94552993774414,35.307044982910156,36.17054748535156,38.04158401489258,39.73716735839844,41.820804595947266,41.04850387573242,39.321197509765625,39.06462860107422,39.250518798828125,39.35115051269531,38.8847541809082,38.19179153442383,37.884620666503906,37.413002014160156,36.718048095703125,36.308860778808594,35.92816925048828,35.095489501953125,34.237918853759766,33.90336227416992,34.097599029541016,34.386539459228516,34.484954833984375
