data/wind_data/wind_18_1.json
{"header": {"parameterUnit": "KT", "parameterCategory": 2, "nx": 256, "ny": 198, "lo1": 44.73521041870117, "la1": -3.236724853515625, "lo2": 111.26478576660156, "la2": 43.468475341796875, "dx": 0.2609002888202667, "dy": -0.23708222806453705, "refTime": "2025-02-19 18:00:00", "forecastTime": 0, "parameterNumber": 2, "parameterNumberName": "eastward_wind"}, "data":
[rows 19 to 37 of 198, columns 129 to 171 of 256]
-4.968217372894287,-3.456803321838379,-2.34647536277771,-2.9097142219543457,-1.25602126121521,-3.500091314315796,-0.7067945599555969,-1.489879846572876,-1.7012145519256592,-3.9498097896575928,-4.431051254272461,-3.2770323753356934,-3.2158100605010986,-4.576767444610596,-4.093601703643799,-2.3510987758636475,-5.16801118850708,-2.815378427505493,-2.6787755489349365,-5.216854095458984,-2.5531563758850098,-1.4674499034881592,-1.6666653156280518,-1.2810298204421997,1.3329856395721436,-1.7213352918624878,-2.2334561347961426,-6.182167053222656,-5.609382629394531,-7.352059841156006,-4.186931133270264,-4.006954193115234,-8.49094009399414,-8.353863716125488,-10.7177734375,-8.718965530395508,-7.535155296325684,-6.098047733306885,-5.514546871185303,-5.36463737487793,-4.662341594696045,-4.063745975494385,-3.814387083053589
-5.345174312591553,-3.9607157707214355,-2.098928928375244,-1.978676438331604,-4.583096981048584,-3.5606560707092285,1.3425343036651611,-1.10383939743042,0.4342692196369171,-5.319803237915039,-6.1004638671875,-4.262772560119629,-3.2495670318603516,-5.496774196624756,-6.149589538574219,-3.231961488723755,-2.8427813053131104,-4.926668167114258,-4.80709171295166,-3.361743211746216,-2.0317015647888184,-0.6019365191459656,-0.47908857464790344,-0.5362945199012756,-0.015134288929402828,-5.701957702636719,-8.241480827331543,-9.224124908447266,-11.824122428894043,-8.372072219848633,-4.410513401031494,-3.891608238220215,-9.100395202636719,-10.523370742797852,-7.825483798980713,-8.090797424316406,-7.191254615783691,-6.122409343719482,-5.682344913482666,-5.2441816329956055,-4.512795448303223,-3.137854814529419,-2.4835152626037598
-4.913517475128174,-3.2127959728240967,-3.122509002685547,-5.247313499450684,-3.1731693744659424,-4.634970664978027,0.9792816638946533,-0.29930129647254944,-4.879805564880371,-4.2255048751831055,-9.389270782470703,-6.889655590057373,-6.4607014656066895,-1.4497904777526855,-6.572851181030273,-5.724421501159668,-3.5692665576934814,-2.326782703399658,-2.035210609436035,-1.8348617553710938,0.6291711926460266,-0.44466352462768555,-2.4300031661987305,-3.1418497562408447,-6.3909711837768555,-10.557870864868164,-9.863581657409668,-11.080268859863281,-9.794987678527832,-8.680591583251953,-7.200167655944824,-6.891227722167969,-7.727662086486816,-8.2564115524292,-8.404363632202148,-7.077905178070068,-6.813445091247559,-6.783393383026123,-6.532960891723633,-5.322741508483887,-4.392196178436279,-2.2813034057617188,-0.575688362121582
-6.391581058502197,-6.142388820648193,-4.155885696411133,-5.674284934997559,-5.625220775604248,-1.9965258836746216,-3.7732038497924805,-6.979257106781006,-3.988957643508911,-10.146400451660156,-6.972984313964844,-4.697524547576904,-6.698146343231201,-6.816368103027344,-6.1208391189575195,-5.6912360191345215,-4.0903215408325195,-1.8671053647994995,-0.7207870483398438,-3.450479507446289,-1.0838990211486816,-4.052278995513916,-8.550138473510742,-10.084997177124023,-11.536431312561035,-12.941197395324707,-9.041659355163574,-8.651681900024414,-8.194297790527344,-9.977685928344727,-9.0156831741333,-7.3058180809021,-7.423153877258301,-8.4022855758667,-7.861532688140869,-6.244009971618652,-6.8352789878845215,-7.611016750335693,-6.907021999359131,-5.7315802574157715,-4.366878509521484,-2.5252268314361572,-1.3597432374954224
-5.274221420288086,-4.717187881469727,-6.024801254272461,-4.895124912261963,-3.916851282119751,-3.6425564289093018,-6.413137435913086,-7.069278240203857,-7.741934299468994,-6.991562366485596,-6.335511207580566,-6.646106719970703,-6.482451438903809,-5.336493968963623,-5.278243541717529,-4.699951171875,-3.1812407970428467,-3.6898255348205566,-4.8364129066467285,-4.018083095550537,-5.380367279052734,-7.005173206329346,-11.994102478027344,-11.809857368469238,-10.637418746948242,-9.901592254638672,-8.609865188598633,-8.974589347839355,-8.196054458618164,-7.879387378692627,-9.577634811401367,-8.261323928833008,-7.404930114746094,-7.987709045410156,-7.070562839508057,-6.686896324157715,-7.495476245880127,-7.642111778259277,-6.836853504180908,-5.693164825439453,-4.728507995605469,-4.694311618804932,-6.234304428100586
-5.814053535461426,-6.257094383239746,-5.306811332702637,-5.646406173706055,-6.698928356170654,-5.314602851867676,-6.658782958984375,-7.898041248321533,-8.136557579040527,-7.805810451507568,-7.347916603088379,-7.654528617858887,-6.527891635894775,-4.542837142944336,-4.731678485870361,-4.51396369934082,-1.7649091482162476,-2.995485305786133,-5.57150936126709,-6.2115349769592285,-10.308533668518066,-9.254451751708984,-10.729469299316406,-8.689093589782715,-8.965786933898926,-10.021764755249023,-9.267827987670898,-8.637359619140625,-7.452585220336914,-8.458538055419922,-9.94336986541748,-8.669599533081055,-7.23134708404541,-7.781893730163574,-7.256429672241211,-7.26606559753418,-7.625662803649902,-7.672372341156006,-6.558836936950684,-5.740451335906982,-5.2115478515625,-6.625093460083008,-8.201390266418457
-7.211719989776611,-6.895825386047363,-6.500794410705566,-7.023826599121094,-6.82473087310791,-6.762201309204102,-7.420550346374512,-8.085684776306152,-8.773377418518066,-8.42023754119873,-6.917016506195068,-6.668320178985596,-5.746755123138428,-5.66777229309082,-5.365362644195557,-3.9455068111419678,-1.9295045137405396,-7.369757175445557,-8.437668800354004,-8.629233360290527,-9.857369422912598,-9.115711212158203,-9.61707592010498,-9.830399513244629,-10.895025253295898,-9.020813941955566,-8.52661418914795,-8.58159065246582,-8.442544937133789,-9.016437530517578,-9.004735946655273,-8.69052505493164,-8.209023475646973,-7.497176647186279,-7.324361801147461,-7.837400913238525,-7.740754127502441,-7.382566452026367,-6.697335243225098,-6.232132434844971,-6.773462772369385,-8.564290046691895,-8.79495906829834
-9.273138046264648,-6.987826347351074,-6.2085747718811035,-5.677429676055908,-6.903762340545654,-7.411562442779541,-7.988879680633545,-8.437634468078613,-8.191427230834961,-8.99769115447998,-7.928541660308838,-6.169772148132324,-5.903756141662598,-7.3836517333984375,-6.134394645690918,-5.115762233734131,-6.030949115753174,-7.618448734283447,-10.774754524230957,-10.180060386657715,-8.92918586730957,-9.718268394470215,-10.205010414123535,-10.572514533996582,-8.940960884094238,-9.552848815917969,-9.772270202636719,-8.998496055603027,-8.77217960357666,-8.487068176269531,-8.06651496887207,-8.480205535888672,-8.70484733581543,-7.615559101104736,-7.7215962409973145,-8.007279396057129,-7.6567792892456055,-7.250506401062012,-6.916703224182129,-7.110329627990723,-8.518372535705566,-8.77293586730957,-9.068713188171387
-14.109408378601074,-5.59141731262207,-7.505007743835449,-5.794490337371826,-6.662397861480713,-7.1925530433654785,-9.224264144897461,-9.215556144714355,-8.836979866027832,-9.3676118850708,-8.723672866821289,-7.854788303375244,-7.541871070861816,-6.915381908416748,-6.302934169769287,-6.52280330657959,-7.089282035827637,-8.57853889465332,-10.300329208374023,-9.229507446289062,-10.531726837158203,-10.295520782470703,-9.814038276672363,-8.771538734436035,-9.53249454498291,-10.05195426940918,-9.563704490661621,-9.182089805603027,-8.706452369689941,-8.404135704040527,-8.326815605163574,-8.54712963104248,-8.584697723388672,-7.846771717071533,-8.00617504119873,-8.17142391204834,-7.715120315551758,-7.309234142303467,-7.026105880737305,-6.416357040405273,-5.441491603851318,-6.414263725280762,-10.775371551513672
-9.728271484375,-6.3504719734191895,-5.829849720001221,-6.279008388519287,-3.876681089401245,-4.775716781616211,-9.981927871704102,-11.701455116271973,-11.997541427612305,-8.759215354919434,-8.788129806518555,-7.866600036621094,-7.711966037750244,-7.765568733215332,-7.590538501739502,-7.3002471923828125,-8.143836975097656,-8.050901412963867,-9.516876220703125,-10.59860897064209,-9.989517211914062,-10.066194534301758,-9.838980674743652,-9.551636695861816,-9.36108112335205,-9.136659622192383,-9.676961898803711,-9.719589233398438,-8.648029327392578,-8.512988090515137,-8.977049827575684,-8.945684432983398,-8.515707015991211,-8.032259941101074,-8.391631126403809,-8.325054168701172,-7.776283264160156,-7.389347076416016,-6.865895748138428,-3.086704969406128,0.062172021716833115,-7.5001220703125,-11.670586585998535
-5.473548412322998,-6.864783763885498,-5.765303134918213,-4.712029457092285,-3.1330811977386475,-4.327127933502197,-10.826723098754883,-11.288838386535645,-14.795330047607422,-8.680634498596191,-9.742279052734375,-8.487768173217773,-8.650901794433594,-8.774378776550293,-8.450063705444336,-7.7468647956848145,-8.121101379394531,-8.732666969299316,-9.484077453613281,-9.762651443481445,-10.112250328063965,-10.695881843566895,-10.309438705444336,-9.56203556060791,-9.589240074157715,-9.606269836425781,-9.518587112426758,-9.28559684753418,-9.13183307647705,-8.901732444763184,-8.965691566467285,-9.052824020385742,-9.189123153686523,-8.394292831420898,-9.047640800476074,-9.037247657775879,-8.001880645751953,-7.507928848266602,-5.801296710968018,-0.667293906211853,-2.7758376598358154,-10.833514213562012,-9.68168830871582
-2.9975361824035645,-4.421050071716309,-5.1809797286987305,-4.910876750946045,-3.8417861461639404,-7.90491247177124,-14.012908935546875,-12.239087104797363,-12.989500045776367,-11.57070255279541,-9.201680183410645,-8.916369438171387,-8.663419723510742,-9.307971000671387,-9.003620147705078,-8.5198335647583,-8.331319808959961,-7.966830730438232,-8.945101737976074,-9.550569534301758,-10.082939147949219,-10.088835716247559,-10.473252296447754,-10.428092002868652,-10.11982536315918,-9.664401054382324,-9.208477020263672,-8.886170387268066,-9.159672737121582,-9.50363540649414,-9.084354400634766,-9.0096435546875,-9.28943920135498,-8.7633695602417,-9.287860870361328,-9.711837768554688,-8.544601440429688,-7.765639781951904,-5.096739292144775,-3.141235113143921,-8.012855529785156,-9.669593811035156,-8.87215518951416
-0.13908375799655914,-1.2344332933425903,-2.7659313678741455,-3.7377896308898926,-5.195284843444824,-7.88698148727417,-10.435110092163086,-11.48927116394043,-11.496758460998535,-11.477448463439941,-10.947549819946289,-9.695432662963867,-9.359630584716797,-9.532173156738281,-9.199088096618652,-8.501130104064941,-8.120842933654785,-8.465024948120117,-9.018355369567871,-9.606778144836426,-9.964775085449219,-9.980993270874023,-10.150348663330078,-10.231476783752441,-10.113031387329102,-9.763326644897461,-9.36721134185791,-9.034716606140137,-9.440518379211426,-9.861678123474121,-9.162399291992188,-9.033613204956055,-9.152543067932129,-9.036121368408203,-9.177153587341309,-9.234209060668945,-9.166211128234863,-7.9709978103637695,-6.977011203765869,-8.515564918518066,-8.894351959228516,-5.459345817565918,-4.761066913604736
0.5736825466156006,1.4986073970794678,0.5745036005973816,-0.5990023612976074,-3.342322826385498,-5.844940662384033,-8.710749626159668,-10.515034675598145,-11.094429016113281,-11.535347938537598,-11.662040710449219,-10.495821952819824,-9.447590827941895,-8.720009803771973,-8.976897239685059,-9.094207763671875,-8.006402015686035,-8.877898216247559,-9.860478401184082,-10.165221214294434,-10.112274169921875,-9.752485275268555,-9.547324180603027,-9.722403526306152,-9.764638900756836,-9.365230560302734,-9.513772964477539,-9.620811462402344,-9.73200798034668,-9.407135963439941,-9.030157089233398,-8.974003791809082,-8.945512771606445,-9.242703437805176,-8.994214057922363,-8.579554557800293,-8.281458854675293,-8.705719947814941,-9.812588691711426,-9.293130874633789,-6.773971080780029,-3.4860994815826416,-6.0488080978393555
0.8486691117286682,2.3370912075042725,1.5365644693374634,1.03338623046875,-0.14574752748012543,-1.779493808746338,-7.735288619995117,-10.507146835327148,-10.973828315734863,-12.189207077026367,-12.309514999389648,-9.987513542175293,-7.65020227432251,-7.0233259201049805,-9.89944839477539,-11.16830062866211,-8.50418758392334,-8.505702018737793,-10.252490043640137,-10.844696044921875,-10.708972930908203,-10.03256607055664,-9.632315635681152,-9.113539695739746,-8.827566146850586,-8.687877655029297,-9.42983627319336,-9.613295555114746,-9.749323844909668,-9.260665893554688,-9.068742752075195,-8.885427474975586,-8.777714729309082,-8.611513137817383,-8.21885871887207,-8.345568656921387,-8.065203666687012,-8.328164100646973,-9.001019477844238,-7.623344421386719,-6.435061454772949,-7.449391841888428,-11.744539260864258
2.0819709300994873,2.181288480758667,2.4566445350646973,-0.09450401365756989,-0.64109867811203,0.7777470350265503,-4.279208183288574,-10.848323822021484,-11.045660972595215,-12.491683959960938,-12.626866340637207,-9.656859397888184,-6.922041893005371,-6.304056644439697,-8.22100830078125,-11.877839088439941,-10.847867012023926,-9.316043853759766,-9.485738754272461,-10.584319114685059,-10.840238571166992,-10.50885009765625,-10.272185325622559,-8.933197021484375,-8.171504974365234,-8.106545448303223,-8.481689453125,-9.299578666687012,-9.454319953918457,-8.788100242614746,-8.557546615600586,-9.015222549438477,-8.203243255615234,-8.026230812072754,-8.056981086730957,-8.470786094665527,-8.607149124145508,-8.258848190307617,-7.417314529418945,-7.644371509552002,-9.202363014221191,-10.228883743286133,-11.17695426940918
0.9927082061767578,1.1885179281234741,1.5159540176391602,0.9490759372711182,0.1475205272436142,3.11222767829895,0.17879873514175415,-7.757690906524658,-11.41500186920166,-12.16108226776123,-10.828727722167969,-10.288949012756348,-9.3568696975708,-6.614652156829834,-5.6866936683654785,-8.299647331237793,-12.574936866760254,-11.679487228393555,-9.508503913879395,-9.877396583557129,-10.24193286895752,-10.268183708190918,-10.926334381103516,-9.859537124633789,-8.399526596069336,-8.15826416015625,-8.224873542785645,-8.967928886413574,-8.928415298461914,-8.229485511779785,-7.747387409210205,-8.917861938476562,-8.332633018493652,-8.210442543029785,-8.244619369506836,-8.668149948120117,-9.32413387298584,-9.193463325500488,-8.241064071655273,-8.897661209106445,-10.16494083404541,-10.032906532287598,-10.237339973449707
-0.10818576067686081,-0.5172157287597656,-0.1685524731874466,0.6519818305969238,1.147912859916687,4.0117082595825195,0.9284038543701172,1.9475079774856567,-5.1613945960998535,-7.431035995483398,-5.90496301651001,-6.015950679779053,-9.457551956176758,-7.823012828826904,-6.63632869720459,-7.645394802093506,-10.66566276550293,-10.466875076293945,-10.666789054870605,-9.869043350219727,-8.845787048339844,-9.25300121307373,-10.256587982177734,-11.345614433288574,-10.471652030944824,-9.213558197021484,-8.437238693237305,-8.607669830322266,-8.531105041503906,-7.995306968688965,-7.988976001739502,-9.088897705078125,-8.460102081298828,-8.16495418548584,-8.081437110900879,-8.240070343017578,-8.931140899658203,-9.089573860168457,-8.621607780456543,-9.380151748657227,-9.362886428833008,-9.294364929199219,-10.798707008361816
-1.6076860427856445,-1.7617344856262207,-1.3566625118255615,-0.5760961771011353,0.16962017118930817,2.946913003921509,3.0196597576141357,4.086015224456787,0.2093222439289093,-4.796511650085449,-9.371318817138672,-0.4363906681537628,-3.2282588481903076,-8.978200912475586,-7.694802761077881,-8.494928359985352,-9.704659461975098,-7.3091816902160645,-9.49525260925293,-10.867487907409668,-9.32158374786377,-7.907882213592529,-7.411157131195068,-11.549837112426758,-13.567961692810059,-11.326888084411621,-8.05833625793457,-7.785400390625,-8.587445259094238,-8.181477546691895,-8.636994361877441,-9.094325065612793,-9.023234367370605,-7.7230634689331055,-7.768190860748291,-7.600775718688965,-8.151713371276855,-8.220023155212402,-8.010306358337402,-9.064494132995605,-9.472907066345215,-9.4351806640625,-10.956989288330078
