data/wind_data/wind_17_2.json
{"header": {"parameterUnit": "KT", "parameterCategory": 2, "nx": 256, "ny": 198, "lo1": 44.73521041870117, "la1": -3.236724853515625, "lo2": 111.26478576660156, "la2": 43.468475341796875, "dx": 0.2609002888202667, "dy": -0.23708222806453705, "refTime": "2025-02-19 17:00:00", "forecastTime": 0, "parameterNumber": 2, "parameterNumberName": "eastward_wind"}, "data":
[rows 152 to 170 of 198, columns 172 to 214 of 256]
-2.839500665664673,-1.7983185052871704,-1.1775190830230713,0.21823857724666595,1.964231252670288,3.694068431854248,5.6771464347839355,7.122103691101074,8.246538162231445,9.932392120361328,11.964203834533691,13.509244918823242,14.109137535095215,14.6063871383667,14.979954719543457,14.991893768310547,15.268499374389648,16.189855575561523,18.235925674438477,19.322092056274414,19.059528350830078,20.350793838500977,22.380146026611328,22.732051849365234,22.220415115356445,23.84565544128418,20.52635383605957,12.14163875579834,4.298684597015381,2.219400644302368,2.8157618045806885,3.5547239780426025,3.008685827255249,2.8535242080688477,3.7222564220428467,5.2170538902282715,9.891716003417969,15.764508247375488,14.974443435668945,5.980997085571289,0.2913179397583008,0.9354310035705566,2.1650309562683105
-2.8530516624450684,-1.9165786504745483,-1.6963284015655518,-0.08816361427307129,2.5919244289398193,5.399397373199463,8.457354545593262,9.722264289855957,10.086417198181152,11.256695747375488,13.374224662780762,15.630531311035156,17.47199058532715,18.759618759155273,17.920541763305664,16.272188186645508,15.962095260620117,17.526498794555664,19.62033462524414,20.091360092163086,19.432950973510742,19.164695739746094,20.381498336791992,21.772151947021484,21.54348373413086,17.885486602783203,12.175363540649414,5.205286502838135,1.684366226196289,1.3798161745071411,1.2379709482192993,2.190573215484619,2.400113105773926,3.4609344005584717,4.077561378479004,6.682462215423584,12.029963493347168,18.70532989501953,16.932294845581055,7.575735092163086,2.6853597164154053,2.633063554763794,5.400710105895996
-1.9527486562728882,-1.1929951906204224,-0.735736608505249,0.679597795009613,3.114429235458374,6.464621067047119,10.01187515258789,11.50645923614502,11.993670463562012,13.407445907592773,15.972012519836426,18.514402389526367,19.886295318603516,19.620084762573242,17.449989318847656,16.48202133178711,17.34585952758789,18.595561981201172,18.859516143798828,18.416521072387695,19.121187210083008,19.35115623474121,19.020431518554688,16.257762908935547,8.707222938537598,6.124608516693115,6.822589874267578,7.377014636993408,5.761797904968262,5.9715070724487305,4.945322036743164,5.17401647567749,4.003480434417725,4.016323566436768,5.804627418518066,9.317853927612305,13.489733695983887,18.197898864746094,18.719764709472656,12.078883171081543,5.909038543701172,4.935127258300781,7.651963710784912
-0.1559106856584549,0.623352587223053,1.3840341567993164,2.8793625831604004,4.851738929748535,7.878335475921631,11.231099128723145,12.914306640625,13.001535415649414,14.065507888793945,16.963064193725586,19.764911651611328,20.924692153930664,18.988792419433594,16.83234977722168,16.495155334472656,17.660663604736328,18.259246826171875,17.545547485351562,18.218961715698242,17.185760498046875,17.338153839111328,11.905372619628906,7.090147972106934,5.774303913116455,6.005847454071045,7.256467342376709,9.116063117980957,8.833395004272461,8.588560104370117,8.013413429260254,5.773439884185791,5.692253589630127,6.840622901916504,7.668330669403076,9.674335479736328,12.693171501159668,15.328010559082031,18.336566925048828,15.918708801269531,8.774930000305176,6.15382194519043,7.756858825683594
0.7230966091156006,2.212186098098755,3.4155688285827637,4.844890117645264,6.828023433685303,9.884050369262695,12.129204750061035,13.397278785705566,14.082242965698242,15.070586204528809,17.646121978759766,19.991533279418945,21.181079864501953,20.111072540283203,17.48631477355957,16.596351623535156,17.65796661376953,16.78905487060547,15.910147666931152,17.884790420532227,16.161359786987305,13.117371559143066,9.739021301269531,8.057485580444336,8.258584022521973,8.357723236083984,9.80831527709961,12.81639289855957,14.352670669555664,13.222068786621094,14.172249794006348,12.002447128295898,10.28117847442627,10.633279800415039,10.485030174255371,11.600584030151367,14.35498332977295,17.42760467529297,20.328811645507812,18.928064346313477,12.055310249328613,8.075878143310547,8.849160194396973
3.1645307540893555,4.446367263793945,5.9390740394592285,7.41052770614624,9.988734245300293,11.996310234069824,13.097986221313477,14.64040470123291,16.24099349975586,17.621566772460938,19.86598777770996,21.539043426513672,22.235143661499023,20.376754760742188,17.800256729125977,17.1229248046875,17.626230239868164,17.494407653808594,16.691614151000977,18.86177635192871,19.5775089263916,16.88197135925293,13.242778778076172,10.695050239562988,10.489412307739258,11.527188301086426,12.868141174316406,14.376063346862793,14.622401237487793,14.324111938476562,15.845813751220703,16.837682723999023,14.769658088684082,13.886317253112793,14.300189018249512,15.340299606323242,17.588848114013672,21.58607292175293,24.440654754638672,21.104984283447266,14.833773612976074,10.372969627380371,10.534170150756836
5.329808712005615,6.34970760345459,8.273682594299316,10.808025360107422,13.228307723999023,14.207837104797363,15.592427253723145,17.5604190826416,19.759702682495117,21.530567169189453,22.355064392089844,22.551864624023438,22.829021453857422,21.749021530151367,20.54619026184082,19.186674118041992,18.317251205444336,19.89228057861328,20.525344848632812,22.004165649414062,23.220041275024414,20.864360809326172,15.969133377075195,11.724830627441406,10.556747436523438,10.320992469787598,10.735333442687988,13.19388484954834,15.386116027832031,14.9719820022583,15.543389320373535,17.554279327392578,16.70016098022461,15.284465789794922,17.116291046142578,19.387985229492188,22.052505493164062,26.0305118560791,26.212848663330078,21.292295455932617,13.886425971984863,11.050432205200195,13.56219482421875
5.195629119873047,7.634288787841797,9.738875389099121,11.839430809020996,15.25717544555664,17.821468353271484,18.463937759399414,19.99625587463379,22.146791458129883,24.775922775268555,25.258464813232422,25.267841339111328,26.985153198242188,27.067052841186523,25.841659545898438,25.08232879638672,23.000825881958008,24.170211791992188,24.886653900146484,18.35222625732422,13.147828102111816,13.76427173614502,13.2163724899292,11.133667945861816,11.776987075805664,13.165237426757812,12.918931007385254,13.957138061523438,17.019296646118164,16.61575698852539,14.644678115844727,15.618802070617676,16.705833435058594,16.854944229125977,18.444934844970703,20.561819076538086,24.287370681762695,28.090700149536133,25.375024795532227,20.27417755126953,14.17204761505127,12.616812705993652,14.503079414367676
5.054835319519043,7.395974636077881,10.609729766845703,12.296350479125977,15.023515701293945,18.443723678588867,20.388765335083008,22.32630729675293,24.624778747558594,26.62810707092285,28.036394119262695,28.683969497680664,30.106801986694336,31.668560028076172,30.590490341186523,31.13534164428711,28.76114273071289,28.980144500732422,20.019643783569336,8.936775207519531,5.819209098815918,9.538171768188477,11.906322479248047,10.388739585876465,11.507777214050293,14.768306732177734,15.783482551574707,16.458179473876953,19.02210807800293,19.068330764770508,18.349681854248047,18.667373657226562,19.578350067138672,20.206867218017578,21.3247127532959,23.690664291381836,27.476909637451172,28.71158790588379,25.054729461669922,21.409563064575195,19.64991569519043,14.442381858825684,8.819323539733887
6.488460063934326,9.135018348693848,12.170231819152832,13.689794540405273,15.846290588378906,19.67940902709961,22.888214111328125,24.809520721435547,26.452266693115234,28.265714645385742,27.367881774902344,26.28557777404785,27.401952743530273,32.621089935302734,31.419666290283203,28.914432525634766,19.948997497558594,10.161088943481445,5.7171173095703125,3.7753851413726807,4.750539779663086,7.584973335266113,10.305760383605957,10.948805809020996,12.813596725463867,16.37472152709961,18.721776962280273,20.484134674072266,22.726442337036133,23.986099243164062,25.56620216369629,25.6378231048584,25.784465789794922,26.20952033996582,25.78699493408203,28.118637084960938,30.64496612548828,28.73986053466797,25.6782169342041,25.19202423095703,26.075632095336914,20.084579467773438,10.460001945495605
8.449129104614258,10.986959457397461,12.99212646484375,14.181938171386719,16.799009323120117,21.136402130126953,25.284589767456055,27.31526756286621,26.268537521362305,24.425243377685547,21.69698143005371,19.693117141723633,21.744922637939453,26.376052856445312,18.877531051635742,6.026281833648682,0.9838548302650452,0.32578781247138977,1.620043396949768,2.847893238067627,4.147817611694336,6.306021213531494,9.044776916503906,11.912161827087402,14.989645004272461,18.324390411376953,21.2307186126709,23.693960189819336,25.870716094970703,27.3865909576416,27.93459701538086,28.53767967224121,29.7188663482666,30.477638244628906,30.732826232910156,32.249412536621094,32.677207946777344,30.392200469970703,29.56412696838379,30.412031173706055,28.993558883666992,29.56247329711914,22.607486724853516
10.079771041870117,11.855671882629395,12.49289608001709,13.661333084106445,17.647443771362305,22.628812789916992,26.839122772216797,28.119504928588867,20.43463897705078,14.241490364074707,14.454401969909668,12.61636734008789,11.718639373779297,10.101731300354004,1.9039711952209473,-2.623202323913574,-2.482337713241577,-1.932070255279541,-1.0522407293319702,0.07203581929206848,1.4532774686813354,3.5503556728363037,6.344966411590576,9.604269027709961,12.6751070022583,15.585341453552246,18.874961853027344,21.944339752197266,23.613710403442383,24.373046875,25.35388946533203,27.02143096923828,29.715930938720703,32.44253158569336,34.570499420166016,35.8617057800293,35.49052429199219,34.355224609375,34.17347717285156,32.53361129760742,29.603593826293945,25.851032257080078,18.976886749267578
11.6128511428833,12.141216278076172,11.154426574707031,12.106609344482422,16.739730834960938,21.819610595703125,26.04634666442871,26.5296573638916,22.908039093017578,19.226789474487305,13.371837615966797,6.732597827911377,2.233990430831909,-1.5394014120101929,-4.279429912567139,-3.813906192779541,-3.476090669631958,-2.9916553497314453,-1.2748037576675415,1.247214436531067,3.5588552951812744,5.893253326416016,8.432652473449707,11.83718490600586,15.218104362487793,17.713045120239258,20.396146774291992,21.13935089111328,18.96283721923828,18.231117248535156,20.08700180053711,23.238981246948242,24.702720642089844,26.83151626586914,30.45428466796875,32.96564483642578,33.46915817260742,33.03778076171875,31.209001541137695,29.637435913085938,25.6110897064209,22.408536911010742,14.156645774841309
12.711700439453125,12.394543647766113,10.016724586486816,10.52765941619873,15.49827766418457,22.859872817993164,27.166812896728516,32.514766693115234,29.525970458984375,16.517227172851562,7.84843635559082,1.2422549724578857,-3.256882905960083,-3.5557868480682373,-2.7038228511810303,-1.5411887168884277,-0.5609153509140015,0.3894786834716797,1.9884934425354004,4.131563186645508,5.8334574699401855,7.989748001098633,10.956859588623047,14.605451583862305,18.27461051940918,20.7174072265625,22.51930809020996,17.55148696899414,11.783378601074219,12.811068534851074,16.012725830078125,19.327877044677734,20.70227813720703,19.230993270874023,19.859365463256836,21.33266258239746,23.50090217590332,23.304471969604492,22.447010040283203,19.3317813873291,15.118882179260254,14.99535846710205,11.267535209655762
13.161538124084473,12.785673141479492,11.989729881286621,14.287832260131836,20.659574508666992,27.33212661743164,29.46951675415039,33.42784881591797,25.421743392944336,5.9085235595703125,-0.17524303495883942,-4.296133518218994,-3.720693826675415,-2.222324848175049,-1.1955734491348267,-0.7091565728187561,0.24271002411842346,1.5272431373596191,3.5032126903533936,6.075825214385986,8.612259864807129,11.34778118133545,13.669755935668945,15.8923978805542,18.59633445739746,21.891002655029297,22.59090805053711,15.593600273132324,11.873659133911133,13.670865058898926,13.245749473571777,12.469919204711914,14.245391845703125,12.784749984741211,8.949477195739746,8.960688591003418,10.215170860290527,10.858386039733887,11.1834135055542,7.776197910308838,2.1870572566986084,6.630159854888916,11.217342376708984
14.702466011047363,14.559813499450684,16.228788375854492,20.79790687561035,26.109844207763672,28.71408462524414,27.576889038085938,26.85953712463379,11.57774543762207,-1.6970393657684326,-1.6186038255691528,-4.27847146987915,-3.7618565559387207,-2.692011833190918,-1.5597515106201172,-0.0029509870801120996,1.4139689207077026,2.681079864501953,4.536923885345459,7.101869583129883,9.913321495056152,11.688809394836426,13.709321022033691,16.612348556518555,18.866609573364258,21.05899429321289,22.180768966674805,20.105327606201172,18.260215759277344,16.73773765563965,15.488982200622559,14.27116870880127,18.575963973999023,16.55321502685547,11.537601470947266,11.873787879943848,10.76171588897705,10.131153106689453,6.814615726470947,6.158388614654541,2.231076955795288,-2.03889799118042,1.2079569101333618
17.948463439941406,17.854515075683594,18.255685806274414,22.79596710205078,25.047901153564453,22.992467880249023,14.854513168334961,5.844204902648926,0.12703202664852142,-2.9088850021362305,-1.5077041387557983,-2.773851156234741,-2.8171889781951904,-2.243372917175293,-0.934679388999939,0.8959251046180725,1.8887311220169067,2.1179563999176025,2.641782522201538,4.884626865386963,8.179938316345215,10.66154956817627,16.541772842407227,23.900453567504883,24.896896362304688,22.317678451538086,23.315635681152344,24.276090621948242,22.72565269470215,19.660980224609375,16.834590911865234,16.179962158203125,17.711780548095703,18.44766616821289,18.54792022705078,17.776073455810547,14.275752067565918,11.164952278137207,10.759337425231934,9.257770538330078,2.641644239425659,-3.0855600833892822,-5.185744285583496
20.45187759399414,20.16227149963379,20.052221298217773,20.79637336730957,18.797945022583008,4.979794979095459,0.4224525988101959,1.8176381587982178,-1.979253888130188,-1.6076759099960327,0.6022879481315613,1.4852488040924072,0.7822325825691223,0.30584651231765747,1.02852463722229,1.9500620365142822,2.420516014099121,2.919022798538208,2.722771406173706,4.171822547912598,6.942543029785156,10.92474365234375,19.96858024597168,30.08368492126465,32.4009895324707,28.88359260559082,27.357440948486328,25.955333709716797,22.1717586517334,18.670352935791016,17.05506134033203,17.333066940307617,18.12556266784668,18.153669357299805,17.799734115600586,18.029499053955078,15.607914924621582,12.539108276367188,10.4312162399292,2.8285293579101562,-2.6237633228302,-2.2419986724853516,-2.3922882080078125
24.145994186401367,21.279970169067383,17.520679473876953,12.696630477905273,3.8989062309265137,1.5872111320495605,3.774044990539551,3.4097397327423096,-1.9587374925613403,-0.8393791913986206,1.8641995191574097,4.241392135620117,4.4504194259643555,4.916889190673828,4.96680212020874,4.292757511138916,4.280186653137207,4.850348949432373,6.379609107971191,9.265057563781738,10.65208911895752,14.863592147827148,24.66196632385254,32.30853271484375,33.24272155761719,31.35637664794922,28.759214401245117,25.11561393737793,22.186243057250977,20.057735443115234,18.419939041137695,18.903324127197266,19.590456008911133,18.284250259399414,17.707765579223633,20.15347671508789,18.36712074279785,13.211383819580078,6.300211429595947,0.6179376244544983,-0.35271528363227844,1.328127384185791,3.1005938053131104
