data/wind_data/wind_2025-02-21_14.json
{"header": {"parameterUnit": "KT", "parameterCategory": 2, "nx": 255, "ny": 198, "lo1": 44.73521041870117, "la1": -3.236724853515625, "lo2": 111.26478576660156, "la2": 43.468475341796875, "dx": 0.26192745566368103, "dy": -0.23708222806453705, "refTime": "2025-02-21 14:00:00", "forecastTime": 0, "parameterNumber": 2, "parameterNumberName": "eastward_wind"}, "data":
[rows 19 to 37 of 198, columns 0 to 42 of 255]
-15.348508834838867,-17.898822784423828,-17.999387741088867,-17.190460205078125,-16.4167423248291,-15.44021224975586,-14.618934631347656,-13.966999053955078,-13.405271530151367,-13.459811210632324,-13.55078411102295,-13.336801528930664,-12.957408905029297,-12.534461975097656,-12.89481258392334,-13.429274559020996,-12.693504333496094,-11.047168731689453,-10.12720775604248,-10.192330360412598,-10.567341804504395,-10.549382209777832,-9.888175010681152,-8.892709732055664,-8.101079940795898,-7.378294944763184,-6.043397426605225,-4.493616580963135,-4.819115161895752,-8.029315948486328,-11.014557838439941,-12.301304817199707,-12.335512161254883,-11.763570785522461,-11.564467430114746,-11.614221572875977,-11.730173110961914,-11.819869995117188,-11.269990921020508,-10.882614135742188,-11.270174026489258,-11.623172760009766,-11.809233665466309
-14.726325988769531,-15.23224925994873,-15.248555183410645,-17.17685890197754,-15.886240005493164,-14.771599769592285,-14.20707893371582,-13.302517890930176,-12.223398208618164,-12.045976638793945,-12.8490571975708,-13.069401741027832,-13.1172513961792,-12.906100273132324,-12.681808471679688,-11.977446556091309,-10.317304611206055,-8.897863388061523,-8.913166999816895,-9.090302467346191,-8.370742797851562,-7.426778316497803,-6.980513572692871,-7.1884589195251465,-7.234406471252441,-6.438657283782959,-5.4343791007995605,-5.1623382568359375,-6.937393665313721,-9.854268074035645,-11.97135066986084,-12.725603103637695,-12.876105308532715,-12.258637428283691,-11.985757827758789,-11.848929405212402,-11.714837074279785,-11.701831817626953,-11.73301887512207,-11.84117317199707,-12.057323455810547,-12.441154479980469,-12.929584503173828
-16.179712295532227,-17.536977767944336,-14.626680374145508,-14.330163955688477,-16.16663932800293,-14.995882034301758,-13.823613166809082,-13.411890983581543,-13.990293502807617,-14.26126480102539,-13.604235649108887,-12.225061416625977,-12.017538070678711,-12.64526653289795,-12.682079315185547,-11.177616119384766,-9.153355598449707,-7.8062286376953125,-7.224011421203613,-6.535571575164795,-5.734570026397705,-6.329176902770996,-8.233868598937988,-9.294492721557617,-8.280150413513184,-6.593045711517334,-5.77107048034668,-6.685741424560547,-9.12939739227295,-11.258402824401855,-12.587494850158691,-13.416553497314453,-13.297818183898926,-13.129125595092773,-12.763575553894043,-12.002228736877441,-11.708110809326172,-11.653947830200195,-11.78586483001709,-12.296344757080078,-12.94952392578125,-13.43575668334961,-13.706900596618652
-15.447534561157227,-17.856351852416992,-17.466537475585938,-14.685220718383789,-13.30975341796875,-14.481956481933594,-14.325867652893066,-13.923709869384766,-15.25833797454834,-15.452598571777344,-13.589323043823242,-11.509389877319336,-10.571041107177734,-11.595137596130371,-12.828158378601074,-11.999016761779785,-10.404251098632812,-9.19575023651123,-8.103036880493164,-7.2518439292907715,-8.325241088867188,-10.526130676269531,-11.727805137634277,-11.063377380371094,-9.855093002319336,-8.818571090698242,-8.11629867553711,-8.208186149597168,-9.43333625793457,-10.91090202331543,-11.5246000289917,-11.598979949951172,-12.038208961486816,-12.86832046508789,-12.833740234375,-12.507497787475586,-12.120223045349121,-11.83506965637207,-12.032539367675781,-12.634278297424316,-13.259796142578125,-13.569598197937012,-13.54100227355957
-13.725231170654297,-16.873010635375977,-18.423086166381836,-18.720516204833984,-16.775177001953125,-15.854612350463867,-16.316247940063477,-16.67082977294922,-15.508329391479492,-14.401901245117188,-13.491768836975098,-12.529502868652344,-11.962455749511719,-11.45962142944336,-11.56138801574707,-12.034693717956543,-12.0227689743042,-11.070337295532227,-10.152295112609863,-10.575252532958984,-12.37024974822998,-13.072222709655762,-11.685638427734375,-10.104323387145996,-9.677940368652344,-9.526825904846191,-8.714942932128906,-7.603825092315674,-7.396674156188965,-8.341631889343262,-8.766383171081543,-8.266318321228027,-8.409372329711914,-9.766335487365723,-11.335200309753418,-12.08376693725586,-12.259894371032715,-11.962583541870117,-11.815051078796387,-12.043517112731934,-12.467089653015137,-12.897811889648438,-13.170576095581055
-12.619808197021484,-15.731679916381836,-17.935827255249023,-18.174285888671875,-15.712604522705078,-15.917420387268066,-17.226381301879883,-17.147817611694336,-16.396167755126953,-14.700459480285645,-14.956865310668945,-14.842375755310059,-13.779199600219727,-11.719635963439941,-10.424208641052246,-11.145243644714355,-11.808599472045898,-11.246295928955078,-10.944567680358887,-11.878512382507324,-12.362003326416016,-11.135759353637695,-9.541749000549316,-8.72453498840332,-8.740438461303711,-8.906181335449219,-8.190620422363281,-7.117687702178955,-7.408257484436035,-8.706900596618652,-9.008992195129395,-7.924417018890381,-6.36906099319458,-6.247981548309326,-8.247111320495605,-10.06702709197998,-10.986384391784668,-11.534869194030762,-11.586297988891602,-11.849176406860352,-11.960403442382812,-12.454460144042969,-12.911725044250488
-11.40768814086914,-14.285200119018555,-16.8828067779541,-17.544044494628906,-14.569129943847656,-15.075566291809082,-17.170454025268555,-17.269546508789062,-16.685829162597656,-15.670625686645508,-14.405464172363281,-13.525555610656738,-12.456357955932617,-11.167162895202637,-11.038703918457031,-11.074819564819336,-11.063053131103516,-11.437812805175781,-11.545182228088379,-11.227593421936035,-10.421215057373047,-8.990490913391113,-8.133160591125488,-8.507682800292969,-9.162247657775879,-9.200276374816895,-8.487088203430176,-8.847826957702637,-10.468269348144531,-11.085400581359863,-10.282008171081543,-8.91675853729248,-7.862102508544922,-7.792649269104004,-7.617387771606445,-7.1573100090026855,-7.920076370239258,-9.504384994506836,-10.980142593383789,-11.368365287780762,-11.398822784423828,-12.271659851074219,-13.496894836425781
-10.812263488769531,-13.271577835083008,-16.126352310180664,-17.700170516967773,-14.745738983154297,-14.148351669311523,-15.793374061584473,-16.717090606689453,-16.889297485351562,-14.703295707702637,-12.49250602722168,-10.845865249633789,-11.389846801757812,-12.473320960998535,-13.197908401489258,-13.236018180847168,-12.94793701171875,-12.981114387512207,-12.715649604797363,-11.440226554870605,-10.071776390075684,-9.247459411621094,-9.636926651000977,-10.796209335327148,-11.220011711120605,-10.570971488952637,-10.18712043762207,-11.285812377929688,-11.912032127380371,-10.342870712280273,-8.623102188110352,-7.697391986846924,-6.9644269943237305,-6.595364093780518,-6.557652950286865,-6.889159202575684,-7.408539772033691,-8.511468887329102,-10.671469688415527,-11.471426010131836,-10.226252555847168,-9.69859504699707,-11.003990173339844
-11.485771179199219,-12.673908233642578,-15.087607383728027,-17.85141944885254,-15.392464637756348,-13.789237022399902,-14.368778228759766,-15.008522987365723,-16.097591400146484,-14.902449607849121,-13.196379661560059,-11.210503578186035,-11.249849319458008,-13.329316139221191,-13.524658203125,-12.949949264526367,-13.468975067138672,-13.482192993164062,-12.53342342376709,-10.926855087280273,-10.094079971313477,-10.963239669799805,-12.356310844421387,-12.673656463623047,-12.121230125427246,-11.21195125579834,-10.977335929870605,-11.567325592041016,-11.097816467285156,-9.363598823547363,-8.087937355041504,-7.567920207977295,-7.141719341278076,-6.414559364318848,-6.258755683898926,-8.249677658081055,-11.171866416931152,-12.6517915725708,-12.172765731811523,-11.194334030151367,-9.609854698181152,-7.4982099533081055,-6.999398708343506
-12.108075141906738,-12.487418174743652,-14.259405136108398,-17.285358428955078,-15.145395278930664,-13.703109741210938,-13.91118049621582,-13.762940406799316,-14.988607406616211,-14.74872875213623,-14.376482009887695,-13.930283546447754,-13.650973320007324,-13.536579132080078,-13.136025428771973,-11.816018104553223,-11.534977912902832,-11.335027694702148,-10.36694049835205,-9.251439094543457,-9.91203784942627,-11.850790023803711,-12.212465286254883,-11.150468826293945,-10.291728019714355,-9.602625846862793,-9.725271224975586,-10.209981918334961,-9.509393692016602,-8.519954681396484,-8.468941688537598,-8.451336860656738,-7.805378437042236,-7.5612592697143555,-8.721961975097656,-9.95179557800293,-10.079767227172852,-10.918039321899414,-11.861539840698242,-10.688006401062012,-8.31808853149414,-7.368559837341309,-9.236658096313477
-12.353549003601074,-12.91639518737793,-14.134535789489746,-16.241640090942383,-13.826773643493652,-12.709423065185547,-13.332845687866211,-13.09152603149414,-14.237275123596191,-14.683402061462402,-15.218856811523438,-15.397350311279297,-15.397255897521973,-13.577754974365234,-12.750663757324219,-11.884385108947754,-10.690888404846191,-9.966029167175293,-8.88245964050293,-9.20996379852295,-11.175814628601074,-11.995080947875977,-10.915773391723633,-8.989156723022461,-7.637901306152344,-7.4154052734375,-8.335521697998047,-8.4673490524292,-7.492115497589111,-7.8610711097717285,-9.166845321655273,-8.537105560302734,-7.234672546386719,-7.735441207885742,-9.347919464111328,-9.802061080932617,-9.253655433654785,-9.141767501831055,-10.064590454101562,-10.668940544128418,-9.748970985412598,-9.918914794921875,-12.7179594039917
-12.320500373840332,-13.280481338500977,-14.293076515197754,-15.875726699829102,-13.303552627563477,-12.110686302185059,-12.695235252380371,-12.47937297821045,-13.260663032531738,-13.757427215576172,-14.904443740844727,-15.160099983215332,-14.277862548828125,-13.3896484375,-12.548966407775879,-12.616558074951172,-11.869174003601074,-10.994633674621582,-10.824820518493652,-11.759658813476562,-12.73449420928955,-11.762269973754883,-10.172272682189941,-8.595357894897461,-7.835901260375977,-8.408721923828125,-9.778857231140137,-9.428557395935059,-8.72515869140625,-10.034753799438477,-10.466474533081055,-8.700525283813477,-8.370526313781738,-9.624627113342285,-10.683755874633789,-10.772562026977539,-10.469992637634277,-10.100879669189453,-9.82554817199707,-10.12585163116455,-11.441271781921387,-12.967905044555664,-13.592314720153809
-12.30241870880127,-13.410492897033691,-14.376371383666992,-15.859210968017578,-13.54609489440918,-12.3864164352417,-12.736005783081055,-12.616588592529297,-13.080111503601074,-13.243358612060547,-14.417524337768555,-15.057035446166992,-14.471504211425781,-13.209173202514648,-13.12289810180664,-12.74689769744873,-12.234566688537598,-11.65676212310791,-12.14291000366211,-12.528192520141602,-12.163390159606934,-10.786340713500977,-9.404777526855469,-9.463020324707031,-10.549327850341797,-11.215632438659668,-11.14468002319336,-10.621322631835938,-10.519771575927734,-10.661069869995117,-9.490362167358398,-8.88753604888916,-9.928755760192871,-11.056736946105957,-11.213452339172363,-10.79516315460205,-10.566923141479492,-10.949646949768066,-11.134825706481934,-11.12295913696289,-12.27306842803955,-13.116035461425781,-12.31827163696289
-12.255500793457031,-13.41887378692627,-14.38537883758545,-15.73869800567627,-13.66409683227539,-12.75566577911377,-12.958146095275879,-12.689191818237305,-13.197233200073242,-13.323232650756836,-14.058643341064453,-14.444765090942383,-14.483468055725098,-14.068754196166992,-13.989106178283691,-12.085986137390137,-11.343358993530273,-10.88947868347168,-10.444607734680176,-11.465433120727539,-11.624785423278809,-9.845276832580566,-8.817879676818848,-10.345914840698242,-11.68980598449707,-11.26208209991455,-11.071974754333496,-10.898754119873047,-10.324936866760254,-9.068282127380371,-8.467792510986328,-9.870811462402344,-11.309268951416016,-10.841789245605469,-9.934113502502441,-9.147122383117676,-9.029552459716797,-9.89616584777832,-10.760021209716797,-11.509193420410156,-12.287504196166992,-12.407076835632324,-11.743139266967773
-12.189388275146484,-13.207863807678223,-14.28133487701416,-15.557950019836426,-13.586384773254395,-12.770879745483398,-12.848359107971191,-12.712637901306152,-13.404533386230469,-13.422523498535156,-13.535686492919922,-13.3872709274292,-14.051335334777832,-14.082950592041016,-13.076088905334473,-11.868743896484375,-10.441322326660156,-10.946606636047363,-10.952360153198242,-11.710847854614258,-11.959673881530762,-10.250686645507812,-10.174636840820312,-11.24945068359375,-11.281116485595703,-10.264557838439941,-9.766772270202637,-9.612069129943848,-9.180588722229004,-8.585855484008789,-8.942644119262695,-10.21115493774414,-10.493215560913086,-8.979981422424316,-7.2885518074035645,-6.690877914428711,-8.295052528381348,-10.39876651763916,-11.05711555480957,-10.998682022094727,-11.45133113861084,-11.831363677978516,-11.21019172668457
-12.170841217041016,-13.187790870666504,-14.276771545410156,-15.395973205566406,-13.408126831054688,-12.882743835449219,-13.281305313110352,-13.270893096923828,-13.862693786621094,-13.620893478393555,-13.59969711303711,-13.773646354675293,-14.448719024658203,-14.630472183227539,-13.98654556274414,-11.99562931060791,-10.323946952819824,-11.506428718566895,-12.8190336227417,-12.306178092956543,-11.939748764038086,-11.166886329650879,-11.333780288696289,-11.46471118927002,-10.532601356506348,-9.565543174743652,-8.845892906188965,-8.815999031066895,-9.112929344177246,-8.896827697753906,-8.620532035827637,-8.771772384643555,-8.817139625549316,-8.178144454956055,-7.290543079376221,-7.850227355957031,-10.144495010375977,-11.88477611541748,-11.874255180358887,-11.521367073059082,-11.500053405761719,-11.312458038330078,-10.531994819641113
-12.24965763092041,-13.315495491027832,-14.282901763916016,-15.010313034057617,-13.125988006591797,-12.63293170928955,-12.97581958770752,-13.102502822875977,-13.922993659973145,-13.996358871459961,-13.933104515075684,-14.137395858764648,-15.10030746459961,-15.746357917785645,-15.128045082092285,-13.16326904296875,-12.280592918395996,-12.222136497497559,-12.867883682250977,-11.934566497802734,-11.412943840026855,-11.182388305664062,-10.621537208557129,-10.228729248046875,-8.988362312316895,-7.492586135864258,-6.9450531005859375,-8.604738235473633,-10.201456069946289,-9.592124938964844,-8.096063613891602,-7.528954029083252,-8.277447700500488,-8.902195930480957,-9.471875190734863,-10.793205261230469,-12.164031028747559,-12.169554710388184,-11.755560874938965,-11.380481719970703,-11.093491554260254,-10.722578048706055,-10.565474510192871
-12.521846771240234,-13.664894104003906,-14.387956619262695,-14.599739074707031,-12.712559700012207,-12.329609870910645,-12.642024040222168,-12.92564868927002,-13.948800086975098,-14.180840492248535,-14.080975532531738,-13.9000825881958,-14.699346542358398,-15.540639877319336,-15.27931022644043,-14.558516502380371,-13.623527526855469,-12.958789825439453,-12.59736156463623,-11.931296348571777,-10.877020835876465,-10.760586738586426,-10.121386528015137,-9.604053497314453,-9.054566383361816,-8.235579490661621,-9.236743927001953,-11.498077392578125,-11.756757736206055,-9.780001640319824,-8.097834587097168,-7.704468250274658,-8.476951599121094,-9.47741985321045,-10.571043014526367,-11.20279312133789,-11.044201850891113,-10.328741073608398,-10.143291473388672,-10.292855262756348,-10.585663795471191,-10.814735412597656,-11.099215507507324
-12.97285270690918,-13.957233428955078,-14.151755332946777,-14.124649047851562,-12.294990539550781,-12.04491901397705,-12.516192436218262,-12.806952476501465,-13.707408905029297,-13.77841567993164,-14.320403099060059,-14.51589584350586,-14.887368202209473,-15.46213150024414,-15.780091285705566,-15.36732006072998,-14.4915132522583,-13.332132339477539,-12.209410667419434,-12.103230476379395,-10.9932861328125,-10.90015697479248,-11.441421508789062,-10.26412296295166,-9.562257766723633,-10.40017318725586,-11.913812637329102,-12.246928215026855,-11.051851272583008,-10.000575065612793,-9.592710494995117,-9.428168296813965,-9.404400825500488,-9.459218978881836,-10.115575790405273,-10.93939208984375,-10.340606689453125,-9.11502742767334,-9.276726722717285,-10.698343276977539,-11.373815536499023,-10.971219062805176,-10.087261199951172
