data/wind_data/wind_47_1.json
{"header": {"parameterUnit": "KT", "parameterCategory": 2, "nx": 256, "ny": 198, "lo1": 44.73521041870117, "la1": -3.236724853515625, "lo2": 111.26478576660156, "la2": 43.468475341796875, "dx": 0.2609002888202667, "dy": -0.23708222806453705, "refTime": "2025-02-20 23:00:00", "forecastTime": 0, "parameterNumber": 2, "parameterNumberName": "eastward_wind"}, "data":
[rows 0 to 18 of 198, columns 0 to 42 of 256]
-13.707504272460938,-12.569095611572266,-11.974786758422852,-11.94456958770752,-11.818227767944336,-11.622123718261719,-11.364184379577637,-11.093165397644043,-11.008572578430176,-11.08163070678711,-11.437931060791016,-11.764246940612793,-11.502495765686035,-10.975419998168945,-10.27237319946289,-9.715742111206055,-9.671041488647461,-9.589311599731445,-9.158590316772461,-9.08684253692627,-9.617532730102539,-10.069645881652832,-10.37375259399414,-10.290628433227539,-9.82115650177002,-9.585567474365234,-9.518555641174316,-9.247869491577148,-8.835813522338867,-8.349408149719238,-7.877384185791016,-7.7371087074279785,-7.715238094329834,-7.546060562133789,-7.358781337738037,-7.21191930770874,-7.110180854797363,-7.087682247161865,-7.064742088317871,-7.003294467926025,-6.950113296508789,-6.916290283203125,-6.884807109832764
-13.904906272888184,-12.69849967956543,-11.703385353088379,-11.500299453735352,-11.570334434509277,-11.710651397705078,-11.320050239562988,-10.928314208984375,-10.971217155456543,-11.175456047058105,-11.413084983825684,-11.670516967773438,-11.687990188598633,-11.2548189163208,-9.933282852172852,-9.192166328430176,-9.414873123168945,-9.404928207397461,-9.24107551574707,-9.20771312713623,-9.422030448913574,-9.866231918334961,-10.591214179992676,-10.518034934997559,-10.009611129760742,-9.911666870117188,-9.828145027160645,-9.714765548706055,-9.414467811584473,-8.877492904663086,-8.387989044189453,-8.240338325500488,-8.205950736999512,-8.088242530822754,-7.900190830230713,-7.677395343780518,-7.579978942871094,-7.528781414031982,-7.421797752380371,-7.354770660400391,-7.301295280456543,-7.291141510009766,-7.339116096496582
-13.66464900970459,-12.857504844665527,-11.758362770080566,-12.317005157470703,-12.691520690917969,-12.481409072875977,-12.048734664916992,-11.383408546447754,-11.265663146972656,-11.123795509338379,-11.181563377380371,-11.535371780395508,-11.786829948425293,-11.425228118896484,-10.631973266601562,-9.79826545715332,-9.715577125549316,-9.77441692352295,-9.83742904663086,-10.343499183654785,-10.414314270019531,-10.0026216506958,-9.904603958129883,-10.325693130493164,-10.708075523376465,-10.657014846801758,-10.367752075195312,-10.0682954788208,-9.593103408813477,-9.141525268554688,-8.814123153686523,-8.63359260559082,-8.503475189208984,-8.345531463623047,-8.085321426391602,-7.753024101257324,-7.606417655944824,-7.651421070098877,-7.533230304718018,-7.224739074707031,-7.141946792602539,-7.404035568237305,-7.582202911376953
-13.807388305664062,-13.162686347961426,-12.766775131225586,-14.282824516296387,-13.748985290527344,-13.08076286315918,-13.093284606933594,-11.850667953491211,-11.65341854095459,-10.467157363891602,-10.216300964355469,-10.93552017211914,-12.003033638000488,-12.439236640930176,-12.435840606689453,-11.766879081726074,-10.852726936340332,-10.47054386138916,-11.771017074584961,-13.019535064697266,-12.500948905944824,-10.964062690734863,-10.32820987701416,-10.904738426208496,-11.549513816833496,-11.345343589782715,-10.703266143798828,-10.247297286987305,-9.678180694580078,-9.307519912719727,-9.134065628051758,-8.842734336853027,-8.577197074890137,-8.454176902770996,-8.14413070678711,-7.3081817626953125,-6.87884521484375,-7.944089412689209,-8.349932670593262,-7.565657615661621,-7.2930684089660645,-7.769186019897461,-7.572022438049316
-14.96423053741455,-14.41502571105957,-13.980270385742188,-15.192906379699707,-14.918107032775879,-13.217825889587402,-14.570241928100586,-10.491893768310547,-10.612933158874512,-8.299132347106934,-8.520270347595215,-10.335955619812012,-12.289839744567871,-13.941872596740723,-15.871281623840332,-14.845406532287598,-12.723130226135254,-11.164100646972656,-14.475314140319824,-18.253524780273438,-16.756389617919922,-13.041563987731934,-11.153392791748047,-12.069924354553223,-12.7562894821167,-11.811492919921875,-10.608203887939453,-10.218825340270996,-9.57761287689209,-9.134598731994629,-9.28494644165039,-8.882096290588379,-8.619564056396484,-8.546518325805664,-8.070209503173828,-5.654307842254639,-3.652324676513672,-8.869120597839355,-11.091971397399902,-8.887941360473633,-7.519351005554199,-8.878767013549805,-7.024147033691406
-15.913286209106445,-15.370237350463867,-14.866097450256348,-15.246135711669922,-14.742664337158203,-14.267987251281738,-16.129606246948242,-12.83320426940918,-12.421931266784668,-13.426487922668457,-13.486563682556152,-11.707880973815918,-9.096866607666016,-9.347546577453613,-13.023140907287598,-14.99181842803955,-13.297956466674805,-10.329001426696777,-9.221613883972168,-15.728272438049316,-16.535795211791992,-12.740524291992188,-10.01711368560791,-11.547099113464355,-13.017595291137695,-11.17432689666748,-9.855148315429688,-10.1366548538208,-9.946645736694336,-9.314641952514648,-9.472996711730957,-9.504165649414062,-9.971573829650879,-8.895975112915039,-7.600642681121826,-7.486911296844482,-7.642845153808594,-9.65168285369873,-10.126428604125977,-9.164289474487305,-7.1153082847595215,-8.868338584899902,-7.659401893615723
-16.23442840576172,-16.21886444091797,-15.470727920532227,-14.368988990783691,-13.299722671508789,-15.058878898620605,-17.969764709472656,-15.623655319213867,-13.444499969482422,-12.976572036743164,-13.604093551635742,-12.437786102294922,-10.286436080932617,-6.344522476196289,-6.080005645751953,-12.485617637634277,-15.493956565856934,-14.665465354919434,-14.044466972351074,-15.15416145324707,-14.90417194366455,-13.808699607849121,-12.868325233459473,-13.470455169677734,-14.01228141784668,-12.27176570892334,-11.175907135009766,-11.088685035705566,-10.163546562194824,-9.389248847961426,-10.190387725830078,-11.01776123046875,-10.699119567871094,-9.29660415649414,-9.753371238708496,-10.985413551330566,-11.220504760742188,-11.769007682800293,-9.17337417602539,-10.75550651550293,-10.757865905761719,-9.905967712402344,-9.54802131652832
-16.581777572631836,-16.667234420776367,-15.844303131103516,-13.650740623474121,-8.977619171142578,-10.64525032043457,-14.47005558013916,-15.553336143493652,-13.944684982299805,-11.424766540527344,-9.768767356872559,-7.874599933624268,-7.145508766174316,-7.256536960601807,-7.086631774902344,-6.887556552886963,-12.087623596191406,-15.524070739746094,-16.827383041381836,-15.61764907836914,-13.369354248046875,-12.942150115966797,-13.7061185836792,-13.191361427307129,-13.833490371704102,-12.901737213134766,-11.321877479553223,-11.176797866821289,-10.428155899047852,-9.272745132446289,-9.393065452575684,-10.608053207397461,-11.328182220458984,-8.850231170654297,-7.510313987731934,-9.280674934387207,-10.277162551879883,-10.528650283813477,-9.044958114624023,-8.422182083129883,-8.887791633605957,-9.480673789978027,-10.114266395568848
-17.031414031982422,-16.96710205078125,-16.21459197998047,-15.969498634338379,-14.331640243530273,-13.243393898010254,-13.37975788116455,-11.423675537109375,-14.416672706604004,-13.519046783447266,-11.235017776489258,-8.792410850524902,-8.416363716125488,-10.489005088806152,-12.437536239624023,-10.670537948608398,-7.2938995361328125,-10.83687973022461,-17.31485939025879,-16.487791061401367,-14.633557319641113,-15.236579895019531,-15.635164260864258,-14.865760803222656,-13.700417518615723,-13.25307559967041,-12.22426986694336,-10.705978393554688,-10.043086051940918,-9.152059555053711,-8.054707527160645,-9.68584156036377,-11.280829429626465,-10.5362548828125,-9.273016929626465,-9.158780097961426,-9.056111335754395,-11.437185287475586,-11.772481918334961,-9.09683609008789,-8.797050476074219,-9.078216552734375,-8.92221450805664
-17.73325538635254,-17.742229461669922,-17.167173385620117,-18.766454696655273,-20.394245147705078,-18.04157257080078,-16.809144973754883,-13.47061538696289,-14.442893028259277,-14.455002784729004,-14.375466346740723,-12.543390274047852,-12.173983573913574,-12.196823120117188,-11.662349700927734,-9.00766372680664,-6.311250686645508,-5.406398296356201,-11.653706550598145,-16.953447341918945,-17.038761138916016,-16.02866554260254,-15.37484359741211,-15.059185981750488,-13.725974082946777,-13.141935348510742,-12.742663383483887,-11.191239356994629,-10.096914291381836,-9.385188102722168,-8.314302444458008,-8.81820011138916,-10.134849548339844,-10.721330642700195,-9.85894775390625,-9.750438690185547,-11.584409713745117,-10.113036155700684,-9.48781967163086,-8.31692886352539,-8.871569633483887,-10.532548904418945,-9.256001472473145
-18.70928192138672,-18.798307418823242,-18.175798416137695,-19.22598648071289,-19.527164459228516,-16.999300003051758,-16.777782440185547,-15.300522804260254,-15.682415008544922,-14.62037181854248,-15.041162490844727,-14.373830795288086,-12.230635643005371,-9.140982627868652,-6.701437473297119,-5.2801289558410645,-4.793463230133057,-4.303678512573242,-5.942721366882324,-11.533530235290527,-18.463274002075195,-17.698200225830078,-16.206628799438477,-15.459770202636719,-13.70987606048584,-14.94168758392334,-14.725682258605957,-12.282092094421387,-10.514873504638672,-10.01219367980957,-9.903441429138184,-8.988262176513672,-10.15842056274414,-12.008437156677246,-11.648974418640137,-11.24931526184082,-11.825953483581543,-11.0775146484375,-10.27815055847168,-9.359545707702637,-11.192462921142578,-12.592615127563477,-9.717166900634766
-19.228647232055664,-19.38132095336914,-18.641864776611328,-18.39046287536621,-16.352081298828125,-15.603299140930176,-14.445520401000977,-12.899176597595215,-12.504727363586426,-12.303474426269531,-12.97956371307373,-11.829254150390625,-10.188979148864746,-8.549202919006348,-7.440737247467041,-6.0933637619018555,-4.927594184875488,-5.078009605407715,-6.981467247009277,-9.34045696258545,-14.012593269348145,-16.686662673950195,-15.455636024475098,-15.853650093078613,-16.440513610839844,-16.09022331237793,-14.878488540649414,-13.201223373413086,-11.300261497497559,-11.717891693115234,-11.802009582519531,-9.593317031860352,-10.32866382598877,-11.432097434997559,-11.791122436523438,-10.876884460449219,-11.336782455444336,-10.42537784576416,-9.35546875,-11.103904724121094,-12.189947128295898,-11.234333038330078,-9.28693675994873
-19.326505661010742,-19.770999908447266,-19.302928924560547,-19.307498931884766,-17.11859703063965,-15.99425983428955,-16.921794891357422,-13.96946907043457,-11.380586624145508,-8.735130310058594,-8.237796783447266,-10.555347442626953,-14.168495178222656,-14.341997146606445,-10.591628074645996,-7.592940807342529,-7.455958843231201,-9.525650978088379,-10.879043579101562,-11.739352226257324,-11.937614440917969,-12.968405723571777,-13.947694778442383,-14.538809776306152,-16.76192855834961,-17.581592559814453,-15.308548927307129,-13.65257453918457,-12.475554466247559,-11.947263717651367,-12.242782592773438,-10.608443260192871,-10.312188148498535,-11.781449317932129,-12.646430969238281,-12.006047248840332,-11.751762390136719,-11.16435718536377,-11.213756561279297,-12.543828964233398,-11.506778717041016,-10.73583984375,-9.25940990447998
-19.38526153564453,-20.056804656982422,-19.7253475189209,-20.366378784179688,-19.69072723388672,-18.640390396118164,-18.81769371032715,-15.722373962402344,-13.182960510253906,-9.996641159057617,-9.333762168884277,-12.019436836242676,-16.62331771850586,-14.974285125732422,-10.299931526184082,-9.799153327941895,-10.998282432556152,-12.006582260131836,-12.902850151062012,-13.976123809814453,-13.741337776184082,-11.21033000946045,-8.171052932739258,-5.8873114585876465,-9.089188575744629,-17.555814743041992,-15.323301315307617,-11.96245288848877,-11.93787956237793,-11.96140193939209,-13.15748405456543,-12.293842315673828,-11.43956184387207,-12.781497955322266,-13.129880905151367,-12.985380172729492,-12.71007251739502,-12.381176948547363,-12.313796997070312,-12.797933578491211,-12.566502571105957,-11.91034984588623,-10.772543907165527
-19.381563186645508,-20.17647933959961,-19.742416381835938,-20.279708862304688,-19.584762573242188,-18.83783721923828,-17.523420333862305,-15.019614219665527,-13.30142879486084,-12.90875244140625,-15.036216735839844,-17.10409164428711,-16.648691177368164,-14.139947891235352,-12.595867156982422,-13.236082077026367,-12.893258094787598,-11.706169128417969,-12.748978614807129,-14.648857116699219,-14.245227813720703,-11.912308692932129,-8.343435287475586,-5.27825927734375,-4.875349521636963,-12.262359619140625,-15.38841724395752,-12.057421684265137,-10.370067596435547,-10.31475830078125,-12.092597961425781,-13.295794486999512,-12.535055160522461,-13.400005340576172,-13.623454093933105,-13.63144302368164,-13.578004837036133,-13.38917064666748,-13.808904647827148,-14.267807006835938,-13.557836532592773,-12.473250389099121,-10.603256225585938
-19.40129280090332,-20.31224822998047,-19.940303802490234,-20.362106323242188,-19.26116371154785,-19.157772064208984,-17.114845275878906,-14.50210952758789,-12.575643539428711,-14.059402465820312,-17.965055465698242,-17.635604858398438,-14.360069274902344,-12.880377769470215,-13.070483207702637,-12.07075023651123,-10.168673515319824,-9.28748893737793,-10.667054176330566,-13.375663757324219,-13.667313575744629,-10.683267593383789,-7.787129878997803,-5.739840030670166,-5.5624165534973145,-10.058120727539062,-13.942866325378418,-12.811559677124023,-9.74329948425293,-11.489699363708496,-12.766648292541504,-13.747077941894531,-13.436217308044434,-13.757229804992676,-13.455199241638184,-13.182377815246582,-13.228400230407715,-13.233479499816895,-12.884597778320312,-13.263860702514648,-13.246729850769043,-11.898048400878906,-11.199275016784668
-19.283830642700195,-20.39871597290039,-20.323198318481445,-21.084571838378906,-20.05213737487793,-19.183500289916992,-17.91621971130371,-15.602359771728516,-14.18108081817627,-14.152948379516602,-17.374216079711914,-16.99987030029297,-14.107330322265625,-12.760550498962402,-11.979162216186523,-9.709724426269531,-8.460861206054688,-10.44487190246582,-14.034090042114258,-15.495450019836426,-13.74710464477539,-10.382136344909668,-7.1980977058410645,-5.926247596740723,-6.6941914558410645,-10.625170707702637,-12.034753799438477,-11.277873039245605,-7.660944938659668,-6.896367073059082,-10.115375518798828,-14.235541343688965,-14.461126327514648,-14.325274467468262,-13.28406810760498,-12.968422889709473,-13.23987865447998,-14.006678581237793,-13.406333923339844,-12.372543334960938,-12.851667404174805,-13.468127250671387,-12.577237129211426
-18.55856704711914,-20.29916000366211,-20.420475006103516,-21.270769119262695,-20.499807357788086,-18.759214401245117,-18.53306007385254,-17.17196273803711,-16.538808822631836,-15.121810913085938,-16.565608978271484,-16.463329315185547,-15.183828353881836,-13.931307792663574,-13.140851974487305,-11.910380363464355,-12.970812797546387,-16.156278610229492,-17.576961517333984,-15.597400665283203,-12.23271369934082,-9.887027740478516,-9.16710090637207,-9.933149337768555,-11.301612854003906,-12.630696296691895,-11.101853370666504,-8.463027000427246,-6.874795913696289,-3.893279790878296,-2.5141069889068604,-10.29820728302002,-15.118988037109375,-15.210851669311523,-13.208123207092285,-12.821632385253906,-12.352716445922852,-13.102882385253906,-13.662140846252441,-13.65039348602295,-12.716389656066895,-12.640942573547363,-13.735356330871582
-17.386808395385742,-19.122905731201172,-20.019874572753906,-20.674955368041992,-19.46460723876953,-18.974910736083984,-19.32119369506836,-18.751474380493164,-18.700908660888672,-17.3106746673584,-16.891077041625977,-15.856806755065918,-14.999932289123535,-14.376765251159668,-14.799952507019043,-15.483528137207031,-16.64395523071289,-17.09364891052246,-15.259481430053711,-12.432778358459473,-10.791351318359375,-11.560168266296387,-12.854625701904297,-12.586772918701172,-12.64824104309082,-12.863814353942871,-11.719199180603027,-9.885760307312012,-6.7256622314453125,-3.471997022628784,-1.403745174407959,-3.434682846069336,-13.821703910827637,-16.63174819946289,-12.581793785095215,-11.889128684997559,-12.08800220489502,-12.903156280517578,-13.621273040771484,-12.843585968017578,-12.355538368225098,-12.55345630645752,-14.556073188781738
