data/wind_data/wind_38_2.json
{"header": {"parameterUnit": "KT", "parameterCategory": 2, "nx": 256, "ny": 198, "lo1": 44.73521041870117, "la1": -3.236724853515625, "lo2": 111.26478576660156, "la2": 43.468475341796875, "dx": 0.2609002888202667, "dy": -0.23708222806453705, "refTime": "2025-02-20 14:00:00", "forecastTime": 0, "parameterNumber": 2, "parameterNumberName": "eastward_wind"}, "data":
[rows 133 to 151 of 198, columns 43 to 85 of 256]
34.383235931396484,40.65484619140625,43.703224182128906,36.22852325439453,23.04281997680664,26.469194412231445,29.215442657470703,9.788557052612305,-6.32272481918335,-6.9299492835998535,-3.3187906742095947,-3.2051780223846436,-6.083164215087891,-7.816794395446777,-7.345826148986816,-5.132214069366455,-4.064525604248047,5.306272506713867,7.882330417633057,-2.076801300048828,-4.217996597290039,-2.64958119392395,-1.9985638856887817,-0.15381427109241486,-0.39975693821907043,-1.7235493659973145,-2.0645956993103027,-0.9259600043296814,-0.30816715955734253,0.43882158398628235,0.8197718262672424,1.4602210521697998,0.9402484893798828,0.3171931207180023,0.9345281720161438,2.0764546394348145,2.816495895385742,3.936016798019409,4.782944679260254,6.007072925567627,7.699992656707764,8.77695369720459,10.717369079589844
35.040000915527344,35.58266067504883,36.0538444519043,24.324190139770508,13.3658447265625,19.56144905090332,19.16356658935547,2.694373369216919,-5.958004951477051,-5.926329135894775,-4.861227512359619,-3.7235472202301025,-4.35954475402832,-4.50337553024292,-3.3678016662597656,-1.9425610303878784,-2.676865339279175,4.530104160308838,12.350794792175293,-0.3396338224411011,-3.081561803817749,-1.7688015699386597,0.22078324854373932,0.7729402780532837,0.421224445104599,-0.5991189479827881,-1.8973402976989746,-1.6268870830535889,-0.38405346870422363,-0.6761278510093689,-0.7703637480735779,-0.2463267594575882,0.5684500932693481,2.2887275218963623,3.8218538761138916,3.670152425765991,3.5028111934661865,3.991076707839966,4.832161903381348,6.286789417266846,8.953490257263184,9.688370704650879,10.502317428588867
27.920082092285156,29.367033004760742,27.59999656677246,17.349451065063477,19.92400550842285,20.518753051757812,13.523317337036133,-0.7846876978874207,-4.929543972015381,-6.61757230758667,-7.7955217361450195,-7.270132541656494,-7.273911476135254,-5.721846580505371,-2.137974500656128,0.4308291971683502,0.5363203287124634,6.900463581085205,6.9016523361206055,-1.9298073053359985,-2.794983148574829,-2.6797897815704346,0.09032969176769257,1.355668544769287,1.180767297744751,-0.8510048985481262,-2.475569725036621,-2.0540611743927,0.5534670352935791,0.4939632713794708,2.01688289642334,3.1721997261047363,4.520068168640137,3.974766969680786,3.2163162231445312,2.1562724113464355,2.483217716217041,3.258969306945801,4.343810081481934,5.832070350646973,9.20739459991455,10.973165512084961,8.312287330627441
22.673864364624023,23.927675247192383,20.343706130981445,18.636245727539062,24.595470428466797,18.612585067749023,4.229433059692383,-4.3683881759643555,-6.282060623168945,-8.445998191833496,-9.742753982543945,-9.5265474319458,-7.557824611663818,-2.616330862045288,-1.1914572715759277,-1.7094486951828003,-2.416890859603882,2.081449270248413,-1.9659578800201416,-4.36937952041626,-4.335926532745361,-3.8312737941741943,-0.27729347348213196,1.3530452251434326,0.48341408371925354,-0.9876584410667419,-1.5225270986557007,-0.8379698991775513,0.5325225591659546,1.0533478260040283,1.991124153137207,2.3662285804748535,1.6523715257644653,0.024932367727160454,1.2553036212921143,1.8642120361328125,3.1855223178863525,3.326719045639038,4.792187213897705,4.743677139282227,8.531445503234863,8.474042892456055,5.727781772613525
17.887470245361328,16.175813674926758,17.514482498168945,17.88912582397461,15.821065902709961,6.4375481605529785,-5.291229724884033,-9.237759590148926,-10.91922664642334,-11.731146812438965,-12.162508010864258,-10.52822494506836,-7.226986885070801,-4.746510028839111,-4.697548866271973,-3.7288718223571777,-2.910489797592163,-3.949434995651245,-5.987292289733887,-4.89233922958374,-3.81807279586792,-4.3365325927734375,-0.6941598653793335,1.2787686586380005,-0.033865854144096375,-0.31160226464271545,-0.6775298118591309,-0.9963147640228271,-0.642314612865448,1.1775659322738647,1.1589847803115845,2.459069013595581,-0.27715370059013367,0.31171444058418274,2.4803080558776855,3.406146287918091,4.046542644500732,4.281484603881836,5.704615592956543,5.106622219085693,6.057353973388672,4.161680221557617,5.545605659484863
8.219473838806152,11.010933876037598,14.8239164352417,13.869662284851074,4.776400089263916,-6.323000907897949,-11.298799514770508,-12.797932624816895,-14.052292823791504,-13.987748146057129,-13.089447975158691,-10.999776840209961,-9.14138126373291,-6.1480560302734375,-3.513690710067749,0.15580648183822632,-0.5425243973731995,-6.129556655883789,-6.361143589019775,-3.650442600250244,-2.1719210147857666,-3.3363068103790283,0.5955105423927307,0.2461419552564621,2.216644525527954,0.18124933540821075,-1.5872328281402588,-2.7431418895721436,-2.8096683025360107,-2.18571138381958,-1.1401240825653076,0.7600163817405701,2.231743335723877,3.7405426502227783,4.339069843292236,4.574714660644531,4.503365993499756,5.212367534637451,5.833285331726074,4.453444004058838,2.6798954010009766,1.9982603788375854,2.724950075149536
3.0276036262512207,9.945501327514648,12.246338844299316,6.486556053161621,-4.697007179260254,-11.290847778320312,-12.555061340332031,-13.653955459594727,-14.278618812561035,-13.588783264160156,-12.48723030090332,-11.574173927307129,-7.863228797912598,-4.264462947845459,-1.3836175203323364,0.9498342871665955,-1.7289702892303467,-6.0785746574401855,-6.306395530700684,-2.4145894050598145,-1.7702683210372925,-2.4697787761688232,0.23993997275829315,1.3272982835769653,0.9825974106788635,-1.0483930110931396,-1.9734960794448853,-0.6046968698501587,-0.3858840763568878,1.2181155681610107,0.21526728570461273,1.2952070236206055,2.374199867248535,3.527860164642334,4.0322442054748535,3.8053650856018066,4.129563808441162,5.7822699546813965,5.883306503295898,4.002331256866455,2.24145770072937,2.8921737670898438,3.541290044784546
5.017457962036133,9.787737846374512,9.462178230285645,-2.917973041534424,-8.919010162353516,-13.082164764404297,-12.40259075164795,-12.697799682617188,-13.161774635314941,-11.766243934631348,-11.837575912475586,-8.925661087036133,-3.710348129272461,-1.0506510734558105,0.8002147078514099,2.3573663234710693,-0.922597348690033,-4.853784084320068,-2.572143077850342,-3.7009811401367188,-1.4212607145309448,-3.4892616271972656,-1.0636247396469116,-1.73485267162323,-1.985004186630249,-3.194162130355835,-3.506653070449829,-2.7008414268493652,-1.7738622426986694,-1.3528211116790771,-0.74274080991745,0.3028182089328766,0.09220118075609207,1.363258957862854,1.5468659400939941,1.1205421686172485,2.9770522117614746,5.8219475746154785,7.245485305786133,7.172235012054443,5.57203483581543,4.914690971374512,4.726423263549805
9.209582328796387,8.858570098876953,0.004687773063778877,-9.750410079956055,-13.21239948272705,-14.107600212097168,-11.063794136047363,-11.322959899902344,-11.740768432617188,-11.509757041931152,-11.472784996032715,-6.966721534729004,-1.2303848266601562,1.3582383394241333,3.2171335220336914,4.6594438552856445,1.587285041809082,-3.6645634174346924,0.46214985847473145,-0.8960580229759216,-1.377394199371338,-3.5937416553497314,-0.9158068895339966,-1.6055057048797607,-2.7313499450683594,-3.569230318069458,-3.810668468475342,-2.0533173084259033,1.1208252906799316,-2.3909921646118164,-1.4320378303527832,0.15808908641338348,-0.5296453237533569,0.3908518850803375,1.9900028705596924,2.5545010566711426,3.3161263465881348,4.90062141418457,6.356627941131592,7.231121063232422,7.197971343994141,6.671907424926758,6.195641040802002
10.253255844116211,2.3380870819091797,-6.1617021560668945,-10.726146697998047,-15.342924118041992,-14.837189674377441,-10.71379280090332,-9.41007137298584,-11.073309898376465,-10.943095207214355,-10.176878929138184,-5.219779968261719,0.9828912019729614,4.571864604949951,6.558215618133545,6.306318759918213,2.7570571899414062,0.5404549241065979,0.6189970970153809,-0.25356167554855347,-3.380739450454712,-4.702145576477051,-3.1771857738494873,-2.4259109497070312,-3.255305528640747,-5.016986846923828,-3.8579962253570557,-2.0792410373687744,-0.14153806865215302,-1.4513521194458008,-0.6173357963562012,-0.49372217059135437,-0.3634467124938965,0.012921079061925411,2.5427448749542236,1.3776533603668213,0.13867220282554626,2.454779863357544,3.129683256149292,4.5832839012146,6.086197376251221,7.214085102081299,8.291245460510254
4.7992329597473145,-4.474854946136475,-4.35211706161499,-7.193761348724365,-10.58763599395752,-10.346556663513184,-10.091341018676758,-9.899441719055176,-10.30808162689209,-9.806398391723633,-8.225603103637695,-3.055351495742798,2.620286464691162,5.93553352355957,8.069802284240723,5.739471435546875,0.9066826105117798,2.977882146835327,-0.5495275855064392,-0.8456060886383057,-5.126436710357666,-4.485852241516113,-3.0988316535949707,-2.619300365447998,-4.44900369644165,-5.560461521148682,-4.687369346618652,-3.68730092048645,-1.6178714036941528,-1.5452537536621094,-3.0768649578094482,-4.023799896240234,-2.0979390144348145,-1.0330885648727417,0.471439391374588,-0.16646134853363037,-0.8000571131706238,1.5225416421890259,1.0980974435806274,1.429362177848816,4.450221061706543,6.196354866027832,8.164709091186523
-4.825369834899902,-4.515169143676758,-2.015052318572998,-3.3952226638793945,-3.5883445739746094,-5.506528854370117,-10.999527931213379,-10.889714241027832,-9.79448413848877,-9.901774406433105,-8.185199737548828,-3.7830660343170166,2.2246055603027344,6.298456192016602,10.4368257522583,8.427923202514648,1.826360821723938,2.6327643394470215,0.8849686980247498,-1.4445767402648926,-6.011226654052734,-3.921734571456909,-1.9790010452270508,-2.6537649631500244,-3.9128832817077637,-4.2301788330078125,-3.7590627670288086,-2.604844570159912,-1.3369555473327637,-2.847011089324951,-3.4832282066345215,-2.755513906478882,-2.180962085723877,-2.451822519302368,-1.6643608808517456,-1.9996905326843262,-2.2779924869537354,-2.001220464706421,-0.586962878704071,0.022814571857452393,3.0847370624542236,5.563469886779785,7.304201602935791
-7.336711406707764,-1.9656834602355957,-0.1603487879037857,-4.318663597106934,-5.864229679107666,-9.86605167388916,-13.461575508117676,-11.549052238464355,-8.839734077453613,-9.297908782958984,-8.399969100952148,-3.248936176300049,3.414257526397705,7.516928672790527,10.930190086364746,8.557594299316406,3.3259873390197754,1.7626352310180664,0.8445019125938416,-2.8464391231536865,-5.97728967666626,-4.518245697021484,-2.5928375720977783,-3.4496936798095703,-4.8459649085998535,-5.603811264038086,-2.7575597763061523,-2.0021462440490723,-1.2695045471191406,-1.1396863460540771,-0.5740282535552979,1.045470118522644,1.9214726686477661,1.9342243671417236,0.04028608277440071,-1.033478021621704,-2.654054641723633,-4.203790664672852,-2.7230796813964844,-2.1807870864868164,0.2212064266204834,5.686638355255127,9.46501636505127
-6.814208984375,0.14391152560710907,-0.6820318102836609,-8.363302230834961,-10.176034927368164,-14.626232147216797,-14.186165809631348,-11.214349746704102,-7.8303446769714355,-7.27315092086792,-6.129342079162598,-1.4163122177124023,3.5692100524902344,6.8020830154418945,9.529297828674316,8.724234580993652,7.376656532287598,2.9705910682678223,0.6410397887229919,-2.605273723602295,-5.1075215339660645,-5.376407623291016,-2.7622931003570557,-3.93827748298645,-5.555727481842041,-5.839492321014404,-5.715296745300293,-4.913659572601318,-2.3999810218811035,-1.3597626686096191,2.1274869441986084,0.7648307085037231,0.07142569124698639,1.6589444875717163,2.4145336151123047,1.7730034589767456,-1.9866405725479126,-5.163851261138916,-3.339653491973877,-2.884260892868042,0.5349099636077881,3.9049670696258545,8.905620574951172
-8.014126777648926,-2.444136381149292,-6.727273464202881,-12.370773315429688,-12.56740951538086,-11.334993362426758,-8.124876022338867,-8.920371055603027,-7.823397159576416,-5.41059684753418,-4.019305229187012,-2.7697274684906006,-0.24880467355251312,4.245582580566406,8.599369049072266,7.260348320007324,8.722464561462402,5.940165042877197,-0.6828922033309937,-2.5608558654785156,-4.756519317626953,-6.1188788414001465,-2.640312433242798,-3.1406137943267822,-5.381359100341797,-6.814521789550781,-7.703306674957275,-5.555722236633301,-0.630723774433136,-0.9263474941253662,1.5530681610107422,1.7334455251693726,-1.1491836309432983,-3.2266547679901123,-2.540463924407959,-0.6057604551315308,-0.7531376481056213,-2.8980703353881836,-2.913663148880005,-2.722825765609741,-0.0027111005038022995,4.062989234924316,7.032787322998047
-7.895692348480225,-4.9463677406311035,-9.964906692504883,-12.91909408569336,-10.096457481384277,-3.5335633754730225,-1.258890151977539,-6.959569931030273,-7.395733833312988,-4.489154815673828,-2.7294809818267822,-2.33465838432312,-0.9054757356643677,0.6938374638557434,2.682509183883667,5.671792984008789,6.0901103019714355,2.050746440887451,-2.3726513385772705,-1.6413495540618896,-4.277137279510498,-6.458733081817627,-3.3595309257507324,-2.2920658588409424,-5.2168989181518555,-8.294057846069336,-8.760764122009277,-5.375021457672119,-2.787766218185425,-2.1998021602630615,-0.18324396014213562,0.7512325644493103,-0.7993695735931396,-1.9429006576538086,-3.2566981315612793,-2.36523699760437,0.17650052905082703,-0.11485878378152847,-2.5838327407836914,-3.375973701477051,-3.1258609294891357,1.2352793216705322,4.538476943969727
-8.196474075317383,-5.279124736785889,-10.67326545715332,-12.795797348022461,-6.119054317474365,2.2428743839263916,0.2723163366317749,-7.122938632965088,-6.843964576721191,-4.306315898895264,-3.471493721008301,-2.501108169555664,0.7594940066337585,1.192192792892456,2.188136339187622,1.4750943183898926,-0.9427393078804016,-4.032412052154541,-4.472194671630859,-2.977626323699951,-3.2638943195343018,-4.611908912658691,-4.286159515380859,-1.4028749465942383,-5.473297119140625,-5.92199182510376,-3.8482940196990967,-1.2494056224822998,-0.7533769011497498,-1.6507925987243652,-1.5963268280029297,-0.4727790355682373,-0.09454914927482605,-1.3607345819473267,-2.6869709491729736,-2.569915533065796,0.07746861129999161,1.2170652151107788,0.5415951013565063,-0.2668360471725464,-1.773529052734375,1.477441430091858,3.0116827487945557
-9.714409828186035,-5.475963115692139,-7.975752830505371,-8.563278198242188,-2.115180253982544,1.863396406173706,-4.150699138641357,-9.041982650756836,-8.348041534423828,-5.258103847503662,-0.7562119364738464,0.6154323220252991,-0.05536292493343353,2.011162757873535,-0.47222164273262024,-3.1066946983337402,-4.833826065063477,-5.9513444900512695,-5.604720592498779,-5.364133834838867,-4.545602798461914,-4.000235080718994,-4.20070743560791,-1.013319969177246,-2.7721989154815674,-4.272751808166504,-2.398318290710449,-2.678657054901123,-2.4390993118286133,-1.544228434562683,-0.9804101586341858,-0.9384891986846924,-1.4042017459869385,-2.424482583999634,-3.258293390274048,-2.5454843044281006,0.2760363519191742,3.0862009525299072,3.4326462745666504,2.7298285961151123,1.6842044591903687,2.544523000717163,3.7479419708251953
-6.762611389160156,-0.4171399474143982,0.17394453287124634,-4.015103816986084,-4.130500793457031,-2.4969570636749268,-6.457515239715576,-8.303179740905762,-5.983715057373047,0.2069159597158432,3.3245270252227783,0.9843625426292419,0.6732712984085083,-0.17726264894008636,-2.066898822784424,-5.268775463104248,-6.016851902008057,-5.684126377105713,-5.5408124923706055,-5.089137554168701,-4.692346572875977,-3.776101589202881,-0.8448894023895264,1.3558157682418823,2.034958839416504,-0.4707418978214264,-0.3445003926753998,-1.39291512966156,-0.48349109292030334,2.2736968994140625,3.0943379402160645,0.9552074074745178,-2.3854215145111084,-3.9481117725372314,-3.5942723751068115,-1.8487979173660278,0.6462811231613159,3.4800758361816406,4.826283931732178,4.563401699066162,3.909029245376587,4.694110870361328,5.327826499938965
