data/wind_data/wind_58_8.json
{"header": {"parameterUnit": "KT", "parameterCategory": 2, "nx": 256, "ny": 198, "lo1": 44.73521041870117, "la1": -3.236724853515625, "lo2": 111.26478576660156, "la2": 43.468475341796875, "dx": 0.2609002888202667, "dy": -0.23708222806453705, "refTime": "2025-02-21 10:00:00", "forecastTime": 0, "parameterNumber": 2, "parameterNumberName": "eastward_wind"}, "data":
[rows 19 to 37 of 198, columns 44 to 87 of 256]
-6.332308292388916,-6.618484020233154,-7.435286045074463,-7.929080009460449,-7.881752967834473,-7.676846504211426,-7.592000961303711,-7.6099443435668945,-7.785511493682861,-7.746146202087402,-7.757599353790283,-8.023249626159668,-7.939539909362793,-7.7742719650268555,-7.613595485687256,-6.960075378417969,-6.801914215087891,-6.837822437286377,-6.502312183380127,-5.813150882720947,-4.697021961212158,-3.51132869720459,-2.684342622756958,-1.736284852027893,-0.8738047480583191,-0.34676000475883484,-0.3311658203601837,-0.7682074308395386,-0.8161181807518005,-0.19544954597949982,0.3494836091995239,0.38591861724853516,-0.04949197918176651,-0.383035272359848,-0.2790853977203369,0.30182084441185,0.7323601245880127,0.25453296303749084,-0.3633841276168823,-0.6502277255058289,-1.118241786956787,-2.0039708614349365,-2.611936330795288,-1.9223943948745728
-6.851839542388916,-6.881208419799805,-7.423839569091797,-7.666965484619141,-7.60874605178833,-7.485935688018799,-7.524603366851807,-7.851067066192627,-8.129731178283691,-8.254270553588867,-8.277993202209473,-8.200875282287598,-7.9426960945129395,-7.761024475097656,-7.511658668518066,-6.92947244644165,-6.645176887512207,-6.665004730224609,-6.367769718170166,-5.920820713043213,-5.0770745277404785,-3.8343114852905273,-2.922422170639038,-2.0944573879241943,-1.0818116664886475,-0.4464436173439026,-0.1768677532672882,-0.42756059765815735,-0.5325201749801636,-0.2700178027153015,-0.18886150419712067,-0.374891459941864,-0.5343379378318787,-0.5409042239189148,-0.3861650228500366,-0.027676815167069435,0.26905450224876404,0.38394612073898315,0.03272925689816475,-0.3820846676826477,-1.0493314266204834,-1.9823966026306152,-2.649944305419922,-2.3889458179473877
-7.272747039794922,-7.23906946182251,-7.520205497741699,-7.553535461425781,-7.407657146453857,-7.366855144500732,-7.710638523101807,-8.427933692932129,-8.961950302124023,-9.1563720703125,-9.14031982421875,-8.761932373046875,-8.139803886413574,-7.793057441711426,-7.4061431884765625,-6.66738224029541,-6.125346660614014,-6.109510898590088,-6.132831573486328,-5.877050399780273,-4.945929527282715,-3.6875197887420654,-2.6934778690338135,-1.9087371826171875,-1.4709453582763672,-0.8531850576400757,-0.3032635450363159,-0.3535971939563751,-0.5822775363922119,-0.5983982682228088,-0.5788246989250183,-0.885054886341095,-1.0230613946914673,-0.9509412050247192,-0.6779832243919373,-0.23563535511493683,0.12585407495498657,0.4534042775630951,0.33197134733200073,-0.1465887874364853,-0.8363669514656067,-1.6137845516204834,-2.2510995864868164,-2.2994179725646973
-7.675587177276611,-7.64918851852417,-7.628425598144531,-7.469915866851807,-7.382841110229492,-7.588305473327637,-8.149168968200684,-9.027878761291504,-9.638364791870117,-9.838027000427246,-9.756001472473145,-9.003243446350098,-8.14268970489502,-7.695071220397949,-7.2223801612854,-6.327370643615723,-5.6304802894592285,-5.306859016418457,-5.378060817718506,-5.087546348571777,-4.081661701202393,-2.904670000076294,-2.180034875869751,-1.8613214492797852,-1.7424019575119019,-1.109432339668274,-0.5946211218833923,-0.5560224056243896,-0.9786218404769897,-1.2753007411956787,-1.1836330890655518,-1.220514178276062,-1.3908582925796509,-1.4641554355621338,-1.2386633157730103,-0.7828039526939392,-0.1270439624786377,0.3417234420776367,0.4026440382003784,0.08972743898630142,-0.6435866355895996,-1.3152546882629395,-1.575813889503479,-1.6495078802108765
-7.931231498718262,-8.008852005004883,-7.784754276275635,-7.488471508026123,-7.4712018966674805,-7.880408763885498,-8.542110443115234,-9.178298950195312,-9.455430030822754,-9.503188133239746,-9.296521186828613,-8.711556434631348,-8.176843643188477,-7.59641695022583,-6.89246129989624,-6.083869934082031,-5.3045220375061035,-4.446277141571045,-4.194476127624512,-3.806180477142334,-2.8914120197296143,-2.0229499340057373,-1.6366245746612549,-1.676864743232727,-1.5766420364379883,-1.1352424621582031,-0.9569966793060303,-1.1064258813858032,-1.6205164194107056,-1.997658133506775,-2.117511034011841,-2.153701066970825,-2.202650785446167,-2.2591702938079834,-2.0672953128814697,-1.4192219972610474,-0.5685780048370361,-0.02029779925942421,0.28746840357780457,-0.044311363250017166,-0.8410401940345764,-1.3175395727157593,-1.1797517538070679,-0.9091070294380188
-7.924771785736084,-7.950970649719238,-7.735837459564209,-7.5220561027526855,-7.557072162628174,-7.928081035614014,-8.563591003417969,-8.794254302978516,-8.649724006652832,-8.447011947631836,-8.378212928771973,-8.320871353149414,-7.988368034362793,-7.350610256195068,-6.536266326904297,-5.792696952819824,-4.855987071990967,-3.7545480728149414,-3.007807731628418,-2.4511024951934814,-1.8946377038955688,-1.3723145723342896,-1.2086138725280762,-1.3473984003067017,-1.4114775657653809,-1.4512423276901245,-1.5042921304702759,-1.7358044385910034,-2.2857422828674316,-2.7024307250976562,-3.126425266265869,-3.3648767471313477,-3.307403564453125,-3.1620075702667236,-2.717954635620117,-1.909368634223938,-1.073525071144104,-0.5297858119010925,-0.38992878794670105,-0.7810743451118469,-1.3976703882217407,-1.6641123294830322,-1.2880481481552124,-0.7518478035926819
-8.050827980041504,-7.717586040496826,-7.410494804382324,-7.141984939575195,-7.462638854980469,-7.919291973114014,-8.230374336242676,-8.119650840759277,-7.894779205322266,-7.700984954833984,-7.675551891326904,-7.812775135040283,-7.602093696594238,-6.987387657165527,-6.0584869384765625,-5.318594455718994,-4.453517913818359,-3.314145565032959,-2.1646904945373535,-1.5179359912872314,-1.2860138416290283,-0.9380773901939392,-0.9014396667480469,-1.2202008962631226,-1.6584540605545044,-1.9542487859725952,-2.086275339126587,-2.2667489051818848,-2.7190377712249756,-3.240453004837036,-3.714219331741333,-3.931748867034912,-3.8911569118499756,-3.765207529067993,-3.2432126998901367,-2.3716371059417725,-1.6714385747909546,-1.4595779180526733,-1.5703190565109253,-1.7487478256225586,-2.020749568939209,-2.100717544555664,-1.8608980178833008,-1.50400972366333
-8.299272537231445,-7.582192897796631,-7.040309906005859,-6.679058074951172,-7.025006294250488,-7.500636577606201,-7.685474872589111,-7.483613967895508,-7.283443927764893,-7.273686408996582,-7.261753559112549,-7.142385482788086,-6.735084056854248,-6.027459621429443,-5.299688339233398,-4.806890964508057,-4.087212085723877,-3.0053508281707764,-1.6372129917144775,-0.8910829424858093,-0.748484194278717,-0.6382160782814026,-0.7571678161621094,-1.2499152421951294,-1.920751690864563,-2.367910623550415,-2.551279306411743,-2.4893407821655273,-2.7457239627838135,-3.404071092605591,-3.961998462677002,-4.11353874206543,-4.0109992027282715,-4.0003533363342285,-3.7259011268615723,-2.9776625633239746,-2.2909390926361084,-2.1709043979644775,-2.505315065383911,-2.698155164718628,-2.6740970611572266,-2.622734785079956,-2.6407322883605957,-2.5944619178771973
-8.245511054992676,-7.4952006340026855,-6.839885711669922,-6.336670398712158,-6.531844615936279,-6.745985507965088,-6.725365161895752,-6.708718299865723,-6.712687969207764,-6.764428615570068,-6.824057102203369,-6.435347557067871,-5.67643928527832,-4.867625713348389,-4.340844631195068,-4.059426307678223,-3.699251651763916,-2.7389652729034424,-1.330876111984253,-0.5871359705924988,-0.44912347197532654,-0.5106810927391052,-0.7352637648582458,-1.2901192903518677,-2.0174310207366943,-2.401921510696411,-2.4374945163726807,-2.312708854675293,-2.2929420471191406,-2.9820611476898193,-3.896595001220703,-4.294624328613281,-4.2252373695373535,-4.107220649719238,-3.9081435203552246,-3.338955879211426,-2.5693342685699463,-2.2504544258117676,-2.6555769443511963,-3.0832526683807373,-3.032074213027954,-2.8511409759521484,-2.8966064453125,-2.959880828857422
-7.725992202758789,-7.133341312408447,-6.484493732452393,-6.014858245849609,-6.3123555183410645,-6.2249298095703125,-5.6652069091796875,-5.63951301574707,-6.092337131500244,-6.346330165863037,-6.449486255645752,-5.8715314865112305,-4.987079620361328,-4.36379861831665,-4.0285234451293945,-3.77567195892334,-3.3352081775665283,-2.4293410778045654,-1.2944222688674927,-0.647996187210083,-0.4768502116203308,-0.5685116648674011,-0.8153096437454224,-1.158132791519165,-1.6390626430511475,-2.0423834323883057,-1.9949297904968262,-1.9888651371002197,-1.9474579095840454,-2.3755221366882324,-3.3969266414642334,-4.293673515319824,-4.5182294845581055,-4.2343339920043945,-3.879163980484009,-3.389968156814575,-2.664266347885132,-2.1251869201660156,-2.2429466247558594,-2.752139091491699,-3.011510133743286,-3.0009305477142334,-2.890127658843994,-2.771224021911621
-6.8839311599731445,-6.634190559387207,-6.296708106994629,-5.93665885925293,-5.835861682891846,-5.6940693855285645,-5.122311115264893,-4.960141658782959,-5.5852885246276855,-6.0440239906311035,-5.9928178787231445,-5.34442138671875,-4.676386833190918,-4.481178283691406,-4.365466594696045,-3.956271171569824,-3.18660569190979,-2.24859356880188,-1.4069321155548096,-0.8465698957443237,-0.6282811760902405,-0.5863549709320068,-0.7081140279769897,-1.0168262720108032,-1.249241590499878,-1.4959163665771484,-1.5954047441482544,-1.7328071594238281,-1.9136037826538086,-2.109647750854492,-2.738516092300415,-3.7579357624053955,-4.544223308563232,-4.61937141418457,-4.218966007232666,-3.6509222984313965,-2.9048352241516113,-2.2087957859039307,-1.9791836738586426,-2.408571720123291,-3.055891275405884,-3.4873452186584473,-3.4921751022338867,-3.2767438888549805
-6.200386047363281,-6.293003559112549,-5.993288516998291,-5.673654556274414,-5.6935811042785645,-5.160207271575928,-4.4437785148620605,-4.796350955963135,-5.380679130554199,-5.885825157165527,-5.773784160614014,-4.9452595710754395,-4.354786396026611,-4.279145240783691,-4.318174362182617,-3.865748882293701,-3.224565267562866,-2.3977861404418945,-1.6941560506820679,-1.1990453004837036,-0.8032271265983582,-0.6394250988960266,-0.7844219207763672,-1.2502919435501099,-1.4353501796722412,-1.320178747177124,-1.364138126373291,-1.6393063068389893,-1.8399659395217896,-1.994843602180481,-2.2580044269561768,-3.001356840133667,-4.0732245445251465,-4.7247700691223145,-4.738675117492676,-4.2530364990234375,-3.46872615814209,-2.664449691772461,-2.263228178024292,-2.5429561138153076,-3.2276244163513184,-3.85874342918396,-4.069465637207031,-3.9557433128356934
-5.603372573852539,-5.757048606872559,-5.756577014923096,-5.720580577850342,-5.509730339050293,-4.909874439239502,-4.58369779586792,-4.714848518371582,-5.173988342285156,-5.858054161071777,-5.683197021484375,-4.919840335845947,-4.3657402992248535,-4.195899963378906,-4.279753684997559,-3.643821954727173,-3.160611629486084,-2.9053332805633545,-2.410762310028076,-1.9041024446487427,-1.2374211549758911,-0.9087477922439575,-1.3100870847702026,-1.9181125164031982,-1.9548543691635132,-1.5722211599349976,-1.4560823440551758,-1.7015302181243896,-1.843246340751648,-1.9762252569198608,-2.1925878524780273,-2.5493669509887695,-3.3828275203704834,-4.2231974601745605,-4.675615310668945,-4.603972911834717,-4.071349620819092,-3.429882049560547,-3.0267510414123535,-3.0460026264190674,-3.367677927017212,-3.882579803466797,-4.300805568695068,-4.44612979888916
-4.968624591827393,-5.05586576461792,-5.290654182434082,-5.597353935241699,-5.466005802154541,-4.960548400878906,-4.663449287414551,-4.725490570068359,-5.272849082946777,-5.540073394775391,-5.266164302825928,-4.90444278717041,-4.707643508911133,-4.619378566741943,-4.572579860687256,-3.859408140182495,-3.4425957202911377,-3.304241895675659,-3.1625289916992188,-2.8129630088806152,-2.127140760421753,-1.692388653755188,-1.9101041555404663,-2.311981678009033,-2.3049280643463135,-2.0156023502349854,-1.8470096588134766,-1.8907736539840698,-2.000319719314575,-2.1052308082580566,-2.401887893676758,-2.6064696311950684,-2.960362195968628,-3.6002659797668457,-4.216297149658203,-4.6507568359375,-4.7464728355407715,-4.550919532775879,-4.083826065063477,-3.651308059692383,-3.621126651763916,-3.919283866882324,-4.383967876434326,-4.73046350479126
-4.278406143188477,-4.57340145111084,-4.8684563636779785,-5.055513858795166,-4.95723295211792,-4.621413230895996,-4.536689758300781,-4.822472095489502,-5.134027481079102,-4.953512668609619,-4.855032920837402,-4.944979667663574,-5.251816749572754,-5.7684125900268555,-5.486442565917969,-4.523191452026367,-4.170668125152588,-3.688227891921997,-3.522374153137207,-3.3502495288848877,-2.8621675968170166,-2.3782131671905518,-2.2745187282562256,-2.494441509246826,-2.5968644618988037,-2.53580904006958,-2.3803932666778564,-2.2407925128936768,-2.1440680027008057,-2.0997183322906494,-2.3276188373565674,-2.560236692428589,-2.8045127391815186,-3.2809109687805176,-3.827899217605591,-4.553780555725098,-5.299057483673096,-5.581284523010254,-5.105033874511719,-4.413946151733398,-4.16497802734375,-4.275872230529785,-4.528984069824219,-4.677664279937744
-3.865743398666382,-4.1738176345825195,-4.5099968910217285,-4.668298244476318,-4.516965866088867,-4.278310298919678,-4.209012508392334,-4.30178689956665,-4.260171413421631,-4.293066501617432,-4.675288200378418,-5.431775093078613,-6.2644429206848145,-6.809834003448486,-6.290650367736816,-5.78525447845459,-5.051547050476074,-4.261444568634033,-3.971223831176758,-3.7613611221313477,-3.350140333175659,-2.7498810291290283,-2.60882306098938,-2.844606876373291,-2.9669382572174072,-3.0668506622314453,-3.0932953357696533,-2.789949655532837,-2.2797138690948486,-1.9533177614212036,-2.1154837608337402,-2.4488539695739746,-2.888927698135376,-3.2544703483581543,-3.5843963623046875,-4.32832145690918,-5.406355857849121,-6.166801452636719,-6.07023286819458,-5.521721363067627,-5.0039472579956055,-4.756500720977783,-4.6957502365112305,-4.7497100830078125
-3.4354076385498047,-3.734450101852417,-4.118694305419922,-4.343471527099609,-4.220322608947754,-4.000366687774658,-3.841169834136963,-3.588111162185669,-3.3775768280029297,-3.840479612350464,-4.941877841949463,-6.035774230957031,-6.852595806121826,-7.150694370269775,-6.894011974334717,-6.562458515167236,-5.9031453132629395,-5.230508804321289,-4.767633438110352,-4.345808029174805,-3.830176591873169,-3.3664157390594482,-3.296333074569702,-3.3321380615234375,-3.452097177505493,-3.565049409866333,-3.555414915084839,-3.186277389526367,-2.5081586837768555,-2.016413688659668,-1.838484764099121,-2.2416863441467285,-3.082151174545288,-3.4986395835876465,-3.6423592567443848,-4.170101642608643,-5.128880023956299,-6.158298969268799,-6.755166530609131,-6.67880916595459,-6.094396591186523,-5.499587059020996,-5.1225504875183105,-5.10051155090332
-2.9529104232788086,-3.061544895172119,-3.236616849899292,-3.478337049484253,-3.553156614303589,-3.516709089279175,-3.275747776031494,-2.939723253250122,-2.9852914810180664,-3.998260974884033,-5.533450603485107,-6.642263412475586,-7.154998779296875,-7.1153764724731445,-6.959859371185303,-7.028406143188477,-6.840616703033447,-6.321951389312744,-5.613704204559326,-4.8797149658203125,-4.368642330169678,-4.247823238372803,-4.347625255584717,-4.194562911987305,-3.922785758972168,-3.817061185836792,-3.6482279300689697,-3.2932956218719482,-2.7634260654449463,-2.157811403274536,-1.8568929433822632,-2.2502381801605225,-3.202197790145874,-3.881803512573242,-4.098790645599365,-4.273435115814209,-4.857554912567139,-5.808855056762695,-6.813814640045166,-7.437162399291992,-7.379475116729736,-6.856161117553711,-6.247251987457275,-5.891326904296875
-2.509760856628418,-2.2894628047943115,-2.214348793029785,-2.416778802871704,-2.7220544815063477,-3.0234150886535645,-3.0933945178985596,-3.1239919662475586,-3.6326544284820557,-4.75303316116333,-6.143673419952393,-7.23223352432251,-7.468255519866943,-7.1333441734313965,-7.2266035079956055,-7.712703704833984,-7.7632341384887695,-7.163992881774902,-6.219031810760498,-5.3999247550964355,-5.0139875411987305,-5.0696940422058105,-5.1938066482543945,-4.93211030960083,-4.470202445983887,-4.184828281402588,-3.869215250015259,-3.4631094932556152,-2.991058588027954,-2.5294113159179688,-2.382641315460205,-2.6943764686584473,-3.4404385089874268,-4.194983005523682,-4.6222453117370605,-4.778934001922607,-4.973378658294678,-5.522830963134766,-6.477786064147949,-7.543688774108887,-8.157837867736816,-8.13749885559082,-7.667643070220947,-7.158880233764648
