data/wind_data/wind_54_7.json
{"header": {"parameterUnit": "KT", "parameterCategory": 2, "nx": 256, "ny": 198, "lo1": 44.73521041870117, "la1": -3.236724853515625, "lo2": 111.26478576660156, "la2": 43.468475341796875, "dx": 0.2609002888202667, "dy": -0.23708222806453705, "refTime": "2025-02-21 06:00:00", "forecastTime": 0, "parameterNumber": 2, "parameterNumberName": "eastward_wind"}, "data":
[rows 120 to 139 of 198, columns 88 to 131 of 256]
86.4815673828125,87.45740509033203,86.77941131591797,85.62948608398438,84.52938079833984,83.39752197265625,82.10517883300781,80.943603515625,80.40829467773438,80.51886749267578,80.7144775390625,80.48110961914062,79.8780517578125,79.4086685180664,79.05997467041016,78.43199157714844,78.04229736328125,78.46202850341797,79.17369842529297,79.6484146118164,79.88626098632812,79.85893249511719,79.43622589111328,78.73176574707031,78.02249908447266,77.38880157470703,76.73486328125,75.96620178222656,74.8587875366211,73.24669647216797,71.56009674072266,70.50250244140625,70.1798324584961,70.10273742675781,69.95606231689453,69.83013916015625,69.94796752929688,70.4348373413086,71.1030044555664,71.64814758300781,72.07626342773438,72.63687133789062,73.40033721923828,74.07816314697266
86.40617370605469,87.43472290039062,86.82991790771484,85.87447357177734,85.1910171508789,84.608642578125,83.7223129272461,82.65670776367188,81.94470977783203,81.7206802368164,81.53998565673828,81.06676483154297,80.4120101928711,79.84539794921875,79.35348510742188,78.80636596679688,78.6078872680664,79.00405883789062,79.42401885986328,79.49317169189453,79.37201690673828,79.11956787109375,78.62782287597656,78.00988006591797,77.52178192138672,77.13871765136719,76.6236343383789,75.7721176147461,74.34783935546875,72.39494323730469,70.57674407958984,69.58580780029297,69.36540985107422,69.30978393554688,69.17294311523438,69.09493255615234,69.20738220214844,69.57505798339844,70.07676696777344,70.50611114501953,70.91464233398438,71.52592468261719,72.26946258544922,72.82758331298828
85.74100494384766,86.80982971191406,86.77336120605469,86.42034912109375,86.22975158691406,86.13563537597656,85.69495391845703,84.76057434082031,83.72586822509766,82.96031951904297,82.40103149414062,81.81257629394531,81.09058380126953,80.26178741455078,79.46077728271484,78.97827911376953,79.09920501708984,79.53484344482422,79.64803314208984,79.33443450927734,78.89892578125,78.44175720214844,77.88634490966797,77.3190689086914,76.93840789794922,76.69169616699219,76.28235626220703,75.34974670410156,73.6359634399414,71.42180633544922,69.59275817871094,68.76139068603516,68.59162139892578,68.47576141357422,68.41478729248047,68.59991455078125,68.86702728271484,69.05308532714844,69.1729507446289,69.29237365722656,69.569091796875,70.2176284790039,71.07308197021484,71.74178314208984
85.8005142211914,86.78955078125,87.01599884033203,87.086669921875,87.22122192382812,87.34142303466797,87.21753692626953,86.56900787353516,85.4350357055664,84.27819061279297,83.44710540771484,82.71434020996094,81.6948471069336,80.41097259521484,79.32337951660156,78.94789123535156,79.31610870361328,79.78153228759766,79.70603942871094,79.15560150146484,78.50688934326172,77.88184356689453,77.24002075195312,76.65721893310547,76.29402923583984,76.08827209472656,75.68942260742188,74.66513061523438,72.86297607421875,70.67777252197266,68.977783203125,68.33821105957031,68.30380249023438,68.14453887939453,67.96552276611328,68.19168853759766,68.6568832397461,68.89601135253906,68.7215805053711,68.33478546142578,68.27017974853516,68.88975524902344,69.91989135742188,70.87311553955078
86.3827896118164,86.92198181152344,87.12700653076172,87.44151306152344,87.77842712402344,87.99543762207031,88.04671478271484,87.66504669189453,86.6776123046875,85.4949951171875,84.57366180419922,83.61592864990234,82.13265228271484,80.36600494384766,79.11185455322266,78.86245727539062,79.29833984375,79.62389373779297,79.37188720703125,78.74777221679688,78.07188415527344,77.39860534667969,76.70189666748047,76.10474395751953,75.75120544433594,75.51386260986328,74.99494171142578,73.8410873413086,72.10460662841797,70.24734497070312,68.87811279296875,68.41472625732422,68.51323699951172,68.3875961303711,67.99484252929688,67.90445709228516,68.25503540039062,68.6415786743164,68.58729553222656,68.07247924804688,67.71256256103516,68.08050537109375,69.07429504394531,70.16230010986328
86.69715881347656,86.82603454589844,87.22129821777344,87.7321548461914,88.09674835205078,88.28627014160156,88.31034851074219,87.96849060058594,87.16695404052734,86.26496124267578,85.47591400146484,84.2913818359375,82.36261749267578,80.31000518798828,79.07939910888672,78.93359375,79.24051666259766,79.19673919677734,78.6573486328125,78.03826141357422,77.56350708007812,77.04830169677734,76.39958953857422,75.8241195678711,75.44522857666016,75.02630615234375,74.2254638671875,72.94259643554688,71.41183471679688,70.01435852050781,69.05146789550781,68.71247863769531,68.82481384277344,68.82032012939453,68.4373550415039,68.00933074951172,67.90794372558594,68.1585693359375,68.4071273803711,68.33970642089844,68.07101440429688,68.06645202636719,68.58804321289062,69.42112731933594
87.5315933227539,87.40792083740234,87.63864135742188,87.98418426513672,88.23188018798828,88.35877990722656,88.27069854736328,87.81041717529297,87.11402130126953,86.5323486328125,85.8425064086914,84.39701843261719,82.32844543457031,80.50973510742188,79.5013427734375,79.21329498291016,79.07312774658203,78.5804443359375,77.8517074584961,77.32080841064453,77.05123901367188,76.7292709350586,76.22188568115234,75.69396209716797,75.17860412597656,74.41952514648438,73.2592544555664,71.9140396118164,70.71337890625,69.79286193847656,69.16368103027344,68.91820526123047,69.052490234375,69.26305389404297,69.12570190429688,68.55155944824219,67.91524505615234,67.72716522216797,68.10367584228516,68.59544372558594,68.65554809570312,68.35474395751953,68.2684555053711,68.71426391601562
88.12245178222656,88.18128967285156,88.36515045166016,88.51887512207031,88.51013946533203,88.47064208984375,88.32453155517578,87.83777618408203,87.19689178466797,86.57893371582031,85.51787567138672,83.79235076904297,82.11930847167969,81.01221466064453,80.22232818603516,79.47737121582031,78.71407318115234,77.89615631103516,77.1490707397461,76.6316909790039,76.33348083496094,76.10760498046875,75.8310317993164,75.39370727539062,74.65351867675781,73.5074462890625,72.08068084716797,70.77549743652344,69.90181732177734,69.40934753417969,69.13634490966797,69.10784912109375,69.38819122314453,69.76300811767578,69.79596710205078,69.20822143554688,68.2401123046875,67.60107421875,67.80328369140625,68.46520233154297,68.70848083496094,68.3795394897461,68.16867065429688,68.52960968017578
88.4000473022461,89.1491928100586,89.63066864013672,89.5472412109375,88.97126770019531,88.5882797241211,88.46541595458984,88.09288787841797,87.47986602783203,86.51936340332031,84.82649993896484,82.97347259521484,81.9176025390625,81.39606475830078,80.5761489868164,79.39856719970703,78.27310180664062,77.31277465820312,76.41322326660156,75.60026550292969,75.09493255615234,74.98870086669922,74.99162292480469,74.64938354492188,73.74201202392578,72.36127471923828,70.85552978515625,69.6737060546875,69.04961395263672,68.90220642089844,69.04811096191406,69.37358856201172,69.81466674804688,70.18965911865234,70.16522979736328,69.53407287597656,68.49217224121094,67.652587890625,67.5758285522461,68.0196304321289,68.2978744506836,68.27044677734375,68.48100280761719,69.05830383300781
89.09520721435547,90.0510025024414,90.54608154296875,90.3071060180664,89.50318145751953,88.87065124511719,88.49127197265625,87.97669982910156,87.25881958007812,86.0103759765625,84.02017211914062,82.25652313232422,81.51011657714844,81.08173370361328,80.10955047607422,78.75738525390625,77.56375885009766,76.51660919189453,75.35445404052734,74.22441101074219,73.57237243652344,73.54066467285156,73.66477966308594,73.3696517944336,72.48152160644531,71.15702819824219,69.7827377319336,68.79513549804688,68.37200164794922,68.43507385253906,68.91974639892578,69.62010192871094,70.15763854980469,70.32467651367188,70.07960510253906,69.3725357055664,68.37358093261719,67.54805755615234,67.32744598388672,67.60918426513672,68.0030746459961,68.439697265625,69.21802520751953,70.02188873291016
89.21874237060547,89.56864929199219,90.10172271728516,90.21736907958984,89.74050903320312,88.98324584960938,87.98943328857422,86.88711547851562,85.7646484375,84.37361145019531,82.64411926269531,81.18387603759766,80.3829116821289,79.79150390625,78.8574447631836,77.61146545410156,76.35192108154297,75.13705444335938,73.90853881835938,72.85346984863281,72.28771209716797,72.20342254638672,72.2010726928711,71.89733123779297,71.1714096069336,70.09967803955078,68.9758529663086,68.19982147216797,67.95793151855469,68.19642639160156,68.92191314697266,69.87423706054688,70.4379653930664,70.29822540283203,69.68667602539062,68.84512329101562,67.94322967529297,67.2969741821289,67.12602233886719,67.36621856689453,67.91988372802734,68.8827133178711,70.08565521240234,70.72748565673828
87.82290649414062,87.64067840576172,88.27484893798828,88.89688873291016,88.75389862060547,87.83126068115234,86.39360046386719,84.85130310058594,83.3355712890625,81.7804946899414,80.3641357421875,79.25961303710938,78.5386734008789,78.0238037109375,77.32939147949219,76.22901916503906,74.83406829833984,73.45777130126953,72.32736206054688,71.57485961914062,71.25466918945312,71.18260955810547,71.06578063964844,70.73674774169922,70.14144134521484,69.31333923339844,68.4144515991211,67.79315185546875,67.73772430419922,68.2291259765625,69.09457397460938,70.00104522705078,70.44515991210938,70.09980773925781,69.21678161621094,68.22813415527344,67.41934967041016,66.97407531738281,66.89019012451172,67.12049865722656,67.8460464477539,69.22415161132812,70.54520416259766,70.69132232666016
85.07772827148438,85.2044448852539,86.24575805664062,87.1360855102539,86.74752807617188,85.28826141357422,83.72325897216797,82.47822570800781,81.21031951904297,79.81400299072266,78.55257415771484,77.41852569580078,76.6044921875,76.2479476928711,75.89569854736328,74.9732437133789,73.49015808105469,71.97193145751953,70.8770751953125,70.39775848388672,70.39418029785156,70.44953155517578,70.2827377319336,69.89125061035156,69.35872650146484,68.71171569824219,68.00981903076172,67.57965087890625,67.75243377685547,68.43123626708984,69.19709014892578,69.68991088867188,69.8041763305664,69.48202514648438,68.72586059570312,67.79096221923828,66.9864273071289,66.57168579101562,66.5567855834961,66.92930603027344,67.89605712890625,69.46482849121094,70.43824768066406,69.67173767089844
82.41537475585938,83.25555419921875,84.4540023803711,85.10163116455078,84.29679870605469,82.36556243896484,80.64299774169922,79.99241638183594,79.80653381347656,79.15189361572266,78.00595092773438,76.51404571533203,75.20403289794922,74.68439483642578,74.50849914550781,73.76677703857422,72.31437683105469,70.75518798828125,69.7420654296875,69.52884674072266,69.78325653076172,69.899169921875,69.65201568603516,69.21283721923828,68.73361206054688,68.19175720214844,67.65292358398438,67.4640884399414,67.86433410644531,68.5305404663086,68.90608978271484,68.82872772216797,68.6039047241211,68.46759796142578,68.17074584960938,67.47116088867188,66.69298553466797,66.2652359008789,66.3834228515625,67.02204132080078,68.24372100830078,69.64055633544922,69.4975357055664,67.61117553710938
80.83207702636719,81.60427856445312,83.04419708251953,83.17241668701172,81.66604614257812,79.6274185180664,77.90859985351562,77.39010620117188,78.22532653808594,78.90640258789062,78.16532897949219,76.27862548828125,74.48503875732422,73.69734191894531,73.438720703125,72.6301498413086,71.10485076904297,69.61028289794922,68.8239974975586,68.82635498046875,69.12100219726562,69.18269348144531,68.95724487304688,68.64579010009766,68.2808837890625,67.76301574707031,67.25618743896484,67.191162109375,67.70109558105469,68.25870513916016,68.24148559570312,67.64907836914062,67.13334655761719,67.11385345458984,67.24261474609375,67.06849670410156,66.63027954101562,66.3682632446289,66.68347930908203,67.60404968261719,68.74952697753906,69.03641510009766,67.48989868164062,65.2588882446289
80.6464614868164,81.5901107788086,81.07527923583984,80.4828872680664,79.4486083984375,77.65410614013672,76.10466766357422,75.63165283203125,76.51899719238281,77.7646255493164,77.77716064453125,76.2212905883789,74.17961883544922,72.93304443359375,72.42863464355469,71.56985473632812,70.06753540039062,68.66114044189453,67.99333953857422,68.02526092529297,68.23603820800781,68.33235931396484,68.354248046875,68.25043487548828,67.88078308105469,67.28262329101562,66.73455810546875,66.69181823730469,67.17337036132812,67.53131103515625,67.20098114013672,66.35260772705078,65.74425506591797,65.74870300292969,66.13754272460938,66.567138671875,66.74075317382812,66.78009033203125,67.32881164550781,68.34178161621094,68.78759765625,67.39801788330078,64.8111801147461,63.5391960144043
79.20183563232422,81.3740463256836,80.52214050292969,78.073486328125,76.25277709960938,75.46395111083984,75.2995834350586,74.9962387084961,75.02051544189453,75.89629364013672,76.41827392578125,75.64094543457031,73.99732971191406,72.50350189208984,71.51444244384766,70.46368408203125,69.0560531616211,67.74359893798828,67.06144714355469,67.02015686035156,67.23523712158203,67.52728271484375,67.8222885131836,67.81491088867188,67.3700942993164,66.74978637695312,66.3235092163086,66.28874206542969,66.50333404541016,66.48174285888672,65.91547393798828,65.1129150390625,64.62063598632812,64.66395568847656,65.21318817138672,66.05254364013672,66.6686782836914,66.99253845214844,67.69475555419922,68.55731201171875,67.98371124267578,65.24925994873047,62.64687728881836,62.7736930847168
77.56359100341797,79.86341094970703,79.68531036376953,76.7028579711914,73.67517852783203,72.72049713134766,73.82958221435547,74.83967590332031,74.61238098144531,74.35673522949219,74.3962173461914,73.99999237060547,73.12471771240234,72.12736511230469,71.06009674072266,69.68465423583984,68.0655517578125,66.66970825195312,65.96500396728516,65.94415283203125,66.2431640625,66.60627746582031,66.87834930419922,66.87322998046875,66.6288833618164,66.40306091308594,66.26789855957031,66.12540435791016,65.89700317382812,65.45852661132812,64.82025909423828,64.22447204589844,63.86899948120117,63.8682746887207,64.43096923828125,65.46342468261719,66.3600082397461,66.92645263671875,67.5660171508789,67.88578033447266,66.38507843017578,63.19221878051758,61.468387603759766,62.8233528137207
76.49193572998047,78.18743133544922,78.34156036376953,75.77699279785156,72.24626159667969,70.67316436767578,72.11768341064453,74.07341003417969,74.17853546142578,73.3803482055664,72.66249084472656,71.9813461303711,71.55267333984375,71.28671264648438,70.63331604003906,69.23942565917969,67.33476257324219,65.61885070800781,64.73741912841797,64.72924041748047,65.1123046875,65.46537017822266,65.59272003173828,65.59934997558594,65.68843078613281,65.8926010131836,65.95346069335938,65.64656066894531,65.0785140991211,64.50580596923828,64.07035064697266,63.76483917236328,63.50350570678711,63.406917572021484,63.9450569152832,65.11811065673828,66.09758758544922,66.66657257080078,67.02587127685547,66.49590301513672,64.34332275390625,61.87489700317383,61.38136291503906,62.75770568847656
76.05680084228516,76.9374008178711,77.07745361328125,75.30207824707031,71.76183319091797,69.43779754638672,70.59769439697266,72.80517578125,73.17711639404297,72.38236236572266,71.29329681396484,70.17806243896484,69.7235107421875,69.85726928710938,69.77864837646484,68.7626953125,66.7570571899414,64.63678741455078,63.4457893371582,63.370880126953125,63.84127426147461,64.3118667602539,64.48857116699219,64.50251770019531,64.68450164794922,65.00692749023438,65.09161376953125,64.77359008789062,64.26241302490234,63.84109115600586,63.53995132446289,63.32286834716797,63.21335983276367,63.27754592895508,63.95133972167969,65.2032241821289,66.12527465820312,66.5483627319336,66.24098205566406,64.19046783447266,61.721771240234375,61.597389221191406,62.82229232788086,63.12601089477539
