data/wind_data/wind_43_3.json
{"header": {"parameterUnit": "KT", "parameterCategory": 2, "nx": 256, "ny": 198, "lo1": 44.73521041870117, "la1": -3.236724853515625, "lo2": 111.26478576660156, "la2": 43.468475341796875, "dx": 0.2609002888202667, "dy": -0.23708222806453705, "refTime": "2025-02-20 19:00:00", "forecastTime": 0, "parameterNumber": 2, "parameterNumberName": "eastward_wind"}, "data":
[rows 114 to 132 of 198, columns 0 to 43 of 256]
24.56184196472168,25.163888931274414,25.483884811401367,25.696962356567383,25.148040771484375,24.63921546936035,24.64299201965332,24.561412811279297,23.778005599975586,22.62711524963379,21.76270866394043,21.22486686706543,20.601886749267578,20.568439483642578,22.75912857055664,23.74452018737793,22.786304473876953,22.475767135620117,23.938186645507812,24.148550033569336,22.4171142578125,22.328413009643555,23.874601364135742,25.222095489501953,25.831350326538086,25.492610931396484,24.913652420043945,24.505403518676758,23.918251037597656,23.905393600463867,23.618406295776367,21.843547821044922,18.174142837524414,16.27516746520996,15.910247802734375,17.245119094848633,18.465120315551758,17.389230728149414,15.662220001220703,15.180529594421387,15.598872184753418,17.482328414916992,17.944026947021484,19.40138816833496
26.27608871459961,26.686616897583008,26.87367820739746,26.993160247802734,26.657634735107422,26.466350555419922,26.34806251525879,26.034379959106445,25.06197166442871,23.33192253112793,21.675222396850586,20.64368438720703,20.13847541809082,19.299585342407227,20.074968338012695,22.43882179260254,23.58564567565918,23.54016876220703,24.402578353881836,25.143930435180664,23.639266967773438,22.43610954284668,23.855945587158203,25.80719566345215,27.205785751342773,27.97616195678711,28.284034729003906,28.112791061401367,26.803892135620117,25.212186813354492,24.845298767089844,22.57260513305664,17.94241714477539,15.558710098266602,14.477651596069336,15.121105194091797,17.62543487548828,18.91973114013672,16.339258193969727,16.306930541992188,17.367984771728516,17.978378295898438,18.056142807006836,17.280542373657227
26.879119873046875,27.043190002441406,26.948135375976562,26.686689376831055,26.330841064453125,26.42948341369629,26.554967880249023,26.512414932250977,25.90323257446289,24.219852447509766,21.992036819458008,20.027910232543945,19.236637115478516,19.126571655273438,19.1070613861084,20.340055465698242,21.471900939941406,21.84912109375,23.31767463684082,25.210617065429688,24.86688804626465,23.009794235229492,23.35775375366211,25.23538589477539,26.850933074951172,27.935596466064453,28.553709030151367,28.451379776000977,26.937368392944336,25.121288299560547,24.47762680053711,23.53102684020996,18.484020233154297,15.020187377929688,13.800548553466797,13.910259246826172,15.230393409729004,17.312456130981445,17.600528717041016,17.174535751342773,17.49446678161621,17.173934936523438,19.74927520751953,20.496761322021484
26.697267532348633,26.637163162231445,26.293153762817383,25.672080993652344,25.37141227722168,25.71628761291504,26.165802001953125,26.349246978759766,26.190916061401367,25.228527069091797,23.26043128967285,20.763595581054688,18.923072814941406,18.696672439575195,18.628015518188477,18.808979034423828,19.62080955505371,20.991662979125977,23.02660369873047,25.172138214111328,25.48322105407715,23.463441848754883,22.678485870361328,23.90729522705078,25.109302520751953,26.03457260131836,26.89458656311035,27.099580764770508,25.698144912719727,24.08769989013672,23.650394439697266,23.0049991607666,20.196359634399414,14.993626594543457,13.55400276184082,13.5621976852417,13.815322875976562,15.436826705932617,16.71164894104004,16.438520431518555,17.691936492919922,19.559036254882812,21.53168296813965,21.93653106689453
25.853849411010742,25.974437713623047,25.89129638671875,25.534751892089844,25.271503448486328,25.336565017700195,25.621118545532227,25.885969161987305,25.93102264404297,25.5575008392334,24.391521453857422,22.39519500732422,20.136093139648438,18.85157012939453,18.20043182373047,17.588010787963867,18.691104888916016,21.680763244628906,24.236114501953125,25.737985610961914,25.72147560119629,23.6173152923584,21.968080520629883,22.560272216796875,23.321672439575195,24.200321197509766,25.649168014526367,26.350011825561523,25.012691497802734,23.204423904418945,22.90316390991211,22.254688262939453,20.37731170654297,17.6763858795166,14.110981941223145,12.465965270996094,13.527687072753906,14.39006233215332,14.528512954711914,14.8153657913208,17.52686309814453,20.943714141845703,21.243558883666992,20.99976348876953
24.46533203125,25.043636322021484,25.386255264282227,25.524995803833008,25.431135177612305,25.150007247924805,25.110750198364258,25.436800003051758,25.733234405517578,25.730283737182617,25.146663665771484,24.055667877197266,22.11870002746582,19.752717971801758,18.240032196044922,17.414600372314453,18.576154708862305,22.328800201416016,25.49407958984375,26.686824798583984,26.08371925354004,23.522384643554688,21.486494064331055,21.865108489990234,22.527982711791992,23.638002395629883,25.669910430908203,26.44175910949707,24.929706573486328,22.651897430419922,21.8452091217041,21.935009002685547,20.711339950561523,19.338825225830078,20.628040313720703,19.398544311523438,16.820459365844727,15.384454727172852,15.557046890258789,17.230052947998047,18.382314682006836,19.12643051147461,20.707744598388672,24.145584106445312
23.09280776977539,23.857805252075195,24.327411651611328,24.661941528320312,24.87172508239746,24.720155715942383,24.682329177856445,25.14898109436035,25.745201110839844,25.95486831665039,25.656967163085938,25.234350204467773,23.895124435424805,20.853193283081055,18.42275047302246,17.661678314208984,19.041767120361328,22.446142196655273,25.468692779541016,26.89617347717285,26.466508865356445,24.236778259277344,22.810983657836914,23.102066040039062,23.348045349121094,24.584598541259766,26.634614944458008,26.932498931884766,24.80581283569336,22.24579620361328,21.010480880737305,22.194746017456055,22.586570739746094,22.510698318481445,24.89688491821289,27.04915428161621,24.45685577392578,22.34885597229004,21.147165298461914,20.886798858642578,21.34270668029785,20.75032615661621,20.469663619995117,24.329570770263672
21.362199783325195,22.098222732543945,22.693384170532227,23.19187355041504,23.562179565429688,23.700546264648438,23.994726181030273,24.747562408447266,25.633729934692383,26.066919326782227,26.094322204589844,25.933818817138672,24.754375457763672,21.917354583740234,19.175498962402344,18.5223445892334,19.916257858276367,22.029069900512695,24.103038787841797,25.863317489624023,26.489822387695312,25.374488830566406,24.27496910095215,23.975299835205078,24.238622665405273,25.973724365234375,27.57710075378418,27.219158172607422,24.544231414794922,21.949230194091797,21.3017578125,23.12046241760254,25.800933837890625,27.483081817626953,28.829639434814453,31.1131591796875,30.426067352294922,29.922521591186523,28.621564865112305,26.512243270874023,25.35085105895996,24.212295532226562,22.84332275390625,23.31568145751953
20.41537857055664,20.973678588867188,21.600309371948242,22.362918853759766,22.979328155517578,23.336151123046875,23.83164405822754,24.7294921875,25.66603660583496,26.20866584777832,26.426616668701172,26.1580753326416,24.808717727661133,22.77229118347168,20.683732986450195,20.17287826538086,20.809099197387695,21.701854705810547,22.992280960083008,24.52337646484375,25.4851131439209,25.140827178955078,24.37188720703125,24.02943992614746,25.00271224975586,27.05132293701172,28.186248779296875,27.30048370361328,24.7198429107666,23.018428802490234,23.310270309448242,25.51482582092285,28.102951049804688,29.727163314819336,30.897117614746094,32.998992919921875,35.88003921508789,38.392372131347656,34.96369934082031,32.0102653503418,30.462682723999023,30.188081741333008,33.49265670776367,34.76559066772461
20.672544479370117,21.105194091796875,21.595571517944336,22.359373092651367,23.10762596130371,23.51412010192871,24.18341636657715,25.21053695678711,25.964420318603516,26.26877212524414,26.210172653198242,25.716201782226562,24.618667602539062,23.37662696838379,22.100719451904297,20.803203582763672,20.719472885131836,21.849048614501953,23.000083923339844,23.656044006347656,23.838359832763672,23.578292846679688,23.214092254638672,23.67486572265625,25.38800048828125,27.512645721435547,28.62377166748047,27.82830810546875,26.25449562072754,25.084758758544922,24.691978454589844,25.628698348999023,27.751678466796875,29.62302017211914,32.1110954284668,35.58132553100586,38.437538146972656,37.7101936340332,34.96287536621094,34.60991668701172,37.093177795410156,37.96363830566406,35.00304412841797,34.474552154541016
20.795795440673828,21.317508697509766,21.733745574951172,22.32073402404785,22.83633804321289,23.27308464050293,24.184139251708984,25.184797286987305,25.687143325805664,25.59713363647461,25.21124267578125,24.928945541381836,24.50396156311035,23.53938102722168,21.88713836669922,20.25841522216797,20.45515251159668,22.18593978881836,23.350215911865234,23.165176391601562,22.40949821472168,22.015363693237305,22.319089889526367,23.469499588012695,25.270418167114258,27.365018844604492,28.63605308532715,28.343914031982422,27.313217163085938,25.91365623474121,24.57501983642578,24.744735717773438,26.617307662963867,29.401992797851562,33.03272247314453,36.734622955322266,38.99220657348633,36.75848388671875,35.16951370239258,37.07628631591797,40.502201080322266,39.01700210571289,29.277997970581055,25.771963119506836
20.45878028869629,21.145240783691406,21.540992736816406,21.954458236694336,22.42239761352539,23.007644653320312,23.97447395324707,24.7199649810791,24.759675979614258,24.166324615478516,23.85628890991211,24.05331802368164,23.579734802246094,22.10871696472168,20.53351402282715,19.59586524963379,20.33902359008789,22.188404083251953,23.10243034362793,22.4006290435791,21.65656089782715,21.769041061401367,22.477081298828125,23.40137481689453,24.79680824279785,26.549726486206055,27.740554809570312,27.85832977294922,27.465736389160156,26.07575225830078,25.158824920654297,25.875473022460938,27.226823806762695,29.96504020690918,33.61872863769531,37.19002914428711,39.558013916015625,39.606937408447266,38.09165573120117,38.717979431152344,41.24794387817383,41.96013641357422,39.88707733154297,37.201087951660156
20.158201217651367,20.88387107849121,21.261394500732422,21.616655349731445,22.29004669189453,23.036584854125977,23.879743576049805,24.312362670898438,23.85906982421875,23.368417739868164,23.55481719970703,23.120874404907227,21.742359161376953,20.39036750793457,19.264270782470703,18.887094497680664,19.991592407226562,21.313129425048828,21.761259078979492,21.625404357910156,21.802499771118164,22.363521575927734,22.805194854736328,23.25682830810547,24.07350730895996,25.017091751098633,25.813270568847656,26.551555633544922,27.17852020263672,26.939922332763672,27.661067962646484,29.753585815429688,30.791345596313477,30.908693313598633,33.099361419677734,37.27476119995117,40.052574157714844,41.32976531982422,41.35017013549805,39.867332458496094,41.00666046142578,41.66212463378906,45.23442840576172,48.52592849731445
20.01399040222168,20.655393600463867,20.99528694152832,21.333898544311523,22.18699073791504,23.071496963500977,23.703792572021484,23.86210823059082,23.56882095336914,23.71152687072754,23.313722610473633,21.93694305419922,20.421979904174805,19.358957290649414,18.498525619506836,18.140296936035156,18.444019317626953,19.22199821472168,20.291061401367188,21.37384033203125,22.381683349609375,22.929107666015625,22.916414260864258,22.908554077148438,23.156038284301758,23.38966941833496,24.069194793701172,25.460481643676758,26.644489288330078,27.877302169799805,30.120105743408203,32.913753509521484,34.3678092956543,33.372859954833984,33.5446891784668,36.71752166748047,39.898563385009766,42.58530044555664,42.066864013671875,41.26640701293945,40.69270706176758,37.79951477050781,41.73801803588867,48.89984130859375
19.883085250854492,20.354524612426758,20.632143020629883,20.936071395874023,21.923952102661133,22.701383590698242,23.052974700927734,23.06389045715332,22.985591888427734,22.661754608154297,21.738643646240234,20.425334930419922,19.34749412536621,18.55721092224121,17.45716094970703,16.341066360473633,16.151206970214844,17.301942825317383,19.26310920715332,21.37442398071289,22.8150691986084,23.256418228149414,22.9088191986084,22.46031951904297,22.50385093688965,22.491029739379883,23.04963493347168,24.50170135498047,26.027620315551758,28.719926834106445,31.986780166625977,34.1545524597168,35.506710052490234,35.81324005126953,36.31736373901367,37.96023941040039,40.49000930786133,42.88835525512695,42.43871307373047,43.38365173339844,43.087806701660156,38.60506820678711,37.05491256713867,41.70923614501953
19.6635799407959,19.740657806396484,19.961639404296875,20.39080238342285,21.351240158081055,21.91851234436035,22.1319580078125,21.913976669311523,21.10710906982422,20.493480682373047,19.79387664794922,18.698606491088867,17.577945709228516,16.462413787841797,15.091835021972656,14.142278671264648,14.465002059936523,16.253515243530273,18.931468963623047,21.412097930908203,23.029529571533203,23.402477264404297,22.720426559448242,21.838302612304688,21.23871421813965,20.348819732666016,21.05809783935547,22.370038986206055,24.914960861206055,29.541568756103516,32.699588775634766,33.458377838134766,34.55105209350586,36.76392364501953,38.97964859008789,39.921600341796875,39.995540618896484,41.40335464477539,42.04043197631836,44.45285415649414,45.78064727783203,42.37578582763672,36.8328857421875,35.11180114746094
19.4132137298584,19.018657684326172,19.241302490234375,19.936477661132812,20.57765007019043,21.059246063232422,21.174388885498047,20.104751586914062,19.192462921142578,18.69261360168457,17.98399543762207,16.575748443603516,14.60970401763916,13.194340705871582,12.716741561889648,12.939351081848145,14.111416816711426,16.413373947143555,19.198495864868164,21.680931091308594,23.169584274291992,23.156795501708984,22.095693588256836,20.345304489135742,17.96419906616211,15.051766395568848,15.166473388671875,19.820966720581055,25.941926956176758,30.389263153076172,31.83245277404785,32.731903076171875,33.9196662902832,36.439388275146484,38.77510452270508,38.82653045654297,38.82238006591797,40.813358306884766,42.787567138671875,44.964969635009766,45.69935989379883,43.67778015136719,37.290828704833984,35.82337188720703
19.28639030456543,18.70052146911621,18.890581130981445,19.787799835205078,20.2507381439209,20.696552276611328,19.956661224365234,18.52115249633789,17.479272842407227,16.695209503173828,15.633015632629395,14.05884075164795,12.398459434509277,11.627307891845703,11.750425338745117,12.65440559387207,14.386678695678711,16.910005569458008,19.611568450927734,21.582229614257812,22.550174713134766,22.42040252685547,20.772930145263672,17.422569274902344,15.112667083740234,13.870416641235352,16.145627975463867,21.87824249267578,27.45487403869629,29.27490997314453,30.12640380859375,31.67458724975586,33.09465408325195,34.955318450927734,35.675174713134766,37.08378982543945,39.27803039550781,40.952720642089844,41.036869049072266,40.1379508972168,41.78111267089844,40.398712158203125,41.310184478759766,47.97861862182617
19.194231033325195,18.65170669555664,18.485248565673828,19.558212280273438,20.56133460998535,20.550783157348633,18.849042892456055,16.91156005859375,15.373303413391113,14.286633491516113,13.348669052124023,12.212918281555176,11.337799072265625,11.510631561279297,12.21145248413086,13.255758285522461,14.90006160736084,17.175745010375977,19.344484329223633,20.80927085876465,21.74015235900879,20.739070892333984,16.946746826171875,13.492737770080566,13.04621410369873,14.709375381469727,18.236080169677734,23.302265167236328,27.280197143554688,28.46103286743164,29.74755859375,30.377134323120117,32.72749710083008,34.99811935424805,36.70258712768555,39.011688232421875,41.30989456176758,38.65907669067383,35.577213287353516,33.87063217163086,34.915008544921875,39.4155158996582,46.401920318603516,52.465972900390625
