data/wind_data/wind_65_9.json
{"header": {"parameterUnit": "KT", "parameterCategory": 2, "nx": 256, "ny": 198, "lo1": 44.73521041870117, "la1": -3.236724853515625, "lo2": 111.26478576660156, "la2": 43.468475341796875, "dx": 0.2609002888202667, "dy": -0.23708222806453705, "refTime": "2025-02-21 17:00:00", "forecastTime": 0, "parameterNumber": 2, "parameterNumberName": "eastward_wind"}, "data":
[rows 57 to 75 of 198, columns 129 to 171 of 256]
13.983619689941406,14.93752670288086,16.10280418395996,17.282306671142578,18.23786163330078,19.006593704223633,19.77584457397461,20.290782928466797,20.4918270111084,20.536283493041992,20.732696533203125,20.82546043395996,20.562498092651367,20.012502670288086,19.63028335571289,19.721210479736328,19.7176456451416,19.22481918334961,18.75776481628418,18.65301513671875,18.52642822265625,18.15438461303711,18.001972198486328,18.308521270751953,18.206436157226562,17.694799423217773,17.309457778930664,17.283554077148438,17.451478958129883,17.78997802734375,18.23619270324707,18.336484909057617,18.192636489868164,18.090967178344727,18.21478271484375,18.506607055664062,18.623825073242188,18.428096771240234,18.498430252075195,18.6789608001709,18.804916381835938,19.72906494140625,21.24921989440918
12.729384422302246,13.421839714050293,14.487207412719727,15.69432258605957,16.696765899658203,17.411312103271484,18.1079044342041,18.782548904418945,19.411617279052734,19.674882888793945,19.87566566467285,20.00240135192871,19.8146915435791,19.306217193603516,18.890438079833984,18.92675018310547,19.1387939453125,18.987045288085938,18.634994506835938,18.531816482543945,18.52088165283203,18.267784118652344,18.051971435546875,18.304296493530273,18.63972282409668,18.542022705078125,18.26548194885254,18.054988861083984,18.035564422607422,18.061813354492188,17.973709106445312,17.953964233398438,18.06864356994629,18.184879302978516,18.151071548461914,18.095674514770508,18.007658004760742,17.70307159423828,17.6116943359375,18.03012466430664,18.869722366333008,19.80384063720703,20.874927520751953
11.689926147460938,12.235304832458496,13.222434043884277,14.32554817199707,15.191850662231445,15.828264236450195,16.438457489013672,17.158161163330078,18.0769100189209,18.580841064453125,18.676795959472656,18.640825271606445,18.441255569458008,18.05725860595703,17.73834228515625,17.8281192779541,18.170059204101562,18.48031234741211,18.475139617919922,18.445049285888672,18.579862594604492,18.518898010253906,18.323314666748047,18.412290573120117,18.83904266357422,19.108951568603516,18.949758529663086,18.56363868713379,18.309059143066406,18.153520584106445,17.94367027282715,17.914575576782227,18.086206436157227,18.12843132019043,17.814905166625977,17.346887588500977,16.941795349121094,16.683717727661133,16.7906494140625,17.42261505126953,18.55422592163086,19.720996856689453,20.74505043029785
10.575284957885742,11.112771987915039,12.003448486328125,12.976950645446777,13.71992015838623,14.28306770324707,14.834891319274902,15.54668140411377,16.414674758911133,17.018842697143555,17.15068817138672,17.082908630371094,16.911823272705078,16.63864517211914,16.37745475769043,16.416751861572266,16.802339553833008,17.421783447265625,17.965356826782227,18.383195877075195,18.79720687866211,18.930953979492188,18.741046905517578,18.50764274597168,18.661754608154297,19.042236328125,19.08880615234375,18.743839263916016,18.335779190063477,18.01715087890625,17.813432693481445,17.780981063842773,17.858810424804688,17.733919143676758,17.210914611816406,16.500415802001953,15.949750900268555,15.791861534118652,16.09664535522461,16.800424575805664,17.740209579467773,18.906038284301758,20.181028366088867
9.344627380371094,9.93556022644043,10.781042098999023,11.63131046295166,12.266667366027832,12.800763130187988,13.35108470916748,14.023280143737793,14.703742980957031,15.197721481323242,15.491422653198242,15.655396461486816,15.708250045776367,15.63845443725586,15.475449562072754,15.423093795776367,15.727368354797363,16.40837860107422,17.247190475463867,18.120384216308594,18.83747100830078,19.17772674560547,19.035701751708984,18.539655685424805,18.275358200073242,18.495763778686523,18.763879776000977,18.69682502746582,18.372879028320312,17.9827823638916,17.628185272216797,17.317947387695312,17.13504981994629,16.940046310424805,16.451629638671875,15.715557098388672,15.117145538330078,14.920405387878418,15.122591018676758,15.636054039001465,16.250720977783203,17.227088928222656,18.707061767578125
8.147112846374512,8.631381034851074,9.463088989257812,10.299249649047852,10.927510261535645,11.500138282775879,12.168025970458984,12.852666854858398,13.36504077911377,13.659343719482422,13.923724174499512,14.274900436401367,14.62679386138916,14.847420692443848,14.852127075195312,14.7429780960083,14.871003150939941,15.440345764160156,16.273508071899414,17.22579574584961,18.05807113647461,18.544713973999023,18.55721664428711,18.160018920898438,17.716917037963867,17.665206909179688,18.01896858215332,18.35749053955078,18.376523971557617,18.082731246948242,17.51993751525879,16.7759952545166,16.142805099487305,15.71090030670166,15.22849178314209,14.577975273132324,14.047820091247559,13.848580360412598,13.829952239990234,14.019097328186035,14.425143241882324,15.240365982055664,16.71613883972168
7.045736789703369,7.3540449142456055,8.001606941223145,8.842836380004883,9.72179126739502,10.448431015014648,11.157984733581543,11.888910293579102,12.3279390335083,12.411420822143555,12.483610153198242,12.805749893188477,13.225066184997559,13.51858901977539,13.534784317016602,13.274941444396973,13.136024475097656,13.482036590576172,14.272751808166504,15.170951843261719,15.980877876281738,16.542652130126953,16.809879302978516,16.742773056030273,16.497648239135742,16.37511444091797,16.72174835205078,17.423892974853516,17.943727493286133,17.880985260009766,17.16446304321289,15.987942695617676,14.742228507995605,13.769986152648926,13.14549446105957,12.775505065917969,12.70291805267334,12.83220386505127,12.800758361816406,12.741004943847656,13.085570335388184,13.879679679870605,15.18283462524414
5.736591815948486,6.245577335357666,6.7397260665893555,7.382826328277588,8.368813514709473,9.483390808105469,10.261319160461426,10.847381591796875,11.168780326843262,11.217055320739746,11.156795501708984,11.245508193969727,11.473055839538574,11.66035270690918,11.660207748413086,11.351214408874512,10.973175048828125,10.975260734558105,11.48121166229248,12.238537788391113,12.999429702758789,13.655516624450684,14.158731460571289,14.476888656616211,14.594226837158203,14.650707244873047,15.001583099365234,15.774565696716309,16.603614807128906,16.826120376586914,16.062780380249023,14.521355628967285,12.717695236206055,11.293821334838867,10.751517295837402,11.021459579467773,11.683868408203125,12.315569877624512,12.557329177856445,12.563977241516113,12.932049751281738,13.794066429138184,14.888437271118164
3.8588130474090576,5.07705545425415,5.88333797454834,6.467759609222412,7.2454142570495605,8.35502815246582,9.266133308410645,9.711889266967773,9.910540580749512,9.961511611938477,9.880131721496582,9.748519897460938,9.735637664794922,9.888587951660156,10.031357765197754,9.89852237701416,9.49210262298584,9.16286563873291,9.182976722717285,9.538427352905273,10.074437141418457,10.689960479736328,11.326682090759277,11.899778366088867,12.33974552154541,12.625265121459961,12.933837890625,13.487133979797363,14.23653507232666,14.684329986572266,14.23380184173584,12.834142684936523,11.021355628967285,9.645767211914062,9.443702697753906,10.278376579284668,11.40881061553955,12.288179397583008,12.777384757995605,13.075931549072266,13.50212574005127,14.304576873779297,15.261811256408691
1.6816986799240112,3.5258069038391113,5.019999980926514,5.983201026916504,6.611806869506836,7.2565836906433105,7.967029094696045,8.456544876098633,8.68165397644043,8.738574981689453,8.63823127746582,8.419975280761719,8.318037033081055,8.525117874145508,8.864225387573242,8.953470230102539,8.651538848876953,8.196760177612305,7.839200019836426,7.743263244628906,7.936795711517334,8.345355033874512,8.908825874328613,9.527128219604492,10.096334457397461,10.567090034484863,10.896371841430664,11.22923755645752,11.766427993774414,12.352484703063965,12.480164527893066,11.818577766418457,10.641895294189453,9.635503768920898,9.466259002685547,10.148149490356445,11.050467491149902,11.655230522155762,12.093504905700684,12.671780586242676,13.327237129211426,14.044049263000488,14.92337417602539
0.053718987852334976,1.88788902759552,3.831730842590332,5.270239353179932,5.978078365325928,6.243288040161133,6.555421352386475,7.0210065841674805,7.432549953460693,7.637108325958252,7.600110054016113,7.4030256271362305,7.284310817718506,7.494578838348389,7.915268421173096,8.196568489074707,8.06585693359375,7.572516441345215,7.038380146026611,6.677656173706055,6.661006450653076,6.944496154785156,7.428746700286865,8.003164291381836,8.546783447265625,9.04748821258545,9.480504989624023,9.84900188446045,10.271489143371582,10.844295501708984,11.258035659790039,11.091822624206543,10.330394744873047,9.385856628417969,8.80954360961914,8.894362449645996,9.353925704956055,9.716425895690918,10.094486236572266,10.927491188049316,12.15660285949707,13.294092178344727,14.225822448730469
-0.6759181618690491,0.6997209787368774,2.4526774883270264,3.9004762172698975,4.6937642097473145,4.966631889343262,5.129421710968018,5.501316547393799,6.046006679534912,6.52797794342041,6.812561988830566,6.845366954803467,6.754003047943115,6.779897689819336,6.99761962890625,7.2796854972839355,7.338085651397705,6.929105281829834,6.25632381439209,5.731686592102051,5.607003688812256,5.890159606933594,6.459085464477539,7.081485271453857,7.567218780517578,7.935357093811035,8.305354118347168,8.712786674499512,9.067198753356934,9.356654167175293,9.502645492553711,9.146824836730957,8.172529220581055,7.035877227783203,6.388497829437256,6.594444274902344,7.459945201873779,8.28512191772461,8.807578086853027,9.631447792053223,11.124584197998047,12.817352294921875,14.056748390197754
-0.9957079887390137,-0.07601691037416458,1.1008220911026,2.106480121612549,2.7879273891448975,3.2805404663085938,3.6841607093811035,4.15358304977417,4.758062839508057,5.399899959564209,6.04803991317749,6.501163959503174,6.5979766845703125,6.438267707824707,6.252836227416992,6.236155986785889,6.300270080566406,6.109058380126953,5.480429649353027,4.790472507476807,4.4824538230896,4.695999622344971,5.3208184242248535,6.02860164642334,6.480335712432861,6.685013294219971,6.850790500640869,7.065320014953613,7.20743465423584,7.145240783691406,6.836914539337158,6.198060512542725,5.252599716186523,4.438706874847412,4.349335670471191,5.227771759033203,6.709966659545898,8.124031066894531,8.983091354370117,9.68171215057373,10.926128387451172,12.669425010681152,14.103769302368164
-0.6713876724243164,-0.22922693192958832,0.2474336177110672,0.635373055934906,1.0513426065444946,1.6003764867782593,2.312849521636963,3.1135432720184326,3.925243854522705,4.6935601234436035,5.511322975158691,6.29379415512085,6.663712024688721,6.469852447509766,5.9749274253845215,5.613891124725342,5.467832088470459,5.327822685241699,4.962977886199951,4.354315280914307,3.857182025909424,3.8470990657806396,4.227917194366455,4.793552875518799,5.238938808441162,5.4343461990356445,5.494132041931152,5.476017475128174,5.366494178771973,5.147387981414795,4.771690368652344,4.2721781730651855,3.721038818359375,3.3330962657928467,3.4784133434295654,4.279732704162598,5.620937824249268,7.2143683433532715,8.572318077087402,9.550800323486328,10.606608390808105,12.026247024536133,13.40123176574707
0.5203525424003601,0.6964917182922363,0.66896653175354,0.5328152775764465,0.625694215297699,0.9956685900688171,1.6885361671447754,2.6966209411621094,3.7493250370025635,4.5958380699157715,5.358323574066162,6.162710666656494,6.706921577453613,6.706804275512695,6.295943260192871,5.803996562957764,5.359910011291504,4.993321895599365,4.661639213562012,4.297317028045654,3.9421300888061523,3.7215869426727295,3.7417993545532227,4.009584903717041,4.352034091949463,4.615024089813232,4.680035591125488,4.5942511558532715,4.395181179046631,4.109591960906982,3.8142483234405518,3.4954798221588135,3.065600633621216,2.5454859733581543,2.178560256958008,2.3799619674682617,3.4347474575042725,5.071896553039551,6.70950174331665,7.919039249420166,8.853958129882812,9.963422775268555,11.268668174743652
1.4638577699661255,1.736627459526062,1.6058285236358643,1.3852781057357788,1.3837077617645264,1.6834222078323364,2.315633535385132,3.364873170852661,4.486980438232422,5.109947204589844,5.42600679397583,5.91762638092041,6.483345985412598,6.783415794372559,6.793907642364502,6.4915900230407715,5.7810587882995605,4.96215295791626,4.433403015136719,4.20926570892334,4.165059566497803,4.080413341522217,3.922107696533203,3.878427505493164,4.039109230041504,4.291173934936523,4.441388130187988,4.433051586151123,4.216719627380371,3.798889636993408,3.3410794734954834,2.915879726409912,2.2293663024902344,1.2284698486328125,0.5183863043785095,0.6819465160369873,1.6215002536773682,2.911527156829834,4.223638534545898,5.2962260246276855,6.138483047485352,7.0789971351623535,8.328054428100586
1.2270092964172363,1.9928662776947021,1.9487910270690918,1.81044602394104,1.7912964820861816,2.0918264389038086,2.9221770763397217,4.205099582672119,5.415656566619873,5.936968803405762,5.94182825088501,6.034940242767334,6.349176406860352,6.722185134887695,6.995667934417725,6.874675273895264,6.077830791473389,4.930261135101318,4.0742106437683105,3.7819182872772217,3.9119174480438232,4.106717586517334,4.040768146514893,3.727299690246582,3.5432116985321045,3.634915351867676,3.8595573902130127,4.0596489906311035,4.056760311126709,3.7101316452026367,3.018035888671875,2.0922796726226807,1.0728203058242798,0.20724238455295563,-0.19820651412010193,-0.08692070096731186,0.38110098242759705,1.0751371383666992,1.9478678703308105,2.8384530544281006,3.621190071105957,4.498615741729736,5.675249099731445
0.4102814495563507,1.4182597398757935,1.8267465829849243,1.7727282047271729,1.6161079406738281,1.6350659132003784,2.4307563304901123,3.9389138221740723,5.172213077545166,5.889246940612793,6.334796905517578,6.598487854003906,6.651317119598389,6.7091193199157715,6.6926703453063965,6.309980869293213,5.534024238586426,4.482485771179199,3.4444663524627686,2.7529549598693848,2.5527656078338623,2.7936830520629883,3.0843780040740967,2.9808456897735596,2.546895980834961,2.2518270015716553,2.3747594356536865,2.726022720336914,2.9654312133789062,2.8301641941070557,2.1013457775115967,0.9824606776237488,0.15276220440864563,-0.10164903104305267,-0.1889108419418335,-0.38861870765686035,-0.520066499710083,-0.35419219732284546,0.20234213769435883,1.0589607954025269,1.9707756042480469,2.8527278900146484,3.8252789974212646
0.2821938693523407,0.7921377420425415,1.4938745498657227,1.559008002281189,1.4995778799057007,1.631308913230896,2.2031590938568115,3.1830437183380127,3.8526158332824707,4.497880458831787,5.601699352264404,6.476908206939697,6.527976036071777,6.15654993057251,5.5266523361206055,4.716575622558594,4.035945892333984,3.452521800994873,2.6827352046966553,1.686180830001831,1.022621750831604,1.1223368644714355,1.6576495170593262,2.013241767883301,1.8187825679779053,1.3553539514541626,1.0799775123596191,0.9665399193763733,0.8925220370292664,0.7338257431983948,0.3062637746334076,-0.20014946162700653,-0.3010474741458893,-0.10660789906978607,-0.1278160661458969,-0.5382746458053589,-1.0466299057006836,-1.231830358505249,-0.8634630441665649,-0.003618693444877863,1.0622385740280151,2.0024099349975586,2.8015642166137695
