data/wind_data/wind_46_1.json
{"header": {"parameterUnit": "KT", "parameterCategory": 2, "nx": 256, "ny": 198, "lo1": 44.73521041870117, "la1": -3.236724853515625, "lo2": 111.26478576660156, "la2": 43.468475341796875, "dx": 0.2609002888202667, "dy": -0.23708222806453705, "refTime": "2025-02-20 22:00:00", "forecastTime": 0, "parameterNumber": 2, "parameterNumberName": "eastward_wind"}, "data":
[rows 152 to 170 of 198, columns 43 to 85 of 256]
-2.1091630458831787,-9.052860260009766,-7.669607162475586,-6.9334001541137695,-11.414432525634766,-10.94251823425293,-2.725263833999634,-7.221540927886963,-10.620452880859375,-0.3751487135887146,7.329370498657227,5.848545551300049,0.5095982551574707,-4.021511077880859,-9.98726749420166,-8.445316314697266,-9.490545272827148,-10.001556396484375,-6.591183185577393,-3.7736706733703613,-2.498908758163452,-3.6981446743011475,-4.738595485687256,-4.890324592590332,-4.973196983337402,-7.864020347595215,-8.49775218963623,-5.235722541809082,-5.259443283081055,-6.624566555023193,-5.973947048187256,-7.592808246612549,-8.009303092956543,-4.4485368728637695,-2.818188428878784,-1.780279278755188,-2.1701161861419678,-7.393164157867432,-8.945558547973633,-7.954807758331299,-8.888026237487793,-7.841945648193359,-3.8174641132354736
-8.278111457824707,-8.616659164428711,-9.276555061340332,-12.779052734375,-18.805864334106445,-13.613033294677734,-4.565579891204834,-4.107333660125732,-7.336268901824951,0.09530942887067795,0.7721711993217468,-3.663233757019043,-6.341859817504883,-7.764155864715576,-11.994830131530762,-13.133533477783203,-12.067044258117676,-7.983675956726074,-1.1672133207321167,1.887063980102539,-0.5660736560821533,-6.062164783477783,-7.865335464477539,-6.946439743041992,-4.576889991760254,-5.181591987609863,-6.61931037902832,-3.4262001514434814,-1.7678744792938232,-6.144685745239258,-7.556649684906006,-7.78358268737793,-6.284265518188477,-2.269310235977173,-1.8547146320343018,-1.759140968322754,-4.342922687530518,-9.791598320007324,-11.446269035339355,-12.448850631713867,-9.216300964355469,-4.883752822875977,-4.834932804107666
-12.864401817321777,-13.66771411895752,-13.114686965942383,-14.061233520507812,-17.950603485107422,-15.193740844726562,-9.02556324005127,-9.596552848815918,-10.494512557983398,-7.64882755279541,-6.408851623535156,-10.319672584533691,-10.949023246765137,-11.099109649658203,-13.41024112701416,-14.457429885864258,-10.324243545532227,-2.735567092895508,4.068759918212891,5.803857326507568,1.2869707345962524,-6.625494003295898,-5.0519304275512695,-1.781615138053894,0.006043580826371908,-0.28555288910865784,-1.0588465929031372,-0.7790319919586182,0.08108468353748322,-1.7874794006347656,-2.571866512298584,-3.338423490524292,-4.14716100692749,-5.174843788146973,-5.31118106842041,-3.177090883255005,-5.500001430511475,-13.862419128417969,-14.006638526916504,-11.251249313354492,-7.944736480712891,-4.399786472320557,-2.724858045578003
-13.841817855834961,-14.617384910583496,-15.260671615600586,-17.738941192626953,-19.163286209106445,-17.032926559448242,-12.535100936889648,-11.689043998718262,-11.389873504638672,-11.252405166625977,-11.071744918823242,-11.55449390411377,-10.991884231567383,-10.99620532989502,-13.723700523376465,-13.253584861755371,-6.462352752685547,2.815849781036377,8.038989067077637,8.04659366607666,-0.6338271498680115,-3.1135902404785156,-0.06086623668670654,1.7852715253829956,1.6133220195770264,0.5527080297470093,-0.40766051411628723,-0.15332886576652527,-1.5624749660491943,-4.154543399810791,-5.06425142288208,-6.359261989593506,-7.496881484985352,-7.682297706604004,-7.464838027954102,-6.324664115905762,-7.792635440826416,-16.209579467773438,-12.040979385375977,-5.432490825653076,-7.203053951263428,-5.96883487701416,1.9762725830078125
-12.205906867980957,-16.02610969543457,-19.613574981689453,-21.344392776489258,-19.011070251464844,-15.470284461975098,-13.50753116607666,-13.92005443572998,-14.71737003326416,-14.70822525024414,-13.458169937133789,-11.102446556091309,-9.011754989624023,-9.440825462341309,-11.127476692199707,-8.585514068603516,-0.4404081702232361,5.918570041656494,9.107266426086426,6.674319744110107,2.843984365463257,1.5688238143920898,2.921449661254883,2.138637065887451,0.41436532139778137,-0.5036613941192627,-1.682770848274231,-3.203526020050049,-7.070102214813232,-10.486031532287598,-11.721175193786621,-10.719145774841309,-8.791436195373535,-7.699043273925781,-10.28169059753418,-12.210935592651367,-11.715920448303223,-11.878962516784668,-6.918870449066162,1.33072030544281,-7.409241199493408,-7.9006123542785645,1.0917234420776367
-8.120881080627441,-13.581093788146973,-19.473909378051758,-18.284738540649414,-15.767291069030762,-15.106048583984375,-15.239913940429688,-15.374393463134766,-15.202347755432129,-14.803953170776367,-12.638782501220703,-7.902367115020752,-4.699370861053467,-5.694252967834473,-5.427365303039551,-0.9378752708435059,5.218089580535889,6.77321720123291,5.3425612449646,5.6764235496521,7.813384056091309,5.146289348602295,2.1649060249328613,0.7599285840988159,-0.4388523995876312,0.2877048850059509,-1.3146628141403198,-4.179965972900391,-7.915261745452881,-10.427803039550781,-10.898509979248047,-10.389225959777832,-8.362225532531738,-6.811393737792969,-8.396642684936523,-9.393763542175293,-7.075924873352051,-5.972078323364258,-4.701850891113281,-0.0443078987300396,0.24374882876873016,-3.5970001220703125,1.7675418853759766
-6.292204856872559,-9.223129272460938,-15.222561836242676,-12.765826225280762,-13.070955276489258,-14.567180633544922,-14.32798957824707,-12.062435150146484,-10.396513938903809,-10.21886920928955,-7.707032203674316,-2.119760036468506,-1.1076006889343262,-3.4866724014282227,0.11298230290412903,6.347410678863525,7.286887168884277,4.669984817504883,4.535182952880859,7.767276287078857,9.168027877807617,4.616006374359131,1.333548903465271,-0.10471633821725845,-1.834950566291809,-0.25916537642478943,-2.7300150394439697,-2.6752569675445557,-3.6029562950134277,-7.75288200378418,-6.367437362670898,-5.791075706481934,-5.039847373962402,-4.442139625549316,-2.655717134475708,-2.4962503910064697,-6.064167499542236,-4.647502899169922,-2.046395778656006,-1.454897403717041,1.8904094696044922,3.556713342666626,2.808952808380127
-4.665675163269043,-3.2320268154144287,-6.210907459259033,-8.08503532409668,-8.111429214477539,-12.492315292358398,-11.64448356628418,-6.435971736907959,-2.4439475536346436,-3.279467821121216,-2.5232131481170654,-0.2896192967891693,-4.254186153411865,-4.806759834289551,4.2376017570495605,9.950338363647461,7.294857501983643,4.154469966888428,4.981637477874756,6.170932292938232,7.050898551940918,1.8584970235824585,-1.0577775239944458,-2.3648793697357178,-3.6106977462768555,-3.340798854827881,-5.266122341156006,-6.506111145019531,-6.589654445648193,-6.899768352508545,-5.6737847328186035,-4.684285640716553,-2.898939609527588,-2.7106683254241943,-1.4796428680419922,-2.351328134536743,-6.765132904052734,-4.242739200592041,2.0729284286499023,2.3035192489624023,2.1699252128601074,4.3277435302734375,3.1389424800872803
-1.736696481704712,-0.653214156627655,-3.6863009929656982,-6.2324323654174805,-6.5394086837768555,-8.886414527893066,-9.699413299560547,-5.9810791015625,-4.122004985809326,-4.602908611297607,-5.178558826446533,-9.8298978805542,-9.079203605651855,0.6938861012458801,10.612846374511719,10.651043891906738,6.690870761871338,7.463618755340576,6.476228713989258,5.441921234130859,4.969372272491455,-0.1498735547065735,-2.6117024421691895,-4.535053730010986,-5.630861282348633,-4.882431507110596,-6.901638984680176,-9.54049015045166,-8.261615753173828,-8.24370002746582,-7.681819915771484,-4.237337112426758,-0.10284827649593353,-0.7003863453865051,-3.642388343811035,-4.669681072235107,-5.349615573883057,-2.3525307178497314,2.5718538761138916,4.081428527832031,1.639090657234192,2.0576698780059814,-1.0994629859924316
-2.4774720668792725,-2.7138512134552,-7.171554088592529,-13.012017250061035,-13.148466110229492,-9.928009033203125,-8.031655311584473,-7.919243812561035,-11.437685012817383,-11.012506484985352,-10.817530632019043,-10.238515853881836,-3.404332160949707,7.378703594207764,12.069648742675781,7.700349807739258,3.7989590167999268,9.02135944366455,10.730132102966309,8.728744506835938,3.6868231296539307,-2.6853387355804443,-4.841145038604736,-7.2462615966796875,-6.5876030921936035,-4.563152313232422,-8.630053520202637,-9.955673217773438,-7.844408988952637,-8.131105422973633,-7.994532108306885,-4.44786262512207,-0.07380375266075134,0.24020828306674957,-3.3069519996643066,-4.034350872039795,-2.286159038543701,-0.738351047039032,0.12620271742343903,-3.1555898189544678,-1.7917144298553467,3.1383297443389893,-9.462907791137695
-1.4873663187026978,-1.7541943788528442,-8.143362045288086,-13.394365310668945,-11.376535415649414,-6.4016032218933105,-4.259103298187256,-6.4232401847839355,-10.609140396118164,-11.635748863220215,-10.4320650100708,-4.638881206512451,3.9604334831237793,9.198387145996094,5.7623372077941895,4.6387715339660645,7.669997692108154,10.951850891113281,10.335021018981934,6.392837047576904,-1.5090866088867188,-4.138108730316162,-6.705687522888184,-8.543127059936523,-5.9836812019348145,-4.831566333770752,-9.009132385253906,-8.969090461730957,-7.089574337005615,-7.430793762207031,-7.96355676651001,-7.087707042694092,-4.503108024597168,-0.6961214542388916,-0.7761531472206116,-3.5455570220947266,-2.132037878036499,-1.8749668598175049,-4.114296913146973,-7.7987847328186035,-4.73049259185791,0.04148344695568085,-11.617790222167969
-4.410943508148193,-2.7715399265289307,-4.600700378417969,-10.580682754516602,-7.433981418609619,-3.9471163749694824,-4.547919750213623,-10.077377319335938,-10.0849609375,-7.156393527984619,-3.609226703643799,1.8172682523727417,4.354294300079346,1.5421903133392334,1.211536169052124,8.668973922729492,11.826751708984375,12.205879211425781,4.745932579040527,-3.9840140342712402,-7.383497714996338,-4.305386543273926,-7.250705718994141,-7.797622203826904,-5.040120601654053,-4.639542579650879,-7.9620795249938965,-8.226747512817383,-6.781256675720215,-7.172852039337158,-8.313340187072754,-8.644728660583496,-7.661553859710693,-4.999289035797119,-2.147305488586426,-4.736418724060059,-7.9775390625,-9.054851531982422,-8.005218505859375,-6.683302879333496,-6.849681854248047,-4.227262020111084,-7.0540547370910645
-4.72410774230957,-5.1381001472473145,-8.094451904296875,-8.963398933410645,-8.116518020629883,-6.6674909591674805,-11.30066967010498,-11.869731903076172,-6.444887161254883,-0.30408626794815063,3.4078636169433594,-0.28285714983940125,-4.579386234283447,-1.002901554107666,6.325789451599121,10.83647346496582,12.423441886901855,8.298576354980469,-4.852720260620117,-10.147721290588379,-8.471855163574219,-5.570263862609863,-7.692633628845215,-7.590771198272705,-5.712630748748779,-5.778674125671387,-8.85653018951416,-9.570953369140625,-8.21976375579834,-8.322153091430664,-8.888873100280762,-8.738826751708984,-8.359546661376953,-8.223569869995117,-7.817707061767578,-9.91789436340332,-12.240110397338867,-12.541749000549316,-12.453690528869629,-11.272703170776367,-10.864707946777344,-9.626240730285645,-6.797037601470947
-8.41314697265625,-7.898645401000977,-9.570735931396484,-11.257011413574219,-11.351961135864258,-9.314573287963867,-10.668354034423828,-7.375344753265381,-0.09968939423561096,2.6780598163604736,-0.6786945462226868,-2.8847391605377197,1.9190826416015625,4.608248710632324,7.714940547943115,9.597973823547363,8.877398490905762,-0.29938074946403503,-10.150199890136719,-11.676652908325195,-9.149911880493164,-7.203634262084961,-8.708966255187988,-8.1017427444458,-7.279832363128662,-8.114115715026855,-10.611950874328613,-10.612915992736816,-9.17384147644043,-8.82287883758545,-9.089432716369629,-9.103317260742188,-8.613181114196777,-9.176347732543945,-11.326906204223633,-14.346631050109863,-17.16388511657715,-19.423933029174805,-20.772384643554688,-20.31322479248047,-18.356189727783203,-15.543510437011719,-13.308893203735352
-7.894692420959473,-8.057771682739258,-7.872893810272217,-9.734113693237305,-8.742485046386719,-3.8488216400146484,-2.75581955909729,-1.2313106060028076,0.9869826436042786,-3.6565611362457275,-1.2290691137313843,7.0238447189331055,8.361916542053223,7.295964241027832,7.450881481170654,7.133922100067139,0.9801102876663208,-9.103095054626465,-13.332842826843262,-12.990253448486328,-10.345834732055664,-9.578185081481934,-9.94255256652832,-8.780521392822266,-8.321500778198242,-10.062590599060059,-11.775309562683105,-10.923689842224121,-9.518348693847656,-8.880533218383789,-8.958566665649414,-8.851574897766113,-9.161956787109375,-11.111333847045898,-13.604365348815918,-16.263687133789062,-18.860326766967773,-20.572856903076172,-22.097261428833008,-23.407995223999023,-22.02044105529785,-16.82315444946289,-10.472143173217773
-7.35777473449707,-5.228984355926514,-2.9692938327789307,-3.018120288848877,-3.2059836387634277,-2.0354936122894287,-2.5072855949401855,-5.979537010192871,-8.156011581420898,-1.5011074542999268,7.300356388092041,10.79318904876709,11.521781921386719,9.42562198638916,5.334285259246826,-0.9933468103408813,-8.892484664916992,-12.355746269226074,-14.524480819702148,-13.496207237243652,-11.344858169555664,-11.223395347595215,-10.596968650817871,-9.386155128479004,-9.649834632873535,-11.249385833740234,-11.851728439331055,-10.511860847473145,-9.100240707397461,-8.510041236877441,-8.455533981323242,-8.560765266418457,-9.86815071105957,-12.205050468444824,-14.302629470825195,-15.8897066116333,-17.00288963317871,-17.942596435546875,-20.651540756225586,-25.66091537475586,-25.373979568481445,-17.246232986450195,-8.837703704833984
-3.8679778575897217,0.7580124139785767,-1.572753667831421,-5.392843723297119,-7.984316349029541,-8.904410362243652,-9.58430004119873,-8.794251441955566,-1.3038883209228516,5.762448787689209,8.905771255493164,9.113592147827148,9.438535690307617,5.090285778045654,-4.486067295074463,-8.448121070861816,-10.844521522521973,-13.155364990234375,-14.286741256713867,-13.888152122497559,-12.915990829467773,-11.772411346435547,-10.862211227416992,-10.618351936340332,-10.805919647216797,-11.329030990600586,-11.032307624816895,-9.688060760498047,-8.668102264404297,-8.53105640411377,-8.690165519714355,-9.00157356262207,-9.990094184875488,-11.426436424255371,-12.4822416305542,-12.838452339172363,-13.748008728027344,-16.325864791870117,-19.495012283325195,-25.308683395385742,-25.111053466796875,-15.537922859191895,-6.551087856292725
-4.525619029998779,-3.2360053062438965,-8.51513957977295,-10.165763854980469,-9.937211036682129,-9.041668891906738,-5.475768089294434,-0.30371955037117004,4.78250789642334,8.40636157989502,9.198875427246094,7.571255683898926,4.281223297119141,-4.6738362312316895,-9.153606414794922,-9.844372749328613,-11.925862312316895,-13.671764373779297,-14.396130561828613,-14.13529109954834,-13.56908130645752,-12.589949607849121,-12.272760391235352,-11.995864868164062,-11.577601432800293,-11.130446434020996,-10.119734764099121,-9.147165298461914,-8.933732986450195,-9.265473365783691,-9.300698280334473,-9.504932403564453,-10.104818344116211,-10.344413757324219,-9.938237190246582,-9.118863105773926,-9.568333625793457,-12.585779190063477,-17.523412704467773,-22.63231658935547,-23.806835174560547,-16.58950424194336,-6.80472993850708
-4.591268539428711,-6.853366374969482,-9.006942749023438,-9.536556243896484,-8.434450149536133,-2.2080514430999756,3.2090601921081543,6.010972499847412,6.987778186798096,7.586658000946045,5.911526203155518,0.34297236800193787,-6.774435520172119,-9.568531036376953,-10.215838432312012,-11.21961498260498,-12.74685287475586,-13.489121437072754,-12.81174373626709,-12.497941017150879,-13.315089225769043,-13.18432903289795,-12.996642112731934,-12.69813060760498,-11.783469200134277,-10.789850234985352,-9.997777938842773,-9.45543384552002,-9.678691864013672,-10.216662406921387,-10.09758186340332,-9.82178783416748,-9.781332969665527,-9.481768608093262,-8.98766040802002,-8.787822723388672,-8.401863098144531,-10.16090202331543,-14.419034957885742,-16.328706741333008,-19.53506851196289,-17.209516525268555,-10.066709518432617
