data/wind_data/wind_59_9.json
{"header": {"parameterUnit": "KT", "parameterCategory": 2, "nx": 256, "ny": 198, "lo1": 44.73521041870117, "la1": -3.236724853515625, "lo2": 111.26478576660156, "la2": 43.468475341796875, "dx": 0.2609002888202667, "dy": -0.23708222806453705, "refTime": "2025-02-21 11:00:00", "forecastTime": 0, "parameterNumber": 2, "parameterNumberName": "eastward_wind"}, "data":
[rows 133 to 151 of 198, columns 129 to 171 of 256]
-10.954547882080078,-9.023054122924805,-6.617061138153076,-5.312205791473389,-6.23343563079834,-7.743879318237305,-7.890015125274658,-7.9285664558410645,-8.619786262512207,-10.092589378356934,-11.069477081298828,-10.311013221740723,-9.190753936767578,-9.81275749206543,-11.101277351379395,-11.540842056274414,-10.884016990661621,-9.207473754882812,-7.2096710205078125,-7.313957691192627,-8.787931442260742,-7.5211052894592285,-4.622086524963379,-2.8600616455078125,-1.727216124534607,-1.082947015762329,-1.039454460144043,-0.6416196823120117,1.0008625984191895,3.511425256729126,6.228813171386719,8.250540733337402,9.006476402282715,9.071080207824707,9.34619140625,10.047515869140625,10.085150718688965,9.177990913391113,7.806793212890625,6.805910587310791,6.853460788726807,8.03003978729248,9.380409240722656
-9.041104316711426,-7.412545680999756,-6.3630170822143555,-5.414673805236816,-5.2686686515808105,-6.119072437286377,-6.9886956214904785,-7.899329662322998,-8.86252498626709,-9.787559509277344,-9.9655179977417,-9.423821449279785,-9.158829689025879,-8.62403392791748,-9.070815086364746,-10.28436279296875,-9.634407043457031,-7.854057312011719,-6.271204471588135,-6.97946834564209,-8.867177963256836,-6.656866550445557,-4.5814595222473145,-4.782702445983887,-5.114827632904053,-4.313345909118652,-3.2760729789733887,-2.0864310264587402,0.14471587538719177,2.930479049682617,5.960275173187256,8.624712944030762,9.914361953735352,10.090895652770996,10.377922058105469,11.126904487609863,11.518960952758789,10.976985931396484,9.243368148803711,7.421685695648193,6.930905342102051,7.786207675933838,9.292542457580566
-8.050246238708496,-7.161712646484375,-7.149240970611572,-6.3457183837890625,-4.9809699058532715,-4.658535003662109,-5.553523540496826,-7.196637153625488,-8.58510971069336,-8.887511253356934,-8.827821731567383,-8.873126029968262,-8.796435356140137,-8.56213665008545,-8.568191528320312,-8.889874458312988,-7.216843605041504,-5.401104927062988,-4.815501689910889,-6.2733330726623535,-8.773350715637207,-5.41634464263916,-4.198440074920654,-5.169338226318359,-6.511149883270264,-6.451071739196777,-5.122395992279053,-3.0798840522766113,-0.3885243535041809,2.5305774211883545,5.951354026794434,9.393205642700195,10.905826568603516,10.500115394592285,9.92204761505127,10.214786529541016,10.936919212341309,10.88913345336914,9.544859886169434,7.96159553527832,7.421742916107178,8.028831481933594,9.206497192382812
-7.718057632446289,-7.334226608276367,-7.493963718414307,-6.899435043334961,-5.7513017654418945,-4.81792688369751,-4.887443542480469,-5.762909412384033,-6.633671760559082,-7.4828572273254395,-7.977453708648682,-7.679008483886719,-7.188394546508789,-7.489731788635254,-8.200697898864746,-7.805137634277344,-5.165315628051758,-3.1349985599517822,-2.59132719039917,-4.205438137054443,-5.997758865356445,-3.44207501411438,-3.5034291744232178,-4.3236799240112305,-6.008548259735107,-6.970193862915039,-5.972564697265625,-3.378483772277832,-0.34358108043670654,2.4064338207244873,5.659961223602295,9.105388641357422,10.515970230102539,9.879343032836914,8.752508163452148,8.377508163452148,8.992802619934082,9.602293014526367,9.568364143371582,8.915858268737793,8.711180686950684,9.353877067565918,9.861209869384766
-6.365546703338623,-6.395144462585449,-6.333552360534668,-6.360057830810547,-5.328686237335205,-5.038322448730469,-5.347370624542236,-5.380553722381592,-5.621527671813965,-6.267369270324707,-6.56143856048584,-6.619587421417236,-6.325240135192871,-6.176063060760498,-6.326656341552734,-5.6533331871032715,-4.021710395812988,-2.7958455085754395,-2.5987398624420166,-3.436415433883667,-3.2271764278411865,-2.1809372901916504,-2.2012295722961426,-2.2750244140625,-3.9610660076141357,-5.803001403808594,-5.711361885070801,-3.41420841217041,-0.44544947147369385,2.2202789783477783,5.495789051055908,8.725417137145996,9.754542350769043,8.966351509094238,7.7523627281188965,7.15723180770874,7.843387603759766,9.169507026672363,10.356703758239746,10.313886642456055,9.815114974975586,10.596823692321777,11.068066596984863
-3.333737373352051,-4.844325065612793,-5.510342121124268,-5.880268573760986,-4.390657424926758,-4.244163513183594,-4.690916538238525,-5.458871841430664,-6.38798189163208,-6.657544136047363,-6.297760009765625,-6.5293755531311035,-6.905558109283447,-6.141082286834717,-4.778802871704102,-3.622072219848633,-2.5264158248901367,-1.7413238286972046,-1.376360297203064,-1.8095113039016724,-1.746242642402649,-1.912710189819336,-1.551149606704712,-0.8858879208564758,-1.6726806163787842,-3.023090362548828,-3.607090473175049,-2.5962605476379395,-0.5336934924125671,1.9089282751083374,5.377471923828125,8.991737365722656,10.186285018920898,9.269647598266602,7.953029155731201,7.400101184844971,8.004843711853027,9.463655471801758,11.002669334411621,11.185301780700684,10.46110725402832,10.94487476348877,12.010858535766602
-0.6105249524116516,-2.107288122177124,-4.135396957397461,-3.9702069759368896,-3.975720167160034,-3.263965129852295,-3.4505603313446045,-4.668627738952637,-6.366143226623535,-7.254301071166992,-6.887022018432617,-6.943561553955078,-7.71617317199707,-7.152466297149658,-5.886417865753174,-4.906383514404297,-3.648207664489746,-1.4871857166290283,-0.07011588662862778,0.14307856559753418,-0.3395855128765106,-1.3556402921676636,-1.3076164722442627,-0.6579621434211731,-0.8882284760475159,-1.4435871839523315,-1.7726272344589233,-1.1167712211608887,0.580508828163147,2.6641111373901367,5.3652143478393555,8.598230361938477,10.515677452087402,10.029488563537598,8.47329330444336,7.647824287414551,8.176472663879395,9.399582862854004,10.908597946166992,10.980504989624023,10.503779411315918,10.843632698059082,11.990988731384277
-0.6436761617660522,0.5636280179023743,-1.2077629566192627,-0.8252782225608826,-1.9690437316894531,-3.158273696899414,-3.6135101318359375,-3.8961374759674072,-3.860783338546753,-4.509481430053711,-5.620293617248535,-6.285182476043701,-7.4222307205200195,-7.807427883148193,-7.236563205718994,-6.787707805633545,-5.498725891113281,-2.7718992233276367,-0.7753788828849792,0.10222402215003967,0.3792935013771057,-0.16347269713878632,-0.2170381098985672,0.2964661717414856,0.3045848608016968,-0.3158475160598755,-0.8551462888717651,-0.42218199372291565,1.3868428468704224,3.5494070053100586,5.206532955169678,7.0743489265441895,8.68298053741455,9.010098457336426,8.231051445007324,7.555813312530518,7.869062900543213,9.073053359985352,10.673803329467773,10.760998725891113,10.500404357910156,10.454520225524902,11.117420196533203
-0.8491746187210083,0.5343379974365234,1.9292958974838257,3.3844563961029053,1.2680801153182983,-1.8781601190567017,-3.2474896907806396,-2.6916873455047607,-1.8930468559265137,-2.460073709487915,-3.745229482650757,-4.371601581573486,-5.004446506500244,-5.364067554473877,-5.504119873046875,-6.089593410491943,-5.514004230499268,-2.9460535049438477,-0.7061070203781128,0.17093195021152496,0.24825823307037354,0.17683595418930054,0.6107683777809143,1.7545651197433472,2.571082830429077,1.9851478338241577,0.31838393211364746,-0.3463737368583679,0.9265321493148804,3.194136142730713,4.591256618499756,4.673572063446045,5.256291389465332,6.211313247680664,7.0536627769470215,6.662782192230225,6.599165439605713,8.128328323364258,9.97879409790039,10.192381858825684,10.023002624511719,9.8656005859375,10.081384658813477
-1.0056192874908447,0.5596244931221008,4.088534355163574,5.507400035858154,3.089629650115967,0.0858457162976265,-1.2785402536392212,-0.5209733247756958,0.43642109632492065,0.47629693150520325,-0.7258051633834839,-2.9510767459869385,-4.162683486938477,-3.687268018722534,-3.4573912620544434,-3.9269068241119385,-3.7191243171691895,-1.7269319295883179,1.0538105964660645,2.98561429977417,3.0546035766601562,1.9148601293563843,1.4649031162261963,2.3402063846588135,4.097909927368164,4.84114933013916,2.981729030609131,0.433434396982193,-0.059495724737644196,1.2020692825317383,2.879068374633789,2.0698482990264893,1.2839055061340332,2.5395965576171875,4.461816787719727,4.90610933303833,4.649101257324219,5.6406331062316895,7.882025241851807,9.231115341186523,9.706661224365234,9.826461791992188,9.913893699645996
-0.3058468699455261,0.6192268133163452,3.4419777393341064,4.247029781341553,2.479203701019287,0.6581204533576965,-0.257470041513443,0.3188744783401489,1.6667180061340332,3.2778725624084473,3.405155658721924,0.36010169982910156,-2.5048792362213135,-2.9590790271759033,-2.7352025508880615,-2.7783453464508057,-2.551069736480713,-1.4743114709854126,0.6381193995475769,3.6366233825683594,5.78160285949707,4.880186557769775,4.0597686767578125,3.8571112155914307,4.568295001983643,5.963082790374756,5.845639705657959,3.282499074935913,0.8672028183937073,0.4204549789428711,1.2662097215652466,0.8608871698379517,-0.9374958872795105,-0.6739454865455627,1.2494170665740967,2.8675177097320557,2.9905848503112793,2.8391342163085938,5.361606121063232,8.459855079650879,9.912886619567871,10.04655933380127,9.69322395324707
-0.08280618488788605,-0.633310079574585,-0.17541751265525818,0.7900413274765015,0.5875652432441711,0.34585490822792053,-0.2552257478237152,-0.4238937199115753,0.5624920725822449,2.351180076599121,3.697261095046997,3.5109572410583496,1.0450067520141602,-0.5631723403930664,-0.5639790296554565,-0.5242819786071777,-0.5396955609321594,-0.31406915187835693,0.47127765417099,2.566372871398926,5.745727062225342,6.777766227722168,6.520865440368652,6.448673248291016,6.1604413986206055,6.511688709259033,7.129697322845459,6.406516075134277,4.301835060119629,2.794867992401123,2.1436588764190674,1.6543006896972656,-0.0946182832121849,-1.3226391077041626,-0.3977711796760559,0.5691345930099487,1.5087472200393677,1.644398808479309,3.12581467628479,7.444009304046631,10.090810775756836,10.290985107421875,9.921704292297363
-0.9598506093025208,-2.351318120956421,-2.9137496948242188,-1.6335289478302002,-0.26262348890304565,0.7939941883087158,0.7958378791809082,-0.1593344360589981,-0.5051657557487488,0.1906100958585739,1.171250820159912,2.614994764328003,3.564831495285034,2.47688889503479,2.1486151218414307,2.3301467895507812,2.0788230895996094,1.747914433479309,1.8848720788955688,3.061931610107422,5.729426860809326,7.971402168273926,7.988677501678467,7.9020609855651855,7.7675395011901855,7.491053104400635,7.8176469802856445,8.321409225463867,7.559868335723877,6.239538192749023,5.289178371429443,4.783492088317871,3.080331802368164,0.4661477506160736,-0.10338431596755981,-0.493481308221817,-0.44775357842445374,0.29176801443099976,1.8803659677505493,5.212862014770508,9.0535249710083,10.683675765991211,10.844905853271484
-0.14271846413612366,-2.1968374252319336,-4.092698574066162,-3.5868685245513916,-0.6782859563827515,2.3210957050323486,3.367116689682007,2.6551947593688965,1.4872264862060547,0.3819149136543274,-0.015542401000857353,1.2825934886932373,4.468141555786133,4.799069404602051,3.9523816108703613,4.199270248413086,4.62494421005249,3.961616277694702,3.457056999206543,4.493271827697754,6.852353096008301,8.922184944152832,9.196419715881348,8.738828659057617,8.434876441955566,8.410977363586426,8.99797534942627,10.038909912109375,10.341179847717285,9.241704940795898,8.388585090637207,8.282699584960938,7.42043399810791,4.272825717926025,1.9982837438583374,0.876842200756073,0.41042640805244446,0.22647327184677124,1.0166425704956055,2.889019250869751,5.588850975036621,8.619930267333984,10.379590034484863
1.285069227218628,-0.023254364728927612,-2.3198423385620117,-3.0894863605499268,-0.4974164366722107,2.386179208755493,4.461544990539551,5.326516151428223,4.74222469329834,3.371307134628296,2.1761252880096436,2.4333949089050293,5.038205623626709,6.13224983215332,5.397329807281494,5.340236663818359,6.42933464050293,6.064886093139648,4.805247783660889,5.556220531463623,7.9897637367248535,9.89494800567627,10.071906089782715,9.32594108581543,8.700486183166504,8.835308074951172,9.970663070678711,11.675747871398926,12.714073181152344,12.092266082763672,10.818010330200195,10.59956169128418,10.402725219726562,8.184813499450684,5.136906147003174,3.397045135498047,2.8724231719970703,2.9103403091430664,2.6049256324768066,2.67389178276062,3.6893324851989746,5.79217529296875,8.361681938171387
3.4631502628326416,2.821476697921753,1.0297731161117554,-0.6528611183166504,0.12170293927192688,2.71073579788208,4.806731224060059,5.589535713195801,5.393136501312256,5.160977363586426,5.038839340209961,5.054244518280029,5.863804340362549,6.6632609367370605,6.835075378417969,7.21865177154541,8.508971214294434,8.076419830322266,6.193202018737793,6.208956718444824,8.393521308898926,10.461962699890137,10.92534065246582,10.125995635986328,9.196582794189453,9.080669403076172,10.152782440185547,12.16203784942627,14.000414848327637,14.335253715515137,13.142314910888672,11.955711364746094,11.261107444763184,10.015789031982422,7.962538242340088,6.29254674911499,6.045113563537598,6.439098358154297,5.239704132080078,3.481234312057495,2.9148573875427246,3.970993995666504,6.054686546325684
5.2965006828308105,4.614277362823486,3.6583123207092285,2.6173245906829834,1.9150651693344116,3.5052263736724854,5.497166633605957,6.503052711486816,5.904404640197754,5.3805251121521,5.703856945037842,6.446999549865723,6.960639476776123,7.364779472351074,8.058168411254883,9.246661186218262,10.596883773803711,10.001836776733398,7.840959072113037,6.939095973968506,8.350449562072754,10.61707592010498,11.844403266906738,11.491154670715332,10.323542594909668,9.504931449890137,9.795280456542969,11.482001304626465,13.780513763427734,15.23745059967041,14.887228965759277,13.080859184265137,11.374723434448242,10.09946346282959,8.868556022644043,8.020476341247559,8.32839584350586,9.401416778564453,8.59158706665039,5.922211647033691,3.985879898071289,3.691784381866455,4.543654918670654
5.831229209899902,6.809364318847656,6.5909857749938965,6.046201229095459,5.0290327072143555,4.801491737365723,6.387744426727295,8.427382469177246,8.076393127441406,6.58682918548584,6.388094902038574,7.533106327056885,8.490092277526855,8.398887634277344,8.685200691223145,10.062257766723633,11.672652244567871,11.405518531799316,9.566420555114746,8.129364967346191,8.46960735321045,10.522054672241211,12.502323150634766,13.030078887939453,12.065205574035645,10.434152603149414,9.825019836425781,10.968348503112793,13.13134479522705,15.031702995300293,15.4287748336792,14.04379653930664,12.077116966247559,10.272022247314453,8.782487869262695,8.24516773223877,9.02243709564209,10.50458812713623,10.609684944152832,8.838874816894531,6.589788913726807,4.998911380767822,4.298822402954102
6.238637447357178,7.171999931335449,8.779906272888184,8.728625297546387,7.602530002593994,6.50223445892334,7.510615825653076,9.840723037719727,10.15460205078125,8.796506881713867,8.389881134033203,9.348352432250977,9.956549644470215,9.394209861755371,9.361710548400879,10.667899131774902,12.316645622253418,12.088662147521973,10.64698314666748,9.349900245666504,8.981386184692383,10.270330429077148,12.431792259216309,14.086901664733887,13.892609596252441,12.08488941192627,11.072635650634766,11.688626289367676,13.30837631225586,14.820297241210938,15.20379638671875,14.472783088684082,13.214563369750977,11.271428108215332,8.975739479064941,8.152947425842285,9.195120811462402,10.670048713684082,11.051130294799805,10.212099075317383,8.52839183807373,6.633572578430176,5.049895763397217
