data/wind_data/wind_47_8.json
{"header": {"parameterUnit": "KT", "parameterCategory": 2, "nx": 256, "ny": 198, "lo1": 44.73521041870117, "la1": -3.236724853515625, "lo2": 111.26478576660156, "la2": 43.468475341796875, "dx": 0.2609002888202667, "dy": -0.23708222806453705, "refTime": "2025-02-20 23:00:00", "forecastTime": 0, "parameterNumber": 2, "parameterNumberName": "eastward_wind"}, "data":
[rows 57 to 75 of 198, columns 176 to 219 of 256]
12.124579429626465,12.18227481842041,11.763304710388184,10.703886985778809,10.55174732208252,10.025477409362793,9.261027336120605,9.506889343261719,9.633949279785156,10.067926406860352,10.658829689025879,11.024559020996094,11.165096282958984,11.24097728729248,10.768573760986328,9.833151817321777,8.405811309814453,7.419162273406982,7.120355606079102,7.189043998718262,6.805807590484619,6.595692157745361,7.120847702026367,8.496337890625,9.877617835998535,10.1305570602417,9.229410171508789,8.861194610595703,8.975332260131836,8.533120155334473,8.175275802612305,8.458709716796875,9.024759292602539,9.030284881591797,7.7293853759765625,5.230208873748779,2.4235622882843018,-0.2802356481552124,0.261127769947052,1.1665971279144287,1.2626347541809082,0.16943587362766266,-0.4858631491661072,-1.5589666366577148
13.368948936462402,13.54366683959961,13.262325286865234,12.557415008544922,12.306205749511719,11.592936515808105,10.931750297546387,10.862574577331543,10.748031616210938,11.106548309326172,11.602760314941406,11.841816902160645,11.518173217773438,10.899481773376465,9.929359436035156,9.090444564819336,8.279245376586914,7.459101676940918,6.7502875328063965,6.5578131675720215,6.486618518829346,6.702150821685791,7.400302410125732,8.587101936340332,9.6919527053833,9.968547821044922,9.4495210647583,9.112435340881348,9.242835998535156,8.921466827392578,7.996129035949707,7.800945281982422,8.52187728881836,9.01379680633545,8.237173080444336,6.3519110679626465,4.114549160003662,2.0039780139923096,0.7471662759780884,1.7173691987991333,2.2323520183563232,2.042168617248535,1.8497650623321533,0.1685400903224945
14.731940269470215,14.857128143310547,14.78499698638916,14.506486892700195,14.164180755615234,13.358837127685547,12.839167594909668,12.611847877502441,12.437117576599121,12.57132339477539,12.708983421325684,12.600337982177734,11.92645263671875,10.88690185546875,9.693142890930176,9.063955307006836,8.936467170715332,8.278253555297852,7.172966003417969,6.503108978271484,6.311951160430908,6.412973880767822,7.342046737670898,8.644879341125488,9.40253734588623,9.204416275024414,8.698295593261719,8.656055450439453,8.802289009094238,8.453713417053223,7.521224021911621,7.687201499938965,8.616990089416504,9.043008804321289,8.399320602416992,7.026121616363525,5.681336879730225,4.4248223304748535,2.8058817386627197,1.4953258037567139,1.3312124013900757,1.3942360877990723,1.9405996799468994,0.8700375556945801
15.815984725952148,15.888115882873535,15.975866317749023,16.215452194213867,16.069900512695312,15.226099967956543,14.660099029541016,14.38282299041748,14.272185325622559,14.215352058410645,13.878396987915039,13.341463088989258,12.431358337402344,11.327797889709473,10.184486389160156,9.732795715332031,10.09409236907959,9.669254302978516,8.277762413024902,7.162298679351807,6.757874488830566,6.765828609466553,7.729796886444092,8.943646430969238,8.992454528808594,7.9752960205078125,7.383299827575684,7.654439449310303,7.934906482696533,7.532322406768799,7.097690582275391,7.976277828216553,9.0247220993042,9.207710266113281,8.723742485046387,7.92153263092041,7.326519012451172,6.591803073883057,4.491386413574219,1.4536476135253906,-0.061972521245479584,-0.18485088646411896,1.2117406129837036,0.8695734143257141
16.584224700927734,16.780977249145508,16.794506072998047,17.151758193969727,17.49411964416504,17.087322235107422,16.443937301635742,16.173912048339844,16.116838455200195,15.691059112548828,14.824653625488281,13.794325828552246,12.820265769958496,12.017308235168457,11.267817497253418,11.194621086120605,11.685598373413086,11.282051086425781,9.617630004882812,8.0765380859375,7.642387390136719,8.047303199768066,9.036773681640625,9.827872276306152,9.143455505371094,7.3637261390686035,6.389532566070557,6.832386493682861,7.265172481536865,6.976295471191406,6.9469733238220215,7.897799968719482,8.721297264099121,8.704692840576172,8.356234550476074,8.569580078125,8.84520435333252,8.018574714660645,5.429551124572754,2.510579824447632,0.7728433012962341,0.11124735325574875,0.30584654211997986,0.5134744048118591
16.908735275268555,17.542959213256836,17.66577911376953,17.764875411987305,18.196060180664062,18.571348190307617,18.35373878479004,17.958263397216797,17.874568939208984,17.213396072387695,15.838601112365723,14.276684761047363,13.306017875671387,12.72358226776123,12.41921329498291,13.011252403259277,13.733415603637695,13.125934600830078,10.934056282043457,9.146614074707031,9.01257610321045,9.772216796875,10.46080207824707,10.531477928161621,9.436421394348145,7.7335991859436035,7.038641929626465,7.5056471824646,7.773780822753906,7.531188011169434,7.3640241622924805,7.550724983215332,7.973081588745117,7.916179656982422,7.804313659667969,8.876368522644043,9.539253234863281,8.111612319946289,5.860206604003906,4.424874305725098,2.9398019313812256,2.0005738735198975,0.9152881503105164,0.6198335886001587
16.681201934814453,17.697858810424805,18.266036987304688,18.461349487304688,18.82802963256836,19.483064651489258,19.892778396606445,19.67218017578125,19.44647979736328,18.78766632080078,17.370393753051758,15.53889274597168,14.348876953125,13.584105491638184,13.256805419921875,14.059385299682617,15.126344680786133,14.652273178100586,12.37390422821045,10.612540245056152,10.750274658203125,11.474385261535645,11.509125709533691,10.857420921325684,9.890274047851562,9.155374526977539,9.1537446975708,9.089990615844727,8.758915901184082,8.479537963867188,8.114612579345703,7.515772819519043,7.440864086151123,7.516395568847656,8.2979736328125,10.110024452209473,10.342062950134277,7.950774192810059,5.785068988800049,5.559841156005859,4.920317649841309,3.6007258892059326,3.1680641174316406,2.934399127960205
16.149681091308594,17.23649024963379,18.18412971496582,18.85692024230957,19.463932037353516,20.172760009765625,20.87595558166504,21.041357040405273,20.78099250793457,20.13971519470215,19.00151824951172,17.35102653503418,15.801265716552734,14.650959014892578,14.146541595458984,14.687922477722168,15.620518684387207,15.383752822875977,13.698431968688965,12.23193073272705,12.266593933105469,12.753500938415527,12.233136177062988,11.143975257873535,10.691516876220703,11.130494117736816,11.650551795959473,10.887072563171387,9.528360366821289,8.988768577575684,8.558801651000977,7.9534101486206055,7.767338752746582,8.120843887329102,9.864202499389648,11.771721839904785,11.410144805908203,8.659004211425781,6.455046653747559,5.806204795837402,5.667578220367432,4.6153340339660645,4.45556640625,5.395406246185303
15.909147262573242,16.71100616455078,17.678791046142578,18.743968963623047,19.699867248535156,20.569496154785156,21.425554275512695,21.97344398498535,21.83835792541504,21.204553604125977,20.210845947265625,18.84770393371582,17.075029373168945,15.639204978942871,15.147714614868164,15.50961971282959,16.150310516357422,16.006370544433594,14.838350296020508,13.615936279296875,13.316762924194336,13.570981979370117,12.91128921508789,11.677226066589355,11.484268188476562,12.444415092468262,13.36351203918457,12.3699951171875,10.330081939697266,9.239301681518555,8.83304214477539,8.580917358398438,8.470620155334473,9.225778579711914,11.560583114624023,13.228309631347656,12.146937370300293,9.598398208618164,7.910720348358154,6.790134429931641,6.060760021209717,5.17203950881958,4.825510501861572,6.415375709533691
16.357433319091797,16.79843521118164,17.466215133666992,18.53898811340332,19.65790557861328,20.61675262451172,21.452289581298828,22.19931411743164,22.411483764648438,22.011259078979492,21.08545684814453,19.760114669799805,18.038612365722656,16.534788131713867,15.945796012878418,16.216718673706055,16.622173309326172,16.433393478393555,15.586692810058594,14.622955322265625,14.180315971374512,14.177140235900879,13.651402473449707,12.478096961975098,12.218070030212402,13.299662590026855,14.438672065734863,13.996370315551758,11.745487213134766,10.052298545837402,9.238621711730957,8.745675086975098,8.967073440551758,10.641016960144043,13.15583610534668,14.37746810913086,12.715027809143066,10.174782752990723,8.89712905883789,8.098126411437988,7.084838390350342,5.870280742645264,5.216429710388184,6.750393867492676
17.046768188476562,17.37360191345215,17.88372802734375,18.817081451416016,19.906963348388672,20.82956314086914,21.45444107055664,21.987722396850586,22.337783813476562,22.289487838745117,21.659025192260742,20.485496520996094,19.016582489013672,17.672229766845703,16.872886657714844,16.777029037475586,16.793888092041016,16.306217193603516,15.590389251708984,15.040834426879883,14.78799057006836,14.766555786132812,14.580071449279785,13.80842113494873,13.413399696350098,14.15307331085205,15.174145698547363,14.923398971557617,13.275452613830566,11.194452285766602,9.690266609191895,8.84981918334961,9.625202178955078,12.030952453613281,14.43047046661377,15.074275016784668,13.119956970214844,10.578426361083984,9.379538536071777,9.13656997680664,8.665579795837402,7.464698791503906,6.409327030181885,7.282764911651611
17.76070213317871,17.97060775756836,18.50019073486328,19.42529296875,20.545942306518555,21.455013275146484,21.943452835083008,22.137983322143555,22.27750015258789,22.335596084594727,22.025951385498047,21.24043846130371,20.243595123291016,19.29256820678711,18.475433349609375,17.88128089904785,17.232158660888672,16.227489471435547,15.452950477600098,15.247779846191406,15.296817779541016,15.4622220993042,15.595869064331055,15.293594360351562,15.042379379272461,15.423507690429688,15.87930965423584,15.544825553894043,14.326157569885254,12.052130699157715,10.280741691589355,9.564326286315918,10.473858833312988,12.783103942871094,15.171619415283203,15.731685638427734,13.806321144104004,11.39794635772705,10.20188045501709,10.145326614379883,10.185523986816406,9.491525650024414,8.406539916992188,8.475289344787598
18.548612594604492,18.55607795715332,19.003149032592773,19.95671272277832,21.1860294342041,22.1942081451416,22.68100357055664,22.746057510375977,22.737686157226562,22.743486404418945,22.475830078125,21.861433029174805,21.240966796875,20.79452896118164,20.33918571472168,19.641653060913086,18.436485290527344,16.790386199951172,15.691248893737793,15.616460800170898,15.964136123657227,16.239971160888672,16.383769989013672,16.40628433227539,16.63825225830078,17.041044235229492,17.235258102416992,16.57789421081543,14.76479434967041,12.81855297088623,11.699737548828125,11.305734634399414,11.831865310668945,13.467644691467285,15.489988327026367,16.069154739379883,14.63275146484375,12.814180374145508,11.755794525146484,11.337190628051758,11.230907440185547,11.132562637329102,10.741497993469238,10.484424591064453
19.124351501464844,19.17549705505371,19.4510555267334,20.272859573364258,21.53066635131836,22.69570541381836,23.314250946044922,23.42440414428711,23.41935920715332,23.442203521728516,23.148990631103516,22.396080017089844,21.706510543823242,21.489248275756836,21.49873161315918,21.265186309814453,20.17795753479004,18.148164749145508,16.46103286743164,16.115478515625,16.585119247436523,16.993064880371094,17.088109970092773,17.296791076660156,18.03203582763672,18.755006790161133,18.857946395874023,17.798887252807617,15.7880277633667,14.239566802978516,13.487919807434082,13.118577003479004,13.278162002563477,14.290631294250488,15.888605117797852,16.548133850097656,15.698092460632324,14.301094055175781,13.16922378540039,12.377564430236816,12.048846244812012,12.249267578125,12.603184700012207,12.663064002990723
19.358898162841797,19.675769805908203,19.92524528503418,20.52800941467285,21.62055015563965,22.85858154296875,23.720775604248047,24.035686492919922,24.0865535736084,24.06488037109375,23.676801681518555,22.66523551940918,21.65464973449707,21.423381805419922,21.849822998046875,22.253477096557617,21.778230667114258,19.937795639038086,17.835451126098633,16.86965560913086,17.075218200683594,17.59268569946289,17.892366409301758,18.25832748413086,19.18538475036621,20.15641975402832,20.320568084716797,19.336904525756836,17.53110122680664,16.507068634033203,15.606563568115234,14.409809112548828,13.940238952636719,15.078742980957031,16.92670249938965,17.767831802368164,16.89095115661621,15.121739387512207,13.816548347473145,13.28683853149414,13.269084930419922,13.487773895263672,13.8612642288208,14.230890274047852
19.629600524902344,20.05069351196289,20.327743530273438,20.748258590698242,21.591951370239258,22.745534896850586,23.801748275756836,24.448942184448242,24.704059600830078,24.61467170715332,23.978511810302734,22.620075225830078,21.1781005859375,20.784605026245117,21.582738876342773,22.680761337280273,22.905973434448242,21.560415267944336,19.495420455932617,18.183345794677734,17.91284942626953,18.191781997680664,18.678377151489258,19.24976348876953,20.09195327758789,21.2469482421875,21.727787017822266,20.904678344726562,19.87070083618164,19.6401424407959,18.107084274291992,15.371623992919922,14.429685592651367,15.839885711669922,17.88157844543457,18.89476203918457,17.852306365966797,15.938762664794922,14.686097145080566,14.471738815307617,14.755902290344238,14.937966346740723,15.029234886169434,15.340989112854004
20.019689559936523,20.317157745361328,20.60253143310547,20.91693687438965,21.518096923828125,22.492900848388672,23.578094482421875,24.454954147338867,24.958145141601562,24.93838882446289,24.17775535583496,22.58296775817871,20.78459358215332,19.983230590820312,20.842500686645508,22.535837173461914,23.475845336914062,22.696321487426758,20.925249099731445,19.73426055908203,19.374738693237305,19.223424911499023,19.44957733154297,20.181177139282227,21.050472259521484,22.146865844726562,22.91822624206543,22.704439163208008,22.47256088256836,22.6879940032959,20.03770637512207,16.24980354309082,15.629122734069824,17.15641975402832,18.679569244384766,19.50205421447754,18.810131072998047,17.29247283935547,16.27538299560547,16.03783416748047,16.13524627685547,16.21401596069336,16.226560592651367,16.414804458618164
20.346529006958008,20.536544799804688,20.809377670288086,21.14655303955078,21.61159324645996,22.30426025390625,23.139047622680664,23.90458106994629,24.429887771606445,24.614849090576172,24.26514434814453,22.984821319580078,20.907176971435547,19.437641143798828,19.87349510192871,21.80837059020996,23.43561363220215,23.33007049560547,21.918527603149414,20.99005889892578,20.88402557373047,20.63482093811035,20.44646453857422,21.193584442138672,22.385581970214844,23.322206497192383,23.971220016479492,24.119491577148438,24.81500816345215,24.9344482421875,21.506824493408203,17.905385971069336,17.44245147705078,18.232751846313477,18.86768341064453,19.63995933532715,20.0643310546875,19.473556518554688,18.43832778930664,17.699254989624023,17.514657974243164,17.594398498535156,17.507036209106445,17.3745059967041
19.990114212036133,20.466276168823242,20.974225997924805,21.446962356567383,21.883060455322266,22.296661376953125,22.681509017944336,23.004350662231445,23.355131149291992,23.85731315612793,24.249897003173828,23.687047958374023,21.633703231811523,19.340599060058594,18.858701705932617,20.509885787963867,22.609790802001953,23.389158248901367,22.650894165039062,21.903188705444336,21.946990966796875,21.935413360595703,21.63723373413086,22.177541732788086,23.678014755249023,24.84442901611328,25.277484893798828,25.41425323486328,26.408203125,26.70302391052246,23.397214889526367,19.89820671081543,18.9946231842041,19.003999710083008,19.093284606933594,19.918020248413086,21.351337432861328,21.94959259033203,20.893701553344727,19.351016998291016,18.824325561523438,18.986936569213867,18.751449584960938,18.15209197998047
