data/wind_data/wind_27_1.json
{"header": {"parameterUnit": "KT", "parameterCategory": 2, "nx": 256, "ny": 198, "lo1": 44.73521041870117, "la1": -3.236724853515625, "lo2": 111.26478576660156, "la2": 43.468475341796875, "dx": 0.2609002888202667, "dy": -0.23708222806453705, "refTime": "2025-02-20 03:00:00", "forecastTime": 0, "parameterNumber": 2, "parameterNumberName": "eastward_wind"}, "data":
[rows 19 to 37 of 198, columns 129 to 171 of 256]
-3.7900948524475098,-1.728346347808838,-1.5547423362731934,-3.3144614696502686,-2.1899240016937256,-1.813924789428711,-2.25742769241333,-2.666675567626953,-1.3889034986495972,-4.94479513168335,-6.307079792022705,2.2617790699005127,-2.9261326789855957,-2.7581069469451904,-1.3408942222595215,-3.1754562854766846,-4.158214569091797,-4.923334121704102,-4.614029884338379,-3.191946029663086,-9.728391647338867,-10.570576667785645,-6.778205394744873,-2.08689284324646,-3.388711929321289,-1.2242828607559204,-4.526869297027588,-9.022774696350098,-4.450434684753418,-4.404202938079834,-5.237782001495361,-4.459036350250244,-4.933047294616699,-5.566469192504883,-3.2835144996643066,-2.063774585723877,-1.0502876043319702,-0.7428776621818542,0.09673022478818893,-4.929993629455566,-7.855271339416504,-12.769667625427246,-0.17931078374385834
-4.986470699310303,-2.4539475440979004,1.1662582159042358,-3.259223699569702,-0.9993162751197815,0.04742949455976486,-1.8954839706420898,-3.4739670753479004,0.10118649154901505,-7.13088846206665,-4.7269463539123535,-4.2064361572265625,-3.4775314331054688,-1.7068732976913452,-1.1202558279037476,-1.7695122957229614,-7.348325252532959,-10.108308792114258,-4.744030952453613,-5.467191696166992,-9.75965404510498,-10.310728073120117,-8.236742973327637,-2.9658925533294678,-7.7169342041015625,-5.790501594543457,-6.358140468597412,-6.863813877105713,-3.8975839614868164,-3.910525321960449,-4.901666164398193,-5.948382377624512,-5.522422790527344,-3.9406182765960693,-2.4759521484375,-2.1335909366607666,-1.0019758939743042,-0.2586365342140198,-1.8497368097305298,-5.9164958000183105,-4.05819845199585,-7.618099212646484,-7.914304256439209
-4.3742194175720215,-4.065876007080078,-3.463223934173584,-1.9872835874557495,-3.3727526664733887,-6.252065181732178,-3.049769163131714,-6.936498641967773,-5.856521129608154,-4.228757381439209,-3.0041885375976562,-3.5355281829833984,-2.255296468734741,-2.95424222946167,0.0631011575460434,-2.77323842048645,-9.389659881591797,-11.870312690734863,-6.4996490478515625,-8.810906410217285,-8.877398490905762,-10.990872383117676,-11.280223846435547,-6.8407182693481445,-7.256066799163818,-5.904083728790283,-6.394233703613281,-5.756429195404053,-5.255542278289795,-4.521511077880859,-4.32168436050415,-7.247392177581787,-5.01552677154541,-2.4052574634552,-1.3242727518081665,-2.0201711654663086,0.3615299165248871,-0.8125283122062683,-3.061490535736084,-4.32956600189209,-4.308114528656006,-6.833734035491943,-8.729814529418945
-6.279620170593262,-3.9615678787231445,-2.5953829288482666,-6.037945747375488,-5.919652462005615,-6.100974082946777,-5.370296478271484,-5.380952835083008,-4.618678092956543,-4.426690101623535,-2.998997688293457,-1.1474653482437134,-3.563936233520508,-6.641873836517334,0.3087890148162842,-7.355673313140869,-11.104154586791992,-15.06965160369873,-11.78674602508545,-5.0898590087890625,-6.163818359375,-13.732011795043945,-12.913944244384766,-10.426412582397461,-6.882194995880127,-5.234114170074463,-5.5695719718933105,-8.441757202148438,-7.138474464416504,-4.776480197906494,-5.296481609344482,-6.444640159606934,-3.4318535327911377,-1.3217837810516357,-0.3989422023296356,-0.5085729360580444,1.9840545654296875,1.2373452186584473,-4.729134559631348,-3.6512060165405273,-4.253036022186279,-6.688020706176758,-9.57766342163086
-8.588940620422363,-5.8703532218933105,-6.208283424377441,-4.455086708068848,-5.343988418579102,-6.182008743286133,-4.795017242431641,-3.6720638275146484,-1.8020018339157104,-6.51006555557251,-3.0493321418762207,-4.868983268737793,-8.592370986938477,-7.919894695281982,-6.554649829864502,-6.326892852783203,-14.463109016418457,-15.493505477905273,-10.251580238342285,-1.7011868953704834,-4.9740376472473145,-12.826685905456543,-13.285325050354004,-9.989269256591797,-4.45497465133667,-1.1946579217910767,-9.400797843933105,-12.170204162597656,-7.389573097229004,-4.57537317276001,-6.948183059692383,-4.898108005523682,-3.137591600418091,-1.968554973602295,-0.37399980425834656,1.6463981866836548,2.141488790512085,0.1902642846107483,-4.548572063446045,-3.4803543090820312,-4.734185695648193,-5.8777079582214355,-11.268573760986328
-10.378108978271484,-6.838347911834717,-6.790916919708252,-3.963654041290283,-6.47796106338501,-8.015213012695312,-6.941695690155029,-4.191730976104736,-6.328576564788818,-6.039741516113281,-2.1930129528045654,-6.2965240478515625,-8.891423225402832,-6.905671119689941,-8.205814361572266,-8.46109676361084,-11.734695434570312,-15.08209228515625,-12.480878829956055,-8.128554344177246,-7.537634372711182,-6.7267584800720215,-6.551303386688232,-8.471967697143555,-7.100193500518799,-5.6588263511657715,-11.63033390045166,-9.650978088378906,-6.529850959777832,-5.932462692260742,-5.715269565582275,-6.314300537109375,-5.16043758392334,-2.2281134128570557,0.24348539113998413,2.3991074562072754,1.1218329668045044,-6.064890384674072,-3.103816032409668,-4.913254261016846,-8.251469612121582,-10.164384841918945,-10.579863548278809
-6.4017157554626465,-8.14427375793457,-4.908901691436768,-7.6029767990112305,-10.904720306396484,-6.861040115356445,-7.219270706176758,-5.758759021759033,-7.169119358062744,-5.232644557952881,-5.024606704711914,-5.275115489959717,-7.569609642028809,-7.532336235046387,-8.12784194946289,-10.287036895751953,-10.217184066772461,-14.676555633544922,-14.382783889770508,-10.577574729919434,-7.860326766967773,-7.7205810546875,-3.7780113220214844,-5.972936153411865,-11.524271965026855,-9.318093299865723,-7.164987564086914,-8.390615463256836,-7.758869647979736,-6.346683025360107,-4.873725414276123,-7.366927623748779,-5.752529144287109,-2.568291425704956,-0.5588669776916504,0.666510283946991,-1.5727715492248535,-5.949065208435059,-6.336356163024902,-7.910580158233643,-10.459342956542969,-13.082986831665039,-11.361044883728027
-0.27228230237960815,-3.0431175231933594,-6.098580837249756,-7.701818943023682,-11.240817070007324,-8.87696361541748,-7.065733432769775,-6.48058557510376,-4.960644721984863,-6.633884906768799,-4.984647274017334,-7.158773899078369,-7.17896842956543,-7.7213215827941895,-8.453664779663086,-10.23326301574707,-8.417379379272461,-11.282767295837402,-12.671969413757324,-9.983582496643066,-9.081908226013184,-10.002796173095703,-7.068096160888672,-8.005996704101562,-7.972711086273193,-10.095067977905273,-7.32260274887085,-7.500258922576904,-8.214982986450195,-5.347215175628662,-5.035534858703613,-5.9964752197265625,-5.045244216918945,-3.70998477935791,-3.5499014854431152,-1.9649850130081177,-0.9399599432945251,-1.0915184020996094,-10.530720710754395,-9.954154968261719,-11.74264907836914,-11.64741039276123,-10.777244567871094
-1.2268612384796143,-0.3190215229988098,-3.448542594909668,-10.465447425842285,-10.439342498779297,-9.314764976501465,-8.024532318115234,-6.437522888183594,-4.297149181365967,-5.473092079162598,-6.1712775230407715,-7.277716636657715,-7.814539909362793,-8.374119758605957,-9.028769493103027,-8.17837142944336,-9.727588653564453,-8.60295295715332,-9.238076210021973,-10.601954460144043,-9.784071922302246,-9.506468772888184,-8.181745529174805,-8.365789413452148,-8.373682022094727,-9.57742977142334,-9.121291160583496,-7.6422505378723145,-6.60136079788208,-5.646585941314697,-6.026003837585449,-3.290212869644165,-1.161888599395752,-5.607476711273193,-5.277008533477783,0.4729272425174713,-0.05121883749961853,-3.511990547180176,-12.342384338378906,-11.174785614013672,-13.095160484313965,-10.72060775756836,-10.258458137512207
-0.8269754648208618,-1.8768064975738525,-4.710269927978516,-9.587063789367676,-10.994901657104492,-9.737144470214844,-9.115474700927734,-6.785426616668701,-5.213572978973389,-5.46167516708374,-6.018750190734863,-7.750247955322266,-9.2361421585083,-9.318880081176758,-10.090372085571289,-9.487607955932617,-8.306403160095215,-8.119648933410645,-9.289604187011719,-9.708556175231934,-9.059561729431152,-9.640320777893066,-9.363368034362793,-8.648391723632812,-9.436248779296875,-9.892559051513672,-9.290083885192871,-7.95003604888916,-7.135214805603027,-7.030314922332764,-5.667962074279785,-1.8447914123535156,0.9770134091377258,-7.0496697425842285,-4.796308517456055,1.0699257850646973,-5.75384521484375,-10.432635307312012,-9.858657836914062,-12.114456176757812,-11.75207233428955,-11.239724159240723,-11.021997451782227
1.4125057458877563,1.0129098892211914,5.101914882659912,-8.006074905395508,-13.173470497131348,-11.7599515914917,-9.278827667236328,-6.4860992431640625,-6.667947769165039,-6.5981340408325195,-6.641892433166504,-9.64233684539795,-11.480423927307129,-11.414312362670898,-10.009987831115723,-9.66684627532959,-8.041693687438965,-7.49901819229126,-9.209799766540527,-10.034709930419922,-9.824383735656738,-9.315597534179688,-9.533095359802246,-10.107806205749512,-10.0694580078125,-9.204839706420898,-9.368921279907227,-9.240925788879395,-7.8137030601501465,-7.068732261657715,-5.280951976776123,-3.8291382789611816,-5.177346229553223,-5.489465713500977,-3.483445882797241,-5.072422504425049,-11.061777114868164,-9.649004936218262,-8.999981880187988,-10.394121170043945,-10.640058517456055,-11.30752944946289,-11.528157234191895
2.28974986076355,1.1181397438049316,2.9908528327941895,-2.4638876914978027,-11.735479354858398,-11.335867881774902,-8.357585906982422,-6.70285701751709,-7.5916571617126465,-7.450389862060547,-7.0703840255737305,-8.539013862609863,-13.489401817321777,-13.000519752502441,-9.308484077453613,-8.362314224243164,-8.14667797088623,-7.7218241691589355,-9.494983673095703,-11.237627029418945,-10.835369110107422,-10.05221939086914,-9.450252532958984,-10.105095863342285,-9.857954025268555,-8.067127227783203,-8.389857292175293,-11.138448715209961,-8.631047248840332,-7.082428455352783,-7.2125935554504395,-6.841760635375977,-6.045022487640381,-5.352958679199219,-5.730723857879639,-9.189664840698242,-8.924863815307617,-8.934840202331543,-7.4910993576049805,-6.017840385437012,-7.247103214263916,-12.373088836669922,-11.736838340759277
1.6863892078399658,0.0847802683711052,1.3923527002334595,-2.8883249759674072,-11.173479080200195,-9.417136192321777,-7.897240161895752,-9.041418075561523,-8.955414772033691,-8.853662490844727,-7.557802200317383,-6.937977313995361,-9.509563446044922,-12.078460693359375,-9.798860549926758,-7.766015529632568,-7.579530239105225,-8.888091087341309,-11.15949821472168,-12.324195861816406,-11.500530242919922,-11.080458641052246,-10.274402618408203,-10.023420333862305,-9.434343338012695,-8.231292724609375,-9.049479484558105,-11.42663288116455,-9.108168601989746,-7.07418155670166,-9.871931076049805,-8.003453254699707,-5.822174072265625,-5.4483866691589355,-6.523066520690918,-5.822874069213867,-7.532760143280029,-11.636631965637207,-8.11046314239502,-5.244549751281738,-5.190577983856201,-12.748636245727539,-10.842013359069824
-0.9604206681251526,-0.5135680437088013,0.8442756533622742,-4.334493637084961,-9.161463737487793,-11.232711791992188,-10.32804012298584,-11.172077178955078,-10.749897003173828,-9.650352478027344,-7.710100173950195,-5.631793022155762,-5.579833984375,-8.95637321472168,-9.229549407958984,-7.824366092681885,-6.861451148986816,-9.663345336914062,-13.64201831817627,-13.084075927734375,-12.066768646240234,-11.413646697998047,-10.332076072692871,-10.068994522094727,-10.108379364013672,-10.093974113464355,-9.642112731933594,-9.898359298706055,-9.219080924987793,-8.126432418823242,-8.634136199951172,-7.063022613525391,-5.980447769165039,-7.1919684410095215,-7.00984525680542,-5.033033847808838,-8.16811466217041,-12.373114585876465,-8.698197364807129,-8.293931007385254,-10.017545700073242,-10.435717582702637,-7.652804851531982
-0.7138187289237976,0.03352740406990051,2.056966781616211,-2.7275869846343994,-7.5731000900268555,-11.747762680053711,-12.696784973144531,-12.855060577392578,-12.08984661102295,-10.543538093566895,-8.95339298248291,-6.6783905029296875,-4.686485767364502,-4.5502705574035645,-7.009178161621094,-8.963516235351562,-6.760156154632568,-7.8436455726623535,-16.5408935546875,-12.970104217529297,-12.346280097961426,-10.802176475524902,-9.68765640258789,-9.610807418823242,-10.991865158081055,-10.69330883026123,-10.139161109924316,-10.021323204040527,-9.039621353149414,-8.311351776123047,-6.624060153961182,-5.838804721832275,-8.143811225891113,-9.25495433807373,-7.466502666473389,-6.720759868621826,-10.483540534973145,-9.50590991973877,-7.517629623413086,-8.099742889404297,-10.512920379638672,-8.638360977172852,-5.496196269989014
0.07012122124433517,0.4737119972705841,3.4154751300811768,-0.46711501479148865,-2.716221809387207,-10.388069152832031,-12.873964309692383,-13.229791641235352,-13.690143585205078,-11.599839210510254,-9.091124534606934,-6.634478569030762,-4.730728626251221,-4.476548671722412,-3.8600552082061768,-9.326613426208496,-7.8854827880859375,-8.645830154418945,-12.216115951538086,-12.50081729888916,-12.134765625,-10.119921684265137,-9.69406795501709,-9.841113090515137,-10.732342720031738,-10.618058204650879,-10.014184951782227,-11.227680206298828,-9.492470741271973,-8.037604331970215,-7.7989373207092285,-8.11895751953125,-9.787521362304688,-10.60141658782959,-7.660869121551514,-6.050330638885498,-9.968375205993652,-9.975713729858398,-8.287449836730957,-7.535451889038086,-9.931371688842773,-9.947076797485352,-8.823850631713867
0.04124036803841591,-0.01946253702044487,0.9972856640815735,1.9754295349121094,2.5791618824005127,-6.206680774688721,-7.724987506866455,-9.82852554321289,-12.272361755371094,-12.00106430053711,-8.287763595581055,-5.401760578155518,-4.698068618774414,-5.875677108764648,-3.741696357727051,-8.796247482299805,-7.556027412414551,-8.919384956359863,-10.808409690856934,-11.740138053894043,-11.022151947021484,-10.058873176574707,-10.373629570007324,-11.205374717712402,-9.225688934326172,-9.243938446044922,-10.06159782409668,-12.461694717407227,-10.586875915527344,-9.139691352844238,-8.972782135009766,-9.847283363342285,-11.168481826782227,-10.657295227050781,-7.144740581512451,-4.137187480926514,-10.547530174255371,-12.471570014953613,-9.167677879333496,-8.434693336486816,-10.514532089233398,-11.144610404968262,-10.2362642288208
-2.3571202754974365,-0.041296180337667465,1.968125820159912,2.705343008041382,4.00945520401001,-2.85836124420166,-1.1614456176757812,-1.6095092296600342,-3.5182037353515625,-7.093636989593506,-6.439019203186035,-5.432727336883545,-2.617492198944092,-6.481608867645264,-3.9736523628234863,-6.724525451660156,-7.2783918380737305,-8.578622817993164,-10.497254371643066,-9.994815826416016,-9.877646446228027,-10.102392196655273,-10.080754280090332,-10.602052688598633,-10.382843017578125,-9.612480163574219,-9.24129581451416,-12.165984153747559,-12.348306655883789,-9.494763374328613,-9.188240051269531,-11.173599243164062,-11.640145301818848,-9.553666114807129,-7.980105876922607,-6.854377746582031,-10.037961959838867,-13.124171257019043,-10.540826797485352,-8.708972930908203,-9.190296173095703,-9.734675407409668,-9.377464294433594
-5.189402103424072,-0.4277447462081909,0.6405575275421143,3.484811305999756,2.7691569328308105,1.6040127277374268,-1.0077571868896484,1.3916370868682861,2.7042863368988037,0.2044137418270111,-5.399148941040039,-6.211735248565674,0.8572509288787842,-3.6908276081085205,-7.6984171867370605,-4.158786773681641,-6.722055912017822,-7.4976701736450195,-9.73502254486084,-9.79852294921875,-9.156279563903809,-9.977815628051758,-10.16111946105957,-10.664535522460938,-11.025010108947754,-10.319700241088867,-8.348442077636719,-10.522126197814941,-12.677482604980469,-10.23917293548584,-10.071915626525879,-12.295014381408691,-10.34815788269043,-9.809786796569824,-11.247406005859375,-9.868268013000488,-10.089653015136719,-12.188928604125977,-12.314554214477539,-8.9633207321167,-6.08004903793335,-8.299757957458496,-10.417781829833984
