data/wind_data/wind_40_1.json
{"header": {"parameterUnit": "KT", "parameterCategory": 2, "nx": 256, "ny": 198, "lo1": 44.73521041870117, "la1": -3.236724853515625, "lo2": 111.26478576660156, "la2": 43.468475341796875, "dx": 0.2609002888202667, "dy": -0.23708222806453705, "refTime": "2025-02-20 16:00:00", "forecastTime": 0, "parameterNumber": 2, "parameterNumberName": "eastward_wind"}, "data":
[rows 133 to 151 of 198, columns 0 to 42 of 256]
9.570881843566895,7.281637191772461,3.656595468521118,0.29524755477905273,1.1470363140106201,-1.6899185180664062,-8.359641075134277,-10.150975227355957,-11.551135063171387,-11.213159561157227,-9.764101028442383,-8.975350379943848,-9.960538864135742,-9.980110168457031,-9.417576789855957,-8.954482078552246,-7.780982494354248,-6.082851886749268,-7.515617370605469,-6.5642828941345215,-9.150108337402344,-9.660003662109375,-10.822381973266602,-12.570669174194336,-13.54964828491211,-13.142878532409668,-13.615401268005371,-9.76643180847168,5.039202690124512,2.9856297969818115,-3.2833566665649414,-2.61077880859375,-0.42920613288879395,-0.811181366443634,0.3409353792667389,8.219701766967773,15.422152519226074,1.7480323314666748,-1.6177719831466675,-1.965132713317871,-3.064714193344116,4.6330132484436035,8.424478530883789
7.867672443389893,4.979907989501953,1.811638355255127,0.28926369547843933,-0.11562669277191162,-4.484888553619385,-9.342638969421387,-9.022517204284668,-8.926907539367676,-9.537909507751465,-8.896109580993652,-9.105850219726562,-9.244050025939941,-8.59402084350586,-8.50885009765625,-7.45390510559082,-5.8164567947387695,-4.064901351928711,-6.237005233764648,-6.720108509063721,-9.966753005981445,-10.788049697875977,-11.223575592041016,-11.574435234069824,-9.719210624694824,-10.595575332641602,-13.877460479736328,-4.592960834503174,10.1528959274292,3.6175928115844727,-1.5954140424728394,2.971144914627075,3.293327808380127,1.63577401638031,5.068005084991455,16.36684799194336,7.058135509490967,-7.379347801208496,-0.7407746315002441,2.1270127296447754,1.8444563150405884,11.138276100158691,16.332368850708008
6.141170501708984,3.244239330291748,1.0858824253082275,0.6840538382530212,-0.4632686972618103,-5.044193267822266,-9.094449043273926,-7.149515628814697,-6.101664066314697,-8.37385082244873,-7.822573184967041,-7.432867050170898,-7.529406547546387,-6.448751926422119,-6.7058634757995605,-6.292863845825195,-4.4781575202941895,-1.997009515762329,-5.0744194984436035,-7.8306660652160645,-11.620311737060547,-11.025968551635742,-10.992030143737793,-11.7311429977417,-7.962352752685547,-6.528940200805664,-6.296392917633057,1.7436074018478394,9.867185592651367,4.861657619476318,3.4682488441467285,8.24144458770752,7.002929210662842,6.834486484527588,12.299507141113281,13.141836166381836,-1.221803903579712,-3.9264771938323975,2.3502109050750732,7.526612281799316,12.434836387634277,16.21856117248535,12.251415252685547
4.562204837799072,2.908400774002075,1.6285066604614258,1.0511888265609741,-2.0481698513031006,-5.4347429275512695,-8.94997501373291,-6.417805194854736,-4.82627534866333,-6.422407150268555,-5.397867202758789,-5.84677267074585,-5.636549949645996,-4.560041427612305,-5.091546058654785,-4.213040828704834,-3.7820780277252197,0.043328963220119476,-5.359170436859131,-9.953619003295898,-12.144647598266602,-11.778223037719727,-10.312104225158691,-8.430363655090332,-3.9704136848449707,1.192887306213379,1.6893984079360962,3.810631513595581,9.150236129760742,7.044513702392578,7.902502536773682,10.473098754882812,11.88276481628418,13.247681617736816,14.005975723266602,5.883833408355713,-3.556913137435913,-0.2076929658651352,6.851613998413086,14.984082221984863,17.314760208129883,12.348226547241211,3.5332236289978027
2.6687119007110596,1.8227455615997314,1.2380151748657227,0.7230591177940369,-4.647066116333008,-5.867203235626221,-5.215970516204834,-3.865647315979004,-4.995834827423096,-2.4274113178253174,-1.6715041399002075,-5.8900251388549805,-4.637635231018066,-3.9455137252807617,-2.8114776611328125,-1.463353157043457,-3.1978020668029785,1.6815249919891357,-4.54123067855835,-9.985350608825684,-12.58137035369873,-10.972719192504883,-7.517542839050293,-3.148982524871826,4.831758975982666,5.61607027053833,4.452733516693115,5.127070903778076,7.941521644592285,8.934106826782227,8.810641288757324,10.681412696838379,15.37771224975586,16.32896614074707,10.466988563537598,0.09794741868972778,-1.2155659198760986,3.448442220687866,10.39635944366455,16.96915626525879,17.629013061523438,10.146944046020508,1.650964617729187
0.02486531250178814,-1.2314653396606445,-1.317848801612854,-0.9657780528068542,-4.285142421722412,-6.272307872772217,-7.731465816497803,-5.701144218444824,-1.375292420387268,-0.30233076214790344,-2.008068799972534,-3.963189125061035,-4.281965732574463,-1.4935085773468018,-2.0069262981414795,-0.7905169129371643,-1.1409111022949219,0.11201411485671997,-5.654407501220703,-9.181282043457031,-9.208922386169434,-5.630227565765381,-0.0950763002038002,1.28174889087677,5.136104106903076,6.822303771972656,4.528076648712158,6.102283954620361,11.33206558227539,12.889047622680664,13.798123359680176,16.47732162475586,14.638400077819824,7.968502998352051,0.8469968438148499,-1.6311049461364746,2.0372750759124756,6.816932678222656,12.592367172241211,15.436028480529785,17.713563919067383,11.100301742553711,1.3808931112289429
-2.7645344734191895,-4.573518753051758,-4.44045877456665,-3.0947844982147217,-4.616365909576416,-8.681774139404297,-6.635204315185547,-10.735045433044434,-3.8058512210845947,-1.8456977605819702,2.6493539810180664,2.2353529930114746,-3.3319265842437744,-1.123875379562378,-1.2259747982025146,0.14941337704658508,-1.9509127140045166,-1.4083583354949951,-4.269476413726807,-7.210656642913818,-4.017712116241455,0.186122328042984,3.3033931255340576,2.6863889694213867,2.361130714416504,5.428500175476074,5.171240329742432,6.870995998382568,10.989044189453125,13.45734691619873,14.157078742980957,12.624822616577148,8.3154878616333,-0.09437451511621475,-1.9096248149871826,2.81372332572937,3.5651869773864746,8.3724946975708,13.443266868591309,16.795597076416016,17.72846794128418,7.233572959899902,-0.4547201097011566
-4.787411212921143,-6.157907485961914,-6.167671203613281,-4.4807281494140625,-2.8622915744781494,-10.59542179107666,-11.909428596496582,-7.361354351043701,-6.25895357131958,3.407953977584839,-1.9910993576049805,2.110405683517456,-5.0340681076049805,-5.424397945404053,-6.246865749359131,0.636012077331543,1.0472211837768555,-4.928469657897949,-1.9961602687835693,-3.972806215286255,0.9389111399650574,7.840158462524414,6.0189208984375,2.6843082904815674,4.366552352905273,6.950137615203857,6.781553268432617,8.895163536071777,7.39201021194458,5.865447044372559,5.55649471282959,5.081941604614258,2.1451289653778076,-2.5232412815093994,-0.04008879140019417,2.338045835494995,6.909547328948975,12.819723129272461,13.594887733459473,13.983314514160156,12.209556579589844,1.7420799732208252,2.0688703060150146
-6.713980674743652,-7.529558181762695,-7.419968128204346,-5.38287878036499,-0.5746678113937378,-10.528970718383789,-14.282344818115234,-4.59466552734375,-5.3366217613220215,-6.028423309326172,-4.738474369049072,-7.112384796142578,-11.281732559204102,-10.099344253540039,-7.602778434753418,-0.26878392696380615,-4.3257012367248535,-12.94727897644043,-2.207462787628174,-2.7402210235595703,1.4829446077346802,3.8100976943969727,4.59033727645874,2.9916329383850098,4.405197620391846,8.576681137084961,7.190557956695557,7.608813285827637,-1.7978754043579102,0.8753731846809387,0.38916778564453125,0.6144371032714844,-0.3254718780517578,-3.6620242595672607,-2.0338332653045654,6.227734565734863,12.564019203186035,14.219904899597168,11.057889938354492,10.694845199584961,3.3981709480285645,-1.6131796836853027,4.639120101928711
-8.351144790649414,-8.887802124023438,-8.428315162658691,-6.181161880493164,-1.1514531373977661,-9.78293514251709,-10.224174499511719,-6.56774377822876,-8.112860679626465,-10.733527183532715,-6.60751485824585,-12.221506118774414,-11.195210456848145,-9.605215072631836,-6.173108100891113,-2.9672353267669678,-7.105503082275391,-11.285058975219727,-6.350271701812744,-3.112351417541504,-1.28955078125,3.9201250076293945,11.141682624816895,5.407249927520752,4.500509738922119,4.444299697875977,7.681900978088379,3.212451457977295,-2.790236234664917,0.7774786353111267,0.8322086930274963,-0.15502393245697021,-3.13989520072937,-3.2786388397216797,-4.751764297485352,5.376319885253906,10.007335662841797,8.730123519897461,10.723848342895508,5.661205768585205,-2.8030636310577393,-1.4501327276229858,8.294930458068848
-9.337109565734863,-9.695612907409668,-8.972847938537598,-6.436607360839844,-1.2361398935317993,-10.032003402709961,-11.112566947937012,-7.2506890296936035,-11.1246976852417,-8.86239242553711,-9.732918739318848,-11.286526679992676,-9.101503372192383,-7.553516387939453,-7.388857841491699,-7.078639507293701,-7.528478622436523,-9.116494178771973,-8.701252937316895,-4.552272319793701,0.40227630734443665,7.2228922843933105,16.415098190307617,3.1121156215667725,5.230749607086182,3.7345292568206787,8.228158950805664,5.756621360778809,-1.2051472663879395,1.8823473453521729,0.8928512334823608,-2.8884992599487305,-10.020120620727539,-11.942693710327148,-1.9771537780761719,11.23238754272461,9.02115535736084,-1.1056493520736694,0.7340419292449951,-2.873940944671631,-3.1974551677703857,1.5308704376220703,0.7975102663040161
-9.911231994628906,-10.578046798706055,-9.690486907958984,-6.652186870574951,-0.6898679733276367,-9.139241218566895,-10.872845649719238,-7.6960225105285645,-8.597335815429688,-8.64896297454834,-12.21688175201416,-12.327432632446289,-10.188664436340332,-6.864709854125977,-7.69970703125,-8.330988883972168,-6.27468729019165,-5.16709566116333,-7.019959926605225,-3.119574785232544,3.2808282375335693,14.69201946258545,9.09670352935791,-0.9372527003288269,3.257246255874634,4.835345268249512,4.9599480628967285,0.28300976753234863,-1.7533224821090698,0.3232628107070923,-2.4126393795013428,-5.599754810333252,-6.68380069732666,-9.654480934143066,5.355291366577148,10.499096870422363,-1.900134563446045,-8.491345405578613,-4.317923069000244,-5.0345072746276855,-3.1309356689453125,-3.013779401779175,-8.732097625732422
-10.035152435302734,-10.898103713989258,-9.911731719970703,-6.362903118133545,-0.5459336638450623,-8.35110855102539,-5.669641971588135,-6.461879253387451,-5.373090744018555,-10.602758407592773,-12.39443588256836,-13.281991958618164,-11.314305305480957,-7.0467529296875,-7.499744415283203,-7.173282146453857,-7.711562633514404,-4.997029781341553,-2.5080618858337402,-0.2205260992050171,4.703977108001709,13.100791931152344,1.3638651371002197,-2.4176251888275146,1.7564713954925537,-1.2559716701507568,5.169366359710693,-0.5455603003501892,-2.9706509113311768,-0.9151092767715454,-0.8146345615386963,-4.146380424499512,-6.151477336883545,-2.438234806060791,5.107440948486328,-1.4139057397842407,-5.789738655090332,-6.295498847961426,-5.058523654937744,-5.216477394104004,-5.989137649536133,-9.518112182617188,-10.691450119018555
-10.08420181274414,-10.899548530578613,-10.066717147827148,-6.482952117919922,-0.38443347811698914,-4.976633071899414,-3.018876552581787,-6.201245307922363,-6.8407487869262695,-10.621946334838867,-10.540287017822266,-10.833136558532715,-10.867558479309082,-6.265221118927002,-6.988029956817627,-7.421851634979248,-7.051032066345215,-5.780500411987305,-0.987820565700531,4.370516777038574,3.208108901977539,3.3713037967681885,-0.5360783338546753,-2.5374562740325928,-0.02008424699306488,-1.0465210676193237,7.124045372009277,7.630325794219971,0.2507573366165161,-0.183967724442482,-0.7063306570053101,-4.198631763458252,-0.9989665746688843,4.617412090301514,0.012377478182315826,-6.97276496887207,-3.368041753768921,-1.256284475326538,-4.566230297088623,-5.546518802642822,-5.693147659301758,-10.397897720336914,-10.493824005126953
-10.259730339050293,-10.662199974060059,-10.286005973815918,-7.849403381347656,-2.631209373474121,-5.89039945602417,-6.059418201446533,-7.125494003295898,-8.952154159545898,-10.290230751037598,-9.857854843139648,-9.571577072143555,-9.064117431640625,-4.370718002319336,-4.2747483253479,-6.2078046798706055,-5.518542289733887,-4.989575386047363,-1.248326301574707,1.660977840423584,-0.8557558655738831,-1.2468712329864502,-3.7895760536193848,-3.210278034210205,-2.1505637168884277,-0.46544185280799866,6.126049518585205,10.010897636413574,-5.050151348114014,-0.6723229289054871,-1.6068024635314941,-0.9129580855369568,4.012298107147217,3.981539249420166,-4.043215751647949,-3.3847060203552246,0.7531628012657166,1.0768046379089355,-2.440678119659424,-1.1282991170883179,-2.616419792175293,-8.870261192321777,-13.129952430725098
-10.15141487121582,-9.932429313659668,-10.157309532165527,-9.092247009277344,-5.819453239440918,-10.256966590881348,-11.349953651428223,-11.864497184753418,-9.45902156829834,-5.821338176727295,-9.437986373901367,-11.643579483032227,-10.16035270690918,-5.862488269805908,-5.10160493850708,-5.785776138305664,-3.720097064971924,-2.2959203720092773,-3.278780698776245,-3.1566009521484375,0.06878223270177841,3.847142457962036,4.080725193023682,-3.794304132461548,-2.60740065574646,0.16133736073970795,8.348541259765625,1.1407244205474854,1.1509393453598022,4.602786540985107,1.864133358001709,2.0655088424682617,3.5244078636169434,-0.4316747784614563,-3.176220178604126,2.3753557205200195,3.6543478965759277,-0.14514899253845215,0.6448965668678284,0.8655939698219299,-4.8950934410095215,-10.356057167053223,-15.22455883026123
-9.798253059387207,-9.472044944763184,-8.84000301361084,-8.418750762939453,-7.772336483001709,-12.92628002166748,-14.259490966796875,-11.081365585327148,-6.513000965118408,-6.3111772537231445,-8.199568748474121,-9.925359725952148,-9.558453559875488,-8.297903060913086,-5.777359485626221,-4.452314376831055,-2.992495059967041,-4.04395866394043,-3.7228963375091553,-1.89279043674469,1.5537482500076294,4.39130163192749,8.455909729003906,5.081779956817627,2.440289258956909,6.801375865936279,5.024411201477051,3.0793352127075195,6.720062732696533,4.6894659996032715,1.730470061302185,0.5332959890365601,-0.27189749479293823,2.438500165939331,3.835843324661255,7.2397379875183105,4.782896041870117,-1.3984968662261963,-5.546648025512695,-4.866523742675781,-9.887584686279297,-12.541561126708984,-12.716577529907227
-9.57577896118164,-8.808330535888672,-8.123595237731934,-7.531070232391357,-9.16574764251709,-13.513121604919434,-11.370144844055176,-7.896856784820557,-4.692221641540527,-4.954778671264648,-4.40992546081543,-6.120012283325195,-5.297531604766846,-5.334489345550537,-5.905064105987549,-4.728479385375977,-3.5072546005249023,-3.2553551197052,-1.6849355697631836,-0.7825994491577148,-0.39423543214797974,2.9924726486206055,7.382481098175049,11.000862121582031,12.368571281433105,3.32615327835083,1.9648020267486572,6.90212869644165,7.157658576965332,-0.2017723023891449,-0.7583868503570557,0.6076355576515198,2.6786551475524902,5.979253768920898,6.997572898864746,8.088335037231445,-1.4086145162582397,-9.97607421875,-10.34070110321045,-10.477571487426758,-12.092146873474121,-11.796539306640625,-9.93213176727295
-8.64234733581543,-9.083529472351074,-7.798316478729248,-6.64774751663208,-8.025479316711426,-12.710749626159668,-8.476350784301758,-5.3898396492004395,-3.9958250522613525,-3.9811081886291504,-3.349034070968628,-5.096004486083984,-3.2500438690185547,-0.755969762802124,-3.3524773120880127,-5.362023830413818,-2.462672710418701,-2.2239456176757812,-0.863062858581543,0.6341175436973572,0.4650414288043976,4.049148082733154,9.153685569763184,13.096442222595215,2.8484082221984863,-1.5709648132324219,4.055262088775635,6.420633792877197,0.0005116673419252038,-1.9333524703979492,1.5702781677246094,2.8915770053863525,3.35121488571167,3.7786402702331543,2.6402034759521484,-4.522261619567871,-12.162043571472168,-13.635748863220215,-13.590357780456543,-14.021897315979004,-13.567974090576172,-11.173541069030762,-9.866619110107422
