data/wind_data/wind_22_3.json
{"header": {"parameterUnit": "KT", "parameterCategory": 2, "nx": 256, "ny": 198, "lo1": 44.73521041870117, "la1": -3.236724853515625, "lo2": 111.26478576660156, "la2": 43.468475341796875, "dx": 0.2609002888202667, "dy": -0.23708222806453705, "refTime": "2025-02-19 22:00:00", "forecastTime": 0, "parameterNumber": 2, "parameterNumberName": "eastward_wind"}, "data":
[rows 95 to 113 of 198, columns 0 to 43 of 256]
24.30694580078125,23.707944869995117,24.03107452392578,26.077362060546875,27.655309677124023,27.990089416503906,27.428680419921875,26.09978675842285,24.572790145874023,23.130565643310547,21.916521072387695,21.21800994873047,21.45890235900879,22.577627182006836,23.661792755126953,23.836164474487305,22.923791885375977,21.18643569946289,19.406557083129883,18.20199966430664,17.146038055419922,15.879134178161621,14.477417945861816,13.45895767211914,13.200713157653809,13.644638061523438,14.256287574768066,14.373558044433594,13.620019912719727,13.579851150512695,14.041519165039062,13.611860275268555,13.98119831085205,14.307831764221191,14.106861114501953,13.705231666564941,12.881125450134277,11.613388061523438,10.414473533630371,10.12063980102539,10.664597511291504,11.486590385437012,11.950960159301758,11.547767639160156
25.825345993041992,25.3535099029541,25.459842681884766,27.176889419555664,29.034303665161133,29.750024795532227,29.597843170166016,28.543447494506836,26.86952018737793,24.989408493041992,23.20461082458496,21.873149871826172,21.374473571777344,21.80076026916504,22.63248634338379,23.02493667602539,22.53691864013672,21.32936668395996,19.916128158569336,18.67706871032715,17.275728225708008,15.53620433807373,13.963261604309082,12.985588073730469,12.474316596984863,12.420344352722168,12.6956205368042,12.80793571472168,12.494832992553711,13.102174758911133,13.76013469696045,13.203200340270996,13.403969764709473,14.025476455688477,14.328886985778809,14.230557441711426,13.746492385864258,13.000450134277344,11.935256004333496,11.278542518615723,11.352325439453125,11.913839340209961,12.100404739379883,11.6897554397583
26.594562530517578,26.029619216918945,26.059377670288086,27.577199935913086,29.768024444580078,30.72367286682129,30.898378372192383,30.34505844116211,28.929401397705078,26.759904861450195,24.549503326416016,22.796192169189453,21.5589542388916,21.065988540649414,21.414804458618164,21.80503273010254,21.475122451782227,20.486146926879883,19.272932052612305,17.983774185180664,16.42755126953125,14.568147659301758,12.920098304748535,11.960685729980469,11.681940078735352,11.805828094482422,12.106537818908691,12.319817543029785,12.483922958374023,13.406089782714844,14.32558536529541,13.99072265625,13.860008239746094,14.321776390075684,14.68497085571289,14.637701988220215,14.262495040893555,13.615036964416504,12.76198959350586,12.346413612365723,12.372607231140137,12.651728630065918,12.750750541687012,12.337444305419922
26.04921531677246,25.440996170043945,25.55380630493164,27.140615463256836,29.475427627563477,30.60966682434082,31.410497665405273,31.249223709106445,30.288890838623047,28.395641326904297,26.146207809448242,24.256437301635742,22.59326934814453,21.153947830200195,20.582651138305664,20.591777801513672,20.171646118164062,19.12090492248535,17.953311920166016,16.81865882873535,15.530695915222168,13.997356414794922,12.464615821838379,11.45450496673584,11.325278282165527,11.854761123657227,12.524397850036621,13.078619003295898,13.636220932006836,14.45466423034668,15.250102043151855,15.089041709899902,14.4574613571167,14.227691650390625,14.248513221740723,14.215614318847656,14.059381484985352,13.531001091003418,12.7686767578125,12.486692428588867,12.72907543182373,13.10975170135498,13.499895095825195,13.785168647766113
25.937419891357422,25.444631576538086,25.68882179260254,27.32767105102539,29.190277099609375,30.236495971679688,31.344684600830078,31.588531494140625,30.751920700073242,29.354736328125,27.626569747924805,25.782207489013672,23.88707733154297,22.013565063476562,20.64314079284668,19.931184768676758,19.116540908813477,17.88532066345215,16.761089324951172,16.053268432617188,15.463089942932129,14.606557846069336,13.45067024230957,12.45236873626709,12.187200546264648,12.701436042785645,13.524514198303223,14.222021102905273,14.679021835327148,14.971312522888184,15.187744140625,14.856742858886719,13.99065113067627,13.29953384399414,13.157793998718262,13.25002670288086,13.245269775390625,12.761123657226562,11.980419158935547,11.592643737792969,11.687320709228516,11.959695816040039,12.432537078857422,12.925271987915039
26.51304054260254,26.1455078125,26.694881439208984,28.586843490600586,30.023513793945312,30.849483489990234,31.722333908081055,32.003753662109375,31.024791717529297,29.60639762878418,28.0557861328125,26.197418212890625,24.283281326293945,22.547956466674805,21.14698028564453,20.010398864746094,18.761404037475586,17.34269142150879,16.219192504882812,15.780436515808105,15.70297908782959,15.440736770629883,14.7715482711792,13.955411911010742,13.43640422821045,13.445624351501465,13.785348892211914,13.969959259033203,13.867881774902344,13.669522285461426,13.586983680725098,13.280601501464844,12.691213607788086,12.152054786682129,12.086235046386719,12.341261863708496,12.479904174804688,12.204690933227539,11.577013969421387,11.012722969055176,10.699431419372559,10.67979907989502,11.074817657470703,11.5735445022583
26.806758880615234,26.922208786010742,27.849836349487305,29.862377166748047,31.257888793945312,31.73758316040039,32.72333908081055,33.07489776611328,31.423213958740234,29.40241241455078,27.555334091186523,25.513328552246094,23.819969177246094,22.492835998535156,21.521291732788086,20.728450775146484,19.503084182739258,17.870119094848633,16.431337356567383,15.71516227722168,15.586346626281738,15.551482200622559,15.259078979492188,14.693814277648926,13.959095001220703,13.386466026306152,13.121620178222656,12.777668952941895,12.255471229553223,11.822593688964844,11.698349952697754,11.646170616149902,11.465397834777832,11.250181198120117,11.264429092407227,11.549534797668457,11.906826972961426,12.033676147460938,11.783337593078613,11.432541847229004,11.232148170471191,11.316998481750488,11.58106517791748,11.869016647338867
26.2517032623291,27.717227935791016,29.135597229003906,30.915386199951172,32.01057815551758,32.18708419799805,33.04958724975586,34.149879455566406,32.32931900024414,29.12339973449707,26.71425437927246,24.52922821044922,22.981151580810547,22.194623947143555,21.85087776184082,21.844562530517578,21.186065673828125,19.428417205810547,17.447946548461914,16.12590789794922,15.500178337097168,15.213255882263184,14.944425582885742,14.444592475891113,13.574216842651367,12.739293098449707,12.32109546661377,11.991751670837402,11.593221664428711,11.183549880981445,10.891948699951172,10.787028312683105,10.816882133483887,10.874641418457031,10.982476234436035,11.23971176147461,11.68123722076416,12.129611015319824,12.288521766662598,12.264866828918457,12.41303539276123,12.748268127441406,12.908634185791016,12.880675315856934
26.4722957611084,28.39529800415039,30.10340690612793,31.848730087280273,32.56399154663086,32.472877502441406,33.00975799560547,34.45858383178711,33.96916961669922,30.77122688293457,27.819494247436523,25.262781143188477,23.20779037475586,22.377695083618164,22.352081298828125,22.718486785888672,22.52095603942871,20.935365676879883,18.88082504272461,17.262849807739258,16.0567684173584,15.096680641174316,14.391730308532715,13.740232467651367,12.910599708557129,12.126829147338867,11.728370666503906,11.629256248474121,11.716588020324707,11.752706527709961,11.53014087677002,11.317630767822266,11.36855411529541,11.489402770996094,11.597665786743164,11.798263549804688,12.169875144958496,12.518050193786621,12.714749336242676,12.820274353027344,13.091889381408691,13.629899024963379,13.998656272888184,13.936403274536133
28.313701629638672,29.078245162963867,30.306121826171875,32.024898529052734,32.831478118896484,32.5734748840332,32.99980163574219,34.47136688232422,35.27341079711914,33.34355163574219,30.822532653808594,28.4278507232666,25.787904739379883,23.944128036499023,23.318527221679688,23.430686950683594,23.192588806152344,21.697711944580078,19.879756927490234,18.368938446044922,17.032155990600586,15.769050598144531,14.689600944519043,13.7793550491333,12.950279235839844,12.280865669250488,11.911617279052734,11.914289474487305,12.252074241638184,12.635761260986328,12.72413444519043,12.668109893798828,12.708160400390625,12.737680435180664,12.756616592407227,12.783015251159668,12.858377456665039,12.851933479309082,12.7806978225708,12.88341999053955,13.298519134521484,14.032965660095215,14.768123626708984,14.821185111999512
30.202730178833008,29.877365112304688,30.367733001708984,31.857078552246094,33.066349029541016,32.89085006713867,33.09498977661133,33.95276641845703,34.867271423339844,33.612003326416016,31.555892944335938,29.78272247314453,27.624849319458008,25.492877960205078,24.241228103637695,23.825939178466797,23.26089096069336,21.837305068969727,20.24184226989746,18.89281463623047,17.746898651123047,16.638202667236328,15.630759239196777,14.756330490112305,13.938618659973145,13.197575569152832,12.662077903747559,12.576664924621582,12.910784721374512,13.29178237915039,13.355254173278809,13.187411308288574,13.078935623168945,13.005110740661621,12.882923126220703,12.725139617919922,12.627126693725586,12.609538078308105,12.721930503845215,13.081789016723633,13.75295639038086,14.761666297912598,15.525691986083984,15.608146667480469
31.417034149169922,31.34899139404297,31.38062858581543,32.30614471435547,33.71477508544922,33.80400466918945,33.7855110168457,33.61737060546875,33.73667526245117,32.36253356933594,30.233572006225586,28.57052993774414,26.82590103149414,25.08671760559082,23.996204376220703,23.53436279296875,22.72855567932129,21.380414962768555,20.006349563598633,18.740894317626953,17.74195098876953,17.005083084106445,16.367868423461914,15.614447593688965,14.604742050170898,13.506717681884766,12.64432144165039,12.266067504882812,12.315868377685547,12.502396583557129,12.470788955688477,12.23824405670166,12.076675415039062,12.033857345581055,12.037331581115723,12.091605186462402,12.298320770263672,12.660205841064453,13.120514869689941,13.675178527832031,14.364249229431152,15.362919807434082,16.159015655517578,16.2110538482666
32.196468353271484,32.67219924926758,32.89577865600586,33.488746643066406,34.768497467041016,35.18190002441406,35.046348571777344,34.20932388305664,33.41669464111328,31.691560745239258,29.226747512817383,27.226604461669922,25.4893741607666,24.037334442138672,23.36546516418457,23.232168197631836,22.49149513244629,20.945987701416016,19.355758666992188,18.11320686340332,17.248550415039062,16.729000091552734,16.215530395507812,15.336878776550293,13.863404273986816,12.183873176574707,10.941241264343262,10.328028678894043,10.126705169677734,10.254146575927734,10.376726150512695,10.3640775680542,10.433561325073242,10.687888145446777,11.127853393554688,11.695582389831543,12.367868423461914,13.041348457336426,13.620991706848145,14.133672714233398,14.753552436828613,15.672684669494629,16.422155380249023,16.94040870666504
32.953983306884766,34.13740921020508,34.815242767333984,35.39484405517578,36.50817108154297,36.68586349487305,36.20281219482422,35.10811233520508,33.37885665893555,31.173538208007812,28.774707794189453,26.76081657409668,25.24367904663086,24.103166580200195,23.502105712890625,23.368465423583984,22.720195770263672,20.937767028808594,18.924467086791992,17.496915817260742,16.620906829833984,16.009838104248047,15.39487361907959,14.177327156066895,11.945284843444824,9.543785095214844,8.132562637329102,7.658217906951904,7.61819314956665,7.933596134185791,8.291248321533203,8.605951309204102,9.016610145568848,9.621466636657715,10.458653450012207,11.394451141357422,12.284625053405762,13.024999618530273,13.656251907348633,14.428186416625977,15.402475357055664,16.501218795776367,17.3593807220459,18.210308074951172
32.68687438964844,34.64598846435547,35.89693832397461,36.87403106689453,38.0001220703125,37.890743255615234,37.378944396972656,36.30841064453125,34.10346603393555,31.5385684967041,29.352218627929688,27.63543701171875,26.330291748046875,25.199190139770508,24.393020629882812,23.96880340576172,23.218650817871094,21.302228927612305,18.88003158569336,17.026351928710938,15.955910682678223,15.197431564331055,14.225269317626953,12.191378593444824,9.300472259521484,7.034120559692383,6.034343242645264,5.873992919921875,6.195563316345215,6.763481616973877,7.404116630554199,8.12784481048584,8.952384948730469,9.90184497833252,11.001873016357422,12.112712860107422,13.057868957519531,13.744672775268555,14.335471153259277,15.312551498413086,16.567852020263672,17.807668685913086,18.88788414001465,19.94268226623535
30.287179946899414,32.794944763183594,34.85012435913086,36.90304946899414,38.58020782470703,38.84938049316406,38.519256591796875,37.11607360839844,34.62605285644531,32.29787826538086,30.35715675354004,28.446428298950195,26.848560333251953,25.563861846923828,24.681318283081055,24.28793716430664,23.638286590576172,21.592300415039062,18.70602035522461,16.22509002685547,14.801246643066406,13.91275405883789,12.438872337341309,9.760383605957031,7.131971836090088,5.921409606933594,5.562793254852295,5.577552318572998,6.265195369720459,7.169827938079834,8.074076652526855,9.083502769470215,10.104883193969727,11.105146408081055,12.142437934875488,13.20450210571289,14.167080879211426,14.896390914916992,15.350920677185059,16.02417755126953,17.054319381713867,18.164461135864258,19.313730239868164,20.379352569580078
28.104196548461914,30.336034774780273,32.889366149902344,35.884986877441406,38.52378845214844,39.54568862915039,38.8121223449707,36.73691177368164,34.2982177734375,32.36038589477539,30.65111541748047,28.50853729248047,26.612506866455078,25.476396560668945,24.689180374145508,24.23500633239746,23.453109741210938,21.327880859375,18.185489654541016,15.06886100769043,13.002690315246582,11.590176582336426,9.67240047454834,7.277024745941162,5.90431022644043,5.880960464477539,6.090461254119873,6.337976932525635,7.194444179534912,8.239154815673828,9.23958969116211,10.181294441223145,10.949416160583496,11.56114387512207,12.186284065246582,12.924154281616211,13.752808570861816,14.575338363647461,15.20947551727295,15.784883499145508,16.58009910583496,17.369903564453125,18.223588943481445,18.90414810180664
28.212207794189453,29.583715438842773,31.73943328857422,34.73849105834961,37.76346206665039,38.57958221435547,37.08009719848633,34.99610137939453,33.05887222290039,31.344921112060547,29.763715744018555,28.03096580505371,26.40406608581543,25.34634017944336,24.457387924194336,23.592805862426758,22.324012756347656,19.99435806274414,16.74199867248535,13.214959144592285,10.432774543762207,8.545317649841309,6.897826671600342,5.645649433135986,5.504035472869873,5.946483135223389,6.491352081298828,7.057851791381836,7.908817291259766,8.897265434265137,9.867151260375977,10.661543846130371,11.20771598815918,11.656538009643555,12.241369247436523,13.026531219482422,14.013261795043945,15.110061645507812,16.01296043395996,16.600318908691406,17.146608352661133,17.392148971557617,17.359493255615234,17.625438690185547
28.845134735107422,29.73512840270996,31.495994567871094,34.31208038330078,37.021175384521484,36.90879821777344,34.938419342041016,32.84191131591797,30.870176315307617,29.082265853881836,27.794475555419922,26.771921157836914,25.777050018310547,24.862926483154297,23.763145446777344,22.27056312561035,20.330177307128906,18.060590744018555,15.243025779724121,11.360353469848633,7.916796684265137,6.365935802459717,5.68195915222168,5.4064741134643555,5.680111408233643,6.2173919677734375,6.7012457847595215,7.117492198944092,7.812933444976807,8.829889297485352,9.941011428833008,10.961393356323242,11.899833679199219,12.893547058105469,14.026209831237793,15.20428466796875,16.36426544189453,17.360803604125977,17.914201736450195,18.054758071899414,18.328229904174805,19.069562911987305,18.67462921142578,18.263717651367188
