data/wind_data/wind_12_6.json
{"header": {"parameterUnit": "KT", "parameterCategory": 2, "nx": 256, "ny": 198, "lo1": 44.73521041870117, "la1": -3.236724853515625, "lo2": 111.26478576660156, "la2": 43.468475341796875, "dx": 0.2609002888202667, "dy": -0.23708222806453705, "refTime": "2025-02-19 12:00:00", "forecastTime": 0, "parameterNumber": 2, "parameterNumberName": "eastward_wind"}, "data":
[rows 0 to 19 of 198, columns 44 to 87 of 256]
-27.169414520263672,-27.82582664489746,-27.43812370300293,-26.219085693359375,-25.30797576904297,-24.579418182373047,-23.878137588500977,-23.447961807250977,-24.112306594848633,-25.102331161499023,-25.408432006835938,-25.317800521850586,-24.511550903320312,-24.186992645263672,-25.539310455322266,-26.585880279541016,-26.367937088012695,-26.47210693359375,-27.381874084472656,-27.63460350036621,-26.97745132446289,-27.18860626220703,-28.27350616455078,-28.008033752441406,-26.675392150878906,-26.044151306152344,-25.678434371948242,-24.164505004882812,-22.46822166442871,-22.978519439697266,-23.966819763183594,-23.009815216064453,-21.891313552856445,-22.274707794189453,-22.290285110473633,-20.452774047851562,-19.292707443237305,-19.942758560180664,-20.93064308166504,-22.004423141479492,-23.06342887878418,-24.095788955688477,-24.59202003479004,-24.564420700073242
-28.579355239868164,-27.720630645751953,-26.857078552246094,-26.001659393310547,-25.201175689697266,-24.662031173706055,-24.666507720947266,-24.90798568725586,-25.27605628967285,-26.156333923339844,-27.369430541992188,-27.872188568115234,-27.272294998168945,-27.224994659423828,-28.104358673095703,-28.152101516723633,-27.51995277404785,-27.6664981842041,-28.26416015625,-28.22437858581543,-27.641075134277344,-28.32577133178711,-29.835731506347656,-29.039613723754883,-26.922319412231445,-25.68407440185547,-24.417781829833984,-22.38546371459961,-20.745737075805664,-21.07124137878418,-22.10472297668457,-22.402334213256836,-22.544145584106445,-23.229312896728516,-23.477794647216797,-22.49966049194336,-22.001558303833008,-22.51388931274414,-23.105703353881836,-23.695178985595703,-24.076696395874023,-24.346445083618164,-24.790437698364258,-25.150436401367188
-28.746347427368164,-28.04474449157715,-27.084552764892578,-26.04189682006836,-24.906246185302734,-24.059282302856445,-23.986961364746094,-24.367185592651367,-25.18897247314453,-26.423093795776367,-27.67474365234375,-28.380735397338867,-28.365032196044922,-28.569499969482422,-29.24674415588379,-29.002012252807617,-28.032983779907227,-28.117733001708984,-28.87117576599121,-28.97747039794922,-28.470251083374023,-28.522539138793945,-28.988218307495117,-28.201644897460938,-26.599323272705078,-25.348596572875977,-23.975690841674805,-22.360631942749023,-21.40361976623535,-21.795007705688477,-22.670061111450195,-23.340103149414062,-23.53159523010254,-23.448467254638672,-23.640005111694336,-23.9493350982666,-24.53843879699707,-25.251184463500977,-25.443662643432617,-25.354042053222656,-25.12723731994629,-24.768325805664062,-24.250627517700195,-23.539939880371094
-28.251365661621094,-28.006378173828125,-27.315784454345703,-26.482521057128906,-25.695362091064453,-25.12667465209961,-24.971446990966797,-25.235471725463867,-26.140544891357422,-27.219219207763672,-28.0626277923584,-28.668386459350586,-29.049755096435547,-29.43349266052246,-29.90536117553711,-29.678503036499023,-29.00802993774414,-29.30550765991211,-29.965763092041016,-29.937328338623047,-29.36461067199707,-28.76703453063965,-28.30362892150879,-27.546478271484375,-26.48735809326172,-25.499670028686523,-24.460344314575195,-23.424596786499023,-22.938892364501953,-23.2269229888916,-23.82537269592285,-24.380756378173828,-24.398380279541016,-24.010465621948242,-24.28421974182129,-25.240623474121094,-26.140897750854492,-26.660247802734375,-26.50114631652832,-25.8018856048584,-24.90800666809082,-24.012100219726562,-23.02529525756836,-22.086702346801758
-27.332408905029297,-28.347949981689453,-29.092863082885742,-29.486032485961914,-29.546112060546875,-29.48771095275879,-29.493635177612305,-29.594085693359375,-29.709938049316406,-29.739442825317383,-29.680389404296875,-29.678266525268555,-29.743900299072266,-29.85000991821289,-30.097888946533203,-30.42335319519043,-30.76158905029297,-31.08437728881836,-31.227205276489258,-31.08768653869629,-30.728605270385742,-30.162914276123047,-29.456417083740234,-28.702342987060547,-27.94611167907715,-27.281200408935547,-26.679067611694336,-26.075965881347656,-25.590471267700195,-25.197731018066406,-24.876914978027344,-24.654754638671875,-24.48663330078125,-24.42461585998535,-24.43385124206543,-24.437721252441406,-24.282512664794922,-23.871484756469727,-23.29522132873535,-22.496625900268555,-21.696971893310547,-21.40144157409668,-21.58492088317871,-21.597049713134766
-25.99776268005371,-26.50588035583496,-26.999683380126953,-27.252771377563477,-27.45183753967285,-27.837947845458984,-28.331344604492188,-28.637805938720703,-28.65509033203125,-28.556474685668945,-28.715166091918945,-29.172626495361328,-29.546276092529297,-29.563695907592773,-29.38750457763672,-29.269607543945312,-29.263553619384766,-29.33182716369629,-29.540700912475586,-29.867881774902344,-29.960601806640625,-29.625232696533203,-29.06555938720703,-28.41694450378418,-27.666414260864258,-27.043703079223633,-26.780874252319336,-26.706897735595703,-26.505834579467773,-26.055744171142578,-25.48858642578125,-24.976491928100586,-24.527795791625977,-24.07486343383789,-23.639875411987305,-23.282079696655273,-22.828981399536133,-22.043094635009766,-21.1136417388916,-20.302215576171875,-19.727725982666016,-19.4755802154541,-19.3569278717041,-19.234519958496094
-25.721363067626953,-26.152212142944336,-26.558082580566406,-26.919050216674805,-27.45014762878418,-28.089365005493164,-28.433155059814453,-28.291606903076172,-27.91016387939453,-27.631057739257812,-27.792707443237305,-28.407934188842773,-29.050745010375977,-29.34876823425293,-29.314210891723633,-29.176607131958008,-29.06060791015625,-28.98856544494629,-29.154077529907227,-29.571308135986328,-29.83661460876465,-29.66433334350586,-29.15815544128418,-28.492891311645508,-27.775630950927734,-27.150421142578125,-26.770004272460938,-26.63884925842285,-26.56349754333496,-26.347768783569336,-25.93400001525879,-25.419137954711914,-24.990068435668945,-24.71177864074707,-24.537212371826172,-24.331972122192383,-23.85940933227539,-22.968015670776367,-21.84607696533203,-20.86859893798828,-20.116350173950195,-19.49197006225586,-19.095077514648438,-19.012706756591797
-25.17081642150879,-25.704975128173828,-26.07440757751465,-26.319103240966797,-26.750057220458984,-27.353349685668945,-27.592679977416992,-27.11439323425293,-26.294635772705078,-25.702239990234375,-25.80704689025879,-26.666826248168945,-27.792448043823242,-28.55237579345703,-28.76584243774414,-28.638660430908203,-28.43077850341797,-28.352203369140625,-28.589120864868164,-29.11775779724121,-29.672636032104492,-29.87128257751465,-29.49562644958496,-28.674156188964844,-27.7524471282959,-26.97686195373535,-26.458215713500977,-26.307437896728516,-26.472341537475586,-26.638185501098633,-26.498531341552734,-26.150833129882812,-25.96950912475586,-26.123275756835938,-26.484689712524414,-26.645692825317383,-26.283313751220703,-25.466758728027344,-24.47104263305664,-23.552064895629883,-22.68435287475586,-21.80799674987793,-21.21466827392578,-20.830453872680664
-24.298826217651367,-25.056169509887695,-25.434303283691406,-25.62155532836914,-26.145780563354492,-27.030977249145508,-27.56694984436035,-27.159440994262695,-26.133913040161133,-25.37966537475586,-25.551586151123047,-26.569324493408203,-27.710195541381836,-28.392601013183594,-28.614973068237305,-28.613298416137695,-28.533363342285156,-28.451580047607422,-28.589847564697266,-29.02272605895996,-29.53738021850586,-29.757415771484375,-29.398033142089844,-28.541488647460938,-27.574052810668945,-26.798368453979492,-26.336748123168945,-26.24612045288086,-26.45981788635254,-26.726903915405273,-26.83635711669922,-26.856727600097656,-27.037118911743164,-27.427589416503906,-27.863306045532227,-28.014726638793945,-27.716344833374023,-27.165510177612305,-26.628395080566406,-26.09190559387207,-25.275362014770508,-24.307418823242188,-23.09403419494629,-22.032405853271484
-22.5552978515625,-23.22999382019043,-23.845081329345703,-24.28738784790039,-24.93355369567871,-26.006818771362305,-26.91603660583496,-26.982999801635742,-26.36305809020996,-25.956172943115234,-26.38187026977539,-27.35162925720215,-28.029939651489258,-28.169189453125,-28.110322952270508,-28.167621612548828,-28.311004638671875,-28.423086166381836,-28.660907745361328,-29.1024227142334,-29.377548217773438,-29.144203186035156,-28.484554290771484,-27.626211166381836,-26.870603561401367,-26.440195083618164,-26.3244571685791,-26.402759552001953,-26.60944366455078,-26.888473510742188,-27.15359115600586,-27.37941551208496,-27.7052001953125,-28.199800491333008,-28.55975341796875,-28.434452056884766,-27.91899299621582,-27.369709014892578,-27.02743148803711,-26.736345291137695,-26.067277908325195,-25.070667266845703,-23.706846237182617,-21.617656707763672
-20.742198944091797,-20.86565589904785,-21.693252563476562,-22.616933822631836,-23.370004653930664,-24.32424545288086,-25.44045066833496,-26.077878952026367,-26.061126708984375,-26.038652420043945,-26.587682723999023,-27.487821578979492,-28.004680633544922,-27.804210662841797,-27.29483985900879,-27.00356101989746,-27.1046085357666,-27.46883201599121,-28.03059196472168,-28.648880004882812,-28.791015625,-28.152711868286133,-27.14850425720215,-26.33620262145996,-26.01097869873047,-26.143400192260742,-26.416696548461914,-26.566497802734375,-26.6159610748291,-26.686424255371094,-26.860822677612305,-27.251880645751953,-27.9746036529541,-28.80776023864746,-29.119638442993164,-28.465984344482422,-27.23779296875,-26.37042236328125,-26.15131950378418,-26.08452606201172,-25.778657913208008,-25.480806350708008,-24.8919620513916,-20.743000030517578
-19.793561935424805,-19.321094512939453,-19.763174057006836,-20.834739685058594,-21.775081634521484,-22.567148208618164,-23.608713150024414,-24.670289993286133,-25.36157989501953,-25.72341537475586,-26.054439544677734,-26.621047973632812,-27.241804122924805,-27.302125930786133,-26.679595947265625,-25.968189239501953,-25.65058708190918,-25.827129364013672,-26.424278259277344,-27.194520950317383,-27.508214950561523,-26.945148468017578,-25.917346954345703,-25.245847702026367,-25.380624771118164,-26.082380294799805,-26.727474212646484,-26.900590896606445,-26.639041900634766,-26.222448348999023,-26.08540153503418,-26.617916107177734,-27.74769401550293,-28.879491806030273,-29.30671501159668,-28.532419204711914,-26.97297477722168,-25.831825256347656,-25.339282989501953,-25.270275115966797,-25.123523712158203,-24.829282760620117,-23.96719741821289,-21.8703670501709
-19.4951171875,-19.239782333374023,-19.20676040649414,-19.742691040039062,-20.596113204956055,-21.327980041503906,-22.031368255615234,-23.001867294311523,-24.199901580810547,-25.227689743041992,-25.712844848632812,-25.88604164123535,-26.320457458496094,-26.76286506652832,-26.55193519592285,-25.838409423828125,-25.11753273010254,-24.639957427978516,-24.572349548339844,-24.957101821899414,-25.395410537719727,-25.3487606048584,-24.932720184326172,-24.771780014038086,-25.269824981689453,-26.311368942260742,-27.283405303955078,-27.546476364135742,-27.00070571899414,-26.003679275512695,-25.096961975097656,-25.045509338378906,-26.174528121948242,-27.788509368896484,-28.787797927856445,-28.520097732543945,-27.421398162841797,-26.30596351623535,-25.66241455078125,-25.36024284362793,-25.392227172851562,-24.793241500854492,-24.572216033935547,-23.89022445678711
-19.37055778503418,-19.6960506439209,-19.68272590637207,-19.649702072143555,-20.030458450317383,-20.716075897216797,-21.289785385131836,-21.797819137573242,-22.71515655517578,-24.02903175354004,-25.035316467285156,-25.41389274597168,-25.687732696533203,-26.080286026000977,-26.121076583862305,-25.6133975982666,-24.824338912963867,-24.042844772338867,-23.515090942382812,-23.3238525390625,-23.385644912719727,-23.55551528930664,-23.844118118286133,-24.41322135925293,-25.34323501586914,-26.559288024902344,-27.685016632080078,-28.069101333618164,-27.50010871887207,-26.37250518798828,-25.09261703491211,-24.055692672729492,-23.823972702026367,-24.810144424438477,-26.35331153869629,-27.096675872802734,-27.040225982666016,-26.853120803833008,-26.44863510131836,-25.327627182006836,-25.511823654174805,-24.946884155273438,-24.86410903930664,-24.60201072692871
-19.337800979614258,-19.586915969848633,-19.16518211364746,-18.76563262939453,-19.12065887451172,-20.03984260559082,-20.815366744995117,-21.286462783813477,-21.920984268188477,-22.94829559326172,-24.043296813964844,-24.7935791015625,-25.151012420654297,-25.2192440032959,-24.987241744995117,-24.445911407470703,-23.775217056274414,-23.13132095336914,-22.625314712524414,-22.20936393737793,-21.84356117248535,-21.760770797729492,-22.32542610168457,-23.528635025024414,-24.906606674194336,-26.104427337646484,-26.99041748046875,-27.275318145751953,-26.938444137573242,-26.2818660736084,-25.429567337036133,-24.170928955078125,-22.796886444091797,-22.324573516845703,-23.135530471801758,-23.974285125732422,-25.164653778076172,-25.967063903808594,-25.877418518066406,-25.419708251953125,-25.16561508178711,-24.19420051574707,-23.610980987548828,-22.972925186157227
-18.967853546142578,-18.97210693359375,-18.292739868164062,-17.595327377319336,-17.779376983642578,-18.84189796447754,-19.978731155395508,-20.788307189941406,-21.54854965209961,-22.479066848754883,-23.439783096313477,-24.113637924194336,-24.264957427978516,-23.91653823852539,-23.274309158325195,-22.549280166625977,-21.892536163330078,-21.363876342773438,-20.867422103881836,-20.333553314208984,-19.85650062561035,-19.68739128112793,-20.207544326782227,-21.628950119018555,-23.286575317382812,-24.2220458984375,-24.460609436035156,-24.644166946411133,-25.022409439086914,-25.326335906982422,-25.056379318237305,-23.861772537231445,-22.08949851989746,-20.802160263061523,-20.897714614868164,-21.88776206970215,-22.573078155517578,-23.688251495361328,-24.00893783569336,-23.91765785217285,-24.217222213745117,-23.247270584106445,-22.480182647705078,-21.94085693359375
-18.578462600708008,-18.553117752075195,-17.997947692871094,-17.35833168029785,-17.251155853271484,-17.836044311523438,-18.80472183227539,-19.836441040039062,-20.760669708251953,-21.540742874145508,-22.133121490478516,-22.40314483642578,-22.2811336517334,-21.801620483398438,-21.055660247802734,-20.27585220336914,-19.72473907470703,-19.4444522857666,-19.153564453125,-18.51112174987793,-17.676353454589844,-17.33925437927246,-17.896121978759766,-19.177228927612305,-20.71549415588379,-21.81501579284668,-22.138324737548828,-22.250404357910156,-22.838674545288086,-23.63443374633789,-24.052391052246094,-23.78188133239746,-22.802589416503906,-21.57801628112793,-20.814807891845703,-21.07371711730957,-20.917198181152344,-21.163158416748047,-21.462865829467773,-22.153322219848633,-22.00176239013672,-21.408203125,-20.668027877807617,-20.36261558532715
-17.500896453857422,-17.562833786010742,-17.063716888427734,-16.303621292114258,-15.922327041625977,-16.30764389038086,-17.306699752807617,-18.397768020629883,-19.201839447021484,-19.682626724243164,-19.91170883178711,-19.89761734008789,-19.67329978942871,-19.255645751953125,-18.664653778076172,-18.106407165527344,-17.819332122802734,-17.8241024017334,-17.93797492980957,-17.669139862060547,-16.730331420898438,-15.764404296875,-15.908108711242676,-17.21953010559082,-18.48697853088379,-19.38144302368164,-20.26150894165039,-21.024213790893555,-21.654115676879883,-22.224401473999023,-22.629592895507812,-22.831907272338867,-22.725872039794922,-22.506603240966797,-22.058414459228516,-21.198593139648438,-20.61966323852539,-20.164104461669922,-20.05843162536621,-20.04197883605957,-19.543241500854492,-19.51015281677246,-19.200353622436523,-18.807653427124023
-15.221294403076172,-15.024741172790527,-14.892635345458984,-14.794656753540039,-14.882669448852539,-15.465473175048828,-16.436466217041016,-17.277231216430664,-17.758249282836914,-17.922258377075195,-17.788000106811523,-17.49919319152832,-17.30594825744629,-17.180130004882812,-16.88283920288086,-16.50893211364746,-16.31929588317871,-16.369441986083984,-16.651229858398438,-16.880733489990234,-16.509178161621094,-15.6689453125,-15.417133331298828,-16.477563858032227,-17.792768478393555,-18.285709381103516,-18.730588912963867,-19.657651901245117,-20.399314880371094,-20.817251205444336,-21.348079681396484,-21.82103729248047,-21.87228775024414,-21.72797203063965,-21.408672332763672,-20.559051513671875,-20.458837509155273,-20.025131225585938,-19.380409240722656,-18.629518508911133,-17.995832443237305,-17.886255264282227,-17.53611946105957,-17.289730072021484
-14.329334259033203,-13.629791259765625,-13.139196395874023,-13.234598159790039,-13.865196228027344,-14.758633613586426,-15.574405670166016,-16.22751235961914,-16.634428024291992,-16.715696334838867,-16.552471160888672,-16.363855361938477,-16.3320369720459,-16.39868927001953,-16.310747146606445,-15.989011764526367,-15.623982429504395,-15.421189308166504,-15.528836250305176,-15.823018074035645,-15.899577140808105,-15.546213150024414,-15.370826721191406,-16.237051010131836,-17.713220596313477,-18.41572380065918,-18.38058090209961,-18.565921783447266,-18.875015258789062,-18.782062530517578,-18.56464958190918,-18.82229995727539,-19.50663185119629,-19.97299575805664,-19.89984703063965,-19.410491943359375,-19.023420333862305,-18.83025360107422,-18.718631744384766,-18.345516204833984,-17.633316040039062,-16.899246215820312,-16.06869888305664,-15.406722068786621
