data/wind_data/wind_43_3.json
{"header": {"parameterUnit": "KT", "parameterCategory": 2, "nx": 256, "ny": 198, "lo1": 44.73521041870117, "la1": -3.236724853515625, "lo2": 111.26478576660156, "la2": 43.468475341796875, "dx": 0.2609002888202667, "dy": -0.23708222806453705, "refTime": "2025-02-20 19:00:00", "forecastTime": 0, "parameterNumber": 2, "parameterNumberName": "eastward_wind"}, "data":
[rows 19 to 37 of 198, columns 176 to 219 of 256]
-3.2253072261810303,-1.859961986541748,-1.395717978477478,-1.9728270769119263,-2.245499849319458,-2.895604133605957,-2.575195789337158,-3.1685242652893066,-2.562610387802124,-2.822803020477295,-3.3478240966796875,-3.87568736076355,-3.740743398666382,-3.685513734817505,-3.8655476570129395,-3.9647269248962402,-3.748725175857544,-3.066807746887207,-2.135679006576538,-1.4676830768585205,-1.014209508895874,-0.06454779952764511,1.3434234857559204,1.9191325902938843,1.1602325439453125,0.020085759460926056,-0.6052656769752502,-4.405966758728027,-4.795987606048584,-1.0648703575134277,0.21775491535663605,3.799103021621704,3.6055684089660645,2.167224884033203,1.4642231464385986,1.630456566810608,2.3496713638305664,-0.6288053393363953,-2.870323896408081,0.3144371211528778,1.8170421123504639,1.7750563621520996,1.5692646503448486,1.0387858152389526
-1.6545981168746948,-1.0358808040618896,-0.6974012851715088,-0.9236451983451843,0.683415949344635,-3.0952184200286865,-2.4496653079986572,-2.8778786659240723,-2.796513080596924,-3.391011953353882,-4.28621244430542,-5.040722370147705,-5.04711389541626,-5.03235387802124,-5.072164535522461,-4.978447914123535,-4.309726715087891,-3.339412212371826,-2.572195291519165,-2.0176584720611572,-1.3322091102600098,-0.23280374705791473,0.8521749973297119,0.5759820938110352,-0.7103474736213684,-2.12420916557312,-3.536221981048584,-1.9805715084075928,-1.9779096841812134,-1.221146583557129,2.363645315170288,3.1953985691070557,2.3690803050994873,1.6689703464508057,1.976261854171753,2.2038424015045166,1.6900842189788818,-1.460616111755371,-3.0105934143066406,-1.1679799556732178,-0.9356714487075806,0.5327240228652954,-0.3586072623729706,-0.5897788405418396
-1.4929929971694946,-0.2957651913166046,-0.8649048209190369,-0.8307499289512634,-1.544357180595398,-3.111030340194702,-1.006255865097046,-2.4981634616851807,-2.7462692260742188,-3.4661459922790527,-4.663257598876953,-5.479970455169678,-5.531440734863281,-5.500842571258545,-5.560826301574707,-5.4388017654418945,-4.8214287757873535,-4.093725204467773,-3.5480334758758545,-2.897217273712158,-2.0223801136016846,-1.0910197496414185,-1.0179258584976196,-2.482053756713867,-3.5855791568756104,-2.411675453186035,-0.18237945437431335,0.8574947118759155,-1.3353196382522583,1.0658067464828491,1.5087507963180542,2.191009521484375,0.8804936408996582,0.37562984228134155,1.138451099395752,-0.9134928584098816,-0.7690281271934509,-1.2415715456008911,-6.253716945648193,-1.291407823562622,-4.132160663604736,-1.443129301071167,-2.048276662826538,-2.0205345153808594
-0.6845568418502808,0.23018595576286316,-1.4200540781021118,-2.2130625247955322,-2.477374792098999,-0.33248063921928406,-0.10216383635997772,-1.571720004081726,-2.4197685718536377,-3.484456777572632,-4.621976375579834,-5.3240647315979,-5.527918815612793,-5.829245090484619,-6.239109039306641,-6.2333984375,-5.758488655090332,-5.3051438331604,-4.752547740936279,-4.012446403503418,-3.4387402534484863,-3.0457990169525146,-3.822831392288208,-5.402070999145508,-6.376649379730225,-6.776107311248779,-6.301704406738281,-5.666345119476318,-3.5974037647247314,1.135749101638794,5.286157131195068,5.4472432136535645,1.2631800174713135,-0.2637760639190674,-0.7807358503341675,-2.021453619003296,-2.1458628177642822,-3.663829803466797,-2.6545960903167725,-3.684119462966919,-2.5962023735046387,-3.899853467941284,-2.864344596862793,-2.7887167930603027
-1.3120129108428955,-1.415088415145874,-1.9906063079833984,-1.865525245666504,-1.7448242902755737,-1.0605525970458984,-0.4555409550666809,-1.8551315069198608,-3.297595977783203,-4.399347305297852,-4.971492767333984,-5.361210823059082,-5.68597936630249,-6.139068603515625,-6.923379898071289,-7.353240966796875,-6.790071487426758,-6.244081020355225,-5.866734504699707,-5.075477123260498,-4.165135860443115,-3.9110429286956787,-4.73992395401001,-5.776694297790527,-7.461372375488281,-7.898956775665283,-6.2423014640808105,-4.850454330444336,-3.3511135578155518,1.1761255264282227,5.480587959289551,3.113849401473999,-1.4101142883300781,-2.707038640975952,-2.376199960708618,-5.742400646209717,-2.811032295227051,-7.2356181144714355,-4.850057601928711,-4.129410743713379,-3.8876068592071533,-6.029102802276611,-3.7674481868743896,-3.0940797328948975
-2.5348987579345703,-2.6514627933502197,-2.466078042984009,-2.278374195098877,-2.206488847732544,-2.3426060676574707,0.24553139507770538,-3.7478034496307373,-4.271912097930908,-4.763380527496338,-5.19080924987793,-5.426417827606201,-5.734442234039307,-6.180464744567871,-7.137441158294678,-7.763875484466553,-7.47041130065918,-6.935426712036133,-6.309665203094482,-5.166168689727783,-4.231971263885498,-3.839277982711792,-4.1494293212890625,-4.433122634887695,-4.95332145690918,-2.2189605236053467,2.7131171226501465,4.034017562866211,2.263021469116211,3.3862850666046143,4.622171401977539,0.020612020045518875,-2.7450764179229736,-3.4085376262664795,-3.3233354091644287,-3.333517551422119,-3.9082329273223877,-4.686472415924072,-4.742385387420654,-3.8322789669036865,-5.696792125701904,-5.299784183502197,-4.254114151000977,-2.0325675010681152
-2.836134195327759,-2.197471857070923,-2.7838587760925293,-2.7379064559936523,-2.2598187923431396,-1.735374093055725,-2.3023619651794434,-4.513988018035889,-3.9249422550201416,-4.507421970367432,-4.683221817016602,-5.298215866088867,-5.692431926727295,-6.018335819244385,-6.784911632537842,-7.452341556549072,-7.419554710388184,-7.333094120025635,-7.741618633270264,-6.502007484436035,-4.884947776794434,-4.265712261199951,-3.366856336593628,-4.400778770446777,-6.04078483581543,-2.963963508605957,1.2718228101730347,2.5693883895874023,1.1038196086883545,-0.2634729743003845,-0.7901834845542908,-3.691329002380371,-4.335484981536865,-3.8941359519958496,-4.0901079177856445,-3.8958065509796143,-2.821803092956543,-1.1175426244735718,-0.7009091377258301,-2.516040086746216,-5.03286600112915,-5.976302623748779,-3.3506100177764893,-0.6498343348503113
-5.946847915649414,-3.731832265853882,-3.6460230350494385,-2.890212059020996,-2.386491060256958,-2.2256557941436768,-2.7589406967163086,-3.0403170585632324,-2.986208200454712,-3.2892627716064453,-3.7318952083587646,-4.80490779876709,-5.4466166496276855,-6.004525661468506,-6.475316047668457,-6.908529758453369,-7.247308254241943,-8.018924713134766,-9.047526359558105,-3.6746816635131836,-2.4661221504211426,-2.8991317749023438,-2.527266502380371,-2.5270113945007324,-1.2136480808258057,2.0854475498199463,1.3166379928588867,1.6797596216201782,-2.304520606994629,-6.700990676879883,-6.753897666931152,-5.838095188140869,-5.314525604248047,-6.46652889251709,-6.61592435836792,-5.363454341888428,-3.3592660427093506,-1.7270556688308716,-1.9674311876296997,-4.632689476013184,-7.0617804527282715,-6.042037010192871,-2.9528911113739014,-1.1096516847610474
-7.487942695617676,-5.516787528991699,-4.118990421295166,-2.0827865600585938,-1.4404573440551758,-2.216367483139038,-3.2015178203582764,-3.4063572883605957,-2.9845659732818604,-2.4939229488372803,-3.355635166168213,-3.7491233348846436,-3.8720755577087402,-4.642885208129883,-5.979543209075928,-6.859022617340088,-6.823616027832031,-6.789246559143066,-7.724277973175049,-6.539895534515381,-3.4778811931610107,-4.034790992736816,-2.3284127712249756,-0.8637028932571411,3.8926541805267334,6.188868522644043,4.918367385864258,2.9456162452697754,-5.976366996765137,-8.649023056030273,-7.323239803314209,-6.4996514320373535,-6.991094589233398,-8.177153587341309,-8.176657676696777,-7.190761566162109,-5.895152568817139,-5.7658538818359375,-6.755136489868164,-7.986148834228516,-8.502336502075195,-6.558388710021973,-2.3974761962890625,-2.7325170040130615
-6.04218053817749,-5.353050231933594,-4.938936233520508,-2.78545880317688,-1.4446334838867188,-2.7005770206451416,-3.2785849571228027,-3.10294246673584,-3.291830062866211,-3.7862138748168945,-4.18498420715332,-3.83182430267334,-3.0299370288848877,-2.5581305027008057,-3.7723796367645264,-5.7362260818481445,-5.861119747161865,-5.00631046295166,-4.1033196449279785,-3.8089139461517334,-6.00587797164917,-7.01234769821167,-3.712583303451538,1.1822463274002075,3.9194540977478027,2.631439447402954,4.089131832122803,-1.3928300142288208,-8.024378776550293,-8.15253734588623,-6.740744590759277,-7.0153727531433105,-8.254018783569336,-8.529953002929688,-7.899923801422119,-7.147385597229004,-7.1066203117370605,-7.122289180755615,-8.167827606201172,-10.242050170898438,-9.512955665588379,-5.084721088409424,-2.9240190982818604,-6.037534236907959
-5.958493232727051,-7.926015853881836,-11.480817794799805,-4.637437343597412,-5.386098384857178,-4.855624198913574,-3.436793327331543,-3.583333969116211,-3.5910723209381104,-4.247272968292236,-4.927612781524658,-4.685372829437256,-3.3468618392944336,-3.1853079795837402,-3.0955090522766113,-3.913438081741333,-5.112490177154541,-6.059145927429199,-5.952924728393555,-7.860734462738037,-8.350863456726074,-7.119808673858643,-1.7765380144119263,1.7797237634658813,1.795087218284607,2.339935779571533,0.576562762260437,-6.6919941902160645,-8.184364318847656,-7.483449459075928,-6.750969886779785,-7.873510837554932,-8.981067657470703,-8.967949867248535,-8.725495338439941,-8.429084777832031,-8.438499450683594,-8.695215225219727,-10.270089149475098,-11.836515426635742,-9.668008804321289,-1.9171868562698364,-4.572166442871094,-8.665436744689941
-9.415000915527344,-8.399473190307617,-6.307436943054199,-5.868400573730469,-9.314702987670898,-5.411498546600342,-3.4820621013641357,-4.2828779220581055,-4.685316562652588,-5.275211334228516,-5.2510247230529785,-4.9183831214904785,-4.011789321899414,-4.0321526527404785,-3.7669012546539307,-2.9302597045898438,-2.916355609893799,-4.3245697021484375,-7.297220706939697,-0.3284117579460144,-5.3525495529174805,-5.546221733093262,-0.5143963694572449,1.6160311698913574,2.0249786376953125,0.4668636620044708,-5.257639408111572,-7.463383674621582,-7.5365681648254395,-8.169039726257324,-8.292945861816406,-8.428105354309082,-9.276927947998047,-9.815160751342773,-9.2518892288208,-8.980362892150879,-9.144986152648926,-9.39646053314209,-10.817198753356934,-11.643877983093262,-7.980506896972656,-0.5477584600448608,-5.004748821258545,-9.165755271911621
-9.607597351074219,-9.417252540588379,-6.976452827453613,-4.165074825286865,-3.7143337726593018,-5.403206825256348,-4.248102188110352,-5.818793773651123,-7.345977306365967,-6.4656982421875,-6.233150005340576,-5.607675552368164,-4.739638805389404,-5.062924385070801,-4.317803382873535,-2.7692365646362305,-2.442671537399292,-3.620252847671509,-3.4170806407928467,-3.6829588413238525,-0.9933066368103027,1.1844401359558105,1.906699538230896,-1.3139718770980835,-2.6282236576080322,-7.546731472015381,-10.813565254211426,-11.229971885681152,-10.89983081817627,-10.680851936340332,-9.545950889587402,-9.704760551452637,-10.887422561645508,-10.69605541229248,-9.203346252441406,-9.171501159667969,-9.753582954406738,-10.373578071594238,-10.416160583496094,-9.731614112854004,-5.5894455909729,0.03029819391667843,-5.598320484161377,-9.491765975952148
-7.776231288909912,-7.3100504875183105,-7.212471008300781,-7.629235744476318,-7.126814365386963,-6.555405139923096,-9.014540672302246,-7.326732158660889,-10.224726676940918,-7.026028633117676,-8.301389694213867,-6.622335910797119,-5.4538044929504395,-5.640268325805664,-4.911304950714111,-4.729672431945801,-6.806610584259033,-7.429086208343506,-3.8142547607421875,-1.5802576541900635,-1.715578317642212,-2.784489870071411,-7.249377727508545,-8.625632286071777,-9.450336456298828,-11.892473220825195,-12.897673606872559,-13.454676628112793,-13.700082778930664,-11.969876289367676,-12.087175369262695,-12.888849258422852,-12.898909568786621,-10.949536323547363,-10.210579872131348,-10.376341819763184,-11.101436614990234,-11.225144386291504,-9.558266639709473,-7.825119495391846,-4.619226455688477,-0.2967485785484314,-5.104146480560303,-10.244132995605469
-7.080750942230225,-7.453119277954102,-7.843682289123535,-8.267966270446777,-8.757268905639648,-7.504415512084961,-6.181563854217529,-6.393582820892334,-8.134044647216797,-9.940019607543945,-10.898120880126953,-8.931208610534668,-7.433682918548584,-6.840166091918945,-6.827880859375,-8.663016319274902,-9.848201751708984,-7.017854690551758,-2.8063464164733887,-3.9506027698516846,-7.617584228515625,-9.783771514892578,-10.575727462768555,-10.520771980285645,-11.285909652709961,-12.682109832763672,-12.646425247192383,-11.011641502380371,-12.257572174072266,-14.003667831420898,-14.06612491607666,-15.517305374145508,-12.409768104553223,-12.02348804473877,-12.576654434204102,-12.239239692687988,-12.343846321105957,-11.24567699432373,-9.119999885559082,-6.894301891326904,-4.456404209136963,-1.1794352531433105,-5.0371880531311035,-10.762469291687012
-5.646100044250488,-6.459835529327393,-8.172525405883789,-7.65863037109375,-8.833677291870117,-7.156893253326416,-6.941187381744385,-8.286075592041016,-11.002972602844238,-13.10589599609375,-13.540742874145508,-11.48126220703125,-9.476837158203125,-9.081125259399414,-9.213878631591797,-8.730966567993164,-6.879335403442383,-4.06431245803833,-4.1928486824035645,-8.101724624633789,-9.458742141723633,-9.649953842163086,-10.36156177520752,-10.874446868896484,-11.094549179077148,-11.5162353515625,-13.143805503845215,-14.231764793395996,-13.90114974975586,-14.022717475891113,-10.471768379211426,-10.85181999206543,-12.084774017333984,-12.419291496276855,-13.130446434020996,-13.017244338989258,-11.972166061401367,-10.74096393585205,-9.759520530700684,-7.5368146896362305,-3.92976713180542,-2.3006527423858643,-8.398481369018555,-13.29183578491211
-6.7523908615112305,-7.372244834899902,-8.206573486328125,-8.859756469726562,-9.64684009552002,-9.873679161071777,-11.725558280944824,-14.484542846679688,-14.884788513183594,-16.614595413208008,-15.256972312927246,-14.108757019042969,-11.980247497558594,-10.686383247375488,-9.892605781555176,-8.975171089172363,-8.282886505126953,-8.409814834594727,-9.397125244140625,-9.674261093139648,-9.469498634338379,-9.696720123291016,-10.053918838500977,-9.993085861206055,-9.860414505004883,-10.279173851013184,-10.133179664611816,-9.897398948669434,-9.333138465881348,-9.625359535217285,-9.742829322814941,-10.508816719055176,-12.496403694152832,-13.114827156066895,-13.462793350219727,-13.058490753173828,-11.224726676940918,-10.17716121673584,-10.074982643127441,-7.467738628387451,-3.446159839630127,-5.842050075531006,-13.608694076538086,-17.404123306274414
-8.421233177185059,-9.360261917114258,-10.023630142211914,-9.620843887329102,-10.54175853729248,-12.755910873413086,-17.02678871154785,-19.518312454223633,-16.666833877563477,-18.03375244140625,-17.786287307739258,-16.87217903137207,-16.02410888671875,-14.432255744934082,-13.47221851348877,-12.616626739501953,-12.05405044555664,-11.658401489257812,-10.85969352722168,-9.793684959411621,-9.222217559814453,-9.619770050048828,-10.39773941040039,-10.569141387939453,-10.921463012695312,-11.508136749267578,-11.36372184753418,-10.02657699584961,-10.840778350830078,-11.936172485351562,-12.331819534301758,-12.755315780639648,-12.998053550720215,-13.263813018798828,-13.414318084716797,-12.783246994018555,-11.256134033203125,-10.230110168457031,-9.337498664855957,-7.27919864654541,-7.702016353607178,-12.238513946533203,-17.004756927490234,-18.970571517944336
-8.678984642028809,-8.503403663635254,-10.028705596923828,-11.296320915222168,-12.039400100708008,-12.260534286499023,-12.092212677001953,-15.69410514831543,-18.298507690429688,-18.09553337097168,-17.569944381713867,-17.01861572265625,-16.118118286132812,-14.941178321838379,-14.03665828704834,-13.05452823638916,-12.304999351501465,-11.664839744567871,-10.506957054138184,-9.590599060058594,-9.619058609008789,-10.504530906677246,-11.960535049438477,-13.469125747680664,-14.466902732849121,-15.098274230957031,-12.152338981628418,-11.757335662841797,-13.253533363342285,-13.835803031921387,-13.675883293151855,-13.256243705749512,-13.195144653320312,-13.374101638793945,-12.63803482055664,-11.554973602294922,-10.675397872924805,-10.371426582336426,-9.68299388885498,-10.68202018737793,-12.319039344787598,-13.759583473205566,-17.079511642456055,-18.54998779296875
