data/wind_data/wind_66_6.json
{"header": {"parameterUnit": "KT", "parameterCategory": 2, "nx": 256, "ny": 198, "lo1": 44.73521041870117, "la1": -3.236724853515625, "lo2": 111.26478576660156, "la2": 43.468475341796875, "dx": 0.2609002888202667, "dy": -0.23708222806453705, "refTime": "2025-02-21 18:00:00", "forecastTime": 0, "parameterNumber": 2, "parameterNumberName": "eastward_wind"}, "data":
[rows 0 to 19 of 198, columns 90 to 134 of 256]
-15.328938484191895,-15.329255104064941,-14.809786796569824,-14.119647979736328,-13.945062637329102,-13.742143630981445,-12.447937965393066,-11.51939582824707,-12.620509147644043,-14.011905670166016,-14.821866035461426,-15.319310188293457,-15.421198844909668,-15.531425476074219,-15.858712196350098,-15.326807022094727,-13.703655242919922,-13.183961868286133,-13.803932189941406,-14.38812255859375,-15.00507640838623,-15.893794059753418,-16.942384719848633,-17.70831298828125,-18.403440475463867,-19.548532485961914,-20.585399627685547,-20.58619499206543,-20.35091781616211,-20.554000854492188,-20.739049911499023,-20.80101203918457,-20.470470428466797,-19.407840728759766,-18.856218338012695,-19.28053092956543,-19.054582595825195,-17.932403564453125,-17.234432220458984,-16.992259979248047,-17.062471389770508,-17.36652183532715,-17.205307006835938,-16.766218185424805,-16.511930465698242
-15.913963317871094,-16.22029685974121,-14.830525398254395,-13.529250144958496,-14.160821914672852,-14.6461763381958,-12.91524887084961,-11.836379051208496,-13.680828094482422,-15.45431137084961,-15.573674201965332,-15.150247573852539,-14.632509231567383,-14.532486915588379,-15.0665922164917,-14.681031227111816,-13.198271751403809,-12.530594825744629,-12.493404388427734,-12.698824882507324,-13.388208389282227,-15.055466651916504,-17.20267105102539,-18.555927276611328,-19.57103157043457,-20.1339054107666,-20.315250396728516,-20.719833374023438,-21.22174072265625,-21.53809356689453,-21.751693725585938,-21.758268356323242,-21.052379608154297,-19.788074493408203,-19.495323181152344,-20.200918197631836,-20.003225326538086,-18.887908935546875,-17.852806091308594,-17.08150291442871,-17.783292770385742,-19.196823120117188,-19.238067626953125,-18.666276931762695,-18.252119064331055
-14.983391761779785,-15.563017845153809,-15.379651069641113,-15.30834674835205,-15.732851028442383,-15.66785717010498,-14.347272872924805,-13.634354591369629,-14.595861434936523,-15.020466804504395,-14.170585632324219,-13.350473403930664,-13.066466331481934,-13.05996322631836,-13.269598960876465,-13.495394706726074,-13.535026550292969,-12.449033737182617,-10.51132583618164,-10.405713081359863,-12.01665210723877,-14.800843238830566,-17.843219757080078,-18.949111938476562,-19.263851165771484,-19.56847381591797,-19.545534133911133,-19.356597900390625,-18.96881103515625,-18.261913299560547,-18.583105087280273,-20.306121826171875,-20.723234176635742,-19.63043212890625,-19.309755325317383,-19.75897789001465,-19.452104568481445,-18.436235427856445,-17.568933486938477,-17.081954956054688,-17.403034210205078,-18.07897186279297,-18.661184310913086,-19.167144775390625,-19.453317642211914
-14.475356101989746,-14.914105415344238,-15.365063667297363,-15.795507431030273,-15.592700958251953,-15.21120548248291,-14.863626480102539,-14.038579940795898,-13.561163902282715,-12.615750312805176,-11.562816619873047,-11.099209785461426,-11.244009017944336,-11.150195121765137,-11.046302795410156,-11.46885871887207,-11.928032875061035,-10.822476387023926,-9.10455322265625,-9.606756210327148,-11.748321533203125,-14.666306495666504,-17.266202926635742,-17.882266998291016,-17.964649200439453,-18.076492309570312,-17.755895614624023,-17.000688552856445,-15.979305267333984,-14.890569686889648,-15.496600151062012,-18.160261154174805,-19.32598304748535,-18.771244049072266,-18.736265182495117,-18.853084564208984,-18.209257125854492,-17.442970275878906,-17.145889282226562,-17.076641082763672,-16.83353042602539,-16.62118148803711,-17.324026107788086,-18.327817916870117,-18.91902732849121
-11.07675552368164,-9.25385570526123,-7.642290115356445,-6.748504638671875,-6.860811710357666,-8.059326171875,-9.067201614379883,-6.780896186828613,-3.6581647396087646,-0.8967954516410828,-1.8058055639266968,-3.769054412841797,-4.874297142028809,-4.744054317474365,-4.623694896697998,-4.907891273498535,-5.41718053817749,-5.829288482666016,-7.034482955932617,-8.457833290100098,-9.955900192260742,-11.108169555664062,-12.509507179260254,-13.763036727905273,-14.325860977172852,-14.008893013000488,-13.052966117858887,-12.001955032348633,-11.170828819274902,-10.687188148498535,-10.503963470458984,-10.795685768127441,-11.466023445129395,-12.083975791931152,-13.161839485168457,-14.221322059631348,-14.831732749938965,-15.841594696044922,-16.912107467651367,-17.009519577026367,-16.170242309570312,-15.039470672607422,-13.822322845458984,-12.573033332824707,-11.796899795532227
-8.452404022216797,-8.041938781738281,-8.284059524536133,-9.67042064666748,-10.177005767822266,-9.963017463684082,-9.977042198181152,-8.825608253479004,-6.143333435058594,-3.5513687133789062,-2.400392532348633,-4.08872652053833,-6.100208759307861,-6.220335006713867,-6.598100662231445,-7.3994460105896,-9.176210403442383,-8.847347259521484,-9.07901382446289,-10.061291694641113,-10.720552444458008,-10.473542213439941,-10.859537124633789,-11.810543060302734,-12.021689414978027,-11.532671928405762,-10.719953536987305,-9.776476860046387,-8.885348320007324,-8.416813850402832,-8.512842178344727,-8.983173370361328,-9.244454383850098,-9.126973152160645,-9.400169372558594,-10.428048133850098,-11.855875968933105,-13.471673011779785,-14.709291458129883,-14.918546676635742,-14.548812866210938,-13.941184997558594,-12.865318298339844,-11.123991012573242,-9.477705955505371
-7.062153339385986,-8.114677429199219,-9.257116317749023,-9.595220565795898,-9.832948684692383,-10.996855735778809,-10.172749519348145,-8.437722206115723,-5.702033519744873,-5.013780117034912,-4.42031717300415,-5.168362140655518,-6.282301425933838,-7.107381343841553,-7.745334148406982,-7.7304582595825195,-6.845319747924805,-7.7783050537109375,-8.025684356689453,-9.581361770629883,-10.166521072387695,-10.07011604309082,-9.938272476196289,-10.470590591430664,-10.26789665222168,-9.412336349487305,-9.252408027648926,-9.466344833374023,-9.172430992126465,-8.826789855957031,-8.955512046813965,-8.98690414428711,-8.717752456665039,-8.407411575317383,-8.553438186645508,-9.314300537109375,-10.630451202392578,-12.246074676513672,-13.50131893157959,-13.908071517944336,-13.770746231079102,-13.380423545837402,-12.493077278137207,-10.612495422363281,-8.540729522705078
-5.835598468780518,-8.002939224243164,-9.308340072631836,-10.224176406860352,-11.466272354125977,-12.496932983398438,-10.328781127929688,-8.316158294677734,-6.450448036193848,-5.996265411376953,-6.068461894989014,-6.199148178100586,-8.208251953125,-11.212937355041504,-12.676407814025879,-11.210418701171875,-8.538432121276855,-8.52682113647461,-8.416657447814941,-9.719326972961426,-10.168426513671875,-9.858548164367676,-9.371610641479492,-9.605798721313477,-9.219273567199707,-8.222807884216309,-8.128449440002441,-9.078063011169434,-9.459212303161621,-9.085456848144531,-8.935762405395508,-8.704693794250488,-8.42331600189209,-8.543889999389648,-9.262866973876953,-10.303547859191895,-11.370193481445312,-12.52000617980957,-13.592705726623535,-14.089071273803711,-14.244665145874023,-14.674715042114258,-14.1349515914917,-11.062028884887695,-8.326499938964844
-6.374194622039795,-8.696911811828613,-10.231945991516113,-10.718071937561035,-10.808701515197754,-9.757217407226562,-7.996991157531738,-7.213744640350342,-7.6931304931640625,-7.7162957191467285,-7.311371326446533,-8.65643310546875,-11.959263801574707,-14.231575012207031,-16.06175422668457,-12.673660278320312,-5.845862865447998,-5.397751808166504,-6.989969253540039,-9.634041786193848,-10.695003509521484,-10.03897476196289,-8.971100807189941,-9.168259620666504,-9.296525955200195,-8.472291946411133,-8.034408569335938,-8.447744369506836,-9.18875503540039,-9.07430362701416,-8.702200889587402,-8.459003448486328,-8.695516586303711,-9.471193313598633,-10.453500747680664,-11.173069953918457,-11.6407470703125,-12.257744789123535,-13.14569091796875,-14.40520191192627,-16.986160278320312,-20.22749900817871,-18.509349822998047,-10.13609790802002,-4.826969146728516
-6.579347133636475,-8.77511215209961,-11.451310157775879,-12.34874153137207,-11.572932243347168,-9.443811416625977,-7.72079610824585,-7.844254493713379,-8.48835277557373,-8.850471496582031,-7.655072212219238,-8.83521556854248,-11.082477569580078,-11.930511474609375,-11.7343111038208,-9.04005241394043,-4.622000694274902,-5.128371238708496,-7.130257606506348,-9.361516952514648,-10.164871215820312,-9.497161865234375,-9.707293510437012,-9.382405281066895,-9.788408279418945,-9.207021713256836,-8.675278663635254,-8.122919082641602,-8.727337837219238,-9.209166526794434,-8.871574401855469,-8.653550148010254,-8.846579551696777,-9.455662727355957,-10.587011337280273,-11.798417091369629,-12.573105812072754,-12.783573150634766,-12.703559875488281,-12.514667510986328,-12.14404582977295,-11.090531349182129,-11.277521133422852,-7.284428596496582,-9.060197830200195
-8.201885223388672,-8.73662281036377,-9.592964172363281,-11.001317024230957,-10.884766578674316,-9.642048835754395,-9.760002136230469,-9.358110427856445,-8.098196983337402,-9.87517261505127,-8.20042610168457,-7.658828258514404,-8.18483829498291,-9.012063026428223,-9.689303398132324,-8.978598594665527,-7.896834373474121,-7.1386799812316895,-8.523573875427246,-9.541885375976562,-9.852433204650879,-9.02211856842041,-9.611414909362793,-10.170449256896973,-10.087596893310547,-9.493868827819824,-9.086407661437988,-8.640531539916992,-8.742962837219238,-9.264196395874023,-9.114082336425781,-9.185930252075195,-9.947772979736328,-11.287508964538574,-12.36279296875,-12.674582481384277,-12.776071548461914,-12.452620506286621,-11.296401977539062,-9.819435119628906,-7.531233310699463,-7.077211856842041,-7.756345272064209,-5.864421844482422,-13.19308853149414
-7.955844402313232,-8.508979797363281,-8.9558744430542,-8.910120964050293,-7.485206604003906,-7.088795185089111,-11.533336639404297,-11.243208885192871,-11.69559097290039,-10.006728172302246,-8.41047191619873,-8.525721549987793,-8.296767234802246,-8.164727210998535,-8.489742279052734,-9.24074935913086,-9.682104110717773,-10.008126258850098,-10.734086990356445,-9.992125511169434,-7.035216331481934,-7.15067195892334,-9.554571151733398,-10.747148513793945,-10.367545127868652,-9.92091178894043,-9.237127304077148,-9.156702995300293,-9.460148811340332,-9.740180969238281,-9.695847511291504,-10.225066184997559,-11.774386405944824,-13.043417930603027,-12.878995895385742,-11.937318801879883,-11.47040843963623,-11.002159118652344,-10.610767364501953,-10.268742561340332,-8.665935516357422,-10.949239730834961,-14.105273246765137,-13.283552169799805,-12.799134254455566
-7.14165735244751,-7.695847988128662,-8.84922981262207,-9.335855484008789,-7.475394248962402,-4.462246417999268,-8.239697456359863,-14.204853057861328,-10.969282150268555,-9.26275634765625,-9.5578031539917,-9.464615821838379,-9.155040740966797,-8.756972312927246,-8.357283592224121,-8.825480461120605,-10.643574714660645,-12.825347900390625,-13.555116653442383,-8.372814178466797,-1.572859287261963,-3.1613383293151855,-8.520648002624512,-10.966552734375,-11.269181251525879,-10.54139232635498,-9.375843048095703,-9.004337310791016,-9.36944580078125,-9.966012001037598,-10.500748634338379,-10.873674392700195,-11.459177017211914,-11.616406440734863,-12.221418380737305,-12.866459846496582,-11.976903915405273,-10.311046600341797,-9.979826927185059,-11.253745079040527,-9.089067459106445,-12.54626750946045,-14.698976516723633,-14.870211601257324,-12.076432228088379
-5.615370273590088,-6.433000564575195,-7.615818977355957,-8.127811431884766,-7.516136646270752,-6.807868957519531,-8.464715003967285,-10.93658447265625,-10.108304977416992,-9.410143852233887,-9.985269546508789,-9.115601539611816,-8.48008918762207,-8.047914505004883,-8.558428764343262,-9.563779830932617,-10.459710121154785,-11.671815872192383,-12.492515563964844,-9.298282623291016,-5.252780437469482,-6.879679203033447,-11.802085876464844,-12.838140487670898,-12.049650192260742,-10.95628833770752,-8.909513473510742,-8.821141242980957,-10.412611961364746,-11.42926025390625,-10.160332679748535,-10.672187805175781,-10.445956230163574,-8.368083000183105,-10.202675819396973,-11.474627494812012,-9.760112762451172,-9.351997375488281,-11.57811450958252,-11.061238288879395,-9.201020240783691,-10.362689018249512,-11.986422538757324,-12.954886436462402,-11.94967269897461
-4.721144199371338,-5.260306358337402,-5.833474636077881,-6.08339262008667,-5.644468307495117,-5.954818248748779,-7.411425590515137,-8.924391746520996,-8.997896194458008,-8.64001178741455,-9.539412498474121,-9.352275848388672,-8.868363380432129,-8.396798133850098,-8.631184577941895,-9.407195091247559,-10.433004379272461,-10.383224487304688,-10.331526756286621,-13.234945297241211,-14.034083366394043,-14.162548065185547,-17.707561492919922,-15.855527877807617,-12.454336166381836,-11.45461368560791,-7.8628692626953125,-7.003185749053955,-7.141334056854248,-10.886184692382812,-8.224652290344238,-9.315288543701172,-8.241510391235352,-2.6486990451812744,-7.431578159332275,-9.79918098449707,-12.907037734985352,-11.654929161071777,-11.028188705444336,-9.311864852905273,-9.030405044555664,-8.994051933288574,-11.046490669250488,-11.552420616149902,-11.82815933227539
-4.089267253875732,-4.472593307495117,-5.03470516204834,-5.160793304443359,-4.346629619598389,-3.642218828201294,-4.5010457038879395,-7.088879585266113,-8.72382640838623,-8.921394348144531,-9.330232620239258,-8.82989501953125,-8.381278038024902,-8.242559432983398,-8.466546058654785,-8.864407539367676,-9.140377044677734,-7.897672176361084,-7.145225524902344,-10.302433967590332,-16.9989070892334,-20.590805053710938,-23.260778427124023,-21.538475036621094,-8.291999816894531,-11.466322898864746,-3.0795793533325195,-7.5300703048706055,-5.484318256378174,-10.081725120544434,-11.879182815551758,-9.66940689086914,-7.81406831741333,-5.431166648864746,-13.01619815826416,-21.924497604370117,-21.36760711669922,-8.905299186706543,-7.856097221374512,-6.023362159729004,-7.001590728759766,-8.43655776977539,-10.781445503234863,-11.509521484375,-11.87563705444336
-3.3507227897644043,-3.7782251834869385,-4.578066349029541,-4.7063212394714355,-4.030640602111816,-3.3387610912323,-3.8453383445739746,-5.53458833694458,-7.27907133102417,-8.19140625,-8.840176582336426,-9.328725814819336,-10.131461143493652,-10.238351821899414,-9.318968772888184,-8.52491283416748,-7.94761323928833,-6.881270885467529,-6.9978461265563965,-11.283726692199707,-17.4222354888916,-20.582740783691406,-24.08309555053711,-23.323963165283203,10.632964134216309,-5.165417671203613,-5.205041885375977,-5.967626094818115,-8.189336776733398,-9.55292797088623,-11.078341484069824,-8.746854782104492,-7.137559413909912,-7.495189666748047,-13.651307106018066,-18.809396743774414,-20.61375617980957,5.774415016174316,-8.171344757080078,-4.079065799713135,-6.015249252319336,-7.230774402618408,-10.113150596618652,-11.521714210510254,-12.386130332946777
-3.1435930728912354,-2.8093485832214355,-3.681535482406616,-4.484487533569336,-4.268757343292236,-3.743504524230957,-3.843935251235962,-4.49154806137085,-5.281320571899414,-6.511617660522461,-8.159136772155762,-8.834391593933105,-8.499001502990723,-8.04247760772705,-8.362899780273438,-8.733593940734863,-8.064480781555176,-7.222918510437012,-8.04220962524414,-10.55043888092041,-13.140777587890625,-14.989470481872559,-15.243485450744629,-15.797096252441406,-9.073371887207031,-8.58835220336914,-8.688177108764648,-7.782558441162109,-9.389097213745117,-8.417214393615723,-8.711512565612793,-7.6694488525390625,-6.007135391235352,-6.24357795715332,-8.55007553100586,-10.805129051208496,-10.700446128845215,-5.191982269287109,-12.055643081665039,-6.569815635681152,-8.049099922180176,-7.267188549041748,-8.909170150756836,-10.153120994567871,-11.9038667678833
-3.5544424057006836,-2.6944262981414795,-2.6204769611358643,-3.725917339324951,-4.224831581115723,-3.8277809619903564,-3.5265777111053467,-3.610755443572998,-3.9384238719940186,-5.046888828277588,-6.877392292022705,-7.561775207519531,-6.809470176696777,-6.314074516296387,-7.151002883911133,-8.22059440612793,-8.107847213745117,-8.05048942565918,-9.010254859924316,-10.021429061889648,-10.25471305847168,-10.647290229797363,-12.33963680267334,-13.234746932983398,-11.339513778686523,-8.135208129882812,-10.384849548339844,-9.963983535766602,-9.132452964782715,-8.020158767700195,-7.973934650421143,-6.723019599914551,-5.4909491539001465,-5.114057540893555,-5.034682273864746,-6.836201190948486,-10.04672908782959,-12.486883163452148,-14.229272842407227,-11.718838691711426,-9.657699584960938,-7.4980926513671875,-7.0649895668029785,-8.701590538024902,-10.929633140563965
-3.780275821685791,-3.117680072784424,-2.345909357070923,-3.080357074737549,-3.8513121604919434,-3.6779415607452393,-3.1769096851348877,-3.025294065475464,-3.4880053997039795,-4.402441024780273,-5.5013604164123535,-5.985272407531738,-5.738426685333252,-6.1277289390563965,-7.403361797332764,-8.422256469726562,-8.719371795654297,-8.714669227600098,-8.940016746520996,-9.147937774658203,-9.306833267211914,-9.79727840423584,-10.976137161254883,-11.460634231567383,-9.052226066589355,-7.430179119110107,-10.692727088928223,-10.226277351379395,-9.219520568847656,-8.618731498718262,-7.932235240936279,-6.537930011749268,-6.156996250152588,-6.4740071296691895,-6.302448272705078,-7.726507186889648,-12.376898765563965,-16.561479568481445,-16.35223388671875,-13.189308166503906,-9.22866153717041,-6.867589473724365,-6.3513264656066895,-7.883839130401611,-10.022550582885742
