data/wind_data/wind_45_6.json
{"header": {"parameterUnit": "KT", "parameterCategory": 2, "nx": 256, "ny": 198, "lo1": 44.73521041870117, "la1": -3.236724853515625, "lo2": 111.26478576660156, "la2": 43.468475341796875, "dx": 0.2609002888202667, "dy": -0.23708222806453705, "refTime": "2025-02-20 21:00:00", "forecastTime": 0, "parameterNumber": 2, "parameterNumberName": "eastward_wind"}, "data":
[rows 120 to 139 of 198, columns 132 to 175 of 256]
76.68312072753906,77.36365509033203,78.25755310058594,79.34099578857422,80.74246978759766,81.68656158447266,81.95321655273438,82.66266632080078,82.95671081542969,82.50166320800781,80.3113784790039,77.3413314819336,74.1228256225586,72.84603118896484,74.40225982666016,76.92760467529297,78.07865142822266,77.89257049560547,77.63530731201172,78.00326538085938,78.74252319335938,79.43670654296875,79.89444732666016,80.15699768066406,80.38127136230469,80.62199401855469,80.7936019897461,80.67577362060547,80.54210662841797,80.4849624633789,80.3814697265625,80.48262023925781,80.65554809570312,80.34638214111328,79.34471893310547,79.33165740966797,80.70171356201172,81.64075469970703,81.3176040649414,80.5806655883789,80.4060287475586,80.8837890625,81.5085220336914,81.7315444946289
76.6117172241211,77.17594146728516,78.41715240478516,80.02045440673828,81.38461303710938,82.27875518798828,82.1080322265625,81.78482055664062,80.41016387939453,78.9440689086914,75.92599487304688,73.57256317138672,71.54658508300781,71.98223876953125,73.90715026855469,75.83829498291016,76.4549331665039,76.0486068725586,75.56861114501953,75.80357360839844,76.64482116699219,77.56172180175781,78.23259735107422,78.62625885009766,78.95037078857422,79.21004486083984,79.45445251464844,79.23986053466797,78.71806335449219,78.48751831054688,78.33867645263672,77.85394287109375,77.28585052490234,76.8730239868164,76.12255859375,76.58251190185547,78.91609954833984,80.0729751586914,78.39754486083984,76.78038024902344,77.36095428466797,78.597900390625,79.25560760498047,79.0728530883789
77.15991973876953,78.41896057128906,79.99375915527344,80.92432403564453,80.79063415527344,79.54727935791016,78.28471374511719,77.00884246826172,75.80206298828125,75.28548431396484,73.01864624023438,71.33815002441406,71.07149505615234,73.44317626953125,75.29396057128906,75.09750366210938,74.09635162353516,72.8271484375,71.42427825927734,70.49415588378906,70.607421875,71.7472915649414,73.30693817138672,74.72015380859375,75.8267593383789,76.5283203125,77.21085357666016,77.57698822021484,77.36358642578125,77.28903198242188,76.58943176269531,74.53330993652344,73.8128433227539,74.4320068359375,73.6196517944336,73.54042053222656,76.16374206542969,77.76763916015625,74.86872100830078,72.24742126464844,73.89013671875,75.82029724121094,76.44657897949219,75.56248474121094
78.30349731445312,79.63794708251953,80.2753677368164,79.47898864746094,77.50634002685547,75.16645050048828,73.63369750976562,72.33387756347656,72.26669311523438,71.9192123413086,68.89974975585938,67.65694427490234,65.55210876464844,63.856544494628906,64.88249206542969,66.47402954101562,67.2754135131836,67.30229949951172,66.22686767578125,64.74212646484375,64.60514068603516,66.12969207763672,68.34418487548828,70.42425537109375,72.06165313720703,73.37028503417969,74.18792724609375,74.93267822265625,76.35697937011719,75.59033966064453,71.42257690429688,69.00172424316406,71.0538558959961,74.23231506347656,72.3625717163086,68.79503631591797,70.54920959472656,72.611328125,70.34596252441406,68.01869201660156,69.49044036865234,71.49873352050781,72.91842651367188,71.95098114013672
78.96137237548828,78.75312042236328,77.33677673339844,75.30878448486328,73.0684585571289,71.17557525634766,69.73844146728516,68.1917724609375,69.272216796875,66.70087432861328,64.14545440673828,60.19962692260742,51.64925765991211,46.96028518676758,51.795616149902344,58.74797058105469,63.53089904785156,65.78751373291016,65.72110748291016,65.61063385009766,67.00228118896484,68.8855972290039,69.79901885986328,69.82656860351562,69.86735534667969,70.17760467529297,70.75049591064453,71.23745727539062,72.80388641357422,73.31744384765625,67.71430969238281,63.77082443237305,66.6413803100586,69.0990219116211,68.12635040283203,65.52684020996094,65.24066162109375,65.72036743164062,64.61932373046875,63.87865447998047,64.7181625366211,67.68627166748047,70.71856689453125,68.7206039428711
77.79515075683594,75.74918365478516,73.33509063720703,71.1186752319336,69.03209686279297,67.10328674316406,66.1458740234375,64.54607391357422,66.28411102294922,60.836727142333984,61.150760650634766,46.453643798828125,34.32156753540039,42.168243408203125,53.08005142211914,59.99140167236328,64.45052337646484,67.69745635986328,69.37657928466797,70.16340637207031,70.4317626953125,69.6353759765625,67.89026641845703,66.62290954589844,66.9854965209961,67.06676483154297,66.52508544921875,67.13951873779297,67.69593811035156,67.57775115966797,65.26640319824219,61.68976974487305,60.65695571899414,60.39952087402344,60.28569412231445,60.94273376464844,61.17293167114258,59.621253967285156,58.26335906982422,59.36600875854492,61.458438873291016,64.71684265136719,67.38732147216797,66.0484390258789
74.70169830322266,71.80174255371094,69.1502914428711,66.9727783203125,64.93743896484375,63.370399475097656,61.93334197998047,60.852928161621094,59.544498443603516,56.810447692871094,53.88842010498047,49.511817932128906,45.16382598876953,51.0997314453125,60.87955093383789,64.98766326904297,67.78768920898438,70.627197265625,71.42158508300781,70.73322296142578,68.58296203613281,64.8235092163086,61.957725524902344,61.28428268432617,62.624549865722656,63.8316650390625,63.610721588134766,62.73537826538086,60.90871810913086,59.61900329589844,59.061824798583984,56.565189361572266,53.13375473022461,51.75798034667969,52.93783187866211,55.19403839111328,56.32222366333008,55.027164459228516,53.48141098022461,54.719520568847656,58.15372848510742,62.03622817993164,62.731624603271484,60.289306640625
70.6284408569336,67.3603515625,64.36917877197266,62.152809143066406,60.536598205566406,58.89411544799805,56.77011489868164,55.33671951293945,53.36231231689453,52.73339080810547,51.23259735107422,49.14719772338867,49.55496597290039,54.55697250366211,60.72313690185547,64.55905151367188,66.08766174316406,67.72315979003906,68.79058074951172,66.86537170410156,61.82776641845703,57.588157653808594,56.960296630859375,57.71516799926758,58.68336486816406,59.43399429321289,58.294639587402344,55.648563385009766,52.8137092590332,50.59223175048828,50.386146545410156,49.866737365722656,47.04159927368164,46.00952911376953,48.464988708496094,50.76709747314453,51.64822006225586,51.3676643371582,50.309364318847656,50.804718017578125,53.966312408447266,57.50518035888672,57.16051483154297,54.316925048828125
66.05017852783203,62.56534194946289,59.21367263793945,57.07159423828125,55.95625305175781,54.35036087036133,52.15467071533203,50.72383499145508,49.77588653564453,49.10307693481445,48.9720458984375,48.204654693603516,48.31390380859375,50.42231369018555,53.612911224365234,58.11091995239258,60.1561393737793,58.08009719848633,56.67111587524414,56.37300109863281,54.88322448730469,53.722537994384766,53.46680450439453,52.22732162475586,51.15534973144531,50.58230972290039,49.164634704589844,46.703712463378906,44.1060676574707,42.642189025878906,43.53359603881836,44.37944793701172,43.38523864746094,43.12343978881836,44.07232666015625,45.25307846069336,46.937435150146484,47.74040603637695,47.050289154052734,47.34385299682617,49.77265930175781,52.41757583618164,51.81005096435547,49.16619873046875
61.30234146118164,58.29959487915039,54.762813568115234,52.549415588378906,51.98174285888672,50.37968063354492,48.5114631652832,48.23652267456055,47.94930648803711,46.48939895629883,46.947975158691406,43.21923065185547,39.1318244934082,41.84584045410156,47.8695182800293,54.011932373046875,58.368629455566406,54.35959243774414,47.15865707397461,47.892704010009766,51.34035873413086,52.2619514465332,49.923702239990234,45.814964294433594,42.473121643066406,40.73890686035156,40.069244384765625,38.28355026245117,35.79230499267578,36.28251266479492,39.04566192626953,40.49019241333008,40.13282775878906,39.836910247802734,40.14780807495117,41.569087982177734,43.53398513793945,43.96213150024414,43.47907257080078,44.10841369628906,45.97417068481445,47.6382942199707,47.282413482666016,45.291011810302734
57.20659637451172,54.986907958984375,51.71030807495117,48.821292877197266,49.00970458984375,49.58351516723633,49.31467819213867,48.92085647583008,47.69730758666992,45.92975997924805,41.082088470458984,31.76608657836914,30.176259994506836,37.9196662902832,47.0343017578125,54.20808410644531,54.84476852416992,48.316749572753906,44.710113525390625,48.758060455322266,51.40169143676758,48.6600456237793,44.38058090209961,40.651309967041016,36.035797119140625,32.570037841796875,32.75468063354492,33.79364776611328,33.54087829589844,34.68101119995117,37.49700164794922,39.00190353393555,38.96006393432617,38.68796157836914,39.187225341796875,40.75590133666992,41.68762969970703,41.20747375488281,40.96116638183594,41.84675598144531,42.98961639404297,43.865150451660156,43.67353439331055,40.33184051513672
54.28824234008789,52.74142837524414,51.92359924316406,46.23657989501953,48.92892074584961,36.127105712890625,44.83424377441406,51.59265899658203,48.688228607177734,45.199947357177734,38.3664665222168,28.98026466369629,29.010316848754883,38.818275451660156,49.016605377197266,53.82185363769531,53.38165283203125,51.7603645324707,51.37314224243164,51.97587203979492,49.73102951049805,44.977447509765625,40.81001281738281,36.616024017333984,32.05788040161133,30.085712432861328,31.193492889404297,33.6037712097168,34.95820236206055,35.973388671875,37.81159973144531,38.722877502441406,38.774200439453125,38.7856330871582,38.817344665527344,39.5510139465332,39.59135055541992,38.8388786315918,38.6741943359375,39.59030532836914,40.311458587646484,40.31870651245117,38.70127868652344,34.800933837890625
51.779293060302734,49.48906707763672,52.5174446105957,49.771026611328125,51.11036682128906,48.221534729003906,51.815391540527344,51.98038101196289,49.52586364746094,44.73813247680664,31.587051391601562,32.199623107910156,40.397117614746094,47.76616287231445,53.03807067871094,54.91390609741211,56.529388427734375,57.94335174560547,56.96843338012695,53.15693283081055,47.11037826538086,41.4428825378418,37.57038497924805,33.838706970214844,31.246736526489258,31.472387313842773,32.7143440246582,34.25185775756836,36.06568145751953,37.421363830566406,38.25627517700195,38.159366607666016,38.32218551635742,39.08009719848633,39.003658294677734,38.1358528137207,36.88759994506836,36.32041549682617,36.77229690551758,38.308753967285156,39.701358795166016,38.130802154541016,34.76061248779297,32.6597900390625
52.36793899536133,53.20601272583008,54.853878021240234,52.75013732910156,53.191280364990234,54.4151496887207,56.750972747802734,52.0951042175293,49.82640075683594,44.48348617553711,31.101463317871094,40.014190673828125,51.9655876159668,56.860595703125,59.03777313232422,60.231201171875,61.04132843017578,61.79407501220703,59.81119155883789,53.52748489379883,45.13391876220703,39.45566177368164,36.10607147216797,33.423728942871094,32.3283805847168,33.718204498291016,35.7864875793457,36.95378875732422,38.01062774658203,38.7344970703125,38.64356994628906,37.72151184082031,37.76177978515625,38.93049240112305,39.295738220214844,37.76961135864258,35.75278854370117,35.56776428222656,36.38749313354492,38.39642333984375,38.02606201171875,35.86748504638672,32.64434814453125,33.392059326171875
54.4997444152832,55.36623001098633,55.889625549316406,56.54479217529297,59.635128021240234,59.41609191894531,57.51585006713867,51.1330680847168,48.00077438354492,47.78056335449219,41.75905227661133,43.598018646240234,52.41278839111328,59.36118698120117,63.09238815307617,63.963661193847656,63.7491569519043,63.80549621582031,60.327449798583984,50.998451232910156,41.053951263427734,36.64503479003906,35.14986801147461,34.53537368774414,35.152164459228516,37.16129684448242,39.543758392333984,40.0910758972168,39.62190246582031,39.58457946777344,39.21352005004883,37.95549392700195,37.499359130859375,38.47372817993164,39.222450256347656,37.91297149658203,35.6516227722168,35.397708892822266,35.92917251586914,36.16054916381836,34.7364616394043,32.17403793334961,33.27073287963867,34.56574630737305
58.57489013671875,59.59662628173828,60.35627746582031,59.59607696533203,63.24663162231445,61.445594787597656,54.346561431884766,47.73768997192383,45.719261169433594,47.87133026123047,49.75460433959961,49.50185775756836,50.92969512939453,55.379032135009766,59.72824478149414,61.362754821777344,62.00569152832031,61.10294723510742,54.43819046020508,43.820308685302734,36.89092254638672,35.29788589477539,35.054931640625,35.88156509399414,37.689453125,40.100555419921875,42.55561828613281,42.410316467285156,40.49476623535156,39.43046569824219,38.459407806396484,37.525489807128906,37.025882720947266,37.23198318481445,37.787105560302734,36.67958068847656,34.254520416259766,33.365257263183594,33.64923858642578,33.2807731628418,31.541200637817383,29.86041259765625,32.8361930847168,32.043479919433594
63.18865203857422,64.53463745117188,66.04994201660156,63.62397384643555,59.92631149291992,55.25288009643555,51.087989807128906,49.31262969970703,47.61833953857422,46.910560607910156,49.010562896728516,49.994667053222656,50.85470962524414,53.71044921875,55.99388122558594,57.13923263549805,57.99116516113281,54.76594924926758,45.890785217285156,38.194637298583984,36.39287567138672,36.96820068359375,36.804771423339844,37.64572525024414,39.972450256347656,42.345733642578125,43.979095458984375,43.26660919189453,41.000816345214844,38.617408752441406,36.373634338378906,35.50864028930664,34.76933288574219,33.78312683105469,34.13942337036133,33.730010986328125,31.42131233215332,30.026287078857422,29.863054275512695,29.381763458251953,28.541093826293945,28.771772384643555,30.31173324584961,29.780454635620117
67.1870346069336,67.07769012451172,65.23120880126953,59.36671829223633,54.35464096069336,50.88520431518555,51.3596305847168,51.292945861816406,46.306556701660156,45.424285888671875,48.64363479614258,51.63951873779297,54.97249984741211,56.45560836791992,55.78849792480469,56.15560531616211,56.09921646118164,50.18886947631836,40.64982986450195,35.624664306640625,36.459632873535156,37.88533020019531,37.94633102416992,38.597110748291016,40.860347747802734,42.80988311767578,42.71367263793945,40.58113479614258,37.63125228881836,34.275753021240234,31.74308967590332,31.675172805786133,31.444843292236328,30.005062103271484,30.409976959228516,30.801511764526367,28.20356559753418,26.08079719543457,25.712556838989258,24.953826904296875,24.377197265625,23.114641189575195,23.996368408203125,25.014354705810547
66.41797637939453,61.278926849365234,58.92116165161133,58.486656188964844,56.56949234008789,52.83698654174805,53.31754684448242,54.696659088134766,47.47063064575195,44.03704833984375,48.191749572753906,54.629493713378906,59.43412780761719,60.40153884887695,58.956050872802734,57.805458068847656,55.78020095825195,48.910343170166016,39.618404388427734,35.193965911865234,35.81063461303711,36.59183883666992,37.62950897216797,38.4463996887207,39.57658767700195,40.891815185546875,39.679439544677734,35.16307067871094,31.11958885192871,29.08137321472168,27.670534133911133,28.140146255493164,29.011241912841797,28.76258659362793,28.851953506469727,28.24787139892578,25.382076263427734,23.622526168823242,23.024085998535156,21.3709659576416,22.167129516601562,24.690216064453125,25.08012580871582,21.038074493408203
62.19722366333008,55.636322021484375,56.3908805847168,61.105350494384766,61.1410026550293,57.299129486083984,56.07110595703125,56.96118927001953,53.11789321899414,45.6627082824707,46.367000579833984,54.43340301513672,61.7816276550293,65.11178588867188,63.477073669433594,59.72554016113281,55.93495178222656,48.771324157714844,40.45755386352539,36.50760269165039,35.169517517089844,35.44236755371094,38.42052459716797,39.58926010131836,38.865543365478516,37.631019592285156,35.522682189941406,31.42218017578125,27.874942779541016,27.06440544128418,27.082324981689453,27.337644577026367,27.872169494628906,28.162620544433594,27.72726058959961,25.053544998168945,23.065568923950195,23.815710067749023,21.67321014404297,15.020898818969727,18.12859535217285,27.408035278320312,28.499971389770508,22.570667266845703
