data/wind_data/wind_4_9.json
{"header": {"parameterUnit": "KT", "parameterCategory": 2, "nx": 256, "ny": 198, "lo1": 44.73521041870117, "la1": -3.236724853515625, "lo2": 111.26478576660156, "la2": 43.468475341796875, "dx": 0.2609002888202667, "dy": -0.23708222806453705, "refTime": "2025-02-19 04:00:00", "forecastTime": 0, "parameterNumber": 2, "parameterNumberName": "eastward_wind"}, "data":
[rows 152 to 170 of 198, columns 86 to 128 of 256]
8.046565055847168,10.570026397705078,9.797149658203125,7.499394416809082,7.787481307983398,10.152196884155273,11.572821617126465,10.424016952514648,8.543781280517578,8.184794425964355,8.873095512390137,9.18614673614502,9.146791458129883,10.25890827178955,12.30292797088623,13.429268836975098,12.922947883605957,12.008525848388672,11.782445907592773,12.21937370300293,12.678622245788574,12.25741195678711,10.745926856994629,9.946477890014648,10.527935028076172,10.885887145996094,10.848812103271484,11.221044540405273,11.150762557983398,10.392288208007812,10.1428861618042,10.232851028442383,10.018973350524902,9.761945724487305,8.162353515625,3.4177181720733643,-0.03425964340567589,0.6258822083473206,3.03920578956604,4.485951900482178,4.199676036834717,2.7076873779296875,2.5143189430236816
9.33606243133545,12.71315860748291,11.81783676147461,8.096518516540527,7.853543758392334,11.096290588378906,13.225690841674805,11.600741386413574,8.857110023498535,8.184321403503418,8.994272232055664,8.997915267944336,8.446346282958984,9.540203094482422,12.032785415649414,14.185830116271973,14.669780731201172,13.787256240844727,12.99592113494873,12.988370895385742,13.015748023986816,12.046565055847168,10.416295051574707,9.703439712524414,10.0369234085083,10.405044555664062,10.87916088104248,11.300692558288574,10.591405868530273,9.531696319580078,8.608354568481445,7.340604305267334,6.038506984710693,5.942102909088135,5.440567493438721,2.2325587272644043,-0.5082670450210571,0.41554611921310425,2.854220390319824,4.334781169891357,4.197369575500488,2.9210762977600098,2.626282215118408
10.525014877319336,13.125129699707031,11.843316078186035,9.235909461975098,9.997444152832031,12.97485637664795,13.812768936157227,11.415031433105469,8.416502952575684,7.3743696212768555,8.277030944824219,9.871914863586426,10.782769203186035,11.353808403015137,12.735377311706543,14.72669792175293,15.820392608642578,14.994837760925293,13.559966087341309,12.96988296508789,12.735099792480469,11.967958450317383,10.93443775177002,10.139245986938477,9.543030738830566,9.485917091369629,10.019275665283203,9.56208610534668,8.329282760620117,7.696868896484375,6.517268657684326,4.0013556480407715,2.5967302322387695,3.0288944244384766,2.57651948928833,0.36407503485679626,-1.3649636507034302,-0.34015578031539917,2.64164400100708,5.249083518981934,5.7359137535095215,4.225468158721924,3.2100396156311035
11.55155086517334,12.29556941986084,11.892221450805664,12.438158988952637,13.608287811279297,14.139622688293457,13.428558349609375,11.248242378234863,8.315861701965332,6.759279251098633,8.092290878295898,11.177111625671387,13.218033790588379,13.640843391418457,14.195721626281738,15.785299301147461,16.98418426513672,16.286602020263672,14.799336433410645,14.050161361694336,13.641509056091309,13.112763404846191,12.229931831359863,10.662005424499512,9.366250038146973,9.443184852600098,9.748806953430176,8.427785873413086,6.667827129364014,5.549790382385254,3.6330626010894775,1.4191793203353882,0.994087278842926,1.8917007446289062,1.1057151556015015,-0.9152606129646301,-1.2932102680206299,0.5450800061225891,3.241425037384033,6.067817687988281,6.418165683746338,4.22330904006958,2.856826066970825
12.934017181396484,12.998950958251953,13.812277793884277,15.747567176818848,15.701533317565918,13.951993942260742,13.203204154968262,12.520133018493652,10.10245418548584,8.424495697021484,9.607329368591309,11.893726348876953,12.878439903259277,12.96231460571289,13.68710708618164,15.32780933380127,16.41126251220703,16.062454223632812,15.349624633789062,14.977088928222656,14.434060096740723,13.698190689086914,12.220647811889648,10.079975128173828,9.165047645568848,9.807570457458496,10.043233871459961,8.356703758239746,5.167279243469238,2.581564426422119,1.406793475151062,0.5392879247665405,0.44144248962402344,1.6324679851531982,1.072657823562622,-0.979315459728241,-0.20542261004447937,2.000213623046875,3.707874298095703,5.5248870849609375,5.354629039764404,3.8547115325927734,3.3313844203948975
13.618834495544434,13.822319984436035,14.915959358215332,16.520214080810547,15.859444618225098,14.020939826965332,13.985878944396973,14.433246612548828,13.129613876342773,11.60251522064209,11.59278678894043,12.172124862670898,12.12096881866455,11.789695739746094,12.234704971313477,13.614468574523926,14.730311393737793,14.864850044250488,14.311753273010254,13.394719123840332,12.615558624267578,12.03829574584961,10.689859390258789,8.717846870422363,8.057710647583008,9.544676780700684,11.091404914855957,8.74577808380127,2.354642629623413,-0.36863359808921814,0.8874877691268921,1.5481362342834473,1.2319166660308838,0.8518980145454407,-0.4714607894420624,-1.7012840509414673,0.032842233777046204,2.349790096282959,3.8122775554656982,4.47683048248291,3.7467939853668213,3.4845540523529053,4.591242790222168
13.342935562133789,13.176738739013672,14.592325210571289,16.657636642456055,16.733352661132812,15.18706226348877,14.980475425720215,15.904516220092773,15.785480499267578,14.312115669250488,13.003210067749023,12.694774627685547,12.824382781982422,12.624878883361816,12.79644775390625,14.157910346984863,15.310548782348633,14.669654846191406,12.732014656066895,11.018857955932617,10.487761497497559,10.227205276489258,8.847697257995605,6.787418365478516,6.625489711761475,9.321736335754395,11.782270431518555,7.708178997039795,-0.5894365906715393,-2.584869861602783,0.39090079069137573,2.6860339641571045,2.081326961517334,-0.906804621219635,-3.7439355850219727,-3.674699306488037,-2.301734209060669,0.2112339586019516,2.890180826187134,3.0376577377319336,1.6821831464767456,2.2152342796325684,4.882473468780518
13.894185066223145,13.291969299316406,14.877737045288086,17.481088638305664,18.053653717041016,16.275938034057617,15.552959442138672,16.793128967285156,17.58431053161621,16.303712844848633,14.139573097229004,13.091299057006836,13.296810150146484,13.85155200958252,15.148070335388184,17.546669006347656,18.765756607055664,16.530704498291016,12.694112777709961,10.244959831237793,9.625896453857422,9.396415710449219,7.756678104400635,5.506537914276123,5.612156391143799,8.542906761169434,10.702198028564453,6.788792610168457,-0.04966171085834503,-2.881431818008423,-0.39438551664352417,2.1948416233062744,1.1172772645950317,-3.177204132080078,-5.919966220855713,-5.281260013580322,-3.7622060775756836,-0.5241546630859375,2.408658981323242,2.367069721221924,1.5128240585327148,2.485837459564209,5.422889709472656
16.191204071044922,16.102622985839844,17.05404281616211,18.452470779418945,18.596189498901367,17.113800048828125,16.37701988220215,17.57319450378418,18.666109085083008,17.435110092163086,14.607966423034668,12.708884239196777,12.637909889221191,13.828605651855469,16.453563690185547,20.043596267700195,21.75340461730957,18.914743423461914,13.518096923828125,9.639810562133789,8.343122482299805,8.00419807434082,6.471742630004883,4.388381004333496,4.9029622077941895,8.04908561706543,9.877812385559082,7.4826178550720215,2.503969192504883,-1.1806442737579346,-1.2704778909683228,0.05144067481160164,-0.15198229253292084,-3.048072576522827,-3.9654502868652344,-2.761824607849121,-0.8927412033081055,1.313029408454895,3.3907899856567383,4.610011577606201,4.695879936218262,4.724644660949707,6.7690911293029785
18.64285659790039,19.134845733642578,19.518373489379883,19.588342666625977,18.893274307250977,17.3227481842041,16.510692596435547,17.555431365966797,18.714174270629883,17.311763763427734,13.917417526245117,12.21225357055664,12.98389720916748,14.433938980102539,16.679073333740234,19.76960563659668,21.043319702148438,18.1722412109375,13.083999633789062,8.786670684814453,6.326728820800781,5.435827732086182,5.092537879943848,4.784196853637695,6.084019184112549,8.848612785339355,9.722522735595703,7.615982532501221,3.797403573989868,0.34943291544914246,-1.026991605758667,-0.7080869674682617,-0.6595302820205688,-1.2627652883529663,-0.8578370809555054,0.41572654247283936,1.5216953754425049,1.8336584568023682,3.0363264083862305,5.06687593460083,6.470320701599121,6.677799224853516,7.8403520584106445
20.1424503326416,20.683523178100586,21.119226455688477,21.035045623779297,19.49967384338379,17.003610610961914,15.763956069946289,16.788137435913086,18.33184814453125,17.377107620239258,14.37539005279541,13.432064056396484,14.694164276123047,15.639554023742676,16.38119125366211,17.842605590820312,18.109235763549805,15.742977142333984,11.80728530883789,7.0709967613220215,3.1222622394561768,2.477973222732544,4.594060897827148,6.68682336807251,8.637358665466309,10.666826248168945,10.479486465454102,7.8871307373046875,4.474134922027588,1.5999809503555298,-0.14351455867290497,-0.39337238669395447,-0.08137151598930359,0.7899019718170166,1.905495047569275,3.603346109390259,4.213900566101074,3.6191182136535645,3.625969171524048,5.1799116134643555,6.9796833992004395,7.777092456817627,8.526394844055176
20.774091720581055,21.488258361816406,21.955068588256836,21.99437713623047,20.234750747680664,17.108386993408203,15.403168678283691,16.22464942932129,17.89460563659668,17.698341369628906,16.036611557006836,15.984785079956055,17.097110748291016,16.814624786376953,15.759650230407715,15.940109252929688,15.911918640136719,13.837010383605957,10.000166893005371,5.09699821472168,1.0615742206573486,0.9416293501853943,4.494497299194336,8.694485664367676,11.715973854064941,13.025662422180176,11.564334869384766,8.363997459411621,5.326931476593018,2.4781527519226074,-0.1819627732038498,-1.0964313745498657,-0.022774778306484222,2.6521730422973633,5.714625835418701,7.768539905548096,7.50275993347168,6.35456657409668,6.775280475616455,7.844920635223389,8.447755813598633,8.706196784973145,9.198830604553223
20.99196434020996,22.299835205078125,22.603134155273438,22.211593627929688,20.513076782226562,17.480995178222656,15.480953216552734,15.998604774475098,17.48219871520996,17.7805118560791,17.433334350585938,18.150449752807617,18.99546241760254,17.7895450592041,15.438668251037598,14.551230430603027,14.285811424255371,12.371114730834961,8.617372512817383,4.318464279174805,1.3193038702011108,1.7706950902938843,5.591180801391602,10.685720443725586,14.29555892944336,14.420538902282715,11.291942596435547,7.630033493041992,4.831677436828613,2.093942880630493,-0.7918224930763245,-2.2215540409088135,-0.31009718775749207,4.225687503814697,9.15337085723877,11.372234344482422,10.13093090057373,8.07141399383545,8.17685317993164,8.581572532653809,8.210280418395996,8.459657669067383,9.509113311767578
20.719804763793945,23.175504684448242,23.609956741333008,22.27901840209961,20.273836135864258,17.89164924621582,16.073230743408203,16.011926651000977,17.01203155517578,17.814634323120117,18.270946502685547,19.021867752075195,19.61490821838379,18.501537322998047,15.648652076721191,13.377117156982422,12.418022155761719,11.164387702941895,8.55096435546875,5.271220684051514,3.123042106628418,3.779860734939575,7.421254634857178,12.253449440002441,15.35288143157959,14.026391983032227,9.490492820739746,5.4594550132751465,2.778881072998047,0.5044667720794678,-1.8999897241592407,-2.9375972747802734,-0.11900031566619873,5.5903143882751465,11.132420539855957,13.450318336486816,12.029269218444824,9.00775146484375,7.48579740524292,7.2520976066589355,7.390140056610107,8.194048881530762,9.877715110778809
20.477746963500977,23.9193115234375,24.794414520263672,23.32879066467285,20.83641815185547,18.15519142150879,16.301830291748047,15.84069538116455,16.37639045715332,17.367300033569336,18.18152618408203,18.87232780456543,19.480911254882812,18.920799255371094,16.318256378173828,13.26425838470459,11.682503700256348,11.130451202392578,10.289534568786621,8.354044914245605,6.454141139984131,6.593118190765381,9.032066345214844,12.126617431640625,13.802172660827637,12.140536308288574,7.884095191955566,3.839813470840454,0.7828367948532104,-1.9299947023391724,-3.466660261154175,-2.233250379562378,2.1466405391693115,7.9480109214782715,12.195683479309082,13.554759979248047,12.197361946105957,9.37925910949707,7.089322090148926,6.881835460662842,8.36565113067627,9.90334701538086,11.293535232543945
19.594379425048828,23.334562301635742,25.190711975097656,24.448501586914062,21.429336547851562,17.777612686157227,15.419001579284668,14.559263229370117,14.937904357910156,16.437068939208984,18.19147491455078,19.39695930480957,19.839065551757812,19.20100975036621,17.466007232666016,15.166789054870605,13.059476852416992,12.075591087341309,12.098736763000488,11.711219787597656,10.574698448181152,10.287044525146484,11.049820899963379,11.887482643127441,12.03669548034668,10.54063606262207,7.212827205657959,3.4987282752990723,0.7538267374038696,-1.0127668380737305,-1.0595074892044067,1.7593157291412354,6.448731899261475,10.311370849609375,11.887048721313477,11.9391450881958,11.355464935302734,10.457987785339355,9.418095588684082,9.690690994262695,11.306836128234863,12.640795707702637,13.46068286895752
19.04302215576172,22.140974044799805,23.997283935546875,23.619144439697266,20.900590896606445,16.95828628540039,14.004005432128906,13.037609100341797,14.001011848449707,16.362504959106445,18.89876365661621,20.338726043701172,20.05702018737793,18.759654998779297,18.04018211364746,17.248971939086914,14.608439445495605,11.956863403320312,11.625560760498047,12.661694526672363,13.30593490600586,13.90335750579834,14.093854904174805,13.093158721923828,11.688350677490234,10.323834419250488,8.066514015197754,5.0372514724731445,2.658635139465332,1.9217309951782227,3.6095492839813232,7.320126533508301,10.329222679138184,10.841870307922363,10.150607109069824,9.84598159790039,10.836334228515625,12.361970901489258,12.969390869140625,13.007908821105957,13.312993049621582,13.862320899963379,14.688173294067383
20.23923110961914,22.106782913208008,22.506608963012695,21.668256759643555,19.59913444519043,16.21403694152832,13.126446723937988,12.320147514343262,14.007081985473633,16.891267776489258,19.338632583618164,19.8865966796875,18.446792602539062,17.298240661621094,17.65998649597168,17.699647903442383,15.453787803649902,12.16882610321045,10.834846496582031,12.193817138671875,14.615560531616211,16.332725524902344,16.153945922851562,14.424266815185547,12.996899604797363,12.146018028259277,10.342989921569824,7.4788312911987305,5.097282886505127,4.630917072296143,6.639846324920654,9.457987785339355,9.772592544555664,8.225502014160156,7.740522861480713,8.924225807189941,10.991827964782715,12.90530776977539,13.884955406188965,14.08230209350586,14.3858642578125,15.21679401397705,16.371932983398438
21.854223251342773,22.7370662689209,22.02695083618164,20.981794357299805,19.218048095703125,15.577606201171875,12.08780288696289,11.851211547851562,14.3591947555542,17.34117317199707,19.17928123474121,18.792512893676758,16.6566104888916,15.610923767089844,16.322290420532227,17.0469970703125,16.74272346496582,15.089614868164062,13.359879493713379,13.96738052368164,16.257980346679688,17.370079040527344,16.590496063232422,15.408906936645508,14.894678115844727,14.265274047851562,12.681235313415527,10.090778350830078,7.205316543579102,5.879868030548096,6.921050548553467,8.178383827209473,7.077702045440674,6.104140281677246,7.556650161743164,9.495636940002441,10.648287773132324,11.719934463500977,12.993279457092285,14.151113510131836,15.287120819091797,16.647327423095703,18.116727828979492
