data/wind_data/wind_Surface_46.json
{"header": {"parameterUnit": "KT", "parameterCategory": 2, "nx": 255, "ny": 198, "lo1": 44.73521041870117, "la1": -3.236724853515625, "lo2": 111.26478576660156, "la2": 43.468475341796875, "dx": 0.26192745566368103, "dy": -0.23708222806453705, "refTime": "2025-02-20 22:00:00", "forecastTime": 0, "parameterNumber": 2, "parameterNumberName": "eastward_wind"}, "data":
[rows 19 to 37 of 198, columns 43 to 85 of 255]
-14.114588737487793,-13.443840026855469,-12.773280143737793,-12.389782905578613,-12.24397087097168,-12.590567588806152,-13.038946151733398,-13.515080451965332,-13.024039268493652,-10.73454475402832,-8.929472923278809,-9.118452072143555,-11.011082649230957,-12.734223365783691,-13.04296875,-11.542645454406738,-9.56739616394043,-8.416526794433594,-9.296587944030762,-11.883288383483887,-12.451374053955078,-11.08653736114502,-11.521416664123535,-11.735340118408203,-9.486712455749512,-8.573180198669434,-9.444912910461426,-8.709247589111328,-7.331486701965332,-6.734194278717041,-7.302407264709473,-8.559066772460938,-9.301519393920898,-8.825528144836426,-7.723297119140625,-8.365301132202148,-9.663647651672363,-9.699187278747559,-9.036948204040527,-8.680243492126465,-8.707393646240234,-8.809080123901367,-8.378360748291016
-14.211849212646484,-13.486610412597656,-12.518638610839844,-13.040828704833984,-13.60340690612793,-13.689990997314453,-13.12350845336914,-12.945524215698242,-12.433981895446777,-9.914061546325684,-7.832334518432617,-9.023351669311523,-11.566935539245605,-11.677863121032715,-10.880273818969727,-9.826462745666504,-8.008482933044434,-8.514277458190918,-11.504660606384277,-12.974738121032715,-11.17672061920166,-9.526481628417969,-9.738626480102539,-9.523117065429688,-8.038372039794922,-6.926437854766846,-6.566794395446777,-7.60763692855835,-9.333832740783691,-9.800895690917969,-9.269920349121094,-8.747787475585938,-8.8055419921875,-8.45008373260498,-7.614413738250732,-8.294210433959961,-10.05062484741211,-9.847906112670898,-8.757485389709473,-9.184247970581055,-9.197037696838379,-8.580626487731934,-8.312524795532227
-14.431731224060059,-13.843748092651367,-13.188693046569824,-13.603668212890625,-13.921807289123535,-13.357477188110352,-12.671882629394531,-12.468377113342285,-12.111266136169434,-11.785796165466309,-11.025604248046875,-9.374656677246094,-9.378339767456055,-10.49842643737793,-10.105643272399902,-10.127056121826172,-10.88889217376709,-11.886343955993652,-12.440759658813477,-11.049285888671875,-9.584883689880371,-9.18708610534668,-9.011847496032715,-9.651979446411133,-9.626545906066895,-6.068103790283203,-3.6658291816711426,-8.498215675354004,-12.559895515441895,-11.096601486206055,-8.541625022888184,-7.615372180938721,-8.8671293258667,-9.787999153137207,-10.059165000915527,-9.800765991210938,-9.425960540771484,-9.632928848266602,-9.49155330657959,-9.81617259979248,-8.945332527160645,-8.228157043457031,-8.64122200012207
-15.245505332946777,-14.761537551879883,-13.656373023986816,-13.890639305114746,-14.314915657043457,-13.783708572387695,-13.047388076782227,-12.435359001159668,-11.638644218444824,-11.966996192932129,-12.009858131408691,-11.386302947998047,-10.461576461791992,-8.52815055847168,-7.364381790161133,-9.048218727111816,-12.29011058807373,-13.107937812805176,-10.697676658630371,-9.134381294250488,-10.108197212219238,-11.192427635192871,-11.230100631713867,-10.772109985351562,-8.431797981262207,-6.8102593421936035,-9.31645679473877,-11.866092681884766,-11.689131736755371,-10.126785278320312,-8.720687866210938,-8.422155380249023,-9.112086296081543,-10.287261009216309,-11.045125961303711,-10.529764175415039,-9.574560165405273,-9.460975646972656,-9.475966453552246,-9.52447509765625,-8.570843696594238,-8.563010215759277,-9.523493766784668
-13.747090339660645,-14.783020973205566,-13.51719856262207,-13.884239196777344,-13.83674144744873,-13.158310890197754,-13.009127616882324,-13.115015029907227,-11.79672908782959,-10.937607765197754,-11.233230590820312,-11.65715217590332,-11.673224449157715,-11.336627006530762,-11.46198844909668,-12.220562934875488,-12.357961654663086,-12.026987075805664,-10.825308799743652,-8.340897560119629,-6.564021110534668,-8.808650970458984,-12.369024276733398,-11.5122709274292,-8.231943130493164,-7.837639331817627,-9.539422988891602,-10.520833015441895,-10.633880615234375,-9.899004936218262,-9.217733383178711,-9.444525718688965,-10.043313026428223,-10.234379768371582,-10.124687194824219,-10.497420310974121,-10.83315658569336,-9.71210765838623,-8.607129096984863,-8.832815170288086,-9.090136528015137,-9.973031997680664,-10.096684455871582
-10.79860782623291,-13.250041961669922,-13.990686416625977,-14.779410362243652,-15.008716583251953,-13.972481727600098,-12.52192211151123,-11.655250549316406,-11.46250057220459,-11.313085556030273,-11.443122863769531,-11.67626953125,-11.838217735290527,-11.770549774169922,-11.410371780395508,-11.478572845458984,-10.74329662322998,-10.213421821594238,-10.451776504516602,-10.390326499938965,-10.608383178710938,-11.098830223083496,-11.228723526000977,-10.528946876525879,-8.967784881591797,-6.49997091293335,-5.9652557373046875,-9.781009674072266,-12.43735408782959,-10.69717788696289,-9.419666290283203,-10.288656234741211,-10.627045631408691,-10.483186721801758,-10.674635887145996,-11.409143447875977,-11.470718383789062,-10.008661270141602,-8.634905815124512,-8.839643478393555,-10.036508560180664,-10.758468627929688,-10.048770904541016
-4.719786167144775,-11.620156288146973,-14.954739570617676,-15.266488075256348,-14.688729286193848,-13.633874893188477,-12.985570907592773,-12.460332870483398,-12.474896430969238,-12.54458999633789,-11.45124626159668,-10.639486312866211,-11.22943115234375,-11.689534187316895,-11.586304664611816,-11.25218677520752,-10.820624351501465,-9.893454551696777,-9.150162696838379,-10.350240707397461,-11.57475757598877,-10.485010147094727,-9.241808891296387,-9.247968673706055,-9.815046310424805,-10.020092010498047,-10.055892944335938,-10.794023513793945,-11.621021270751953,-10.93805980682373,-10.503737449645996,-10.820699691772461,-10.78073501586914,-11.139793395996094,-11.657896995544434,-11.432422637939453,-10.837475776672363,-10.407150268554688,-9.814201354980469,-9.537508010864258,-10.088699340820312,-10.681958198547363,-10.203996658325195
-2.1014456748962402,-10.946953773498535,-15.969111442565918,-15.336697578430176,-14.116009712219238,-13.362360000610352,-13.21867561340332,-13.097049713134766,-12.829626083374023,-12.265952110290527,-11.486065864562988,-11.269449234008789,-11.73372745513916,-11.838801383972168,-11.837318420410156,-11.447872161865234,-10.520039558410645,-10.179811477661133,-10.30116081237793,-10.611303329467773,-10.47223949432373,-10.125484466552734,-9.887248992919922,-9.779962539672852,-10.12678337097168,-11.504292488098145,-12.430692672729492,-11.372432708740234,-10.084177017211914,-10.180188179016113,-10.635456085205078,-10.60561466217041,-10.92654800415039,-10.902437210083008,-10.699740409851074,-11.153836250305176,-10.49405288696289,-10.101011276245117,-10.083769798278809,-9.397808074951172,-9.510540008544922,-10.129853248596191,-10.135640144348145
-8.784614562988281,-15.538066864013672,-15.60766887664795,-13.14797592163086,-12.550304412841797,-12.838447570800781,-13.322192192077637,-13.459074974060059,-12.949109077453613,-12.921792984008789,-12.9745454788208,-12.310760498046875,-12.192476272583008,-12.592799186706543,-12.64767074584961,-12.04831314086914,-10.762808799743652,-10.269146919250488,-10.415480613708496,-10.389752388000488,-10.147587776184082,-10.166330337524414,-10.410658836364746,-10.641571044921875,-11.025115966796875,-11.614155769348145,-11.856513023376465,-11.288789749145508,-10.577813148498535,-10.361905097961426,-10.008893966674805,-9.72116470336914,-10.176351547241211,-10.676301002502441,-10.783516883850098,-10.473280906677246,-10.113807678222656,-9.900591850280762,-9.83091926574707,-9.539621353149414,-9.313848495483398,-9.827726364135742,-10.077083587646484
-13.670533180236816,-15.798380851745605,-13.599827766418457,-11.210721015930176,-10.089526176452637,-10.184267044067383,-11.644632339477539,-13.499076843261719,-13.412399291992188,-13.001221656799316,-12.949501037597656,-12.571399688720703,-12.079726219177246,-12.638688087463379,-13.062747955322266,-11.776641845703125,-10.322866439819336,-9.864633560180664,-10.045572280883789,-10.441877365112305,-10.648077011108398,-10.680171966552734,-10.998917579650879,-11.542708396911621,-11.619695663452148,-11.522046089172363,-11.768793106079102,-11.905128479003906,-11.380549430847168,-10.89289379119873,-10.617250442504883,-10.080500602722168,-9.709997177124023,-9.746556282043457,-9.60648250579834,-9.475052833557129,-9.780314445495605,-10.440007209777832,-10.195247650146484,-9.21916389465332,-8.706134796142578,-8.934165954589844,-9.573831558227539
-14.25882625579834,-14.90021800994873,-11.790055274963379,-10.286888122558594,-9.336313247680664,-7.260746955871582,-6.984750747680664,-10.406911849975586,-13.681818962097168,-14.30064582824707,-13.474706649780273,-12.144543647766113,-11.809220314025879,-12.750020980834961,-12.624454498291016,-11.378390312194824,-10.604063987731934,-10.550762176513672,-10.343073844909668,-10.48531723022461,-10.85129451751709,-11.08542537689209,-11.418106079101562,-11.710885047912598,-11.838360786437988,-11.871826171875,-11.750580787658691,-11.61855697631836,-11.439209938049316,-11.562603950500488,-11.451804161071777,-10.892739295959473,-10.802660942077637,-10.518916130065918,-9.792811393737793,-9.187170028686523,-9.348929405212402,-10.661755561828613,-10.903608322143555,-9.962663650512695,-8.747771263122559,-7.974481105804443,-8.964166641235352
-12.130181312561035,-13.109709739685059,-10.648918151855469,-9.24046516418457,-8.800012588500977,-6.9061079025268555,-4.51479959487915,-6.317939758300781,-11.790690422058105,-14.44766902923584,-12.993170738220215,-9.757058143615723,-9.017195701599121,-11.428656578063965,-11.876991271972656,-11.134873390197754,-11.865581512451172,-11.831923484802246,-11.126606941223145,-11.285856246948242,-11.298593521118164,-10.968483924865723,-11.336954116821289,-11.906170845031738,-12.288297653198242,-11.991711616516113,-11.426072120666504,-11.61887264251709,-11.7672119140625,-11.588104248046875,-11.385461807250977,-11.122634887695312,-11.374872207641602,-11.39375114440918,-10.692208290100098,-9.868491172790527,-9.35544490814209,-9.317955017089844,-9.789962768554688,-9.798781394958496,-9.117866516113281,-8.246647834777832,-8.526299476623535
-10.035863876342773,-10.628299713134766,-9.51938533782959,-8.885915756225586,-8.43945026397705,-6.60640287399292,-3.4759697914123535,-5.386141300201416,-13.201793670654297,-15.187393188476562,-11.919358253479004,-9.91996955871582,-10.519972801208496,-11.577598571777344,-10.193821907043457,-11.14792537689209,-13.491385459899902,-12.536977767944336,-11.932113647460938,-12.400612831115723,-11.710519790649414,-10.601667404174805,-10.48178482055664,-11.84366226196289,-12.652478218078613,-11.61123275756836,-11.304009437561035,-11.648309707641602,-11.364662170410156,-11.396140098571777,-11.522507667541504,-11.386941909790039,-11.65798282623291,-11.554075241088867,-11.079764366149902,-10.683584213256836,-10.115985870361328,-9.422173500061035,-9.206448554992676,-9.38994026184082,-9.747220039367676,-9.256131172180176,-8.46400260925293
-10.038188934326172,-9.900592803955078,-10.666269302368164,-11.108177185058594,-10.076635360717773,-7.122694969177246,-3.893528699874878,-6.238186836242676,-13.214680671691895,-14.947881698608398,-12.552932739257812,-12.29672622680664,-12.443155288696289,-10.87252140045166,-10.207348823547363,-13.346853256225586,-14.402836799621582,-12.037020683288574,-11.174967765808105,-11.55042839050293,-11.032022476196289,-10.398829460144043,-11.710567474365234,-13.274985313415527,-12.736156463623047,-11.085753440856934,-11.026748657226562,-11.826833724975586,-11.601946830749512,-11.1159029006958,-11.439643859863281,-11.600504875183105,-11.498814582824707,-11.224100112915039,-11.140987396240234,-10.938066482543945,-10.457763671875,-10.096020698547363,-9.463582992553711,-9.541311264038086,-9.926860809326172,-9.488565444946289,-8.736326217651367
-10.125975608825684,-8.91769027709961,-10.076895713806152,-10.241813659667969,-9.011507034301758,-7.240787029266357,-5.154836654663086,-7.393093109130859,-12.976282119750977,-14.293966293334961,-12.797000885009766,-11.838444709777832,-10.17396068572998,-9.491236686706543,-11.540175437927246,-13.716110229492188,-13.112512588500977,-10.469215393066406,-8.406881332397461,-7.993681907653809,-7.788505554199219,-7.96273946762085,-10.79431438446045,-13.98021125793457,-13.520792961120605,-11.752589225769043,-11.641916275024414,-11.526062965393066,-10.797365188598633,-11.035284996032715,-11.530282974243164,-11.078814506530762,-10.09685230255127,-10.051493644714355,-10.7144136428833,-11.079720497131348,-10.265762329101562,-9.410839080810547,-9.711319923400879,-9.976903915405273,-9.278372764587402,-8.62229061126709,-8.753365516662598
-9.691329002380371,-8.354494094848633,-8.545202255249023,-8.907052040100098,-9.265466690063477,-8.709692001342773,-7.040527820587158,-8.782708168029785,-13.260887145996094,-12.925745010375977,-8.837700843811035,-6.904866695404053,-9.077764511108398,-12.812525749206543,-13.060133934020996,-10.325200080871582,-10.108491897583008,-11.512060165405273,-9.236105918884277,-5.553464412689209,-4.550282001495361,-7.473794937133789,-12.763726234436035,-15.150671005249023,-13.641182899475098,-11.524162292480469,-11.704290390014648,-11.721400260925293,-10.624616622924805,-10.685062408447266,-10.82363224029541,-10.31407356262207,-9.100076675415039,-8.59696102142334,-9.238142967224121,-10.082589149475098,-10.199847221374512,-9.387939453125,-9.17856216430664,-9.560985565185547,-9.139942169189453,-8.226828575134277,-7.9604034423828125
-10.42307186126709,-9.453729629516602,-9.094063758850098,-10.23011589050293,-10.352100372314453,-9.015691757202148,-8.346236228942871,-9.655858993530273,-11.421274185180664,-10.925714492797852,-8.203185081481934,-6.889476776123047,-10.058895111083984,-13.404916763305664,-12.248871803283691,-9.50081729888916,-10.170398712158203,-12.981374740600586,-11.820015907287598,-9.089600563049316,-9.714384078979492,-12.375967025756836,-14.633577346801758,-14.625754356384277,-12.684410095214844,-11.520709037780762,-11.465632438659668,-11.14824390411377,-10.887123107910156,-10.949426651000977,-10.552629470825195,-9.64736270904541,-8.245573997497559,-7.1706156730651855,-7.160212993621826,-7.822299957275391,-9.011268615722656,-9.96090316772461,-9.628887176513672,-8.430546760559082,-7.796791076660156,-7.605751037597656,-6.811665058135986
-10.492999076843262,-8.565455436706543,-7.975886344909668,-9.5770263671875,-9.880365371704102,-9.24768352508545,-9.055181503295898,-9.100784301757812,-10.162589073181152,-10.81502628326416,-10.22249984741211,-10.226663589477539,-11.231725692749023,-11.231849670410156,-10.764001846313477,-11.187707901000977,-11.509214401245117,-10.223974227905273,-9.42136287689209,-10.846393585205078,-12.459909439086914,-12.177542686462402,-10.478409767150879,-10.139429092407227,-11.796703338623047,-12.234395980834961,-11.411064147949219,-11.18320083618164,-10.803942680358887,-9.999363899230957,-9.275392532348633,-8.904987335205078,-7.764304161071777,-6.691232204437256,-4.976093292236328,-4.6051106452941895,-7.551756381988525,-10.133214950561523,-9.895646095275879,-8.213639259338379,-7.157041072845459,-6.621772289276123,-5.92668342590332
-9.928181648254395,-6.993650436401367,-7.820559024810791,-9.901323318481445,-10.005508422851562,-9.822526931762695,-9.974987983703613,-10.49768352508545,-10.55687141418457,-10.14395523071289,-10.656174659729004,-11.225847244262695,-11.231590270996094,-9.80460262298584,-8.148167610168457,-10.023383140563965,-11.268243789672852,-7.037935733795166,-4.741161823272705,-10.100831031799316,-13.481282234191895,-11.407947540283203,-9.49842357635498,-9.916070938110352,-12.032060623168945,-13.290865898132324,-12.181266784667969,-10.946235656738281,-10.568236351013184,-9.380186080932617,-7.947147846221924,-7.731183052062988,-9.097472190856934,-8.917770385742188,-7.104645729064941,-8.134916305541992,-10.329460144042969,-10.352799415588379,-9.26329231262207,-8.451601028442383,-7.457547664642334,-6.112531661987305,-5.89406681060791
