data/wind_data/wind_24_9.json
{"header": {"parameterUnit": "KT", "parameterCategory": 2, "nx": 256, "ny": 198, "lo1": 44.73521041870117, "la1": -3.236724853515625, "lo2": 111.26478576660156, "la2": 43.468475341796875, "dx": 0.2609002888202667, "dy": -0.23708222806453705, "refTime": "2025-02-20 00:00:00", "forecastTime": 0, "parameterNumber": 2, "parameterNumberName": "eastward_wind"}, "data":
[rows 19 to 37 of 198, columns 132 to 175 of 256]
28.899906158447266,26.35257911682129,24.195802688598633,23.755149841308594,24.633790969848633,24.811626434326172,23.636276245117188,24.636070251464844,27.545156478881836,28.61590576171875,27.484529495239258,25.217878341674805,24.326915740966797,24.730487823486328,27.079391479492188,28.153818130493164,27.04267692565918,25.561429977416992,23.32151222229004,23.749818801879883,25.269725799560547,26.68450927734375,27.260238647460938,26.65460205078125,27.068096160888672,27.24497413635254,28.185169219970703,32.045372009277344,36.29132843017578,34.804054260253906,31.408647537231445,29.392566680908203,29.940534591674805,30.344764709472656,30.207921981811523,30.509328842163086,31.07563018798828,30.38775634765625,28.66531753540039,29.09376335144043,29.31236457824707,29.85386848449707,30.65861701965332,31.67578887939453
28.522624969482422,25.985002517700195,23.522106170654297,22.032739639282227,23.292428970336914,24.100830078125,23.6295108795166,24.521242141723633,27.907182693481445,29.19831657409668,26.16288185119629,24.132936477661133,24.568208694458008,25.04581642150879,26.646854400634766,27.68379020690918,26.20878791809082,24.66100311279297,22.26411247253418,23.331703186035156,23.85629653930664,26.29961395263672,28.63225746154785,28.107839584350586,28.271987915039062,27.63172149658203,28.20140266418457,32.03308868408203,35.07634353637695,34.53573226928711,31.660343170166016,29.87631607055664,30.460346221923828,30.20659828186035,29.128944396972656,29.593862533569336,31.019947052001953,30.82278060913086,29.801897048950195,29.45512580871582,30.24677276611328,29.233932495117188,29.290428161621094,30.798133850097656
28.2530460357666,27.0639705657959,25.02327537536621,22.356536865234375,22.110095977783203,22.926179885864258,23.013484954833984,24.355024337768555,27.214885711669922,27.590299606323242,24.661466598510742,24.496328353881836,25.29926872253418,24.640167236328125,26.92426109313965,25.92827606201172,25.354928970336914,25.915861129760742,24.642425537109375,23.36989974975586,22.153213500976562,26.004369735717773,28.551841735839844,29.521516799926758,28.18454360961914,26.852710723876953,28.463470458984375,32.518463134765625,35.20728302001953,35.0086669921875,32.408634185791016,30.67133331298828,30.25936508178711,29.250967025756836,28.544658660888672,29.800453186035156,31.290449142456055,30.964954376220703,30.093435287475586,30.222829818725586,30.638607025146484,28.988441467285156,28.687959671020508,29.92315673828125
29.06589126586914,27.68643569946289,26.91727066040039,25.257709503173828,23.4252872467041,22.889780044555664,22.349653244018555,24.195648193359375,26.392765045166016,26.084272384643555,24.72054672241211,25.26306915283203,24.74267578125,24.736236572265625,26.418594360351562,26.649240493774414,25.546030044555664,25.214763641357422,24.90020751953125,24.056705474853516,21.897117614746094,25.578372955322266,28.871395111083984,29.857513427734375,27.992673873901367,25.874364852905273,28.151039123535156,32.452999114990234,35.77531433105469,35.778621673583984,33.449832916259766,31.628005981445312,30.421981811523438,29.177019119262695,29.190576553344727,30.926109313964844,31.81549835205078,30.969139099121094,30.09258270263672,30.198118209838867,29.798492431640625,28.68800926208496,28.727840423583984,29.57176399230957
31.232255935668945,29.20785903930664,27.042783737182617,27.66472053527832,26.862722396850586,24.27166748046875,22.75282859802246,22.83174705505371,25.64764404296875,25.564882278442383,24.288230895996094,23.562454223632812,23.57628059387207,25.180767059326172,25.071632385253906,26.673227310180664,24.748720169067383,24.60598373413086,26.16963005065918,24.562238693237305,22.042390823364258,25.420974731445312,29.081684112548828,30.589319229125977,27.29292869567871,25.718624114990234,28.36263656616211,32.302467346191406,35.30378341674805,35.58059310913086,34.373348236083984,32.89982223510742,31.08850860595703,29.615503311157227,30.201858520507812,31.494121551513672,31.697282791137695,30.571311950683594,29.94066619873047,29.984355926513672,29.37592887878418,29.015810012817383,29.03972053527832,29.198171615600586
32.194644927978516,31.242372512817383,28.746868133544922,28.363237380981445,29.00371551513672,27.394681930541992,23.602092742919922,21.095508575439453,25.223726272583008,25.6283016204834,24.782739639282227,23.600353240966797,22.15131187438965,23.901226043701172,24.52983856201172,26.27881622314453,25.108949661254883,25.778284072875977,26.96811866760254,24.205381393432617,22.596628189086914,24.95572853088379,29.0357666015625,29.66720199584961,26.65260124206543,26.34879493713379,29.139158248901367,32.73661804199219,34.84275436401367,34.672969818115234,33.99955368041992,33.320892333984375,31.574621200561523,29.81399917602539,29.852235794067383,30.214570999145508,31.379697799682617,30.901634216308594,30.38504409790039,30.438325881958008,30.247657775878906,30.294822692871094,29.05752944946289,27.464824676513672
32.28852844238281,31.310874938964844,30.726404190063477,29.471277236938477,30.030540466308594,29.541549682617188,25.531991958618164,21.356359481811523,22.90280532836914,24.5858097076416,24.563072204589844,23.743240356445312,22.518308639526367,23.567556381225586,24.36622428894043,25.16964340209961,25.243253707885742,26.748064041137695,26.550615310668945,24.028852462768555,23.02625846862793,24.543031692504883,27.17014503479004,27.360288619995117,26.59385108947754,27.52808952331543,30.21280860900879,33.32902908325195,34.50816345214844,33.50835418701172,32.65703582763672,32.39506149291992,30.97173309326172,28.955764770507812,28.21795654296875,29.843549728393555,30.375234603881836,32.37836837768555,31.618885040283203,29.97556495666504,30.55286979675293,31.371990203857422,29.44569206237793,26.623090744018555
32.44582748413086,30.54180145263672,30.090438842773438,30.643917083740234,30.411069869995117,29.052040100097656,24.87359046936035,21.06852912902832,21.67548942565918,24.846940994262695,25.49521255493164,23.709007263183594,22.0961856842041,22.83692741394043,23.879451751708984,24.571203231811523,24.930339813232422,25.836238861083984,25.533437728881836,23.650598526000977,22.665327072143555,23.383434295654297,24.79434585571289,26.050525665283203,27.146251678466797,28.539762496948242,30.836776733398438,33.0670051574707,33.672119140625,32.43690490722656,31.337753295898438,30.80681800842285,29.57938575744629,28.81715965270996,29.0884952545166,28.541126251220703,31.09566879272461,32.338626861572266,32.37617492675781,30.11282730102539,29.616975784301758,30.936437606811523,30.11593246459961,27.533016204833984
33.49435806274414,30.627613067626953,27.58527183532715,29.093088150024414,30.58348274230957,28.156400680541992,23.506269454956055,20.277206420898438,20.610517501831055,23.95798683166504,26.0993595123291,24.286365509033203,21.621784210205078,21.70350456237793,23.08624839782715,23.90119171142578,24.391878128051758,24.904586791992188,24.21600914001465,22.595165252685547,21.788272857666016,22.658935546875,24.175411224365234,25.885852813720703,27.473161697387695,29.332338333129883,31.191930770874023,32.26154327392578,32.032352447509766,30.980224609375,30.274717330932617,29.66337013244629,28.92892074584961,29.293344497680664,30.209423065185547,29.660430908203125,30.392789840698242,31.6049861907959,32.20068359375,30.54893684387207,29.24241065979004,29.718334197998047,29.84738540649414,28.452268600463867
32.055870056152344,31.95536994934082,28.380014419555664,27.487852096557617,29.122217178344727,27.184345245361328,22.40030288696289,19.884761810302734,19.928579330444336,22.36029815673828,25.10272789001465,24.79991912841797,22.135074615478516,20.88999366760254,22.134748458862305,23.028850555419922,23.367359161376953,23.730783462524414,23.114458084106445,22.179113388061523,21.899965286254883,22.69615936279297,23.85430145263672,25.370386123657227,27.541675567626953,29.96942138671875,31.625354766845703,31.605649948120117,30.244226455688477,29.03561019897461,28.96900177001953,29.004497528076172,28.781814575195312,29.4220027923584,30.56062126159668,30.415992736816406,29.71523666381836,32.512855529785156,31.31259536743164,29.53071403503418,28.51406478881836,28.77448272705078,29.222414016723633,28.90630531311035
30.87967300415039,29.556425094604492,26.023820877075195,26.27641487121582,27.906574249267578,25.868566513061523,20.95326042175293,18.8468017578125,19.836374282836914,21.845109939575195,23.694576263427734,24.256921768188477,22.50918960571289,20.353683471679688,20.657838821411133,21.767654418945312,22.28407096862793,22.269207000732422,21.845600128173828,21.805015563964844,22.20252799987793,22.98562240600586,23.911893844604492,25.396974563598633,27.620805740356445,29.968732833862305,31.922128677368164,31.797527313232422,29.51323890686035,27.458133697509766,27.355342864990234,28.177400588989258,28.605621337890625,29.04207992553711,29.722028732299805,30.35033416748047,30.2591552734375,32.159759521484375,31.09330940246582,28.257137298583984,27.614917755126953,28.149246215820312,28.674541473388672,29.00006103515625
27.788299560546875,26.98980712890625,25.766616821289062,26.274141311645508,26.32246208190918,22.960479736328125,18.30122947692871,17.83327293395996,20.41961669921875,21.74297332763672,22.288908004760742,22.10866355895996,21.245704650878906,20.16831398010254,20.085941314697266,20.88128089904785,21.492595672607422,21.528316497802734,21.502342224121094,21.767166137695312,22.46698570251465,23.3981876373291,24.576801300048828,26.37767219543457,28.47608184814453,30.358633041381836,32.03020477294922,31.97044563293457,29.787994384765625,27.478757858276367,26.718008041381836,27.17510414123535,27.861692428588867,28.436485290527344,29.455101013183594,30.13907814025879,30.876840591430664,31.702272415161133,29.351213455200195,26.55172348022461,26.646570205688477,28.04730987548828,28.75925064086914,28.7661075592041
26.226221084594727,26.69331932067871,26.042205810546875,25.835514068603516,24.848752975463867,20.21376609802246,16.177270889282227,17.163257598876953,20.12186050415039,21.43808937072754,21.345739364624023,20.162124633789062,19.259803771972656,19.369638442993164,19.942176818847656,20.491497039794922,20.63580322265625,20.8648624420166,21.657548904418945,22.52634048461914,23.46561050415039,24.47314453125,25.561283111572266,27.232070922851562,29.222347259521484,30.734481811523438,31.623119354248047,31.462329864501953,30.240365982055664,28.853864669799805,27.63527488708496,26.93108367919922,27.451669692993164,28.802318572998047,29.934064865112305,30.514938354492188,30.447181701660156,29.976633071899414,27.479984283447266,26.01417350769043,26.038354873657227,26.610157012939453,27.736968994140625,28.596281051635742
25.44638442993164,26.099878311157227,25.851337432861328,25.777896881103516,23.53055191040039,17.901275634765625,14.74148941040039,16.618391036987305,19.789501190185547,21.14430809020996,20.98548698425293,19.77763557434082,18.732135772705078,18.911725997924805,19.770854949951172,19.986345291137695,19.447202682495117,19.815475463867188,21.426427841186523,23.023582458496094,24.254215240478516,25.39240264892578,26.333545684814453,27.296756744384766,28.466747283935547,29.716856002807617,30.771726608276367,31.09721565246582,30.642663955688477,30.13694953918457,29.452089309692383,28.452787399291992,28.178068161010742,29.404050827026367,30.869831085205078,30.591163635253906,29.20418357849121,27.976707458496094,26.914657592773438,26.562599182128906,26.124895095825195,26.07145881652832,26.867361068725586,27.847122192382812
23.843082427978516,24.3155460357666,24.76433563232422,24.42289161682129,21.1165714263916,16.668989181518555,15.844036102294922,17.951459884643555,19.541061401367188,20.052217483520508,20.583965301513672,19.742738723754883,19.265947341918945,19.636310577392578,20.104721069335938,19.62308692932129,18.8394718170166,19.608606338500977,21.434030532836914,22.87677764892578,24.131425857543945,25.495298385620117,26.502519607543945,26.855009078979492,27.172578811645508,28.153404235839844,29.366544723510742,30.074817657470703,30.373125076293945,30.656991958618164,30.866113662719727,30.625097274780273,30.19322395324707,30.46067237854004,31.55380630493164,31.412372589111328,29.054513931274414,27.14693832397461,27.065628051757812,27.30382537841797,27.082014083862305,26.536880493164062,26.365625381469727,26.928150177001953
22.42294692993164,22.505855560302734,22.704343795776367,21.582178115844727,19.003673553466797,17.703367233276367,18.2122859954834,19.107585906982422,19.38756561279297,19.266780853271484,19.277414321899414,19.108434677124023,19.688852310180664,20.67664337158203,20.774738311767578,19.83696746826172,19.537643432617188,20.71200942993164,22.089229583740234,22.722293853759766,23.704742431640625,25.313892364501953,26.63129234313965,26.931528091430664,26.84139633178711,27.240514755249023,27.779863357543945,28.30591583251953,29.13664436340332,30.295856475830078,31.418865203857422,32.004234313964844,31.916366577148438,31.68146514892578,32.259708404541016,32.63469314575195,30.35793113708496,27.614070892333984,27.05390167236328,27.52194595336914,27.63849449157715,26.991884231567383,26.79045295715332,27.119760513305664
22.366559982299805,21.68861961364746,21.099485397338867,19.825241088867188,18.649169921875,18.826705932617188,19.664386749267578,19.957443237304688,19.766176223754883,19.25572395324707,18.461227416992188,18.469350814819336,19.805599212646484,21.205242156982422,21.30948829650879,20.650672912597656,20.83979606628418,21.792156219482422,22.53211784362793,22.613590240478516,23.390439987182617,24.774993896484375,26.27750587463379,27.050865173339844,27.095935821533203,26.87335777282715,26.773714065551758,26.950742721557617,27.617258071899414,29.208423614501953,31.32550811767578,32.552528381347656,32.550079345703125,32.26272964477539,32.53287887573242,32.95243453979492,31.452096939086914,28.498977661132812,26.826248168945312,26.955623626708984,27.276531219482422,27.224714279174805,27.380678176879883,27.43710708618164
22.642797470092773,21.540000915527344,20.61872100830078,19.868940353393555,19.40395736694336,19.407272338867188,19.991561889648438,20.465579986572266,20.26399040222168,19.382835388183594,18.521469116210938,18.910921096801758,20.282615661621094,21.165010452270508,20.823965072631836,20.42315101623535,21.570253372192383,22.746665954589844,22.88190269470215,22.62514877319336,23.103586196899414,24.208545684814453,25.5565185546875,26.701059341430664,26.953670501708984,26.527950286865234,26.185415267944336,26.37062644958496,26.85143280029297,28.25546646118164,30.711803436279297,32.38154220581055,32.47212600708008,32.07268524169922,32.04359436035156,32.29195785522461,31.484848022460938,29.130199432373047,26.86846160888672,26.193511962890625,26.488338470458984,27.057167053222656,27.427471160888672,27.6611328125
22.283767700195312,21.453908920288086,20.66795539855957,20.23401641845703,20.09693717956543,19.940101623535156,19.79157829284668,19.65128517150879,19.39155387878418,19.083480834960938,19.125993728637695,19.904579162597656,20.48853302001953,20.244993209838867,19.518583297729492,19.700592041015625,21.502412796020508,23.5173282623291,23.814069747924805,22.99972915649414,23.042648315429688,24.094738006591797,25.26044273376465,26.185203552246094,26.65212059020996,26.516366958618164,25.971426010131836,26.0404052734375,26.65618324279785,27.67185401916504,29.527149200439453,31.478979110717773,32.326805114746094,31.976259231567383,31.194931030273438,30.905670166015625,30.727676391601562,29.434080123901367,27.314010620117188,25.961801528930664,25.829572677612305,26.497806549072266,27.351787567138672,28.463083267211914
