data/wind_data/wind_38_3.json
{"header": {"parameterUnit": "KT", "parameterCategory": 2, "nx": 256, "ny": 198, "lo1": 44.73521041870117, "la1": -3.236724853515625, "lo2": 111.26478576660156, "la2": 43.468475341796875, "dx": 0.2609002888202667, "dy": -0.23708222806453705, "refTime": "2025-02-20 14:00:00", "forecastTime": 0, "parameterNumber": 2, "parameterNumberName": "eastward_wind"}, "data":
[rows 38 to 56 of 198, columns 176 to 219 of 256]
-10.052430152893066,-9.37507438659668,-9.10615348815918,-8.402384757995605,-9.006768226623535,-9.139789581298828,-9.545145988464355,-10.407761573791504,-11.3839693069458,-11.978374481201172,-12.091529846191406,-12.338452339172363,-14.493203163146973,-16.82559585571289,-17.06645965576172,-16.215160369873047,-15.117208480834961,-14.45440673828125,-13.802117347717285,-12.853976249694824,-11.853683471679688,-12.30441951751709,-14.306427955627441,-15.429893493652344,-15.050078392028809,-14.5364990234375,-13.925057411193848,-12.718578338623047,-11.396183013916016,-10.292299270629883,-11.348456382751465,-14.25767707824707,-14.997519493103027,-14.390167236328125,-13.154362678527832,-12.338016510009766,-11.864814758300781,-11.754743576049805,-11.825601577758789,-12.853005409240723,-14.778844833374023,-17.871488571166992,-19.40062713623047,-18.26081085205078
-10.703163146972656,-10.320549964904785,-9.830765724182129,-9.592247009277344,-10.032135963439941,-10.076313972473145,-10.66063117980957,-11.650826454162598,-12.447751998901367,-12.595279693603516,-12.49937629699707,-11.81748104095459,-11.164811134338379,-11.802846908569336,-12.787688255310059,-13.50999641418457,-13.680614471435547,-13.490812301635742,-13.847936630249023,-14.248627662658691,-14.254497528076172,-14.670122146606445,-15.380217552185059,-15.138993263244629,-14.339532852172852,-13.814752578735352,-13.42186164855957,-12.672531127929688,-11.783306121826172,-11.788749694824219,-13.325016021728516,-14.594498634338379,-15.044843673706055,-15.339395523071289,-13.162818908691406,-11.681670188903809,-12.617982864379883,-15.164244651794434,-16.721113204956055,-16.776968002319336,-16.77078628540039,-17.79712677001953,-19.375944137573242,-18.926008224487305
-11.744148254394531,-10.798508644104004,-10.609758377075195,-10.693585395812988,-10.488154411315918,-10.703670501708984,-11.215188026428223,-12.71688461303711,-13.767171859741211,-14.054823875427246,-14.237814903259277,-14.065258026123047,-13.015578269958496,-12.396856307983398,-13.1933012008667,-14.671795845031738,-14.9707670211792,-14.221261978149414,-14.307775497436523,-15.37327766418457,-15.964634895324707,-15.61480712890625,-15.55577564239502,-15.338144302368164,-14.344855308532715,-13.141528129577637,-12.55910587310791,-13.373430252075195,-15.032780647277832,-15.965982437133789,-15.444947242736816,-15.011062622070312,-15.438860893249512,-15.851827621459961,-14.31917953491211,-12.58693790435791,-15.225968360900879,-17.732511520385742,-18.888113021850586,-18.64227867126465,-17.956079483032227,-17.02550506591797,-17.769285202026367,-18.511810302734375
-12.052047729492188,-11.574583053588867,-11.458406448364258,-11.394725799560547,-11.340062141418457,-11.548588752746582,-11.707514762878418,-13.70019245147705,-13.546977996826172,-13.765379905700684,-14.119991302490234,-15.086528778076172,-15.607908248901367,-15.120905876159668,-15.422595024108887,-16.800533294677734,-17.278644561767578,-16.276790618896484,-15.50317668914795,-16.042936325073242,-16.67874526977539,-16.25339698791504,-15.714174270629883,-15.069204330444336,-13.619612693786621,-11.947052001953125,-11.464090347290039,-13.7811279296875,-16.703001022338867,-17.710933685302734,-17.416934967041016,-17.120033264160156,-17.46106719970703,-19.381549835205078,-17.567691802978516,-15.4026517868042,-17.330928802490234,-17.479278564453125,-19.18507194519043,-20.784263610839844,-20.163549423217773,-18.23819923400879,-17.45201873779297,-17.745243072509766
-12.785323143005371,-12.615139961242676,-12.507752418518066,-12.469441413879395,-12.733561515808105,-13.32841968536377,-13.047403335571289,-15.69914436340332,-14.208724975585938,-14.604033470153809,-14.644305229187012,-15.259629249572754,-16.247114181518555,-16.33583641052246,-16.734657287597656,-17.906734466552734,-18.857555389404297,-18.138755798339844,-16.644742965698242,-16.170833587646484,-16.417470932006836,-16.333332061767578,-15.911215782165527,-14.978248596191406,-13.032634735107422,-11.275591850280762,-12.347795486450195,-14.212569236755371,-15.099409103393555,-15.29179859161377,-15.564738273620605,-15.696895599365234,-15.87171745300293,-16.33428192138672,-17.58296775817871,-18.725873947143555,-18.532922744750977,-17.616870880126953,-18.71610450744629,-21.02074432373047,-21.696788787841797,-20.159894943237305,-18.50870704650879,-17.90655517578125
-14.31497859954834,-13.27663803100586,-13.860373497009277,-13.750295639038086,-15.200736045837402,-15.74379825592041,-15.696118354797363,-16.1375675201416,-15.467658042907715,-14.667314529418945,-14.687353134155273,-14.879044532775879,-15.651716232299805,-16.306495666503906,-17.319734573364258,-18.42498016357422,-19.317825317382812,-19.027414321899414,-17.86661720275879,-17.1386775970459,-16.429628372192383,-16.592906951904297,-17.23883628845215,-17.160888671875,-15.485004425048828,-16.456268310546875,-17.550085067749023,-17.99081039428711,-16.665807723999023,-15.147747039794922,-16.364803314208984,-17.47644805908203,-15.614168167114258,-14.926727294921875,-16.76825523376465,-19.50598907470703,-20.060205459594727,-18.062828063964844,-18.994525909423828,-19.952693939208984,-21.992355346679688,-22.263792037963867,-20.867969512939453,-19.14825439453125
-17.554166793823242,-12.88376522064209,-17.569292068481445,-14.742340087890625,-16.63995933532715,-15.985509872436523,-14.95849895477295,-15.013548851013184,-15.582271575927734,-15.846699714660645,-15.515673637390137,-15.42690372467041,-15.961459159851074,-16.974382400512695,-17.53969955444336,-18.373775482177734,-19.308773040771484,-19.42789649963379,-18.792104721069336,-18.257932662963867,-17.324670791625977,-17.202350616455078,-18.226179122924805,-15.882802963256836,-10.370126724243164,-18.125749588012695,-19.30356788635254,-18.06928253173828,-15.863669395446777,-14.10942268371582,-14.044753074645996,-15.550857543945312,-15.529687881469727,-15.953150749206543,-17.366657257080078,-19.191835403442383,-19.41521644592285,-18.956714630126953,-18.72266387939453,-19.1992130279541,-21.089311599731445,-22.849834442138672,-22.459335327148438,-20.924083709716797
-15.053969383239746,-17.535728454589844,-18.954551696777344,-17.062074661254883,-18.102317810058594,-17.23989486694336,-16.228206634521484,-15.692865371704102,-15.757558822631836,-15.841987609863281,-15.698637962341309,-16.09833526611328,-16.645238876342773,-17.01788902282715,-17.580766677856445,-18.53721046447754,-19.35617446899414,-19.427270889282227,-19.28814125061035,-19.127599716186523,-18.636009216308594,-17.501203536987305,-16.048025131225586,-15.887124061584473,-18.82743263244629,-22.235824584960938,-22.994585037231445,-21.41706657409668,-17.078624725341797,-15.57829761505127,-16.655458450317383,-17.704164505004883,-16.846582412719727,-14.632269859313965,-15.228299140930176,-18.49959945678711,-19.465404510498047,-19.25296974182129,-19.089263916015625,-19.439258575439453,-20.616281509399414,-22.252904891967773,-23.042390823364258,-22.340360641479492
-15.139176368713379,-15.348220825195312,-17.438676834106445,-18.72346305847168,-18.08576011657715,-17.853769302368164,-16.931781768798828,-16.725496292114258,-16.138120651245117,-15.738740921020508,-15.479751586914062,-16.222911834716797,-17.145872116088867,-17.13192367553711,-17.286823272705078,-18.09073829650879,-19.030179977416992,-19.409576416015625,-19.104787826538086,-18.430118560791016,-17.615739822387695,-16.38304901123047,-15.361411094665527,-16.48120880126953,-20.151517868041992,-23.60350799560547,-23.973215103149414,-20.752620697021484,-16.83929443359375,-14.81605052947998,-15.815521240234375,-17.589866638183594,-18.381820678710938,-15.495662689208984,-15.409417152404785,-18.12879180908203,-18.978822708129883,-19.258302688598633,-19.154998779296875,-19.579376220703125,-20.461557388305664,-21.786279678344727,-22.708965301513672,-22.467636108398438
-15.753703117370605,-16.071962356567383,-16.47597312927246,-17.958242416381836,-18.386459350585938,-17.562925338745117,-16.90570640563965,-16.78919792175293,-16.319923400878906,-15.823481559753418,-15.652719497680664,-16.473520278930664,-16.973106384277344,-16.830175399780273,-16.828388214111328,-17.382291793823242,-18.066852569580078,-18.480318069458008,-18.203262329101562,-17.523109436035156,-16.724760055541992,-15.692038536071777,-14.790520668029785,-15.61654281616211,-19.43634033203125,-23.208337783813477,-22.689001083374023,-19.742088317871094,-16.482534408569336,-14.1347017288208,-14.978596687316895,-16.923242568969727,-17.35947608947754,-16.934850692749023,-17.524160385131836,-18.736066818237305,-18.578956604003906,-18.743820190429688,-18.468481063842773,-18.342634201049805,-19.554100036621094,-21.0638370513916,-21.94129753112793,-21.761560440063477
-16.40839195251465,-17.701656341552734,-18.5435733795166,-18.295642852783203,-17.835620880126953,-17.655790328979492,-16.916946411132812,-16.648651123046875,-16.540802001953125,-16.01586151123047,-15.82925033569336,-16.142797470092773,-16.691511154174805,-16.565248489379883,-16.786535263061523,-17.22028350830078,-17.576614379882812,-17.675582885742188,-17.313583374023438,-16.620939254760742,-16.3551082611084,-17.238096237182617,-18.406126022338867,-17.963071823120117,-17.354284286499023,-19.70345687866211,-21.118270874023438,-21.059457778930664,-18.568790435791016,-13.962759971618652,-13.831034660339355,-17.374710083007812,-19.303146362304688,-19.268138885498047,-19.073877334594727,-19.046855926513672,-19.179460525512695,-19.12470817565918,-18.74283218383789,-18.644147872924805,-19.043479919433594,-19.500764846801758,-20.13691520690918,-20.752593994140625
-16.083467483520508,-16.23227882385254,-16.18136978149414,-16.386165618896484,-16.946121215820312,-17.499784469604492,-17.444639205932617,-16.951194763183594,-16.104652404785156,-15.771439552307129,-15.682724952697754,-15.952503204345703,-16.56975746154785,-16.63275909423828,-16.824995040893555,-17.298757553100586,-17.631013870239258,-17.62057113647461,-16.948030471801758,-16.130584716796875,-15.707886695861816,-16.65667152404785,-17.559724807739258,-16.441110610961914,-15.958666801452637,-19.18150520324707,-19.92434310913086,-18.317018508911133,-18.640430450439453,-15.159207344055176,-13.854150772094727,-17.345197677612305,-19.799156188964844,-19.5636043548584,-19.56878662109375,-19.861785888671875,-19.858991622924805,-20.03546905517578,-19.87363624572754,-19.936412811279297,-19.852432250976562,-19.93816375732422,-20.006412506103516,-20.33832359313965
-15.781967163085938,-15.950937271118164,-16.395984649658203,-17.67880630493164,-20.220712661743164,-19.55816078186035,-17.544994354248047,-17.640703201293945,-16.307987213134766,-15.331771850585938,-16.44964599609375,-15.25997257232666,-16.379472732543945,-16.276100158691406,-16.714059829711914,-17.363876342773438,-17.3572940826416,-17.58015251159668,-16.91826057434082,-16.10101890563965,-15.363895416259766,-15.377190589904785,-16.06020164489746,-16.23438835144043,-15.317821502685547,-14.804174423217773,-16.276424407958984,-18.065319061279297,-18.81564712524414,-17.081010818481445,-16.481109619140625,-18.2141170501709,-20.734811782836914,-20.623857498168945,-20.095754623413086,-20.241918563842773,-20.463239669799805,-20.658912658691406,-20.7541561126709,-20.69470977783203,-20.6859130859375,-20.771074295043945,-20.96710777282715,-21.030324935913086
-15.997221946716309,-16.269725799560547,-16.001602172851562,-15.895719528198242,-16.828386306762695,-18.267683029174805,-16.941099166870117,-17.4989070892334,-16.27382469177246,-15.153635025024414,-15.697269439697266,-15.333812713623047,-15.807839393615723,-16.04994773864746,-16.32379913330078,-16.870147705078125,-17.139198303222656,-17.29690933227539,-17.105724334716797,-16.864030838012695,-16.63181495666504,-16.49985694885254,-16.1361026763916,-15.847357749938965,-15.67365837097168,-16.198959350585938,-16.579059600830078,-17.867643356323242,-18.753786087036133,-18.182069778442383,-18.10662269592285,-19.340261459350586,-21.95481300354004,-22.249858856201172,-20.661649703979492,-20.08567237854004,-20.25992202758789,-20.64504623413086,-20.78032684326172,-21.156108856201172,-21.579195022583008,-21.39859390258789,-21.34904670715332,-21.593385696411133
-15.981109619140625,-16.202526092529297,-16.13424301147461,-15.37531566619873,-15.110452651977539,-16.579992294311523,-17.664772033691406,-17.915359497070312,-15.88840103149414,-14.372900009155273,-15.594595909118652,-15.128766059875488,-17.316383361816406,-17.846155166625977,-14.345231056213379,-15.874903678894043,-17.085161209106445,-16.712556838989258,-17.034910202026367,-16.96331787109375,-17.183317184448242,-16.995140075683594,-15.957226753234863,-15.110063552856445,-15.425768852233887,-16.77925682067871,-17.21092987060547,-17.153947830200195,-18.703702926635742,-19.71752166748047,-19.353721618652344,-19.689313888549805,-21.425086975097656,-21.940410614013672,-20.947467803955078,-19.51375961303711,-20.10474967956543,-20.927921295166016,-21.126672744750977,-21.387468338012695,-21.596149444580078,-21.50676918029785,-21.211347579956055,-21.119272232055664
-15.001615524291992,-15.000336647033691,-15.661194801330566,-15.712224006652832,-16.148923873901367,-16.603208541870117,-16.145605087280273,-16.656660079956055,-15.753276824951172,-14.4894380569458,-15.063276290893555,-14.395320892333984,-14.783552169799805,-15.288531303405762,-15.918068885803223,-15.65320873260498,-16.37152671813965,-16.919340133666992,-16.29816436767578,-17.087099075317383,-17.434141159057617,-17.617938995361328,-17.24117088317871,-16.248004913330078,-15.332820892333984,-15.769192695617676,-17.920352935791016,-19.833694458007812,-20.60986328125,-20.737628936767578,-19.54473304748535,-17.633771896362305,-17.108318328857422,-18.982248306274414,-20.722511291503906,-18.41649055480957,-20.27495574951172,-20.914813995361328,-21.346092224121094,-21.715709686279297,-21.58928871154785,-21.065826416015625,-20.5118350982666,-20.422866821289062
-15.370969772338867,-14.437575340270996,-15.792867660522461,-16.279052734375,-15.917880058288574,-16.319204330444336,-16.421031951904297,-16.702238082885742,-15.932389259338379,-14.944025039672852,-14.461077690124512,-14.087489128112793,-14.05926513671875,-14.655879020690918,-15.389073371887207,-15.64503002166748,-15.81285572052002,-16.61503028869629,-16.60004234313965,-17.115121841430664,-17.77186393737793,-17.924673080444336,-17.62592124938965,-17.3343563079834,-17.12525177001953,-17.313316345214844,-18.87455177307129,-19.976219177246094,-18.539825439453125,-20.548398971557617,-20.507909774780273,-16.680997848510742,-16.516538619995117,-15.02519416809082,-16.412094116210938,-18.246732711791992,-19.983797073364258,-21.13494873046875,-21.38709259033203,-21.275217056274414,-20.952579498291016,-20.615333557128906,-20.336315155029297,-21.076597213745117
-14.093792915344238,-12.457741737365723,-15.180027961730957,-16.006242752075195,-15.163856506347656,-18.02735137939453,-16.230087280273438,-17.07912254333496,-15.457085609436035,-15.169665336608887,-14.581197738647461,-13.799501419067383,-13.54267406463623,-13.835762023925781,-14.435800552368164,-15.070536613464355,-15.715069770812988,-16.360212326049805,-16.946847915649414,-17.470478057861328,-18.301252365112305,-18.55616569519043,-18.411027908325195,-18.200130462646484,-18.281208038330078,-18.9760684967041,-19.80134391784668,-19.839221954345703,-19.76146125793457,-20.435314178466797,-20.5031795501709,-19.683687210083008,-19.212173461914062,-17.2137451171875,-16.516338348388672,-17.860382080078125,-19.03987693786621,-19.9346866607666,-20.218015670776367,-20.565357208251953,-20.99683952331543,-21.30122184753418,-21.667865753173828,-22.083541870117188
-12.639455795288086,-11.210624694824219,-12.342578887939453,-15.393241882324219,-18.51778793334961,-16.86780548095703,-16.15532112121582,-17.346052169799805,-11.870258331298828,-17.557781219482422,-13.539984703063965,-14.748464584350586,-12.841224670410156,-13.468371391296387,-13.681888580322266,-14.742639541625977,-15.398717880249023,-15.948060035705566,-16.80183219909668,-17.457820892333984,-18.17722511291504,-18.995441436767578,-19.82033348083496,-20.315114974975586,-19.79474449157715,-19.14101791381836,-19.74435806274414,-20.945453643798828,-22.12689208984375,-22.456573486328125,-22.64432144165039,-24.322933197021484,-23.96031379699707,-21.168704986572266,-18.676435470581055,-18.37099266052246,-18.622594833374023,-18.680198669433594,-19.01592445373535,-19.638397216796875,-20.60452651977539,-21.546226501464844,-22.54265594482422,-22.40047836303711
