data/wind_data/wind_67_2.json
{"header": {"parameterUnit": "KT", "parameterCategory": 2, "nx": 256, "ny": 198, "lo1": 44.73521041870117, "la1": -3.236724853515625, "lo2": 111.26478576660156, "la2": 43.468475341796875, "dx": 0.2609002888202667, "dy": -0.23708222806453705, "refTime": "2025-02-21 19:00:00", "forecastTime": 0, "parameterNumber": 2, "parameterNumberName": "eastward_wind"}, "data":
[rows 57 to 75 of 198, columns 172 to 214 of 256]
-17.706567764282227,-18.323463439941406,-19.047775268554688,-18.99159049987793,-17.965333938598633,-16.9566593170166,-16.807159423828125,-16.74911117553711,-16.646530151367188,-16.555057525634766,-16.397789001464844,-16.347227096557617,-15.281415939331055,-13.319080352783203,-12.02908992767334,-11.016217231750488,-10.351306915283203,-10.12104606628418,-10.11895751953125,-10.248594284057617,-10.759929656982422,-12.013673782348633,-13.046150207519531,-13.46070671081543,-14.031563758850098,-14.4697847366333,-14.20759391784668,-13.38766860961914,-12.348999977111816,-12.016521453857422,-13.812301635742188,-16.293432235717773,-17.076101303100586,-16.682462692260742,-17.00041389465332,-19.001386642456055,-21.968505859375,-23.31968116760254,-21.980510711669922,-20.065013885498047,-17.980697631835938,-15.740363121032715,-14.35195541381836
-16.74310302734375,-17.039203643798828,-17.585704803466797,-18.02013397216797,-18.08574867248535,-17.359651565551758,-16.487987518310547,-15.988722801208496,-15.808823585510254,-15.798111915588379,-15.935845375061035,-16.008983612060547,-15.37573528289795,-13.488957405090332,-11.697809219360352,-10.66164493560791,-10.030885696411133,-9.819040298461914,-9.968122482299805,-10.11893367767334,-10.641087532043457,-11.937896728515625,-12.688470840454102,-12.896858215332031,-13.712274551391602,-14.515307426452637,-14.53567886352539,-13.644552230834961,-12.538151741027832,-12.877981185913086,-15.337300300598145,-17.75141716003418,-17.581993103027344,-16.16773796081543,-16.202308654785156,-18.19795799255371,-20.64163589477539,-22.293445587158203,-21.58599853515625,-19.683509826660156,-18.058746337890625,-15.916999816894531,-14.414841651916504
-15.835816383361816,-16.279382705688477,-16.53449821472168,-16.668561935424805,-16.955623626708984,-16.95146942138672,-16.320863723754883,-15.540131568908691,-15.30038833618164,-15.32323169708252,-15.503525733947754,-15.425612449645996,-14.980216026306152,-13.779719352722168,-11.867412567138672,-10.547654151916504,-9.803929328918457,-9.650788307189941,-10.06751537322998,-10.646903038024902,-11.330877304077148,-12.2304105758667,-12.489086151123047,-12.31952953338623,-12.772096633911133,-14.045127868652344,-15.43410587310791,-14.822068214416504,-13.211522102355957,-13.53675365447998,-16.335031509399414,-18.744869232177734,-18.61103630065918,-17.28812599182129,-16.587154388427734,-17.21851348876953,-19.464168548583984,-21.447622299194336,-20.498544692993164,-17.950468063354492,-17.159027099609375,-16.206453323364258,-15.184967994689941
-14.488594055175781,-15.096857070922852,-15.677384376525879,-15.804084777832031,-15.750998497009277,-15.698966026306152,-15.439496994018555,-15.076787948608398,-14.914482116699219,-15.098060607910156,-15.388265609741211,-15.307245254516602,-14.670390129089355,-13.619525909423828,-12.039666175842285,-10.648643493652344,-9.785408973693848,-9.732263565063477,-10.43482494354248,-11.398907661437988,-12.154755592346191,-12.678218841552734,-12.475800514221191,-11.966550827026367,-12.19368839263916,-14.270618438720703,-16.634668350219727,-16.080717086791992,-13.57198715209961,-13.260758399963379,-15.755521774291992,-17.693538665771484,-18.065656661987305,-18.448970794677734,-18.50391960144043,-18.821462631225586,-20.730831146240234,-21.747751235961914,-19.607196807861328,-16.99310302734375,-16.599241256713867,-17.069448471069336,-17.72722625732422
-13.602432250976562,-13.700443267822266,-14.213489532470703,-14.75932502746582,-14.901338577270508,-14.628755569458008,-14.21519660949707,-13.982769012451172,-14.091408729553223,-14.711042404174805,-15.395720481872559,-15.552807807922363,-15.036581993103027,-13.876358985900879,-12.269067764282227,-10.84644603729248,-9.907475471496582,-9.814732551574707,-10.617875099182129,-11.832293510437012,-12.925078392028809,-13.258682250976562,-12.674561500549316,-12.416495323181152,-13.799186706542969,-16.614782333374023,-18.55712890625,-17.572288513183594,-14.105074882507324,-12.377951622009277,-13.930593490600586,-15.0598726272583,-15.640254974365234,-17.206581115722656,-18.920087814331055,-21.249372482299805,-23.461130142211914,-22.77204132080078,-19.101625442504883,-16.639875411987305,-16.57935905456543,-17.816404342651367,-20.332807540893555
-12.792235374450684,-12.882599830627441,-12.92819881439209,-13.271662712097168,-13.775915145874023,-13.89297866821289,-13.457571029663086,-12.96914291381836,-12.924528121948242,-13.604360580444336,-14.611804008483887,-15.145796775817871,-15.192534446716309,-14.446863174438477,-12.88036060333252,-11.273419380187988,-10.026288032531738,-9.624262809753418,-10.250399589538574,-11.408203125,-12.564031600952148,-12.901192665100098,-12.851868629455566,-14.063994407653809,-17.057025909423828,-19.68451499938965,-20.669218063354492,-19.54987144470215,-15.827396392822266,-11.89579963684082,-10.94942855834961,-11.683065414428711,-12.76968765258789,-14.321269035339355,-17.128015518188477,-21.9261531829834,-25.043174743652344,-24.206642150878906,-20.826107025146484,-18.807390213012695,-18.156991958618164,-19.451257705688477,-21.77322006225586
-11.360573768615723,-11.812472343444824,-12.01484203338623,-12.140029907226562,-12.393370628356934,-12.774019241333008,-12.838661193847656,-12.489274024963379,-12.27375602722168,-12.57387638092041,-13.341453552246094,-14.128288269042969,-14.71451473236084,-14.524489402770996,-13.308364868164062,-11.975933074951172,-10.551156044006348,-9.512786865234375,-9.630574226379395,-10.693835258483887,-11.868386268615723,-12.523902893066406,-13.421802520751953,-15.976950645446777,-19.110130310058594,-20.500205993652344,-20.62755012512207,-20.45082664489746,-18.939979553222656,-15.679545402526855,-12.688673973083496,-11.628073692321777,-12.02557373046875,-13.589766502380371,-17.907657623291016,-23.690711975097656,-25.92207145690918,-25.320556640625,-24.033363342285156,-23.383010864257812,-22.80179214477539,-24.037521362304688,-23.35189437866211
-9.56216049194336,-10.021907806396484,-10.589700698852539,-11.022214889526367,-11.332123756408691,-11.540963172912598,-11.735357284545898,-11.864662170410156,-11.934174537658691,-12.197917938232422,-12.657583236694336,-13.234067916870117,-13.741107940673828,-13.7224760055542,-13.28603458404541,-12.596169471740723,-11.39153003692627,-9.985580444335938,-9.302639961242676,-9.855306625366211,-11.057356834411621,-12.309805870056152,-14.149158477783203,-17.203044891357422,-19.60228729248047,-20.074392318725586,-19.797868728637695,-19.71051788330078,-19.852903366088867,-19.660892486572266,-18.52190589904785,-17.280927658081055,-17.26029396057129,-19.352882385253906,-23.50235366821289,-26.123838424682617,-26.581281661987305,-25.81563949584961,-26.227949142456055,-26.892602920532227,-27.483139038085938,-27.09201431274414,-23.950117111206055
-8.413928985595703,-8.430569648742676,-8.742572784423828,-9.352002143859863,-9.947355270385742,-10.3409423828125,-10.567895889282227,-10.831437110900879,-11.195948600769043,-11.613568305969238,-11.991585731506348,-12.337763786315918,-12.542059898376465,-12.648378372192383,-12.860051155090332,-12.822993278503418,-12.157989501953125,-10.942704200744629,-9.73591423034668,-9.442261695861816,-10.38129711151123,-12.365674018859863,-14.991327285766602,-17.659488677978516,-19.05352210998535,-19.14679527282715,-18.833539962768555,-18.52336883544922,-18.81964683532715,-20.202835083007812,-22.118797302246094,-23.523086547851562,-24.027366638183594,-24.905258178710938,-27.03742027282715,-27.845088958740234,-26.04767608642578,-26.013689041137695,-27.852367401123047,-28.783082962036133,-27.619176864624023,-24.1381778717041,-22.238311767578125
-7.606912136077881,-7.585846424102783,-7.536128520965576,-7.643746852874756,-8.143227577209473,-8.772757530212402,-9.228492736816406,-9.635498046875,-10.1078462600708,-10.604586601257324,-10.924025535583496,-11.049212455749512,-11.121109008789062,-11.478650093078613,-12.175763130187988,-12.696487426757812,-12.577591896057129,-11.86154842376709,-10.800939559936523,-10.013197898864746,-10.425758361816406,-12.528858184814453,-15.19531536102295,-16.698007583618164,-16.806053161621094,-16.672618865966797,-16.88884162902832,-17.4303035736084,-18.28040885925293,-19.264074325561523,-20.434085845947266,-22.171756744384766,-24.4014892578125,-26.920101165771484,-29.37603759765625,-27.894838333129883,-25.642654418945312,-26.183547973632812,-26.804363250732422,-25.360633850097656,-23.024280548095703,-21.965280532836914,-22.262651443481445
-6.68095588684082,-6.7271952629089355,-6.780340671539307,-6.583902359008789,-6.567629337310791,-7.040996551513672,-7.727553844451904,-8.381965637207031,-8.968839645385742,-9.482731819152832,-9.803064346313477,-9.831707000732422,-9.862247467041016,-10.224296569824219,-11.004533767700195,-11.974910736083984,-12.4735689163208,-12.223078727722168,-11.55958080291748,-11.029280662536621,-11.352717399597168,-12.939752578735352,-14.399364471435547,-14.390676498413086,-14.155434608459473,-14.452064514160156,-14.950104713439941,-15.826037406921387,-17.052921295166016,-17.988967895507812,-18.84284019470215,-20.707029342651367,-24.136070251464844,-27.461729049682617,-28.92592430114746,-27.481182098388672,-26.64267349243164,-26.438369750976562,-25.68825912475586,-24.574756622314453,-23.291749954223633,-21.984926223754883,-20.26897430419922
-5.8911356925964355,-5.804956912994385,-5.885436534881592,-5.8162360191345215,-5.589666366577148,-5.66727352142334,-6.274923324584961,-7.112887859344482,-7.855745315551758,-8.3485689163208,-8.64890193939209,-8.782295227050781,-8.886384963989258,-9.11640453338623,-9.565387725830078,-10.393046379089355,-11.423799514770508,-11.830334663391113,-11.372282981872559,-11.110283851623535,-11.399670600891113,-11.940119743347168,-12.122031211853027,-11.963174819946289,-12.55276107788086,-13.379338264465332,-13.78104305267334,-14.422597885131836,-15.644051551818848,-16.76915168762207,-17.70242691040039,-20.280656814575195,-25.178930282592773,-27.580001831054688,-27.77413558959961,-27.02472496032715,-26.908105850219727,-25.56534194946289,-23.98389434814453,-22.922080993652344,-22.566884994506836,-21.666933059692383,-19.085294723510742
-5.615298748016357,-5.277748107910156,-5.093791484832764,-4.9598493576049805,-4.7797980308532715,-4.7544989585876465,-5.133245944976807,-5.868984222412109,-6.638186931610107,-7.107428073883057,-7.278255939483643,-7.4400811195373535,-7.660947799682617,-7.774236679077148,-7.893070220947266,-8.384674072265625,-9.612492561340332,-10.714943885803223,-10.652965545654297,-10.256057739257812,-10.531325340270996,-10.576197624206543,-10.387696266174316,-10.773122787475586,-11.907938003540039,-12.722537994384766,-12.825796127319336,-13.044660568237305,-14.195560455322266,-15.574969291687012,-16.15976905822754,-18.395227432250977,-23.938112258911133,-26.424022674560547,-27.124330520629883,-27.248558044433594,-26.465587615966797,-24.502681732177734,-23.454673767089844,-22.693777084350586,-22.16837501525879,-21.7045955657959,-21.21778678894043
-5.734445571899414,-5.144911289215088,-4.667284965515137,-4.289575099945068,-4.008171558380127,-3.946974039077759,-4.213021755218506,-4.760406017303467,-5.35045051574707,-5.710321426391602,-5.723561763763428,-5.733640193939209,-5.987152576446533,-6.206976890563965,-6.36953067779541,-6.778950214385986,-7.641183376312256,-8.771484375,-9.160853385925293,-8.889618873596191,-9.193428993225098,-9.635711669921875,-9.485021591186523,-9.394920349121094,-10.269978523254395,-11.272244453430176,-11.470032691955566,-11.27939510345459,-12.604209899902344,-14.408798217773438,-15.022834777832031,-18.135595321655273,-22.726713180541992,-24.521413803100586,-26.291553497314453,-26.90184783935547,-25.412477493286133,-24.09238052368164,-24.570091247558594,-24.335155487060547,-23.15159034729004,-22.928619384765625,-24.47636604309082
-6.153085231781006,-5.413186073303223,-4.5404534339904785,-3.8582077026367188,-3.3798623085021973,-3.1868138313293457,-3.369940996170044,-3.79718279838562,-4.168094635009766,-4.313781261444092,-4.243372440338135,-4.2240986824035645,-4.541144847869873,-4.929948806762695,-5.154664993286133,-5.663923740386963,-6.404732704162598,-6.640212059020996,-6.5919294357299805,-6.895914077758789,-7.237903118133545,-7.783971786499023,-8.086813926696777,-7.807710647583008,-9.340842247009277,-12.085290908813477,-13.113569259643555,-11.813721656799316,-11.090204238891602,-11.940037727355957,-12.877930641174316,-15.699833869934082,-19.99405288696289,-22.591676712036133,-25.632293701171875,-25.498153686523438,-23.58799171447754,-24.116743087768555,-25.564809799194336,-25.72652816772461,-24.269115447998047,-24.598346710205078,-26.85720443725586
-6.395503997802734,-6.142498016357422,-5.069675922393799,-3.8725743293762207,-2.9832730293273926,-2.526575803756714,-2.5398941040039062,-2.9040565490722656,-3.1819584369659424,-3.068302869796753,-2.7568132877349854,-2.6459505558013916,-3.2160048484802246,-4.120992183685303,-4.458522796630859,-4.6718668937683105,-5.371701717376709,-5.3128767013549805,-4.2100701332092285,-4.141932487487793,-5.163712978363037,-5.330103397369385,-6.351335525512695,-7.102315425872803,-8.190690040588379,-11.02128791809082,-13.068487167358398,-12.794417381286621,-11.681475639343262,-11.604304313659668,-11.932679176330566,-13.996488571166992,-19.072834014892578,-22.758882522583008,-25.235197067260742,-25.39777946472168,-23.67320442199707,-25.448469161987305,-27.39493179321289,-27.181480407714844,-26.573162078857422,-28.032987594604492,-29.649085998535156
-6.487680912017822,-6.353317737579346,-5.663680076599121,-4.383815765380859,-3.005143404006958,-2.088848352432251,-1.7702378034591675,-1.9455121755599976,-2.2450032234191895,-2.088761568069458,-1.56168794631958,-1.2547212839126587,-1.5530130863189697,-2.4365150928497314,-3.219778299331665,-3.39650559425354,-3.3154027462005615,-3.3940162658691406,-3.19162654876709,-1.7241041660308838,-2.9478094577789307,-3.7132725715637207,-4.427412986755371,-6.069236755371094,-7.624897003173828,-9.57489013671875,-11.95599365234375,-12.5613431930542,-11.323945999145508,-10.490151405334473,-10.595014572143555,-11.753291130065918,-16.303850173950195,-23.100309371948242,-27.0335750579834,-26.932903289794922,-25.461400985717773,-26.072776794433594,-28.13152503967285,-28.283552169799805,-28.853179931640625,-31.278884887695312,-31.43848991394043
-7.56404447555542,-6.65950870513916,-5.8367085456848145,-4.844979763031006,-3.476165533065796,-2.0875158309936523,-1.2328394651412964,-1.0083872079849243,-1.1727447509765625,-1.1804898977279663,-0.6327452063560486,-0.13693037629127502,-0.1389092653989792,-0.60468989610672,-1.074938178062439,-1.0473672151565552,-0.5300652980804443,-0.9007120728492737,-2.9514942169189453,-1.9345922470092773,-0.5176668167114258,-2.329498291015625,-3.153726816177368,-4.210055828094482,-5.843552112579346,-7.062378406524658,-9.098148345947266,-11.330036163330078,-11.57663631439209,-10.471890449523926,-9.852149963378906,-9.298844337463379,-10.008773803710938,-16.643892288208008,-23.89121437072754,-24.96830177307129,-22.616302490234375,-24.549760818481445,-28.542266845703125,-28.27695083618164,-29.56387710571289,-32.121578216552734,-31.522769927978516
-8.614470481872559,-7.639643669128418,-6.469395160675049,-5.404971599578857,-4.265796184539795,-2.8211190700531006,-1.3573238849639893,-0.4096505641937256,-0.09077171981334686,-0.03274618461728096,0.34824490547180176,0.9343209862709045,1.1067931652069092,1.0230777263641357,1.0874429941177368,1.2736456394195557,1.7963401079177856,1.1410422325134277,-2.3663218021392822,-2.5088911056518555,0.6190264821052551,0.229635551571846,-0.5694890022277832,-1.918392300605774,-4.104674816131592,-5.941366195678711,-7.275023460388184,-8.573894500732422,-9.501439094543457,-8.862698554992676,-7.497580528259277,-6.4517645835876465,-8.221656799316406,-15.430634498596191,-21.664752960205078,-22.822711944580078,-21.199472427368164,-23.345680236816406,-26.88020896911621,-27.518028259277344,-29.378616333007812,-30.628063201904297,-28.91526985168457
