data/wind_data/wind_57_2.json
{"header": {"parameterUnit": "KT", "parameterCategory": 2, "nx": 256, "ny": 198, "lo1": 44.73521041870117, "la1": -3.236724853515625, "lo2": 111.26478576660156, "la2": 43.468475341796875, "dx": 0.2609002888202667, "dy": -0.23708222806453705, "refTime": "2025-02-21 09:00:00", "forecastTime": 0, "parameterNumber": 2, "parameterNumberName": "eastward_wind"}, "data":
[rows 114 to 132 of 198, columns 43 to 85 of 256]
-6.567631244659424,-4.362675666809082,-5.364692211151123,-12.532877922058105,-7.08614444732666,-4.984640121459961,-5.027475833892822,-7.999678134918213,-6.549962997436523,-6.228212833404541,-6.418711185455322,-8.340648651123047,-9.330963134765625,-8.095252990722656,-9.109341621398926,-8.427791595458984,-7.5425825119018555,-5.786532878875732,-3.5684144496917725,-1.824259877204895,-1.2015100717544556,-0.8077194094657898,-0.6749653220176697,-0.5032908320426941,-0.26434892416000366,0.5081287622451782,0.8467862606048584,1.783066749572754,1.9239885807037354,2.175192356109619,2.7196145057678223,3.368102788925171,2.790316343307495,2.8900487422943115,3.6937782764434814,3.374723434448242,2.6859216690063477,3.5892467498779297,2.7652242183685303,0.6617227792739868,-0.24885083734989166,0.3811842203140259,-2.8382203578948975
-3.665539264678955,2.5470876693725586,-3.7945284843444824,-15.117395401000977,-12.801750183105469,-9.130523681640625,-9.261251449584961,-10.32780647277832,-9.352116584777832,-9.803631782531738,-8.666765213012695,-8.132686614990234,-7.019766330718994,-6.621696949005127,-7.104708671569824,-6.433464527130127,-5.666323661804199,-3.5297868251800537,-1.462713599205017,0.10431867837905884,1.1264784336090088,0.9345415234565735,-0.08308131247758865,-0.2196502387523651,-0.047194093465805054,0.44631534814834595,1.0861634016036987,1.5058209896087646,2.251481533050537,3.1386115550994873,4.36702299118042,4.970021724700928,4.715814113616943,3.972346782684326,3.8539676666259766,3.7385828495025635,3.4195656776428223,4.414871692657471,4.746885299682617,2.9976260662078857,1.3306578397750854,-0.22414645552635193,-6.205297946929932
-3.896256685256958,-4.512502193450928,-9.007774353027344,-14.345451354980469,-11.27661418914795,-4.691705703735352,-6.0097975730896,-6.956355571746826,-6.18521785736084,-7.547974586486816,-6.946564674377441,-6.4807281494140625,-6.050399303436279,-6.692108154296875,-6.205835819244385,-5.46899938583374,-3.7410452365875244,-1.3453478813171387,1.0180193185806274,2.890306234359741,3.7323403358459473,2.9157874584198,1.0093625783920288,0.6208947896957397,0.7877070307731628,0.6484202146530151,1.112545371055603,1.5406752824783325,2.4668960571289062,3.581360340118408,5.152371883392334,5.919007778167725,5.638041019439697,5.460413932800293,4.6948065757751465,4.674245357513428,3.6570355892181396,4.110158443450928,4.241122245788574,2.509838342666626,1.5169717073440552,-0.08112003654241562,-3.4435298442840576
-9.910242080688477,-14.348605155944824,-14.995194435119629,-12.643468856811523,-7.9266228675842285,-2.5122923851013184,-2.4466748237609863,-3.5809407234191895,-2.8990371227264404,-4.678488731384277,-4.598629951477051,-4.341264247894287,-2.9037153720855713,-1.9524450302124023,-0.6622864603996277,0.4831193685531616,3.323397636413574,6.530110836029053,7.012173652648926,6.75137186050415,7.010134696960449,5.366860389709473,2.9743990898132324,2.271482229232788,1.725434422492981,1.6116472482681274,1.9710508584976196,1.9675657749176025,2.9044296741485596,4.433426380157471,5.471659183502197,6.199253559112549,6.776365756988525,6.796794414520264,6.715362071990967,4.241336345672607,3.3991191387176514,3.132204294204712,4.928552150726318,3.9031639099121094,4.221531391143799,0.39525285363197327,-4.407721996307373
-14.808121681213379,-15.622478485107422,-15.629667282104492,-13.966646194458008,-9.085144996643066,-2.797672986984253,1.9380972385406494,1.0498661994934082,-1.7406965494155884,-4.7809906005859375,-6.90178918838501,-7.2699875831604,-5.144918441772461,-2.16477370262146,0.5111675262451172,3.8044333457946777,7.478259563446045,10.353743553161621,11.329947471618652,11.189409255981445,10.158161163330078,8.296783447265625,6.598050117492676,5.072752475738525,3.739112615585327,3.628046989440918,3.7930331230163574,3.274592876434326,3.7892162799835205,4.504091739654541,4.795577526092529,5.407378673553467,6.339014530181885,6.938205242156982,6.314055442810059,4.722171306610107,4.163661003112793,4.694611072540283,5.321712493896484,7.225967884063721,6.960629463195801,4.328837871551514,-3.448915958404541
-11.969643592834473,-9.493732452392578,-10.663739204406738,-10.194656372070312,-7.556981086730957,-4.226709365844727,-1.1503643989562988,2.5932371616363525,0.6371042132377625,-5.22599983215332,-9.065098762512207,-9.445215225219727,-8.9188232421875,-7.623773097991943,-6.139231204986572,-3.30472993850708,-0.17553816735744476,2.9180564880371094,6.2314043045043945,9.70284366607666,11.420392990112305,11.316485404968262,9.884199142456055,8.052386283874512,6.690615177154541,5.73628568649292,5.466588973999023,4.5105695724487305,3.447087526321411,2.0766491889953613,1.2333145141601562,1.2526018619537354,2.3971073627471924,3.8143656253814697,4.98262882232666,6.316927909851074,6.26997184753418,7.122164249420166,7.082221508026123,7.222168922424316,8.13528823852539,7.239640712738037,0.003974101040512323
-6.679255962371826,-5.488182544708252,-5.150735378265381,-5.0542707443237305,-5.440876483917236,-1.9426612854003906,-2.39993953704834,0.794990599155426,-5.027956485748291,-8.44179916381836,-7.755853176116943,-6.32570219039917,-6.0338850021362305,-3.5526580810546875,-2.7657411098480225,-1.941300630569458,-1.8141533136367798,-1.235080599784851,-0.8047717213630676,3.0222721099853516,7.104869365692139,10.397137641906738,9.954386711120605,8.410825729370117,7.14388370513916,7.003413200378418,5.300565242767334,5.134177207946777,1.6366021633148193,-0.23028932511806488,-2.1582460403442383,-1.9053477048873901,-0.5280581116676331,1.9152780771255493,4.073919773101807,5.742940902709961,5.620270729064941,7.363226890563965,7.898064136505127,5.823670387268066,5.650144100189209,4.752317905426025,2.8580715656280518
-2.821326971054077,-2.318833351135254,-1.2482856512069702,-1.3334400653839111,-0.3852153718471527,3.610839605331421,0.6331433653831482,-1.9124079942703247,-2.705432415008545,-5.388822555541992,-3.2343802452087402,-2.7853410243988037,-2.253406524658203,-0.9192450642585754,0.08626699447631836,0.7191378474235535,1.480246901512146,2.1584794521331787,3.459808111190796,4.604990005493164,7.26862907409668,10.89588451385498,10.549287796020508,7.934534072875977,7.961889266967773,6.013023853302002,6.352238655090332,3.6243247985839844,-2.0172812938690186,-3.164116859436035,-4.391152858734131,-3.660398244857788,-2.1689982414245605,0.10243174433708191,2.1306071281433105,4.8356404304504395,7.078727722167969,8.954132080078125,7.983848571777344,5.724396705627441,4.174123764038086,4.668129920959473,6.846586227416992
1.6177748441696167,3.327711820602417,4.639985084533691,2.1559436321258545,4.483255386352539,10.435611724853516,8.175167083740234,2.2529101371765137,-0.11679517477750778,-1.6122355461120605,-2.3835175037384033,-1.0385892391204834,0.4372521638870239,2.622981548309326,4.286715507507324,4.896040916442871,5.168023109436035,5.2650275230407715,6.611847400665283,8.31496524810791,10.368979454040527,13.354097366333008,11.220298767089844,10.167719841003418,8.935707092285156,8.205368041992188,-1.7399934530258179,-5.490053176879883,-6.62272834777832,-6.670084476470947,-6.865228652954102,-5.684634685516357,-4.112689971923828,-1.763285517692566,-0.019755659624934196,2.61358904838562,5.52655029296875,8.453203201293945,9.518494606018066,5.730123996734619,5.878849029541016,11.886332511901855,8.080894470214844
5.6590423583984375,7.853631973266602,10.036659240722656,10.002665519714355,6.411012172698975,6.973901271820068,5.6206793785095215,7.068452835083008,2.988762855529785,-4.390843868255615,2.913602590560913,4.549827575683594,5.654094219207764,8.337921142578125,8.13979721069336,8.426998138427734,7.527769088745117,8.030179023742676,9.597338676452637,12.147586822509766,13.305304527282715,14.528534889221191,14.967474937438965,14.153228759765625,12.838127136230469,-1.1945772171020508,-5.396810531616211,-3.1007258892059326,-2.216096878051758,-4.1360273361206055,-7.059091091156006,-8.908153533935547,-7.9548516273498535,-6.266909122467041,-4.102182865142822,-2.3133697509765625,0.4753786325454712,4.516866207122803,8.35201644897461,8.263666152954102,4.444367408752441,7.920223712921143,9.915792465209961
9.182984352111816,11.062089920043945,12.09412670135498,13.253256797790527,10.601667404174805,5.8162760734558105,6.935737609863281,10.698870658874512,6.193367958068848,7.243594169616699,16.832212448120117,21.001190185546875,17.073667526245117,12.927734375,11.293864250183105,10.21532917022705,9.988472938537598,9.362125396728516,11.241329193115234,13.316009521484375,14.01945972442627,17.052001953125,16.473148345947266,17.23923683166504,3.688687801361084,-6.385838985443115,-3.231581449508667,-4.0101141929626465,-3.2992804050445557,-3.7037065029144287,-6.187743663787842,-9.35046672821045,-10.291902542114258,-9.30859661102295,-7.609664440155029,-5.7064104080200195,-4.5009942054748535,-1.055784821510315,6.865016460418701,7.702115058898926,5.666802406311035,7.693233489990234,8.363977432250977
9.27703857421875,9.714910507202148,11.275598526000977,12.497214317321777,16.692834854125977,11.64543342590332,5.638672828674316,1.6627252101898193,7.222509384155273,18.473371505737305,25.657190322875977,26.322542190551758,22.66222381591797,17.486642837524414,12.71931266784668,11.214728355407715,7.617821216583252,6.156486511230469,8.90911865234375,12.076452255249023,16.054325103759766,17.24874496459961,18.873050689697266,10.850391387939453,-5.3014817237854,-4.107595443725586,-7.277939796447754,-6.910880088806152,-3.876465320587158,-3.4654006958007812,-3.139662265777588,-1.2435120344161987,0.4569472372531891,-0.777428925037384,-4.087773323059082,-6.8975138664245605,-7.063151836395264,-3.107801675796509,9.313274383544922,19.528682708740234,16.951810836791992,11.217461585998535,9.58150863647461
9.173335075378418,8.548440933227539,10.068512916564941,13.771924018859863,17.98621940612793,20.951801300048828,7.971486568450928,-2.7873458862304688,9.269116401672363,30.499895095825195,38.54222869873047,26.416168212890625,18.855314254760742,17.835845947265625,12.127233505249023,13.340987205505371,14.704602241516113,17.265047073364258,17.93890953063965,18.63871192932129,22.933656692504883,19.855947494506836,9.126692771911621,-4.978675842285156,-0.3999558687210083,-3.7425434589385986,-7.814075469970703,-7.771369457244873,-7.348202705383301,-7.041050434112549,-3.557180643081665,4.2037177085876465,10.054193496704102,10.627853393554688,8.314353942871094,2.534759044647217,-6.271725177764893,-6.084039688110352,7.685347557067871,21.142671585083008,26.87554931640625,17.007658004760742,10.742864608764648
12.684403419494629,11.454590797424316,12.093076705932617,17.770750045776367,17.97533416748047,22.267013549804688,10.429697036743164,2.6712818145751953,19.498342514038086,39.24509811401367,32.75576400756836,19.79130744934082,17.58719825744629,18.239625930786133,13.524662971496582,16.48139190673828,19.9638729095459,25.37660026550293,29.203033447265625,33.265113830566406,34.85746765136719,21.71528434753418,-1.0729033946990967,-2.7580769062042236,0.548220694065094,-3.6020255088806152,-1.4261654615402222,0.12354715913534164,-0.02943132072687149,2.3070714473724365,4.79363489151001,7.771370887756348,11.216711044311523,12.162640571594238,10.650310516357422,8.813408851623535,-2.344027042388916,-6.684359073638916,2.2310891151428223,15.709477424621582,16.57875633239746,8.399129867553711,8.934300422668457
14.43358325958252,13.866978645324707,15.384804725646973,18.867549896240234,18.29867935180664,17.869766235351562,22.096973419189453,21.407800674438477,21.212623596191406,23.485523223876953,20.93640899658203,17.73273277282715,17.204782485961914,17.837987899780273,11.99758243560791,17.04871368408203,23.43454360961914,29.118040084838867,34.19987487792969,41.306156158447266,43.071556091308594,22.348249435424805,2.8759372234344482,6.8396430015563965,11.159245491027832,14.000612258911133,18.03985023498535,22.5993595123291,22.747135162353516,21.156204223632812,20.2762393951416,19.78392791748047,15.934072494506836,9.913667678833008,6.919873237609863,6.684608459472656,1.9208781719207764,-1.8762136697769165,0.9788352251052856,7.3037028312683105,7.807710647583008,5.401769638061523,4.666847229003906
13.674980163574219,13.808549880981445,17.003585815429688,20.00191879272461,20.714065551757812,19.45969581604004,26.617313385009766,30.599559783935547,22.66263198852539,16.67188262939453,11.133086204528809,8.388737678527832,7.6128764152526855,13.221303939819336,8.426363945007324,13.614709854125977,24.3310604095459,32.54529571533203,37.078121185302734,42.52435302734375,39.00342559814453,21.95017433166504,13.212787628173828,19.609310150146484,25.79998779296875,29.315885543823242,31.418237686157227,32.62110137939453,30.649154663085938,28.707914352416992,27.58840560913086,27.23801040649414,32.306556701660156,22.863079071044922,11.587410926818848,7.025681972503662,2.707286834716797,1.0419055223464966,4.083102226257324,5.377258777618408,6.707576751708984,6.511606216430664,4.183970928192139
12.331130027770996,14.10795783996582,19.77385902404785,26.609142303466797,26.186702728271484,24.79899024963379,33.31828689575195,29.116130828857422,12.45254898071289,-6.653079986572266,-10.010492324829102,-4.961153984069824,0.7934614419937134,7.734583377838135,4.631082057952881,9.79253101348877,22.99519920349121,32.51927947998047,37.00862121582031,36.78408432006836,32.153263092041016,24.931838989257812,18.4659423828125,25.81013298034668,32.831092834472656,34.02497482299805,33.741607666015625,33.927616119384766,32.708953857421875,31.671648025512695,31.607194900512695,31.400724411010742,35.54243469238281,31.093421936035156,18.36655044555664,9.947877883911133,4.790775299072266,3.467782974243164,5.897619247436523,7.803325653076172,7.826225280761719,7.187691688537598,3.314868688583374
13.472190856933594,19.67115592956543,26.933320999145508,31.71265411376953,25.26573371887207,23.926990509033203,31.98044776916504,22.58922576904297,-2.4889273643493652,-11.247721672058105,-7.761412620544434,-5.125729560852051,-0.8693428039550781,2.8786277770996094,4.168900012969971,9.554166793823242,20.051048278808594,28.53241539001465,32.797119140625,33.095149993896484,28.778141021728516,26.14715576171875,24.425962448120117,22.54340362548828,26.11751365661621,27.177488327026367,23.832168579101562,25.848371505737305,28.319332122802734,30.2298583984375,32.44340896606445,32.49091339111328,31.69685173034668,27.070785522460938,15.661810874938965,7.454929828643799,3.823524236679077,2.311058521270752,4.4600830078125,7.456841468811035,6.780126094818115,4.744252681732178,5.273313522338867
20.873035430908203,26.442224502563477,26.24624252319336,24.682802200317383,20.584102630615234,24.35813331604004,29.98194694519043,14.950614929199219,-7.488884449005127,-8.84483814239502,-6.556172847747803,-4.517557621002197,-1.8996199369430542,1.257763147354126,4.661022186279297,10.264045715332031,19.4826717376709,26.200355529785156,28.161191940307617,27.811609268188477,21.903179168701172,15.900721549987793,14.93467903137207,14.323762893676758,14.600702285766602,16.34859275817871,14.477252960205078,15.393484115600586,21.01045799255371,23.836339950561523,23.952068328857422,22.251564025878906,19.420087814331055,17.277311325073242,13.014443397521973,7.750738143920898,4.71143102645874,2.52866268157959,4.019273281097412,7.496657371520996,5.8281331062316895,7.294244289398193,8.628795623779297
