data/wind_data/wind_2025-02-19_07.json
{"header": {"parameterUnit": "KT", "parameterCategory": 2, "nx": 255, "ny": 198, "lo1": 44.73521041870117, "la1": -3.236724853515625, "lo2": 111.26478576660156, "la2": 43.468475341796875, "dx": 0.26192745566368103, "dy": -0.23708222806453705, "refTime": "2025-02-19 07:00:00", "forecastTime": 0, "parameterNumber": 3, "parameterNumberName": "northward_wind"}, "data":
[rows 152 to 170 of 198, columns 86 to 128 of 255]
3.0714423656463623,3.635850429534912,2.6120858192443848,0.9639007449150085,1.1104247570037842,0.33271583914756775,-1.5260436534881592,-3.444115161895752,-0.7750558257102966,-1.6143429279327393,-6.04483699798584,-6.863944053649902,-3.555588483810425,-0.5940415263175964,0.08694136887788773,-2.215670347213745,-2.7456367015838623,-0.46290791034698486,2.3554508686065674,2.5571658611297607,3.2760660648345947,6.0626325607299805,8.337979316711426,7.515330791473389,6.492202281951904,-0.025746066123247147,-3.999006748199463,-2.2260806560516357,1.9728018045425415,6.1159844398498535,10.362961769104004,11.968202590942383,9.815462112426758,8.704303741455078,7.430227756500244,9.252053260803223,8.299307823181152,4.121971130371094,-0.22657208144664764,1.0920716524124146,4.937750339508057,6.337807655334473,6.358303546905518
4.5298261642456055,4.643734931945801,6.133203029632568,6.216392993927002,6.846735954284668,6.3801398277282715,0.7374396324157715,-2.8822574615478516,-3.888462781906128,-7.053353309631348,-5.887386798858643,-2.9046695232391357,0.6861267685890198,3.058607578277588,1.6773152351379395,-0.42594462633132935,-0.4889869689941406,1.4041345119476318,3.9087109565734863,4.063222885131836,4.15775203704834,6.036899566650391,7.399158477783203,6.45457124710083,2.5703508853912354,-4.6401543617248535,-4.307713031768799,0.424040824174881,4.526826858520508,6.70194149017334,9.345691680908203,9.098742485046387,4.699088096618652,-1.2455298900604248,0.19033442437648773,4.9373860359191895,4.807912826538086,2.3858203887939453,1.7678852081298828,4.600960731506348,6.245480537414551,8.074986457824707,8.618399620056152
7.316555500030518,9.347241401672363,11.49279499053955,12.589667320251465,9.336058616638184,8.937878608703613,2.5382144451141357,-1.3570351600646973,-3.9347732067108154,-1.7763723134994507,1.2744501829147339,0.5020157694816589,3.981668710708618,2.031914234161377,-0.7156520485877991,-0.19924160838127136,0.9219958186149597,1.7999053001403809,3.2137961387634277,2.771479606628418,-0.22085680067539215,-0.6341753005981445,6.473315238952637,8.677464485168457,3.535945415496826,1.122567892074585,0.6818553805351257,0.6135405898094177,3.7657783031463623,5.42582368850708,6.920413970947266,6.64452600479126,4.960541248321533,5.535175800323486,8.828092575073242,9.076773643493652,7.042171001434326,4.071208953857422,3.340568780899048,3.544522285461426,7.558222770690918,11.946575164794922,8.659494400024414
8.586584091186523,12.748966217041016,16.032127380371094,16.63625144958496,12.967116355895996,8.979987144470215,2.213576316833496,-1.50433349609375,-1.7574806213378906,4.132781028747559,2.8681609630584717,-1.0039732456207275,3.8004229068756104,0.9369444251060486,-2.022306442260742,-2.174773931503296,0.35266563296318054,3.82839298248291,4.129432201385498,0.4981265962123871,-5.0190534591674805,-10.510945320129395,-5.725833892822266,8.412540435791016,9.646655082702637,10.123920440673828,9.193424224853516,8.05977725982666,7.482931613922119,7.033882141113281,7.344510078430176,7.329133033752441,7.333063125610352,10.477816581726074,11.33132553100586,13.359148979187012,10.262110710144043,4.401494026184082,2.9641048908233643,3.878342628479004,9.388228416442871,11.158666610717773,7.499730110168457
8.26477336883545,10.259245872497559,11.03295612335205,9.886609077453613,12.217938423156738,14.622068405151367,9.524885177612305,3.229527235031128,3.2091054916381836,9.274558067321777,5.468465328216553,2.5596420764923096,4.4301066398620605,2.0091099739074707,-0.9868688583374023,-4.2498040199279785,-4.394899368286133,1.6258604526519775,5.530111789703369,-1.9123443365097046,-5.490001201629639,-11.751165390014648,-13.809422492980957,-4.646112442016602,5.280463695526123,4.231297969818115,2.34934139251709,8.317865371704102,15.485447883605957,10.749702453613281,6.333644866943359,4.362936973571777,6.4413652420043945,9.652719497680664,5.605409622192383,7.469237327575684,6.696009635925293,4.946456432342529,4.6471781730651855,6.855190277099609,11.901551246643066,10.681865692138672,9.932374000549316
3.0330920219421387,2.4183480739593506,2.4697353839874268,2.891601800918579,6.693225383758545,10.254484176635742,14.94284725189209,19.3267765045166,15.233246803283691,12.035316467285156,11.355134963989258,10.184654235839844,8.95535945892334,4.05859375,0.8686683773994446,-2.8401355743408203,-7.943959712982178,-6.201400279998779,6.409060478210449,0.463704913854599,-0.4208793640136719,-4.191085338592529,-10.552742004394531,-12.909588813781738,-4.6311259269714355,-3.616676092147827,-6.818353176116943,-2.5921826362609863,8.58522891998291,6.124756813049316,1.3927181959152222,0.9024524688720703,6.927041530609131,9.066129684448242,4.680379867553711,4.543008804321289,6.295994758605957,9.099349975585938,9.602023124694824,11.585643768310547,14.299323081970215,13.898880004882812,14.258330345153809
-1.6330665349960327,-2.02787709236145,-0.7984119057655334,3.0480599403381348,2.3263418674468994,-3.1903421878814697,1.340315818786621,15.506627082824707,16.511394500732422,14.02586841583252,13.078493118286133,14.9990234375,14.960874557495117,13.170018196105957,7.746392726898193,3.1993472576141357,-4.840181350708008,-9.154109001159668,7.24765157699585,6.438223838806152,4.462335586547852,1.8278908729553223,-2.700666666030884,-6.371409893035889,-5.925894737243652,-5.718631744384766,-4.228125095367432,-1.9387446641921997,2.1902451515197754,1.1040220260620117,-0.9431109428405762,1.6987175941467285,7.476703643798828,9.635025978088379,10.525238037109375,11.212738990783691,13.342164039611816,15.2581787109375,15.023686408996582,15.472711563110352,16.49821662902832,17.031444549560547,16.865333557128906
-1.6510496139526367,-0.9139467477798462,-0.2703973948955536,0.4506898522377014,-0.33762437105178833,-7.1148505210876465,-8.664182662963867,3.16511869430542,9.111454010009766,13.83879566192627,18.90418243408203,19.40565299987793,20.154617309570312,20.032058715820312,15.463899612426758,7.676096439361572,-0.9376350045204163,-7.929026126861572,5.537206649780273,16.90489959716797,13.96862506866455,11.463299751281738,6.29729700088501,3.4616787433624268,0.480150431394577,-1.9071741104125977,0.6065755486488342,3.5141682624816895,3.141589641571045,2.249680995941162,2.0958118438720703,4.870319366455078,10.58974838256836,12.948358535766602,16.3872127532959,19.3132266998291,21.16230583190918,20.65918731689453,19.729209899902344,18.399826049804688,17.4925479888916,16.11428451538086,16.23545265197754
0.22894318401813507,1.486722469329834,0.6086786389350891,-3.512147903442383,-3.6184325218200684,-6.794078350067139,-7.558799743652344,-3.29117751121521,2.977227210998535,8.960208892822266,20.48356819152832,22.63064193725586,21.842365264892578,20.11048126220703,18.51937484741211,13.299753189086914,3.2377703189849854,-3.917860269546509,-4.048041343688965,11.407485008239746,19.641956329345703,16.641624450683594,8.29453182220459,5.894505500793457,4.3851237297058105,3.7454464435577393,3.638856887817383,5.350718021392822,7.71805477142334,13.438639640808105,12.58476448059082,14.527565956115723,17.997970581054688,19.06370735168457,20.993194580078125,23.638751983642578,25.355743408203125,23.914316177368164,21.773941040039062,17.867996215820312,14.832289695739746,13.108823776245117,13.921408653259277
-0.6889374256134033,0.4184388518333435,-2.2200403213500977,-4.642818450927734,-5.149930953979492,-6.901646137237549,-7.23383092880249,-6.511800765991211,-1.5498144626617432,1.2772727012634277,7.475639820098877,16.161108016967773,19.671085357666016,19.238162994384766,21.39512825012207,18.316003799438477,14.510724067687988,7.75917911529541,-3.065175771713257,-4.849494457244873,9.381932258605957,10.404402732849121,3.6786856651306152,0.8559158444404602,2.421189069747925,5.497762203216553,4.034718990325928,7.365604400634766,15.285276412963867,22.693038940429688,23.223276138305664,23.405941009521484,24.886728286743164,25.693069458007812,26.133140563964844,26.034746170043945,25.29018783569336,23.74418830871582,20.89444923400879,15.075542449951172,10.569796562194824,9.133892059326172,10.455328941345215
-4.299036026000977,-3.45542049407959,-4.9958343505859375,-5.940101146697998,-5.873264789581299,-6.113805294036865,-6.273623466491699,-6.436221599578857,-5.141277313232422,-3.7628257274627686,-3.111152172088623,2.559323787689209,9.3223295211792,14.402719497680664,20.588653564453125,15.562029838562012,23.86985206604004,20.837549209594727,10.203542709350586,-2.6524932384490967,1.4350436925888062,8.958423614501953,5.292479038238525,3.813396692276001,5.550713539123535,9.527567863464355,10.661890983581543,11.125205039978027,19.171899795532227,20.930465698242188,23.545785903930664,24.469215393066406,26.275253295898438,28.950124740600586,29.128520965576172,25.73399543762207,22.023067474365234,20.264780044555664,17.629926681518555,13.19992733001709,8.995577812194824,5.0373125076293945,7.576267719268799
-7.672065258026123,-6.008562088012695,-5.434316158294678,-5.770627975463867,-5.456904411315918,-5.127458095550537,-4.887060642242432,-4.984580993652344,-5.654902458190918,-4.402036666870117,-3.2119719982147217,-2.6523423194885254,1.3706650733947754,7.278873920440674,11.215642929077148,13.129249572753906,24.959869384765625,24.598825454711914,20.724628448486328,11.817439079284668,8.52495002746582,13.106433868408203,12.943388938903809,11.887162208557129,13.881454467773438,16.483369827270508,17.925275802612305,18.875722885131836,21.654443740844727,18.395095825195312,22.188432693481445,23.897871017456055,25.515878677368164,27.887981414794922,25.957311630249023,22.2825927734375,21.292083740234375,21.067575454711914,18.47972297668457,13.77966594696045,9.873947143554688,4.049346923828125,2.1522130966186523
-6.7981157302856445,-4.849480628967285,-3.8406009674072266,-3.819971799850464,-4.34465217590332,-4.2380690574646,-3.204946994781494,-3.747034788131714,-4.6107258796691895,-3.508775234222412,-1.5822433233261108,-1.1932494640350342,-0.017234154045581818,1.0368002653121948,3.7449023723602295,11.698813438415527,23.429868698120117,24.421703338623047,22.638996124267578,21.366445541381836,18.770593643188477,18.68204116821289,18.287689208984375,14.569643020629883,15.158374786376953,21.544172286987305,22.112594604492188,22.361568450927734,19.890365600585938,18.547195434570312,22.98663902282715,25.330280303955078,26.45441436767578,26.38174057006836,23.393579483032227,21.928577423095703,20.309423446655273,14.384688377380371,9.63918399810791,2.858560562133789,0.17444857954978943,-3.0191707611083984,-5.940997123718262
-3.7562272548675537,-2.9937336444854736,-2.997976303100586,-3.5312881469726562,-4.165562629699707,-3.57375168800354,-3.1187102794647217,-2.5261454582214355,-2.800233840942383,-1.9300484657287598,-0.26979687809944153,0.7526979446411133,0.7962409257888794,1.022406816482544,4.1758036613464355,13.29700756072998,22.327905654907227,24.5833740234375,17.388675689697266,25.800037384033203,25.03950309753418,16.3973388671875,15.780560493469238,18.790355682373047,14.219796180725098,16.867971420288086,17.878623962402344,23.029518127441406,15.512593269348145,15.493918418884277,18.805513381958008,19.07114028930664,23.023082733154297,24.03509521484375,22.006637573242188,20.04133415222168,5.259188175201416,-4.7231221199035645,-6.491907596588135,-7.556207180023193,-6.292912483215332,-4.542539596557617,-4.232598304748535
-4.64615535736084,-4.554396152496338,-4.417513370513916,-4.316132545471191,-4.659573554992676,-4.045396327972412,-3.9912948608398438,-2.227052927017212,-1.6882603168487549,-1.6662622690200806,0.6904247403144836,3.918370008468628,3.659838914871216,5.092100143432617,10.30870532989502,14.31241512298584,18.902626037597656,20.89043426513672,17.591245651245117,24.310937881469727,24.034610748291016,15.88790225982666,17.188947677612305,18.752304077148438,16.193592071533203,15.846229553222656,15.906412124633789,18.056257247924805,16.829782485961914,17.132396697998047,21.092485427856445,23.17116928100586,15.627808570861816,14.195036888122559,11.767711639404297,8.248462677001953,-6.195309162139893,-8.212085723876953,-6.238246440887451,-2.4605441093444824,-0.7550264000892639,0.9973664283752441,0.8496967554092407
-5.619482517242432,-6.282150745391846,-6.513179779052734,-5.8972578048706055,-5.931619644165039,-5.8256049156188965,-5.5628981590271,-4.1274261474609375,-1.9269312620162964,-1.7564775943756104,1.0511983633041382,5.787308692932129,5.871819972991943,7.234322547912598,13.612208366394043,10.27724838256836,14.731440544128418,16.693605422973633,14.235886573791504,16.009159088134766,15.91491985321045,15.626382827758789,18.799549102783203,20.70400047302246,16.480417251586914,16.738750457763672,16.16791343688965,14.921941757202148,14.599149703979492,21.867286682128906,18.41560935974121,20.67367935180664,8.058157920837402,4.0904388427734375,1.7175770998001099,-4.487385272979736,-4.051300048828125,-3.5610289573669434,-3.6310007572174072,-1.4167053699493408,0.15677130222320557,1.0566974878311157,1.614029884338379
-4.822906970977783,-7.156575679779053,-8.118223190307617,-8.629877090454102,-7.724544525146484,-7.714362144470215,-7.344730854034424,-4.892665863037109,-1.423470139503479,-1.2673012018203735,-0.9852822422981262,3.787116289138794,6.208625316619873,7.1243414878845215,10.070103645324707,8.409193992614746,14.163058280944824,16.73924446105957,16.55596923828125,15.606595039367676,13.974750518798828,13.51006031036377,10.466131210327148,14.14291763305664,11.675883293151855,11.043561935424805,11.872078895568848,8.612881660461426,7.3438639640808105,11.924339294433594,10.39313793182373,1.2889057397842407,-2.0368785858154297,0.9925587177276611,-3.1388206481933594,-5.3045501708984375,-3.0087625980377197,-4.604759216308594,-3.622605562210083,-2.2211427688598633,-0.5938889980316162,1.258130669593811,2.500943660736084
-2.5972089767456055,-6.9376749992370605,-8.325766563415527,-9.804314613342285,-9.731673240661621,-8.496257781982422,-9.262744903564453,-5.1897478103637695,-1.9264329671859741,-0.4035651981830597,-1.217621088027954,0.872174859046936,5.1852264404296875,6.946572780609131,7.359957218170166,10.855425834655762,16.485815048217773,18.37569808959961,20.034133911132812,20.203615188598633,17.76034927368164,10.990355491638184,9.019729614257812,9.197322845458984,9.083431243896484,4.445595741271973,1.835797667503357,-0.22458116710186005,-1.181278944015503,0.8691390156745911,-5.425747871398926,-10.413409233093262,-4.680563449859619,-0.4373597800731659,-4.266533851623535,-1.1756908893585205,-2.500612258911133,-3.396385669708252,-3.890176296234131,-2.043053388595581,-1.355277180671692,0.28915315866470337,1.615473747253418
-0.7177396416664124,-5.291677474975586,-6.948801517486572,-7.668778419494629,-8.898519515991211,-9.059539794921875,-9.921366691589355,-6.3967390060424805,-5.182765007019043,-2.909080982208252,-0.7610794901847839,1.0577484369277954,5.210461616516113,7.228009223937988,8.44184684753418,12.573805809020996,16.855005264282227,19.8481388092041,21.09561538696289,23.16101837158203,22.06923484802246,17.6501522064209,17.6649169921875,15.579218864440918,12.17014217376709,3.3329415321350098,-0.32024556398391724,-0.9044066667556763,-3.1114046573638916,-3.067086935043335,-6.821438312530518,-2.986285448074341,1.0773324966430664,0.8238759636878967,0.3265318274497986,-0.39195021986961365,-1.893567442893982,-2.677633762359619,-4.190219402313232,-2.617022752761841,-1.719472050666809,-0.4396580755710602,0.4440397322177887
