data/wind_data/wind_68_4.json
{"header": {"parameterUnit": "KT", "parameterCategory": 2, "nx": 256, "ny": 198, "lo1": 44.73521041870117, "la1": -3.236724853515625, "lo2": 111.26478576660156, "la2": 43.468475341796875, "dx": 0.2609002888202667, "dy": -0.23708222806453705, "refTime": "2025-02-21 20:00:00", "forecastTime": 0, "parameterNumber": 2, "parameterNumberName": "eastward_wind"}, "data":
[rows 38 to 56 of 198, columns 44 to 87 of 256]
-23.01939582824707,-23.187774658203125,-23.1795654296875,-23.18259620666504,-23.181501388549805,-23.14484405517578,-22.992475509643555,-22.966127395629883,-23.24818229675293,-23.849563598632812,-24.637008666992188,-25.439899444580078,-25.884292602539062,-25.888463973999023,-25.64447593688965,-25.47403907775879,-25.318405151367188,-25.108261108398438,-25.041967391967773,-25.155872344970703,-25.422237396240234,-25.723575592041016,-26.224716186523438,-25.780662536621094,-24.93431282043457,-23.76328468322754,-23.545066833496094,-23.851316452026367,-24.621700286865234,-25.045772552490234,-25.178720474243164,-25.24595832824707,-25.76875114440918,-26.215913772583008,-26.037717819213867,-25.389265060424805,-25.247028350830078,-25.70130157470703,-26.11791229248047,-26.14103889465332,-26.285188674926758,-26.24336814880371,-25.606706619262695,-24.863447189331055
-23.355472564697266,-23.56081199645996,-23.662172317504883,-23.694658279418945,-23.783639907836914,-23.94401741027832,-23.934297561645508,-23.88408851623535,-24.167808532714844,-24.87322235107422,-25.633237838745117,-26.15736198425293,-26.291303634643555,-26.287841796875,-26.07423973083496,-25.781057357788086,-25.685773849487305,-25.538837432861328,-25.373668670654297,-24.99254608154297,-25.399669647216797,-25.529226303100586,-26.119888305664062,-26.025224685668945,-25.485206604003906,-24.395702362060547,-24.067829132080078,-24.338626861572266,-24.983774185180664,-25.242387771606445,-25.101728439331055,-25.201160430908203,-26.018640518188477,-26.925779342651367,-26.836706161499023,-25.836267471313477,-25.289461135864258,-25.72435760498047,-26.352163314819336,-26.21260643005371,-25.939485549926758,-25.937570571899414,-25.422914505004883,-24.93548583984375
-23.606271743774414,-23.6824951171875,-23.845842361450195,-24.057565689086914,-24.35808753967285,-24.682323455810547,-24.949853897094727,-25.040725708007812,-25.162132263183594,-25.601354598999023,-26.192893981933594,-26.31343650817871,-25.937591552734375,-25.823251724243164,-25.739105224609375,-25.761938095092773,-26.044708251953125,-26.472257614135742,-25.908817291259766,-25.046833038330078,-24.977184295654297,-25.247392654418945,-25.2491455078125,-25.343460083007812,-25.31801414489746,-25.034547805786133,-24.717763900756836,-24.735586166381836,-25.164636611938477,-25.507925033569336,-25.716711044311523,-25.480466842651367,-25.585044860839844,-26.294233322143555,-26.89572525024414,-26.4650821685791,-25.640644073486328,-25.53691864013672,-25.89153289794922,-25.86481475830078,-25.48644256591797,-25.410968780517578,-25.23973274230957,-24.858205795288086
-23.954769134521484,-23.82074737548828,-23.925090789794922,-24.222095489501953,-24.665706634521484,-25.15593147277832,-25.49544906616211,-25.596485137939453,-25.521120071411133,-25.56279945373535,-25.969444274902344,-26.34722328186035,-26.21241569519043,-25.75843620300293,-25.345500946044922,-25.152442932128906,-25.299659729003906,-25.77897834777832,-26.09857940673828,-25.980754852294922,-25.53520393371582,-25.22429084777832,-25.03326416015625,-25.060068130493164,-25.265825271606445,-25.241209030151367,-25.086320877075195,-24.921428680419922,-24.903688430786133,-25.13120460510254,-25.624757766723633,-25.812427520751953,-25.630294799804688,-25.582611083984375,-25.99361801147461,-26.227231979370117,-26.026927947998047,-25.65412139892578,-25.224517822265625,-25.076210021972656,-24.950393676757812,-24.92823600769043,-24.93852996826172,-24.77613067626953
-24.652502059936523,-24.34796905517578,-24.209901809692383,-24.335987091064453,-24.65390968322754,-24.975292205810547,-25.26420783996582,-25.453153610229492,-25.453676223754883,-25.371421813964844,-25.526813507080078,-25.866941452026367,-25.97194480895996,-25.59343719482422,-24.996774673461914,-24.66813087463379,-24.670644760131836,-25.174856185913086,-25.62739372253418,-25.697296142578125,-25.44967269897461,-25.29340934753418,-25.250186920166016,-25.33526039123535,-25.305362701416016,-25.206995010375977,-25.10910415649414,-24.951988220214844,-24.902645111083984,-25.020980834960938,-25.239253997802734,-25.54377555847168,-25.815181732177734,-25.933149337768555,-25.795156478881836,-25.514190673828125,-25.365203857421875,-25.27223777770996,-25.040939331054688,-24.78067970275879,-24.651643753051758,-24.598478317260742,-24.53156852722168,-24.484535217285156
-25.2248477935791,-24.986278533935547,-24.709426879882812,-24.545286178588867,-24.45708656311035,-24.4023380279541,-24.564964294433594,-24.925142288208008,-25.177783966064453,-25.27381134033203,-25.421470642089844,-25.616289138793945,-25.591176986694336,-25.290475845336914,-24.85604476928711,-24.565134048461914,-24.528234481811523,-24.804824829101562,-24.991504669189453,-24.988542556762695,-24.8227481842041,-24.904069900512695,-25.093969345092773,-25.22279930114746,-25.22264862060547,-25.070159912109375,-24.837499618530273,-24.646902084350586,-24.651758193969727,-24.76352310180664,-24.9700984954834,-25.14216423034668,-25.324188232421875,-25.595104217529297,-25.94281768798828,-25.95234489440918,-25.425270080566406,-24.818790435791016,-24.633174896240234,-24.70998764038086,-24.672183990478516,-24.530529022216797,-24.371768951416016,-24.23562240600586
-25.375879287719727,-25.019100189208984,-24.500484466552734,-24.09006690979004,-23.944778442382812,-23.988740921020508,-24.097240447998047,-24.36819076538086,-24.59185791015625,-24.773639678955078,-25.08029556274414,-25.3522891998291,-25.362964630126953,-25.05883026123047,-24.748706817626953,-24.548145294189453,-24.361474990844727,-24.33257484436035,-24.343942642211914,-24.18351936340332,-23.932334899902344,-23.932079315185547,-24.219970703125,-24.55153465270996,-24.684158325195312,-24.67123794555664,-24.52064323425293,-24.314599990844727,-24.236331939697266,-24.342525482177734,-24.520288467407227,-24.69683837890625,-24.991819381713867,-25.373462677001953,-25.82732582092285,-26.1186466217041,-25.85205841064453,-25.143535614013672,-24.65081024169922,-24.612173080444336,-24.752704620361328,-24.75052833557129,-24.472965240478516,-24.157817840576172
-24.910320281982422,-24.55451011657715,-23.988492965698242,-23.504413604736328,-23.380104064941406,-23.78249168395996,-23.890180587768555,-23.809045791625977,-24.053464889526367,-24.29593276977539,-24.501644134521484,-24.82463836669922,-25.03238868713379,-24.840042114257812,-24.428712844848633,-24.089162826538086,-23.828901290893555,-23.61008644104004,-23.38385772705078,-23.140878677368164,-22.882020950317383,-22.805320739746094,-23.01178550720215,-23.39884376525879,-23.813819885253906,-24.110300064086914,-24.222057342529297,-24.133773803710938,-23.93500518798828,-23.86869239807129,-24.02366065979004,-24.2930908203125,-24.718278884887695,-25.33278465270996,-25.907453536987305,-26.260635375976562,-26.14764976501465,-25.589954376220703,-25.039155960083008,-24.886770248413086,-24.93215560913086,-24.907413482666016,-24.77060317993164,-24.506071090698242
-24.26700782775879,-24.183969497680664,-23.792673110961914,-23.285629272460938,-23.003440856933594,-23.18987274169922,-23.618377685546875,-23.6589412689209,-23.64476776123047,-23.86897850036621,-24.045412063598633,-24.077680587768555,-24.246253967285156,-24.18425750732422,-23.733789443969727,-23.255523681640625,-23.022525787353516,-22.77863311767578,-22.393081665039062,-21.982221603393555,-21.833398818969727,-21.924400329589844,-22.181581497192383,-22.455150604248047,-22.777799606323242,-23.238676071166992,-23.725393295288086,-24.003671646118164,-23.951040267944336,-23.78309440612793,-23.854068756103516,-24.216699600219727,-24.807544708251953,-25.512853622436523,-26.012348175048828,-26.295135498046875,-26.376989364624023,-26.24273109436035,-25.864709854125977,-25.424448013305664,-25.03957176208496,-24.818744659423828,-24.864774703979492,-24.85396957397461
-23.284423828125,-23.51664161682129,-23.459348678588867,-23.199052810668945,-22.81247329711914,-22.657188415527344,-23.00611114501953,-23.276437759399414,-23.36313247680664,-23.502120971679688,-23.683576583862305,-23.49760627746582,-23.055580139160156,-22.870437622070312,-22.644922256469727,-22.345272064208984,-22.287683486938477,-22.230205535888672,-21.878503799438477,-21.355287551879883,-21.109981536865234,-21.332536697387695,-21.774505615234375,-22.075788497924805,-22.248952865600586,-22.57025146484375,-23.13301658630371,-23.722705841064453,-24.055694580078125,-24.096031188964844,-24.118741989135742,-24.39594268798828,-25.050321578979492,-25.821544647216797,-26.206035614013672,-26.379798889160156,-26.611169815063477,-26.81174659729004,-26.638893127441406,-26.025405883789062,-25.244735717773438,-24.61840057373047,-24.375099182128906,-24.487272262573242
-22.389381408691406,-22.6968936920166,-22.781349182128906,-22.742645263671875,-22.61612319946289,-22.436649322509766,-22.380722045898438,-22.487545013427734,-22.657108306884766,-22.815195083618164,-22.967554092407227,-22.898698806762695,-22.410371780395508,-21.826520919799805,-21.43927001953125,-21.3214054107666,-21.549861907958984,-21.827495574951172,-21.787675857543945,-21.40789031982422,-21.08306312561035,-21.124156951904297,-21.522384643554688,-21.968523025512695,-22.238527297973633,-22.38779640197754,-22.685022354125977,-23.190338134765625,-23.737363815307617,-24.10404396057129,-24.350797653198242,-24.756866455078125,-25.45450210571289,-26.20997428894043,-26.656471252441406,-26.77454948425293,-26.83281707763672,-26.967763900756836,-26.838523864746094,-26.192747116088867,-25.287677764892578,-24.455915451049805,-23.84173583984375,-23.64141082763672
-21.75856590270996,-21.984745025634766,-22.116436004638672,-22.14006805419922,-22.12023162841797,-22.051891326904297,-21.878320693969727,-21.720691680908203,-21.66637420654297,-21.688249588012695,-21.800756454467773,-21.960962295532227,-21.948225021362305,-21.506614685058594,-20.800739288330078,-20.576045989990234,-20.920305252075195,-21.387710571289062,-21.660259246826172,-21.590755462646484,-21.297271728515625,-21.132976531982422,-21.264982223510742,-21.661298751831055,-22.01629066467285,-22.217697143554688,-22.446182250976562,-22.847761154174805,-23.355274200439453,-23.808197021484375,-24.27863121032715,-25.048826217651367,-26.054121017456055,-26.840667724609375,-27.14043426513672,-26.99016761779785,-26.685331344604492,-26.426782608032227,-26.112266540527344,-25.609235763549805,-24.936574935913086,-24.25991439819336,-23.623294830322266,-23.32213592529297
-21.003141403198242,-21.17452621459961,-21.2359561920166,-21.34000015258789,-21.453746795654297,-21.456661224365234,-21.25115394592285,-21.00942039489746,-20.943525314331055,-20.997133255004883,-20.958770751953125,-20.893781661987305,-20.99305534362793,-21.04414939880371,-20.81734848022461,-20.6171875,-20.705217361450195,-20.972652435302734,-21.06769561767578,-21.09006690979004,-21.032846450805664,-20.984209060668945,-20.989110946655273,-21.286489486694336,-21.64594268798828,-21.97817039489746,-22.370790481567383,-22.910863876342773,-23.49150276184082,-23.914583206176758,-24.29888916015625,-25.018417358398438,-26.064170837402344,-26.945354461669922,-27.25460433959961,-27.022396087646484,-26.46428871154785,-25.71347427368164,-24.997142791748047,-24.551435470581055,-24.27361488342285,-23.92555809020996,-23.391101837158203,-22.95075035095215
-20.140607833862305,-20.26782989501953,-20.216007232666016,-20.301504135131836,-20.536653518676758,-20.684776306152344,-20.53235626220703,-20.197628021240234,-20.14371109008789,-20.4267520904541,-20.624143600463867,-20.446533203125,-20.20761489868164,-20.247617721557617,-20.343318939208984,-20.449525833129883,-20.50421142578125,-20.470190048217773,-20.306644439697266,-20.342750549316406,-20.52085304260254,-20.73228645324707,-20.999248504638672,-21.285198211669922,-21.56383514404297,-21.86347007751465,-22.375198364257812,-23.113271713256836,-23.824020385742188,-24.206775665283203,-24.436525344848633,-24.965518951416016,-25.825519561767578,-26.570995330810547,-26.864830017089844,-26.756938934326172,-26.232648849487305,-25.308969497680664,-24.36130714416504,-23.831817626953125,-23.61546516418457,-23.347063064575195,-22.917980194091797,-22.463104248046875
-19.237995147705078,-19.3123779296875,-19.321590423583984,-19.38389015197754,-19.506977081298828,-19.703319549560547,-19.72841453552246,-19.542020797729492,-19.409698486328125,-19.54376983642578,-19.792560577392578,-19.945600509643555,-19.89395523071289,-19.781370162963867,-19.693199157714844,-19.700536727905273,-19.80491828918457,-19.889158248901367,-19.88130760192871,-20.0173397064209,-20.276548385620117,-20.549484252929688,-20.812732696533203,-21.04534149169922,-21.307388305664062,-21.738649368286133,-22.46143341064453,-23.316936492919922,-24.015920639038086,-24.345727920532227,-24.44866180419922,-24.74732780456543,-25.352603912353516,-25.977941513061523,-26.35212516784668,-26.33660125732422,-25.851476669311523,-24.964696884155273,-24.031517028808594,-23.359519958496094,-22.93870735168457,-22.577659606933594,-22.202194213867188,-21.894227981567383
-18.2166805267334,-18.507925033569336,-18.65460205078125,-18.71758270263672,-18.684452056884766,-18.623098373413086,-18.672168731689453,-18.791515350341797,-18.866275787353516,-18.923097610473633,-19.064373016357422,-19.309871673583984,-19.514747619628906,-19.56496810913086,-19.492136001586914,-19.418317794799805,-19.439311981201172,-19.492290496826172,-19.550186157226562,-19.59392547607422,-19.671476364135742,-19.92315101623535,-20.290517807006836,-20.741621017456055,-21.274398803710938,-21.885345458984375,-22.61342430114746,-23.426197052001953,-24.071273803710938,-24.412321090698242,-24.456680297851562,-24.452909469604492,-24.6167049407959,-25.03766632080078,-25.57819366455078,-25.82862091064453,-25.4482421875,-24.580455780029297,-23.648080825805664,-22.970300674438477,-22.571430206298828,-22.163244247436523,-21.643632888793945,-21.343738555908203
-17.032251358032227,-17.36806869506836,-17.889171600341797,-18.112287521362305,-18.06201934814453,-17.881912231445312,-17.765769958496094,-17.83650779724121,-18.147350311279297,-18.52313804626465,-18.837066650390625,-19.029460906982422,-19.13227081298828,-19.147703170776367,-19.113561630249023,-19.163251876831055,-19.238447189331055,-19.254274368286133,-19.288002014160156,-19.254383087158203,-19.23567008972168,-19.423748016357422,-19.853605270385742,-20.50246810913086,-21.273090362548828,-22.067079544067383,-22.810073852539062,-23.43564796447754,-23.855627059936523,-24.0498046875,-23.986759185791016,-23.75937271118164,-23.66069984436035,-24.03766441345215,-24.746158599853516,-25.19781494140625,-24.985309600830078,-24.2305965423584,-23.428390502929688,-22.87260627746582,-22.48137855529785,-21.994293212890625,-21.29364585876465,-20.80014419555664
-16.37824821472168,-16.37919807434082,-16.93770408630371,-17.35588836669922,-17.334787368774414,-17.172203063964844,-17.117816925048828,-17.229345321655273,-17.61890411376953,-18.086172103881836,-18.427867889404297,-18.588836669921875,-18.65738296508789,-18.721776962280273,-18.82855796813965,-18.959945678710938,-18.98027229309082,-18.948301315307617,-18.944116592407227,-18.995100021362305,-19.076370239257812,-19.269676208496094,-19.710668563842773,-20.4378719329834,-21.297975540161133,-22.09056854248047,-22.671655654907227,-23.03053092956543,-23.2200984954834,-23.31942367553711,-23.31446075439453,-23.159868240356445,-22.97395896911621,-23.173532485961914,-23.764562606811523,-24.199596405029297,-24.141231536865234,-23.783924102783203,-23.41067886352539,-23.053590774536133,-22.50192642211914,-21.74693489074707,-21.100053787231445,-20.64788055419922
-16.50343132019043,-16.261404037475586,-16.455337524414062,-16.76824378967285,-16.73194122314453,-16.50848388671875,-16.5183048248291,-16.758934020996094,-17.134384155273438,-17.506223678588867,-17.74874496459961,-17.96755599975586,-18.195226669311523,-18.38676643371582,-18.519018173217773,-18.5957088470459,-18.620502471923828,-18.64670753479004,-18.78588104248047,-19.018159866333008,-19.30029296875,-19.541091918945312,-19.84147071838379,-20.362512588500977,-21.106584548950195,-21.781288146972656,-22.180927276611328,-22.36733627319336,-22.436559677124023,-22.465370178222656,-22.50757598876953,-22.481704711914062,-22.353670120239258,-22.438325881958008,-22.874385833740234,-23.310237884521484,-23.42293930053711,-23.38357162475586,-23.302419662475586,-23.021129608154297,-22.37969207763672,-21.59284782409668,-21.082822799682617,-20.70033836364746
