data/wind_data/wind_52_5.json
{"header": {"parameterUnit": "KT", "parameterCategory": 2, "nx": 256, "ny": 198, "lo1": 44.73521041870117, "la1": -3.236724853515625, "lo2": 111.26478576660156, "la2": 43.468475341796875, "dx": 0.2609002888202667, "dy": -0.23708222806453705, "refTime": "2025-02-21 04:00:00", "forecastTime": 0, "parameterNumber": 2, "parameterNumberName": "eastward_wind"}, "data":
[rows 38 to 56 of 198, columns 176 to 219 of 256]
-1.855093002319336,-0.5828537344932556,-0.46156394481658936,-1.719877004623413,-3.1335256099700928,-2.8537683486938477,-2.423842668533325,-4.865638732910156,-6.124138832092285,-5.411688327789307,-4.470497131347656,-4.453950881958008,-6.992217540740967,-8.44968318939209,-7.231799125671387,-7.062281608581543,-9.92430591583252,-8.743420600891113,-7.788654327392578,-7.585308074951172,-6.8446197509765625,-6.514808177947998,-6.187973976135254,-6.360814571380615,-7.192299842834473,-7.1410722732543945,-6.8484883308410645,-7.098695755004883,-7.519014358520508,-7.579716682434082,-7.230288028717041,-6.764174461364746,-6.3782172203063965,-6.109033584594727,-6.001877307891846,-6.12856388092041,-6.277002811431885,-5.710653781890869,-4.457980632781982,-4.158186435699463,-4.8487091064453125,-5.248469352722168,-5.308279037475586,-5.396085262298584
-0.9742555618286133,-0.267894446849823,-0.27428561449050903,-1.3830174207687378,-3.1841628551483154,-4.428860664367676,-5.414534091949463,-7.9421467781066895,-7.961400032043457,-11.302635192871094,-11.81213665008545,-12.8239107131958,-14.766131401062012,-15.71376895904541,-14.153894424438477,-10.12547779083252,-9.806909561157227,-6.607913017272949,-7.430468559265137,-6.871912002563477,-6.978176593780518,-7.208954811096191,-7.244143962860107,-7.677281856536865,-7.821009635925293,-7.952072620391846,-7.92872953414917,-7.849506855010986,-7.908496379852295,-7.825642108917236,-7.506437301635742,-7.130798816680908,-6.652631759643555,-6.059272766113281,-5.657864570617676,-5.821845531463623,-6.1110100746154785,-5.357651710510254,-4.1648077964782715,-4.0827250480651855,-4.945209503173828,-5.504181385040283,-5.755353927612305,-4.9192657470703125
-1.5782699584960938,-0.6836312413215637,-0.6272755861282349,-2.331477165222168,-5.493195533752441,-8.366044044494629,-8.675111770629883,-8.421120643615723,-6.321464538574219,-4.026408672332764,-7.949034214019775,-16.130212783813477,-6.395617485046387,-6.668481826782227,-5.8032050132751465,-2.763947010040283,-4.010941028594971,-5.483253002166748,-7.901869297027588,-7.960782527923584,-7.968148708343506,-8.318522453308105,-8.404326438903809,-8.716638565063477,-8.582756042480469,-8.860064506530762,-9.155447959899902,-8.929396629333496,-8.617403030395508,-8.193109512329102,-7.7326788902282715,-7.235245704650879,-6.75065803527832,-6.160586833953857,-5.481334686279297,-5.285749435424805,-5.759633541107178,-5.49542760848999,-4.717893600463867,-4.808440685272217,-5.492510795593262,-5.54972505569458,-5.378050804138184,-5.846400737762451
-1.9204564094543457,-2.1095845699310303,-2.557515859603882,-5.059847354888916,-6.848419189453125,-5.950766086578369,-4.631270885467529,-4.086541175842285,-2.375201940536499,-1.4670807123184204,2.7023825645446777,6.0319929122924805,1.9953196048736572,-1.4943463802337646,-2.955305814743042,-1.347082495689392,-5.376976490020752,-7.823492050170898,-9.224686622619629,-9.486244201660156,-9.88283634185791,-9.693456649780273,-9.17421817779541,-9.390853881835938,-9.895159721374512,-10.12716293334961,-10.041810989379883,-9.35452651977539,-8.466200828552246,-7.8466949462890625,-7.681692123413086,-7.467186450958252,-7.019161224365234,-6.235570430755615,-5.6325812339782715,-5.805429458618164,-6.265779495239258,-6.357028007507324,-6.1884660720825195,-6.341883182525635,-6.5352702140808105,-6.14837646484375,-5.925410747528076,-6.592146396636963
-0.8253880739212036,-3.132502794265747,-4.499998092651367,-5.474914073944092,-4.610659599304199,-2.0882885456085205,-0.5042980909347534,-0.5335133075714111,-0.08635756373405457,0.027470272034406662,0.31163349747657776,-0.5099778175354004,-4.242403984069824,-4.4782795906066895,-3.264789342880249,-3.752422571182251,-7.638447284698486,-8.881295204162598,-7.907797813415527,-7.94970703125,-9.721578598022461,-10.484543800354004,-10.338189125061035,-10.080175399780273,-10.507210731506348,-10.626346588134766,-10.261603355407715,-9.256791114807129,-8.14283275604248,-7.813355445861816,-8.094893455505371,-7.822698593139648,-7.113638401031494,-6.604624271392822,-6.835208415985107,-7.291591644287109,-7.5724053382873535,-7.499231815338135,-7.616323471069336,-7.8122124671936035,-7.58152961730957,-6.79461145401001,-6.423418045043945,-6.712281703948975
2.3795244693756104,0.1918625682592392,-0.9625015258789062,-0.4331405460834503,0.31656959652900696,-0.017594892531633377,-1.3523951768875122,-2.162950277328491,-2.2803585529327393,-2.6303939819335938,-1.8817212581634521,-0.49148058891296387,-2.0723509788513184,-1.5744513273239136,-0.3400934338569641,-2.3747119903564453,-5.862864971160889,-6.387434959411621,-5.560270309448242,-5.051970481872559,-7.088317394256592,-8.749958038330078,-9.625253677368164,-9.885054588317871,-10.2186918258667,-10.279757499694824,-9.76697826385498,-8.826231002807617,-7.834310531616211,-7.6348066329956055,-8.063909530639648,-8.279207229614258,-7.856042385101318,-7.7011799812316895,-8.015212059020996,-8.481840133666992,-8.506915092468262,-7.953669548034668,-8.19779109954834,-8.508156776428223,-7.957269668579102,-6.455670356750488,-5.627621173858643,-6.579171657562256
4.138885974884033,3.933518648147583,4.194725513458252,4.092166900634766,2.730104446411133,0.9950306415557861,-0.6191315650939941,-1.3124961853027344,-2.021268367767334,-3.118076801300049,-2.8863673210144043,-2.5863418579101562,-3.364118814468384,-4.608994960784912,-4.209193229675293,-4.271734714508057,-5.2093377113342285,-6.186456203460693,-5.622922897338867,-5.692466735839844,-6.297430038452148,-6.633543491363525,-7.337335586547852,-8.270136833190918,-9.111351013183594,-9.408538818359375,-9.244294166564941,-8.536808967590332,-7.135189533233643,-6.847505569458008,-8.175402641296387,-9.066038131713867,-8.838873863220215,-8.82105827331543,-8.638228416442871,-8.42214298248291,-8.1491060256958,-8.254498481750488,-8.467850685119629,-8.48070240020752,-7.978038787841797,-7.205338954925537,-6.808990001678467,-6.879185676574707
2.3282806873321533,2.2108278274536133,1.8623290061950684,0.9400506615638733,0.08353432267904282,-0.27270668745040894,-0.5982375144958496,-1.3110671043395996,-2.475837469100952,-3.2428011894226074,-4.22578239440918,-5.810702800750732,-6.948415279388428,-9.511171340942383,-11.821982383728027,-12.717813491821289,-9.518847465515137,-10.270585060119629,-10.656157493591309,-9.166603088378906,-8.1376953125,-7.5763397216796875,-7.39881706237793,-7.512569427490234,-8.389631271362305,-8.972379684448242,-8.698420524597168,-8.1536226272583,-6.963230609893799,-6.466865062713623,-8.061114311218262,-9.039947509765625,-8.713703155517578,-8.676580429077148,-9.006427764892578,-8.449604988098145,-7.89461088180542,-7.78976583480835,-8.36520767211914,-9.289412498474121,-8.583308219909668,-6.7458086013793945,-6.3513078689575195,-6.775835037231445
1.3700987100601196,1.7586778402328491,1.27452552318573,0.5122389197349548,0.3923889994621277,0.4849485754966736,0.7081934213638306,0.33520403504371643,-1.852176308631897,-3.3397626876831055,-5.017274379730225,-7.236317157745361,-7.403084754943848,-7.44356632232666,-5.7543768882751465,-7.393707275390625,-10.621582984924316,-13.327705383300781,-12.110135078430176,-9.38444709777832,-7.406099796295166,-6.759373664855957,-6.824190616607666,-6.742122650146484,-6.943070411682129,-7.4196624755859375,-7.8131256103515625,-7.599871635437012,-6.4780192375183105,-6.026147842407227,-7.880456924438477,-9.180012702941895,-8.378085136413574,-8.115188598632812,-8.805183410644531,-8.734613418579102,-7.628379821777344,-7.218099117279053,-8.041479110717773,-8.88895034790039,-9.203482627868652,-7.315812110900879,-6.039877414703369,-6.3609724044799805
0.05035601928830147,0.10966608673334122,-0.10539112985134125,-0.3565678596496582,-0.22156569361686707,-0.12744499742984772,0.6723362803459167,0.9294441342353821,-1.2281742095947266,-3.3724727630615234,-4.220703601837158,-4.811581134796143,-4.814781665802002,-3.3328311443328857,-0.8389183878898621,-1.8238362073898315,-5.038157939910889,-8.216214179992676,-6.368602752685547,-5.319876670837402,-4.450028896331787,-4.253915309906006,-4.807989120483398,-5.168015956878662,-5.055420398712158,-5.023786544799805,-5.565848350524902,-6.051281929016113,-5.700682163238525,-5.494330883026123,-7.179404258728027,-8.93873119354248,-8.756464958190918,-8.748891830444336,-8.93851089477539,-8.67171859741211,-8.482142448425293,-8.865524291992188,-9.53819465637207,-9.25412368774414,-8.519521713256836,-7.30048131942749,-6.524935722351074,-6.273833751678467
-1.286590576171875,-2.190908432006836,-3.115783929824829,-2.9008615016937256,-1.6194037199020386,-1.0577491521835327,-1.0160540342330933,-0.9036370515823364,-1.2386361360549927,-2.3558285236358643,-3.0130364894866943,-3.1306509971618652,-4.117559432983398,-6.230114459991455,-9.518383026123047,-11.77316665649414,-7.562777996063232,-3.1235709190368652,-0.8103291392326355,-1.311691403388977,-2.2972147464752197,-3.512059450149536,-4.193920612335205,-5.037099838256836,-4.90708589553833,-4.665256977081299,-4.917701244354248,-5.337500095367432,-5.486428737640381,-5.482509136199951,-6.629696369171143,-8.81541633605957,-9.429313659667969,-9.70272445678711,-9.400676727294922,-8.691462516784668,-9.444931030273438,-10.230462074279785,-9.482209205627441,-8.085299491882324,-8.056934356689453,-7.742030143737793,-7.866599082946777,-5.782707214355469
-3.3392961025238037,-5.655279159545898,-6.745875358581543,-5.942567825317383,-5.707821846008301,-5.7650556564331055,-5.193982124328613,-3.50443959236145,-2.8388078212738037,-2.62363862991333,-2.4169669151306152,-2.0016257762908936,-1.3352634906768799,-0.6270438432693481,0.4598201513290405,0.7476182579994202,1.1948442459106445,3.082432985305786,2.5968241691589355,0.4674418568611145,-0.9974026679992676,-1.9806016683578491,-3.3147666454315186,-4.672628402709961,-4.83378267288208,-4.974783897399902,-5.219435691833496,-5.358180522918701,-5.659433364868164,-5.88478946685791,-6.456741809844971,-8.70932674407959,-10.220911026000977,-10.20390510559082,-9.701754570007324,-9.54013442993164,-11.049300193786621,-9.792122840881348,-7.227523326873779,-5.394289493560791,-6.890783786773682,-8.530725479125977,-10.020856857299805,-7.680641174316406
-5.484750747680664,-5.702008247375488,-4.540449142456055,-3.2398271560668945,-3.3819265365600586,-4.345026016235352,-2.681511640548706,-2.2178597450256348,-3.7393314838409424,-4.3795013427734375,-4.223090171813965,-2.236994504928589,-0.3147728741168976,1.110793948173523,2.0778558254241943,3.004784345626831,1.8742125034332275,1.2528057098388672,0.749455988407135,-0.020437896251678467,-0.19007602334022522,-0.7651135921478271,-2.008452892303467,-3.1664891242980957,-4.014678478240967,-4.865605354309082,-5.276493549346924,-5.574771881103516,-5.983558654785156,-6.093969821929932,-6.900287628173828,-9.055927276611328,-10.339414596557617,-9.66254711151123,-10.388548851013184,-12.575362205505371,-11.83111572265625,-7.3686065673828125,-8.08708381652832,-5.711551189422607,-6.068893909454346,-8.791229248046875,-12.799899101257324,-11.435819625854492
-4.160711288452148,-1.501222014427185,0.5954999327659607,0.9080517888069153,0.8243273496627808,2.0555081367492676,3.1251418590545654,1.3149609565734863,-2.6920270919799805,-5.100562572479248,-4.179821014404297,-1.6824958324432373,1.0322521924972534,2.5273666381835938,2.5154621601104736,2.4370641708374023,2.843857526779175,2.3761887550354004,2.549790620803833,2.086487054824829,1.315051555633545,0.15029281377792358,-1.288116216659546,-1.8159263134002686,-2.580705165863037,-3.9400129318237305,-5.204346179962158,-5.866970062255859,-6.232458114624023,-6.265620708465576,-7.542125701904297,-9.248575210571289,-9.48094367980957,-8.344472885131836,-7.6041154861450195,-6.811673164367676,-5.376533031463623,-5.430469036102295,-6.485660552978516,-7.007482528686523,-8.968613624572754,-11.208719253540039,-12.413928031921387,-10.665942192077637
-0.6029353737831116,0.697230339050293,1.0110299587249756,0.86729496717453,0.010189719498157501,0.15679600834846497,0.4909864366054535,0.5122587084770203,0.2209203839302063,-1.0282429456710815,-1.0442311763763428,0.05092548206448555,2.135516881942749,4.184079647064209,4.342487812042236,3.3560378551483154,3.3808703422546387,3.4236412048339844,3.0076966285705566,1.5712381601333618,0.7916635274887085,0.17873059213161469,-1.0032683610916138,-1.0090734958648682,-1.6973177194595337,-2.695902109146118,-3.926618814468384,-5.084911823272705,-5.582571506500244,-5.646780014038086,-7.011685848236084,-8.51754379272461,-8.39500617980957,-7.270681858062744,-6.318392276763916,-5.580636501312256,-5.240659713745117,-5.913459300994873,-5.729186058044434,-7.668121814727783,-9.458057403564453,-9.020112037658691,-6.64697265625,-5.621251106262207
2.3134360313415527,2.812140703201294,1.9606117010116577,1.6104862689971924,1.488720417022705,1.3035520315170288,1.3877694606781006,1.8525830507278442,2.8802542686462402,2.749122381210327,2.643127918243408,3.1144139766693115,3.140336036682129,3.936184883117676,4.653789043426514,4.65118932723999,4.367092132568359,4.517246246337891,3.803145408630371,2.337049722671509,1.487906575202942,0.7513322234153748,-0.15150076150894165,-0.3251756727695465,-0.7777481079101562,-1.7554839849472046,-2.5700528621673584,-3.6647326946258545,-4.488670349121094,-4.854036331176758,-5.620974540710449,-6.698355197906494,-7.136397838592529,-6.708506107330322,-5.992388725280762,-5.374699592590332,-6.344837665557861,-8.212539672851562,-7.934485912322998,-7.341907501220703,-5.592479705810547,-3.8052384853363037,-3.042665958404541,-4.387199878692627
1.0953991413116455,1.101639747619629,0.9542145729064941,1.444766879081726,2.331294059753418,2.1905996799468994,1.4279191493988037,1.018528699874878,1.3585659265518188,1.3472416400909424,1.6356589794158936,2.7964532375335693,3.0177314281463623,2.952385663986206,3.7266733646392822,4.779747486114502,5.266481876373291,5.266290664672852,4.748251914978027,3.8158414363861084,2.8318724632263184,1.8949881792068481,0.9968191981315613,0.5306029915809631,-0.2413114607334137,-0.917533814907074,-1.5880540609359741,-2.648923635482788,-3.5214245319366455,-4.019580841064453,-4.54573917388916,-5.017197132110596,-5.60642147064209,-5.919858455657959,-5.479282379150391,-5.226800918579102,-6.306123733520508,-8.356576919555664,-9.528264045715332,-8.114531517028809,-5.751628398895264,-4.516219615936279,-4.24650239944458,-4.4771294593811035
1.5110912322998047,2.30475115776062,2.428781509399414,2.6292521953582764,3.3974297046661377,3.5444064140319824,2.7152414321899414,1.9239577054977417,1.6466479301452637,1.5195190906524658,1.5896111726760864,2.6041715145111084,3.7494304180145264,3.914036273956299,4.243667125701904,5.4823503494262695,6.616596698760986,6.4508466720581055,5.483459949493408,4.703738212585449,3.8217618465423584,3.1920995712280273,2.847611665725708,1.7234541177749634,0.0447622649371624,-0.43332168459892273,-1.0297855138778687,-2.015989065170288,-2.5069539546966553,-2.7233762741088867,-3.297243595123291,-3.835331439971924,-4.465991497039795,-5.121431827545166,-4.8702392578125,-4.846223831176758,-5.653448581695557,-8.233464241027832,-9.634444236755371,-7.424698829650879,-4.023200511932373,-3.610989570617676,-4.6073317527771,-5.654924392700195
1.4554247856140137,1.8263543844223022,1.888144850730896,2.3734612464904785,3.06881046295166,3.669374942779541,3.6008124351501465,3.1472055912017822,2.713671922683716,2.455305337905884,2.161823272705078,2.349623203277588,3.309201240539551,4.1047797203063965,4.8105998039245605,5.993709564208984,7.412994861602783,7.864786148071289,6.924717903137207,5.686948299407959,4.632261276245117,4.317399024963379,4.175601005554199,2.9614367485046387,1.5990941524505615,0.8127404451370239,-0.32589757442474365,-1.2848864793777466,-1.4856966733932495,-1.4498811960220337,-1.8692922592163086,-2.3142635822296143,-3.178363561630249,-4.8030781745910645,-5.3268723487854,-5.075507640838623,-4.869255542755127,-5.391746520996094,-5.046398639678955,-3.2004714012145996,-2.6000776290893555,-4.626356601715088,-5.856224536895752,-6.764781475067139
