data/wind_data/wind_69_7.json
{"header": {"parameterUnit": "KT", "parameterCategory": 2, "nx": 256, "ny": 198, "lo1": 44.73521041870117, "la1": -3.236724853515625, "lo2": 111.26478576660156, "la2": 43.468475341796875, "dx": 0.2609002888202667, "dy": -0.23708222806453705, "refTime": "2025-02-21 21:00:00", "forecastTime": 0, "parameterNumber": 2, "parameterNumberName": "eastward_wind"}, "data":
[rows 160 to 179 of 198, columns 44 to 87 of 256]
74.39492797851562,73.70541381835938,73.17726135253906,71.88433837890625,70.01827239990234,68.23192596435547,66.60279846191406,64.45691680908203,62.07805252075195,60.91206359863281,61.60378646850586,64.1382827758789,66.0385513305664,64.05216217041016,61.13722610473633,60.39261245727539,59.53352737426758,57.139102935791016,54.945560455322266,54.14950180053711,54.15556335449219,54.030155181884766,53.676849365234375,53.68688201904297,54.41986846923828,55.43325424194336,55.93656921386719,55.65925598144531,55.066951751708984,54.55140686035156,53.91062545776367,52.96552276611328,52.1411247253418,51.70537185668945,51.39995574951172,50.98991012573242,50.66481399536133,50.49702453613281,50.509422302246094,49.848087310791016,48.76375198364258,49.03975296020508,51.25237274169922,53.216617584228516
72.57186889648438,72.07939910888672,71.47340393066406,69.90535736083984,68.14191436767578,66.93362426757812,65.59661102294922,63.519649505615234,61.6094970703125,61.107601165771484,62.63112258911133,65.740234375,65.74915313720703,62.253822326660156,60.016693115234375,59.30257034301758,58.01066589355469,56.192291259765625,54.75204086303711,54.1001091003418,53.79082107543945,53.2052001953125,52.67475128173828,52.89853286743164,53.81147766113281,54.72771072387695,55.134735107421875,54.986392974853516,54.40422439575195,53.489540100097656,52.37409973144531,51.398231506347656,50.955841064453125,51.061363220214844,51.00559997558594,50.31871032714844,49.650001525878906,49.476837158203125,49.77860641479492,49.611141204833984,48.50682830810547,48.328731536865234,50.22163772583008,52.20816421508789
71.13712310791016,70.81803131103516,70.05296325683594,68.48953247070312,67.12028503417969,65.93114471435547,64.3246078491211,62.71759796142578,61.77217102050781,62.07895278930664,64.5081787109375,65.98453521728516,63.607852935791016,60.68800354003906,59.21002197265625,58.1106071472168,57.09378433227539,55.866966247558594,54.378257751464844,53.26381301879883,52.58633804321289,52.038578033447266,51.872161865234375,52.49449920654297,53.57442092895508,54.36161422729492,54.55189514160156,54.287818908691406,53.513702392578125,52.183528900146484,50.8266487121582,50.16706848144531,50.34174346923828,50.749122619628906,50.47785949707031,49.48528289794922,48.8179931640625,48.875980377197266,49.2357063293457,49.43330764770508,48.84442138671875,48.406124114990234,49.32768249511719,50.854286193847656
71.04000854492188,70.4128646850586,69.48760223388672,68.2365493774414,66.807861328125,65.10281372070312,63.60808181762695,62.84532165527344,62.86045837402344,64.0210189819336,65.30087280273438,64.39043426513672,62.042964935302734,59.96976089477539,58.418460845947266,57.771793365478516,57.31202697753906,55.69599533081055,53.48162841796875,51.88322448730469,51.05385971069336,50.801334381103516,51.195858001708984,52.285457611083984,53.531517028808594,54.12149429321289,53.851593017578125,53.128662109375,52.075233459472656,50.669490814208984,49.52335739135742,49.3264274597168,49.94823455810547,50.3603401184082,49.853416442871094,48.92914962768555,48.518829345703125,48.7012825012207,48.99249267578125,49.15001678466797,48.989013671875,48.74570083618164,49.078575134277344,49.90981674194336
71.82290649414062,70.71519470214844,69.72098541259766,68.57049560546875,67.05224609375,65.3408203125,64.04336547851562,63.88779830932617,64.70572662353516,65.32708740234375,64.81867980957031,63.50887680053711,61.74739074707031,59.65955352783203,58.52483367919922,58.69533920288086,57.93395233154297,55.40264892578125,52.71516799926758,50.962162017822266,50.08805847167969,50.03275680541992,50.81364440917969,52.13728713989258,53.25443649291992,53.359580993652344,52.454673767089844,51.28462600708008,50.17805099487305,49.103843688964844,48.51426696777344,48.78118133544922,49.417232513427734,49.658939361572266,49.23381805419922,48.65447998046875,48.49888610839844,48.64079284667969,48.70545959472656,48.74589157104492,48.874542236328125,49.047794342041016,49.365962982177734,49.50613784790039
72.36872863769531,71.3430404663086,70.36982727050781,69.1419906616211,67.75396728515625,66.36078643798828,65.50726318359375,65.77897644042969,66.01403045654297,65.51870727539062,65.04874420166016,64.18791961669922,62.1918830871582,60.340614318847656,60.001373291015625,59.99616622924805,58.18286895751953,55.02175521850586,52.3563232421875,50.75396728515625,50.043670654296875,50.23634338378906,51.128231048583984,52.22041320800781,52.75302505493164,52.10959243774414,50.61944580078125,49.19807815551758,48.209163665771484,47.59103012084961,47.5178108215332,48.019134521484375,48.545833587646484,48.673954010009766,48.42150115966797,48.15021514892578,48.1822395324707,48.33358383178711,48.27641296386719,48.23748016357422,48.50670623779297,48.9769287109375,49.35158920288086,49.09117889404297
72.04425048828125,71.39952087402344,70.62505340576172,69.55494689941406,68.40827941894531,67.38115692138672,66.90328979492188,66.75287628173828,66.42667388916016,66.72515106201172,66.84095001220703,65.22493743896484,63.210060119628906,62.12544250488281,61.56513595581055,60.55366897583008,58.20610427856445,55.09152603149414,52.609493255615234,51.22138595581055,50.77560806274414,51.11284255981445,51.86211395263672,52.50771713256836,52.35122299194336,51.04782485961914,49.21772766113281,47.694766998291016,46.725975036621094,46.330665588378906,46.52229309082031,47.0107536315918,47.32667541503906,47.355934143066406,47.266910552978516,47.258262634277344,47.46796798706055,47.72148513793945,47.68138122558594,47.556556701660156,47.846900939941406,48.36048126220703,48.698699951171875,48.40394592285156
70.97339630126953,70.54171752929688,69.87913513183594,69.05016326904297,68.20629119873047,67.51227569580078,67.07384490966797,66.84197998046875,67.56787872314453,68.85205078125,68.09370422363281,65.8467788696289,64.41804504394531,63.534645080566406,62.44755935668945,60.940677642822266,58.5897331237793,55.69511413574219,53.39623260498047,52.26061248779297,52.043617248535156,52.35983657836914,52.8178825378418,52.934207916259766,52.15473175048828,50.478153228759766,48.566375732421875,46.97812271118164,45.94979476928711,45.60153579711914,45.74362564086914,45.95811462402344,46.04686737060547,46.0357780456543,46.06300354003906,46.242645263671875,46.59663391113281,46.8897590637207,46.75535202026367,46.49251937866211,46.81247329711914,47.45781326293945,47.73667526245117,47.3691291809082
69.38615417480469,68.96326446533203,68.4341049194336,67.6622543334961,66.9864273071289,66.75315856933594,66.76345825195312,67.38459014892578,68.96075439453125,69.47785949707031,67.84168243408203,65.98623657226562,64.91334533691406,64.06233978271484,63.045555114746094,61.531646728515625,59.1854248046875,56.48534393310547,54.51294708251953,53.70970153808594,53.642879486083984,53.78632354736328,53.83858871459961,53.40723419189453,52.17660140991211,50.31272888183594,48.35198211669922,46.758888244628906,45.7920036315918,45.37362289428711,45.16327667236328,45.001365661621094,44.956783294677734,44.97290802001953,45.03874206542969,45.20545959472656,45.50758361816406,45.729671478271484,45.54634094238281,45.332393646240234,45.73501205444336,46.50858688354492,46.83211898803711,46.44775390625
67.92245483398438,67.37804412841797,66.91879272460938,66.28435516357422,66.12257385253906,66.37013244628906,66.5802230834961,67.51483917236328,68.63847351074219,68.3568344116211,66.8751449584961,65.46846008300781,64.69026947021484,64.20549011230469,63.44704055786133,61.89612579345703,59.53226852416992,57.19344711303711,55.80315399169922,55.434051513671875,55.37855529785156,55.102821350097656,54.577964782714844,53.74244689941406,52.33327865600586,50.315643310546875,48.223915100097656,46.72948455810547,45.92512130737305,45.31953048706055,44.63431167602539,44.143951416015625,44.099090576171875,44.22478103637695,44.19024658203125,44.119407653808594,44.23040008544922,44.40583801269531,44.395301818847656,44.436771392822266,44.98153305053711,45.743324279785156,46.06878662109375,45.81331253051758
67.21449279785156,66.5401611328125,65.67528533935547,65.46013641357422,66.30005645751953,66.1353759765625,65.63031005859375,66.37905883789062,66.96795654296875,66.6175308227539,65.69110870361328,64.8165512084961,64.45182800292969,64.25727844238281,63.476070404052734,61.73291015625,59.46451187133789,57.67090606689453,57.00077438354492,57.09403991699219,56.89799118041992,56.00306701660156,54.87259292602539,53.810508728027344,52.442928314208984,50.39751434326172,48.21129608154297,46.77233123779297,46.02792739868164,45.19807815551758,44.17628479003906,43.540008544921875,43.495235443115234,43.61088562011719,43.47990798950195,43.18572235107422,42.94012451171875,42.91072082519531,43.18097686767578,43.66746520996094,44.356178283691406,45.02250289916992,45.360172271728516,45.29399490356445
67.23208618164062,66.28900909423828,65.11701965332031,65.51874542236328,65.81881713867188,64.70735168457031,64.70165252685547,65.31243133544922,65.36273956298828,65.24710845947266,64.82682037353516,64.30120849609375,64.18649291992188,64.10237884521484,63.13714599609375,61.13211441040039,58.9735221862793,57.76483154296875,57.81273651123047,58.24477005004883,57.78850173950195,56.33753204345703,54.81011962890625,53.7005500793457,52.506004333496094,50.616851806640625,48.44364547729492,46.92619705200195,46.04673385620117,45.07809829711914,43.967529296875,43.23396301269531,43.01994705200195,43.01515197753906,42.877716064453125,42.42097854614258,41.79404830932617,41.51533889770508,42.00223922729492,42.95296096801758,43.75653076171875,44.18959426879883,44.518428802490234,44.71393966674805
67.42378997802734,66.41846466064453,65.44082641601562,65.27920532226562,64.56510925292969,63.93455123901367,64.22943878173828,64.3267593383789,64.28266906738281,64.3926010131836,64.18727111816406,63.72584533691406,63.58537673950195,63.48904800415039,62.443904876708984,60.316741943359375,58.26921081542969,57.51115798950195,58.02804946899414,58.53095626831055,57.815853118896484,56.146461486816406,54.575687408447266,53.51543426513672,52.489139556884766,50.8901252746582,48.85113525390625,47.19013977050781,46.095481872558594,45.0455322265625,43.936222076416016,43.05624008178711,42.54542922973633,42.36482238769531,42.21031951904297,41.6395378112793,40.811363220214844,40.49641036987305,41.152313232421875,42.28538513183594,43.06090545654297,43.30043411254883,43.56126403808594,44.01850128173828
67.62468719482422,66.84925842285156,66.05821990966797,65.24967193603516,64.14512634277344,63.450584411621094,63.39728546142578,63.48056411743164,63.59368896484375,63.74615478515625,63.50436019897461,62.864051818847656,62.45671081542969,62.288272857666016,61.43489456176758,59.56229782104492,57.71129608154297,57.072792053222656,57.540340423583984,57.86458969116211,57.10875701904297,55.61753845214844,54.19844436645508,53.156280517578125,52.25010681152344,51.02862548828125,49.29543685913086,47.58696365356445,46.263336181640625,45.047462463378906,43.858612060546875,42.9058837890625,42.23326873779297,41.77079391479492,41.36051559448242,40.80607986450195,40.19060134887695,40.029422760009766,40.64583206176758,41.58042907714844,42.14970779418945,42.272037506103516,42.49766159057617,43.12690734863281
67.9687728881836,67.49846649169922,66.84019470214844,65.68598937988281,64.0328598022461,62.77475357055664,62.49899673461914,62.7601318359375,63.04782485961914,63.11268997192383,62.60355758666992,61.625518798828125,60.9238395690918,60.75852584838867,60.3383903503418,59.03941345214844,57.41339111328125,56.51036834716797,56.524505615234375,56.653411865234375,56.10309600830078,54.9377326965332,53.66130447387695,52.582496643066406,51.7558479309082,50.88426208496094,49.59318542480469,48.04521179199219,46.56074142456055,45.105072021484375,43.81261444091797,42.9355354309082,42.25028991699219,41.406654357910156,40.56328201293945,40.10517120361328,39.98160934448242,40.00182342529297,40.32172775268555,40.8411865234375,41.11813735961914,41.0705680847168,41.32595443725586,42.16982650756836
68.21109008789062,68.08187866210938,67.45636749267578,65.95964813232422,63.822261810302734,62.147335052490234,61.72268295288086,62.167110443115234,62.61747741699219,62.49018859863281,61.585960388183594,60.3162956237793,59.4998893737793,59.419921875,59.379817962646484,58.618988037109375,57.217132568359375,55.97445297241211,55.48518753051758,55.45258712768555,55.15721893310547,54.319000244140625,53.15016174316406,51.991416931152344,51.095489501953125,50.36672592163086,49.51182174682617,48.35234451293945,46.90699768066406,45.307373046875,43.95391082763672,43.14632034301758,42.42379379272461,41.27464294433594,40.14594268798828,39.75604248046875,39.90768051147461,40.082557678222656,40.2500114440918,40.313087463378906,40.149940490722656,40.02699661254883,40.465171813964844,41.391849517822266
67.9469223022461,68.15193939208984,67.51335144042969,65.743896484375,63.40520477294922,61.64469528198242,61.20890426635742,61.73910140991211,62.22712707519531,61.91967010498047,60.77893829345703,59.44984817504883,58.70158004760742,58.650001525878906,58.68069839477539,58.16404342651367,56.97157669067383,55.62252426147461,54.804264068603516,54.59780502319336,54.456703186035156,53.88787841796875,52.83112716674805,51.54872512817383,50.35371017456055,49.49445343017578,48.97663879394531,48.39748001098633,47.23716354370117,45.636837005615234,44.27414321899414,43.38850402832031,42.439334869384766,41.154014587402344,40.08283996582031,39.722442626953125,39.84004592895508,40.055328369140625,40.11432647705078,39.94932556152344,39.691497802734375,39.61015319824219,39.94173049926758,40.610042572021484
67.03864288330078,67.3397216796875,66.68982696533203,64.96397399902344,62.848236083984375,61.291290283203125,60.88127136230469,61.33620834350586,61.75339126586914,61.38945770263672,60.280555725097656,59.177337646484375,58.63129425048828,58.47136688232422,58.25346374511719,57.674381256103516,56.62696838378906,55.393104553222656,54.54371643066406,54.261192321777344,54.07707595825195,53.52407455444336,52.53770446777344,51.201690673828125,49.65117263793945,48.473365783691406,48.116127014160156,48.08286666870117,47.34945297241211,45.92071533203125,44.571685791015625,43.44013977050781,42.187522888183594,40.949745178222656,40.124916076660156,39.73302459716797,39.62389373779297,39.678367614746094,39.72578811645508,39.77287673950195,39.70440673828125,39.428409576416016,39.33348846435547,39.59966278076172
65.4831314086914,65.5450668334961,64.95558166503906,63.684932708740234,62.142982482910156,60.913692474365234,60.49457931518555,60.81304931640625,61.173553466796875,60.8582878112793,59.94908905029297,59.2038688659668,58.915889739990234,58.616798400878906,58.01640319824219,57.202056884765625,56.19746017456055,55.1550178527832,54.50944900512695,54.295692443847656,53.93558120727539,53.118125915527344,52.0876579284668,50.80480194091797,49.04597473144531,47.5050048828125,47.05982208251953,47.2946891784668,47.00334167480469,45.96564483642578,44.66049575805664,43.209136962890625,41.759552001953125,40.71321105957031,40.126976013183594,39.68135070800781,39.258445739746094,39.01436233520508,39.05696487426758,39.20250701904297,39.20930480957031,38.98857498168945,38.84223175048828,38.77473831176758
63.43564987182617,63.11613845825195,62.64569091796875,62.00124740600586,61.16667175292969,60.28989028930664,59.83195495605469,60.01567840576172,60.367794036865234,60.19266891479492,59.556766510009766,59.15016555786133,59.07549285888672,58.71772766113281,57.865684509277344,56.820472717285156,55.77440643310547,54.926761627197266,54.53696823120117,54.335052490234375,53.693111419677734,52.57278060913086,51.49056625366211,50.297332763671875,48.46290969848633,46.62992858886719,45.89902877807617,46.10795974731445,46.21969985961914,45.712860107421875,44.505714416503906,42.81382369995117,41.32304000854492,40.516624450683594,40.101478576660156,39.57273483276367,38.80744552612305,38.15731430053711,37.96033477783203,38.0504264831543,38.2489013671875,38.42390060424805,38.52165603637695,38.37084197998047
