data/wind_data/wind_2025-02-19_22.json
{"header": {"parameterUnit": "KT", "parameterCategory": 2, "nx": 255, "ny": 198, "lo1": 44.73521041870117, "la1": -3.236724853515625, "lo2": 111.26478576660156, "la2": 43.468475341796875, "dx": 0.26192745566368103, "dy": -0.23708222806453705, "refTime": "2025-02-19 22:00:00", "forecastTime": 0, "parameterNumber": 2, "parameterNumberName": "eastward_wind"}, "data":
[rows 171 to 189 of 198, columns 86 to 128 of 255]
0.1323973685503006,2.4295401573181152,2.5891733169555664,-1.4212526082992554,-3.918147087097168,-2.8440446853637695,-3.43017578125,-6.106546401977539,-6.809202194213867,-4.116342067718506,-0.36308059096336365,3.315147638320923,3.099398612976074,2.509942054748535,2.379093647003174,-0.30065658688545227,-2.469667673110962,-4.678082466125488,-6.713128566741943,-5.688216686248779,-3.892193555831909,-3.2328991889953613,-5.126590251922607,-7.339642524719238,-5.543582916259766,-2.8223679065704346,-2.29081130027771,-3.7144973278045654,-6.924129486083984,-8.041962623596191,-8.352205276489258,-4.052907943725586,1.017696499824524,1.325351357460022,-3.690380573272705,-3.9307940006256104,0.21686401963233948,3.045847177505493,2.994785785675049,1.8490562438964844,-0.7193074822425842,-3.558134078979492,-4.524966716766357
-0.8880123496055603,3.294663429260254,2.444654703140259,-0.7568665146827698,-1.5151878595352173,-1.6883043050765991,-3.6577224731445312,-5.499250411987305,-5.562535762786865,-4.009237766265869,-2.440683126449585,0.9923960566520691,1.9629125595092773,1.3271422386169434,0.9868532419204712,-2.4558801651000977,-4.198930740356445,-5.416363716125488,-8.524205207824707,-7.223897933959961,-3.2322592735290527,-2.794116497039795,-3.933250904083252,-4.656242847442627,-3.257415533065796,-2.3089652061462402,-4.200251579284668,-4.674041271209717,-2.20646333694458,-2.498528003692627,-4.150833606719971,-3.059915065765381,-1.9714165925979614,-3.7732245922088623,-3.9383134841918945,-0.8807490468025208,0.8014028668403625,1.4698604345321655,2.005307912826538,0.6646055579185486,-2.896759033203125,-4.410295009613037,-4.535397052764893
-2.8475863933563232,0.35419726371765137,0.035773999989032745,-1.6899076700210571,-1.5471009016036987,-1.217273235321045,-2.3656957149505615,-3.034853219985962,-2.4678304195404053,-1.694419026374817,-0.550382137298584,-0.25169837474823,-0.5542652606964111,-1.30278742313385,-1.2830662727355957,-2.1476800441741943,-4.340220928192139,-5.8059539794921875,-5.386990070343018,-4.256259918212891,-2.699681043624878,-2.2780027389526367,-0.6380278468132019,0.11317094415426254,-2.2122962474823,-2.8104031085968018,-1.2869504690170288,0.08163484185934067,-0.04781145602464676,-0.8968667387962341,-3.264554738998413,-5.191764831542969,-3.4647367000579834,-1.8415193557739258,1.3424245119094849,1.5809322595596313,-0.02899734117090702,0.06528089195489883,0.27553561329841614,-2.015700101852417,-4.101884365081787,-4.340865612030029,-4.339500427246094
-4.86441707611084,-3.2215423583984375,-2.4855153560638428,-2.03806471824646,0.012407511472702026,1.0108915567398071,-1.5077565908432007,-2.303931951522827,-1.6921666860580444,-0.21553164720535278,2.853083372116089,1.7052010297775269,-3.6314592361450195,-3.1109447479248047,-1.7718591690063477,-0.04711725190281868,-1.793675422668457,-4.536385536193848,-1.8067548274993896,-0.0055742752738296986,-3.1326427459716797,-2.896986484527588,2.99336838722229,2.4682021141052246,-2.779388666152954,-1.2566936016082764,4.804174900054932,0.9424178600311279,-4.021079063415527,-1.233824372291565,-1.1025837659835815,-2.248243570327759,0.3220711052417755,3.0700931549072266,2.7569077014923096,0.3570306599140167,-0.9017328023910522,-0.2973187267780304,-1.5163424015045166,-3.380824327468872,-3.417982339859009,-3.5448319911956787,-4.185294151306152
-4.2907514572143555,-3.345951557159424,-1.7141671180725098,0.40802597999572754,4.119338512420654,2.432619094848633,-4.373203277587891,-5.005877494812012,-3.473222494125366,-1.1121776103973389,2.260622501373291,1.6316684484481812,-0.9991585612297058,-1.6431323289871216,-2.503197431564331,-2.5633764266967773,-1.69156014919281,-0.8139387965202332,0.4837568700313568,-0.885613203048706,-5.160746097564697,-2.0294926166534424,6.276508808135986,4.269494533538818,-1.4197425842285156,3.4806883335113525,4.401835918426514,-4.674220561981201,-4.054686069488525,0.35073181986808777,-2.0416104793548584,-1.49415922164917,1.7138404846191406,1.8765068054199219,-0.26601946353912354,-1.5929332971572876,-0.42586398124694824,-0.4953184723854065,-2.6129891872406006,-3.988063335418701,-3.987614631652832,-3.744206190109253,-3.8551857471466064
-2.1029775142669678,-1.070468544960022,-0.42984625697135925,-0.47938627004623413,0.32483792304992676,-3.689297914505005,-8.292193412780762,-6.695618152618408,-5.996481895446777,-3.516709566116333,-0.0688013806939125,0.10365927219390869,-0.5038378834724426,-0.6822959780693054,-1.3946329355239868,-2.248528480529785,-3.2119040489196777,-3.0331506729125977,0.2563076317310333,0.5094253420829773,-1.9536590576171875,0.6615071296691895,5.8932905197143555,5.241164207458496,3.72847580909729,4.925954818725586,0.4134550988674164,-3.5230624675750732,-1.510696530342102,-2.4156758785247803,-2.287550449371338,-0.5419201850891113,-0.7170557379722595,-1.7259747982025146,-2.4680545330047607,-1.049669623374939,0.7953599691390991,0.09323524683713913,-2.365032911300659,-3.662689208984375,-3.7983527183532715,-3.7440378665924072,-3.6277525424957275
-1.1068055629730225,-1.6100003719329834,-1.325028419494629,-2.2355213165283203,-3.730473756790161,-4.794372081756592,-4.736808776855469,-3.197564125061035,-3.8926782608032227,-2.9767262935638428,-1.9231635332107544,-2.50561785697937,-2.267270803451538,-0.6401351094245911,-0.7645386457443237,-1.6459060907363892,-2.5424423217773438,-0.2619504928588867,2.6529600620269775,0.6103306412696838,-1.2111586332321167,0.16573700308799744,2.9874401092529297,1.9562557935714722,1.093266487121582,3.0463826656341553,1.5099860429763794,-3.3838868141174316,-6.77297306060791,-5.069458484649658,-1.762392520904541,-1.719457745552063,-1.1044169664382935,-0.17547230422496796,-0.832303524017334,-1.3629684448242188,-1.1524035930633545,-1.5571742057800293,-2.470179557800293,-2.895280599594116,-2.748368978500366,-2.79510235786438,-3.3462867736816406
-2.5418782234191895,-2.9529497623443604,-1.4281471967697144,-0.604458749294281,-1.3247967958450317,-1.7922629117965698,-1.064871907234192,-0.8534435629844666,-1.080330491065979,-0.8598378300666809,-0.48295095562934875,-0.6359479427337646,-0.6069741249084473,0.05791368708014488,0.3715471923351288,-1.2905641794204712,-2.503601551055908,0.5660561323165894,-0.011321141384541988,-5.125218868255615,-2.448129177093506,4.137746810913086,4.199777603149414,-0.7634217739105225,-1.4863687753677368,1.4352905750274658,-0.6745379567146301,-8.051398277282715,-10.20702075958252,-5.795345306396484,-2.077369451522827,-0.8824228048324585,0.2997487187385559,0.950988233089447,0.3742538392543793,0.05605486035346985,-1.2081154584884644,-3.450744152069092,-3.8584604263305664,-2.948589324951172,-2.1206016540527344,-2.8973777294158936,-3.4658451080322266
-2.1844706535339355,0.11479141563177109,2.68591570854187,3.8063812255859375,2.6741693019866943,1.172005295753479,0.8480021953582764,0.781281054019928,0.5813109874725342,0.7222766280174255,0.98900306224823,1.150777816772461,1.2638390064239502,1.4819707870483398,1.5659489631652832,1.0376206636428833,0.706734299659729,1.4053152799606323,0.2406950443983078,-2.344214916229248,-2.2769951820373535,2.6107370853424072,5.538132190704346,1.3045984506607056,-4.856256008148193,-6.094061851501465,-6.835999965667725,-8.99317741394043,-10.6054105758667,-7.246684551239014,-1.8054825067520142,-0.25637319684028625,-0.3898548483848572,0.39716193079948425,1.2928282022476196,1.9713764190673828,1.4819530248641968,-1.3463398218154907,-2.5516884326934814,-0.6599876284599304,-0.13511453568935394,-2.5901377201080322,-4.132416248321533
1.2559329271316528,4.474573612213135,6.3248395919799805,7.007773399353027,6.1562323570251465,4.18842887878418,3.236313819885254,3.0370233058929443,2.450592041015625,1.7154245376586914,1.5540510416030884,2.525683641433716,3.440169334411621,2.996584177017212,2.5689845085144043,2.8329412937164307,3.127532482147217,2.929535150527954,1.5304526090621948,0.15371353924274445,0.09495042264461517,1.2592681646347046,2.553102493286133,0.2453531175851822,-6.923851490020752,-7.445819854736328,-3.803142547607422,-7.574887752532959,-11.988466262817383,-4.806292533874512,1.3444733619689941,-0.719122588634491,-2.7440216541290283,-0.8362123966217041,0.5060320496559143,1.0101338624954224,1.2027513980865479,0.8604505062103271,-0.11138024926185608,-1.3753610849380493,-2.8156161308288574,-3.4744997024536133,-3.811946392059326
4.302988052368164,7.102859973907471,7.514683723449707,6.856953144073486,6.2152581214904785,5.167454719543457,4.049067974090576,2.0672478675842285,-0.12586094439029694,0.6029125452041626,1.0523712635040283,0.8673416972160339,1.874140739440918,3.085113048553467,4.1526079177856445,5.218196392059326,5.7893853187561035,4.5879225730896,1.9145833253860474,0.6601911783218384,0.5684558749198914,0.4469667077064514,0.571183979511261,-0.8336139917373657,-4.858750343322754,-5.828085899353027,-5.6408162117004395,-10.369895935058594,-11.420655250549316,-2.748873472213745,2.669849157333374,-2.454686403274536,-4.1050190925598145,-0.38388770818710327,1.2608200311660767,1.9262492656707764,1.6149898767471313,1.0422167778015137,0.4256448745727539,-1.2026722431182861,-2.615115165710449,-3.052743434906006,-3.396092414855957
6.169896125793457,7.061437606811523,6.679086685180664,5.682041168212891,3.8267319202423096,2.361079454421997,2.1634366512298584,-1.3718427419662476,-3.195953607559204,0.3293505609035492,0.9661348462104797,-1.1077439785003662,-0.972409188747406,0.6600328087806702,3.0964133739471436,5.588302135467529,5.785007476806641,5.087522983551025,3.4489641189575195,2.1993861198425293,1.5487842559814453,0.8664326071739197,0.11117344349622726,-1.7114763259887695,-5.658083438873291,-8.094320297241211,-7.558712482452393,-8.012213706970215,-5.541789531707764,-2.458204507827759,-2.0035409927368164,-2.652296781539917,-0.6095743775367737,-0.5768313407897949,-0.8507981300354004,1.845198631286621,3.479243040084839,2.0488357543945312,0.56035977602005,-0.31975188851356506,-0.933025062084198,-1.1589233875274658,-1.8773750066757202
5.921733379364014,5.068029880523682,4.432873249053955,3.3931052684783936,1.342065453529358,0.2354031354188919,1.0044480562210083,0.589453935623169,-1.888852596282959,-1.4579328298568726,-0.33090683817863464,-1.074386715888977,-0.7525012493133545,0.5800941586494446,0.7410367131233215,0.13809046149253845,-0.2560833692550659,-0.406058669090271,-0.2159947007894516,-0.7846339344978333,-1.915169358253479,-3.5664618015289307,-6.295009136199951,-9.275251388549805,-11.567129135131836,-12.297836303710938,-11.836791038513184,-6.374783515930176,-1.4543416500091553,-2.566847562789917,-4.545455455780029,-3.9380879402160645,-0.0763859748840332,3.488128185272217,1.0151821374893188,0.6302257180213928,1.930798053741455,-0.23580825328826904,-0.6499741673469543,1.271716594696045,2.849712610244751,3.1084208488464355,2.537243604660034
4.456056118011475,3.2708475589752197,1.1395381689071655,-0.015371009707450867,-0.17679621279239655,-0.7114136815071106,-0.8939246535301208,-1.5326303243637085,-5.486536502838135,-6.1387128829956055,-5.236846923828125,-4.099277973175049,-1.6579092741012573,-0.05340621620416641,0.5198580026626587,0.287108838558197,-0.5857099294662476,-1.7875016927719116,-3.8591151237487793,-6.285292625427246,-6.354410171508789,-4.830545425415039,-7.780605316162109,-12.672633171081543,-15.071268081665039,-12.992250442504883,-6.369528293609619,-2.31623911857605,-1.5376321077346802,-0.4991515278816223,-0.30222830176353455,-2.411609649658203,-2.0987398624420166,1.8848872184753418,2.0249481201171875,-3.365182876586914,-7.603952407836914,-8.237041473388672,-3.6392130851745605,3.606947898864746,7.89318323135376,7.794888019561768,6.254221439361572
0.23482607305049896,-0.32521703839302063,-0.5207937955856323,-1.3634008169174194,-2.343135356903076,-2.0309150218963623,-2.73136568069458,-4.314380645751953,-6.946747779846191,-6.79251766204834,-5.7946953773498535,-5.106098651885986,-4.102041244506836,-1.6186400651931763,0.6858229041099548,1.768420934677124,1.332099199295044,0.04424570873379707,-2.5127861499786377,-5.800601482391357,-6.080022811889648,-4.34860897064209,-7.252821445465088,-13.272238731384277,-13.846395492553711,-8.456768989562988,-2.6201207637786865,-1.00126051902771,-1.3284310102462769,-0.02935960330069065,1.6639264822006226,0.931787371635437,-1.4813047647476196,-3.5958855152130127,-6.044692516326904,-8.682469367980957,-9.848747253417969,-8.55820083618164,-4.361978054046631,3.6570141315460205,10.719629287719727,10.064953804016113,8.042411804199219
-0.027987798675894737,0.14932678639888763,-0.3934086263179779,-1.307765245437622,-2.3012115955352783,-2.2433907985687256,-2.7631962299346924,-4.912564277648926,-6.837523937225342,-7.733487606048584,-6.650966167449951,-5.521672248840332,-4.912839889526367,-2.043717622756958,1.6143139600753784,2.442378282546997,2.162200450897217,0.5675529837608337,-1.9077479839324951,-7.365748405456543,-9.710442543029785,-5.603692531585693,-7.1694416999816895,-12.564457893371582,-6.77812385559082,-1.0115420818328857,-4.197666168212891,-6.043701171875,-2.736191749572754,-1.2603867053985596,-3.5772135257720947,-4.151808738708496,-4.397747039794922,-8.707295417785645,-10.71092700958252,-8.290302276611328,-6.994032382965088,-4.629815578460693,-1.0064135789871216,4.296450138092041,9.323874473571777,8.855688095092773,7.807941436767578
0.6009440422058105,0.17587894201278687,-0.9913002252578735,-2.8481409549713135,-3.349862575531006,-2.6208648681640625,-3.0181264877319336,-5.125216007232666,-7.7619805335998535,-7.808834075927734,-6.142907619476318,-4.652523517608643,-1.6669690608978271,0.19974175095558167,0.4067912995815277,0.06416649371385574,0.8944563269615173,1.4315295219421387,-1.9732117652893066,-8.315390586853027,-9.787914276123047,-6.48488187789917,-2.25992488861084,-7.219248294830322,-6.211587429046631,-2.219515085220337,-6.363139629364014,-9.679491996765137,-6.841921806335449,-4.76815128326416,-5.772688865661621,-6.219456195831299,-6.703420162200928,-10.650849342346191,-11.737422943115234,-8.949015617370605,-8.99319839477539,-7.268336772918701,-2.2298872470855713,3.4485437870025635,4.729127407073975,3.096954822540283,2.7887439727783203
1.648922085762024,0.9455705881118774,-1.0693377256393433,-3.301126003265381,-3.8780934810638428,-2.8787052631378174,-2.956886053085327,-5.481410026550293,-8.056229591369629,-8.508964538574219,-8.809721946716309,-9.124667167663574,-7.477134704589844,-4.651035308837891,-3.9792776107788086,-5.265738487243652,-1.9674911499023438,0.6569478511810303,-2.579362630844116,-5.504347324371338,-3.1532464027404785,-1.8737940788269043,-3.8836252689361572,-8.010079383850098,-11.03748893737793,-7.614933013916016,-3.9063713550567627,-5.245469093322754,-6.543797969818115,-7.10593843460083,-6.5043134689331055,-5.111607551574707,-6.073819637298584,-8.883462905883789,-8.366796493530273,-8.147417068481445,-8.045940399169922,-7.3758225440979,-4.355591297149658,2.5580787658691406,1.9519445896148682,0.21408405900001526,6.657352447509766
2.563225746154785,1.8644345998764038,-0.5092331171035767,-2.916104793548584,-3.2806284427642822,-2.4969120025634766,-2.662433624267578,-3.8620095252990723,-5.830290794372559,-7.4351606369018555,-8.555961608886719,-9.678303718566895,-10.318892478942871,-7.233796119689941,-4.242470741271973,-2.8278279304504395,-2.8407251834869385,-2.3498523235321045,-2.7847015857696533,-2.011882781982422,-1.5709456205368042,-3.57663631439209,-7.680750370025635,-10.522003173828125,-10.762341499328613,-7.537471771240234,-4.836812496185303,-2.7229912281036377,-5.323853492736816,-6.91544771194458,-4.226452350616455,-0.5351155996322632,-3.862806797027588,-7.30067253112793,-4.824779033660889,-1.9987752437591553,-0.8508516550064087,-1.239482045173645,-0.7057814598083496,1.475295901298523,1.8595585823059082,2.387742280960083,7.912336826324463
