data/wind_data/wind_13_1.json
{"header": {"parameterUnit": "KT", "parameterCategory": 2, "nx": 256, "ny": 198, "lo1": 44.73521041870117, "la1": -3.236724853515625, "lo2": 111.26478576660156, "la2": 43.468475341796875, "dx": 0.2609002888202667, "dy": -0.23708222806453705, "refTime": "2025-02-19 13:00:00", "forecastTime": 0, "parameterNumber": 2, "parameterNumberName": "eastward_wind"}, "data":
[rows 133 to 151 of 198, columns 0 to 42 of 256]
-7.710000038146973,-8.177179336547852,-7.333925247192383,-6.161400318145752,-6.047092437744141,-5.307470798492432,-5.861885070800781,-4.937928199768066,-1.7446612119674683,-2.557542562484741,-1.4967561960220337,1.3783890008926392,-3.7802178859710693,1.6622971296310425,-0.6346325278282166,2.965696334838867,1.5091912746429443,6.18904447555542,9.15104866027832,14.217761993408203,8.983901977539062,9.700667381286621,8.065777778625488,7.212865829467773,5.236764907836914,6.802668571472168,3.2700040340423584,7.564833641052246,3.8716189861297607,-3.7801928520202637,-0.978365421295166,2.237380266189575,1.0640289783477783,1.4427201747894287,3.0954360961914062,-0.3398299217224121,-3.534453868865967,-4.096950531005859,-2.130342721939087,-1.2354196310043335,-6.093854904174805,-9.612256050109863,-8.708703994750977
-7.992621421813965,-7.695873737335205,-6.983541488647461,-6.121273517608643,-5.679006099700928,-5.566659450531006,-5.8466596603393555,-3.1460282802581787,-0.3292141854763031,-1.5475071668624878,0.35698646306991577,-1.6465553045272827,0.44893011450767517,1.2399348020553589,0.5887386202812195,4.923347473144531,1.2895451784133911,5.1319708824157715,5.079479694366455,7.030781269073486,4.7140655517578125,7.548981189727783,6.245182037353516,7.000354290008545,3.012744665145874,4.002151012420654,2.7370431423187256,6.362139701843262,2.6543376445770264,-2.376065254211426,1.1799877882003784,2.235442638397217,2.607750177383423,1.533614993095398,7.001504898071289,-4.703580856323242,-3.214460849761963,-2.7589147090911865,1.1487724781036377,1.2000755071640015,-3.735311985015869,-7.899892330169678,-7.134230136871338
-7.828488826751709,-7.0646796226501465,-6.577858924865723,-5.987043857574463,-5.87023401260376,-4.969676971435547,-5.452226161956787,-0.2888253927230835,-2.1446120738983154,3.2301149368286133,-2.2888991832733154,1.4137389659881592,-0.5056308507919312,2.0097620487213135,1.7413716316223145,6.111424922943115,-0.7004091143608093,4.680685043334961,2.5787014961242676,5.122318744659424,5.030056476593018,5.975495338439941,5.360058784484863,5.911847114562988,2.21016526222229,0.9682607054710388,2.1598992347717285,6.190606117248535,1.5150647163391113,0.6582596302032471,2.8852314949035645,1.2741786241531372,3.0823304653167725,4.551895618438721,-2.5855860710144043,-5.506021499633789,-3.647824764251709,1.639585256576538,1.0214499235153198,0.16960714757442474,-8.797191619873047,-6.1084771156311035,-5.026379108428955
-7.412933349609375,-6.628895282745361,-5.941110610961914,-5.407047748565674,-7.221951484680176,-1.1765406131744385,-5.652747631072998,1.4797296524047852,-3.316685199737549,6.530143737792969,-4.350216865539551,0.7409711480140686,1.20450758934021,0.33847376704216003,5.079614162445068,0.6347514390945435,3.4357945919036865,2.2098727226257324,3.2608084678649902,2.963005304336548,5.147488117218018,5.791093349456787,5.0681939125061035,4.985318660736084,3.946986436843872,1.5100603103637695,3.0751020908355713,2.02592134475708,3.8451039791107178,1.3534590005874634,5.068140029907227,4.066214561462402,2.531846284866333,-6.925869941711426,-6.690276622772217,-5.278702735900879,-2.29703688621521,2.298229217529297,-4.6051530838012695,-6.787388801574707,-7.941800117492676,-5.765100955963135,0.8106938004493713
-6.828357219696045,-6.068638324737549,-5.367918491363525,-4.429858684539795,-5.35267448425293,1.3098827600479126,-6.195069789886475,2.3278679847717285,-4.7446417808532715,6.719985008239746,-4.421963691711426,2.2891955375671387,-0.778214156627655,2.6953606605529785,3.08325457572937,1.5151439905166626,1.2393200397491455,2.645477294921875,1.6711440086364746,2.8066627979278564,5.046524524688721,5.30830717086792,3.100975513458252,4.3552093505859375,6.315117359161377,4.3347625732421875,4.181597709655762,0.1274060308933258,6.973373889923096,0.8785585165023804,9.186741828918457,-3.115100383758545,-9.574761390686035,-9.872354507446289,-6.066065788269043,-2.6308979988098145,0.39612090587615967,-0.5274707674980164,-6.328582286834717,-6.040304660797119,-4.973877429962158,-3.974043607711792,5.315897464752197
-6.117535591125488,-5.273187160491943,-4.6453537940979,-3.808642864227295,-3.5857696533203125,-1.1548480987548828,-3.0207173824310303,1.4190576076507568,-3.3741142749786377,4.885128974914551,-2.35783314704895,3.8091416358947754,-1.7986162900924683,3.799574851989746,0.30612462759017944,1.1702970266342163,1.4723025560379028,1.695164680480957,2.2215285301208496,3.332991123199463,4.271870136260986,6.784804344177246,3.2926812171936035,4.555798530578613,5.918264865875244,4.608275413513184,4.5024919509887695,2.8259053230285645,6.45556640625,5.607929229736328,-0.1655304878950119,-11.764010429382324,-8.92723560333252,-9.10212230682373,-3.8067736625671387,-1.823943018913269,1.9798674583435059,-1.5313467979431152,-3.508662700653076,-4.933335304260254,-3.779925584793091,-4.544944763183594,3.520585060119629
-5.569660186767578,-4.593809604644775,-4.091964244842529,-3.7331206798553467,-4.256101131439209,0.9787959456443787,-3.609821081161499,1.565001130104065,-2.51278018951416,3.439680337905884,-1.3281238079071045,2.240318536758423,0.4173961579799652,1.6944934129714966,-1.6032910346984863,3.067826986312866,-0.2224978357553482,2.261720895767212,2.155951738357544,2.6362338066101074,3.7043068408966064,5.442720890045166,5.8683600425720215,4.095570087432861,7.130337715148926,6.499261856079102,6.251598834991455,4.532601833343506,10.317984580993652,-0.14268000423908234,-11.250864028930664,-9.302709579467773,-9.29927921295166,-6.752903461456299,-1.0758376121520996,-0.045658696442842484,5.274211406707764,-2.1479649543762207,-6.162031650543213,-2.8754923343658447,-7.291664123535156,-2.382652997970581,4.460443019866943
-5.136929988861084,-4.703718662261963,-4.284735202789307,-3.428866147994995,-4.126705169677734,1.5451738834381104,-3.1259756088256836,0.6707574129104614,-0.7144259810447693,0.4649903476238251,0.2662127614021301,-0.7522331476211548,4.3602519035339355,-1.5188837051391602,-1.1389480829238892,2.6151442527770996,-0.05396117642521858,2.8595528602600098,2.7898619174957275,2.7885308265686035,3.7091474533081055,5.969592571258545,5.799091339111328,6.248478412628174,4.838267803192139,9.148138046264648,5.527584552764893,9.57569694519043,2.574610471725464,-11.762803077697754,-10.348112106323242,-8.367074966430664,-7.644415378570557,-1.9899780750274658,0.9631395936012268,7.891635417938232,0.46371889114379883,-11.333819389343262,-6.319437026977539,-4.993881702423096,-9.048849105834961,0.24370718002319336,5.557168483734131
-4.9827799797058105,-5.270420551300049,-4.678225994110107,-3.321690082550049,-1.3111268281936646,-1.3175312280654907,-1.8735188245773315,0.46571680903434753,-2.107971668243408,2.3137619495391846,-3.808270215988159,4.743788242340088,-2.7759387493133545,0.41900941729545593,3.570403575897217,-1.8273345232009888,2.5290303230285645,1.8281468152999878,4.4937543869018555,2.1382651329040527,5.244058609008789,-1.758449673652649,1.1806139945983887,4.1262288093566895,2.695876359939575,8.156269073486328,8.042781829833984,6.169584274291992,-9.711596488952637,-11.973309516906738,-8.694840431213379,-7.194430351257324,-3.778484344482422,0.563714325428009,6.019045352935791,-5.7963361740112305,-9.886735916137695,-9.679147720336914,-5.256022930145264,-7.134464740753174,-6.1977972984313965,2.4461967945098877,-0.18158139288425446
-5.00754451751709,-5.218518257141113,-4.622384548187256,-3.396713972091675,-0.21079158782958984,-2.620147943496704,-0.17076639831066132,-2.1082537174224854,-0.23397879302501678,-2.7566919326782227,4.119302272796631,-3.8484902381896973,4.409241676330566,-1.1476677656173706,1.3521641492843628,0.5090099573135376,0.9700485467910767,4.371379852294922,1.9184340238571167,3.7389419078826904,-1.3228083848953247,-3.767918348312378,-0.4584810435771942,3.5284299850463867,4.993251323699951,9.96181869506836,2.625229835510254,-8.199261665344238,-12.590901374816895,-10.079854011535645,-7.964313983917236,-5.73893404006958,-0.685507595539093,2.6218838691711426,-2.9063363075256348,-11.339079856872559,-4.827949523925781,-5.780555725097656,-0.2378723919391632,-9.148338317871094,-3.12825345993042,1.9575079679489136,-1.2242121696472168
-5.1718854904174805,-4.891118049621582,-4.383954048156738,-3.239067792892456,-2.423968553543091,0.05888087674975395,-3.086759328842163,0.6453865766525269,-3.426119327545166,0.7924744486808777,0.7152237296104431,-0.2961263060569763,3.0221781730651855,-0.08936892449855804,1.9321919679641724,0.8766056895256042,2.11326003074646,4.787028789520264,2.04177188873291,0.35337474942207336,-4.311002731323242,-3.9515981674194336,0.24126771092414856,4.619546413421631,6.147200584411621,-2.1883044242858887,-10.161040306091309,-10.804099082946777,-11.382637023925781,-8.687188148498535,-7.225356578826904,-3.5823252201080322,0.6210476160049438,3.6118435859680176,-7.317337989807129,-9.070562362670898,-4.316583633422852,2.5960466861724854,-1.8031096458435059,-10.47948932647705,-0.10389257222414017,-1.1977877616882324,-0.6871861219406128
-5.1830973625183105,-4.632580280303955,-4.1056928634643555,-3.259284734725952,-4.043267726898193,0.7405170798301697,-3.632161855697632,2.2623517513275146,-1.7649024724960327,3.299924850463867,0.27488693594932556,2.3439345359802246,1.5387179851531982,1.0777931213378906,1.413140892982483,2.8630473613739014,2.8972692489624023,3.5694613456726074,2.4883875846862793,-3.8001480102539062,-4.278213024139404,-0.9048522114753723,0.6253772974014282,8.339943885803223,1.8844590187072754,-8.151651382446289,-7.582921504974365,-7.731090545654297,-10.21564769744873,-6.248353481292725,-5.100118160247803,-0.08105548471212387,2.029759645462036,1.758346438407898,-8.172351837158203,-6.772762775421143,-5.086785793304443,-0.9339955449104309,-7.587088108062744,-7.736667633056641,-0.7100913524627686,-0.08284256607294083,0.07274990528821945
-5.01048469543457,-4.4018049240112305,-3.9270071983337402,-3.1511993408203125,-3.063335657119751,-1.638075590133667,-1.5237175226211548,3.242039918899536,0.9459206461906433,4.419033527374268,2.866123914718628,3.8409881591796875,0.8647269010543823,2.2420270442962646,0.8303895592689514,3.3312292098999023,2.756988286972046,2.3298373222351074,-1.0847234725952148,-2.052741289138794,-2.860424757003784,1.4565868377685547,1.4999574422836304,9.481756210327148,3.8906469345092773,-6.6989617347717285,-4.719900608062744,-7.334805965423584,-7.6924052238464355,-3.0332255363464355,-0.6010726094245911,2.3815510272979736,5.000766277313232,-4.924870491027832,-7.623625755310059,-5.53131103515625,-7.064730167388916,-7.044931411743164,-6.604734420776367,-3.721090316772461,-0.7740192413330078,3.2247960567474365,-2.4073801040649414
-4.701344013214111,-4.097230434417725,-3.5963261127471924,-2.8841357231140137,-0.8730486035346985,-3.5977847576141357,0.8340718150138855,2.1010661125183105,2.8456718921661377,3.942448854446411,3.9176247119903564,3.2225124835968018,0.028920788317918777,3.352893829345703,4.227514743804932,1.3138705492019653,3.0696959495544434,0.8466265797615051,-1.9551151990890503,-0.7884165644645691,-0.6055164337158203,2.5797243118286133,1.974899411201477,9.401187896728516,6.35161018371582,-3.813110828399658,-3.2293336391448975,-3.988074779510498,-2.3574767112731934,2.5982506275177,2.438977003097534,5.762953758239746,-3.095311403274536,-11.002714157104492,-5.482875347137451,-5.429553985595703,-5.933905601501465,-8.37483024597168,-2.9963059425354004,-0.6865125298500061,2.598978281021118,-0.3556879162788391,-3.3825981616973877
-4.163759708404541,-3.6545441150665283,-3.0360679626464844,-2.1848018169403076,-1.5159353017807007,-0.03182736039161682,1.7914268970489502,2.5932137966156006,3.67812442779541,3.558424472808838,3.1633388996124268,1.9858100414276123,1.5842100381851196,4.5656418800354,6.401037693023682,1.728251338005066,3.268127679824829,0.7643371224403381,-1.4518616199493408,0.873346745967865,1.2951476573944092,4.5373406410217285,3.211559772491455,9.139132499694824,7.489518642425537,-4.496213436126709,0.7703143358230591,-0.06569119542837143,4.640596389770508,-1.2688926458358765,-0.3041583001613617,-6.363525390625,-12.820926666259766,-9.310007095336914,-4.164926528930664,-2.4114367961883545,-3.315297842025757,-5.094533920288086,1.9661054611206055,0.9992238879203796,-3.7885286808013916,-8.018329620361328,-1.8741142749786377
-3.5506081581115723,-3.129920482635498,-2.2026548385620117,-1.1958636045455933,0.010058869607746601,1.844812273979187,3.6030807495117188,4.143863677978516,4.5775065422058105,2.907757520675659,2.198446273803711,1.8446118831634521,4.066673755645752,3.632096529006958,8.037576675415039,4.083404064178467,5.963155269622803,1.9622364044189453,-0.20571543276309967,0.8897324800491333,2.867595672607422,9.010849952697754,8.35998249053955,11.405304908752441,10.604414939880371,0.14622128009796143,5.409018039703369,3.6688907146453857,-6.850664138793945,-9.631739616394043,-9.456517219543457,-11.557229995727539,-9.773337364196777,-5.493612289428711,-1.8955612182617188,-2.7853729724884033,-3.3871445655822754,-2.0023744106292725,1.4493598937988281,-2.223877429962158,-10.922412872314453,-3.628216505050659,-1.5636543035507202
-3.180762529373169,-2.5247488021850586,-1.444514274597168,-0.4816223382949829,0.7590513229370117,2.9561121463775635,4.180245399475098,5.210464954376221,4.555408000946045,1.159712791442871,2.811934232711792,3.8760485649108887,4.590386867523193,3.368454694747925,6.003330707550049,3.8679158687591553,7.308238983154297,4.472614288330078,-0.2771799564361572,0.5806779861450195,4.185035705566406,11.771459579467773,9.235496520996094,11.633315086364746,9.418645858764648,6.9227142333984375,-1.3484190702438354,-7.2283430099487305,-6.799764633178711,-9.333282470703125,-7.517907619476318,-8.194034576416016,-5.622925758361816,-4.460416793823242,-6.107228755950928,-7.804460048675537,-3.428306818008423,-2.5329091548919678,1.9887758493423462,-2.015002965927124,-6.399887561798096,-3.3557205200195312,-1.7766708135604858
-3.0134072303771973,-1.8875917196273804,-0.7796987891197205,-0.029493963345885277,1.865257740020752,3.501049757003784,3.863236665725708,5.619084358215332,4.127540111541748,2.490680456161499,2.90301251411438,5.520233631134033,3.564891815185547,5.292162895202637,4.823446750640869,1.0179414749145508,6.987973213195801,4.093613624572754,-0.7007896900177002,0.37957963347435,5.532612323760986,10.783769607543945,8.732085227966309,6.668501853942871,8.057175636291504,-7.64431619644165,-10.372093200683594,-3.80582594871521,-6.840490341186523,-6.03269100189209,-5.744022846221924,-4.166881561279297,-4.32254695892334,-8.047676086425781,-8.286020278930664,-4.064634323120117,-3.709186553955078,1.675007939338684,1.2093831300735474,-0.8695444464683533,-2.15389347076416,-2.382394313812256,-0.07346033304929733
-2.7845568656921387,-1.5651400089263916,-0.2082815170288086,0.2163192629814148,2.5254530906677246,3.6034436225891113,4.765518665313721,4.403878211975098,5.280479907989502,4.166546821594238,4.638727188110352,6.122283458709717,3.8524882793426514,6.194666862487793,4.726857662200928,-0.9175990223884583,5.6464996337890625,4.423086643218994,1.8842984437942505,-1.1696323156356812,5.695536136627197,6.778217315673828,5.8917317390441895,6.863536357879639,-1.9974286556243896,-13.235634803771973,-4.815836429595947,-5.5567097663879395,-7.197517395019531,-6.45652437210083,-5.327080726623535,-5.297005653381348,-7.428678035736084,-4.562192440032959,-4.606850624084473,-3.457197666168213,-1.2564947605133057,1.1165186166763306,2.5273523330688477,0.9786902666091919,1.9208956956863403,0.45006877183914185,1.5936999320983887
