data/wind_data/wind_6_1.json
{"header": {"parameterUnit": "KT", "parameterCategory": 2, "nx": 256, "ny": 198, "lo1": 44.73521041870117, "la1": -3.236724853515625, "lo2": 111.26478576660156, "la2": 43.468475341796875, "dx": 0.2609002888202667, "dy": -0.23708222806453705, "refTime": "2025-02-19 06:00:00", "forecastTime": 0, "parameterNumber": 2, "parameterNumberName": "eastward_wind"}, "data":
[rows 171 to 189 of 198, columns 86 to 128 of 256]
-1.832383155822754,-5.439777851104736,-6.517443656921387,-1.023270606994629,1.5137444734573364,2.8109347820281982,2.5195562839508057,-3.7829976081848145,-10.846822738647461,-9.735230445861816,-5.034792900085449,-8.320743560791016,-8.232284545898438,-5.3283843994140625,-8.997411727905273,-12.645188331604004,-12.97136116027832,-15.308980941772461,-14.344315528869629,-10.565258026123047,-7.076300621032715,-2.5785582065582275,0.16407209634780884,1.5903537273406982,5.300891876220703,10.55710220336914,-2.4355216026306152,-3.2681918144226074,-2.0226781368255615,3.733651876449585,4.1486687660217285,13.310027122497559,25.61232566833496,19.796199798583984,-1.9021652936935425,-6.9316182136535645,-6.91055965423584,-2.251471996307373,0.8748978972434998,-1.4229732751846313,-3.1356441974639893,-2.6634597778320312,-4.384103775024414
2.1448349952697754,-2.210136890411377,-4.959970474243164,-2.7439990043640137,-0.03472430631518364,-0.26912400126457214,3.2249081134796143,-0.57375568151474,-10.300704956054688,-12.078685760498047,-9.25036334991455,-8.064774513244629,-10.548077583312988,-8.975997924804688,-12.588210105895996,-15.452241897583008,-14.084162712097168,-12.320839881896973,-15.108418464660645,-12.798444747924805,-4.499886989593506,-0.3423680365085602,-0.14192873239517212,1.5170435905456543,6.806461334228516,11.119418144226074,-4.219784736633301,-1.186208963394165,2.238600730895996,8.784300804138184,6.091224193572998,13.955998420715332,24.461210250854492,4.636414527893066,-9.439749717712402,-5.496056079864502,-4.68973970413208,-1.5518958568572998,1.2437304258346558,-1.7433764934539795,-2.9318087100982666,-2.9477503299713135,-3.669191360473633
3.5584566593170166,-5.391517162322998,-3.29606032371521,-2.4416582584381104,-3.139662981033325,-5.16934871673584,-2.3278615474700928,0.7201473712921143,-7.298047065734863,-12.301406860351562,-10.795746803283691,-6.555811405181885,-7.5923261642456055,-15.207420349121094,-11.567405700683594,-13.501238822937012,-12.134225845336914,-9.51865291595459,-10.365045547485352,-5.7787556648254395,0.10941331088542938,-0.17482876777648926,0.33331695199012756,4.245795726776123,10.331939697265625,6.252737522125244,2.431929111480713,4.662430286407471,7.461838722229004,9.970547676086426,13.229086875915527,21.561683654785156,8.442259788513184,-8.097315788269043,-9.81750202178955,-4.94120979309082,-5.070949077606201,-1.4338117837905884,-0.8218470215797424,-1.8666472434997559,-3.0371482372283936,-2.6220626831054688,-3.604951858520508
5.571436882019043,2.3757917881011963,-0.22269953787326813,1.8414397239685059,3.596367120742798,1.45523202419281,-1.5028530359268188,-1.5216232538223267,-6.725004196166992,-9.301291465759277,-9.016907691955566,-5.767084121704102,-6.288081169128418,-7.497311115264893,-3.898207187652588,-5.589649200439453,-9.380717277526855,-10.024442672729492,-5.681234836578369,2.918860912322998,1.5481258630752563,-5.439501762390137,3.048539161682129,8.15907096862793,4.522786617279053,2.3653507232666016,11.460199356079102,13.914007186889648,5.483672142028809,9.441039085388184,19.871414184570312,11.97057819366455,-6.75234842300415,-12.564023971557617,-7.431771755218506,-6.371801376342773,-4.475778579711914,-3.5587401390075684,-2.6906895637512207,-3.102566957473755,-3.090813398361206,-2.8712961673736572,-3.4139416217803955
5.931148529052734,6.825951099395752,4.811859607696533,4.112066745758057,7.191041946411133,2.2311501502990723,-4.203392028808594,-3.730746030807495,-5.6375346183776855,-8.673040390014648,-9.71761703491211,-5.642848968505859,-5.941619873046875,-5.51426887512207,-3.607184886932373,-2.005659580230713,-2.081212282180786,-2.5588250160217285,1.6998733282089233,5.878174781799316,0.18675661087036133,-5.995546340942383,7.284231185913086,10.616511344909668,4.454080104827881,0.9843747019767761,15.382740020751953,13.706451416015625,4.534219264984131,10.43602466583252,16.701601028442383,-0.06071002036333084,-15.040401458740234,-9.911735534667969,-7.711441516876221,-6.0531392097473145,-5.655888080596924,-4.628409385681152,-4.685046672821045,-4.23363733291626,-3.8330538272857666,-4.149396896362305,-3.4800524711608887
4.563086986541748,6.041043281555176,5.333071708679199,7.0727410316467285,5.569478511810303,1.4788662195205688,-2.6600253582000732,-2.6802215576171875,-4.437185764312744,-7.9618682861328125,-8.936306953430176,-7.825031280517578,-7.305929183959961,-3.62280011177063,-3.6079697608947754,-5.134681224822998,-2.507152795791626,1.6466724872589111,5.7916765213012695,7.13174295425415,1.40470290184021,0.2256491333246231,9.384867668151855,8.136255264282227,4.453423023223877,8.15401554107666,18.31683349609375,12.74347972869873,6.511875629425049,12.303579330444336,3.0784716606140137,-15.080227851867676,-10.639842987060547,-8.685775756835938,-8.075265884399414,-5.748928070068359,-6.177145004272461,-5.5308122634887695,-4.887092590332031,-4.378711700439453,-4.210704803466797,-3.6569225788116455,-3.9272398948669434
4.617029666900635,3.8544423580169678,4.372197151184082,1.691801905632019,2.986283779144287,4.6458916664123535,3.9453518390655518,1.4722212553024292,-0.12943536043167114,-0.8372046947479248,-2.6884348392486572,-5.510799884796143,-3.757080078125,2.495337963104248,0.6468788981437683,-6.519659042358398,-3.474137306213379,4.177145004272461,9.088776588439941,5.01792049407959,3.204024314880371,4.757988929748535,6.903515815734863,4.587465286254883,3.555978536605835,6.63863468170166,13.092763900756836,12.287558555603027,8.082581520080566,1.9534215927124023,-12.246472358703613,-9.920610427856445,-6.205153465270996,-6.837388038635254,-6.60417366027832,-5.6396589279174805,-4.344020366668701,-5.3654398918151855,-4.220056533813477,-4.442834854125977,-3.75131893157959,-4.007976055145264,-2.466050386428833
0.8736307621002197,4.5016913414001465,4.872734069824219,2.4372777938842773,1.1185812950134277,0.35310107469558716,0.37259963154792786,1.1762118339538574,1.9523818492889404,2.343708038330078,2.804231882095337,1.1931813955307007,0.6220512986183167,1.9580769538879395,0.5837449431419373,-2.2755377292633057,-0.23873111605644226,4.839341163635254,7.378216743469238,2.075615882873535,1.1907285451889038,7.978124141693115,8.034690856933594,2.6254820823669434,2.826268196105957,7.037858963012695,12.361185073852539,8.425093650817871,0.17392131686210632,0.3249370753765106,0.5203493237495422,0.4226233959197998,-1.444162130355835,-5.268917560577393,-4.800868988037109,-4.550695896148682,-3.7817349433898926,-3.5667216777801514,-2.915905237197876,-5.251392841339111,-2.979818105697632,-2.8374321460723877,-1.9772578477859497
1.4375386238098145,5.531856536865234,5.66987419128418,0.8549744486808777,-1.768174648284912,-4.759520530700684,-5.765402317047119,-2.6651792526245117,-3.2897207736968994,-4.072012424468994,-3.423656463623047,-3.6600594520568848,-5.290478229522705,-5.255047798156738,-2.732015609741211,-0.4295831024646759,-0.11796602606773376,0.9694628715515137,3.2289886474609375,2.508308172225952,1.6574630737304688,5.145765781402588,5.149596214294434,2.8809115886688232,2.4625446796417236,1.441269874572754,7.884259223937988,7.837072849273682,-0.5797786116600037,1.1648751497268677,9.068351745605469,9.307315826416016,1.4774000644683838,-1.722304105758667,-1.7312498092651367,-0.8321102261543274,-1.9206634759902954,-2.228715181350708,-2.0632424354553223,-1.3880168199539185,-0.6836199760437012,-0.4133901000022888,-1.5645980834960938
4.9617204666137695,6.795368194580078,4.7712531089782715,0.5976402163505554,-1.6968803405761719,-1.418915033340454,-3.8602476119995117,-2.207305431365967,-3.8973805904388428,-9.791126251220703,-10.767008781433105,-9.744001388549805,-8.654568672180176,-8.331108093261719,-8.215949058532715,-8.64772891998291,-5.136368274688721,-1.3946771621704102,3.2526798248291016,3.5086042881011963,1.6700620651245117,1.2747161388397217,2.2171690464019775,3.6818950176239014,1.827558994293213,-0.7779746651649475,3.9999117851257324,3.2390735149383545,-2.5760140419006348,0.2030341625213623,10.132287979125977,8.471816062927246,1.9891594648361206,2.2671265602111816,2.2366719245910645,2.9979684352874756,0.9890799522399902,-1.457405686378479,-1.973672866821289,-1.8849526643753052,1.8119816780090332,2.238420248031616,1.849377155303955
7.305191993713379,6.5965118408203125,2.094315528869629,-1.576351523399353,-0.8143817782402039,-1.360242486000061,-2.6895220279693604,-3.105327844619751,-6.253995895385742,-14.452716827392578,-16.259029388427734,-12.935977935791016,-9.476615905761719,-9.57687759399414,-6.698145866394043,-5.232518672943115,-0.769960343837738,2.4371745586395264,4.839778900146484,3.2015557289123535,2.885204792022705,2.3279643058776855,2.0224406719207764,1.5225238800048828,1.3427224159240723,-0.5162131786346436,0.6895664930343628,-2.2374558448791504,-2.6435604095458984,2.5096006393432617,10.020078659057617,5.4767842292785645,5.7060112953186035,6.425771713256836,4.761064529418945,5.563286304473877,4.308849334716797,2.864940881729126,0.11435958743095398,0.5959950685501099,3.1022400856018066,6.100957870483398,7.185928821563721
5.3084821701049805,3.0319602489471436,1.4938976764678955,1.1935691833496094,1.5501021146774292,0.25340786576271057,-0.724034309387207,-0.33217933773994446,0.4888182580471039,-4.394133567810059,-15.73885726928711,-16.27086067199707,-12.776881217956543,-10.171541213989258,-7.779536724090576,-6.4323344230651855,-3.787156105041504,-1.7259504795074463,0.803524374961853,2.783527135848999,3.6805717945098877,4.6513142585754395,4.363583087921143,2.4235291481018066,0.449632853269577,-3.9711320400238037,-4.783069133758545,-3.6361045837402344,-0.4755913019180298,5.941028594970703,6.0971221923828125,5.04408073425293,5.270990371704102,5.627227306365967,6.583723545074463,7.504370212554932,8.166935920715332,5.911623001098633,2.9374382495880127,2.5331332683563232,3.6261816024780273,8.3079252243042,11.43844985961914
1.3834056854248047,1.525719165802002,6.015434741973877,7.383058547973633,5.222955703735352,4.365182399749756,2.0386266708374023,1.8470051288604736,3.120422840118408,6.828539848327637,-7.54484224319458,-13.236856460571289,-11.477721214294434,-10.278000831604004,-8.31156063079834,-8.32886028289795,-6.335498809814453,-5.322601318359375,-4.70811128616333,-3.6859004497528076,-2.6398255825042725,0.7787792682647705,0.8115565776824951,-3.5599124431610107,-5.735733509063721,-7.153290271759033,-6.281051158905029,-2.1602275371551514,4.779413223266602,6.639963150024414,4.243222713470459,4.897387981414795,7.036588668823242,7.071286201477051,8.219233512878418,5.412452220916748,8.056607246398926,7.39391565322876,2.152967691421509,4.076931953430176,6.545902729034424,8.305487632751465,7.701865196228027
3.9701411724090576,6.8078813552856445,8.578634262084961,9.190744400024414,8.190610885620117,5.0743327140808105,2.322662353515625,1.9718968868255615,1.1517006158828735,3.259801149368286,0.7057257890701294,-8.066642761230469,-12.349931716918945,-9.653434753417969,-9.98725700378418,-9.01656436920166,-6.544973373413086,-4.191540241241455,-2.7457900047302246,-5.090511798858643,-10.05085563659668,-9.734659194946289,-7.557450294494629,-10.162853240966797,-12.760677337646484,-9.383559226989746,-3.0410778522491455,1.921515941619873,4.846985340118408,7.813493728637695,5.693423748016357,3.88431978225708,5.069485664367676,3.836367607116699,7.727198600769043,5.328353404998779,4.52884578704834,4.285926818847656,3.710742950439453,7.569854259490967,10.413884162902832,4.942657947540283,2.2448956966400146
5.333819389343262,5.605040073394775,10.507901191711426,6.62359619140625,-2.1760339736938477,2.79945707321167,3.137772560119629,0.380551278591156,0.27328288555145264,1.497515320777893,0.9344292879104614,-0.9369420409202576,-7.767208576202393,-11.37859058380127,-7.595211982727051,-8.55453109741211,-8.008180618286133,-6.433355808258057,-3.994574785232544,0.6469247937202454,-4.961000919342041,-9.428773880004883,-9.165914535522461,-14.119997024536133,-16.442785263061523,-10.052790641784668,-2.784846544265747,-4.547813892364502,-5.774425029754639,-2.024013042449951,-0.6326081156730652,-0.11529140919446945,-0.5909975171089172,0.48936039209365845,1.3945817947387695,0.05226440355181694,-1.5708755254745483,-0.16723814606666565,2.500392436981201,6.7001495361328125,12.10279655456543,4.166989326477051,1.3127357959747314
6.7110276222229,4.271543979644775,8.761221885681152,6.093853950500488,-0.8215327858924866,2.431560754776001,0.9327898025512695,-1.300283432006836,0.15417823195457458,0.9841920137405396,2.2164084911346436,0.8200534582138062,-2.6330068111419678,-8.484911918640137,-7.082533836364746,-6.884191513061523,-6.878403186798096,-7.421552658081055,-7.653097629547119,-7.247879981994629,-8.688345909118652,-10.139819145202637,-9.16325569152832,-13.863131523132324,-15.017315864562988,-5.067874908447266,-5.415004253387451,-11.9374418258667,-9.065705299377441,-4.798055171966553,-7.928369998931885,-9.963238716125488,-6.835735321044922,-4.1973466873168945,-3.0992352962493896,-1.2148841619491577,-0.5420170426368713,0.14933520555496216,3.0224430561065674,6.209627151489258,8.914209365844727,9.78628921508789,4.372670650482178
7.206813812255859,4.873175621032715,5.068648338317871,4.096264839172363,1.0360941886901855,1.0167394876480103,-1.6370766162872314,-1.207255482673645,-0.9921535849571228,0.9087104201316833,1.0295355319976807,2.4177515506744385,-1.2476969957351685,-5.953758716583252,-6.4369096755981445,-5.856480121612549,-5.853999137878418,-6.725324630737305,-8.391278266906738,-12.940788269042969,-14.393887519836426,-7.680668354034424,-2.811450242996216,-6.939770698547363,-13.020392417907715,-5.579628944396973,-2.8981881141662598,-8.885454177856445,-7.207525253295898,-1.7980622053146362,-4.23736047744751,-7.61529541015625,-9.490854263305664,-9.147649765014648,-7.245209217071533,-3.454305410385132,0.2731252610683441,1.7430598735809326,4.916250705718994,7.356282711029053,6.4776740074157715,2.5738306045532227,0.24971604347229004
8.377274513244629,6.58228063583374,3.0399608612060547,1.4855505228042603,-0.13697683811187744,-0.6244211196899414,-2.027215003967285,-1.0419312715530396,-1.0475894212722778,-0.6220258474349976,-0.5377200245857239,-1.232851266860962,-7.614534378051758,-7.869658946990967,-5.2295145988464355,-5.374929428100586,-7.223428726196289,-4.796375274658203,-6.001230239868164,-11.275055885314941,-11.394686698913574,-1.3404089212417603,0.7472417950630188,-2.1452178955078125,-12.356961250305176,-11.855713844299316,-6.256839752197266,-2.610513210296631,-2.0927441120147705,-3.561103105545044,-3.1798174381256104,-0.9930639863014221,-3.82672119140625,-7.69996452331543,-6.137497901916504,-3.7353289127349854,-2.0635039806365967,1.7058335542678833,4.122406482696533,7.13572359085083,5.13577127456665,2.347108840942383,3.271979331970215
9.440587043762207,8.050671577453613,3.886073350906372,0.8486372232437134,-1.4515225887298584,-1.1966357231140137,-0.8208074569702148,0.10758336633443832,-0.6985271573066711,-2.266402244567871,-1.1640362739562988,-3.5888290405273438,-10.31082820892334,-6.694365501403809,-6.300938606262207,-6.038240432739258,-5.275834560394287,-4.038275718688965,-4.345294952392578,-6.317805290222168,-5.826239585876465,-3.7373361587524414,-4.142642021179199,-9.494787216186523,-10.40748405456543,-9.240633964538574,-6.337853908538818,-1.7572169303894043,-0.4027392566204071,-1.286828637123108,-2.7694175243377686,3.746696949005127,2.3412466049194336,-4.603392124176025,-1.4383196830749512,2.153913974761963,3.363955497741699,3.947427272796631,5.252035140991211,5.334049224853516,5.494422912597656,6.058006763458252,7.50909948348999
