data/wind_data/wind_67_3.json
{"header": {"parameterUnit": "KT", "parameterCategory": 2, "nx": 256, "ny": 198, "lo1": 44.73521041870117, "la1": -3.236724853515625, "lo2": 111.26478576660156, "la2": 43.468475341796875, "dx": 0.2609002888202667, "dy": -0.23708222806453705, "refTime": "2025-02-21 19:00:00", "forecastTime": 0, "parameterNumber": 2, "parameterNumberName": "eastward_wind"}, "data":
[rows 0 to 18 of 198, columns 0 to 43 of 256]
-2.315171241760254,-1.7995280027389526,-1.5112125873565674,-1.4659043550491333,-1.29183828830719,-1.0198959112167358,-0.8309123516082764,-0.6752586960792542,-0.35979196429252625,-0.026160545647144318,-0.034399185329675674,-0.14192403852939606,-0.017398633062839508,0.11719971895217896,0.1183331161737442,-0.0024377459194511175,-0.33913081884384155,-0.577148973941803,-0.5371578931808472,-0.5247063636779785,-0.6207249164581299,-0.676978588104248,-0.6754732131958008,-0.6502000689506531,-0.6045495271682739,-0.644856333732605,-0.744705080986023,-0.6986374855041504,-0.5706086754798889,-0.5691249370574951,-0.6160081028938293,-0.6114068031311035,-0.530275821685791,-0.23307688534259796,0.07365085184574127,0.2171555608510971,0.19254423677921295,-0.06024150550365448,-0.46695441007614136,-1.0605933666229248,-1.5278358459472656,-1.748329997062683,-2.0062191486358643,-2.334744453430176
-2.0675649642944336,-1.6616191864013672,-1.4859604835510254,-1.5923244953155518,-1.474570393562317,-1.2695789337158203,-1.1153301000595093,-0.8499367833137512,-0.48442885279655457,-0.18791645765304565,-0.23223425447940826,-0.3002792298793793,-0.16312533617019653,-0.10337476432323456,-0.15497849881649017,-0.3643873631954193,-0.7389768958091736,-0.8399559259414673,-0.7137855291366577,-0.7760196924209595,-0.8343669176101685,-0.702904224395752,-0.6385504603385925,-0.7107544541358948,-0.719754159450531,-0.8032015562057495,-0.9693581461906433,-0.9514115452766418,-0.8510738611221313,-0.7960528135299683,-0.8141382932662964,-0.955376923084259,-0.9522368311882019,-0.52950119972229,-0.15293057262897491,-0.12480495870113373,-0.25600096583366394,-0.4235420823097229,-0.7460854649543762,-1.344235897064209,-1.7959883213043213,-1.9718765020370483,-2.264657974243164,-2.80834698677063
-1.5963550806045532,-1.4314556121826172,-1.386199712753296,-1.582189679145813,-1.5340574979782104,-1.3245246410369873,-1.3041003942489624,-1.0551209449768066,-0.6028221249580383,-0.25008678436279297,-0.2141476571559906,-0.30465763807296753,-0.4911115765571594,-0.718390703201294,-0.714148759841919,-0.7912188768386841,-1.0688954591751099,-1.1754188537597656,-1.142057180404663,-1.1133490800857544,-1.0034421682357788,-0.8915387392044067,-0.9178146719932556,-1.0029919147491455,-0.9917433857917786,-1.001129150390625,-1.0503932237625122,-1.0621808767318726,-1.0996730327606201,-1.0921567678451538,-1.1145421266555786,-1.2813416719436646,-1.2735100984573364,-0.8927386999130249,-0.5919492840766907,-0.5722925066947937,-0.6892885565757751,-0.8669090270996094,-1.1820703744888306,-1.7442151308059692,-2.2287404537200928,-2.451979875564575,-2.6363327503204346,-3.096273422241211
-1.1161988973617554,-1.2078286409378052,-1.2285743951797485,-1.6414622068405151,-1.9895663261413574,-1.5765128135681152,-1.9061598777770996,-1.4601166248321533,-0.5454662442207336,-0.18482404947280884,-0.13011254370212555,-0.30317196249961853,-0.8103089332580566,-1.1448581218719482,-1.0860041379928589,-1.155458927154541,-1.3762352466583252,-1.5541789531707764,-1.624994158744812,-1.4854182004928589,-1.251477837562561,-1.129323959350586,-1.1114357709884644,-1.0815143585205078,-1.0003547668457031,-0.878361165523529,-0.7475951910018921,-0.7219417691230774,-0.8283658027648926,-0.8915387392044067,-0.9351722598075867,-1.0406334400177002,-0.9914901256561279,-0.7160520553588867,-0.5213245153427124,-0.4419122338294983,-0.5008471608161926,-0.7719978094100952,-1.2091913223266602,-1.7858036756515503,-2.177539825439453,-2.2383925914764404,-2.1951632499694824,-2.4170353412628174
-0.743062436580658,-1.0443599224090576,-1.1843247413635254,-1.7688690423965454,-3.1199774742126465,-2.227475166320801,-4.0822954177856445,-2.6982312202453613,0.1523980349302292,0.33285191655158997,0.5861854553222656,0.44460365176200867,-0.05414801463484764,0.13078175485134125,0.24180828034877777,-0.1111724004149437,-0.4101647138595581,-0.5800849199295044,-0.6443114280700684,-0.38202449679374695,-0.18320326507091522,-0.035575684159994125,0.4145489037036896,0.9968576431274414,1.557302474975586,2.058319568634033,2.362018346786499,2.5202393531799316,2.65773868560791,2.5852110385894775,2.292189836502075,2.2588303089141846,2.564207077026367,2.8412692546844482,2.9633026123046875,3.041757345199585,3.057508707046509,2.8962161540985107,2.4025814533233643,1.7536625862121582,1.474534034729004,1.8838411569595337,2.2091500759124756,2.152277708053589
-0.36474257707595825,-0.8511282205581665,-1.1228739023208618,-1.6469486951828003,-2.5667970180511475,-0.977243959903717,-3.2783191204071045,-2.8814873695373535,-0.9141215682029724,-1.0508990287780762,-0.08738086372613907,0.19464263319969177,-0.5543123483657837,-0.7142056226730347,-0.5805657505989075,-0.7894333004951477,-1.0019447803497314,-1.0629442930221558,-1.065267562866211,-0.7990545034408569,-0.3836095333099365,-0.12057456374168396,-0.026107437908649445,0.16948166489601135,0.5371785163879395,0.8830048441886902,1.0279383659362793,1.1583305597305298,1.412048578262329,1.6870087385177612,1.8551713228225708,1.95781409740448,2.115887403488159,2.2794220447540283,2.327153205871582,2.2642226219177246,2.1994335651397705,1.97136390209198,1.574257731437683,1.2201756238937378,1.09540593624115,1.1561578512191772,0.8067600131034851,0.6514772176742554
0.12061183154582977,-0.6275820732116699,-0.989121675491333,-1.6849522590637207,-3.053882598876953,-1.5383168458938599,-1.148535132408142,-1.4720183610916138,-1.136108160018921,-0.473434180021286,0.07120991498231888,0.04239826276898384,-0.42987215518951416,-0.2546464204788208,0.06884410232305527,-0.1412125825881958,-0.6448636054992676,-0.7876209020614624,-0.6572465896606445,-0.2691916227340698,0.14417624473571777,0.30843260884284973,0.2966119945049286,0.6837206482887268,1.1279287338256836,1.623246431350708,1.9463781118392944,1.9560168981552124,1.8802472352981567,2.0065743923187256,2.273818016052246,2.4206855297088623,2.3897716999053955,2.204660177230835,2.042868137359619,1.9316002130508423,1.7732926607131958,1.5432907342910767,1.2753043174743652,1.2748656272888184,1.573646068572998,2.0950169563293457,2.095900297164917,1.8549306392669678
0.151088148355484,-0.7719438672065735,-1.1280241012573242,-1.6651524305343628,-2.3200104236602783,-0.3376031816005707,-0.8138256072998047,-1.0356841087341309,-1.1417224407196045,-0.5625619292259216,0.2192780077457428,0.0838315412402153,0.24372656643390656,0.34026849269866943,0.058972544968128204,0.11609707027673721,-0.07141843438148499,-0.36807942390441895,-0.14410968124866486,0.011715416796505451,0.011276746168732643,-0.037408292293548584,0.1070164144039154,0.5333303213119507,0.8360808491706848,1.1275277137756348,1.4364680051803589,1.4767510890960693,1.410387635231018,1.5426040887832642,1.9238590002059937,2.1001193523406982,1.863958716392517,1.4337611198425293,1.2441260814666748,1.2628339529037476,1.1985479593276978,1.0289649963378906,0.961117148399353,0.9588965177536011,1.1672756671905518,1.482121229171753,1.5237971544265747,1.6746578216552734
-0.39768707752227783,-1.3355016708374023,-1.7406681776046753,-2.3457067012786865,-3.4671709537506104,-1.5798414945602417,-1.5726667642593384,-1.3894973993301392,-1.1296266317367554,-0.635692298412323,-0.8012470602989197,-1.1131850481033325,0.6354292631149292,2.159179449081421,0.32152077555656433,-0.3078100383281708,0.4236754775047302,0.4864102005958557,0.6398075819015503,0.49721500277519226,-0.007644993253052235,-0.02558712288737297,0.09083867818117142,0.1315496414899826,0.28604188561439514,0.6045297384262085,1.0913878679275513,1.3733737468719482,1.5955204963684082,1.7798079252243042,1.947269320487976,1.8979439735412598,1.5696138143539429,1.3186944723129272,1.548343300819397,1.6085551977157593,1.378872275352478,1.2145713567733765,1.1959973573684692,1.0495959520339966,0.8457502126693726,1.2316282987594604,1.9264627695083618,1.9702852964401245
-1.2368459701538086,-1.9740996360778809,-2.3752963542938232,-2.909219980239868,-3.334315299987793,-1.5400499105453491,-1.9438284635543823,-2.1335833072662354,-1.8175568580627441,-0.7237735986709595,-0.2522273361682892,-0.7444783449172974,0.4197474420070648,2.3528499603271484,1.1351693868637085,-1.660043478012085,-0.3086673617362976,1.1312775611877441,0.6309859752655029,0.41867944598197937,-0.20973752439022064,-0.21908801794052124,-0.05744948983192444,-0.31719276309013367,-0.30875420570373535,-0.006682108156383038,0.41669774055480957,0.7902888059616089,1.2889153957366943,1.688810110092163,1.8387856483459473,1.51332688331604,1.035996675491333,1.018172025680542,1.4963533878326416,1.923384428024292,1.4633232355117798,1.449293851852417,1.4257712364196777,1.1149885654449463,0.7339417934417725,1.1746491193771362,1.3865946531295776,1.2551912069320679
-2.352672815322876,-2.666696786880493,-2.8530988693237305,-3.4709134101867676,-4.5460615158081055,-2.2274913787841797,-2.6488988399505615,-2.5689327716827393,-2.3046090602874756,-1.356724500656128,-0.5229910612106323,-0.5549715161323547,-0.6906992197036743,0.7842806577682495,1.515151023864746,-1.4687342643737793,-0.7512184977531433,1.2583320140838623,0.486410528421402,0.4525810182094574,-0.23279589414596558,-1.0191642045974731,-0.46611201763153076,0.05650512874126434,-0.730736255645752,-0.6199204921722412,-0.405764102935791,-0.08427613973617554,0.47289952635765076,1.1208549737930298,1.3635514974594116,1.061775803565979,0.3996802270412445,0.8464325070381165,0.6679320335388184,1.966671347618103,1.366668939590454,1.3764523267745972,1.3345154523849487,0.9385714530944824,0.7819425463676453,0.900865375995636,1.0481276512145996,0.8402204513549805
-3.3564958572387695,-3.5924737453460693,-3.537155866622925,-4.083502769470215,-5.461915493011475,-2.853154182434082,-3.0507073402404785,-2.835556983947754,-2.469372034072876,-1.5408636331558228,-0.8444713354110718,-0.6418882608413696,-0.5651553869247437,0.06605100631713867,0.9226034283638,0.44766709208488464,0.20640985667705536,0.7183434367179871,0.3269956707954407,0.7531939148902893,0.7892677783966064,-1.0569767951965332,-1.7478208541870117,0.3184216022491455,-0.66575026512146,-0.7876356840133667,-0.6774893999099731,-0.8402382135391235,-0.5924684405326843,-0.0027896715328097343,0.3502279818058014,0.592172384262085,0.8009045720100403,0.8307949304580688,0.6477342247962952,1.2259297370910645,1.247769832611084,1.091123342514038,1.0908117294311523,0.8660159707069397,0.8036468029022217,0.7199776768684387,0.7213295698165894,0.559701144695282
-4.241154193878174,-4.791685581207275,-4.666805744171143,-4.927889823913574,-5.862037658691406,-3.571747303009033,-3.2196543216705322,-2.5811092853546143,-2.565986156463623,-2.1727330684661865,-1.8520541191101074,-1.550299048423767,-1.2653870582580566,-0.7729930877685547,0.3871602714061737,0.9614592790603638,0.5580958724021912,0.05715399980545044,-0.00630489457398653,0.7629263997077942,1.3135204315185547,-0.6479299068450928,-2.2442867755889893,-0.6788814663887024,-0.8383306860923767,-1.292594075202942,-0.8740664720535278,-1.5542720556259155,-1.7415332794189453,-1.3153777122497559,-0.7882508635520935,-0.28613266348838806,0.41182246804237366,0.7382918000221252,0.6652235388755798,0.719419538974762,1.2266615629196167,1.2152519226074219,0.9099487662315369,0.9783850908279419,1.1028155088424683,1.2099922895431519,0.8152518272399902,0.27410274744033813
-4.862360954284668,-5.653982639312744,-5.536228179931641,-5.585392475128174,-6.141319274902344,-4.234349727630615,-3.3845183849334717,-2.6348743438720703,-2.9520583152770996,-2.9813241958618164,-2.6067054271698,-1.8507667779922485,-1.1779640913009644,-1.134781002998352,-1.0998828411102295,-0.6443416476249695,-0.13748213648796082,-0.1290057748556137,0.14652685821056366,0.29480689764022827,-0.8928484916687012,-1.1139204502105713,-0.500633955001831,-0.3721226751804352,-1.748029112815857,-2.9838831424713135,-2.629081964492798,-2.316657781600952,-2.7553374767303467,-2.3899543285369873,-1.5955573320388794,-1.0609227418899536,-0.47134336829185486,0.039542682468891144,0.4314750134944916,0.8440748453140259,1.1089117527008057,1.2737531661987305,1.0342897176742554,0.9449454545974731,1.0900616645812988,1.35614013671875,1.1104780435562134,0.5019477605819702
-5.250578880310059,-6.092865467071533,-6.025697231292725,-6.04402494430542,-6.516411304473877,-4.693121910095215,-3.852797269821167,-3.3006980419158936,-3.4047937393188477,-3.5900328159332275,-3.100797414779663,-2.156888484954834,-1.3601248264312744,-0.9164638519287109,-0.9307218790054321,-0.9635410904884338,-0.8614346981048584,-0.25661250948905945,0.5343279838562012,0.40914392471313477,-1.865829586982727,-2.7186787128448486,-1.113909125328064,1.8751481771469116,0.48327264189720154,-3.319206476211548,-5.045302867889404,-2.9115076065063477,-3.6748971939086914,-3.3997294902801514,-2.367762804031372,-1.619175910949707,-0.7365526556968689,-0.009837868623435497,0.3370152413845062,0.5180229544639587,0.9702873229980469,1.394993782043457,1.4577836990356445,1.116734266281128,1.0245475769042969,1.228196620941162,1.1803436279296875,0.6331256628036499
-5.409725189208984,-6.262001037597656,-6.247019290924072,-6.1749138832092285,-6.327597618103027,-5.160988807678223,-4.888049125671387,-4.57191801071167,-4.338747501373291,-4.424413204193115,-3.968444585800171,-3.1414546966552734,-2.0439987182617188,-1.2721567153930664,-0.8602107167243958,-0.6158151626586914,-0.48550230264663696,-0.4587533473968506,-0.31483832001686096,-0.22576110064983368,-0.9673545360565186,-1.8952728509902954,-0.9908590316772461,0.23850327730178833,0.9608892798423767,-1.8965152502059937,-6.009588241577148,-3.9219558238983154,-4.129127025604248,-3.6352384090423584,-2.8230502605438232,-2.0814270973205566,-1.0404975414276123,-0.4124058485031128,-0.05664711073040962,0.3037014901638031,0.8710578680038452,1.2534432411193848,1.2431015968322754,1.1674689054489136,1.1044427156448364,1.287584662437439,1.3555384874343872,0.6754540801048279
-5.498047351837158,-6.271356105804443,-6.246217727661133,-5.986786842346191,-5.726576328277588,-6.027709007263184,-6.211180210113525,-5.951727867126465,-5.420176982879639,-5.295461177825928,-4.967595100402832,-4.285499572753906,-3.287956476211548,-2.2409849166870117,-1.511574625968933,-1.2579275369644165,-1.2650818824768066,-1.1978968381881714,-1.0295578241348267,-1.1692030429840088,-1.4631760120391846,-1.6756788492202759,-2.222024440765381,-2.328219175338745,-1.4407755136489868,-1.7537304162979126,-5.516452312469482,-4.501628398895264,-4.172827243804932,-3.4731497764587402,-2.9781789779663086,-2.413015842437744,-1.3297913074493408,-0.7238432168960571,-0.43557149171829224,-0.032687582075595856,0.5294848680496216,0.9282066822052002,1.1653189659118652,1.098610281944275,1.2738711833953857,1.0658918619155884,1.424824595451355,0.7005724906921387
-6.2242960929870605,-6.618863582611084,-6.339330673217773,-5.718755722045898,-5.234685897827148,-6.746363162994385,-7.636207580566406,-7.510176181793213,-6.8509111404418945,-6.435262203216553,-5.909005641937256,-5.147685527801514,-4.171413421630859,-3.346329927444458,-2.8539395332336426,-2.7628960609436035,-2.759305238723755,-2.689009666442871,-2.5064356327056885,-2.397637128829956,-2.4294469356536865,-2.1494531631469727,-1.6595160961151123,-2.105302095413208,-3.24715518951416,-3.9141247272491455,-4.422000885009766,-3.8962342739105225,-3.913365364074707,-3.3998634815216064,-3.2099609375,-2.8751204013824463,-1.9282382726669312,-1.1793978214263916,-0.6991937756538391,0.03455556929111481,0.7812821865081787,1.0305297374725342,0.7987154126167297,0.8138416409492493,1.0583393573760986,1.051222324371338,0.9703879356384277,0.33206212520599365
-6.949129104614258,-7.092563629150391,-6.612622261047363,-5.610092639923096,-4.925583839416504,-7.156045913696289,-8.564970970153809,-8.756013870239258,-8.137848854064941,-7.581307888031006,-6.8475341796875,-6.134456157684326,-5.217465877532959,-4.41287899017334,-4.049509048461914,-4.175394535064697,-4.332740783691406,-4.248778343200684,-3.7784571647644043,-3.4354567527770996,-3.3085737228393555,-3.537402868270874,-3.9195046424865723,-4.082085132598877,-4.074848175048828,-3.8556437492370605,-4.499897003173828,-4.034993648529053,-3.8420886993408203,-3.4946093559265137,-3.1948788166046143,-2.5134470462799072,-1.3433818817138672,-0.9968796968460083,-0.8235952854156494,-0.10152503103017807,0.779458224773407,1.2599676847457886,1.075000286102295,0.8601077198982239,0.8233938217163086,0.6715147495269775,0.18016430735588074,-0.2485339343547821
