data/wind_data/wind_Surface_16.json
{"header": {"parameterUnit": "KT", "parameterCategory": 2, "nx": 255, "ny": 198, "lo1": 44.73521041870117, "la1": -3.236724853515625, "lo2": 111.26478576660156, "la2": 43.468475341796875, "dx": 0.26192745566368103, "dy": -0.23708222806453705, "refTime": "2025-02-19 16:00:00", "forecastTime": 0, "parameterNumber": 3, "parameterNumberName": "northward_wind"}, "data":
[rows 38 to 56 of 198, columns 43 to 85 of 255]
-10.973062515258789,-10.873445510864258,-10.754456520080566,-10.721753120422363,-10.621109008789062,-10.608909606933594,-10.912850379943848,-11.203428268432617,-11.354792594909668,-11.566110610961914,-11.885251998901367,-12.069191932678223,-12.175912857055664,-12.347280502319336,-12.141538619995117,-11.761857986450195,-11.146817207336426,-10.852591514587402,-11.169265747070312,-11.687735557556152,-12.506757736206055,-12.90882682800293,-12.910917282104492,-11.562933921813965,-11.180330276489258,-12.708128929138184,-12.043543815612793,-10.948686599731445,-9.657670021057129,-9.265077590942383,-9.41010856628418,-7.91755485534668,-5.571086406707764,-6.198180198669434,-7.156805038452148,-7.138772964477539,-6.719481945037842,-6.4111528396606445,-6.5684895515441895,-7.0330071449279785,-7.860800266265869,-8.075386047363281,-7.985852241516113
-10.351940155029297,-10.353364944458008,-10.247065544128418,-10.143449783325195,-10.087331771850586,-10.036036491394043,-10.195606231689453,-10.588010787963867,-11.034558296203613,-11.346489906311035,-11.558501243591309,-11.745782852172852,-11.883373260498047,-12.06297779083252,-12.215656280517578,-12.144700050354004,-11.589747428894043,-10.759505271911621,-10.813213348388672,-11.459150314331055,-12.393977165222168,-12.813324928283691,-13.562270164489746,-13.667778015136719,-11.480814933776855,-10.504955291748047,-10.595833778381348,-10.8218355178833,-10.18167495727539,-10.329351425170898,-11.993192672729492,-12.78288745880127,-8.723649978637695,-6.570864200592041,-6.49321174621582,-6.554478645324707,-6.452630519866943,-6.130875587463379,-5.81559944152832,-6.2767157554626465,-7.253166675567627,-7.930217266082764,-8.149687767028809
-9.629261016845703,-9.714089393615723,-9.672477722167969,-9.583909034729004,-9.602599143981934,-9.724043846130371,-9.97795295715332,-10.35433578491211,-10.732010841369629,-10.966947555541992,-11.046249389648438,-11.228118896484375,-11.449601173400879,-11.476099014282227,-11.387186050415039,-11.544486999511719,-11.553215980529785,-11.322833061218262,-11.320789337158203,-11.942281723022461,-11.698616027832031,-12.000317573547363,-13.459613800048828,-15.594087600708008,-13.65855598449707,-10.507584571838379,-10.537225723266602,-11.718554496765137,-11.87629222869873,-11.39598560333252,-12.088101387023926,-14.803431510925293,-14.046977043151855,-10.564493179321289,-6.708617687225342,-5.415686130523682,-5.41060209274292,-4.814124584197998,-4.078279495239258,-4.98769998550415,-6.570505619049072,-6.991880893707275,-7.214155673980713
-9.149258613586426,-9.228765487670898,-9.330763816833496,-9.503218650817871,-9.692651748657227,-9.884003639221191,-10.038704872131348,-10.238068580627441,-10.484808921813965,-10.59926986694336,-10.454361915588379,-10.456263542175293,-10.953445434570312,-11.161556243896484,-11.019890785217285,-10.995651245117188,-11.113658905029297,-11.488311767578125,-12.089756965637207,-11.861964225769043,-11.22134780883789,-10.736689567565918,-11.496737480163574,-13.29859447479248,-13.233787536621094,-11.212623596191406,-11.060663223266602,-11.190653800964355,-11.47612476348877,-11.87202262878418,-11.806011199951172,-13.047577857971191,-14.41539192199707,-13.783722877502441,-11.447959899902344,-8.40615463256836,-7.041624069213867,-5.150043964385986,-3.539599895477295,-3.725205421447754,-5.009798049926758,-5.65147066116333,-5.618251800537109
-9.199747085571289,-9.172922134399414,-9.318882942199707,-9.598764419555664,-9.891796112060547,-10.19057846069336,-10.39203929901123,-10.516310691833496,-10.605901718139648,-10.645133972167969,-10.272886276245117,-9.710898399353027,-10.215728759765625,-10.727631568908691,-10.55466079711914,-10.530977249145508,-10.723773002624512,-10.996810913085938,-11.275172233581543,-11.480493545532227,-10.841130256652832,-10.239442825317383,-10.480231285095215,-11.155083656311035,-11.592689514160156,-11.10649299621582,-11.523213386535645,-11.114739418029785,-10.141700744628906,-11.087749481201172,-11.890780448913574,-11.781790733337402,-12.31360149383545,-13.121654510498047,-14.388426780700684,-13.789295196533203,-12.557918548583984,-11.47719955444336,-10.24830150604248,-7.9984564781188965,-6.004690647125244,-5.476378440856934,-4.532783508300781
-9.521589279174805,-9.356700897216797,-9.349145889282227,-9.495558738708496,-9.755912780761719,-10.131414413452148,-10.536380767822266,-10.807861328125,-10.874883651733398,-10.888470649719238,-10.37454605102539,-9.620024681091309,-9.976720809936523,-10.37918472290039,-10.283888816833496,-10.294931411743164,-10.45412540435791,-10.354211807250977,-10.10237979888916,-10.010653495788574,-10.172526359558105,-10.24366283416748,-10.41104793548584,-10.640192985534668,-10.798137664794922,-10.91922378540039,-11.129290580749512,-11.335126876831055,-10.362914085388184,-9.980877876281738,-10.717475891113281,-11.169859886169434,-11.218375205993652,-12.167755126953125,-13.481298446655273,-14.591107368469238,-14.217827796936035,-14.620354652404785,-14.721590995788574,-13.384032249450684,-11.775161743164062,-10.318375587463379,-7.715657711029053
-9.61800765991211,-9.389119148254395,-9.336030006408691,-9.401653289794922,-9.430591583251953,-9.695605278015137,-9.948967933654785,-10.302644729614258,-10.578971862792969,-10.666068077087402,-10.127695083618164,-9.914889335632324,-10.201626777648926,-10.240052223205566,-10.069398880004883,-10.286373138427734,-10.35561752319336,-9.939833641052246,-9.5885009765625,-9.365490913391113,-9.572667121887207,-9.905486106872559,-9.802703857421875,-9.836892127990723,-10.275186538696289,-10.769078254699707,-10.378226280212402,-10.375723838806152,-10.526989936828613,-9.778553009033203,-9.393672943115234,-10.11907958984375,-10.964691162109375,-11.413684844970703,-12.218111038208008,-12.812667846679688,-12.529366493225098,-12.834657669067383,-12.933631896972656,-13.140567779541016,-13.503458023071289,-13.326946258544922,-12.131211280822754
-9.401628494262695,-9.287942886352539,-9.365204811096191,-9.840319633483887,-9.589929580688477,-9.68637752532959,-9.48320198059082,-9.440044403076172,-9.614692687988281,-9.875252723693848,-9.906543731689453,-9.972798347473145,-10.095136642456055,-10.067138671875,-9.586078643798828,-10.040018081665039,-10.283220291137695,-10.258198738098145,-10.27548599243164,-10.222042083740234,-9.875115394592285,-9.732267379760742,-9.782840728759766,-9.68419075012207,-9.97225570678711,-10.51455020904541,-10.179654121398926,-9.68895149230957,-9.629576683044434,-9.550472259521484,-9.447964668273926,-9.159305572509766,-9.970208168029785,-10.184507369995117,-10.423954010009766,-10.760099411010742,-11.076019287109375,-11.437065124511719,-11.520163536071777,-11.774735450744629,-12.146733283996582,-12.062813758850098,-11.96446704864502
-9.305558204650879,-9.578746795654297,-9.821664810180664,-10.081697463989258,-10.089395523071289,-10.08347225189209,-9.947887420654297,-9.532204627990723,-9.160916328430176,-9.05273723602295,-9.914929389953613,-10.158148765563965,-9.92709732055664,-9.994527816772461,-9.821630477905273,-9.752066612243652,-9.867230415344238,-10.329408645629883,-10.735872268676758,-10.681380271911621,-10.119117736816406,-10.19726276397705,-10.639204978942871,-10.744047164916992,-10.479361534118652,-10.439990997314453,-10.54650592803955,-10.469338417053223,-10.053170204162598,-9.480435371398926,-9.69218635559082,-9.803532600402832,-9.735455513000488,-9.774115562438965,-9.753267288208008,-9.763800621032715,-9.729854583740234,-9.793130874633789,-9.910655975341797,-10.244108200073242,-10.546294212341309,-10.207181930541992,-10.10536003112793
-9.29202651977539,-9.76088809967041,-9.781295776367188,-9.774246215820312,-9.747659683227539,-9.649286270141602,-9.75437068939209,-9.666385650634766,-9.276155471801758,-9.055206298828125,-9.594782829284668,-10.036784172058105,-9.800918579101562,-9.551519393920898,-9.741363525390625,-9.459437370300293,-9.386799812316895,-9.816194534301758,-9.934755325317383,-9.99895191192627,-10.36214542388916,-10.871302604675293,-10.885960578918457,-10.79554271697998,-10.595538139343262,-10.3582181930542,-10.877193450927734,-11.175640106201172,-10.909015655517578,-10.545022964477539,-10.505784034729004,-10.785005569458008,-10.588364601135254,-10.384719848632812,-10.256664276123047,-9.97691822052002,-9.539729118347168,-9.053302764892578,-8.716873168945312,-8.514732360839844,-8.493671417236328,-8.435266494750977,-8.161426544189453
-8.837601661682129,-9.31479549407959,-9.183491706848145,-8.96839714050293,-8.700651168823242,-8.449055671691895,-8.515886306762695,-8.898590087890625,-9.190960884094238,-9.061935424804688,-8.911766052246094,-8.934877395629883,-9.04903793334961,-8.728093147277832,-8.629454612731934,-8.630606651306152,-8.340076446533203,-8.695802688598633,-9.203596115112305,-9.347772598266602,-10.172173500061035,-10.464076042175293,-9.878067016601562,-9.784311294555664,-10.13924503326416,-10.133325576782227,-10.390654563903809,-10.72510051727295,-10.80105209350586,-11.012246131896973,-10.944758415222168,-10.967266082763672,-10.894207000732422,-10.650200843811035,-10.318620681762695,-9.919416427612305,-9.231122970581055,-8.576211929321289,-8.300293922424316,-8.017138481140137,-7.799315929412842,-8.123978614807129,-7.617822170257568
-8.927212715148926,-9.003804206848145,-8.796135902404785,-8.460001945495605,-8.055495262145996,-7.747042655944824,-7.635024070739746,-7.969431400299072,-8.496590614318848,-8.373970985412598,-7.76384973526001,-7.514006614685059,-8.007928848266602,-8.2117280960083,-8.064166069030762,-8.220112800598145,-8.103344917297363,-7.608572959899902,-8.353666305541992,-8.78482723236084,-9.048849105834961,-9.107035636901855,-8.889850616455078,-8.822527885437012,-9.379741668701172,-9.787525177001953,-9.582255363464355,-9.427477836608887,-9.875265121459961,-10.200543403625488,-10.131011962890625,-10.18869686126709,-10.140405654907227,-10.000905990600586,-9.770380020141602,-9.383731842041016,-8.981714248657227,-8.405802726745605,-8.084696769714355,-7.872305870056152,-7.711106777191162,-7.8201904296875,-8.097763061523438
-8.864461898803711,-8.822467803955078,-8.751554489135742,-8.460687637329102,-8.326029777526855,-8.140323638916016,-7.715717315673828,-7.592746257781982,-7.832615375518799,-7.895079612731934,-7.571662902832031,-7.069604873657227,-7.125521183013916,-7.0494771003723145,-7.639459609985352,-8.11302661895752,-8.63517951965332,-7.99814510345459,-7.58148717880249,-7.99869441986084,-8.449092864990234,-8.636815071105957,-8.769433975219727,-8.563896179199219,-8.508126258850098,-8.630708694458008,-8.66536808013916,-8.502070426940918,-8.62497615814209,-8.828893661499023,-8.79967212677002,-8.622788429260254,-8.73575496673584,-8.884512901306152,-8.915078163146973,-8.649446487426758,-8.680546760559082,-8.460716247558594,-7.736242294311523,-7.607805252075195,-7.439443111419678,-7.628759384155273,-7.235776424407959
-7.670761585235596,-7.7175517082214355,-8.050679206848145,-8.184486389160156,-8.374749183654785,-8.300262451171875,-7.9777069091796875,-7.742269515991211,-7.549849987030029,-7.4579758644104,-7.314276218414307,-6.906469821929932,-6.9390082359313965,-6.79268741607666,-7.170767307281494,-6.757978439331055,-7.2614922523498535,-8.030984878540039,-7.689002513885498,-7.617454528808594,-7.895450592041016,-8.36754035949707,-8.938623428344727,-8.946393013000488,-8.149459838867188,-7.929165363311768,-8.139618873596191,-8.15273380279541,-7.748358726501465,-7.688538074493408,-7.72102689743042,-7.648054599761963,-7.747281551361084,-7.961309909820557,-8.120071411132812,-8.062819480895996,-7.908273220062256,-8.012492179870605,-7.550200462341309,-7.183333396911621,-7.1406731605529785,-7.411019325256348,-6.881738662719727
-7.417021751403809,-7.199771404266357,-7.306319713592529,-7.749622821807861,-7.981929779052734,-7.867486000061035,-7.676671504974365,-7.676764488220215,-7.179965019226074,-6.484115123748779,-5.919705867767334,-6.029459476470947,-6.745481967926025,-7.01519775390625,-6.640507698059082,-5.866100788116455,-5.856372833251953,-6.3820109367370605,-6.955456256866455,-6.9161200523376465,-6.869518280029297,-7.298448085784912,-7.979580879211426,-8.107912063598633,-7.76265287399292,-7.807796955108643,-7.824108123779297,-7.575825214385986,-7.282553195953369,-7.0816755294799805,-7.1882758140563965,-7.4505720138549805,-7.408304214477539,-7.130608081817627,-6.82651424407959,-6.631057262420654,-6.504709243774414,-6.831384181976318,-7.256818771362305,-7.233333587646484,-7.302494525909424,-7.256170749664307,-7.686805725097656
-8.209917068481445,-7.965362548828125,-7.625373840332031,-7.800119400024414,-7.834505081176758,-7.830636501312256,-7.662720680236816,-7.172914505004883,-6.60698938369751,-6.076774597167969,-5.680109024047852,-5.802046775817871,-5.948678493499756,-6.025476932525635,-6.526711463928223,-6.884505271911621,-6.576096534729004,-5.989437103271484,-6.006294250488281,-6.139983654022217,-6.282564640045166,-6.194039821624756,-6.17021369934082,-6.350568771362305,-6.788504123687744,-6.936604976654053,-6.844736576080322,-6.799619674682617,-6.7971601486206055,-6.625917434692383,-6.751616954803467,-7.004273414611816,-7.028926849365234,-6.830687046051025,-6.484250068664551,-6.278501987457275,-6.361141204833984,-6.376706123352051,-6.51364803314209,-6.907416343688965,-6.98583459854126,-6.913026332855225,-7.122337341308594
-8.650059700012207,-8.565978050231934,-8.399139404296875,-8.152174949645996,-7.7835612297058105,-7.682248115539551,-7.476493835449219,-6.803126335144043,-6.585071563720703,-6.555977821350098,-6.6891703605651855,-6.276819705963135,-5.822091102600098,-5.723037242889404,-6.355317115783691,-7.017096996307373,-7.147026538848877,-6.923285961151123,-6.304460048675537,-6.241276741027832,-6.405569553375244,-6.122903347015381,-6.054983139038086,-6.295213222503662,-6.579226016998291,-6.443181991577148,-6.15161657333374,-6.187441349029541,-6.234135627746582,-6.409671783447266,-6.394615173339844,-6.119842052459717,-6.362521648406982,-6.789092540740967,-6.856501579284668,-6.774961471557617,-6.737431049346924,-6.411179065704346,-6.268316745758057,-6.704601764678955,-6.890153884887695,-6.846588134765625,-6.579486846923828
-8.42782211303711,-8.206185340881348,-7.927724838256836,-7.649467468261719,-7.261919021606445,-6.90312385559082,-6.822427749633789,-6.529268264770508,-6.762254238128662,-6.845584392547607,-6.845853805541992,-6.563631534576416,-6.538489818572998,-6.354015827178955,-6.1686177253723145,-6.302175045013428,-6.493783473968506,-6.5260138511657715,-6.261704921722412,-6.066793918609619,-6.007622718811035,-5.916172504425049,-5.906136512756348,-6.096527576446533,-6.328348159790039,-6.601501941680908,-6.199697494506836,-5.681116580963135,-5.800559997558594,-6.293726444244385,-6.294014930725098,-5.926661968231201,-5.985257625579834,-5.9838480949401855,-6.073235511779785,-6.103842735290527,-6.165517330169678,-6.225154399871826,-6.392930507659912,-6.7023234367370605,-7.021597862243652,-7.367426872253418,-7.320152759552002
-7.498017311096191,-7.279782772064209,-7.125415325164795,-6.970289707183838,-6.858739376068115,-6.503662586212158,-6.561140537261963,-6.31089448928833,-6.0930609703063965,-6.174905300140381,-6.3762125968933105,-6.744895935058594,-6.746766090393066,-6.570302963256836,-6.26460075378418,-6.1118669509887695,-5.997979164123535,-5.629278182983398,-5.48222017288208,-5.487260341644287,-5.345512866973877,-5.118483543395996,-4.896275520324707,-5.000089168548584,-5.378105163574219,-6.0271406173706055,-5.934087753295898,-5.598540306091309,-5.961535453796387,-6.515565872192383,-6.569183349609375,-6.845256805419922,-6.656523704528809,-6.192672252655029,-6.097452640533447,-6.40854549407959,-6.384230613708496,-6.636168956756592,-6.753720283508301,-6.616378307342529,-6.845997333526611,-7.101131439208984,-7.088410377502441
