data/wind_data/wind_2025-02-21_16.json
{"header": {"parameterUnit": "KT", "parameterCategory": 2, "nx": 255, "ny": 198, "lo1": 44.73521041870117, "la1": -3.236724853515625, "lo2": 111.26478576660156, "la2": 43.468475341796875, "dx": 0.26192745566368103, "dy": -0.23708222806453705, "refTime": "2025-02-21 16:00:00", "forecastTime": 0, "parameterNumber": 2, "parameterNumberName": "eastward_wind"}, "data":
[rows 171 to 189 of 198, columns 43 to 85 of 255]
3.9476237297058105,4.281154632568359,5.022099018096924,7.613239765167236,8.527372360229492,5.695734024047852,4.667147636413574,4.894301414489746,7.861304759979248,8.896768569946289,7.145390033721924,6.699443817138672,8.532452583312988,9.701127052307129,7.283788204193115,4.033824443817139,-0.009356297552585602,-3.0008533000946045,-5.242020130157471,-6.255800247192383,-5.920074939727783,-6.827956199645996,-7.018309116363525,-7.396936416625977,-8.158672332763672,-8.981897354125977,-9.524608612060547,-9.494723320007324,-8.965363502502441,-7.9213786125183105,-6.9278883934021,-6.1406168937683105,-5.4810943603515625,-4.6761016845703125,-3.9939513206481934,-4.0037713050842285,-4.481205463409424,-5.491115570068359,-5.318441390991211,-7.972315311431885,-10.157519340515137,-10.449385643005371,-9.499112129211426
3.5263118743896484,3.55920147895813,5.267544746398926,7.911729335784912,7.429285526275635,6.216022968292236,5.808379173278809,6.635900497436523,8.271763801574707,8.27302074432373,7.317176818847656,7.173242568969727,8.23787784576416,8.497718811035156,5.885087966918945,3.039294958114624,-1.2452036142349243,-4.215765953063965,-5.778491020202637,-6.504148960113525,-5.914035320281982,-6.587869644165039,-7.972623825073242,-8.394917488098145,-8.56212043762207,-8.791742324829102,-8.708623886108398,-8.196447372436523,-7.415078163146973,-6.704184532165527,-5.955875873565674,-5.211772918701172,-4.6041035652160645,-3.8454277515411377,-3.3481881618499756,-3.872800827026367,-4.448114395141602,-3.959055185317993,-3.044755697250366,-3.6353185176849365,-7.4913105964660645,-10.305900573730469,-11.474464416503906
1.7937994003295898,3.512993097305298,5.3622145652771,7.177694320678711,7.944431304931641,8.617107391357422,7.819994926452637,7.5097455978393555,8.2300386428833,8.214081764221191,7.219335079193115,7.137279510498047,8.452286720275879,7.828127384185791,5.513660907745361,1.7988090515136719,-2.02467942237854,-5.104494571685791,-6.365492820739746,-6.930314064025879,-7.452695369720459,-8.168357849121094,-8.586139678955078,-8.43492603302002,-8.202556610107422,-8.097779273986816,-7.802281856536865,-7.177601337432861,-6.579792499542236,-6.222967624664307,-5.878782749176025,-5.559035778045654,-5.37693452835083,-5.05065393447876,-4.603893280029297,-3.3420310020446777,-2.756070137023926,-2.8190715312957764,-2.552449941635132,-2.557053565979004,-4.2530293464660645,-7.635791301727295,-10.542888641357422
5.174290180206299,6.639542579650879,8.343964576721191,9.35955810546875,9.34992504119873,8.239762306213379,6.760933876037598,6.780488967895508,7.960109710693359,8.114958763122559,7.554080009460449,7.754644393920898,8.467913627624512,6.66603946685791,4.728112697601318,1.1392673254013062,-2.2712249755859375,-4.820196151733398,-6.077977657318115,-6.0927019119262695,-7.487695693969727,-7.965991973876953,-8.38784408569336,-8.143416404724121,-7.719346046447754,-7.7399001121521,-7.699978351593018,-7.474829196929932,-7.0189619064331055,-6.50747013092041,-6.592082500457764,-6.989655494689941,-6.701976299285889,-5.992330074310303,-4.953612327575684,-4.200504779815674,-4.277501583099365,-4.212673187255859,-3.249065637588501,-1.9535677433013916,-2.958768129348755,-7.285414218902588,-10.239093780517578
7.202201843261719,8.427970886230469,9.188474655151367,8.796497344970703,8.25314998626709,8.095015525817871,7.691502094268799,7.794203758239746,8.693675994873047,8.564678192138672,7.455655097961426,7.17622184753418,7.178308010101318,5.425570487976074,3.9832308292388916,0.8412606716156006,-2.266538381576538,-4.599039554595947,-6.124468803405762,-6.690814971923828,-6.895713806152344,-7.5474348068237305,-8.32113265991211,-8.252878189086914,-7.763961315155029,-7.729963779449463,-7.775052070617676,-7.749085903167725,-7.2169108390808105,-7.298844814300537,-7.7470221519470215,-7.597381591796875,-6.791008472442627,-5.784633159637451,-5.235695838928223,-5.396953105926514,-5.630023956298828,-4.94381856918335,-4.189511775970459,-4.9621782302856445,-5.495136737823486,-7.285257339477539,-7.900437355041504
7.959434986114502,8.636387825012207,9.165915489196777,8.822437286376953,9.4485502243042,10.020634651184082,9.845414161682129,9.70645523071289,9.531423568725586,8.942598342895508,8.252878189086914,8.23259449005127,7.178472995758057,5.624958038330078,3.3424816131591797,-0.0751744881272316,-3.3029661178588867,-5.409518241882324,-6.460690975189209,-6.682735443115234,-7.316810131072998,-8.162097930908203,-8.49020004272461,-8.40190601348877,-8.104385375976562,-7.954561233520508,-7.912074565887451,-7.706293106079102,-7.941488265991211,-7.929473876953125,-7.4440202713012695,-7.429723739624023,-6.818029403686523,-6.2057294845581055,-5.90821647644043,-5.802531719207764,-6.051100730895996,-6.129481315612793,-6.310618877410889,-6.182260513305664,-6.762887001037598,-5.287266254425049,-4.339478492736816
7.511651039123535,7.754679203033447,7.937816143035889,8.144121170043945,8.460219383239746,8.611664772033691,8.437233924865723,8.756495475769043,8.186142921447754,6.3188629150390625,6.3243865966796875,7.73685884475708,6.930005073547363,4.724038600921631,1.800817847251892,-1.4760524034500122,-4.292130470275879,-6.063399791717529,-6.5863471031188965,-6.8782148361206055,-8.021215438842773,-8.58864688873291,-8.653363227844238,-8.38209056854248,-8.076189041137695,-8.024361610412598,-7.956243515014648,-7.945527076721191,-8.095589637756348,-8.18429946899414,-7.380001544952393,-7.247298717498779,-6.994423866271973,-6.6682868003845215,-5.616626739501953,-5.871573448181152,-7.1663432121276855,-7.069081783294678,-5.619545936584473,-5.309964656829834,-5.064828395843506,-3.1839756965637207,-1.7368381023406982
8.476529121398926,7.522993087768555,6.771247386932373,6.757023334503174,7.3661370277404785,7.65183162689209,7.454364776611328,7.510637283325195,6.820193767547607,6.232505798339844,6.564562797546387,7.0014495849609375,5.2210164070129395,2.7025039196014404,-0.2954498827457428,-2.690474510192871,-4.418310165405273,-5.692979335784912,-6.104153633117676,-6.980666160583496,-7.9599456787109375,-8.486108779907227,-8.59941577911377,-8.350875854492188,-8.05363655090332,-8.133064270019531,-8.204268455505371,-8.243453025817871,-8.317736625671387,-8.167915344238281,-7.7462263107299805,-6.907098293304443,-6.6109795570373535,-6.337703704833984,-6.438918590545654,-7.197781562805176,-7.709070205688477,-6.230465412139893,-4.634249687194824,-4.658596038818359,-5.42457914352417,-4.31133508682251,-3.4012222290039062
8.10628890991211,7.229487895965576,6.721949100494385,6.917315483093262,7.4872612953186035,7.855566024780273,7.748246192932129,7.651392459869385,6.75066614151001,5.989473342895508,6.198638916015625,5.664003372192383,3.9789726734161377,0.8376948237419128,-1.3989012241363525,-2.9124693870544434,-3.997981071472168,-5.260282039642334,-6.119800090789795,-7.177145004272461,-7.909160137176514,-8.201557159423828,-8.364127159118652,-8.288713455200195,-7.9576592445373535,-8.081700325012207,-8.0960111618042,-8.002596855163574,-8.029698371887207,-8.094100952148438,-8.043435096740723,-7.184844970703125,-6.287536144256592,-5.935842990875244,-7.02014684677124,-7.370504379272461,-6.066740036010742,-5.366493225097656,-4.469603538513184,-5.189350605010986,-5.414491176605225,-5.932673931121826,-5.826714992523193
8.577677726745605,9.178144454956055,9.774803161621094,9.775460243225098,9.292703628540039,10.071184158325195,9.987337112426758,8.3946533203125,6.35642147064209,5.443935871124268,5.394313812255859,4.820805549621582,2.6660149097442627,-0.07492851465940475,-2.1602158546447754,-3.3772127628326416,-4.462164878845215,-5.352186679840088,-6.19248628616333,-7.407226085662842,-8.098287582397461,-8.041790962219238,-8.150056838989258,-7.994689464569092,-7.625858783721924,-7.449624538421631,-7.864792346954346,-8.320629119873047,-8.553658485412598,-8.210134506225586,-7.562982559204102,-6.563420295715332,-5.93618106842041,-5.991063117980957,-6.224258899688721,-6.31751823425293,-6.477091312408447,-5.4628424644470215,-4.239223480224609,-4.786334991455078,-5.17999267578125,-5.13521146774292,-4.814573287963867
10.142538070678711,10.954988479614258,11.621862411499023,11.117053985595703,10.106685638427734,11.021270751953125,10.59699821472168,8.273280143737793,5.7805938720703125,4.9329352378845215,4.815973281860352,4.229752540588379,1.8943332433700562,-1.2374613285064697,-3.3287174701690674,-4.340903282165527,-4.846117973327637,-5.6359758377075195,-6.233786106109619,-7.287484169006348,-7.6135969161987305,-7.621553897857666,-7.989316463470459,-7.9492363929748535,-7.677731990814209,-8.073923110961914,-8.7539701461792,-9.324097633361816,-9.171533584594727,-8.915810585021973,-8.335376739501953,-7.423341274261475,-6.72976541519165,-6.516941547393799,-6.541402816772461,-6.467219352722168,-4.538191795349121,-2.9340412616729736,-1.900497317314148,-3.1773386001586914,-5.298783302307129,-4.396346092224121,-2.1427500247955322
11.896624565124512,12.235140800476074,12.865067481994629,12.105902671813965,10.565190315246582,10.838918685913086,9.976736068725586,7.417367935180664,5.006429195404053,4.465137958526611,4.35880184173584,3.413614511489868,0.24405623972415924,-2.836256742477417,-4.346149444580078,-4.976861476898193,-5.015535831451416,-5.500126361846924,-6.278197288513184,-6.943373203277588,-7.196227550506592,-7.607348918914795,-8.13561725616455,-8.020039558410645,-7.837625026702881,-8.380196571350098,-8.462295532226562,-8.381241798400879,-9.476656913757324,-10.917522430419922,-9.44653034210205,-7.147922039031982,-6.011748790740967,-6.200908660888672,-6.755372047424316,-6.696796894073486,-4.928257942199707,-2.433950662612915,-0.8400983214378357,-1.63698148727417,-2.33135986328125,-1.1408514976501465,0.32251986861228943
11.633034706115723,11.583674430847168,11.968535423278809,10.928101539611816,9.35291862487793,8.640215873718262,6.8646559715271,5.077005863189697,4.487396717071533,4.2566914558410645,3.9197914600372314,1.552868366241455,-2.008354663848877,-3.9483892917633057,-5.001795291900635,-5.310720443725586,-5.0934247970581055,-5.515206813812256,-6.321990966796875,-6.788329601287842,-7.089173316955566,-7.512075424194336,-7.798076629638672,-7.849685192108154,-8.39157485961914,-8.564071655273438,-7.985934734344482,-8.741547584533691,-10.905726432800293,-10.525992393493652,-8.40363597869873,-6.782221794128418,-5.664977073669434,-5.806182861328125,-6.160935878753662,-6.2370100021362305,-5.92980432510376,-4.462930202484131,-2.054567575454712,-1.1990159749984741,-1.8799149990081787,-1.3269749879837036,-0.488883376121521
9.145184516906738,9.201595306396484,9.020004272460938,8.016829490661621,7.4698710441589355,6.676261901855469,4.744927406311035,3.2781260013580322,3.613823652267456,3.9217495918273926,2.2393486499786377,-1.2434282302856445,-3.8754241466522217,-4.967216491699219,-5.734935760498047,-5.636462688446045,-5.413121223449707,-5.736500263214111,-6.436071395874023,-6.9753737449646,-7.003814220428467,-6.915091037750244,-7.228282451629639,-7.8669939041137695,-8.458746910095215,-8.320964813232422,-8.004352569580078,-9.602033615112305,-11.432868957519531,-9.960707664489746,-6.93333625793457,-5.365300178527832,-4.894687652587891,-5.726067066192627,-6.216091632843018,-6.076684951782227,-5.479673385620117,-5.435174465179443,-4.309135913848877,-3.6044156551361084,-3.414724111557007,-4.174929141998291,-5.463442325592041
5.915467262268066,7.387452125549316,6.5093183517456055,4.575398921966553,4.132730007171631,4.1052350997924805,3.220031976699829,2.971531629562378,3.723389148712158,2.5689144134521484,-0.8860854506492615,-3.5097110271453857,-4.9280195236206055,-5.517115116119385,-6.1157026290893555,-5.90935754776001,-5.735474109649658,-6.039705276489258,-6.6001081466674805,-7.016621112823486,-6.585787773132324,-6.070547103881836,-6.467619895935059,-7.1261305809021,-7.6999664306640625,-8.097865104675293,-8.039141654968262,-9.64935302734375,-10.648256301879883,-9.106281280517578,-7.13156270980835,-6.3166632652282715,-5.812931537628174,-5.834412574768066,-6.358261585235596,-6.535764694213867,-5.289111614227295,-4.9636735916137695,-5.076693534851074,-5.969710826873779,-6.828843593597412,-6.9731950759887695,-6.73460578918457
6.452276706695557,6.1630072593688965,5.13098669052124,4.388882160186768,4.943048477172852,4.996959686279297,3.7093076705932617,4.224339485168457,4.768855571746826,0.7598279714584351,-3.2955844402313232,-4.827716827392578,-5.281581401824951,-5.9621124267578125,-6.601579189300537,-6.5189948081970215,-6.230590343475342,-6.155603408813477,-6.292566776275635,-6.140558242797852,-5.594544410705566,-5.350274562835693,-6.080279350280762,-6.772011756896973,-7.726833820343018,-7.912224292755127,-7.633058071136475,-8.328458786010742,-8.368363380432129,-7.740429878234863,-8.237476348876953,-8.723125457763672,-7.53855037689209,-5.628777980804443,-5.017770290374756,-5.369894981384277,-5.072961807250977,-5.096986293792725,-5.75956392288208,-5.588751792907715,-6.105931282043457,-6.31674861907959,-5.7510271072387695
5.924254894256592,5.0655670166015625,5.9927077293396,7.381910800933838,7.7047624588012695,6.409290313720703,4.070234298706055,3.2518844604492188,1.9561121463775635,-2.663236618041992,-4.848631858825684,-5.291835308074951,-5.410983085632324,-6.218352794647217,-6.598249435424805,-6.4539079666137695,-6.323998928070068,-5.976121425628662,-5.506072998046875,-5.602264404296875,-5.571728229522705,-5.685615539550781,-6.280527591705322,-6.456495761871338,-6.522090911865234,-6.791836738586426,-6.877143383026123,-6.763650417327881,-6.453938007354736,-6.36060905456543,-8.083191871643066,-9.435686111450195,-7.587188720703125,-5.057102680206299,-3.0589559078216553,-3.698469400405884,-4.706045150756836,-5.014308452606201,-5.537933349609375,-6.161617279052734,-5.742420196533203,-5.776236057281494,-5.459376335144043
6.350060939788818,6.3184733390808105,8.34231185913086,8.66947078704834,8.195256233215332,6.966192722320557,5.011985778808594,2.495399236679077,-1.8418902158737183,-5.113840579986572,-6.004532814025879,-5.789727687835693,-5.787282466888428,-6.022226333618164,-6.162776947021484,-6.584804534912109,-6.821671485900879,-6.788829326629639,-6.374022960662842,-6.272862434387207,-6.385259628295898,-6.466243743896484,-6.758177757263184,-6.721115589141846,-6.723417282104492,-6.48497200012207,-6.2363810539245605,-6.101596832275391,-6.153102874755859,-6.425240993499756,-6.791166305541992,-7.958552360534668,-6.559009075164795,-4.098774433135986,-2.253582000732422,-3.4219789505004883,-4.886231422424316,-5.458300590515137,-5.874050617218018,-6.042306423187256,-6.062087535858154,-6.173306465148926,-6.410689830780029
7.62170934677124,7.918281555175781,8.776509284973145,9.225107192993164,8.675232887268066,7.24525785446167,5.565047740936279,0.6898053884506226,-4.963137626647949,-6.600596904754639,-5.947644233703613,-4.970844268798828,-5.731154918670654,-5.896914958953857,-5.78239107131958,-6.7188215255737305,-7.757070064544678,-7.956456184387207,-6.687873363494873,-5.463642120361328,-5.925825119018555,-6.710370063781738,-6.924931049346924,-7.344788551330566,-7.4819655418396,-6.789453983306885,-6.124151229858398,-6.865175247192383,-7.14418888092041,-6.929478645324707,-7.527469158172607,-7.3474321365356445,-6.8700480461120605,-5.3362250328063965,-3.9169955253601074,-3.796088218688965,-4.2804274559021,-5.1221489906311035,-5.880970478057861,-5.903585910797119,-5.783452033996582,-6.029839515686035,-6.514249324798584
