data/wind_data/wind_66_5.json
{"header": {"parameterUnit": "KT", "parameterCategory": 2, "nx": 256, "ny": 198, "lo1": 44.73521041870117, "la1": -3.236724853515625, "lo2": 111.26478576660156, "la2": 43.468475341796875, "dx": 0.2609002888202667, "dy": -0.23708222806453705, "refTime": "2025-02-21 18:00:00", "forecastTime": 0, "parameterNumber": 2, "parameterNumberName": "eastward_wind"}, "data":
[rows 57 to 75 of 198, columns 0 to 43 of 256]
-6.66426944732666,-7.814053535461426,-8.360662460327148,-8.375295639038086,-7.530795097351074,-7.949611663818359,-8.479089736938477,-9.281392097473145,-10.41030216217041,-11.870948791503906,-13.183541297912598,-13.920851707458496,-13.796628952026367,-13.300968170166016,-13.3948392868042,-13.736495971679688,-13.78171157836914,-12.933854103088379,-12.468692779541016,-14.964166641235352,-18.1131534576416,-17.553258895874023,-14.553447723388672,-14.086215019226074,-15.613078117370605,-16.29742431640625,-16.048261642456055,-15.779765129089355,-15.468522071838379,-15.077987670898438,-14.896892547607422,-14.324660301208496,-13.10838794708252,-11.871182441711426,-11.466959953308105,-11.758432388305664,-11.898056030273438,-11.691505432128906,-11.46696662902832,-11.255108833312988,-10.88189697265625,-10.328400611877441,-9.921072959899902,-9.783180236816406
-5.202479362487793,-6.4579877853393555,-7.124093532562256,-7.2046003341674805,-6.324131011962891,-6.644589424133301,-7.332542419433594,-7.940098285675049,-8.935494422912598,-10.282268524169922,-11.591092109680176,-12.320287704467773,-12.250777244567871,-11.975379943847656,-12.126907348632812,-12.185857772827148,-11.846495628356934,-11.069803237915039,-11.103092193603516,-13.61837100982666,-16.40339469909668,-16.10738182067871,-13.913031578063965,-13.878901481628418,-14.916909217834473,-15.209598541259766,-14.969873428344727,-14.398179054260254,-13.785189628601074,-13.119302749633789,-12.940467834472656,-13.067490577697754,-12.600500106811523,-11.254629135131836,-9.791582107543945,-9.318258285522461,-9.74390697479248,-9.848240852355957,-9.666516304016113,-9.548602104187012,-9.351317405700684,-8.931984901428223,-8.382405281066895,-8.099198341369629
-3.847705602645874,-5.1610846519470215,-5.867830753326416,-6.110167026519775,-5.538454532623291,-5.24289608001709,-6.142715930938721,-6.5690531730651855,-7.286827087402344,-8.56851863861084,-9.877840042114258,-10.62045955657959,-10.625890731811523,-10.517110824584961,-10.622210502624512,-10.614147186279297,-10.206315994262695,-9.514595985412598,-9.75731372833252,-12.013777732849121,-14.5020112991333,-14.506889343261719,-12.866528511047363,-12.910588264465332,-13.745437622070312,-13.845545768737793,-13.484150886535645,-13.024855613708496,-12.458087921142578,-11.603480339050293,-10.76420783996582,-10.48625373840332,-10.611875534057617,-10.312965393066406,-8.997383117675781,-7.586329936981201,-7.529331207275391,-8.052191734313965,-8.066304206848145,-7.913548946380615,-7.875856876373291,-7.723050594329834,-7.324735164642334,-6.844317436218262
-2.610481023788452,-3.9425790309906006,-4.564886569976807,-4.8829145431518555,-4.746649265289307,-4.147618293762207,-4.966370105743408,-5.1906046867370605,-5.481538772583008,-6.487809658050537,-7.8428778648376465,-8.762679100036621,-8.99892520904541,-9.03711986541748,-9.015239715576172,-8.986625671386719,-8.736412048339844,-8.311054229736328,-8.548306465148926,-10.354585647583008,-12.637236595153809,-13.1253080368042,-12.167459487915039,-11.9925537109375,-12.379555702209473,-12.424286842346191,-12.084982872009277,-11.725642204284668,-11.382347106933594,-10.838905334472656,-9.947327613830566,-8.864564895629883,-8.23830509185791,-8.294214248657227,-7.789944648742676,-6.144603252410889,-5.267900466918945,-6.036716938018799,-6.654876232147217,-6.546844482421875,-6.416027545928955,-6.328249931335449,-6.249839782714844,-5.997684001922607
-1.3006963729858398,-2.4519453048706055,-3.1416585445404053,-3.512319326400757,-3.3105971813201904,-3.100593328475952,-3.5992751121520996,-3.750048875808716,-3.7271437644958496,-4.291372776031494,-5.401318073272705,-6.473961353302002,-7.016880035400391,-7.270719051361084,-7.289198398590088,-7.1663336753845215,-7.103309631347656,-7.160678386688232,-7.515846252441406,-8.792052268981934,-10.573860168457031,-11.39931869506836,-11.288036346435547,-11.31716537475586,-11.426039695739746,-11.28633975982666,-11.043164253234863,-10.858396530151367,-10.553078651428223,-10.123801231384277,-9.555245399475098,-8.6047945022583,-7.614567279815674,-7.036780834197998,-6.600190162658691,-5.353641986846924,-3.922057628631592,-4.177095413208008,-5.195638179779053,-5.350348472595215,-5.1917643547058105,-5.021358966827393,-4.831275463104248,-4.8345441818237305
0.28830820322036743,-0.9351958632469177,-1.666864275932312,-2.1071248054504395,-1.3429269790649414,-1.8041390180587769,-2.311359405517578,-2.231794834136963,-2.032144069671631,-2.2563138008117676,-3.006603717803955,-3.88629150390625,-4.479887962341309,-4.95927619934082,-5.3144073486328125,-5.3109846115112305,-5.178121089935303,-5.371250629425049,-6.005713939666748,-7.137562274932861,-8.459161758422852,-9.360453605651855,-9.758716583251953,-10.103738784790039,-10.35694408416748,-10.302172660827637,-10.228882789611816,-10.212967872619629,-9.88951587677002,-9.372665405273438,-8.858206748962402,-8.11684513092041,-7.109872341156006,-6.39938497543335,-6.096311569213867,-5.10856294631958,-3.373009443283081,-2.8803725242614746,-3.7260661125183105,-4.063117027282715,-3.8712363243103027,-3.6976876258850098,-3.438727617263794,-3.4021193981170654
2.413419485092163,2.4936258792877197,0.8031383752822876,-0.2713461220264435,0.36202728748321533,0.3092413544654846,-0.95408034324646,-1.218117117881775,-0.9183184504508972,-0.7262547016143799,-0.9662678837776184,-1.562240719795227,-1.9474213123321533,-2.3417630195617676,-3.0137550830841064,-3.446157693862915,-3.352415084838867,-3.276704788208008,-3.794715642929077,-4.860350131988525,-6.144143104553223,-7.276556968688965,-8.01562786102295,-8.469839096069336,-8.8055419921875,-9.0010986328125,-9.216470718383789,-9.429000854492188,-9.296299934387207,-8.814628601074219,-8.180298805236816,-7.423272609710693,-6.470233917236328,-5.759194374084473,-5.5242743492126465,-4.688051223754883,-2.9611802101135254,-1.8930596113204956,-2.3048009872436523,-2.5984761714935303,-2.3970627784729004,-2.2134151458740234,-2.0141232013702393,-1.9661234617233276
4.973383903503418,4.7898454666137695,3.639725685119629,2.1174893379211426,1.4771788120269775,1.235734224319458,0.7981546521186829,0.4800393879413605,0.09833140671253204,-0.024231579154729843,0.01891259290277958,0.05288741737604141,0.128543421626091,0.0675148069858551,-0.41136547923088074,-1.220798373222351,-1.5978199243545532,-1.419703483581543,-1.5237709283828735,-2.3488287925720215,-3.5703961849212646,-4.877481460571289,-6.054576396942139,-6.878540992736816,-7.216120719909668,-7.347918510437012,-7.738457679748535,-8.296070098876953,-8.544024467468262,-8.355374336242676,-7.831010818481445,-7.008940696716309,-6.114662170410156,-5.558392524719238,-5.264168739318848,-4.370515823364258,-2.721316337585449,-1.495162010192871,-1.2738326787948608,-1.253297209739685,-1.0722888708114624,-0.890181839466095,-0.6376469731330872,-0.5340650677680969
7.055596828460693,8.537590980529785,6.646597862243652,4.663512229919434,3.5929994583129883,3.017672061920166,2.148339033126831,1.8162362575531006,1.5935560464859009,1.180315613746643,0.9322943091392517,1.044148564338684,1.2476741075515747,1.4204710721969604,1.5854684114456177,1.253096580505371,0.47428858280181885,0.0012633359292522073,0.008473681285977364,-0.2332303524017334,-1.110614538192749,-2.3611292839050293,-3.772692918777466,-4.963303089141846,-5.509258270263672,-5.5955915451049805,-5.8450212478637695,-6.519045352935791,-7.224370956420898,-7.508448600769043,-7.23798942565918,-6.40853214263916,-5.5109148025512695,-5.028879642486572,-4.764122009277344,-3.9688024520874023,-2.5275652408599854,-1.3819694519042969,-0.760799765586853,-0.27176690101623535,0.07549078017473221,0.15440167486667633,0.28215742111206055,0.4931478500366211
7.921226501464844,7.974037170410156,6.021984100341797,5.035109043121338,4.696464538574219,4.546109676361084,3.842719793319702,2.962172746658325,2.6045806407928467,2.4905340671539307,1.95650053024292,1.9614980220794678,2.156550645828247,2.3184521198272705,2.342759132385254,2.4790258407592773,2.3793489933013916,1.7733118534088135,1.1941198110580444,0.9984710216522217,0.6442435383796692,-0.2524367868900299,-1.6266604661941528,-3.015704393386841,-3.6311075687408447,-3.6286661624908447,-3.757564067840576,-4.3698883056640625,-5.174986362457275,-5.742146015167236,-5.832640171051025,-5.479066371917725,-4.880760192871094,-4.298625469207764,-3.7476677894592285,-2.912297487258911,-1.8307414054870605,-0.9888877272605896,-0.3962944447994232,0.22958503663539886,0.7925767302513123,0.9981929659843445,0.9738035798072815,1.036036729812622
8.13051986694336,5.9255876541137695,5.1170477867126465,5.172727108001709,5.135006904602051,5.042957305908203,5.015050888061523,4.579465866088867,3.6875956058502197,3.229620933532715,3.005815029144287,2.7923576831817627,3.251281499862671,3.698984384536743,3.424833297729492,3.013155937194824,3.0733587741851807,3.093557357788086,2.720510482788086,2.2769265174865723,1.9175654649734497,1.3097422122955322,0.24765752255916595,-1.2136095762252808,-2.061727523803711,-1.9271658658981323,-1.642257809638977,-2.0011212825775146,-2.8725061416625977,-3.6081745624542236,-3.8991119861602783,-3.8364694118499756,-3.667341947555542,-3.402712345123291,-2.7596566677093506,-1.7501651048660278,-0.7680303454399109,-0.07602234184741974,0.35015201568603516,0.7329704165458679,1.1049346923828125,1.3709226846694946,1.4307628870010376,1.3980687856674194
8.566561698913574,6.209376811981201,5.390854835510254,5.606207370758057,5.041532039642334,5.3581414222717285,5.3020524978637695,4.962888240814209,4.401862621307373,4.049170970916748,4.18200159072876,4.552225112915039,4.643695831298828,4.438352108001709,4.483240604400635,4.331217288970947,3.985846996307373,3.368187189102173,3.3268790245056152,3.5624866485595703,3.2425854206085205,2.809396743774414,2.1639907360076904,0.9821627736091614,-0.1702689379453659,-0.4261462688446045,-0.11285853385925293,0.027227913960814476,-0.4224555790424347,-1.1901824474334717,-1.7848061323165894,-1.965651035308838,-2.016028642654419,-1.9120965003967285,-1.5164519548416138,-0.7783498764038086,0.011026586405932903,0.5506598949432373,0.9874112010002136,1.450079083442688,1.6527125835418701,1.6433842182159424,1.6127240657806396,1.5976845026016235
9.21354866027832,6.288381099700928,5.526033401489258,6.436758518218994,6.477637767791748,5.810911178588867,5.581553936004639,5.122457027435303,5.107365608215332,5.180207252502441,5.6158552169799805,6.148977756500244,6.6675872802734375,6.55391788482666,5.9477620124816895,5.300192832946777,4.5746026039123535,4.434082508087158,4.0153422355651855,3.895467758178711,4.113731861114502,4.144730091094971,3.826038360595703,3.1826090812683105,2.3179104328155518,1.6539479494094849,1.516945719718933,1.7018293142318726,1.6821293830871582,1.2745707035064697,0.7584950923919678,0.2694113254547119,-0.06089315190911293,-0.022096464410424232,0.2252570241689682,0.4713236689567566,0.7473369240760803,1.0619478225708008,1.4865282773971558,1.91506826877594,2.17732310295105,2.1777262687683105,2.1274573802948,2.1084728240966797
9.223817825317383,5.84747314453125,5.541369915008545,7.712172508239746,8.844514846801758,7.430520534515381,6.308079242706299,6.439298152923584,7.0747294425964355,7.562918186187744,7.670685768127441,7.847653388977051,8.099918365478516,8.278403282165527,8.038917541503906,7.564769268035889,6.892683029174805,6.1274261474609375,5.9777750968933105,6.036509990692139,5.949866771697998,5.494780540466309,5.130884170532227,5.029833793640137,4.739073753356934,4.253729820251465,3.7357139587402344,3.5197670459747314,3.5365729331970215,3.371833324432373,3.017327308654785,2.5948190689086914,2.228238821029663,2.0686581134796143,2.200287342071533,2.2933223247528076,2.1409544944763184,2.0772712230682373,2.205315113067627,2.4740405082702637,2.7890706062316895,2.8712363243103027,2.878255844116211,2.9876580238342285
10.991256713867188,8.837119102478027,7.876738548278809,8.72092056274414,9.538311004638672,8.785689353942871,7.73826265335083,7.874958515167236,8.73478889465332,9.581947326660156,9.78726577758789,9.679996490478516,9.69460678100586,9.941825866699219,10.070428848266602,9.696178436279297,9.197346687316895,9.12401008605957,8.956284523010254,8.920796394348145,8.913935661315918,8.859506607055664,8.51187515258789,7.643109321594238,6.756019592285156,6.714694976806641,6.858018398284912,6.3034162521362305,5.854325771331787,5.556387901306152,4.957890033721924,4.4493513107299805,4.1440534591674805,3.940932035446167,3.959224224090576,4.101794242858887,3.9875881671905518,3.745786666870117,3.6351637840270996,3.5952818393707275,3.7163689136505127,3.7351489067077637,3.661879062652588,3.745819091796875
14.24028491973877,15.149401664733887,12.483765602111816,10.145017623901367,9.333175659179688,9.60819149017334,9.397821426391602,9.597296714782715,10.110377311706543,10.599732398986816,10.939871788024902,11.237995147705078,11.312580108642578,11.279706001281738,11.263871192932129,11.286149978637695,11.1076021194458,11.010492324829102,11.206417083740234,10.845216751098633,10.622081756591797,11.05385684967041,10.9387788772583,10.086277961730957,9.645511627197266,9.593390464782715,9.593647956848145,8.704784393310547,7.949690341949463,7.510968208312988,7.118288040161133,6.408142566680908,5.7671799659729,5.522880554199219,5.501893520355225,5.4299635887146,5.391676425933838,5.313528060913086,5.2933149337768555,5.143576145172119,4.989736080169678,4.879421710968018,4.802227020263672,4.690956115722656
16.881860733032227,17.880849838256836,15.735682487487793,12.999067306518555,10.451260566711426,11.289320945739746,11.239953994750977,11.388434410095215,11.648966789245605,11.80517578125,12.344873428344727,12.401249885559082,12.491713523864746,12.810110092163086,13.108784675598145,12.807236671447754,12.341207504272461,12.151368141174316,12.695758819580078,12.59117603302002,11.855911254882812,11.568381309509277,11.959171295166016,12.463486671447754,12.58008098602295,11.758862495422363,10.795021057128906,10.76065731048584,10.601784706115723,9.155757904052734,7.907488822937012,7.772127628326416,7.666138648986816,7.318876266479492,7.084652900695801,6.864668846130371,6.666190147399902,6.572902202606201,6.643876552581787,6.615848541259766,6.492346286773682,6.307432651519775,6.2436747550964355,6.200791835784912
18.860626220703125,18.377588272094727,17.398162841796875,16.686290740966797,13.898194313049316,13.256129264831543,13.365277290344238,13.457866668701172,13.540387153625488,13.432766914367676,13.792414665222168,13.954014778137207,13.884000778198242,13.747981071472168,15.130545616149902,13.90630054473877,12.822100639343262,13.444405555725098,14.191981315612793,13.805331230163574,13.047614097595215,12.53770637512207,12.778497695922852,13.623905181884766,14.29031753540039,14.271382331848145,12.677968978881836,11.053409576416016,10.836243629455566,10.602950096130371,9.732321739196777,8.923789024353027,8.442061424255371,8.411847114562988,8.680337905883789,8.637022972106934,8.242202758789062,7.95390510559082,7.959334850311279,8.015023231506348,7.9781999588012695,7.905557155609131,7.7689208984375,7.705904006958008
19.774866104125977,19.81063461303711,19.49380111694336,19.443124771118164,17.519699096679688,15.692484855651855,15.243742942810059,15.390714645385742,15.504995346069336,15.652754783630371,16.1551456451416,16.177202224731445,15.819430351257324,15.068081855773926,15.075814247131348,14.596014022827148,14.93198299407959,15.405927658081055,15.539759635925293,14.955472946166992,14.077900886535645,13.442206382751465,13.551220893859863,13.703585624694824,13.81002426147461,13.12632942199707,12.58466911315918,11.28941535949707,10.621928215026855,10.941715240478516,10.974143981933594,10.802046775817871,10.496696472167969,9.987072944641113,9.714914321899414,9.990313529968262,10.179228782653809,9.936441421508789,9.560206413269043,9.345758438110352,9.304454803466797,9.336050033569336,9.355386734008789,9.365497589111328
