data/wind_data/wind_50_9.json
{"header": {"parameterUnit": "KT", "parameterCategory": 2, "nx": 256, "ny": 198, "lo1": 44.73521041870117, "la1": -3.236724853515625, "lo2": 111.26478576660156, "la2": 43.468475341796875, "dx": 0.2609002888202667, "dy": -0.23708222806453705, "refTime": "2025-02-21 02:00:00", "forecastTime": 0, "parameterNumber": 2, "parameterNumberName": "eastward_wind"}, "data":
[rows 19 to 37 of 198, columns 44 to 87 of 256]
18.110668182373047,17.73164176940918,17.305517196655273,17.900327682495117,17.714736938476562,17.451616287231445,18.392719268798828,19.534221649169922,20.345733642578125,21.02100372314453,21.274059295654297,21.493141174316406,21.927934646606445,21.92035675048828,21.244735717773438,20.1531925201416,19.712533950805664,20.00984764099121,21.12099266052246,22.3419132232666,22.752714157104492,22.374618530273438,22.05719757080078,22.95287322998047,24.65800666809082,25.352922439575195,24.687196731567383,23.558263778686523,23.48325538635254,23.771867752075195,23.953765869140625,22.672895431518555,20.452205657958984,18.915306091308594,18.530973434448242,18.989009857177734,20.052316665649414,20.549684524536133,20.40641212463379,20.293439865112305,19.98990249633789,19.74198341369629,19.6529598236084,19.6265869140625
17.04506492614746,17.309892654418945,16.386444091796875,17.238548278808594,17.80503273010254,17.23178482055664,17.40165138244629,18.55733871459961,19.626331329345703,20.360763549804688,20.572738647460938,20.863147735595703,21.341644287109375,21.576688766479492,21.153892517089844,19.92402458190918,19.10148048400879,18.837486267089844,19.702390670776367,20.832841873168945,21.70042610168457,21.914907455444336,21.6596622467041,22.29002571105957,23.84193229675293,24.55601692199707,23.855405807495117,22.36332130432129,21.877676010131836,21.937910079956055,22.364503860473633,22.56084632873535,21.741683959960938,20.234525680541992,19.576663970947266,19.714826583862305,20.866317749023438,21.881948471069336,21.76939582824707,21.24530029296875,20.594629287719727,20.549131393432617,20.819122314453125,20.87921905517578
15.993104934692383,16.61886978149414,15.960249900817871,17.131866455078125,18.6129207611084,18.06802749633789,17.48093032836914,18.123004913330078,18.98282241821289,19.7758731842041,20.05373191833496,20.059831619262695,20.171960830688477,20.75283432006836,20.942800521850586,20.12283706665039,19.03584861755371,18.372392654418945,18.927858352661133,20.045316696166992,21.230241775512695,21.780223846435547,21.77522087097168,22.244848251342773,23.239822387695312,23.399717330932617,23.231815338134766,22.105714797973633,21.231325149536133,21.01520347595215,21.485454559326172,22.146583557128906,22.352785110473633,21.773330688476562,20.85116958618164,20.19056510925293,20.601940155029297,21.70757484436035,22.27731704711914,22.1109676361084,21.545827865600586,21.545673370361328,22.026023864746094,22.053333282470703
16.032241821289062,16.740631103515625,16.06835174560547,16.746414184570312,19.037586212158203,18.914079666137695,17.84650230407715,17.88800811767578,18.640647888183594,19.271211624145508,19.501150131225586,19.411876678466797,19.27004623413086,19.547574996948242,19.95308494567871,19.775348663330078,18.814252853393555,18.15216827392578,18.48824691772461,19.589845657348633,20.826515197753906,21.650653839111328,22.17997932434082,22.344816207885742,22.548154830932617,22.685436248779297,22.695730209350586,22.20229148864746,21.992809295654297,21.738101959228516,21.834102630615234,21.669857025146484,21.667232513427734,22.08560562133789,21.860883712768555,20.92632484436035,20.234352111816406,20.622228622436523,21.605533599853516,22.083110809326172,22.037887573242188,22.154333114624023,22.65911102294922,22.788137435913086
16.373546600341797,17.802038192749023,16.72850799560547,16.23139190673828,18.304920196533203,18.996437072753906,17.647438049316406,17.24900245666504,18.164880752563477,18.970542907714844,19.173259735107422,19.01101303100586,18.614952087402344,18.477298736572266,18.6147403717041,18.708372116088867,18.359683990478516,17.99910545349121,18.190597534179688,18.87206268310547,19.748327255249023,20.719240188598633,21.77016258239746,22.34992790222168,22.216644287109375,21.985925674438477,21.96661376953125,22.394880294799805,22.355976104736328,22.262434005737305,22.41037368774414,21.685319900512695,21.23253631591797,21.865087509155273,22.288259506225586,21.779699325561523,20.717403411865234,20.241973876953125,20.58915901184082,21.218698501586914,21.736055374145508,22.249238967895508,22.829971313476562,23.20635986328125
16.31157112121582,17.68415069580078,17.062915802001953,16.3563289642334,17.477758407592773,18.32037353515625,17.207883834838867,16.40009117126465,17.064697265625,18.279348373413086,18.727914810180664,18.655351638793945,18.483989715576172,18.05550765991211,17.774152755737305,17.758258819580078,17.70475959777832,17.95831871032715,17.993501663208008,18.089548110961914,18.52513885498047,19.33331871032715,20.493492126464844,21.58660125732422,21.95958137512207,21.749540328979492,21.630149841308594,22.098133087158203,22.401044845581055,22.547449111938477,22.216777801513672,21.550228118896484,21.385623931884766,21.7791748046875,22.127338409423828,21.997835159301758,21.07512092590332,20.144750595092773,19.817419052124023,20.14925193786621,21.115407943725586,22.370681762695312,23.24846839904785,23.604679107666016
17.23825454711914,17.939376831054688,16.579893112182617,16.742076873779297,17.596193313598633,17.61614227294922,16.63680648803711,15.473313331604004,15.626330375671387,16.80974578857422,17.718643188476562,17.924957275390625,18.174314498901367,18.16656494140625,17.663869857788086,17.262229919433594,17.126359939575195,17.595260620117188,17.92918586730957,17.976160049438477,18.030427932739258,18.248340606689453,18.83976936340332,20.17510223388672,21.177095413208008,21.488862991333008,21.471269607543945,21.476181030273438,21.854190826416016,22.087173461914062,21.927738189697266,21.798200607299805,21.642013549804688,21.474414825439453,21.674701690673828,21.836870193481445,21.367624282836914,20.465965270996094,19.64326286315918,19.56627655029297,20.46660614013672,21.86683464050293,22.987407684326172,23.383607864379883
16.70148468017578,18.076913833618164,17.709707260131836,17.596590042114258,17.839244842529297,17.336711883544922,15.960213661193848,14.910914421081543,14.691243171691895,15.320879936218262,16.231918334960938,16.809314727783203,17.436546325683594,18.03777503967285,17.61809730529785,17.00879669189453,16.916025161743164,17.16883659362793,17.717405319213867,18.230466842651367,18.33211898803711,18.111000061035156,18.04532814025879,18.70372200012207,19.631498336791992,20.32955551147461,20.804166793823242,20.92927360534668,21.199617385864258,21.71360206604004,22.260915756225586,22.501630783081055,22.187849044799805,21.537498474121094,21.35079574584961,21.642749786376953,21.80631446838379,21.290498733520508,20.33014488220215,19.837764739990234,20.133312225341797,20.76445960998535,21.432701110839844,21.973859786987305
17.720233917236328,18.762357711791992,18.01849937438965,17.766862869262695,17.42837905883789,17.36579704284668,15.52819538116455,14.756616592407227,14.605531692504883,14.882761001586914,15.10451602935791,15.71041488647461,16.40399169921875,17.290586471557617,17.164697647094727,16.699382781982422,16.744876861572266,16.972537994384766,17.423276901245117,18.188108444213867,18.83930015563965,18.94158172607422,18.700166702270508,18.300052642822266,18.365877151489258,18.88380241394043,19.83029556274414,20.587982177734375,21.110637664794922,21.905916213989258,22.831241607666016,23.308809280395508,23.09394645690918,22.367921829223633,21.69162368774414,21.54378890991211,21.769451141357422,21.752260208129883,21.26988410949707,20.773332595825195,20.575807571411133,20.387470245361328,20.201627731323242,20.453166961669922
18.583721160888672,18.592514038085938,17.888036727905273,17.889432907104492,17.691669464111328,16.335264205932617,14.470057487487793,14.909429550170898,14.662810325622559,14.888148307800293,14.622987747192383,15.034191131591797,15.617721557617188,16.205350875854492,16.529626846313477,16.578170776367188,16.64249610900879,16.70917510986328,17.12725257873535,17.95207405090332,18.905590057373047,19.613235473632812,19.777917861938477,19.2011775970459,18.585168838500977,18.510704040527344,19.07975196838379,20.0882511138916,21.09201431274414,22.344852447509766,23.622888565063477,24.29507827758789,24.168197631835938,23.40074348449707,22.222896575927734,21.28070831298828,21.11676597595215,21.426069259643555,21.628314971923828,21.598209381103516,21.39725685119629,20.846084594726562,20.099403381347656,19.711286544799805
18.754037857055664,18.425731658935547,18.45652198791504,17.726133346557617,18.138349533081055,15.103322982788086,14.004585266113281,14.874464988708496,14.578503608703613,14.660001754760742,14.459819793701172,14.874695777893066,15.938497543334961,16.07727813720703,16.361787796020508,16.533449172973633,16.55896759033203,16.455490112304688,16.884309768676758,17.45583724975586,18.337697982788086,19.387388229370117,20.308034896850586,20.494232177734375,19.776731491088867,19.160619735717773,19.004674911499023,19.743186950683594,20.883174896240234,22.413415908813477,24.034509658813477,24.974458694458008,24.84794807434082,23.894332885742188,22.374923706054688,20.935598373413086,20.23323631286621,20.33036994934082,20.97791862487793,21.624189376831055,21.847496032714844,21.42545509338379,20.43642234802246,19.461275100708008
19.096323013305664,18.747129440307617,18.42302131652832,17.38669776916504,16.14577865600586,14.994043350219727,15.023366928100586,14.437707901000977,14.784668922424316,15.256634712219238,14.61942195892334,15.060141563415527,16.512483596801758,16.699071884155273,16.737751007080078,16.49627113342285,16.536415100097656,16.564123153686523,16.672348022460938,16.909650802612305,17.39884376525879,18.339920043945312,19.838741302490234,21.080278396606445,20.640146255493164,19.727624893188477,19.095666885375977,19.601585388183594,20.760513305664062,22.106666564941406,23.505224227905273,24.450288772583008,24.53389549255371,23.777559280395508,22.420156478881836,20.885543823242188,19.675777435302734,19.196165084838867,19.74625015258789,20.862503051757812,21.681533813476562,21.644014358520508,20.763534545898438,19.47626304626465
19.57776641845703,19.31561279296875,18.234315872192383,17.567983627319336,16.653432846069336,15.23745059967041,14.20772647857666,14.737224578857422,14.834653854370117,15.17233657836914,15.14133071899414,15.930976867675781,17.07346534729004,16.95505142211914,16.962158203125,17.011137008666992,16.860937118530273,16.795846939086914,16.593830108642578,16.592575073242188,16.797876358032227,17.213233947753906,18.446361541748047,20.36948013305664,20.63184356689453,19.729219436645508,18.983783721923828,19.316530227661133,20.450937271118164,21.37211036682129,22.247106552124023,23.083389282226562,23.51266098022461,23.322538375854492,22.438596725463867,21.052316665649414,19.612186431884766,18.657987594604492,18.699357986450195,19.631887435913086,20.779518127441406,21.257400512695312,20.723073959350586,19.548904418945312
20.32256317138672,20.462732315063477,19.455339431762695,17.690887451171875,16.57561492919922,15.876492500305176,14.404297828674316,14.692331314086914,14.779681205749512,15.850770950317383,15.667829513549805,16.197202682495117,17.120426177978516,17.146148681640625,17.349559783935547,17.29983901977539,17.122705459594727,16.822952270507812,16.678321838378906,16.689199447631836,16.609567642211914,16.92940330505371,17.262056350708008,18.763948440551758,19.64739227294922,19.051794052124023,18.71090316772461,19.04817008972168,19.91448402404785,20.35568618774414,20.76312828063965,21.546960830688477,22.290437698364258,22.58199119567871,22.14617156982422,21.0830078125,19.74574089050293,18.574663162231445,18.02631187438965,18.41059112548828,19.432273864746094,20.236331939697266,20.17363739013672,19.385385513305664
21.040021896362305,20.942106246948242,20.526277542114258,18.97877311706543,17.152400970458984,16.146394729614258,14.93185806274414,14.39572525024414,15.199729919433594,15.708085060119629,15.59461784362793,16.66469955444336,17.350069046020508,17.531564712524414,17.55118751525879,17.623868942260742,17.026357650756836,16.77820587158203,16.802541732788086,16.75259017944336,16.149566650390625,16.648651123046875,16.870830535888672,17.533964157104492,18.55772590637207,18.185985565185547,17.966766357421875,18.44643211364746,19.137500762939453,19.42926788330078,19.66860580444336,20.25285530090332,20.9193172454834,21.40578269958496,21.434778213500977,20.883190155029297,19.82440757751465,18.62717628479004,17.769393920898438,17.617177963256836,18.233867645263672,19.025115966796875,19.31199836730957,18.979331970214844
21.6027774810791,20.8541202545166,20.50600814819336,19.76078224182129,18.22016716003418,16.502206802368164,15.383259773254395,14.97420883178711,15.218313217163086,15.208017349243164,16.01068687438965,17.24595832824707,17.616687774658203,17.798416137695312,17.847084045410156,17.573348999023438,17.185073852539062,17.033517837524414,16.801280975341797,16.583049774169922,15.781791687011719,15.683329582214355,16.124378204345703,16.862775802612305,17.724262237548828,17.45104217529297,17.08568000793457,17.434585571289062,18.143659591674805,18.545360565185547,18.82839584350586,19.14850616455078,19.602264404296875,20.102840423583984,20.42681884765625,20.33087921142578,19.636268615722656,18.640113830566406,17.83193588256836,17.448545455932617,17.690120697021484,18.24896240234375,18.700471878051758,18.786928176879883
21.572704315185547,20.711429595947266,20.357608795166016,19.54364585876465,18.263917922973633,16.811155319213867,15.855238914489746,15.41093921661377,15.324256896972656,15.805310249328613,16.751914978027344,17.41527557373047,17.891462326049805,18.05072784423828,17.807510375976562,17.456405639648438,17.18479347229004,17.048442840576172,16.632535934448242,16.01948356628418,15.250632286071777,15.302818298339844,15.138815879821777,15.878236770629883,16.996828079223633,16.58075714111328,16.161190032958984,16.48832130432129,17.24382972717285,17.61135482788086,17.821598052978516,18.053319931030273,18.447526931762695,19.01679039001465,19.415983200073242,19.48093032836914,19.15253448486328,18.552854537963867,18.056392669677734,17.660669326782227,17.61098289489746,17.94163703918457,18.50186538696289,18.958967208862305
21.088603973388672,20.389022827148438,19.994182586669922,19.121538162231445,17.831003189086914,16.636857986450195,15.905329704284668,15.56089973449707,15.714378356933594,16.48770523071289,17.35922622680664,17.848350524902344,18.179325103759766,17.802433013916016,17.275104522705078,16.850486755371094,16.838943481445312,16.87826156616211,16.508007049560547,15.516053199768066,14.97122859954834,14.1246337890625,14.010119438171387,15.142972946166992,15.675786018371582,15.436138153076172,15.448869705200195,15.90335750579834,16.348278045654297,16.4062442779541,16.554140090942383,16.988468170166016,17.555233001708984,18.121091842651367,18.630342483520508,18.72748374938965,18.61646842956543,18.383358001708984,18.157329559326172,17.865375518798828,17.672454833984375,17.78679084777832,18.26148223876953,18.808853149414062
20.291553497314453,19.839672088623047,19.256681442260742,18.485139846801758,17.486021041870117,16.431062698364258,15.659232139587402,15.434100151062012,15.92193603515625,16.846317291259766,17.787822723388672,18.268211364746094,18.217432022094727,17.717098236083984,16.860620498657227,15.981164932250977,15.77527141571045,16.15390396118164,15.988349914550781,15.151274681091309,14.43946647644043,13.62278938293457,13.655416488647461,14.248229026794434,14.05177116394043,14.238103866577148,14.590153694152832,15.102030754089355,15.32735538482666,15.318307876586914,15.725560188293457,16.260648727416992,16.79896354675293,17.335752487182617,17.75808334350586,18.10262107849121,18.269695281982422,18.2105770111084,18.095561981201172,17.8895263671875,17.743797302246094,17.78447151184082,17.95606803894043,18.159364700317383
