data/wind_data/wind_35_1.json
{"header": {"parameterUnit": "KT", "parameterCategory": 2, "nx": 256, "ny": 198, "lo1": 44.73521041870117, "la1": -3.236724853515625, "lo2": 111.26478576660156, "la2": 43.468475341796875, "dx": 0.2609002888202667, "dy": -0.23708222806453705, "refTime": "2025-02-20 11:00:00", "forecastTime": 0, "parameterNumber": 2, "parameterNumberName": "eastward_wind"}, "data":
[rows 76 to 94 of 198, columns 0 to 42 of 256]
15.597475051879883,14.659632682800293,8.283576011657715,-1.6018046140670776,0.3143634796142578,-2.78933048248291,-1.6342289447784424,0.1428389549255371,2.5131685733795166,3.6289238929748535,4.636033058166504,5.820682525634766,5.0488362312316895,3.363737106323242,1.0362772941589355,2.025595188140869,-1.9824718236923218,-1.8442555665969849,-1.6132293939590454,-6.1554436683654785,-3.7098958492279053,-7.725545883178711,-3.2103521823883057,-2.8639535903930664,-3.662137746810913,-7.2965779304504395,-9.989094734191895,-7.558201789855957,-10.41023063659668,-7.278510093688965,-5.751579761505127,-0.3314054310321808,2.969844102859497,3.5800840854644775,3.676844835281372,3.5820069313049316,2.537614583969116,2.7123377323150635,3.6433587074279785,4.4546356201171875,4.644883632659912,4.245654582977295,3.4992263317108154
18.091737747192383,14.507030487060547,6.260169982910156,-4.252051830291748,1.131929874420166,-4.34248685836792,0.8940131068229675,0.19167473912239075,3.09614896774292,3.9913082122802734,4.654658794403076,6.3422064781188965,6.240949630737305,2.9945144653320312,1.4043513536453247,2.062715768814087,-0.9865620732307434,-0.8470302224159241,-1.0963082313537598,-4.585174083709717,-3.945617437362671,-5.61171293258667,-4.313601970672607,-3.8350305557250977,-5.129307270050049,-6.193602561950684,-7.873276233673096,-5.175217151641846,-7.801785945892334,-2.5480337142944336,-1.9232085943222046,1.3166598081588745,2.738429069519043,0.5175948739051819,3.5835604667663574,5.555800914764404,5.555795669555664,3.1531805992126465,3.9867725372314453,5.724067211151123,6.489267826080322,5.544085502624512,4.337328910827637
14.909225463867188,10.870070457458496,2.6681504249572754,-4.757992267608643,-2.9623138904571533,-2.1256144046783447,-0.775160551071167,1.4403929710388184,3.418910026550293,5.047924041748047,5.439233303070068,6.320248603820801,7.03535795211792,4.219529151916504,2.153031587600708,2.8809313774108887,0.8957422375679016,0.5439642071723938,0.2503926753997803,-2.4862000942230225,-2.298495292663574,-3.391195774078369,-4.566385746002197,-3.903169870376587,-5.363930702209473,-3.6500515937805176,-4.54990816116333,-1.6242693662643433,-3.5487260818481445,1.213120937347412,1.8795796632766724,2.4919114112854004,1.1295751333236694,-0.7820608019828796,1.9256455898284912,3.9550559520721436,-0.5508741736412048,-0.4781832695007324,3.837602138519287,7.601109981536865,9.83691692352295,7.693805694580078,5.0521368980407715
13.071221351623535,8.043902397155762,1.9921454191207886,-4.427248954772949,-2.9212448596954346,-2.9950788021087646,0.5842297673225403,2.9622416496276855,3.500567674636841,5.940098762512207,6.907418251037598,6.626376628875732,6.862409591674805,4.622676372528076,3.394239664077759,3.516055107116699,2.242452621459961,1.8419007062911987,1.8303457498550415,-0.7196018099784851,-0.07464644312858582,-1.7540807723999023,-3.4400718212127686,-2.7078449726104736,-3.8960578441619873,-1.3395789861679077,-1.107214331626892,1.2710965871810913,0.19838686287403107,3.809476852416992,3.6995222568511963,3.378894805908203,1.2471033334732056,-0.22395488619804382,-0.5086114406585693,-0.2184910625219345,-2.388076066970825,1.7624423503875732,1.9278476238250732,4.395669460296631,5.630753993988037,6.94256067276001,4.467701435089111
11.984272956848145,6.61362886428833,2.2511277198791504,-3.334707498550415,-1.2105817794799805,-2.2181339263916016,0.7888259291648865,3.8969430923461914,4.280254364013672,5.468044757843018,7.5724310874938965,7.458844184875488,6.768301010131836,3.809645414352417,3.4484543800354004,3.859606981277466,3.105701446533203,1.9691880941390991,2.7332072257995605,0.03229054436087608,1.3695087432861328,-0.1379411220550537,-1.703201174736023,-0.8315333127975464,-0.4317502975463867,1.4677622318267822,1.4076461791992188,3.0166165828704834,2.0964441299438477,4.643873691558838,4.308262825012207,4.597421646118164,1.8541282415390015,1.312118649482727,-0.45441734790802,-1.9804753065109253,-3.220065116882324,2.3842387199401855,2.0254008769989014,1.7927571535110474,-0.2923978865146637,0.9987662434577942,1.3765665292739868
11.775895118713379,5.122745513916016,1.2062437534332275,-2.2392983436584473,0.7121738791465759,-1.1332125663757324,0.8786187767982483,3.3089396953582764,5.222929954528809,5.790032386779785,7.530937194824219,7.36884069442749,6.599739074707031,3.856870651245117,3.026973009109497,3.5540599822998047,2.9063377380371094,1.4862422943115234,2.8202786445617676,0.3021210730075836,2.508737564086914,1.6322237253189087,0.637365460395813,1.25715172290802,2.4950850009918213,3.4266409873962402,2.4305574893951416,2.603483200073242,1.5226471424102783,4.127601623535156,4.458439826965332,5.580953121185303,1.9301398992538452,2.0137579441070557,0.5685430765151978,-1.514949083328247,-2.0573933124542236,2.579599380493164,4.253900527954102,-0.9760110974311829,-5.563230991363525,-6.285747051239014,-3.0365660190582275
11.385570526123047,3.3838343620300293,0.06541402637958527,-0.36562809348106384,1.8583104610443115,0.859589159488678,2.534986972808838,3.118166208267212,5.407995700836182,6.318249702453613,7.362731456756592,8.209197998046875,6.148486614227295,4.351999759674072,2.160069227218628,4.276496410369873,1.8313264846801758,1.4880350828170776,2.995389699935913,0.8533420562744141,2.5169458389282227,2.8610987663269043,2.7877678871154785,2.7384729385375977,4.695759296417236,4.984917163848877,3.150404453277588,3.0459742546081543,1.9481821060180664,3.9937093257904053,3.95798921585083,5.9906439781188965,1.380975604057312,2.4547557830810547,1.0722099542617798,-1.0396595001220703,-0.46124204993247986,2.4766318798065186,7.108670234680176,-5.086658477783203,-10.099714279174805,-8.53544807434082,-1.2467154264450073
6.3580322265625,1.5366309881210327,-0.019492000341415405,0.93150794506073,3.8961727619171143,2.6000568866729736,3.148267984390259,3.7802419662475586,4.593433856964111,6.848339557647705,6.93096923828125,9.288021087646484,4.9605536460876465,4.502334117889404,2.8146350383758545,2.589219093322754,2.2621326446533203,1.133018136024475,2.9996023178100586,1.5118763446807861,2.0918116569519043,3.333601713180542,4.135589599609375,4.016457557678223,5.089386463165283,4.963616371154785,3.293403148651123,3.5415289402008057,2.4367825984954834,3.9740500450134277,3.4853382110595703,5.34423828125,1.4695338010787964,2.2405381202697754,1.2430365085601807,-0.9517009258270264,0.4176766574382782,2.6577985286712646,6.926516056060791,-9.082935333251953,-11.490321159362793,-8.210196495056152,-1.0037314891815186
-0.14317241311073303,-0.264518678188324,0.5047802329063416,2.415508508682251,4.772921085357666,4.732021331787109,3.4121129512786865,4.701409339904785,4.502647399902344,6.7920308113098145,6.913464546203613,9.232090950012207,5.040536403656006,3.9175524711608887,3.1988441944122314,1.2250515222549438,2.061100721359253,2.6600990295410156,2.067532777786255,2.129474639892578,1.7264665365219116,2.9742472171783447,4.586129665374756,4.515570640563965,4.366340160369873,5.090987682342529,2.8802616596221924,2.9208288192749023,3.5608623027801514,4.118373394012451,3.474094867706299,4.32853364944458,1.321606159210205,2.2253682613372803,1.027524709701538,-0.5485791563987732,0.40190181136131287,1.1512362957000732,3.4552719593048096,-10.17310619354248,-9.86516284942627,-6.835642337799072,-1.3382481336593628
1.0081450939178467,1.1311317682266235,2.953319549560547,4.433681488037109,6.025738716125488,6.160058975219727,5.351545333862305,4.756945610046387,4.797389507293701,6.303661346435547,7.378997802734375,8.664971351623535,6.201122283935547,4.701473712921143,3.683854341506958,2.1536033153533936,2.3694117069244385,2.7282609939575195,3.685401678085327,3.3012518882751465,2.6711268424987793,3.3052074909210205,3.631175994873047,5.229824542999268,3.6635892391204834,4.272839069366455,3.1782612800598145,2.9596283435821533,2.5607643127441406,3.755056858062744,3.672008991241455,3.1674160957336426,2.520338296890259,1.3931759595870972,1.5559561252593994,-0.28602707386016846,0.32892391085624695,0.23223523795604706,0.3516809046268463,-7.3054938316345215,-7.946993350982666,-5.1735148429870605,-1.9964470863342285
5.990432262420654,4.650606155395508,6.605068683624268,6.673742771148682,6.2889323234558105,6.968944549560547,3.8543498516082764,4.081612586975098,4.306626319885254,6.159468650817871,7.526978015899658,8.518563270568848,7.184537887573242,5.6935038566589355,5.215996742248535,4.2862725257873535,4.046977519989014,3.561915636062622,4.372462272644043,4.806203365325928,4.456030368804932,4.802311897277832,3.9445247650146484,5.197378635406494,4.003214359283447,3.8270187377929688,2.046583890914917,3.0608808994293213,1.827610731124878,2.2669408321380615,3.292868137359619,1.7057236433029175,3.6731770038604736,0.6361563801765442,1.1216672658920288,-0.6025657653808594,0.23302829265594482,-0.29693910479545593,-1.4560699462890625,-4.040228366851807,-6.488852500915527,-3.279855489730835,-2.420647144317627
7.892341613769531,8.401315689086914,8.933871269226074,8.371308326721191,8.385886192321777,6.191981315612793,3.357173442840576,2.872206926345825,3.1630094051361084,5.502922058105469,7.332975387573242,7.886315822601318,7.526028633117676,6.298224925994873,6.207433700561523,6.029548168182373,5.592983722686768,5.368273735046387,5.164433002471924,5.663083553314209,5.745178699493408,5.953269958496094,5.505517482757568,5.342464447021484,5.128055572509766,3.2911593914031982,2.6450533866882324,2.555880546569824,0.885312020778656,1.404955506324768,2.1873514652252197,0.5442347526550293,2.673949956893921,0.16960430145263672,-0.038047343492507935,-0.7317209839820862,-1.3191094398498535,-0.22475489974021912,-1.9599971771240234,-2.4477901458740234,-5.071311950683594,-2.194124221801758,-2.8566195964813232
8.22254467010498,9.423519134521484,9.903372764587402,9.349947929382324,11.571805000305176,5.933780193328857,2.6163876056671143,2.3882272243499756,2.8323686122894287,4.408471584320068,6.844535827636719,7.229808807373047,7.244816303253174,6.514556884765625,6.585648059844971,6.714644908905029,6.985291481018066,6.793930530548096,7.00059175491333,6.6869096755981445,6.727804660797119,6.342792510986328,6.337980270385742,5.57813835144043,6.1853437423706055,3.5933890342712402,3.5818371772766113,1.8304443359375,2.395604372024536,0.20748557150363922,1.5313231945037842,-0.08544721454381943,1.5022213459014893,-0.3013305366039276,-0.5217294096946716,-2.353799343109131,-0.6664730310440063,-1.9823087453842163,-0.6896768808364868,-2.5260262489318848,-3.1366090774536133,-2.0489745140075684,-2.7255492210388184
8.006230354309082,9.084769248962402,9.19012451171875,8.940122604370117,8.271647453308105,6.871152400970459,0.47729527950286865,2.3929781913757324,1.0424426794052124,3.7231285572052,5.16693115234375,7.029399394989014,7.272719860076904,6.987711429595947,7.087375164031982,7.639731407165527,8.434178352355957,8.776840209960938,8.801777839660645,8.216689109802246,7.460790634155273,6.36977481842041,6.2123565673828125,5.523662090301514,6.210865020751953,4.48345422744751,4.230692386627197,2.6325488090515137,2.8966100215911865,2.1847009658813477,1.0027540922164917,0.5755535364151001,0.9100115299224854,0.12816834449768066,0.17347091436386108,-3.2271924018859863,-0.8424320816993713,-1.8612064123153687,-0.6686829328536987,-1.9694881439208984,-2.0081608295440674,-1.954281210899353,-2.4327709674835205
7.476471900939941,8.215082168579102,7.4290337562561035,6.882471084594727,4.300929546356201,3.2134971618652344,2.6563704013824463,2.716080665588379,2.4353678226470947,3.409871816635132,4.46494722366333,6.2529730796813965,6.5338850021362305,6.998387336730957,8.060603141784668,9.01053524017334,9.934630393981934,10.405867576599121,9.966604232788086,9.034969329833984,7.630948543548584,6.130867958068848,5.571480751037598,5.1872968673706055,5.524394989013672,4.880826473236084,4.632710933685303,3.772174596786499,3.6169426441192627,3.7530057430267334,3.446636199951172,2.4131693840026855,2.053513288497925,1.131471872329712,1.9607032537460327,-2.1883933544158936,-0.12865257263183594,-2.7909576892852783,0.06177079677581787,-1.4122681617736816,-1.2174900770187378,-1.383165717124939,-2.2296104431152344
7.812218189239502,6.986011981964111,6.0658087730407715,6.371912956237793,3.6965720653533936,3.9375710487365723,4.047662734985352,3.6349551677703857,3.3443479537963867,3.462468385696411,3.6521213054656982,4.769266128540039,5.630183696746826,7.300624370574951,8.826436996459961,9.694731712341309,10.58745288848877,10.949357032775879,10.23910903930664,8.696528434753418,7.084240436553955,5.240785598754883,5.05154275894165,4.433988571166992,4.77238130569458,4.5147528648376465,4.827393531799316,4.205936431884766,5.03842306137085,4.374093532562256,5.984187126159668,4.726476669311523,3.885685920715332,2.6685333251953125,3.0930726528167725,-0.17657147347927094,0.9407562017440796,-2.0524022579193115,-0.06889579445123672,-0.9438101053237915,-0.4097529947757721,-0.8638467192649841,-1.5049974918365479
8.802056312561035,6.115227222442627,4.9711384773254395,5.767315864562988,8.449263572692871,0.45351555943489075,3.6121346950531006,1.6365180015563965,4.00435209274292,3.045034646987915,3.312898874282837,3.391400098800659,4.772771835327148,7.217057228088379,8.640276908874512,9.200614929199219,9.968035697937012,10.113102912902832,8.948027610778809,7.012032508850098,5.903225421905518,4.4033050537109375,4.193090915679932,3.608250856399536,4.031116485595703,3.8385438919067383,4.6800384521484375,4.487924575805664,5.723386764526367,5.749621391296387,6.405962944030762,6.986019134521484,5.054227828979492,3.8649508953094482,3.638650894165039,0.9122090339660645,1.6760214567184448,0.6930869221687317,-0.6317828893661499,-0.1316474825143814,-0.3067494332790375,0.1330588161945343,-1.2206168174743652
9.282374382019043,7.045424938201904,5.412649154663086,7.466246128082275,4.51646089553833,5.7744927406311035,4.472456932067871,2.5922179222106934,3.8290798664093018,2.8492228984832764,2.600114345550537,1.7411596775054932,3.3729288578033447,5.448391914367676,6.835635662078857,7.658222198486328,7.94178581237793,7.350841045379639,6.4240031242370605,4.9426069259643555,4.254030704498291,3.2635717391967773,3.3112599849700928,2.647883415222168,3.4136393070220947,3.5859897136688232,4.564751625061035,5.042990207672119,5.70250129699707,6.745458126068115,6.558765411376953,7.472433090209961,6.566492557525635,4.481883525848389,3.733670473098755,1.9507811069488525,1.4007362127304077,3.701672077178955,-1.569372534751892,0.17943677306175232,0.4317034184932709,-0.4962387979030609,0.15046657621860504
9.64503288269043,9.114147186279297,7.337315559387207,8.341835975646973,6.406983375549316,8.437085151672363,4.766712188720703,3.564491033554077,2.1166021823883057,3.1933085918426514,1.4175043106079102,1.3313616514205933,1.2910335063934326,3.037855625152588,4.257994174957275,5.191328525543213,5.693977355957031,5.4559712409973145,4.226937294006348,2.5530247688293457,2.434494733810425,2.060410499572754,2.3257365226745605,1.7980636358261108,3.0134353637695312,3.764158248901367,4.640381813049316,5.364086627960205,5.6654582023620605,6.7030930519104,6.800617218017578,7.17738676071167,7.535772323608398,5.267188549041748,3.8127548694610596,2.779057502746582,1.4867753982543945,4.040439605712891,-0.5728659629821777,0.4488059878349304,0.152157723903656,0.34974220395088196,-0.09008827060461044
