data/wind_data/wind_68_5.json
{"header": {"parameterUnit": "KT", "parameterCategory": 2, "nx": 256, "ny": 198, "lo1": 44.73521041870117, "la1": -3.236724853515625, "lo2": 111.26478576660156, "la2": 43.468475341796875, "dx": 0.2609002888202667, "dy": -0.23708222806453705, "refTime": "2025-02-21 20:00:00", "forecastTime": 0, "parameterNumber": 2, "parameterNumberName": "eastward_wind"}, "data":
[rows 133 to 151 of 198, columns 132 to 175 of 256]
31.11423110961914,32.51380157470703,35.412235260009766,37.9163818359375,40.67951965332031,44.254539489746094,48.652889251708984,50.71063995361328,46.6528205871582,38.72719192504883,34.364524841308594,34.55974197387695,37.54391098022461,38.085540771484375,36.097476959228516,35.683448791503906,37.09358596801758,38.972084045410156,40.24753952026367,41.23952865600586,42.02928161621094,42.46146011352539,43.118717193603516,43.31416320800781,42.31971740722656,42.13040542602539,43.20521926879883,43.465354919433594,42.85481262207031,42.63542556762695,42.50775146484375,42.00284957885742,41.16548156738281,41.269432067871094,42.76652908325195,44.36907958984375,45.121673583984375,45.11123275756836,45.16304016113281,45.67942810058594,45.572444915771484,44.63273620605469,42.884742736816406,37.525413513183594
28.59329605102539,33.650733947753906,43.73515701293945,51.69573211669922,55.444889068603516,56.07865905761719,52.11125183105469,44.072383880615234,38.291038513183594,34.693546295166016,34.11843490600586,37.58750915527344,38.5286750793457,37.69992446899414,38.767459869384766,40.4674072265625,40.410152435302734,40.084869384765625,40.34171676635742,39.7859001159668,39.044559478759766,39.46224594116211,40.50547409057617,41.379920959472656,41.86376953125,41.993408203125,42.59967041015625,42.73462677001953,41.3239631652832,40.26895523071289,40.4434700012207,41.01942443847656,41.51127624511719,42.13885498046875,42.74861526489258,43.02250671386719,43.13928985595703,43.24105453491211,43.17898941040039,42.665870666503906,39.7808837890625,35.287872314453125,32.28370666503906,29.23647689819336
36.449462890625,41.7491455078125,49.21524429321289,55.108436584472656,54.78959655761719,47.86911392211914,41.11531448364258,37.34059524536133,35.49184799194336,33.94316864013672,35.013580322265625,37.53569793701172,38.861141204833984,41.25803756713867,42.99931335449219,41.757713317871094,38.98500442504883,38.11326599121094,38.35232925415039,36.882999420166016,37.009254455566406,39.036746978759766,40.40342330932617,40.66411209106445,40.078556060791016,38.74161911010742,38.55406188964844,39.50656509399414,39.43416976928711,39.19303512573242,39.67048263549805,40.06708526611328,40.74251937866211,41.577308654785156,42.205352783203125,42.78902816772461,42.692562103271484,41.854522705078125,40.66873550415039,38.686527252197266,33.7139778137207,29.14824104309082,28.712600708007812,29.08524513244629
52.65224075317383,56.374755859375,55.66679382324219,49.88623809814453,42.067230224609375,33.759925842285156,30.05878448486328,28.5728702545166,26.79846954345703,27.070322036743164,29.952817916870117,35.510826110839844,41.1181526184082,42.84995651245117,40.696380615234375,37.29350280761719,36.15673065185547,37.68519592285156,38.06648254394531,37.081268310546875,37.108028411865234,37.7783317565918,37.828853607177734,37.159507751464844,36.14368438720703,35.16804885864258,35.72289276123047,37.55595779418945,38.792518615722656,39.82547378540039,40.302860260009766,40.223236083984375,41.119327545166016,42.21299362182617,42.47565460205078,42.476104736328125,41.27593994140625,38.288204193115234,35.488975524902344,32.941307067871094,30.628252029418945,29.33149528503418,31.743896484375,31.186960220336914
58.34370422363281,60.634178161621094,52.791770935058594,38.44345474243164,32.52275466918945,32.94047164916992,33.43970489501953,32.95442581176758,33.83345031738281,35.42900466918945,37.405426025390625,40.453269958496094,42.4392204284668,40.52263259887695,36.72581100463867,35.496639251708984,38.24093246459961,40.87834167480469,39.32615280151367,37.030540466308594,35.891910552978516,35.756134033203125,36.190895080566406,36.05876159667969,35.468482971191406,35.203739166259766,36.25938034057617,37.67485427856445,38.71974182128906,40.276771545410156,40.955718994140625,41.093379974365234,42.130897521972656,43.01619338989258,41.84675216674805,40.187217712402344,37.858985900878906,34.11833190917969,32.59907531738281,31.917997360229492,31.695064544677734,33.521453857421875,35.45338439941406,35.08034896850586
53.95143508911133,47.16929244995117,34.760433197021484,31.320388793945312,33.6578254699707,33.09699630737305,30.201940536499023,29.898208618164062,32.33845138549805,34.78831481933594,37.065460205078125,39.50104904174805,40.18428421020508,38.08713150024414,36.41209030151367,37.803863525390625,41.20901870727539,42.07307434082031,38.262386322021484,34.449462890625,33.1661491394043,34.15426254272461,36.40508270263672,38.08222579956055,37.89811706542969,37.52045822143555,38.74104309082031,40.08341598510742,40.029151916503906,40.72134780883789,41.73668670654297,42.54408264160156,43.43144607543945,42.66622543334961,40.68578338623047,39.850765228271484,37.37669372558594,32.986305236816406,34.19434356689453,35.12288284301758,34.20453643798828,38.492183685302734,40.533058166503906,39.1729850769043
41.431732177734375,30.069080352783203,27.61597442626953,30.61004066467285,33.18667221069336,32.542015075683594,32.297386169433594,33.0683479309082,33.45759201049805,34.23983383178711,36.106632232666016,38.71168899536133,40.12808609008789,39.78228759765625,39.18292999267578,39.528343200683594,41.21376037597656,40.6091423034668,35.94316864013672,32.08026123046875,31.782018661499023,34.03514862060547,37.31279754638672,40.04350280761719,40.70281982421875,40.50782012939453,41.02608871459961,41.91202163696289,42.00959396362305,42.27302169799805,42.29248046875,43.067447662353516,43.568565368652344,41.66796112060547,39.753482818603516,39.51016616821289,36.66291809082031,34.94932174682617,37.4706916809082,39.41842269897461,40.588069915771484,42.277992248535156,43.87953186035156,44.42001724243164
29.872682571411133,26.50750160217285,27.580116271972656,30.494667053222656,31.752473831176758,32.25951385498047,32.65034103393555,31.46489906311035,31.970500946044922,33.927040100097656,35.77632522583008,37.904239654541016,39.836204528808594,39.80208206176758,37.75798034667969,36.46112060546875,37.872920989990234,38.22906494140625,34.952816009521484,32.593265533447266,33.06563949584961,35.33741760253906,38.15138626098633,40.36777114868164,42.05038070678711,43.3741455078125,43.59792709350586,43.2656364440918,42.98092269897461,42.69001770019531,42.019554138183594,41.94483184814453,42.866580963134766,42.05308151245117,40.22807312011719,40.91570281982422,41.4886589050293,40.90047073364258,41.14857482910156,42.34127426147461,44.50179672241211,47.02963638305664,49.02518081665039,50.570926666259766
26.308725357055664,25.847681045532227,28.923307418823242,31.048175811767578,31.58650779724121,32.943756103515625,32.206485748291016,31.115825653076172,32.809566497802734,35.25235366821289,36.17531204223633,37.075233459472656,38.33850860595703,38.175106048583984,35.77996063232422,34.5267333984375,36.01108169555664,36.813941955566406,35.510215759277344,34.61127853393555,34.949378967285156,35.867469787597656,37.134639739990234,39.069637298583984,42.06470489501953,44.64912796020508,44.80990982055664,43.429908752441406,42.08466339111328,41.46665573120117,41.45368957519531,41.245849609375,41.43305587768555,42.537200927734375,43.6970329284668,44.983402252197266,45.97076416015625,46.383094787597656,47.27220153808594,48.78174591064453,50.30004119873047,51.613216400146484,52.75819396972656,54.188758850097656
24.9394474029541,26.335832595825195,29.325313568115234,28.982376098632812,29.733428955078125,32.08715057373047,31.903528213500977,32.12913513183594,35.10415267944336,36.94117736816406,35.39643859863281,33.89237976074219,34.11517333984375,34.49015426635742,34.452362060546875,35.39216995239258,36.20975875854492,35.90013122558594,35.326255798339844,35.40253829956055,36.143577575683594,36.60502624511719,37.13761901855469,39.052005767822266,42.24243927001953,44.47595977783203,44.337432861328125,42.52949142456055,40.95234680175781,41.117958068847656,42.61922073364258,44.161903381347656,45.42314529418945,46.536407470703125,47.795658111572266,49.31892395019531,50.16300964355469,50.546112060546875,50.87850570678711,51.31291580200195,52.405670166015625,53.83466720581055,55.16663360595703,56.085594177246094
27.414505004882812,27.695659637451172,26.85008430480957,26.79488182067871,29.477012634277344,32.69940948486328,33.12398910522461,33.43833541870117,35.42629623413086,35.452545166015625,32.13642120361328,29.732316970825195,30.29252815246582,31.77878189086914,33.15106964111328,34.81558609008789,36.09587097167969,36.36998748779297,36.270751953125,36.356990814208984,36.825191497802734,37.49639892578125,38.37955856323242,39.771400451660156,41.8406982421875,43.744388580322266,44.26298522949219,43.49319076538086,42.640541076660156,43.59888458251953,46.015201568603516,48.374473571777344,49.634849548339844,49.62279510498047,50.03089904785156,50.73016357421875,50.55866241455078,50.71833801269531,51.357364654541016,52.03047180175781,52.97760009765625,54.30638885498047,56.03246307373047,57.59772872924805
30.624887466430664,28.10008430480957,26.016584396362305,27.479536056518555,31.15654945373535,33.134220123291016,33.81171798706055,34.4342155456543,33.97760772705078,32.03509521484375,29.829883575439453,29.35325050354004,30.646045684814453,32.909847259521484,35.17897033691406,36.5395393371582,37.65523910522461,38.0134391784668,37.02484130859375,36.316192626953125,37.026031494140625,38.81744384765625,40.89823532104492,42.534332275390625,44.35538101196289,46.5147819519043,48.098716735839844,48.604156494140625,47.949729919433594,47.58348846435547,48.3447151184082,49.53700256347656,50.39673614501953,50.95326614379883,51.61927032470703,52.079551696777344,52.110042572021484,52.44650650024414,52.96274185180664,53.41932678222656,54.013973236083984,54.654685974121094,55.55232620239258,56.7139892578125
28.279733657836914,28.062469482421875,28.814685821533203,31.0977783203125,32.31633758544922,31.399185180664062,31.779552459716797,34.14484405517578,33.11545944213867,30.39105987548828,30.84064292907715,32.63743209838867,34.15293884277344,35.67253494262695,36.750267028808594,37.046077728271484,37.664546966552734,37.861663818359375,37.0285530090332,37.41795349121094,39.886444091796875,43.037498474121094,45.282569885253906,46.150970458984375,46.942222595214844,48.06705856323242,48.737159729003906,48.634605407714844,47.617828369140625,46.71116638183594,46.945945739746094,47.89791488647461,48.88787078857422,49.78010559082031,50.574317932128906,51.67089080810547,52.672752380371094,53.36545944213867,54.15895080566406,54.753662109375,55.00254440307617,55.384769439697266,56.145477294921875,56.45469284057617
29.50446319580078,31.122455596923828,30.691015243530273,30.577566146850586,30.69759178161621,28.483848571777344,29.120481491088867,33.06839370727539,34.12672805786133,33.381954193115234,34.46819305419922,36.08112716674805,36.702423095703125,36.41011047363281,35.89822769165039,36.293575286865234,38.07970428466797,39.197696685791016,39.238243103027344,40.26295852661133,42.34717559814453,44.691654205322266,46.498939514160156,47.003108978271484,46.892818450927734,47.100162506103516,47.28647994995117,47.161529541015625,46.670692443847656,45.57045364379883,45.32833480834961,46.12990951538086,46.92219161987305,47.55548858642578,48.552154541015625,50.164939880371094,51.47040557861328,51.829097747802734,51.954017639160156,52.43543243408203,53.044158935546875,54.076690673828125,55.03736114501953,54.8595085144043
31.73054313659668,32.50699996948242,29.273941040039062,27.999160766601562,29.262948989868164,29.959789276123047,31.842912673950195,34.228519439697266,35.128135681152344,35.30414581298828,36.51669692993164,38.08662414550781,38.22676086425781,36.97296905517578,36.795433044433594,39.22669219970703,42.65193557739258,43.070655822753906,41.2636833190918,41.145103454589844,43.01824188232422,45.087711334228516,47.01292419433594,48.249671936035156,47.53836441040039,46.28651428222656,45.27342987060547,44.83647918701172,45.50545120239258,45.121482849121094,44.030269622802734,43.852996826171875,43.97362518310547,43.2777099609375,42.77004623413086,43.49761199951172,44.63134765625,43.673885345458984,41.610713958740234,41.20989990234375,41.9928092956543,42.96393966674805,44.10738754272461,45.02192687988281
30.474077224731445,29.028383255004883,28.106477737426758,30.296630859375,31.165882110595703,31.131908416748047,32.431129455566406,34.278480529785156,35.928707122802734,37.373435974121094,38.4056510925293,39.51447296142578,40.89522933959961,40.50339889526367,40.17741775512695,42.794769287109375,46.326053619384766,45.84073257446289,43.41489028930664,42.995906829833984,44.56312942504883,45.8717041015625,46.655452728271484,47.42634963989258,46.450889587402344,43.87079620361328,41.63328170776367,41.78510665893555,43.436038970947266,42.83250045776367,40.42373275756836,38.88945007324219,38.813045501708984,38.46986770629883,37.21920394897461,35.53470993041992,33.63434600830078,32.129703521728516,32.09989929199219,33.49869918823242,35.30247116088867,36.822391510009766,38.258941650390625,39.82186508178711
29.940641403198242,30.538339614868164,31.467300415039062,31.789262771606445,30.88062286376953,31.009342193603516,33.27183151245117,35.67058181762695,37.10084533691406,38.18027877807617,39.05198669433594,40.2279167175293,42.88983917236328,43.710723876953125,42.88166427612305,44.33662033081055,46.96376037597656,47.1170539855957,45.208370208740234,43.80254364013672,44.01150131225586,44.596622467041016,44.91739273071289,44.97478485107422,43.14387130737305,39.411163330078125,36.84365463256836,36.482425689697266,36.2801513671875,34.17822265625,31.096458435058594,28.958707809448242,28.373991012573242,28.865751266479492,28.27937889099121,25.992355346679688,25.899490356445312,28.197500228881836,31.68769073486328,34.25188446044922,34.587303161621094,34.604461669921875,35.07410430908203,33.29838562011719
30.559091567993164,31.004972457885742,32.85519027709961,33.53257369995117,30.918968200683594,30.006181716918945,33.7381591796875,37.28280258178711,38.03764343261719,37.52037811279297,39.15630340576172,42.444427490234375,44.37508010864258,44.861820220947266,44.91639709472656,45.80161666870117,47.0030632019043,47.04716873168945,46.08335494995117,44.187503814697266,42.06688690185547,41.33841323852539,41.570369720458984,40.53676223754883,36.625423431396484,32.68151092529297,30.486740112304688,28.792091369628906,26.501201629638672,23.285022735595703,22.3098201751709,23.645898818969727,25.490816116333008,26.6101131439209,26.401243209838867,25.194650650024414,25.870243072509766,27.601438522338867,29.651533126831055,30.800838470458984,29.74741554260254,29.089397430419922,30.76372718811035,32.92675018310547
31.09906005859375,31.74896240234375,33.26203918457031,33.90377426147461,32.06791305541992,30.891027450561523,33.40665817260742,37.35924530029297,38.55132293701172,38.58468246459961,41.678680419921875,44.831565856933594,45.572486877441406,46.40769958496094,47.5421142578125,47.573612213134766,46.582950592041016,45.25379180908203,44.064781188964844,43.027870178222656,41.18632507324219,39.61872100830078,38.19032669067383,34.44477462768555,30.94168472290039,29.842697143554688,27.514461517333984,23.43997573852539,20.751747131347656,20.806245803833008,22.62944984436035,24.572622299194336,25.65296745300293,25.59436798095703,24.951467514038086,24.739046096801758,25.4334774017334,26.695537567138672,28.06839942932129,28.99142837524414,28.468891143798828,27.506685256958008,27.837812423706055,28.631969451904297
