data/wind_data/wind_4_3.json
{"header": {"parameterUnit": "KT", "parameterCategory": 2, "nx": 256, "ny": 198, "lo1": 44.73521041870117, "la1": -3.236724853515625, "lo2": 111.26478576660156, "la2": 43.468475341796875, "dx": 0.2609002888202667, "dy": -0.23708222806453705, "refTime": "2025-02-19 04:00:00", "forecastTime": 0, "parameterNumber": 2, "parameterNumberName": "eastward_wind"}, "data":
[rows 38 to 56 of 198, columns 132 to 175 of 256]
-8.617351531982422,-8.13982105255127,-8.030058860778809,-6.929477214813232,-5.795813083648682,-6.450423717498779,-7.097929000854492,-4.382793426513672,-1.730078101158142,-0.6760063171386719,-0.37118861079216003,-0.1347496211528778,-1.061475157737732,-2.812856912612915,-2.3138484954833984,-0.4538549780845642,0.20024842023849487,0.618040144443512,1.354522705078125,1.4237637519836426,0.4856105446815491,0.4171687364578247,0.49424460530281067,0.030156288295984268,-0.7836825251579285,-1.1768418550491333,-1.347873330116272,-1.7062475681304932,-1.9836492538452148,-1.8353427648544312,-1.8712042570114136,-1.9105974435806274,-1.7951041460037231,-1.5838606357574463,-1.7213448286056519,-0.9378148913383484,-0.2520510256290436,-0.6571924686431885,-1.325827956199646,-1.7554361820220947,-1.5215939283370972,-1.1979715824127197,-1.422350525856018,-1.1578633785247803
-9.153705596923828,-8.360179901123047,-8.195528984069824,-8.171483993530273,-8.32141399383545,-9.220235824584961,-10.333767890930176,-7.9749040603637695,-5.164991855621338,-3.4808261394500732,-2.9256691932678223,-2.8404271602630615,-2.641920566558838,-2.5533862113952637,-2.107419729232788,-1.0902142524719238,-0.4913513958454132,-0.055523548275232315,0.8021323084831238,1.2208361625671387,0.4271460175514221,-0.15645968914031982,-0.23791413009166718,-0.7028645873069763,-1.1087191104888916,-1.3490506410598755,-1.4944658279418945,-1.4543890953063965,-1.4657799005508423,-1.5860744714736938,-1.7702990770339966,-1.8477205038070679,-2.100029468536377,-1.839617371559143,-1.4483346939086914,-0.884669840335846,-0.2939446270465851,-0.22187156975269318,-0.802910327911377,-1.7570816278457642,-2.0378458499908447,-1.3474496603012085,-1.0979822874069214,-0.64455646276474
-9.681830406188965,-8.753256797790527,-8.443445205688477,-8.696117401123047,-8.893279075622559,-9.161888122558594,-9.392120361328125,-7.2713165283203125,-5.917587757110596,-5.606517314910889,-5.680095672607422,-5.5683369636535645,-5.249696254730225,-4.047727108001709,-2.4885435104370117,-1.9636250734329224,-1.7807074785232544,-1.4834940433502197,-0.8376650810241699,-0.0777738094329834,-0.2225697636604309,-0.6438983678817749,-0.9934759736061096,-1.3989686965942383,-1.4521485567092896,-1.3505315780639648,-1.2871068716049194,-1.143768072128296,-0.8581441044807434,-1.0844117403030396,-1.4650194644927979,-1.6365267038345337,-1.968597650527954,-2.0534310340881348,-1.4124913215637207,-0.5830988883972168,-0.24241085350513458,-0.05660684406757355,-0.511013925075531,-1.4622026681900024,-1.8414313793182373,-1.567351222038269,-1.1277337074279785,-0.5269455909729004
-10.549491882324219,-9.503674507141113,-9.009839057922363,-9.16455364227295,-9.256503105163574,-8.96377944946289,-8.088869094848633,-6.84591007232666,-6.493791580200195,-6.928379535675049,-7.419304370880127,-7.658299922943115,-7.2899250984191895,-6.036693572998047,-4.23798131942749,-3.0260910987854004,-2.8162684440612793,-2.667604923248291,-2.304062604904175,-1.5252336263656616,-1.016595721244812,-1.2426782846450806,-1.6683285236358643,-1.8011924028396606,-1.7410218715667725,-1.5862704515457153,-1.240634799003601,-0.8345595598220825,-0.5060471892356873,-0.770307719707489,-1.2296141386032104,-1.5212987661361694,-1.83645761013031,-2.095828056335449,-1.6355098485946655,-0.5712884068489075,-0.08201245963573456,0.08648490160703659,-0.25043028593063354,-0.8351613283157349,-1.0218795537948608,-1.2410308122634888,-1.3180153369903564,-1.1032028198242188
-11.600066184997559,-10.683161735534668,-10.180402755737305,-10.000676155090332,-9.49100112915039,-8.556235313415527,-7.483915328979492,-6.705415725708008,-6.866737365722656,-7.6591105461120605,-8.401776313781738,-8.903644561767578,-8.519852638244629,-7.448637008666992,-5.839572429656982,-4.388976097106934,-3.5725958347320557,-3.07627010345459,-2.740464687347412,-2.3155674934387207,-1.8755511045455933,-2.068687915802002,-2.1478192806243896,-1.8901293277740479,-1.6384196281433105,-1.670456051826477,-1.3631579875946045,-0.8299897313117981,-0.5890907049179077,-0.8086860775947571,-1.1020071506500244,-1.2739917039871216,-1.5789599418640137,-1.8019039630889893,-1.7043776512145996,-0.9071036577224731,-0.2493589222431183,0.2614971697330475,0.3866300582885742,-0.2230156660079956,-0.8510159850120544,-1.1805225610733032,-1.3152443170547485,-1.6137443780899048
-12.45117473602295,-11.831411361694336,-11.28982925415039,-10.727272987365723,-9.660789489746094,-8.302241325378418,-7.224705696105957,-6.869634628295898,-7.300002098083496,-8.184520721435547,-9.212620735168457,-9.516164779663086,-9.118729591369629,-8.402050971984863,-7.340936183929443,-6.066041469573975,-4.692616939544678,-3.7026853561401367,-3.3206138610839844,-2.8858213424682617,-2.2834651470184326,-2.0991857051849365,-2.134261131286621,-1.8355242013931274,-1.699958324432373,-1.6816723346710205,-1.341725468635559,-0.9444795846939087,-0.8919442892074585,-1.024275779724121,-0.9892346262931824,-0.9822500348091125,-1.1759967803955078,-1.3504085540771484,-1.4984153509140015,-1.0866062641143799,-0.4613018333911896,-0.03854261711239815,0.5444530844688416,0.2701217234134674,-0.801521360874176,-1.4041765928268433,-1.6989206075668335,-2.177835702896118
-13.309557914733887,-12.918623924255371,-12.012149810791016,-10.850334167480469,-9.567089080810547,-8.374673843383789,-7.600837707519531,-7.408381938934326,-7.855051040649414,-8.826972007751465,-9.479572296142578,-9.398467063903809,-9.234969139099121,-8.873985290527344,-8.279674530029297,-7.294098854064941,-5.946944236755371,-4.910078525543213,-4.307096004486084,-3.3300139904022217,-2.129014253616333,-1.7840619087219238,-1.8533903360366821,-1.6702749729156494,-1.8700731992721558,-1.853270173072815,-1.1908087730407715,-0.8555123209953308,-0.9850227236747742,-1.0245168209075928,-0.9319616556167603,-0.994694173336029,-1.144431471824646,-1.3157873153686523,-1.2634702920913696,-0.8736833930015564,0.004162243567407131,0.18560253083705902,0.3929523229598999,0.40054619312286377,-0.2506940960884094,-1.18928861618042,-1.9634774923324585,-2.6534810066223145
-14.36935043334961,-14.263511657714844,-12.988154411315918,-11.358174324035645,-9.924064636230469,-8.862627983093262,-8.041796684265137,-7.7387614250183105,-8.276667594909668,-9.00127124786377,-9.066252708435059,-9.117814064025879,-9.054673194885254,-8.736071586608887,-8.359577178955078,-7.72784423828125,-6.968753814697266,-6.442704200744629,-5.625424861907959,-4.1168212890625,-2.8511786460876465,-2.3914635181427,-1.9730170965194702,-1.6008297204971313,-1.6093486547470093,-1.5064537525177002,-0.9722191691398621,-0.6643069982528687,-0.5892320871353149,-0.45070895552635193,-0.5896736979484558,-0.6500244736671448,-0.9171903133392334,-1.1523913145065308,-1.0727393627166748,-0.826034665107727,0.24912329018115997,0.9026870727539062,0.6589621901512146,0.4699096977710724,0.40638118982315063,-0.43252113461494446,-1.5738433599472046,-2.705648183822632
-15.38296890258789,-15.379386901855469,-13.879919052124023,-12.200987815856934,-10.889579772949219,-9.874724388122559,-8.93376636505127,-8.575090408325195,-8.880781173706055,-8.756708145141602,-8.524477005004883,-8.80691146850586,-8.78964614868164,-8.494145393371582,-8.11517333984375,-7.569520473480225,-7.070778846740723,-6.879073619842529,-6.39901065826416,-5.295683860778809,-4.352639198303223,-3.7827401161193848,-3.147517681121826,-2.3945953845977783,-1.5669673681259155,-0.8648412823677063,-0.23693059384822845,0.042037952691316605,-0.09761393070220947,-0.016477935016155243,0.19893811643123627,0.27344709634780884,-0.1031607985496521,-0.46933871507644653,-0.705538272857666,-0.580553412437439,0.2638890743255615,1.095757007598877,0.9476634860038757,0.7210478186607361,0.7579188942909241,0.10854457318782806,-1.1895321607589722,-2.218041181564331
-16.09129524230957,-16.058473587036133,-14.487409591674805,-12.885882377624512,-11.788064956665039,-10.943824768066406,-10.255166053771973,-9.954480171203613,-9.774980545043945,-9.242223739624023,-8.835589408874512,-8.703268051147461,-8.670215606689453,-8.395243644714355,-7.945205211639404,-7.365551948547363,-6.7436723709106445,-6.232611656188965,-5.721517086029053,-5.398199081420898,-4.981665134429932,-4.5523858070373535,-4.0649800300598145,-3.360585927963257,-2.4821014404296875,-1.515658974647522,-0.4942956864833832,0.31811094284057617,0.34359073638916016,0.26366564631462097,0.6294989585876465,0.751347005367279,0.6123122572898865,0.5625284314155579,0.3569977283477783,0.03123871609568596,0.26185286045074463,0.8526660203933716,0.9947052001953125,0.845373272895813,0.6678569912910461,-0.0540710911154747,-1.3227190971374512,-1.918830156326294
-16.51447868347168,-16.364091873168945,-15.022260665893555,-13.52428150177002,-12.618546485900879,-12.017921447753906,-11.621469497680664,-11.267977714538574,-10.81528091430664,-10.435821533203125,-10.025078773498535,-9.45340633392334,-9.088963508605957,-8.658425331115723,-7.970726490020752,-7.257537364959717,-6.61491060256958,-5.86516809463501,-5.0702738761901855,-4.776761054992676,-4.659599781036377,-4.587730407714844,-4.234250545501709,-3.378114700317383,-2.8412935733795166,-2.1911771297454834,-1.509608268737793,-0.5930336117744446,0.06764061003923416,0.3137415647506714,0.607257604598999,0.6024854779243469,0.5499290227890015,1.0073901414871216,1.2460116147994995,0.8920695185661316,0.7695782780647278,1.1478431224822998,1.2517414093017578,0.916041910648346,0.4221666157245636,-0.5055245757102966,-1.59919011592865,-1.910807490348816
-16.843215942382812,-16.430217742919922,-15.339506149291992,-14.256378173828125,-13.661744117736816,-13.258549690246582,-12.871297836303711,-12.364232063293457,-11.858576774597168,-11.410248756408691,-11.031479835510254,-10.600783348083496,-10.093710899353027,-9.4876708984375,-8.661568641662598,-7.758790969848633,-6.951735973358154,-6.050398349761963,-5.206485271453857,-4.678378582000732,-4.490264415740967,-4.439295768737793,-3.9796226024627686,-3.2170052528381348,-2.716438055038452,-1.9105480909347534,-1.693437099456787,-1.557144284248352,-1.002463459968567,-0.24568971991539001,0.39070892333984375,0.7715356349945068,0.8096112012863159,0.9364982843399048,1.250886082649231,1.2933287620544434,1.2238566875457764,1.5355582237243652,1.834027886390686,1.6859506368637085,0.8689559102058411,-0.3493884205818176,-1.4534718990325928,-2.099712610244751
-17.168603897094727,-16.4654483795166,-15.618538856506348,-15.014999389648438,-14.575262069702148,-14.122354507446289,-13.703880310058594,-13.342401504516602,-12.768431663513184,-12.029624938964844,-11.605485916137695,-11.402795791625977,-11.048762321472168,-10.541869163513184,-9.860960006713867,-9.01176643371582,-7.983367443084717,-6.843445777893066,-5.928600311279297,-5.337580680847168,-4.871133804321289,-4.4149580001831055,-3.7317161560058594,-3.214669942855835,-2.774092435836792,-2.0092415809631348,-1.7746754884719849,-1.7471861839294434,-1.548214077949524,-0.9309555888175964,-0.07526132464408875,0.8541131019592285,1.4734376668930054,1.5099667310714722,1.362144947052002,1.5563263893127441,1.752839207649231,1.7716045379638672,2.0964412689208984,2.351335048675537,1.637978434562683,0.3196098804473877,-0.6322510242462158,-1.67421293258667
-17.094818115234375,-16.44722557067871,-16.049894332885742,-15.54456615447998,-15.064457893371582,-14.554749488830566,-14.097742080688477,-13.778921127319336,-13.32020092010498,-12.663456916809082,-12.158791542053223,-11.94186782836914,-11.6591796875,-11.327958106994629,-10.965055465698242,-10.108288764953613,-9.034713745117188,-8.00963306427002,-7.256667137145996,-6.639298915863037,-5.8521599769592285,-5.046017646789551,-4.036561012268066,-3.251528739929199,-2.4719033241271973,-2.039355516433716,-2.0639848709106445,-2.0114128589630127,-1.7671458721160889,-1.3482260704040527,-0.750413179397583,0.14151695370674133,1.1985567808151245,1.9632742404937744,1.9123884439468384,1.7304810285568237,1.9645990133285522,2.080117702484131,2.1861813068389893,2.59246826171875,2.4476099014282227,1.213417410850525,0.13965830206871033,-0.942309558391571
-16.96480369567871,-16.564363479614258,-16.4237117767334,-16.038223266601562,-15.533641815185547,-14.939915657043457,-14.362454414367676,-13.813074111938477,-13.367169380187988,-13.001696586608887,-12.6212797164917,-12.39130687713623,-12.216251373291016,-11.930510520935059,-11.54333209991455,-10.823034286499023,-9.83831787109375,-9.024699211120605,-8.442015647888184,-7.861302852630615,-7.014237403869629,-6.033524036407471,-4.996519088745117,-3.7210326194763184,-2.6281814575195312,-1.9028924703598022,-1.7191669940948486,-1.781497836112976,-1.8572440147399902,-1.7576396465301514,-1.295524001121521,-0.7754325866699219,0.031097998842597008,1.1589276790618896,1.8524367809295654,1.804603934288025,1.9320038557052612,2.0646321773529053,2.072908401489258,2.2865347862243652,2.6576247215270996,2.391089916229248,1.279618263244629,-0.14840887486934662
-16.569149017333984,-16.487110137939453,-16.618915557861328,-16.539915084838867,-16.010398864746094,-15.285712242126465,-14.589035034179688,-13.767709732055664,-13.11886978149414,-12.884862899780273,-12.750112533569336,-12.648831367492676,-12.608716011047363,-12.396323204040527,-12.020075798034668,-11.449013710021973,-10.716800689697266,-9.993668556213379,-9.341136932373047,-8.702691078186035,-7.856247425079346,-7.028295516967773,-6.08079195022583,-4.811922550201416,-3.596693277359009,-2.4856197834014893,-1.7438123226165771,-1.4735239744186401,-1.4973385334014893,-1.6990941762924194,-1.4789601564407349,-1.1868005990982056,-0.8519508242607117,-0.09752578288316727,0.7682346701622009,1.196781873703003,1.728516936302185,2.104804039001465,1.9641239643096924,1.8454444408416748,2.1527328491210938,2.5811760425567627,2.0362372398376465,0.6254575252532959
-15.828230857849121,-15.909173011779785,-16.259302139282227,-16.614513397216797,-16.29355812072754,-15.485005378723145,-14.7609281539917,-13.887846946716309,-13.1934232711792,-12.921357154846191,-12.85888671875,-12.858881950378418,-12.933992385864258,-12.855634689331055,-12.594385147094727,-12.085633277893066,-11.45028018951416,-10.88187026977539,-10.256054878234863,-9.508770942687988,-8.685893058776855,-7.886911869049072,-7.094919681549072,-6.109277725219727,-4.952528953552246,-3.745656967163086,-2.7498128414154053,-2.108391761779785,-1.5918538570404053,-1.4648874998092651,-1.3845981359481812,-1.2878152132034302,-1.235005497932434,-0.8142695426940918,-0.24671390652656555,0.17782583832740784,0.8237940073013306,1.4086573123931885,1.6127653121948242,1.6485978364944458,1.8267868757247925,2.140101432800293,1.8448108434677124,0.8401589393615723
-14.984713554382324,-15.156961441040039,-15.461548805236816,-16.13758087158203,-16.194162368774414,-15.450934410095215,-14.746846199035645,-14.188520431518555,-13.726296424865723,-13.395215034484863,-13.198506355285645,-13.140706062316895,-13.172530174255371,-13.056683540344238,-12.916632652282715,-12.603340148925781,-12.030655860900879,-11.501592636108398,-10.925238609313965,-10.19106388092041,-9.452678680419922,-8.731356620788574,-8.013463020324707,-7.260865211486816,-6.304487228393555,-5.1580352783203125,-4.071824550628662,-3.313995838165283,-2.5371007919311523,-1.8558882474899292,-1.3774101734161377,-1.159057855606079,-1.3499433994293213,-1.3080865144729614,-0.9328938126564026,-0.6699094772338867,-0.39787110686302185,0.12861864268779755,0.7555851936340332,1.2132879495620728,1.5513523817062378,1.8151695728302002,1.4106661081314087,0.6420947313308716
-14.152619361877441,-14.409873962402344,-14.72488021850586,-15.349059104919434,-15.695343971252441,-15.28835391998291,-14.71480941772461,-14.389167785644531,-14.170706748962402,-13.86403751373291,-13.423640251159668,-13.095425605773926,-12.993903160095215,-12.854390144348145,-12.685295104980469,-12.603872299194336,-12.376091003417969,-11.941106796264648,-11.253759384155273,-10.426877975463867,-9.793561935424805,-9.334750175476074,-8.787013053894043,-8.058981895446777,-7.25787878036499,-6.240474700927734,-5.230241298675537,-4.498166084289551,-3.7380454540252686,-2.810602903366089,-1.9676978588104248,-1.3800114393234253,-1.3810534477233887,-1.5293161869049072,-1.314284324645996,-1.0025206804275513,-0.9414224624633789,-0.9577334523200989,-0.4965241849422455,0.2015468180179596,0.7734220027923584,1.3720978498458862,1.0646026134490967,0.2669452726840973
