data/wind_data/wind_33_5.json
{"header": {"parameterUnit": "KT", "parameterCategory": 2, "nx": 256, "ny": 198, "lo1": 44.73521041870117, "la1": -3.236724853515625, "lo2": 111.26478576660156, "la2": 43.468475341796875, "dx": 0.2609002888202667, "dy": -0.23708222806453705, "refTime": "2025-02-20 09:00:00", "forecastTime": 0, "parameterNumber": 2, "parameterNumberName": "eastward_wind"}, "data":
[rows 114 to 132 of 198, columns 44 to 87 of 256]
52.96335220336914,50.84717559814453,50.57073974609375,51.97027587890625,52.105445861816406,49.89512252807617,47.35111999511719,45.702842712402344,44.7518424987793,44.33130645751953,44.42877960205078,44.96881103515625,46.28529739379883,47.68259048461914,47.361080169677734,46.51768493652344,48.55351257324219,51.32563018798828,50.163387298583984,45.74295425415039,42.079593658447266,41.61427688598633,43.124610900878906,44.372772216796875,44.42829132080078,43.7919807434082,43.03879165649414,42.16765594482422,41.3253059387207,40.636383056640625,40.03181838989258,39.94439697265625,40.328147888183594,40.42280197143555,40.01167678833008,39.6474609375,39.80793762207031,40.095558166503906,39.86798095703125,39.00807189941406,38.4696044921875,39.10817337036133,40.78268814086914,41.9089469909668
57.219146728515625,56.78127670288086,55.47779083251953,54.61625289916992,54.03888702392578,53.095367431640625,51.91672897338867,50.82876205444336,49.74346923828125,48.57368469238281,47.3211669921875,46.1287956237793,46.04637145996094,47.37841796875,47.244625091552734,44.559200286865234,45.559417724609375,50.81146240234375,50.43730545043945,43.25886535644531,39.54682159423828,41.550106048583984,44.36726760864258,45.184898376464844,44.210487365722656,42.76097106933594,41.67414855957031,40.947784423828125,40.3325080871582,39.77486038208008,39.228797912597656,39.11831283569336,39.80015563964844,40.40571594238281,40.41332244873047,40.19147872924805,40.001895904541016,39.5507698059082,38.72577667236328,38.04191970825195,38.2182502746582,39.76905059814453,41.60973358154297,41.88832473754883
58.15449905395508,58.05258560180664,56.968692779541016,55.80684280395508,55.17741775512695,55.53001022338867,55.82018280029297,55.478275299072266,54.332340240478516,52.02422332763672,49.30652618408203,47.2775993347168,46.20736312866211,45.68355941772461,44.65900802612305,42.11322021484375,39.97004699707031,41.12036895751953,41.55430221557617,41.68638610839844,44.1534423828125,46.33692169189453,46.408203125,45.218177795410156,43.77777862548828,42.30094528198242,41.06714630126953,40.40944290161133,40.01398849487305,39.511993408203125,38.97639846801758,38.9576530456543,39.76722717285156,40.53481674194336,40.6926155090332,40.53995895385742,39.98857498168945,39.04255676269531,38.240760803222656,38.062286376953125,38.95150375366211,41.007564544677734,41.978397369384766,41.29891586303711
57.12523651123047,56.5214958190918,55.547183990478516,54.7447624206543,54.740440368652344,56.305511474609375,57.430213928222656,57.00105667114258,55.18608093261719,52.67926788330078,50.31964111328125,47.222599029541016,44.71231460571289,45.41768264770508,43.97355651855469,38.068260192871094,36.73448181152344,42.68095397949219,50.35374069213867,54.744564056396484,54.24601745605469,50.84002685546875,47.335750579833984,45.188011169433594,43.976593017578125,42.778167724609375,41.48624038696289,40.583839416503906,39.97160339355469,39.495731353759766,39.268211364746094,39.476036071777344,40.001522064208984,40.43632125854492,40.458274841308594,40.21508026123047,39.67020797729492,38.8988151550293,38.77366256713867,39.50917053222656,41.03749465942383,42.323184967041016,41.7112922668457,40.89677047729492
55.342247009277344,54.23054122924805,53.16132354736328,52.60745620727539,53.40374755859375,55.71051788330078,57.16658401489258,56.84635925292969,54.938480377197266,52.234130859375,50.26485061645508,47.81217956542969,42.90409851074219,40.56203079223633,42.75299072265625,38.22780227661133,37.5229606628418,47.279720306396484,53.95207977294922,53.39979553222656,50.187835693359375,47.867034912109375,46.51526641845703,45.417015075683594,44.329345703125,43.19313430786133,42.01189422607422,40.85833740234375,40.08430099487305,39.916961669921875,39.999271392822266,40.09988784790039,40.17803192138672,40.17305374145508,39.94485855102539,39.824554443359375,39.776031494140625,39.711544036865234,40.1005859375,41.09579086303711,42.755340576171875,43.6984977722168,41.99908447265625,40.73994445800781
53.287452697753906,52.33989715576172,51.66968536376953,51.5316162109375,52.649627685546875,54.65878677368164,56.44660949707031,56.15480422973633,53.16383361816406,50.71194076538086,49.190223693847656,45.08462142944336,39.87251281738281,39.8184700012207,41.78025817871094,47.37424087524414,53.72691345214844,56.45658874511719,54.88504409790039,51.94297409057617,49.62300491333008,48.004852294921875,46.490943908691406,45.027462005615234,43.903743743896484,43.11788558959961,42.14799118041992,40.99946212768555,40.47270965576172,40.617698669433594,40.77732849121094,40.66009521484375,40.32389831542969,39.93764877319336,39.76115036010742,39.93488311767578,40.26081085205078,40.631675720214844,41.16365051269531,41.98439407348633,43.655303955078125,44.634376525878906,42.78986740112305,41.12104415893555
51.937808990478516,51.66754913330078,51.62373733520508,52.44487762451172,53.620201110839844,55.175079345703125,56.176822662353516,54.07571792602539,50.67312240600586,49.51235580444336,47.30995559692383,43.118656158447266,42.109031677246094,45.6932258605957,50.426551818847656,54.505592346191406,56.06528091430664,54.59862518310547,52.08780288696289,50.17196273803711,48.53466033935547,46.733463287353516,44.93960952758789,43.58854293823242,42.94557571411133,42.75768280029297,42.0770263671875,41.14997482299805,40.909873962402344,41.09418869018555,41.19500732421875,40.944618225097656,40.18785858154297,39.346046447753906,39.325992584228516,39.83655548095703,40.33889389038086,40.709224700927734,41.225502014160156,41.84379577636719,43.341644287109375,44.59902572631836,43.151695251464844,41.036014556884766
51.96592712402344,52.08613204956055,52.944435119628906,54.09716796875,55.03002166748047,55.7890510559082,54.55514144897461,51.431514739990234,49.93183898925781,48.58732223510742,45.13901901245117,44.41383361816406,47.55705642700195,51.16029739379883,53.51051330566406,54.474853515625,53.84162902832031,51.664215087890625,49.61016082763672,48.8416748046875,48.08363342285156,46.07948303222656,44.110107421875,43.14242935180664,42.55192565917969,42.36806106567383,41.986080169677734,41.395851135253906,41.26781463623047,41.4048957824707,41.350032806396484,40.79579544067383,39.59563446044922,38.57623291015625,38.51506042480469,39.03343200683594,39.59063720703125,39.9909553527832,40.5533447265625,41.41783142089844,42.519989013671875,43.6344108581543,42.5368766784668,40.39365768432617
52.67509460449219,53.01325607299805,53.885231018066406,54.76610565185547,55.45133590698242,55.193416595458984,53.107177734375,50.95967483520508,50.075199127197266,47.94803237915039,46.66227722167969,48.418975830078125,50.74723434448242,52.42021942138672,53.07962417602539,52.371376037597656,50.8536262512207,49.24205780029297,48.34038543701172,48.40254592895508,47.614776611328125,45.52373123168945,44.60783386230469,43.72720718383789,42.41813278198242,42.125816345214844,41.835323333740234,41.309566497802734,41.116844177246094,41.175445556640625,40.890220642089844,40.06835174560547,39.00075149536133,38.32621383666992,38.138031005859375,38.069732666015625,38.33088302612305,39.007713317871094,40.01933670043945,41.36430740356445,42.150150299072266,42.77950668334961,41.80931091308594,40.24876403808594
53.05023193359375,54.05416488647461,54.954776763916016,55.28339385986328,54.88056564331055,53.89934158325195,52.512672424316406,51.11015319824219,49.640804290771484,48.50716781616211,48.555049896240234,48.7944221496582,48.0953483581543,49.42547607421875,53.920616149902344,55.688899993896484,52.11397933959961,48.28406524658203,47.390689849853516,48.22385787963867,47.79499816894531,46.498680114746094,45.64309310913086,43.47406768798828,42.074886322021484,41.715091705322266,41.4503059387207,41.18290328979492,41.11371612548828,40.92869186401367,40.25151443481445,39.25428771972656,38.38361740112305,38.0350341796875,38.071327209472656,37.904537200927734,37.8665657043457,38.694583892822266,40.23591232299805,41.99739074707031,43.212398529052734,43.170475006103516,42.15532684326172,41.79209899902344
54.15071105957031,55.91905975341797,56.45540237426758,55.63042068481445,54.72138595581055,54.19064712524414,52.91618728637695,51.50993728637695,49.450157165527344,47.15888214111328,46.92854309082031,46.543365478515625,45.64369583129883,47.18473815917969,49.71257019042969,50.269168853759766,45.645835876464844,43.870277404785156,46.64830017089844,48.89104461669922,48.85354995727539,47.848487854003906,45.38766098022461,42.884803771972656,41.6490364074707,41.228538513183594,41.22323989868164,41.27574920654297,41.1630859375,40.627098083496094,39.58943176269531,38.464298248291016,37.59122848510742,37.15250778198242,37.3238410949707,37.65416717529297,38.15570068359375,38.83921813964844,40.21159744262695,42.231754302978516,44.380245208740234,43.97144317626953,43.00629425048828,43.63798141479492
56.140132904052734,57.59101104736328,57.37485122680664,56.30402755737305,54.81847381591797,53.067893981933594,51.26337432861328,48.9724006652832,45.925010681152344,44.18290710449219,45.79292297363281,43.923099517822266,42.505123138427734,49.68648147583008,51.65680694580078,44.05894470214844,40.64213180541992,46.28010559082031,51.354637145996094,51.12664031982422,48.964908599853516,46.82801055908203,44.47871017456055,42.56080627441406,41.5144157409668,41.154579162597656,41.132049560546875,41.06901931762695,40.71761703491211,39.982635498046875,38.981361389160156,37.94071578979492,37.04758834838867,36.48842239379883,36.75691604614258,37.509761810302734,38.488487243652344,39.260379791259766,40.05076599121094,41.81785202026367,44.94328689575195,44.360321044921875,43.54364776611328,44.54440689086914
54.052608489990234,55.55076217651367,56.01985168457031,54.96772003173828,51.35814666748047,48.38273620605469,46.87055969238281,45.307823181152344,45.09543991088867,43.492462158203125,42.57884216308594,44.08873748779297,46.707176208496094,50.47900390625,52.90740203857422,53.2274055480957,54.077816009521484,55.0752067565918,53.96942901611328,50.312408447265625,47.473724365234375,45.93737030029297,44.07337951660156,42.25025177001953,41.17104721069336,40.68757629394531,40.43475341796875,40.29185104370117,40.05752182006836,39.515594482421875,38.62490463256836,37.595706939697266,36.99750518798828,36.913265228271484,37.12960433959961,37.824188232421875,38.597591400146484,39.19546127319336,39.95085525512695,41.03186798095703,44.99872970581055,45.1573371887207,44.11415481567383,44.86097717285156
51.787818908691406,53.6343879699707,55.692039489746094,56.341896057128906,50.858585357666016,44.897483825683594,43.890220642089844,46.31927490234375,46.45002365112305,44.12969970703125,44.88804244995117,47.303733825683594,49.12373733520508,50.68156433105469,52.34479522705078,54.39773941040039,55.332557678222656,54.7887077331543,52.80891418457031,49.702457427978516,47.84447479248047,46.30452346801758,44.00541687011719,41.81512451171875,40.49360275268555,39.867496490478516,39.72085952758789,39.95042037963867,40.00434494018555,39.358211517333984,38.2015495300293,37.38304138183594,37.30533218383789,37.652427673339844,37.90694046020508,38.30622100830078,38.941932678222656,39.53125762939453,40.50454330444336,41.13090133666992,44.34640884399414,46.5037956237793,45.496517181396484,45.29320526123047
53.93822479248047,57.32683181762695,62.413063049316406,61.21080017089844,49.43220520019531,42.99953842163086,45.736351013183594,49.39002990722656,48.81203842163086,47.147117614746094,47.79143142700195,49.127262115478516,49.96145248413086,50.79944610595703,52.422218322753906,53.847877502441406,53.602012634277344,53.0395622253418,51.70858383178711,50.24192810058594,49.03484344482422,47.03537368774414,44.07292175292969,41.383968353271484,39.75796127319336,39.180198669433594,39.42843246459961,39.951637268066406,39.986629486083984,39.07833480834961,37.86137008666992,37.231956481933594,37.22075271606445,37.49893569946289,37.92887496948242,38.568416595458984,39.55308151245117,40.75804138183594,41.73921203613281,42.877132415771484,43.75395202636719,46.75136184692383,48.030555725097656,46.83649444580078
56.917015075683594,59.15255355834961,59.3000373840332,51.446006774902344,46.5566291809082,47.74881362915039,49.84133529663086,52.27703094482422,51.02777862548828,49.61567306518555,50.08522415161133,50.58818435668945,50.98405075073242,51.66517639160156,53.03105926513672,53.50208282470703,52.97284698486328,52.511505126953125,51.78514099121094,51.502864837646484,50.53350067138672,47.60285186767578,43.71457290649414,40.601890563964844,39.029476165771484,38.8270149230957,39.189266204833984,39.62451934814453,39.52745056152344,38.730953216552734,37.829734802246094,36.71650314331055,36.48134994506836,37.19218063354492,38.276424407958984,39.361968994140625,40.46965408325195,41.888912200927734,43.45900344848633,44.761817932128906,45.4601936340332,45.46773910522461,48.05308151245117,47.94025421142578
51.88685607910156,50.26496505737305,47.91032028198242,46.605464935302734,51.042720794677734,53.16211700439453,54.94350051879883,54.85034942626953,52.753639221191406,52.5113410949707,52.38035202026367,51.91999435424805,51.332515716552734,52.164100646972656,53.49716567993164,52.842308044433594,52.22024154663086,51.87989044189453,52.8076171875,54.67966079711914,52.19519805908203,46.05662155151367,41.14162063598633,38.885154724121094,38.46967315673828,38.674076080322266,38.99015426635742,39.233890533447266,39.03822708129883,38.59478759765625,38.20281219482422,37.59471893310547,37.23794174194336,37.92186737060547,38.95075607299805,39.86213302612305,40.73221206665039,42.12985610961914,44.22001647949219,46.02363586425781,47.36354064941406,45.31333923339844,44.60584259033203,45.68223190307617
48.01008605957031,48.05529022216797,48.87646484375,51.372310638427734,53.80767059326172,55.9949951171875,56.209842681884766,54.73155212402344,54.4123649597168,53.74539566040039,53.83494186401367,54.457454681396484,54.8318977355957,56.052310943603516,56.149044036865234,54.12314224243164,51.62736892700195,51.828704833984375,55.8778076171875,55.09115982055664,47.23441696166992,39.96748352050781,37.389949798583984,37.154727935791016,37.28300476074219,37.52052307128906,37.77688980102539,37.851680755615234,37.77194595336914,37.711917877197266,37.674835205078125,37.556915283203125,37.38094711303711,37.67122268676758,38.58586120605469,39.73894119262695,40.74504852294922,42.11600875854492,44.05492401123047,45.75258255004883,46.711639404296875,44.30667495727539,41.014286041259766,42.78224563598633
49.25325012207031,50.21356201171875,54.32231521606445,57.76755142211914,57.96019744873047,56.2688102722168,52.67094039916992,55.8411750793457,57.30937194824219,56.889366149902344,57.25653076171875,58.68866729736328,60.15679931640625,60.72386169433594,59.49793243408203,54.68120193481445,50.465938568115234,52.44710159301758,52.16582489013672,45.0211067199707,37.47297286987305,34.75993347167969,35.1306266784668,35.217369079589844,35.037601470947266,35.197784423828125,35.33907699584961,35.350311279296875,35.43718719482422,35.682621002197266,36.01964569091797,36.393348693847656,36.791412353515625,37.41728210449219,38.500003814697266,39.756614685058594,40.68227005004883,41.64513397216797,42.99588394165039,43.930171966552734,44.09541702270508,43.762420654296875,38.300086975097656,40.74662399291992
