data/wind_data/wind_2025-02-21_16.json
{"header": {"parameterUnit": "KT", "parameterCategory": 2, "nx": 255, "ny": 198, "lo1": 44.73521041870117, "la1": -3.236724853515625, "lo2": 111.26478576660156, "la2": 43.468475341796875, "dx": 0.26192745566368103, "dy": -0.23708222806453705, "refTime": "2025-02-21 16:00:00", "forecastTime": 0, "parameterNumber": 2, "parameterNumberName": "eastward_wind"}, "data":
[rows 133 to 151 of 198, columns 86 to 128 of 255]
5.53823709487915,3.6196157932281494,2.6520605087280273,4.038585186004639,6.536991119384766,6.015186786651611,3.5497610569000244,2.7735114097595215,4.189911365509033,2.739306926727295,0.1259094476699829,1.686028242111206,3.9328360557556152,2.9751763343811035,1.14137601852417,0.7310105562210083,0.6192478537559509,1.157017707824707,1.609222650527954,1.3567214012145996,1.3293272256851196,1.6710811853408813,2.23097562789917,2.256117820739746,1.4938223361968994,0.5945422649383545,1.0998632907867432,2.3945939540863037,3.1788909435272217,3.0548856258392334,2.9307901859283447,3.732416868209839,4.51200008392334,4.704704761505127,5.120938301086426,5.850033760070801,4.75894832611084,2.890608787536621,0.8649519681930542,-2.0858585834503174,-4.1969685554504395,-6.685034275054932,-9.367653846740723
2.5348522663116455,3.222994089126587,5.19654655456543,7.245176792144775,9.283279418945312,6.907905578613281,4.428184986114502,3.081804037094116,3.862074136734009,2.9391984939575195,-1.2087790966033936,1.0276652574539185,4.908041954040527,3.5308566093444824,1.5452368259429932,0.8232757449150085,0.8917719721794128,1.4321709871292114,1.8164325952529907,1.7728086709976196,1.772521734237671,1.9088040590286255,1.7703311443328857,1.3679554462432861,1.1838386058807373,0.8401380777359009,1.679430603981018,3.221492290496826,3.463212013244629,3.120598077774048,3.5352423191070557,4.412945747375488,5.081565856933594,4.790854454040527,5.243405342102051,5.734480381011963,2.411787509918213,-1.759750247001648,-2.322723388671875,-3.625771999359131,-6.613137245178223,-8.840422630310059,-9.363848686218262
-0.31452906131744385,4.080977916717529,7.454768657684326,8.573197364807129,9.52714729309082,7.784970283508301,4.463911533355713,3.6397433280944824,3.635026454925537,-0.1965121179819107,-3.582479238510132,1.7064493894577026,5.48889684677124,4.559572696685791,2.493216037750244,1.7780616283416748,2.2867634296417236,2.4038751125335693,2.530081033706665,1.9441301822662354,1.6893608570098877,1.972935438156128,1.9040536880493164,1.128258228302002,0.29624104499816895,0.8556656241416931,2.583547353744507,3.5436859130859375,3.352497100830078,3.6186375617980957,4.294008731842041,5.0837578773498535,5.043179512023926,4.733999252319336,5.596202850341797,4.279462814331055,-2.229537010192871,-4.541276454925537,-4.339026927947998,-4.302750110626221,-6.795526504516602,-9.473320960998535,-10.78642749786377
1.9610605239868164,5.250051498413086,9.029556274414062,10.30221176147461,10.256247520446777,6.390956401824951,3.1116106510162354,2.6134750843048096,1.9805777072906494,-2.833946466445923,-3.496744155883789,3.7376010417938232,6.242546558380127,5.986936092376709,3.954944372177124,3.0938148498535156,3.7017710208892822,3.890855073928833,3.175217866897583,2.8379862308502197,2.891836643218994,2.6684329509735107,2.342236042022705,1.823057770729065,1.1295632123947144,1.9511700868606567,3.3217427730560303,4.105756759643555,3.8932275772094727,4.127286911010742,4.706545829772949,5.0083746910095215,5.112344264984131,4.811827182769775,4.693136692047119,-0.38120797276496887,-5.828925132751465,-6.795615196228027,-6.591739177703857,-4.939239978790283,-6.361536502838135,-9.241247177124023,-10.50541877746582
3.1865971088409424,5.333006858825684,9.344308853149414,9.562318801879883,6.31186580657959,5.00650691986084,4.103909492492676,3.400819778442383,-0.7319490313529968,-5.266633033752441,-2.366074562072754,5.140568733215332,6.846912384033203,6.411465167999268,4.640873432159424,3.8530490398406982,4.534420967102051,4.848049640655518,3.9067676067352295,3.3488967418670654,3.2992632389068604,3.4919917583465576,3.1200740337371826,2.632802963256836,2.642291784286499,3.2499916553497314,3.971400022506714,4.177430152893066,4.431511878967285,4.824625015258789,4.919251441955566,4.940670013427734,4.731772422790527,3.7783336639404297,1.2487719058990479,-4.9442901611328125,-7.728353023529053,-7.5727620124816895,-7.061666011810303,-6.8287272453308105,-7.1299028396606445,-8.05162525177002,-7.381984710693359
3.927793264389038,5.442969799041748,5.987786769866943,5.819061756134033,4.191988468170166,5.4548659324646,5.190658092498779,3.9874329566955566,-2.8745827674865723,-7.53807258605957,-1.5877223014831543,5.652985572814941,7.408088207244873,6.453951358795166,4.15939474105835,3.7783284187316895,4.427829265594482,4.572038650512695,4.915367126464844,4.569847583770752,4.522270679473877,3.9422731399536133,3.647590398788452,3.630869150161743,3.7236626148223877,3.3697290420532227,3.631415367126465,4.412817001342773,4.904084205627441,5.4617462158203125,5.093911170959473,5.2136101722717285,3.875148057937622,0.33678916096687317,-2.5117318630218506,-6.042315483093262,-9.236023902893066,-10.40061092376709,-9.172197341918945,-7.67871618270874,-8.117554664611816,-7.385660171508789,-5.364284515380859
5.464380264282227,5.3763933181762695,5.497685432434082,3.874022960662842,4.084151744842529,3.4067680835723877,-0.5484384894371033,-2.8736932277679443,-5.929832458496094,-8.60167121887207,-2.677187919616699,5.5366926193237305,7.07210111618042,6.0063066482543945,3.7792463302612305,3.6762192249298096,4.155982971191406,4.264570713043213,4.74810791015625,4.481414794921875,4.501948356628418,3.822932004928589,3.9328768253326416,4.271841526031494,3.761040210723877,3.477607250213623,4.665818691253662,4.934078216552734,5.016613006591797,5.451268672943115,4.692660331726074,4.07478666305542,0.24215900897979736,-4.175595760345459,-5.518219947814941,-6.989307403564453,-10.069031715393066,-11.456338882446289,-10.76709270477295,-10.254854202270508,-8.09691333770752,-6.709120273590088,-2.6267502307891846
6.124506950378418,5.983807563781738,5.939548015594482,3.906590223312378,4.038753032684326,0.03607535734772682,-5.344970703125,-4.497858047485352,-5.282361030578613,-7.493594646453857,-3.3434879779815674,5.167598247528076,7.001602649688721,5.9935784339904785,3.9800710678100586,3.704500913619995,3.8586952686309814,4.477068901062012,4.890359878540039,4.584677219390869,4.460851669311523,3.95650053024292,3.4754931926727295,3.1591873168945312,3.2927820682525635,3.7111613750457764,4.776193141937256,4.954680919647217,5.308106899261475,4.840328216552734,4.5174689292907715,2.2506420612335205,-3.703444719314575,-6.430187225341797,-6.9404683113098145,-7.982454299926758,-10.447331428527832,-12.414134979248047,-12.985743522644043,-10.481937408447266,-8.11429214477539,-1.2862255573272705,0.8503156900405884
7.809268474578857,6.557986736297607,3.567434549331665,3.776641607284546,2.7482612133026123,-3.0491583347320557,-5.801274299621582,-4.085581302642822,-4.061428070068359,-5.450328350067139,-1.5473294258117676,6.02742862701416,7.101012229919434,5.382105350494385,3.238846778869629,3.1711578369140625,3.40169620513916,4.307528972625732,4.491727352142334,4.25693941116333,4.3044586181640625,3.6481969356536865,3.5480756759643555,3.8935768604278564,4.275176048278809,4.37958288192749,4.875349998474121,4.977323532104492,4.753803253173828,4.318325042724609,2.9344775676727295,-1.0761897563934326,-4.758638381958008,-5.151288986206055,-8.164789199829102,-11.777904510498047,-12.458023071289062,-10.835054397583008,-9.69556999206543,-7.145192623138428,-1.0360534191131592,5.2539167404174805,3.9639909267425537
2.368079423904419,-0.17984746396541595,0.03431474789977074,1.8305137157440186,1.581104040145874,-2.4012038707733154,-4.384446620941162,-2.990412473678589,-3.0980494022369385,-2.7704007625579834,1.5466728210449219,6.360764026641846,5.317464828491211,3.053502082824707,2.178518772125244,2.7356653213500977,3.0894436836242676,2.423647880554199,1.924070954322815,2.0758473873138428,2.2395405769348145,2.913407802581787,3.609738349914551,3.5944247245788574,3.5497941970825195,3.739739179611206,4.601733684539795,5.165944576263428,4.445546627044678,1.3250502347946167,-2.06504487991333,-3.4756646156311035,-4.788553714752197,-8.293630599975586,-11.01872444152832,-11.903060913085938,-11.527554512023926,-8.947883605957031,-4.209629058837891,3.242224931716919,7.198162078857422,5.327993869781494,2.505857229232788
0.11049170792102814,-1.7934128046035767,-0.8843137621879578,-0.3778393268585205,-0.42643484473228455,-1.0990426540374756,-0.4326712191104889,-0.604784369468689,-2.32537579536438,-2.4337940216064453,0.08971317112445831,3.32859206199646,4.036898136138916,3.0856330394744873,2.0048022270202637,3.3708362579345703,2.8552584648132324,-0.22437098622322083,-0.42924582958221436,1.7700303792953491,2.630554676055908,2.073784589767456,1.8629847764968872,2.80548357963562,3.8372223377227783,4.290738582611084,4.273556232452393,3.3443331718444824,0.9302728176116943,-2.5847716331481934,-4.0553107261657715,-4.112595081329346,-6.33701229095459,-8.556551933288574,-9.087309837341309,-8.82824993133545,-9.933924674987793,-7.41900110244751,0.29166170954704285,9.17244815826416,12.277880668640137,7.773777961730957,5.450124263763428
0.1472242921590805,0.5674027800559998,1.6004345417022705,-0.16689620912075043,-0.00318689807318151,3.1231350898742676,5.644008636474609,4.455844879150391,0.5955411195755005,-1.7534853219985962,-0.4440554976463318,2.6097159385681152,5.227579116821289,4.2455153465271,2.081786870956421,2.5355489253997803,1.3771833181381226,-1.9698303937911987,-1.2452161312103271,2.2319271564483643,4.029512882232666,3.398577928543091,2.5903327465057373,3.045905828475952,3.114650011062622,3.107029676437378,3.1531856060028076,-0.28169742226600647,-3.073103904724121,-4.832210063934326,-7.026806354522705,-8.127898216247559,-7.462990760803223,-6.647310733795166,-5.8053412437438965,-5.016698837280273,-6.682009220123291,-5.036492347717285,0.5039581656455994,6.962621688842773,10.844931602478027,12.089393615722656,9.949579238891602
1.2338718175888062,1.425356149673462,2.233173131942749,-0.3130812346935272,0.17211642861366272,2.886112689971924,3.044210433959961,1.7126829624176025,-1.5898241996765137,-1.826187014579773,1.7291702032089233,5.131270408630371,6.706347942352295,4.5195393562316895,-0.026679545640945435,-0.370106965303421,0.7939886450767517,0.15197527408599854,0.2800957262516022,2.869746685028076,4.107954025268555,4.109227657318115,4.707041263580322,5.1770806312561035,3.4628186225891113,-1.669952630996704,-3.58644962310791,-2.9526596069335938,-3.5827865600585938,-7.002400875091553,-9.170021057128906,-8.442749977111816,-7.1692280769348145,-5.401314735412598,-3.3955211639404297,-1.5479772090911865,-3.6099557876586914,-3.6432077884674072,0.6608573198318481,5.932952880859375,10.042144775390625,11.453421592712402,10.047595977783203
1.1871154308319092,1.859673023223877,3.8439300060272217,2.8123512268066406,1.205678939819336,1.8237199783325195,0.40390706062316895,-3.4900290966033936,-3.197892189025879,0.6432844400405884,4.855274677276611,6.544051647186279,6.622592926025391,4.362692832946777,-0.19513678550720215,-0.779109537601471,1.9238293170928955,3.6784400939941406,3.3604488372802734,3.210709571838379,3.7591466903686523,4.12738037109375,4.907435417175293,5.409377098083496,1.5342053174972534,-4.28880500793457,-6.097467422485352,-6.302282333374023,-7.6497907638549805,-9.178474426269531,-9.85931396484375,-8.488155364990234,-7.687943458557129,-6.250334739685059,-1.7060718536376953,2.697333574295044,-0.03375603258609772,0.13777998089790344,5.448619365692139,7.640844345092773,5.746115684509277,4.68571138381958,8.266220092773438
-0.3259317874908447,1.8735705614089966,4.445880889892578,6.462111473083496,6.0178985595703125,2.789670705795288,-2.975031852722168,-6.148604869842529,-3.527125120162964,2.927129030227661,6.0157904624938965,6.344473361968994,4.744743347167969,3.778979778289795,3.021554470062256,2.298778772354126,3.5503792762756348,4.415407180786133,3.5552775859832764,3.201815366744995,3.387742519378662,3.832719087600708,3.751235008239746,2.7928943634033203,-1.431475281715393,-6.561492443084717,-9.059720993041992,-9.744422912597656,-8.896097183227539,-7.9824748039245605,-8.599316596984863,-9.235918998718262,-8.867875099182129,-6.884181976318359,0.552933931350708,9.315739631652832,6.500566005706787,3.431053876876831,7.054703235626221,4.611528396606445,0.9601043462753296,3.2927820682525635,8.536072731018066
0.3970746397972107,1.8731732368469238,4.233968257904053,7.00422477722168,8.523268699645996,2.0599000453948975,-4.296951770782471,-6.312811374664307,-5.036452770233154,0.9657559394836426,4.52740478515625,3.350872755050659,0.22519707679748535,0.32206663489341736,1.8850326538085938,2.8373026847839355,3.4023022651672363,3.8439972400665283,3.3943912982940674,2.8508055210113525,3.4049315452575684,3.157365322113037,0.0452539399266243,-3.4409775733947754,-6.508235454559326,-8.886648178100586,-10.507769584655762,-10.559846878051758,-7.764742851257324,-6.058335304260254,-8.016840934753418,-10.416420936584473,-10.65251636505127,-5.128931045532227,4.318907260894775,11.932445526123047,11.864654541015625,7.017912864685059,4.897406578063965,3.6803829669952393,1.3134818077087402,-2.6265015602111816,2.209599256515503
1.6474590301513672,2.4689958095550537,5.705068111419678,7.922354698181152,7.117028713226318,3.0113279819488525,-1.4945220947265625,-5.25064754486084,-5.155329704284668,-0.11754824966192245,1.8004339933395386,-0.9330121278762817,-3.2183918952941895,-1.5913245677947998,1.7281951904296875,4.880473613739014,5.5162153244018555,5.256743431091309,5.440555095672607,4.140416622161865,2.9376542568206787,-0.027911128476262093,-4.744755268096924,-6.917925834655762,-8.715140342712402,-10.155495643615723,-10.548215866088867,-8.755090713500977,-4.174491882324219,-0.8190426230430603,-7.6997456550598145,-14.415639877319336,-8.264961242675781,-0.47223398089408875,7.219178676605225,12.321794509887695,12.195230484008789,5.114532947540283,-0.5778940320014954,2.8654799461364746,-0.4735832214355469,-5.319991111755371,3.902545213699341
1.0677692890167236,2.7654526233673096,5.777630805969238,8.996481895446777,8.589498519897461,7.477190971374512,3.3158390522003174,-6.960631370544434,-7.9427666664123535,-2.4521567821502686,-1.352306842803955,-2.7445802688598633,-2.6114747524261475,1.3417980670928955,5.900417804718018,8.79744815826416,8.440428733825684,6.498344898223877,6.036938667297363,4.069563865661621,0.2821919620037079,-5.927501678466797,-10.595914840698242,-9.51537036895752,-10.24441146850586,-11.445843696594238,-9.869414329528809,-5.463871955871582,0.18555155396461487,-2.7529404163360596,-9.75040054321289,-10.061144828796387,-5.079051971435547,2.4397616386413574,8.469208717346191,11.756300926208496,11.844249725341797,5.937532901763916,0.8762819766998291,1.0345878601074219,-5.059600353240967,-4.666507244110107,1.8280212879180908
-0.5863931775093079,1.0624217987060547,2.034813165664673,3.7065794467926025,3.4087777137756348,4.761579513549805,4.540227890014648,-5.282293319702148,-9.754745483398438,-5.903785228729248,-2.287510395050049,0.37498319149017334,2.339411973953247,4.196553707122803,7.090081691741943,9.9398775100708,9.260364532470703,4.733513832092285,1.503388524055481,-1.5405181646347046,-4.8355560302734375,-10.310662269592285,-13.204254150390625,-11.77116870880127,-12.306899070739746,-13.373427391052246,-7.281189441680908,1.105645775794983,0.23711873590946198,-7.908901691436768,-9.616889953613281,-5.86281681060791,0.19141124188899994,5.2520432472229,8.530882835388184,8.757491111755371,7.428637504577637,1.9788448810577393,-4.947129726409912,-9.23388671875,-11.934330940246582,-7.864777565002441,-3.4656364917755127
