data/wind_data/wind_40_7.json
{"header": {"parameterUnit": "KT", "parameterCategory": 2, "nx": 256, "ny": 198, "lo1": 44.73521041870117, "la1": -3.236724853515625, "lo2": 111.26478576660156, "la2": 43.468475341796875, "dx": 0.2609002888202667, "dy": -0.23708222806453705, "refTime": "2025-02-20 16:00:00", "forecastTime": 0, "parameterNumber": 2, "parameterNumberName": "eastward_wind"}, "data":
[rows 60 to 79 of 198, columns 132 to 175 of 256]
6.99069356918335,7.2321391105651855,7.6592183113098145,8.169803619384766,8.527033805847168,8.466146469116211,7.6327409744262695,5.878373622894287,3.7425172328948975,2.023482084274292,0.9295670986175537,0.13861975073814392,-0.4491516947746277,-0.8139328360557556,-1.1890697479248047,-1.5424140691757202,-1.7176207304000854,-1.6586086750030518,-1.5301011800765991,-1.5584174394607544,-1.723622441291809,-2.0121326446533203,-2.381808280944824,-2.6283180713653564,-2.79648756980896,-3.077122926712036,-3.5440831184387207,-3.9890754222869873,-4.087897300720215,-4.180831432342529,-4.1928582191467285,-3.7151095867156982,-3.142673969268799,-2.4496798515319824,-2.0289692878723145,-2.4635262489318848,-3.2852797508239746,-3.5387980937957764,-2.765533447265625,-1.6230565309524536,-0.8829527497291565,-0.5267208218574524,-0.2808907628059387,-0.04128596931695938
7.896688938140869,7.915304660797119,8.089903831481934,8.503425598144531,9.039295196533203,9.454687118530273,9.49200439453125,8.890914916992188,7.596614837646484,5.9073262214660645,4.369816780090332,3.212804079055786,2.317762613296509,1.7655822038650513,1.332340121269226,0.8451015949249268,0.3664810061454773,-0.014112668111920357,-0.25112301111221313,-0.3406371772289276,-0.421968936920166,-0.76533442735672,-1.2324837446212769,-1.4414677619934082,-1.3722541332244873,-1.359928846359253,-1.7520877122879028,-2.4690916538238525,-2.870408773422241,-2.801640272140503,-2.7220449447631836,-2.3385422229766846,-1.5800254344940186,-0.7739527821540833,-0.03334205970168114,0.14085116982460022,-0.22801661491394043,-0.5163722038269043,-0.1387212574481964,0.7709366679191589,1.5786126852035522,2.0173401832580566,2.3125154972076416,2.856374979019165
9.099061965942383,8.97012710571289,8.861454010009766,8.937705039978027,9.358217239379883,9.93739128112793,10.423391342163086,10.59776782989502,10.275962829589844,9.377717018127441,8.156557083129883,7.007977485656738,5.971354961395264,5.170762538909912,4.55409574508667,4.096519470214844,3.6466562747955322,3.0371272563934326,2.43330979347229,2.056440830230713,1.844714879989624,1.429209589958191,0.7038771510124207,-0.011752111837267876,-0.28836801648139954,-0.08973324298858643,0.004568254575133324,-0.44727623462677,-1.014713168144226,-1.0508817434310913,-0.7622197866439819,-0.5293698310852051,-0.029246440157294273,0.8063839673995972,1.6203374862670898,2.1476309299468994,2.3035600185394287,2.307408094406128,2.551619052886963,3.1037838459014893,3.6794304847717285,4.09328556060791,4.455559730529785,5.015986442565918
10.437836647033691,10.260212898254395,10.037778854370117,9.854448318481445,9.951786041259766,10.37844467163086,10.924480438232422,11.37230110168457,11.599065780639648,11.480338096618652,10.997466087341309,10.327631950378418,9.572669982910156,8.858907699584961,8.184137344360352,7.61747407913208,7.043302536010742,6.4000563621521,5.767136096954346,5.2321014404296875,4.826572418212891,4.407625675201416,3.739471673965454,2.716266632080078,1.6403802633285522,1.1195839643478394,1.3021060228347778,1.4017364978790283,1.0665093660354614,0.8684870004653931,1.1964974403381348,1.6253817081451416,1.886406660079956,2.3152213096618652,2.8904495239257812,3.4690630435943604,3.964451551437378,4.325005054473877,4.714714050292969,5.258022308349609,5.777948379516602,6.132017135620117,6.424435615539551,6.801143646240234
11.603607177734375,11.55681037902832,11.403129577636719,11.198188781738281,11.060745239257812,11.133420944213867,11.413647651672363,11.775884628295898,12.130062103271484,12.421844482421875,12.54911994934082,12.421832084655762,12.106109619140625,11.69016170501709,11.257390022277832,10.80600357055664,10.221561431884766,9.544600486755371,8.903277397155762,8.264254570007324,7.708758354187012,7.274264335632324,6.870927333831787,6.172330379486084,4.982620716094971,3.6663591861724854,2.9553985595703125,2.9311888217926025,2.960688352584839,2.8198893070220947,2.940736770629883,3.474273204803467,3.9643139839172363,4.189498424530029,4.336627960205078,4.609304428100586,5.089934349060059,5.64009428024292,6.2026519775390625,6.90496301651001,7.655877113342285,8.209275245666504,8.413644790649414,8.440147399902344
12.317032814025879,12.565101623535156,12.653718948364258,12.585464477539062,12.416277885437012,12.233946800231934,12.16960620880127,12.310628890991211,12.599737167358398,12.98284912109375,13.36970329284668,13.568350791931152,13.440091133117676,13.314553260803223,13.100204467773438,12.913202285766602,12.71806526184082,12.338149070739746,11.843127250671387,11.202227592468262,10.440549850463867,9.785460472106934,9.370957374572754,9.034833908081055,8.397512435913086,7.267340183258057,5.993587493896484,5.171535015106201,4.908939361572266,4.816215991973877,4.724527359008789,4.932130813598633,5.524316310882568,6.051429271697998,6.221867561340332,6.185328960418701,6.301553249359131,6.702115535736084,7.298157215118408,8.104774475097656,9.089064598083496,10.026623725891113,10.492803573608398,10.336259841918945
12.9815034866333,13.313333511352539,13.588269233703613,13.687954902648926,13.631964683532715,13.438203811645508,13.20872974395752,13.164835929870605,13.366344451904297,13.656801223754883,13.958639144897461,14.253381729125977,14.333067893981934,14.297956466674805,14.1090669631958,13.95112133026123,14.026165008544922,14.187064170837402,14.205188751220703,13.987288475036621,13.454073905944824,12.715330123901367,11.931697845458984,11.334044456481934,10.943277359008789,10.464391708374023,9.616581916809082,8.541299819946289,7.637391567230225,7.148672580718994,6.885328769683838,6.710663795471191,6.90442419052124,7.472222328186035,7.971426010131836,8.087947845458984,7.963739395141602,8.007760047912598,8.398300170898438,9.135604858398438,10.187185287475586,11.38742733001709,12.34791088104248,12.53127384185791
14.170202255249023,14.291120529174805,14.493402481079102,14.580720901489258,14.574960708618164,14.495295524597168,14.357460021972656,14.274559020996094,14.376030921936035,14.557628631591797,14.679293632507324,14.826678276062012,14.99338150024414,15.092370986938477,15.026585578918457,14.809638977050781,14.753392219543457,14.98593521118164,15.384808540344238,15.78474235534668,16.014324188232422,15.829432487487793,15.123770713806152,14.167673110961914,13.3836088180542,12.960515022277832,12.666939735412598,12.111568450927734,11.157291412353516,10.128445625305176,9.414351463317871,8.991360664367676,8.818861961364746,9.030956268310547,9.487680435180664,9.82268238067627,9.83195972442627,9.732071876525879,9.851892471313477,10.330957412719727,11.191887855529785,12.348153114318848,13.61454963684082,14.447819709777832
15.820676803588867,15.69959831237793,15.666254043579102,15.61164665222168,15.551798820495605,15.495280265808105,15.458562850952148,15.457815170288086,15.515814781188965,15.606958389282227,15.62420654296875,15.578102111816406,15.631792068481445,15.770920753479004,15.907994270324707,15.850229263305664,15.733869552612305,15.712472915649414,15.962035179138184,16.531978607177734,17.281389236450195,17.81151008605957,17.81549644470215,17.240564346313477,16.349401473999023,15.54714584350586,15.126293182373047,14.932769775390625,14.512102127075195,13.591794967651367,12.4793062210083,11.626413345336914,11.160209655761719,11.042415618896484,11.202545166015625,11.459531784057617,11.5986967086792,11.616775512695312,11.689788818359375,11.938518524169922,12.450084686279297,13.25426959991455,14.375176429748535,15.595707893371582
17.638933181762695,17.41818618774414,17.109859466552734,16.879209518432617,16.79604721069336,16.72737693786621,16.649484634399414,16.621870040893555,16.666879653930664,16.73711395263672,16.730382919311523,16.59716033935547,16.52629280090332,16.637161254882812,16.798418045043945,16.927038192749023,16.96097183227539,16.89568519592285,16.856250762939453,17.14485740661621,17.754592895507812,18.48491096496582,19.09601593017578,19.283021926879883,18.93270492553711,18.213706970214844,17.506248474121094,17.10875129699707,16.949119567871094,16.599210739135742,15.79607105255127,14.75462818145752,13.873391151428223,13.351263046264648,13.181546211242676,13.246683120727539,13.359054565429688,13.43387222290039,13.562172889709473,13.804401397705078,14.139890670776367,14.579767227172852,15.244540214538574,16.292301177978516
19.636215209960938,19.365209579467773,18.8582763671875,18.413583755493164,18.25178337097168,18.19451904296875,18.065351486206055,17.92757797241211,17.88616371154785,17.91944694519043,17.932546615600586,17.853647232055664,17.747814178466797,17.807254791259766,17.961872100830078,18.102806091308594,18.195598602294922,18.2385196685791,18.18858528137207,18.238862991333008,18.449237823486328,18.894731521606445,19.536788940429688,20.092309951782227,20.330745697021484,20.159027099609375,19.66510009765625,19.10980796813965,18.794382095336914,18.710641860961914,18.531526565551758,17.949066162109375,17.022857666015625,16.096235275268555,15.467514991760254,15.229886054992676,15.236882209777832,15.260355949401855,15.296257972717285,15.505127906799316,15.880133628845215,16.278091430664062,16.654590606689453,17.267000198364258
21.859695434570312,21.486188888549805,20.930889129638672,20.380844116210938,20.02401351928711,19.800146102905273,19.57472801208496,19.3907470703125,19.319992065429688,19.28955078125,19.28581428527832,19.289735794067383,19.255725860595703,19.287052154541016,19.388185501098633,19.470977783203125,19.532861709594727,19.600831985473633,19.61321449279785,19.630023956298828,19.721267700195312,19.851781845092773,20.132747650146484,20.526798248291016,20.930219650268555,21.21133804321289,21.23447036743164,20.95914649963379,20.604408264160156,20.436208724975586,20.494009017944336,20.472402572631836,20.043893814086914,19.22060203552246,18.293704986572266,17.606428146362305,17.30031967163086,17.201738357543945,17.098384857177734,17.08295249938965,17.325231552124023,17.763683319091797,18.183626174926758,18.603818893432617
24.00083351135254,23.5281982421875,23.015827178955078,22.57554054260254,22.22148323059082,21.81939697265625,21.332765579223633,20.923946380615234,20.7437686920166,20.778076171875,20.8914737701416,20.97266387939453,20.958660125732422,20.937532424926758,20.984851837158203,21.044198989868164,21.0764102935791,21.099515914916992,21.133283615112305,21.14192008972168,21.189390182495117,21.218942642211914,21.232357025146484,21.31237030029297,21.519895553588867,21.852188110351562,22.20229148864746,22.391496658325195,22.342849731445312,22.202255249023438,22.203346252441406,22.350751876831055,22.39246368408203,22.085325241088867,21.399316787719727,20.54510498046875,19.841943740844727,19.460205078125,19.244873046875,19.038623809814453,18.953550338745117,19.111936569213867,19.42408561706543,19.793787002563477
26.03339958190918,25.493425369262695,24.949758529663086,24.589893341064453,24.35588264465332,24.06297492980957,23.532859802246094,22.878671646118164,22.366132736206055,22.215621948242188,22.386154174804688,22.63917350769043,22.747568130493164,22.71373748779297,22.680631637573242,22.70588493347168,22.77349281311035,22.7906436920166,22.76624870300293,22.724498748779297,22.72176742553711,22.74859046936035,22.732074737548828,22.66985321044922,22.62586784362793,22.729843139648438,23.007429122924805,23.38661003112793,23.692272186279297,23.848466873168945,23.940818786621094,24.092073440551758,24.289669036865234,24.370418548583984,24.155925750732422,23.610002517700195,22.888423919677734,22.26807975769043,21.878862380981445,21.606985092163086,21.358821868896484,21.167734146118164,21.093156814575195,21.16938591003418
28.016098022460938,27.701290130615234,27.0143985748291,26.57671546936035,26.310487747192383,26.033077239990234,25.570146560668945,25.03150177001953,24.554122924804688,24.16551971435547,23.976093292236328,24.04819107055664,24.23866844177246,24.35602569580078,24.364194869995117,24.337854385375977,24.37681007385254,24.455608367919922,24.46157455444336,24.393627166748047,24.347518920898438,24.387365341186523,24.461759567260742,24.463150024414062,24.361774444580078,24.300344467163086,24.344877243041992,24.51910972595215,24.818403244018555,25.16680145263672,25.507402420043945,25.821657180786133,26.120445251464844,26.3519344329834,26.409992218017578,26.234994888305664,25.858535766601562,25.38959312438965,24.969165802001953,24.657161712646484,24.41181182861328,24.158496856689453,23.871875762939453,23.644699096679688
29.556114196777344,29.93916893005371,29.49460792541504,28.847524642944336,28.40074348449707,28.0143985748291,27.421314239501953,26.874778747558594,26.665969848632812,26.506717681884766,26.149564743041992,25.809276580810547,25.695335388183594,25.742233276367188,25.79106330871582,25.8048152923584,25.84372329711914,25.92698860168457,26.030309677124023,26.05808448791504,26.038022994995117,26.06503677368164,26.19146728515625,26.312137603759766,26.36419105529785,26.398181915283203,26.408227920532227,26.38732147216797,26.418134689331055,26.591415405273438,26.944536209106445,27.402591705322266,27.856252670288086,28.201797485351562,28.3710994720459,28.358964920043945,28.247655868530273,28.118562698364258,27.992145538330078,27.857458114624023,27.709548950195312,27.54181671142578,27.333024978637695,27.104476928710938
31.112293243408203,31.39681625366211,31.810840606689453,31.505863189697266,30.83476448059082,30.266860961914062,29.63824462890625,28.98772430419922,28.693418502807617,28.616580963134766,28.373170852661133,27.9724178314209,27.618135452270508,27.38202667236328,27.24614715576172,27.198322296142578,27.25826644897461,27.3698787689209,27.494346618652344,27.60066795349121,27.64278793334961,27.664064407348633,27.736330032348633,27.90165901184082,28.167491912841797,28.44523048400879,28.640689849853516,28.749940872192383,28.750398635864258,28.698396682739258,28.762123107910156,29.041135787963867,29.471153259277344,29.8822078704834,30.144123077392578,30.214385986328125,30.169321060180664,30.157379150390625,30.270477294921875,30.469709396362305,30.64877700805664,30.73183250427246,30.72059440612793,30.66218376159668
34.32292556762695,33.19088363647461,33.34709548950195,33.79701232910156,33.47670364379883,32.76083755493164,32.17189407348633,31.619070053100586,31.21527099609375,30.97761344909668,30.628555297851562,30.136960983276367,29.70107078552246,29.34660530090332,29.052324295043945,28.872390747070312,28.85738182067871,28.989341735839844,29.10541343688965,29.15892791748047,29.177963256835938,29.19550895690918,29.23964500427246,29.440034866333008,29.797943115234375,30.17763328552246,30.50758934020996,30.83933448791504,31.09712791442871,31.17860221862793,31.12395668029785,31.106029510498047,31.2525691986084,31.53574562072754,31.838462829589844,32.030670166015625,32.049198150634766,31.984111785888672,32.01340866088867,32.247344970703125,32.647918701171875,33.076210021972656,33.40073013305664,33.5921745300293
38.293724060058594,36.73314666748047,35.869441986083984,35.95878601074219,35.89103698730469,35.126075744628906,34.58161926269531,34.37800216674805,34.01591873168945,33.62342834472656,33.25578308105469,32.715999603271484,32.07406234741211,31.490488052368164,31.03765869140625,30.802202224731445,30.75796127319336,30.796817779541016,30.83875274658203,30.85601806640625,30.86575698852539,30.923234939575195,31.048688888549805,31.328819274902344,31.70320701599121,32.00921630859375,32.21780014038086,32.446720123291016,32.76490783691406,33.085941314697266,33.263736724853516,33.30968475341797,33.339778900146484,33.44794464111328,33.65984344482422,33.916282653808594,34.08026885986328,34.08015060424805,33.988826751708984,33.97645568847656,34.17750549316406,34.595619201660156,35.09821701049805,35.52703094482422
41.190673828125,40.17607116699219,39.324283599853516,39.048973083496094,38.78968811035156,37.71049499511719,36.740570068359375,36.81439971923828,36.81145477294922,36.224510192871094,35.75248718261719,35.4691276550293,34.97978973388672,34.1810417175293,33.39881896972656,33.00108337402344,32.88192367553711,32.718345642089844,32.51187515258789,32.472991943359375,32.65147399902344,33.01365280151367,33.430641174316406,33.8495979309082,34.218421936035156,34.397945404052734,34.32497787475586,34.12360382080078,34.05202102661133,34.256134033203125,34.61378860473633,34.962005615234375,35.212921142578125,35.39999771118164,35.61240005493164,35.896663665771484,36.19145584106445,36.37460708618164,36.38313293457031,36.26584243774414,36.15604782104492,36.204158782958984,36.46791076660156,36.845054626464844
