data/wind_data/wind_2025-02-19_20.json
{"header": {"parameterUnit": "KT", "parameterCategory": 2, "nx": 255, "ny": 198, "lo1": 44.73521041870117, "la1": -3.236724853515625, "lo2": 111.26478576660156, "la2": 43.468475341796875, "dx": 0.26192745566368103, "dy": -0.23708222806453705, "refTime": "2025-02-19 20:00:00", "forecastTime": 0, "parameterNumber": 2, "parameterNumberName": "eastward_wind"}, "data":
[rows 95 to 113 of 198, columns 129 to 171 of 255]
2.261038303375244,4.388565540313721,5.890956878662109,5.43895959854126,4.4623589515686035,3.2304909229278564,0.604845404624939,-1.0572509765625,-0.5643742680549622,-1.4454329013824463,-1.8169246912002563,0.6615456938743591,0.9161434769630432,-1.2120956182479858,-3.23498797416687,-4.1429643630981445,-4.274013042449951,-3.022676944732666,-0.013632811605930328,0.6788796186447144,-2.835597515106201,-5.782295227050781,-7.070131301879883,-5.645901203155518,-5.117095470428467,-6.231410980224609,-6.099411964416504,-3.439676284790039,-0.8439774513244629,-0.14874818921089172,0.37184858322143555,1.9984983205795288,3.5261664390563965,4.3464789390563965,5.011752128601074,5.026822566986084,4.7710981369018555,4.589621543884277,4.367384433746338,4.337774753570557,4.696693420410156,5.36217737197876,6.110679626464844
2.0286145210266113,3.5637645721435547,4.000956058502197,3.871600866317749,2.4169132709503174,1.886920690536499,2.8726232051849365,-0.8942856788635254,-2.6039822101593018,-0.7629196643829346,-2.162752151489258,-2.1393322944641113,-1.5308377742767334,-2.533642530441284,-2.602978229522705,-2.9323058128356934,-3.744201421737671,-3.632572889328003,-2.0089070796966553,-0.706492006778717,-2.7096972465515137,-5.740817070007324,-6.7199835777282715,-6.349704742431641,-6.389645576477051,-7.457508087158203,-6.1369171142578125,-2.4891412258148193,-1.2897851467132568,-0.6226157546043396,2.249188184738159,3.758150339126587,3.3455421924591064,5.329432010650635,5.337443828582764,4.607062339782715,4.133696556091309,3.8344624042510986,4.031304359436035,4.703919887542725,5.242612838745117,5.620128631591797,5.9569525718688965
3.646641969680786,2.6015822887420654,1.139532208442688,0.8665960431098938,0.8291208148002625,0.5332303047180176,0.6376410722732544,-2.5684235095977783,-2.8236639499664307,-0.16745685040950775,-0.4431244730949402,-2.7455146312713623,-1.8811824321746826,-1.5147721767425537,-2.9707632064819336,-2.8715009689331055,-2.9938580989837646,-3.8492209911346436,-4.575526237487793,-4.154375076293945,-4.058533668518066,-4.799646377563477,-7.058016300201416,-7.473283767700195,-6.8153510093688965,-7.197966575622559,-4.274639129638672,-1.3827439546585083,-1.9381146430969238,-0.9099690318107605,3.2312958240509033,5.606415748596191,4.459305286407471,2.9046883583068848,2.5008809566497803,4.031336784362793,4.755904197692871,4.749617576599121,4.899143218994141,5.536502838134766,6.553000450134277,6.547662734985352,6.546802520751953
3.197561264038086,1.9961782693862915,0.5738842487335205,-0.0464167483150959,0.46124863624572754,1.1700987815856934,-1.536816120147705,-4.090236186981201,-3.8585264682769775,-1.9589831829071045,-0.5539368987083435,-2.3702712059020996,-1.851738452911377,0.6467588543891907,-1.48428475856781,-3.5314292907714844,-3.738151788711548,-4.84725284576416,-6.479269504547119,-5.592343807220459,-2.717052459716797,-3.3470821380615234,-6.960468769073486,-7.406737327575684,-6.017023086547852,-5.593227386474609,-2.372755289077759,-1.0200247764587402,-2.3259987831115723,-0.6192943453788757,3.617760419845581,6.324046611785889,3.506436347961426,1.3642483949661255,1.312164545059204,1.1477382183074951,1.4016447067260742,2.1312780380249023,2.494131326675415,2.1517107486724854,2.1913399696350098,1.958964228630066,2.3044443130493164
0.6238652467727661,0.7197457551956177,0.5611940026283264,0.18516069650650024,0.5208007097244263,0.29053473472595215,-2.6834187507629395,-4.88492488861084,-5.391563892364502,-4.48737096786499,-2.144057512283325,-0.8264051079750061,-0.42980271577835083,-0.9969092011451721,-3.0474648475646973,-3.848395586013794,-3.4855616092681885,-5.365645408630371,-7.1826958656311035,-7.545138835906982,-4.900324821472168,-4.118551254272461,-5.456508159637451,-4.034614086151123,-3.1074118614196777,-3.6036012172698975,-2.4224166870117188,-1.2851454019546509,-0.5851191878318787,1.7766679525375366,4.335665702819824,3.0111441612243652,0.0982382744550705,-0.08833740651607513,0.23284286260604858,0.382578581571579,1.0908151865005493,1.717198133468628,2.2846720218658447,2.879310131072998,2.3496170043945312,1.768938660621643,1.7309181690216064
-1.2130857706069946,-0.5124734044075012,0.24278073012828827,0.3110608458518982,-0.2930091917514801,-1.829231858253479,-3.725107192993164,-5.013948440551758,-5.2059502601623535,-5.970583438873291,-4.612391471862793,-2.420865535736084,-1.3719031810760498,-2.0865659713745117,-3.4339985847473145,-3.36334228515625,-3.9892191886901855,-4.721411228179932,-5.488271713256836,-6.087184429168701,-6.0270915031433105,-5.5995965003967285,-4.626852035522461,-4.9601616859436035,-4.402767181396484,-2.4179625511169434,-1.8196759223937988,-0.7671099305152893,0.8288925886154175,2.801908254623413,2.5975563526153564,-0.33480387926101685,-1.4763373136520386,-0.7429729104042053,-0.31959497928619385,0.12094935029745102,0.9065489768981934,1.7680253982543945,2.585170030593872,3.4481699466705322,3.268880844116211,2.325881004333496,1.7304844856262207
-1.209137201309204,-1.157657265663147,-0.33478352427482605,-0.3098330795764923,-1.364559292793274,-3.148672342300415,-4.333011627197266,-4.980340003967285,-6.47044038772583,-8.132226943969727,-7.855504035949707,-5.779051303863525,-2.569160223007202,-0.7103188633918762,-1.3866790533065796,-3.047614097595215,-5.183966159820557,-6.061814308166504,-5.080776691436768,-4.4419660568237305,-5.845321178436279,-6.454453468322754,-6.015942096710205,-4.6654953956604,-3.4383273124694824,-2.5076024532318115,-0.44157853722572327,2.4844553470611572,3.989814519882202,3.14835786819458,0.5781298279762268,-1.423532247543335,-1.202645182609558,-0.879361629486084,-0.46217870712280273,0.2621158957481384,1.1810243129730225,2.280810832977295,3.2106051445007324,3.7205562591552734,2.9763126373291016,1.7669490575790405,1.243811845779419
-0.6468416452407837,-0.753662645816803,1.413158893585205,1.4958101511001587,-0.419732004404068,-2.944140911102295,-5.307388782501221,-6.142645359039307,-7.181265830993652,-8.107064247131348,-8.426149368286133,-6.721895694732666,-4.0045485496521,-0.04668379947543144,-0.2754982113838196,-3.5879273414611816,-6.5559492111206055,-7.4741692543029785,-5.558053016662598,-4.757956504821777,-5.814281940460205,-6.1793622970581055,-5.257656574249268,-4.014581680297852,-4.211874008178711,-4.239169597625732,-1.4791789054870605,1.4295049905776978,1.863486647605896,2.3070802688598633,2.190059185028076,0.7867823243141174,-0.3467208445072174,-0.9700629711151123,-0.4657931923866272,0.6260557174682617,1.6706607341766357,2.5899972915649414,3.2104787826538086,3.3933844566345215,3.101884603500366,2.493776798248291,2.2292110919952393
-3.9229915142059326,-3.111449956893921,-0.34818899631500244,-0.0373804084956646,-0.7230769991874695,-1.4979270696640015,-5.08816385269165,-7.364773273468018,-7.638509750366211,-7.311530590057373,-6.122203826904297,-5.3394389152526855,-3.7893402576446533,-1.775961995124817,-2.3643782138824463,-4.5769453048706055,-5.990257263183594,-7.313169002532959,-7.675904273986816,-7.134037971496582,-5.928791046142578,-4.286255836486816,-3.752394437789917,-3.5518486499786377,-4.969651699066162,-5.401686668395996,-2.3389453887939453,1.0322885513305664,-0.4710610508918762,-0.10214546322822571,3.6656203269958496,3.885469436645508,1.4003649950027466,-0.5035741925239563,-0.19268237054347992,0.7786211371421814,1.7547599077224731,2.3764915466308594,2.9223968982696533,3.2939836978912354,3.1229162216186523,2.5856406688690186,2.303823947906494
-5.952486515045166,-3.855712890625,-1.5646610260009766,-1.8362470865249634,-3.80539608001709,-3.9052512645721436,-4.813848495483398,-6.238729000091553,-6.507040023803711,-5.5615553855896,-3.782069444656372,-3.8476738929748535,-5.881001949310303,-6.072055339813232,-6.749253749847412,-6.083584308624268,-3.937587261199951,-5.461578845977783,-7.015027046203613,-7.638798236846924,-6.536964416503906,-5.752171039581299,-4.10875940322876,-4.018463611602783,-5.3984575271606445,-5.910679817199707,-3.2488694190979004,0.42914843559265137,0.6017274856567383,0.017178473994135857,0.7956107258796692,2.0623416900634766,2.789196491241455,1.2730650901794434,-0.07046579569578171,0.4183831512928009,1.4723833799362183,2.2899069786071777,2.788722038269043,3.0125691890716553,2.8386070728302,2.713446855545044,2.366602897644043
-6.2921624183654785,-4.667537689208984,-1.672075629234314,-0.7370949983596802,-4.264644622802734,-5.865942001342773,-5.340490818023682,-4.721146583557129,-3.519083261489868,-2.7584104537963867,-2.8055946826934814,-4.8145294189453125,-7.19338321685791,-7.764774799346924,-6.369283199310303,-5.070103645324707,-4.029098987579346,-4.953078746795654,-5.882486820220947,-5.575254917144775,-4.716480255126953,-4.312022686004639,-4.244958877563477,-4.619329929351807,-4.256904602050781,-4.228725433349609,-3.142428159713745,-0.749654233455658,1.2577253580093384,0.46370843052864075,-2.35002064704895,-2.516979932785034,0.07435502111911774,1.1971004009246826,0.2596246898174286,0.16851317882537842,1.3360216617584229,2.4066402912139893,2.9296205043792725,3.1017000675201416,2.502232313156128,2.015416145324707,2.3693623542785645
-6.3246331214904785,-5.385173797607422,-3.2272257804870605,-1.1289396286010742,-3.79746675491333,-6.5053391456604,-6.1927642822265625,-4.365816116333008,-2.9734811782836914,-3.072605848312378,-4.775205612182617,-6.125211238861084,-7.349848747253418,-6.825273036956787,-5.8275065422058105,-3.712730884552002,-2.071340560913086,-3.6533915996551514,-4.738669395446777,-3.0819203853607178,-1.1330214738845825,-1.1012521982192993,-3.1868667602539062,-4.960193157196045,-4.483700752258301,-3.4605534076690674,-3.203799247741699,-1.5195305347442627,0.03145311772823334,-1.3599170446395874,-3.5476651191711426,-4.415863037109375,-3.794840097427368,-1.9698563814163208,-0.8979406952857971,-0.3193531334400177,0.4863121211528778,1.7105398178100586,2.704923152923584,2.650547504425049,1.619223952293396,1.1849520206451416,2.21514630317688
-5.800494194030762,-5.810092449188232,-5.0911030769348145,-3.540680408477783,-3.5690150260925293,-5.558370590209961,-6.210211277008057,-5.648965835571289,-5.08489990234375,-4.548706531524658,-4.628337860107422,-5.290019989013672,-5.241603851318359,-5.216733455657959,-4.63047456741333,-1.0868562459945679,1.1669209003448486,-0.369880348443985,-2.152366876602173,-1.0670745372772217,1.0687592029571533,1.270942211151123,-1.8422223329544067,-4.446192741394043,-5.737490653991699,-5.4121317863464355,-4.252741813659668,-2.5183205604553223,-2.6119236946105957,-3.97743821144104,-4.202244281768799,-4.489272594451904,-4.199876308441162,-3.303601026535034,-2.231940746307373,-1.1284254789352417,-1.0030522346496582,-1.098616361618042,-0.8846139311790466,-0.4547947943210602,0.42442506551742554,1.5374842882156372,2.9212093353271484
-4.664712905883789,-5.5015339851379395,-5.89846134185791,-5.6732707023620605,-4.232770919799805,-4.361660957336426,-5.792240142822266,-6.353837013244629,-4.800926208496094,-4.396134853363037,-4.546922206878662,-4.466568470001221,-3.9279286861419678,-3.983555316925049,-3.835604429244995,-2.0849733352661133,0.5342761278152466,0.8533090353012085,-0.08920091390609741,0.4260782301425934,2.0950100421905518,1.9843416213989258,-0.07012063264846802,-3.1127431392669678,-4.201059341430664,-4.703022480010986,-3.8067588806152344,-2.3746819496154785,-3.440378189086914,-5.124180316925049,-4.624343395233154,-3.8321645259857178,-3.3999364376068115,-3.008380651473999,-2.6080825328826904,-1.428026556968689,-1.2464555501937866,-2.217759609222412,-2.198659896850586,-1.538181185722351,-1.0658013820648193,-0.19951306283473969,1.5495619773864746
-3.438783645629883,-3.858689069747925,-5.055609226226807,-5.720737457275391,-4.399991035461426,-4.692989349365234,-5.604860305786133,-5.464622974395752,-3.991805076599121,-2.6005818843841553,-3.6566336154937744,-4.531277179718018,-4.3070855140686035,-3.1659231185913086,-3.3269286155700684,-3.1176328659057617,-1.8809269666671753,-1.274458646774292,-3.028404712677002,-3.501405715942383,-1.179555892944336,0.595955491065979,-0.05845702812075615,-0.9992122054100037,-2.00691294670105,-2.7189714908599854,-2.6588761806488037,-3.066451072692871,-3.819540500640869,-4.1613078117370605,-3.7867119312286377,-3.475248336791992,-3.3386919498443604,-2.930490493774414,-1.7399067878723145,-0.24756541848182678,0.5921253561973572,0.08761368691921234,-0.7311006188392639,-1.2856966257095337,-2.275204658508301,-2.9436516761779785,-2.643548011779785
-2.0736823081970215,-2.6249396800994873,-3.380739212036133,-4.558720111846924,-4.455746650695801,-4.451440811157227,-5.196794509887695,-5.180560111999512,-4.354334354400635,-2.734572649002075,-2.284555435180664,-3.825935125350952,-4.658468723297119,-3.721792221069336,-3.0181257724761963,-3.3079495429992676,-3.8359179496765137,-4.678677082061768,-4.787970066070557,-4.850919723510742,-3.0317189693450928,-0.1096246987581253,0.6711264848709106,0.2550358772277832,-0.5392860174179077,-1.4968137741088867,-1.9745144844055176,-2.455144166946411,-3.07507586479187,-3.2485222816467285,-2.8194713592529297,-2.225541114807129,-2.434276819229126,-3.1822924613952637,-1.861509084701538,0.6933531165122986,0.660435140132904,-1.5166676044464111,-3.113755464553833,-4.052098751068115,-4.219237327575684,-3.837887763977051,-4.532138347625732
-1.137866497039795,-2.016233205795288,-2.278630018234253,-3.731647253036499,-3.9197611808776855,-2.7747387886047363,-3.07826828956604,-4.6058831214904785,-5.096694469451904,-3.9203896522521973,-1.7634902000427246,-1.7771193981170654,-2.491149425506592,-2.158566951751709,-1.8604953289031982,-2.171426296234131,-2.6215147972106934,-2.915959358215332,-3.2981600761413574,-3.1644716262817383,-2.2281861305236816,-1.0698697566986084,-0.36984387040138245,-0.4376322627067566,-1.3133968114852905,-1.7236135005950928,-1.2724484205245972,-0.9896242618560791,-1.596724033355713,-2.4196438789367676,-2.280653953552246,-1.1449205875396729,-1.3399568796157837,-3.0815811157226562,-3.3222885131835938,-1.5346720218658447,-1.2606779336929321,-3.107959747314453,-3.671306610107422,-4.169766426086426,-4.210893630981445,-3.742316722869873,-3.576385974884033
0.22242975234985352,-1.5383386611938477,-1.2984346151351929,-2.834425449371338,-4.050076961517334,-2.961538076400757,-1.8018980026245117,-3.059218168258667,-4.223928928375244,-4.0625691413879395,-2.667677164077759,-2.1797935962677,-2.3800735473632812,-2.6658594608306885,-2.7097108364105225,-2.143066883087158,-1.1556200981140137,-0.40329235792160034,-0.38222745060920715,-0.7927559614181519,-1.3376398086547852,-1.9702394008636475,-2.0877485275268555,-2.0251452922821045,-2.4690303802490234,-2.70271897315979,-1.9727540016174316,-0.7785724997520447,-0.7147592902183533,-1.992550015449524,-2.2471797466278076,-1.3376083374023438,-1.487261414527893,-2.856490135192871,-3.9158618450164795,-3.6757524013519287,-3.4169249534606934,-3.731447219848633,-4.106163501739502,-4.501828670501709,-4.047430992126465,-3.207118034362793,-2.8061628341674805
1.2722188234329224,-1.5336744785308838,-1.7096258401870728,-2.6066925525665283,-3.6498570442199707,-3.6593377590179443,-2.9244461059570312,-2.8279151916503906,-3.3766160011291504,-4.228935241699219,-4.62318754196167,-4.083793640136719,-2.8762331008911133,-2.3923075199127197,-2.4499120712280273,-2.541196346282959,-2.410508394241333,-1.934545636177063,-1.562646508216858,-1.8207287788391113,-2.3995304107666016,-2.7982561588287354,-2.643946647644043,-2.4140214920043945,-2.5742440223693848,-2.78821063041687,-2.929828643798828,-2.973026752471924,-2.815603494644165,-2.9642159938812256,-3.286130905151367,-3.2039403915405273,-2.914599895477295,-3.346526861190796,-4.0834431648254395,-5.081484317779541,-4.901304244995117,-5.0029425621032715,-5.328677654266357,-5.453485012054443,-5.163595199584961,-4.122361660003662,-3.0382542610168457
