data/wind_data/wind_66_3.json
{"header": {"parameterUnit": "KT", "parameterCategory": 2, "nx": 256, "ny": 198, "lo1": 44.73521041870117, "la1": -3.236724853515625, "lo2": 111.26478576660156, "la2": 43.468475341796875, "dx": 0.2609002888202667, "dy": -0.23708222806453705, "refTime": "2025-02-21 18:00:00", "forecastTime": 0, "parameterNumber": 2, "parameterNumberName": "eastward_wind"}, "data":
[rows 171 to 189 of 198, columns 88 to 131 of 256]
2.042349100112915,-2.056283950805664,-2.132991075515747,-0.1457909345626831,1.5818074941635132,2.642955780029297,3.934457778930664,5.0701003074646,5.9945783615112305,8.017374038696289,10.789780616760254,11.286020278930664,11.549701690673828,11.908113479614258,12.61764907836914,15.242055892944336,17.217439651489258,19.401927947998047,22.424396514892578,21.903568267822266,18.118053436279297,16.419538497924805,17.80838966369629,14.81242561340332,8.81141471862793,15.047368049621582,19.123157501220703,21.93853759765625,25.135026931762695,27.121389389038086,19.844680786132812,14.65998649597168,12.22449779510498,8.17617416381836,0.8766393065452576,1.3890185356140137,4.580008029937744,7.266786575317383,7.868651866912842,6.902820110321045,6.279182434082031,6.101456642150879,6.149343490600586,6.776750564575195
4.3003716468811035,1.2806941270828247,1.1426935195922852,1.0130054950714111,0.46307653188705444,1.4504384994506836,3.8369219303131104,5.817397594451904,7.069803714752197,8.87828540802002,10.991142272949219,11.943415641784668,13.332117080688477,14.51252269744873,14.973917007446289,15.773983001708984,18.37374496459961,19.991378784179688,18.42072868347168,15.200554847717285,16.304656982421875,17.041759490966797,16.056001663208008,16.13766860961914,9.906964302062988,11.929791450500488,16.93719482421875,21.201581954956055,24.694992065429688,23.417367935180664,16.883804321289062,13.374423027038574,10.445878982543945,5.100654125213623,0.831867516040802,2.92055344581604,4.962613582611084,5.395870685577393,4.357553005218506,3.6298882961273193,3.8380043506622314,3.1304402351379395,2.442056179046631,3.0805914402008057
8.013395309448242,6.920041084289551,6.505541801452637,6.543083190917969,6.001562595367432,6.299612522125244,7.623786449432373,8.488850593566895,8.598462104797363,8.66964054107666,10.34013557434082,13.234610557556152,15.69904899597168,16.562000274658203,16.63866424560547,16.512845993041992,19.06363868713379,18.646129608154297,14.6417875289917,9.043116569519043,13.495333671569824,15.131473541259766,14.915271759033203,16.24596405029297,15.284927368164062,13.301527976989746,15.48237419128418,20.897722244262695,22.104473114013672,18.081897735595703,14.816478729248047,13.118857383728027,7.287438869476318,1.9815586805343628,1.625183343887329,3.130139112472534,3.233797073364258,2.662665367126465,2.008876323699951,1.8115289211273193,1.5087883472442627,0.45494508743286133,-0.28037431836128235,0.29364213347435
11.118120193481445,10.330545425415039,9.24478530883789,8.417262077331543,8.49918270111084,9.247678756713867,9.575368881225586,11.026552200317383,12.472944259643555,10.78809642791748,9.516744613647461,12.204533576965332,14.698090553283691,16.147920608520508,17.196861267089844,18.77277183532715,19.02156639099121,16.379302978515625,13.075417518615723,13.191265106201172,13.406371116638184,10.514713287353516,13.813921928405762,17.176326751708984,15.277907371520996,13.827595710754395,18.127456665039062,20.329179763793945,16.68004035949707,14.84201717376709,9.719749450683594,5.12959098815918,1.4675967693328857,0.46532344818115234,1.263105034828186,1.5047309398651123,1.3800592422485352,1.0962285995483398,0.9193968772888184,0.505958616733551,-0.5065639615058899,0.01183424424380064,-0.2522357106208801,-0.08709388971328735
9.349278450012207,10.153738021850586,10.04000473022461,9.217236518859863,9.689347267150879,10.230488777160645,10.638232231140137,11.873947143554688,13.099385261535645,13.545048713684082,13.696646690368652,14.964369773864746,16.89560317993164,18.194738388061523,19.11931610107422,21.604528427124023,20.98004150390625,15.457326889038086,11.8594388961792,12.790534973144531,12.6218843460083,5.2514214515686035,11.539108276367188,17.047016143798828,16.742774963378906,16.028841018676758,18.805355072021484,16.57566261291504,12.957086563110352,7.59808349609375,2.089226722717285,-0.7953507304191589,-1.7400853633880615,-1.6854913234710693,-0.5120611190795898,-0.3862389326095581,0.30878332257270813,0.8735529184341431,0.878448486328125,0.013633047230541706,-0.9055221676826477,0.12111092358827591,0.690497100353241,0.7915419936180115
10.119023323059082,11.638957023620605,11.862442016601562,11.316100120544434,11.288939476013184,11.180787086486816,12.032905578613281,12.939841270446777,13.377361297607422,14.351167678833008,15.784887313842773,17.02671241760254,18.26717758178711,18.879446029663086,19.431394577026367,22.725208282470703,22.21232032775879,14.494184494018555,11.386116981506348,13.813751220703125,13.350519180297852,10.525409698486328,12.183526039123535,15.740074157714844,15.868791580200195,15.848567008972168,15.868255615234375,13.20405387878418,8.048398971557617,1.5711333751678467,-2.5643556118011475,-2.3132083415985107,-2.177802801132202,-2.3691060543060303,-1.9734077453613281,-0.9612016677856445,0.36495423316955566,1.1607334613800049,1.101095199584961,0.3522028923034668,-0.29768168926239014,0.5710076689720154,1.4320451021194458,1.8802521228790283
11.739374160766602,12.478093147277832,12.869068145751953,13.04524040222168,12.46386432647705,11.804281234741211,13.024396896362305,14.606487274169922,15.431183815002441,16.303659439086914,17.271713256835938,17.8121337890625,17.35105323791504,18.029706954956055,19.251298904418945,19.455232620239258,17.43360137939453,15.043782234191895,14.319947242736816,17.829044342041016,15.564323425292969,11.599827766418457,12.115421295166016,14.401118278503418,14.004469871520996,13.40908432006836,11.066488265991211,7.956247329711914,6.073814868927002,2.9703726768493652,0.4956207573413849,0.6960266828536987,-0.5269656777381897,-1.2755285501480103,-2.6307575702667236,-1.849256157875061,-0.5013149380683899,0.5998709201812744,1.065474033355713,1.1547108888626099,0.9350002408027649,1.4728950262069702,1.7523274421691895,1.366733431816101
11.488255500793457,12.129379272460938,12.402504920959473,12.067193984985352,11.414965629577637,12.87043571472168,13.990792274475098,15.0757417678833,16.39064598083496,17.77811050415039,18.004201889038086,18.732118606567383,17.797971725463867,18.25594139099121,18.301137924194336,15.405333518981934,12.734280586242676,13.682014465332031,16.004680633544922,16.020292282104492,12.210116386413574,10.455160140991211,11.484369277954102,13.789789199829102,12.897239685058594,8.65701961517334,6.7781195640563965,6.23753547668457,6.470028400421143,7.607436656951904,6.498809814453125,4.527792930603027,0.6135649085044861,0.15067945420742035,-1.7971364259719849,-1.8199994564056396,-1.2965538501739502,0.178102508187294,1.343475580215454,1.955444574356079,2.411680221557617,2.990907907485962,2.9390463829040527,1.9471386671066284
11.163837432861328,12.154712677001953,11.343238830566406,10.50620174407959,11.21391773223877,12.802618980407715,13.533061981201172,13.870328903198242,14.55416488647461,15.541141510009766,16.26372528076172,16.33460807800293,15.542860984802246,15.664011001586914,17.004133224487305,16.708574295043945,16.620609283447266,15.319082260131836,14.320836067199707,11.754636764526367,9.795371055603027,12.848711013793945,13.283284187316895,13.489978790283203,12.299381256103516,8.410011291503906,6.688863277435303,6.208539962768555,6.462371349334717,7.2558183670043945,8.693159103393555,7.188697338104248,2.2788848876953125,1.0339614152908325,-0.3317578434944153,-0.2434772551059723,0.16111809015274048,0.9670300483703613,2.2249343395233154,3.6734824180603027,4.199454307556152,4.765050411224365,4.509171009063721,4.282222270965576
11.923707962036133,13.14816665649414,13.031002044677734,12.585027694702148,12.601395606994629,13.066940307617188,13.187439918518066,13.002074241638184,12.430211067199707,10.872648239135742,9.756986618041992,9.000136375427246,8.610339164733887,9.475533485412598,11.750553131103516,13.245142936706543,14.243691444396973,14.32458782196045,13.878003120422363,13.841195106506348,11.99615478515625,11.352937698364258,12.16857624053955,11.077042579650879,9.187711715698242,8.773238182067871,7.283301830291748,7.096853256225586,6.6770405769348145,6.1339802742004395,7.02436637878418,7.727305889129639,7.070609092712402,4.923125267028809,1.6076369285583496,1.6559096574783325,2.4365923404693604,2.419647455215454,3.190330743789673,4.477275371551514,5.066282749176025,3.913085699081421,3.1795098781585693,3.2846622467041016
12.649195671081543,14.380707740783691,15.05871295928955,14.866243362426758,14.519994735717773,14.214951515197754,13.8126220703125,13.510612487792969,12.773171424865723,10.812146186828613,7.510579586029053,5.454102039337158,5.542262554168701,5.986147880554199,7.112880229949951,8.903975486755371,10.383867263793945,11.5503511428833,12.531180381774902,12.477198600769043,11.007734298706055,8.995162010192871,8.374367713928223,6.342945575714111,4.237907886505127,5.4868855476379395,4.728030204772949,6.1569719314575195,6.502108097076416,5.726075649261475,5.919458389282227,7.235995292663574,7.911539554595947,8.386133193969727,7.387529373168945,4.425212383270264,2.6829566955566406,3.6531896591186523,4.060688018798828,4.641908168792725,3.432640790939331,0.6812344789505005,0.5752094388008118,1.1886262893676758
13.138338088989258,14.573646545410156,15.425111770629883,15.627761840820312,15.48094367980957,14.644937515258789,13.625492095947266,13.097679138183594,13.600465774536133,12.869956016540527,10.57790756225586,5.2618608474731445,2.492511510848999,3.2919118404388428,4.669779300689697,6.127562522888184,6.885106563568115,7.258626937866211,7.925958156585693,8.345040321350098,8.373568534851074,5.319616794586182,2.39072585105896,2.8401031494140625,3.13029146194458,2.9697694778442383,3.440264940261841,4.812320709228516,5.948617458343506,6.122729301452637,6.196863174438477,6.035060405731201,6.102907180786133,6.305534839630127,6.564525604248047,7.027387619018555,3.833322286605835,2.6623010635375977,2.983761787414551,2.4499917030334473,1.1591373682022095,-0.06636861711740494,-0.24330349266529083,0.36401665210723877
13.41270923614502,14.16621208190918,14.590609550476074,14.491039276123047,13.78470230102539,12.86496639251709,11.606252670288086,11.041315078735352,12.276044845581055,12.481200218200684,12.155756950378418,8.633234977722168,3.143620014190674,1.8297168016433716,2.142591714859009,2.2433011531829834,2.235316038131714,2.2273924350738525,2.615842342376709,3.3585543632507324,3.4967730045318604,1.0052692890167236,0.115239717066288,2.638463020324707,2.166757345199585,2.178661346435547,3.15582013130188,4.518617630004883,5.5506157875061035,6.5795111656188965,6.955080986022949,5.80540132522583,5.058867931365967,3.6466259956359863,2.181764602661133,4.587532997131348,4.1576619148254395,3.070225954055786,2.8473854064941406,2.6250860691070557,3.5312304496765137,4.690380096435547,4.842674255371094,4.141714096069336
13.377592086791992,13.558602333068848,12.969846725463867,11.738677978515625,10.383526802062988,10.081188201904297,8.752303123474121,7.250123023986816,7.56472635269165,8.803242683410645,9.86601448059082,10.245659828186035,6.962289810180664,2.7193491458892822,0.48909446597099304,-0.13009105622768402,-0.36502858996391296,-0.6098421216011047,-0.050009001046419144,0.7704029679298401,-0.013661685399711132,-0.5240289568901062,0.7530115842819214,1.7257624864578247,0.6195158958435059,1.3603261709213257,2.8976380825042725,4.673377513885498,5.794484615325928,5.754130840301514,4.57961893081665,2.678493022918701,2.2756388187408447,-0.03327592462301254,-1.6950961351394653,0.5562728047370911,1.878851294517517,3.070139169692993,1.5288535356521606,2.7999372482299805,4.575473308563232,7.83102560043335,9.612653732299805,10.208383560180664
13.112863540649414,12.397141456604004,10.606032371520996,8.570960998535156,7.41911506652832,7.603060722351074,6.3203206062316895,4.024959087371826,5.301379203796387,7.640060901641846,8.661850929260254,9.000575065612793,7.994668960571289,4.1345086097717285,0.7824813723564148,-0.23012778162956238,-0.35470062494277954,-0.7334524989128113,-0.03352070227265358,0.4092027544975281,-0.49874618649482727,-0.4552088975906372,0.4435407221317291,0.5547258853912354,0.07999061793088913,0.3329925537109375,1.5123523473739624,2.966219425201416,4.372068881988525,4.163744926452637,1.637402892112732,-0.36272263526916504,-1.2508907318115234,-2.022343873977661,-2.6593096256256104,-1.088357925415039,0.1785765439271927,1.1291321516036987,1.8140006065368652,1.6529415845870972,3.610966682434082,6.040622711181641,8.97362232208252,10.043601036071777
12.186796188354492,10.278595924377441,7.96244478225708,5.875193119049072,4.893011093139648,5.360302448272705,5.087361812591553,3.4403023719787598,5.39202356338501,7.823766231536865,8.247212409973145,7.4066362380981445,6.728029251098633,4.872737407684326,1.730137586593628,-0.15556001663208008,0.0493294782936573,0.19945186376571655,0.03979505971074104,-0.12829746305942535,0.0479637086391449,0.531096339225769,0.06551436334848404,-1.2749083042144775,-1.8930895328521729,-1.1932803392410278,-0.8939143419265747,-0.21651245653629303,1.9909439086914062,1.6569430828094482,-0.8377532362937927,-1.7325763702392578,-3.9022133350372314,-4.02159309387207,-3.3444976806640625,-1.3571590185165405,0.359078973531723,1.2304660081863403,1.5428917407989502,1.2961382865905762,2.56935977935791,4.371969699859619,8.33386516571045,7.636484146118164
10.325029373168945,7.984405517578125,5.9147162437438965,4.147944927215576,3.1928036212921143,4.239116668701172,5.370597839355469,5.867819309234619,7.083288669586182,7.770137786865234,6.972132205963135,5.7573723793029785,5.014461040496826,6.206613063812256,3.7979536056518555,1.4460012912750244,0.8676300644874573,1.0063774585723877,0.19627775251865387,-0.27476945519447327,1.7988535165786743,-0.9958202242851257,-2.170238733291626,-0.7505353093147278,-1.7212016582489014,-1.1942733526229858,-0.283088356256485,-0.8024289011955261,-1.565091609954834,-2.286062002182007,-3.663149833679199,-4.699748992919922,-5.213072299957275,-5.315364837646484,-3.843961000442505,-1.6691700220108032,0.8742882013320923,2.838008165359497,3.261803150177002,2.8603639602661133,2.555671453475952,3.408951759338379,5.318451881408691,7.830055236816406
7.872476577758789,5.990211009979248,4.344989776611328,2.826941967010498,1.848374366760254,3.2052083015441895,5.3292131423950195,7.484402656555176,7.965003967285156,7.11859655380249,5.850436687469482,5.818633556365967,3.2720067501068115,2.801339864730835,2.6381921768188477,1.3537927865982056,0.5817750692367554,0.5182093977928162,0.15972012281417847,0.024612687528133392,-4.2263054847717285,-6.5581841468811035,-1.240586757659912,-2.011370897293091,-0.72306889295578,-1.14821457862854,-2.5416996479034424,-0.945077121257782,-1.012028455734253,-1.2892354726791382,-1.981120228767395,-2.670671224594116,-1.67219078540802,-1.138954997062683,-0.46877774596214294,1.0851068496704102,3.5836598873138428,5.50893497467041,6.337964057922363,6.119224548339844,4.656296253204346,4.066045761108398,3.7030410766601562,5.028326988220215
6.017803192138672,4.708136081695557,3.5060997009277344,2.353581666946411,1.472597599029541,2.2536025047302246,4.513120174407959,6.718271255493164,7.093161106109619,5.572428226470947,3.961066484451294,4.585302829742432,2.806610584259033,1.4645644426345825,0.9194283485412598,0.33297744393348694,-0.780276894569397,-1.8418949842453003,-2.945902109146118,-1.9126319885253906,-2.8716421127319336,-6.104366302490234,-4.339836120605469,-4.014285087585449,-3.4476418495178223,-3.334320068359375,-4.330121040344238,-4.628266334533691,-4.522041320800781,-1.514976143836975,-0.7893633246421814,-0.2121380716562271,1.3787750005722046,2.9337270259857178,2.9875800609588623,3.150359869003296,3.528324842453003,4.496903419494629,5.714156150817871,6.29633903503418,6.485549449920654,5.372607231140137,3.1222634315490723,2.676889657974243
