data/wind_data/wind_53_1.json
{"header": {"parameterUnit": "KT", "parameterCategory": 2, "nx": 256, "ny": 198, "lo1": 44.73521041870117, "la1": -3.236724853515625, "lo2": 111.26478576660156, "la2": 43.468475341796875, "dx": 0.2609002888202667, "dy": -0.23708222806453705, "refTime": "2025-02-21 05:00:00", "forecastTime": 0, "parameterNumber": 2, "parameterNumberName": "eastward_wind"}, "data":
[rows 133 to 151 of 198, columns 172 to 214 of 256]
7.732254505157471,7.062270164489746,9.09195613861084,11.236273765563965,12.383381843566895,11.95293140411377,9.152318000793457,2.8774828910827637,3.5957090854644775,6.8017048835754395,11.275915145874023,14.643452644348145,15.718549728393555,12.446690559387207,5.751776695251465,0.5832850337028503,0.9844882488250732,4.572092533111572,1.8796908855438232,-9.762076377868652,-7.243663787841797,-0.5142040252685547,-2.2463104724884033,2.378960371017456,3.7302143573760986,5.567430019378662,11.221446990966797,16.40592384338379,-1.672573208808899,-0.2877904772758484,7.377763748168945,8.79486083984375,2.262516498565674,5.818568229675293,5.238047122955322,2.4898064136505127,7.305727005004883,3.471318006515503,8.577224731445312,8.69610595703125,7.30940580368042,4.804908275604248,3.0692644119262695
9.58916187286377,8.307591438293457,9.776494979858398,11.767992973327637,14.85469913482666,12.454747200012207,11.589296340942383,7.627317428588867,5.9063005447387695,6.908426761627197,12.210958480834961,16.316661834716797,15.04591178894043,11.993178367614746,8.361881256103516,8.260724067687988,7.048280715942383,5.155757427215576,0.6965411305427551,-4.408118724822998,-2.856858015060425,0.993560791015625,0.7947254776954651,2.5363729000091553,8.223711967468262,11.416387557983398,8.48903751373291,11.620187759399414,5.743749141693115,6.3023810386657715,7.914902210235596,8.650689125061035,3.5441055297851562,5.689691543579102,9.859552383422852,1.0212020874023438,4.560801982879639,2.03901743888855,10.670937538146973,9.252605438232422,6.097788333892822,3.1445019245147705,1.7958669662475586
11.501516342163086,9.041083335876465,11.38807201385498,12.306941986083984,13.93541145324707,13.990333557128906,12.125048637390137,10.865087509155273,11.113632202148438,12.322057723999023,13.327590942382812,13.451323509216309,14.96454906463623,14.722701072692871,13.08779525756836,14.157032012939453,13.239205360412598,4.965158462524414,2.2616000175476074,0.9989920854568481,1.237855076789856,2.6919338703155518,6.334896564483643,8.425936698913574,11.992799758911133,10.03596305847168,6.607715129852295,9.697135925292969,12.693965911865234,9.181735038757324,5.333283424377441,4.732601165771484,6.264254570007324,4.769309043884277,11.697608947753906,3.577822208404541,1.7345391511917114,2.2887020111083984,10.595704078674316,9.91806697845459,6.54262638092041,4.725113391876221,5.859498500823975
12.286201477050781,10.078130722045898,13.761756896972656,15.771796226501465,18.05202293395996,15.025350570678711,11.420150756835938,10.475724220275879,12.14769172668457,14.93076229095459,14.359999656677246,14.55579662322998,14.915786743164062,14.67546558380127,13.987862586975098,14.230218887329102,13.163086891174316,5.7431535720825195,3.810316324234009,4.43377685546875,5.560054779052734,6.596698760986328,12.13537883758545,10.627866744995117,9.440762519836426,7.2234416007995605,7.013178825378418,13.25344467163086,13.410270690917969,5.528933048248291,3.167513608932495,4.186043739318848,5.893642902374268,5.7066240310668945,9.187655448913574,7.960927486419678,2.1377944946289062,3.4980669021606445,10.243922233581543,11.379070281982422,9.048545837402344,6.378037452697754,10.308331489562988
11.850232124328613,12.155238151550293,12.469968795776367,12.435599327087402,12.121950149536133,12.577398300170898,13.477471351623535,13.533501625061035,13.12309455871582,12.362483024597168,13.309347152709961,14.286444664001465,14.397107124328613,13.301339149475098,15.212912559509277,19.260374069213867,14.343548774719238,7.31188440322876,5.451471328735352,8.126908302307129,10.392197608947754,11.472834587097168,9.847762107849121,5.7308783531188965,5.511402130126953,6.73994779586792,9.717325210571289,14.307490348815918,11.08411979675293,3.2802906036376953,3.0596280097961426,5.2345051765441895,6.148187160491943,7.5936503410339355,8.293379783630371,8.436714172363281,7.3835883140563965,8.153240203857422,9.71817684173584,10.43388843536377,9.946118354797363,10.51975154876709,9.574372291564941
12.900212287902832,13.475683212280273,13.219928741455078,13.614096641540527,13.732490539550781,14.232405662536621,14.618369102478027,14.446622848510742,15.322805404663086,14.18860912322998,14.68438720703125,15.702540397644043,14.811283111572266,12.65841007232666,14.685111999511719,21.637577056884766,16.53896141052246,7.036986351013184,6.972282409667969,8.819965362548828,7.545738697052002,7.903348445892334,3.115236520767212,7.966963291168213,5.9659833908081055,8.597525596618652,12.53664779663086,11.903176307678223,7.2989678382873535,3.3606274127960205,4.2084503173828125,6.972402572631836,7.035460948944092,8.722551345825195,8.730880737304688,8.846464157104492,8.06821060180664,8.255144119262695,10.129021644592285,10.881166458129883,11.668862342834473,8.248566627502441,9.11166000366211
14.000627517700195,14.694360733032227,14.315400123596191,14.105140686035156,14.157116889953613,14.493569374084473,15.739395141601562,15.350136756896973,16.26125717163086,14.177191734313965,12.728336334228516,14.736722946166992,15.089864730834961,13.145941734313965,13.53237247467041,15.217657089233398,11.051194190979004,-0.9493721723556519,2.355832815170288,3.989403009414673,5.770152568817139,5.406285762786865,5.227746963500977,7.301761150360107,7.222689628601074,12.790093421936035,13.787872314453125,10.154735565185547,5.263650894165039,4.463895320892334,6.343381404876709,7.838364124298096,8.645753860473633,9.20014476776123,10.245499610900879,9.366381645202637,11.441503524780273,7.663412570953369,8.228160858154297,10.80574893951416,11.204412460327148,10.749372482299805,6.9235076904296875
15.64000415802002,16.512815475463867,15.367816925048828,14.369638442993164,14.844842910766602,15.240477561950684,15.9367036819458,15.070653915405273,14.977952003479004,12.64715576171875,10.135656356811523,17.209217071533203,11.952031135559082,8.931496620178223,12.812350273132324,12.675118446350098,2.4037647247314453,-2.2034006118774414,-1.8082383871078491,0.88327956199646,3.9564037322998047,5.355647087097168,7.085476875305176,11.09765911102295,12.127065658569336,16.834627151489258,13.85806655883789,9.05500602722168,6.015445709228516,6.70123815536499,8.366046905517578,8.9561128616333,9.964887619018555,10.525222778320312,10.438214302062988,11.111842155456543,12.961556434631348,9.69296646118164,9.652790069580078,9.965582847595215,11.374658584594727,12.309874534606934,9.643922805786133
17.454896926879883,18.68673324584961,18.70313835144043,16.6016788482666,15.278862953186035,15.557536125183105,15.212739944458008,14.651376724243164,14.725581169128418,11.261286735534668,14.524595260620117,11.32402229309082,0.4578106105327606,5.201342582702637,11.558073043823242,7.297349452972412,-0.31561675667762756,-0.8776478171348572,2.5996925830841064,4.147779941558838,6.2257890701293945,6.279672622680664,10.582441329956055,14.768706321716309,16.557064056396484,17.825014114379883,11.339096069335938,8.700069427490234,6.980157852172852,8.110259056091309,8.857949256896973,9.028775215148926,10.535209655761719,11.194791793823242,10.106522560119629,12.347683906555176,14.29609489440918,9.027151107788086,8.3627290725708,8.848209381103516,10.463467597961426,11.834413528442383,9.5197172164917
17.29990577697754,15.578985214233398,15.330530166625977,14.105854988098145,14.008682250976562,13.511178970336914,12.976165771484375,14.347688674926758,13.482573509216309,12.065970420837402,12.536015510559082,10.493576049804688,7.476390838623047,7.3148088455200195,8.147528648376465,6.780397415161133,4.343440532684326,4.006386756896973,5.674386501312256,7.516927242279053,8.208903312683105,10.674835205078125,14.3242826461792,16.81278419494629,19.110036849975586,15.517568588256836,7.6570329666137695,5.0302863121032715,4.393709182739258,6.331137657165527,8.815629959106445,10.061721801757812,10.93562126159668,11.386991500854492,10.964788436889648,15.833184242248535,12.74272346496582,1.7944903373718262,2.7265584468841553,5.524366855621338,8.040359497070312,10.996649742126465,10.111454010009766
16.206512451171875,14.461094856262207,13.336138725280762,13.55052661895752,13.3954496383667,11.099076271057129,10.502594947814941,13.759108543395996,13.706391334533691,12.315975189208984,11.838790893554688,9.02101993560791,9.334432601928711,10.102263450622559,8.63509464263916,8.55161190032959,9.381341934204102,9.506524085998535,7.374326229095459,10.62681770324707,14.343362808227539,16.3262996673584,17.22663688659668,18.820768356323242,18.706562042236328,12.032404899597168,4.438589096069336,1.4964483976364136,2.595548152923584,7.502636432647705,12.756089210510254,11.581258773803711,10.36575984954834,12.20235824584961,14.228721618652344,15.842957496643066,9.655985832214355,0.4359496235847473,1.111490249633789,4.6842122077941895,8.922648429870605,11.439395904541016,10.801539421081543
18.350326538085938,16.409887313842773,14.823529243469238,13.179570198059082,12.56124210357666,10.092601776123047,9.603229522705078,11.836517333984375,14.481085777282715,12.219943046569824,11.302888870239258,8.62916374206543,9.351649284362793,11.8945951461792,12.497289657592773,11.608855247497559,11.714003562927246,13.542905807495117,12.700037956237793,13.057504653930664,15.439813613891602,18.547256469726562,16.39248275756836,18.478174209594727,11.7302827835083,6.344057559967041,3.8209760189056396,2.7412173748016357,3.593949317932129,12.567238807678223,13.45908260345459,9.647101402282715,10.36881160736084,14.936018943786621,13.57764720916748,11.873180389404297,9.452393531799316,5.753973484039307,5.051452159881592,7.551059246063232,11.893536567687988,12.618480682373047,11.277447700500488
19.281551361083984,17.79815101623535,15.0233154296875,13.244098663330078,11.858492851257324,11.012662887573242,10.402766227722168,11.529478073120117,14.861275672912598,13.962677955627441,12.720826148986816,11.369538307189941,12.619485855102539,13.744999885559082,14.494051933288574,13.477437973022461,12.56408977508545,13.933496475219727,15.757010459899902,16.407854080200195,16.659954071044922,17.474260330200195,12.20835018157959,11.151897430419922,6.861484527587891,7.221235752105713,6.584373474121094,6.257320404052734,9.000060081481934,14.030512809753418,8.62279987335205,8.362939834594727,12.047394752502441,10.13416862487793,5.5155348777771,6.023541450500488,6.9345550537109375,9.782164573669434,10.232808113098145,10.27387523651123,10.981226921081543,12.880534172058105,9.602880477905273
20.24896240234375,20.46698570251465,17.08867645263672,13.660042762756348,12.910181999206543,13.741110801696777,12.787731170654297,12.55256175994873,14.315465927124023,14.760571479797363,14.129785537719727,13.118148803710938,13.949113845825195,15.135566711425781,14.420641899108887,13.764877319335938,13.732999801635742,13.23449993133545,15.9182710647583,16.951250076293945,18.091440200805664,16.60509490966797,10.430953025817871,10.05142879486084,11.535346031188965,11.689407348632812,10.519492149353027,10.20655345916748,11.968297958374023,9.065689086914062,8.409869194030762,11.707344055175781,5.036910057067871,1.832959532737732,3.272414445877075,6.744546413421631,10.6727933883667,12.946378707885742,12.280807495117188,10.086625099182129,10.927845001220703,11.000033378601074,7.6129469871521
22.063844680786133,19.734128952026367,18.50826072692871,15.431052207946777,14.524832725524902,14.124309539794922,14.148784637451172,16.664073944091797,17.83713722229004,16.94150733947754,15.125151634216309,15.180819511413574,15.1491117477417,15.030672073364258,14.455429077148438,14.451725959777832,15.668328285217285,15.874670028686523,16.729503631591797,16.525562286376953,15.363198280334473,12.414712905883789,10.73524284362793,13.068168640136719,16.251821517944336,16.52179527282715,14.452601432800293,13.634536743164062,11.681262016296387,7.513683319091797,9.836548805236816,6.74147367477417,3.798443555831909,3.4872705936431885,6.784432411193848,10.85743236541748,14.428112983703613,14.309660911560059,12.917445182800293,10.36885929107666,11.777362823486328,9.46331787109375,7.023552417755127
19.935060501098633,20.260448455810547,16.876644134521484,16.332805633544922,13.654934883117676,14.858007431030273,13.825785636901855,15.522552490234375,17.048587799072266,14.727949142456055,14.143638610839844,14.768606185913086,15.858609199523926,16.049896240234375,14.23317813873291,15.329973220825195,16.25499153137207,16.73960304260254,18.26416778564453,15.96831226348877,11.643048286437988,11.244001388549805,15.368036270141602,17.27193260192871,18.2550106048584,17.862850189208984,17.231159210205078,15.426462173461914,11.388968467712402,8.494440078735352,7.086716175079346,4.106637477874756,4.4151930809021,5.839259624481201,9.158998489379883,12.89579963684082,14.690058708190918,14.448049545288086,12.964048385620117,12.01706600189209,12.81136417388916,10.20566177368164,7.183180332183838
21.718408584594727,20.050212860107422,17.069211959838867,14.838934898376465,15.998297691345215,15.072789192199707,15.761404991149902,16.279897689819336,16.864809036254883,15.435044288635254,14.306443214416504,14.526925086975098,15.937335968017578,16.074684143066406,15.651768684387207,15.109865188598633,15.659350395202637,15.532861709594727,18.47958755493164,14.897500991821289,13.115900039672852,18.256256103515625,19.160734176635742,20.7858943939209,19.91975212097168,19.856016159057617,18.766569137573242,14.22812271118164,11.056726455688477,8.478657722473145,7.110655784606934,4.938076019287109,5.178818225860596,7.640960693359375,11.496171951293945,13.702591896057129,14.009354591369629,13.43420696258545,13.634450912475586,13.018245697021484,12.4961576461792,10.18360710144043,8.184295654296875
23.000505447387695,20.644624710083008,19.486148834228516,19.81353759765625,19.8352108001709,18.02734375,17.15673065185547,16.99836540222168,15.859990119934082,15.623625755310059,15.277511596679688,14.821259498596191,15.498237609863281,15.934944152832031,16.404756546020508,15.26712703704834,15.325119972229004,14.729850769042969,15.563709259033203,16.63982391357422,16.984331130981445,19.03848648071289,21.178485870361328,22.582698822021484,21.054380416870117,21.1905460357666,18.650569915771484,13.58950424194336,9.18281364440918,6.371757507324219,6.854726314544678,7.399496555328369,6.95815372467041,8.746798515319824,12.190051078796387,13.198169708251953,13.16505241394043,13.208969116210938,13.294646263122559,12.161188125610352,12.398276329040527,11.082254409790039,9.528580665588379
23.37702178955078,21.737651824951172,21.63007164001465,22.394237518310547,21.24785804748535,17.525127410888672,15.59281063079834,13.692024230957031,14.757821083068848,15.860655784606934,16.110607147216797,16.167369842529297,16.9934024810791,16.10822105407715,15.441713333129883,15.377274513244629,15.83178424835205,16.02774429321289,15.814635276794434,16.834976196289062,17.728031158447266,19.76192283630371,21.14816665649414,21.171451568603516,20.99717903137207,21.33432388305664,18.099864959716797,13.505372047424316,10.419025421142578,8.833983421325684,8.261259078979492,10.524795532226562,10.728049278259277,10.395687103271484,11.405989646911621,12.34064769744873,12.68777847290039,12.875016212463379,11.792501449584961,12.826784133911133,13.379314422607422,10.399935722351074,9.209370613098145
