data/wind_data/wind_30_9.json
{"header": {"parameterUnit": "KT", "parameterCategory": 2, "nx": 256, "ny": 198, "lo1": 44.73521041870117, "la1": -3.236724853515625, "lo2": 111.26478576660156, "la2": 43.468475341796875, "dx": 0.2609002888202667, "dy": -0.23708222806453705, "refTime": "2025-02-20 06:00:00", "forecastTime": 0, "parameterNumber": 2, "parameterNumberName": "eastward_wind"}, "data":
[rows 114 to 132 of 198, columns 129 to 171 of 256]
-2.9840731620788574,-2.9729273319244385,-1.626896619796753,-0.38570621609687805,0.43059587478637695,0.6637465357780457,1.0693873167037964,2.843743085861206,5.199439525604248,6.595367431640625,6.530121326446533,6.007656097412109,5.995293617248535,5.381632328033447,3.17732834815979,1.0633528232574463,0.6994829177856445,1.6948422193527222,2.7500574588775635,3.4694130420684814,4.1905341148376465,4.820643901824951,4.472194671630859,2.8486597537994385,1.2576276063919067,0.8408468961715698,1.5136134624481201,2.9519312381744385,4.374053955078125,5.073244571685791,4.392646789550781,2.2433104515075684,-0.17831046879291534,-2.010080575942993,-2.7124862670898438,-2.4611692428588867,-2.3308517932891846,-2.359584331512451,-1.9444388151168823,-1.1695001125335693,-0.2634419798851013,0.5406509041786194,1.1105462312698364
-1.6971811056137085,-1.7738871574401855,-0.8785817623138428,-0.100696861743927,0.28990438580513,0.7264527678489685,1.7173007726669312,3.5189850330352783,5.595440864562988,7.003121376037598,7.751524448394775,7.904635906219482,6.581528186798096,4.040006160736084,0.976202130317688,-1.6034550666809082,-2.288889169692993,-1.1934130191802979,0.14011257886886597,1.0106980800628662,1.9549118280410767,3.059096336364746,3.6179447174072266,2.9793553352355957,1.8271236419677734,1.5623853206634521,2.564173460006714,4.2427778244018555,5.552490711212158,5.874625205993652,5.009769439697266,2.9346680641174316,0.7538101077079773,-0.5808809399604797,-1.097915530204773,-1.4458812475204468,-2.6768317222595215,-4.708672046661377,-5.954311370849609,-5.249639511108398,-3.2231242656707764,-1.055160641670227,0.5357373952865601
-0.5391203165054321,-0.6923086047172546,-0.4038181006908417,0.05094170570373535,0.19368642568588257,0.5960472226142883,2.0109221935272217,3.858381986618042,5.384735107421875,6.638430118560791,7.983257293701172,8.47453498840332,6.454188346862793,2.294800281524658,-1.6603983640670776,-4.000514030456543,-4.501166820526123,-3.859323501586914,-2.9637410640716553,-1.9671152830123901,-0.7067005038261414,0.8551751375198364,2.06901478767395,2.602525234222412,2.795574903488159,3.1929686069488525,4.330437660217285,5.9889984130859375,7.339707851409912,7.671193599700928,6.550220966339111,4.0301666259765625,1.3682469129562378,0.13182170689105988,-0.532331645488739,-1.4293899536132812,-2.831804037094116,-4.946659088134766,-6.442399978637695,-6.115636348724365,-4.410634517669678,-2.215071439743042,-0.2313070297241211
0.7238158583641052,0.022388538345694542,-0.5951516628265381,-0.5442978143692017,-0.5138434171676636,-0.13007642328739166,1.5338040590286255,3.6903936862945557,4.937751293182373,5.876802444458008,6.99455451965332,6.501115798950195,3.799769878387451,0.5679936408996582,-2.391807794570923,-4.527582168579102,-5.787856578826904,-6.6337571144104,-6.669648170471191,-5.706540584564209,-4.245357036590576,-2.277726650238037,0.01859159767627716,2.23245906829834,4.082592487335205,5.277719497680664,6.293302536010742,7.415179252624512,8.308459281921387,8.407882690429688,7.388744354248047,5.5290985107421875,3.6471023559570312,2.312004804611206,0.9245976805686951,-0.8939279913902283,-2.614577054977417,-4.03699254989624,-4.579721927642822,-3.925225257873535,-2.919619083404541,-1.9515436887741089,-1.0613716840744019
2.05349063873291,1.2474064826965332,-0.35356616973876953,-1.3051754236221313,-1.800095558166504,-1.1607331037521362,0.9629514813423157,3.2323853969573975,4.759282112121582,5.400628089904785,4.524090766906738,2.008937120437622,-0.24662983417510986,-0.7748406529426575,-1.1771637201309204,-3.105417490005493,-6.3795671463012695,-9.117066383361816,-9.798795700073242,-8.7241849899292,-6.888418197631836,-4.437877178192139,-1.4239963293075562,1.6461966037750244,4.407479286193848,6.658472061157227,8.178431510925293,8.762004852294922,8.717846870422363,8.02346134185791,6.938796043395996,6.369563579559326,6.511650562286377,6.260019302368164,4.158491611480713,0.9823819994926453,-1.311387062072754,-2.1518356800079346,-1.826306700706482,-0.8808578848838806,-0.4191621243953705,-0.7297518849372864,-1.6651611328125
3.178443431854248,2.1737639904022217,-0.3126811385154724,-2.3520021438598633,-3.158749580383301,-2.050995349884033,0.7309728264808655,3.209556818008423,4.867079257965088,4.92460298538208,2.6061017513275146,-0.2142178863286972,-1.1784790754318237,-0.6374979615211487,-0.22339601814746857,-1.9067391157150269,-6.308176517486572,-10.623064041137695,-12.069467544555664,-10.793701171875,-8.062280654907227,-4.766559600830078,-1.4053335189819336,1.7006982564926147,4.69448184967041,7.707546234130859,9.80097484588623,10.130579948425293,9.150683403015137,7.372993469238281,6.074738025665283,6.55109167098999,8.037657737731934,8.740498542785645,7.373815059661865,4.706962585449219,2.914324998855591,2.6584739685058594,2.8124544620513916,2.141623020172119,0.7924036383628845,-0.3160542845726013,-1.7121466398239136
3.2497568130493164,1.5860631465911865,-1.2953640222549438,-3.6502747535705566,-4.177920341491699,-2.476752758026123,0.5439355969429016,2.9852805137634277,4.304680347442627,4.539568901062012,3.5363080501556396,2.230808734893799,1.137819528579712,0.23232248425483704,-0.42039406299591064,-2.216980457305908,-5.847615718841553,-10.052900314331055,-12.203701972961426,-11.11571216583252,-7.258729934692383,-2.700981378555298,0.7321993112564087,3.1524572372436523,5.208013534545898,7.674645900726318,10.0821533203125,10.948469161987305,9.51745319366455,6.817171096801758,5.472231864929199,6.457763195037842,8.19654655456543,9.565303802490234,9.329999923706055,8.093790054321289,7.691415786743164,7.256342887878418,5.633543491363525,3.469374656677246,1.3919129371643066,0.5284188985824585,-0.5563384294509888
3.2550861835479736,0.6871123313903809,-1.8348065614700317,-3.6091811656951904,-3.8354246616363525,-2.1463301181793213,0.3910430073738098,2.2256104946136475,3.3689866065979004,4.575704574584961,5.436435699462891,5.577022075653076,4.390923023223877,1.9856849908828735,-0.408598393201828,-2.469799757003784,-4.83106803894043,-7.324348449707031,-8.880586624145508,-8.240145683288574,-4.887539863586426,-0.7966853380203247,1.9359885454177856,3.7141237258911133,5.242615699768066,7.229187488555908,9.719420433044434,11.134248733520508,9.798858642578125,6.873528003692627,5.675068378448486,6.315356254577637,7.269604682922363,9.431607246398926,10.146363258361816,9.371772766113281,9.195462226867676,7.578331470489502,5.705228805541992,4.430225849151611,3.5026509761810303,3.1877732276916504,2.1177101135253906
3.467679500579834,0.8997294902801514,-0.5728009939193726,-1.6580946445465088,-2.0098021030426025,-0.9610233306884766,0.7521187663078308,2.1133275032043457,3.306187629699707,4.94507360458374,6.7151031494140625,7.609944820404053,6.823343276977539,4.351094722747803,0.990315318107605,-1.8613601922988892,-4.131067276000977,-5.825057506561279,-6.109968185424805,-4.7766337394714355,-2.581667900085449,-0.39107245206832886,1.6591928005218506,3.7370429039001465,5.886951923370361,8.251431465148926,10.5488862991333,11.075432777404785,9.070356369018555,6.526348114013672,5.741885662078857,5.820405960083008,6.595714092254639,9.950454711914062,9.96302318572998,8.832382202148438,9.312508583068848,8.657748222351074,8.164896965026855,8.10537338256836,7.134366512298584,6.948664665222168,5.606663227081299
4.184061527252197,1.8108094930648804,0.9037066698074341,0.4838658571243286,0.3551737368106842,0.7606787085533142,1.7525362968444824,2.881404161453247,4.043740272521973,5.406467437744141,6.62784481048584,7.015913009643555,6.353376388549805,4.773128032684326,1.860541820526123,-1.752893328666687,-4.6039533615112305,-5.768412113189697,-4.252035617828369,-1.1993504762649536,0.6180760264396667,1.184002161026001,2.527031898498535,5.231291770935059,8.083779335021973,10.24462890625,10.934244155883789,9.457947731018066,6.999325275421143,5.926802635192871,5.858020782470703,5.562168598175049,7.059314250946045,10.62570571899414,9.751348495483398,8.036211013793945,8.255481719970703,8.860957145690918,10.411076545715332,10.893855094909668,9.135544776916504,7.648740768432617,6.794381618499756
5.631377696990967,3.2559361457824707,2.117938995361328,1.7708704471588135,1.7478392124176025,2.074934959411621,2.946578025817871,3.911384105682373,4.407861709594727,4.2602858543396,3.8930611610412598,3.6905300617218018,3.7042553424835205,3.173459768295288,0.7351972460746765,-3.0760555267333984,-5.707955360412598,-5.103379726409912,-1.228812575340271,2.8992466926574707,4.640745639801025,4.263868808746338,4.064584732055664,6.469198703765869,9.94279956817627,11.368782043457031,9.364429473876953,5.8806586265563965,4.462304592132568,6.402243614196777,7.300536155700684,7.072465896606445,9.410313606262207,11.342927932739258,8.36916732788086,7.465823650360107,8.5078763961792,9.69023609161377,10.861328125,9.815361976623535,8.804976463317871,8.604073524475098,9.095873832702637
7.4813127517700195,5.149932384490967,3.1027133464813232,1.7136521339416504,1.0892081260681152,1.6816462278366089,2.959608554840088,3.6989355087280273,3.332548141479492,2.1656887531280518,0.906943142414093,0.759550154209137,1.8263955116271973,1.8881903886795044,-0.5762633681297302,-4.010714054107666,-5.24705696105957,-2.0043883323669434,3.669926881790161,7.4373459815979,8.21947193145752,6.3150458335876465,5.260055065155029,6.721494197845459,9.251297950744629,9.591458320617676,6.347675800323486,3.1024346351623535,4.195160865783691,8.085719108581543,9.020750045776367,8.728188514709473,10.869889259338379,10.609514236450195,7.798579692840576,7.495569705963135,7.355252742767334,7.591171741485596,9.286564826965332,10.719337463378906,11.343526840209961,11.259353637695312,11.042137145996094
9.168346405029297,6.983450412750244,3.5902557373046875,0.8505041003227234,0.0314333513379097,0.9324798583984375,2.219043493270874,2.784029722213745,2.5650105476379395,2.008485794067383,1.2799016237258911,1.53316330909729,2.504024028778076,1.8249610662460327,-0.7958977818489075,-3.1049787998199463,-2.4254491329193115,2.9450724124908447,8.589838027954102,11.057856559753418,10.5071439743042,7.6208367347717285,6.34346866607666,6.618067741394043,6.995585918426514,6.104699611663818,4.464378833770752,4.297757625579834,6.668662071228027,9.451786994934082,10.599915504455566,10.949617385864258,11.645929336547852,10.851216316223145,8.43659782409668,6.566131114959717,5.394863605499268,5.694481372833252,8.17321491241455,13.095468521118164,14.390325546264648,12.903568267822266,11.174930572509766
10.168107032775879,7.932967662811279,4.080370903015137,1.2724226713180542,0.5079540610313416,0.7915353178977966,0.9267514944076538,1.0721120834350586,1.698732614517212,2.3161461353302,2.0824484825134277,1.740103006362915,1.4676207304000854,-0.4949690103530884,-3.1375880241394043,-2.9158737659454346,0.9162947535514832,7.40385103225708,11.263910293579102,12.08501148223877,10.772757530212402,8.152289390563965,6.643809795379639,6.143519878387451,4.839815139770508,4.552272319793701,6.4431986808776855,8.821860313415527,10.24006462097168,10.618059158325195,10.091682434082031,10.170488357543945,10.723094940185547,10.440665245056152,9.772566795349121,8.432108879089355,7.1007256507873535,6.831882476806641,8.811576843261719,13.253453254699707,14.759904861450195,13.080231666564941,11.219561576843262
9.193697929382324,7.294807434082031,5.314443588256836,3.150352716445923,1.8294647932052612,0.3303142488002777,-1.077876091003418,-1.5432065725326538,-0.5813432931900024,1.737845540046692,3.010230541229248,2.4734702110290527,0.6807525157928467,-1.6164705753326416,-2.9179699420928955,-0.29392075538635254,4.808639049530029,9.620079040527344,11.438224792480469,11.277711868286133,10.167940139770508,8.235616683959961,6.427727699279785,4.15053653717041,3.7731828689575195,6.500737190246582,9.94721794128418,11.817856788635254,11.565624237060547,9.446452140808105,7.205406188964844,6.477680206298828,7.308009624481201,9.085027694702148,11.159065246582031,11.592615127563477,10.517292976379395,10.485700607299805,11.63502311706543,13.264552116394043,14.320171356201172,12.534260749816895,10.290024757385254
6.508111476898193,6.230068683624268,6.702780723571777,4.870794296264648,3.2481136322021484,0.7996153235435486,-2.3262088298797607,-3.3184640407562256,-1.6306825876235962,1.0884236097335815,2.5384671688079834,2.0302586555480957,-0.821758508682251,-2.8323099613189697,-0.2482365071773529,2.989103078842163,5.918472766876221,8.248842239379883,10.112412452697754,11.090213775634766,9.989730834960938,7.032011985778809,4.642098426818848,4.512976169586182,7.803276538848877,11.424144744873047,11.485475540161133,10.614607810974121,10.355667114257812,8.509834289550781,5.276241302490234,3.5354835987091064,5.009293079376221,8.696903228759766,12.616191864013672,14.134040832519531,13.348657608032227,13.639161109924316,13.95523738861084,13.758365631103516,13.977245330810547,12.096829414367676,9.28258991241455
4.757473468780518,5.973516464233398,7.111683368682861,6.265510559082031,4.377572059631348,1.1817147731781006,-2.2507662773132324,-5.075738430023193,-4.450100421905518,-1.9485212564468384,-0.7588719129562378,-0.9954930543899536,-1.6978434324264526,-0.6511943936347961,1.9965558052062988,3.1503517627716064,3.704134941101074,6.070847034454346,9.946146011352539,11.606217384338379,9.418416976928711,5.8588762283325195,5.037286281585693,8.254240036010742,13.045672416687012,14.251502990722656,11.703246116638184,9.906420707702637,8.781847953796387,6.13722562789917,2.7783143520355225,1.7428879737854004,4.610484600067139,9.686834335327148,14.1152982711792,15.847311973571777,14.87238883972168,14.432992935180664,13.654763221740723,12.654242515563965,12.525969505310059,11.501474380493164,8.785883903503418
4.256722927093506,5.986426830291748,6.969249248504639,6.578837871551514,5.310923099517822,1.8514174222946167,-1.750677466392517,-4.708459854125977,-5.243182182312012,-4.617120742797852,-3.8533542156219482,-1.41748046875,1.935659646987915,4.127906799316406,4.343646049499512,2.6854586601257324,2.34256911277771,6.328230857849121,9.89899730682373,10.084320068359375,8.926125526428223,8.813677787780762,9.755420684814453,11.88270092010498,13.055089950561523,11.953412055969238,9.725175857543945,7.180728912353516,4.3738179206848145,1.822372317314148,0.3992043435573578,1.7633789777755737,6.378784656524658,12.038718223571777,15.645356178283691,16.84401512145996,15.49722671508789,13.108367919921875,11.5862398147583,11.09127426147461,11.055744171142578,10.008527755737305,7.117912292480469
3.91922926902771,5.474749565124512,6.177969932556152,6.575327396392822,7.0933332443237305,5.432270526885986,2.1294918060302734,-1.1230401992797852,-1.0359388589859009,-0.18543323874473572,0.19106106460094452,1.9984561204910278,3.6969311237335205,3.7907533645629883,2.28952956199646,0.7708089351654053,3.249656915664673,7.711322784423828,8.605621337890625,8.790393829345703,10.686816215515137,13.898244857788086,13.110166549682617,10.944388389587402,9.157757759094238,7.0655951499938965,4.735127925872803,2.562218189239502,1.0129483938217163,0.5056148767471313,1.4036659002304077,4.9578447341918945,10.42357349395752,14.040450096130371,15.961398124694824,16.526479721069336,14.384485244750977,11.634903907775879,11.435737609863281,11.900495529174805,10.508428573608398,7.5927414894104,4.133987903594971
