data/wind_data/wind_64_7.json
{"header": {"parameterUnit": "KT", "parameterCategory": 2, "nx": 256, "ny": 198, "lo1": 44.73521041870117, "la1": -3.236724853515625, "lo2": 111.26478576660156, "la2": 43.468475341796875, "dx": 0.2609002888202667, "dy": -0.23708222806453705, "refTime": "2025-02-21 16:00:00", "forecastTime": 0, "parameterNumber": 2, "parameterNumberName": "eastward_wind"}, "data":
[rows 0 to 19 of 198, columns 176 to 219 of 256]
-18.384424209594727,-19.405616760253906,-20.72621726989746,-21.744670867919922,-20.835330963134766,-19.720022201538086,-19.856338500976562,-20.461328506469727,-21.52107048034668,-22.16315460205078,-21.85065269470215,-21.610904693603516,-21.717529296875,-21.47704315185547,-20.78627586364746,-20.41022491455078,-20.385772705078125,-21.370399475097656,-23.075551986694336,-23.331356048583984,-22.873428344726562,-23.89654541015625,-25.429031372070312,-25.79096221923828,-25.912267684936523,-26.847536087036133,-27.816055297851562,-28.171783447265625,-28.55012321472168,-29.46698570251465,-29.82440948486328,-29.012269973754883,-28.462631225585938,-28.636606216430664,-27.854427337646484,-25.838294982910156,-25.19164276123047,-25.901548385620117,-25.899208068847656,-25.45386505126953,-26.031848907470703,-27.11083984375,-27.02812385559082,-26.62110710144043
-19.32245445251465,-20.181760787963867,-22.485803604125977,-24.164926528930664,-23.43729591369629,-22.12210464477539,-21.467201232910156,-21.779293060302734,-22.447378158569336,-22.437423706054688,-21.85999298095703,-21.46964454650879,-21.326488494873047,-20.844980239868164,-19.918113708496094,-19.485557556152344,-20.219316482543945,-21.76941680908203,-22.958436965942383,-22.802125930786133,-22.767032623291016,-23.86197280883789,-25.36588478088379,-26.574356079101562,-27.474895477294922,-28.200319290161133,-28.388151168823242,-27.7853946685791,-27.875112533569336,-29.62832260131836,-30.962806701660156,-30.939327239990234,-30.245084762573242,-29.468929290771484,-28.38217544555664,-26.88289451599121,-26.299110412597656,-26.62326431274414,-27.119054794311523,-27.64154624938965,-27.934757232666016,-28.238767623901367,-27.199792861938477,-25.459806442260742
-21.40021514892578,-21.899328231811523,-22.60190773010254,-22.261232376098633,-19.894813537597656,-18.016345977783203,-17.847728729248047,-18.70308494567871,-20.0150146484375,-20.716007232666016,-20.639179229736328,-19.766340255737305,-18.74835777282715,-18.3070125579834,-17.881614685058594,-17.61124610900879,-18.447935104370117,-20.6344051361084,-21.818218231201172,-20.77244758605957,-20.756977081298828,-22.575910568237305,-24.70043182373047,-26.02401351928711,-26.509029388427734,-26.16946029663086,-25.7824649810791,-25.9554386138916,-26.787925720214844,-28.340532302856445,-29.433115005493164,-29.43742561340332,-29.02199935913086,-28.744205474853516,-27.764432907104492,-25.966861724853516,-25.170026779174805,-25.270816802978516,-25.010601043701172,-24.616355895996094,-24.679208755493164,-25.04526138305664,-24.2973690032959,-22.61554527282715
-21.944204330444336,-21.84154510498047,-20.698944091796875,-18.802013397216797,-15.897469520568848,-13.776962280273438,-13.975418090820312,-14.570682525634766,-15.284497261047363,-15.780165672302246,-14.623988151550293,-13.094746589660645,-12.954076766967773,-14.2236909866333,-15.3602876663208,-15.117622375488281,-15.594079971313477,-17.743295669555664,-18.466825485229492,-16.2181453704834,-16.520326614379883,-19.07425308227539,-21.62455177307129,-23.220632553100586,-23.518465042114258,-22.76605987548828,-22.733896255493164,-24.03031349182129,-25.469654083251953,-26.26394271850586,-26.383771896362305,-26.177980422973633,-25.942888259887695,-25.73184585571289,-24.754337310791016,-22.80153465270996,-21.63889503479004,-21.412899017333984,-20.49474334716797,-19.049026489257812,-18.85679054260254,-19.35367202758789,-19.235960006713867,-18.277482986450195
-20.22458267211914,-18.676074981689453,-19.23413848876953,-18.37523651123047,-15.489331245422363,-11.329141616821289,-8.34569263458252,-9.831058502197266,-11.77304744720459,-12.357246398925781,-15.31449031829834,-14.24853515625,-14.07509708404541,-14.426724433898926,-12.491252899169922,-11.868810653686523,-13.568645477294922,-16.859407424926758,-15.076033592224121,-8.980557441711426,-13.498983383178711,-19.309038162231445,-22.502269744873047,-23.896699905395508,-22.28023910522461,-20.82862663269043,-21.318647384643555,-22.934165954589844,-22.9465274810791,-20.92035484313965,-19.40549087524414,-21.50597381591797,-24.4293270111084,-23.34648323059082,-22.011940002441406,-20.758625030517578,-19.681047439575195,-19.387893676757812,-19.947723388671875,-19.719497680664062,-22.722734451293945,-22.510704040527344,-20.401655197143555,-19.879846572875977
-17.847183227539062,-15.12841510772705,-17.59963607788086,-17.37790870666504,-12.719768524169922,-6.32899284362793,-3.414442539215088,-3.93556809425354,-7.730216979980469,-10.760733604431152,-17.052011489868164,-18.665693283081055,-15.911905288696289,-12.342389106750488,-10.480835914611816,-10.581109046936035,-14.028450965881348,-18.008148193359375,-18.641752243041992,-15.104195594787598,-19.69688606262207,-20.327024459838867,-23.90711212158203,-24.26395034790039,-23.004222869873047,-22.2702693939209,-22.598299026489258,-23.325654983520508,-22.5311336517334,-20.88460922241211,-19.632333755493164,-20.017704010009766,-24.00545883178711,-23.74433135986328,-22.203125,-21.59486198425293,-20.72049331665039,-19.791181564331055,-18.248390197753906,-27.121261596679688,-26.8626766204834,-25.20541763305664,-22.955406188964844,-24.21790313720703
-17.213706970214844,-14.136434555053711,-14.504265785217285,-13.201658248901367,-8.491047859191895,-8.488966941833496,-11.279803276062012,-5.220898151397705,-4.980975151062012,-15.181174278259277,-17.32339859008789,-18.78649139404297,-15.079435348510742,-11.568827629089355,-10.217388153076172,-12.493598937988281,-17.972564697265625,-21.04412269592285,-21.613821029663086,-20.258508682250977,-20.314189910888672,-21.093509674072266,-22.68170928955078,-21.975170135498047,-21.096942901611328,-20.417572021484375,-19.48296546936035,-20.174423217773438,-21.78736686706543,-22.740699768066406,-21.717063903808594,-19.220857620239258,-19.73946189880371,-22.505529403686523,-22.090927124023438,-21.344921112060547,-23.675596237182617,-25.424514770507812,-28.53736114501953,-32.098602294921875,-28.618541717529297,-28.18538475036621,-27.678165435791016,-28.145734786987305
-17.071393966674805,-11.246668815612793,-8.807714462280273,-8.866341590881348,-8.098139762878418,-12.40173053741455,-14.367704391479492,0.6158683896064758,-10.377090454101562,-15.259200096130371,-15.141786575317383,-16.83527183532715,-13.442704200744629,-11.297028541564941,-11.963852882385254,-14.325227737426758,-17.234996795654297,-17.8762264251709,-17.908924102783203,-17.792463302612305,-18.158130645751953,-18.984535217285156,-18.06660270690918,-18.69893455505371,-19.402809143066406,-17.645240783691406,-16.938886642456055,-19.230012893676758,-22.275981903076172,-21.962305068969727,-18.212671279907227,-14.525592803955078,-16.287229537963867,-20.141267776489258,-18.379640579223633,-19.8303165435791,-25.15653419494629,-28.736682891845703,-31.302257537841797,-29.407297134399414,-25.577463150024414,-25.811735153198242,-23.808059692382812,-22.38133430480957
-12.754759788513184,-10.839709281921387,-5.3254828453063965,-5.95927095413208,-8.950922966003418,-11.490628242492676,-11.276371955871582,-2.6411049365997314,-12.855037689208984,-12.194242477416992,-11.2449369430542,-11.799142837524414,-12.721078872680664,-10.957481384277344,-14.180686950683594,-16.86170768737793,-17.98977279663086,-17.577110290527344,-17.19658851623535,-15.476432800292969,-15.273606300354004,-17.605894088745117,-20.465253829956055,-21.950908660888672,-20.318777084350586,-19.602582931518555,-19.471900939941406,-20.209266662597656,-20.024045944213867,-16.65656280517578,-11.441683769226074,-8.737750053405762,-14.226333618164062,-16.699724197387695,-15.354338645935059,-16.486093521118164,-21.11549949645996,-27.21328353881836,-29.342025756835938,-28.59296989440918,-27.235422134399414,-25.04462242126465,-20.908544540405273,-17.260133743286133
-8.227246284484863,-8.464712142944336,-5.802370548248291,-6.131228923797607,-8.227815628051758,-8.307318687438965,-6.193874359130859,-9.362283706665039,-10.498047828674316,-10.65777587890625,-9.69011116027832,-10.737564086914062,-13.113388061523438,-13.768041610717773,-16.74022674560547,-18.575363159179688,-20.111568450927734,-20.501855850219727,-18.76076889038086,-15.606398582458496,-20.119230270385742,-23.799301147460938,-25.092649459838867,-24.762208938598633,-21.414966583251953,-20.062429428100586,-18.439800262451172,-16.719057083129883,-15.841889381408691,-12.794990539550781,-8.569207191467285,-5.89603853225708,-8.883735656738281,-15.756852149963379,-20.00351333618164,-17.714101791381836,-18.045143127441406,-23.209259033203125,-25.90970230102539,-27.39509391784668,-27.42839813232422,-24.811317443847656,-19.97753143310547,-16.896970748901367
-6.444666862487793,-9.503631591796875,-10.1038179397583,-9.392251014709473,-8.016498565673828,-6.606087684631348,-2.8240127563476562,-6.325692176818848,-7.6595540046691895,-10.151998519897461,-10.76443862915039,-12.050573348999023,-15.490316390991211,-18.070581436157227,-20.129470825195312,-20.090675354003906,-19.205703735351562,-16.738407135009766,-16.81435203552246,-19.44009780883789,-22.10746192932129,-27.637361526489258,-24.888776779174805,-21.901382446289062,-19.255718231201172,-17.464597702026367,-14.497759819030762,-13.08973503112793,-11.264632225036621,-7.413638114929199,-4.569094181060791,-6.990178108215332,-9.8214750289917,-17.230161666870117,-22.880390167236328,-18.06910514831543,-14.519680976867676,-17.980396270751953,-24.1420841217041,-26.84054183959961,-27.833213806152344,-23.395048141479492,-19.335397720336914,-19.009136199951172
-7.7494988441467285,-10.310352325439453,-9.634377479553223,-8.453048706054688,-8.577635765075684,-5.072854042053223,-3.1864566802978516,-6.2915143966674805,-9.148895263671875,-12.594024658203125,-15.58622932434082,-15.670451164245605,-17.006223678588867,-19.980640411376953,-20.029787063598633,-16.00291633605957,-14.172098159790039,-11.466347694396973,-16.829715728759766,-21.300399780273438,-14.615150451660156,-13.008096694946289,-16.897916793823242,-17.23177146911621,-16.367555618286133,-16.430360794067383,-14.830873489379883,-12.292717933654785,-8.334300994873047,-4.127836227416992,-9.398238182067871,-16.161304473876953,-17.15239143371582,-14.981770515441895,-21.273374557495117,-20.380390167236328,-15.499274253845215,-19.93311309814453,-23.47549057006836,-24.287817001342773,-26.18183135986328,-22.00432586669922,-19.346834182739258,-17.212738037109375
-9.50925064086914,-9.499998092651367,-8.931949615478516,-7.3409037590026855,-2.4395556449890137,-3.8877851963043213,-8.173210144042969,-12.358270645141602,-13.471177101135254,-16.33426284790039,-18.49762535095215,-17.463300704956055,-17.09333610534668,-17.327682495117188,-15.124436378479004,-12.827180862426758,-12.220866203308105,-10.188405990600586,-12.721132278442383,-17.19574737548828,-13.788148880004883,-9.130372047424316,-9.472615242004395,-14.587540626525879,-17.041418075561523,-16.2136173248291,-13.925474166870117,-9.08741569519043,-4.245211601257324,-10.198760032653809,-18.26701545715332,-20.785900115966797,-19.613176345825195,-20.019454956054688,-22.86520004272461,-22.540874481201172,-21.904823303222656,-23.890932083129883,-22.509159088134766,-24.63673210144043,-25.092086791992188,-20.697877883911133,-16.747407913208008,-17.95429801940918
-6.993495464324951,-4.330811500549316,-5.5010480880737305,-5.62952184677124,-1.839692234992981,-8.124178886413574,-10.600071907043457,-13.523791313171387,-14.544709205627441,-16.74860954284668,-16.488460540771484,-16.05118751525879,-16.909164428710938,-13.869401931762695,-10.739588737487793,-12.054065704345703,-14.462339401245117,-14.382999420166016,-13.407003402709961,-13.845097541809082,-12.984550476074219,-10.848374366760254,-9.340482711791992,-16.28498077392578,-18.81835174560547,-16.1976261138916,-12.688247680664062,-5.866331100463867,-8.849115371704102,-21.352487564086914,-23.979839324951172,-21.213211059570312,-17.66463851928711,-22.66307830810547,-27.765045166015625,-26.104795455932617,-27.335309982299805,-26.693117141723633,-25.574243545532227,-24.831859588623047,-22.74281883239746,-19.513532638549805,-21.64067268371582,-27.438777923583984
-6.587683200836182,-3.7805538177490234,-7.370600700378418,-8.778432846069336,-9.14401626586914,-12.338509559631348,-9.841218948364258,-10.343558311462402,-13.274401664733887,-15.354990005493164,-14.094626426696777,-14.638453483581543,-16.369441986083984,-13.510741233825684,-12.467415809631348,-15.273140907287598,-15.998598098754883,-14.291592597961426,-13.002367973327637,-13.217897415161133,-13.356558799743652,-11.713159561157227,-11.97940444946289,-16.63525390625,-16.662012100219727,-13.142435073852539,-9.53010368347168,-11.234461784362793,-21.886831283569336,-26.593921661376953,-24.296533584594727,-21.03541374206543,-21.154592514038086,-27.596275329589844,-29.93036651611328,-29.000429153442383,-28.1796932220459,-26.95432472229004,-25.092519760131836,-24.322223663330078,-24.73626136779785,-27.665393829345703,-31.837766647338867,-32.518768310546875
-11.231021881103516,-10.467230796813965,-11.594430923461914,-13.96377182006836,-15.056394577026367,-12.641035079956055,-8.982598304748535,-10.625178337097168,-13.549909591674805,-15.018916130065918,-13.840991973876953,-14.427753448486328,-15.50208854675293,-14.236091613769531,-14.196512222290039,-15.570080757141113,-14.8412446975708,-12.763768196105957,-11.709117889404297,-12.989215850830078,-13.814549446105957,-13.023458480834961,-13.681363105773926,-15.249685287475586,-14.871320724487305,-11.085177421569824,-9.845316886901855,-16.334625244140625,-23.618616104125977,-26.23680877685547,-26.735883712768555,-27.23216438293457,-28.26826286315918,-27.472335815429688,-24.745752334594727,-24.794233322143555,-26.815650939941406,-24.888059616088867,-23.870609283447266,-28.476579666137695,-33.114070892333984,-35.35733413696289,-35.68746566772461,-32.94746780395508
-16.21976661682129,-12.451940536499023,-12.547595977783203,-14.132637023925781,-14.870315551757812,-11.740184783935547,-11.371184349060059,-14.435805320739746,-15.419931411743164,-15.231940269470215,-14.439366340637207,-14.493802070617676,-14.634964942932129,-14.591377258300781,-14.890439987182617,-14.706992149353027,-13.060670852661133,-11.780777931213379,-12.324865341186523,-14.824248313903809,-15.79892635345459,-14.985286712646484,-15.93328857421875,-16.171520233154297,-13.950676918029785,-9.698868751525879,-9.130699157714844,-11.562361717224121,-17.308685302734375,-24.068796157836914,-29.029521942138672,-30.48099136352539,-28.459463119506836,-24.452043533325195,-21.388681411743164,-22.62387466430664,-26.66826629638672,-24.874126434326172,-27.162641525268555,-35.3204231262207,-37.59907150268555,-36.3206901550293,-34.668277740478516,-32.6690788269043
-13.772096633911133,-11.73483657836914,-11.484759330749512,-10.674215316772461,-12.90225601196289,-12.681558609008789,-15.394279479980469,-17.228744506835938,-16.74375343322754,-15.839789390563965,-16.100332260131836,-16.89349937438965,-17.326623916625977,-17.62613868713379,-17.138525009155273,-15.731746673583984,-14.042622566223145,-13.543535232543945,-15.496347427368164,-19.616500854492188,-19.255189895629883,-16.36698341369629,-15.561593055725098,-14.599149703979492,-9.919304847717285,-6.965566635131836,-6.191624164581299,-8.756270408630371,-16.312332153320312,-24.22572898864746,-27.998825073242188,-27.66960334777832,-26.077077865600586,-23.66947364807129,-19.53317642211914,-21.908742904663086,-26.517559051513672,-27.70948028564453,-33.15599822998047,-38.25104522705078,-36.71530532836914,-34.29484176635742,-32.976112365722656,-30.695730209350586
-9.559009552001953,-11.291755676269531,-12.348623275756836,-10.795517921447754,-13.405920028686523,-15.931294441223145,-18.080455780029297,-18.390281677246094,-18.690717697143555,-19.181486129760742,-20.45587730407715,-21.59552574157715,-21.942115783691406,-21.832183837890625,-20.905637741088867,-18.979171752929688,-17.063261032104492,-17.241453170776367,-19.77271270751953,-21.57468032836914,-20.158411026000977,-15.345755577087402,-13.045706748962402,-12.143560409545898,-9.986846923828125,-10.197755813598633,-12.85408878326416,-17.863510131835938,-22.514766693115234,-23.002735137939453,-20.14741325378418,-19.970090866088867,-23.02519416809082,-21.585886001586914,-18.08403968811035,-21.523433685302734,-27.924968719482422,-33.09272003173828,-36.75187301635742,-36.68035125732422,-34.139102935791016,-31.988821029663086,-30.41718101501465,-30.521272659301758
-14.079889297485352,-17.65117073059082,-16.34566879272461,-14.289266586303711,-17.258358001708984,-19.552553176879883,-19.728195190429688,-20.151050567626953,-21.78334617614746,-23.542448043823242,-24.157150268554688,-24.067787170410156,-24.204700469970703,-24.67180633544922,-24.085176467895508,-21.388938903808594,-18.04707908630371,-18.571090698242188,-19.340587615966797,-18.650392532348633,-18.8912353515625,-15.151269912719727,-13.944661140441895,-15.446372032165527,-18.889219284057617,-21.922222137451172,-25.295026779174805,-26.416728973388672,-24.3372859954834,-19.414236068725586,-14.783893585205078,-15.3262300491333,-19.976970672607422,-20.350032806396484,-18.40079689025879,-24.466564178466797,-32.53855895996094,-35.87898254394531,-34.95427703857422,-32.49735641479492,-30.463830947875977,-29.87835693359375,-30.25263214111328,-31.787639617919922
