data/wind_data/wind_70_3.json
{"header": {"parameterUnit": "KT", "parameterCategory": 2, "nx": 256, "ny": 198, "lo1": 44.73521041870117, "la1": -3.236724853515625, "lo2": 111.26478576660156, "la2": 43.468475341796875, "dx": 0.2609002888202667, "dy": -0.23708222806453705, "refTime": "2025-02-21 22:00:00", "forecastTime": 0, "parameterNumber": 2, "parameterNumberName": "eastward_wind"}, "data":
[rows 133 to 151 of 198, columns 132 to 175 of 256]
6.88739538192749,8.271531105041504,8.057392120361328,10.404467582702637,13.163347244262695,16.485841751098633,22.893024444580078,30.852294921875,33.14011764526367,30.545578002929688,29.07554054260254,30.606407165527344,33.50324249267578,35.03315353393555,32.02704620361328,29.724044799804688,30.169170379638672,29.846389770507812,29.03818130493164,30.561002731323242,34.24625778198242,36.707672119140625,37.27174377441406,36.03693771362305,33.59164047241211,32.24202346801758,32.371978759765625,32.029903411865234,30.763986587524414,29.766464233398438,29.129148483276367,28.33452796936035,27.066701889038086,26.801464080810547,28.061511993408203,29.143938064575195,29.249553680419922,28.96730613708496,29.75059700012207,32.155418395996094,34.948387145996094,37.630367279052734,39.92414855957031,39.87549591064453
4.523411273956299,5.111824035644531,15.384672164916992,27.562746047973633,31.763826370239258,32.52741622924805,33.169166564941406,31.709491729736328,29.354429244995117,27.69502067565918,28.375526428222656,30.102235794067383,31.95509147644043,30.77208137512207,28.69364356994629,28.190967559814453,29.363130569458008,31.30509376525879,34.28196334838867,35.70930099487305,35.539520263671875,35.1812858581543,34.50102233886719,33.46921920776367,32.17875671386719,30.944875717163086,30.44801139831543,29.812623977661133,27.790271759033203,26.504337310791016,26.748807907104492,27.335479736328125,27.633745193481445,28.150623321533203,29.017902374267578,29.549175262451172,29.753414154052734,30.03301239013672,31.067363739013672,32.78003692626953,33.921077728271484,33.93489074707031,34.98598861694336,36.041561126708984
7.516014099121094,12.227705001831055,21.323368072509766,32.230892181396484,38.15655517578125,37.4845085144043,32.69063949584961,27.706159591674805,25.62248992919922,24.78356170654297,24.45543670654297,26.776063919067383,27.828052520751953,28.208614349365234,29.605873107910156,31.89546012878418,33.43821716308594,35.76248550415039,37.16765594482422,35.09697723388672,32.884002685546875,32.365604400634766,32.69462966918945,32.70219421386719,31.843910217285156,29.61619758605957,28.293323516845703,28.55207061767578,27.76043128967285,27.43871307373047,28.10764503479004,28.511180877685547,28.909305572509766,29.446659088134766,29.957603454589844,30.720705032348633,30.86831283569336,30.046634674072266,30.6560115814209,31.974828720092773,32.4414176940918,31.48834800720215,32.00898361206055,34.05366516113281
26.244510650634766,29.780569076538086,31.09662437438965,33.36595153808594,31.329938888549805,25.72418975830078,20.798553466796875,22.06586265563965,24.043230056762695,24.319747924804688,24.489059448242188,26.41812515258789,27.214570999145508,28.447290420532227,30.9931697845459,32.60612106323242,33.60977554321289,35.69597625732422,35.69175720214844,33.130775451660156,31.3375244140625,31.80141258239746,32.85690689086914,32.66241455078125,31.02691650390625,28.63540267944336,28.343969345092773,29.836196899414062,30.54558753967285,30.66144561767578,30.310266494750977,29.70462417602539,30.12744903564453,31.02924919128418,31.47869873046875,31.99907112121582,32.275516510009766,31.290943145751953,31.483577728271484,32.07810974121094,31.84857749938965,32.225948333740234,33.43016052246094,36.195953369140625
39.42240524291992,45.599517822265625,42.71196746826172,30.841896057128906,23.305885314941406,20.542863845825195,18.979494094848633,19.99717140197754,23.080591201782227,24.84501075744629,25.77189064025879,28.21559715270996,30.77161979675293,32.455657958984375,33.456912994384766,33.627681732177734,34.43998718261719,35.96101379394531,34.38232421875,32.261199951171875,32.712581634521484,33.9847297668457,34.21245574951172,32.23527526855469,30.39375114440918,30.087800979614258,30.73370933532715,31.41786003112793,31.297590255737305,31.254919052124023,30.381103515625,29.67289924621582,30.657289505004883,32.25817108154297,32.82795333862305,33.376407623291016,34.14008331298828,34.12331008911133,33.310020446777344,32.5111083984375,31.845693588256836,33.04740905761719,35.09953308105469,35.97683334350586
42.372798919677734,38.41500473022461,26.452373504638672,18.680646896362305,18.81831932067871,22.02266502380371,23.356487274169922,24.430559158325195,24.372711181640625,24.969200134277344,27.322647094726562,29.743471145629883,31.854928970336914,32.81716537475586,31.867815017700195,30.670631408691406,32.422115325927734,34.58042907714844,34.186241149902344,33.49981689453125,33.798583984375,33.19792556762695,32.27595901489258,31.201704025268555,30.42640495300293,30.305177688598633,30.527664184570312,30.801536560058594,29.61022186279297,29.239261627197266,29.92971420288086,30.164697647094727,30.724666595458984,31.39124298095703,32.13326644897461,33.7765998840332,35.360137939453125,35.75179672241211,34.64893341064453,33.22346115112305,32.85234451293945,33.95143127441406,37.30153274536133,36.84619903564453
31.544979095458984,19.895097732543945,15.559358596801758,19.369789123535156,23.312610626220703,24.946908950805664,26.00642204284668,27.66419219970703,26.41526985168457,25.270309448242188,27.287521362304688,30.170764923095703,30.9747257232666,29.22014808654785,28.793167114257812,31.1441593170166,35.782867431640625,39.64766311645508,37.99246597290039,33.770591735839844,31.069692611694336,29.69039535522461,29.810749053955078,30.6645450592041,31.003055572509766,29.80946159362793,29.562314987182617,30.733543395996094,31.27312660217285,31.836124420166016,32.24406814575195,31.983867645263672,31.654455184936523,31.213579177856445,32.45856475830078,35.94694900512695,37.1666374206543,35.97161102294922,34.518924713134766,34.021427154541016,35.1335334777832,37.224056243896484,39.30634689331055,40.79566955566406
20.48402214050293,17.63338279724121,19.503101348876953,22.964139938354492,25.32335090637207,26.86543846130371,28.198347091674805,27.305713653564453,26.582307815551758,27.28191566467285,28.39670753479004,30.3969669342041,32.42108917236328,32.91616439819336,32.963600158691406,34.50889587402344,38.4583854675293,39.760433197021484,33.39597702026367,27.00614356994629,25.841794967651367,27.288671493530273,29.50785255432129,31.726749420166016,33.533897399902344,35.07178497314453,35.55622482299805,35.611297607421875,35.593528747558594,34.91086196899414,33.202537536621094,32.3121452331543,32.702232360839844,33.00143814086914,34.31809997558594,37.08600616455078,38.139278411865234,37.78252029418945,38.34272766113281,39.21638488769531,39.791080474853516,40.919036865234375,43.31183624267578,45.062652587890625
19.039531707763672,19.449357986450195,23.223901748657227,25.953866958618164,26.469921112060547,27.52859115600586,26.41362762451172,23.739917755126953,23.958965301513672,25.46561622619629,26.027793884277344,27.05066680908203,29.46129608154297,32.30908203125,32.24464797973633,32.12446975708008,33.1934928894043,31.644916534423828,28.33824348449707,27.486148834228516,28.392478942871094,29.732803344726562,31.302642822265625,33.025718688964844,35.50993347167969,37.490821838378906,37.471744537353516,36.92197799682617,36.14094161987305,35.050559997558594,34.20703125,34.36091613769531,35.74483871459961,37.31672286987305,38.38841247558594,39.56572723388672,40.36600112915039,40.291419982910156,40.327537536621094,40.578643798828125,40.77069091796875,41.26766586303711,41.43033981323242,40.569190979003906
21.31667137145996,21.585296630859375,24.778488159179688,24.645858764648438,23.37641143798828,23.946666717529297,21.617263793945312,19.638545989990234,21.13324737548828,23.9428768157959,24.459959030151367,24.642086029052734,27.858543395996094,30.145034790039062,29.545618057250977,29.02619171142578,29.251628875732422,30.275104522705078,31.58818244934082,32.30855941772461,32.894187927246094,33.269561767578125,33.5179557800293,34.785369873046875,37.363712310791016,39.20309066772461,39.932552337646484,39.47632598876953,38.329490661621094,38.35581970214844,39.84746551513672,41.2453498840332,42.063594818115234,42.892662048339844,44.155155181884766,45.51982116699219,46.10957336425781,45.68687057495117,44.85009002685547,43.88698196411133,43.190467834472656,43.1522331237793,43.86107635498047,44.78681945800781
22.64401626586914,22.499252319335938,22.54104995727539,20.349618911743164,19.61728286743164,21.1827392578125,20.515300750732422,20.935043334960938,23.1842098236084,26.329076766967773,24.861230850219727,24.107540130615234,26.175256729125977,28.11928939819336,29.829849243164062,31.809602737426758,33.50947570800781,34.7991828918457,35.41688919067383,35.05441665649414,34.923526763916016,36.070350646972656,37.11545181274414,37.892295837402344,39.248416900634766,40.88804626464844,41.98413848876953,42.498390197753906,42.557525634765625,43.50130844116211,44.83063888549805,45.86920166015625,46.51355743408203,46.702125549316406,47.63300323486328,49.01738739013672,49.64659881591797,49.85015106201172,49.956382751464844,49.45773696899414,48.585174560546875,48.04878616333008,48.41852569580078,49.294376373291016
21.217796325683594,18.76554298400879,14.63476848602295,17.19991683959961,20.805875778198242,23.172100067138672,23.87545394897461,25.029151916503906,25.48668670654297,24.850341796875,24.07168960571289,24.68117904663086,27.418716430664062,30.900663375854492,33.57115936279297,34.964630126953125,35.85923385620117,36.04144287109375,35.83791732788086,36.05085372924805,37.136993408203125,38.58340835571289,39.39635467529297,39.57310104370117,40.39409637451172,41.77609634399414,42.6567497253418,42.834190368652344,42.527740478515625,42.82587432861328,44.36073303222656,46.3006706237793,47.7273063659668,48.59035110473633,49.24888610839844,49.52254867553711,49.09313201904297,48.876930236816406,49.04929733276367,48.65540313720703,47.80718994140625,47.042999267578125,46.97625732421875,47.528018951416016
18.642623901367188,15.27480411529541,15.319559097290039,17.381546020507812,22.456186294555664,24.838449478149414,25.962234497070312,27.438901901245117,26.258359909057617,24.69811248779297,26.547163009643555,29.081453323364258,31.070650100708008,32.82176208496094,34.368953704833984,35.327022552490234,36.30719757080078,37.11311340332031,36.7369499206543,36.726505279541016,37.588809967041016,38.76516342163086,39.544708251953125,40.18700408935547,41.296810150146484,42.77629852294922,43.69263458251953,43.92093276977539,43.483150482177734,42.97490310668945,43.3664436340332,44.2473258972168,44.7709846496582,44.722869873046875,43.85377883911133,42.88865661621094,42.61075210571289,42.64512252807617,42.71501922607422,41.543128967285156,39.50738525390625,39.031150817871094,40.289005279541016,41.10025405883789
18.362424850463867,19.1566162109375,20.608692169189453,22.845386505126953,24.24217414855957,21.663856506347656,23.130605697631836,26.8629207611084,28.830997467041016,29.176204681396484,30.69613265991211,32.26287078857422,33.24175262451172,34.08956527709961,34.89442825317383,35.80323791503906,37.179805755615234,37.65739059448242,36.96896743774414,37.031700134277344,38.04397964477539,39.47161865234375,40.60397720336914,41.25547409057617,41.76704406738281,42.787723541259766,44.07775115966797,44.99230194091797,44.49565124511719,43.05408477783203,41.279598236083984,39.09654998779297,36.51291275024414,33.927181243896484,32.02580642700195,31.94809913635254,32.79430389404297,32.162906646728516,31.492612838745117,32.13386917114258,33.09683609008789,34.25112533569336,35.893829345703125,36.639930725097656
19.800363540649414,23.68178367614746,21.14946174621582,19.616304397583008,19.530941009521484,23.71728515625,28.337608337402344,30.92166519165039,31.694015502929688,31.9776611328125,33.260902404785156,35.11214828491211,35.89664077758789,35.128265380859375,34.89861297607422,36.17487335205078,37.90333938598633,37.695281982421875,37.029762268066406,37.49561309814453,38.78830337524414,39.9215202331543,41.119728088378906,42.87742233276367,43.88977813720703,44.44017028808594,44.85069274902344,44.4780387878418,42.611995697021484,38.15133285522461,32.042964935302734,27.840824127197266,26.605316162109375,26.702178955078125,27.004961013793945,27.44668960571289,28.081077575683594,28.52414321899414,29.326221466064453,30.894916534423828,32.386287689208984,33.62133026123047,35.01666259765625,35.74745559692383
21.2945556640625,19.800006866455078,20.383934020996094,23.732641220092773,27.129114151000977,28.331510543823242,29.705942153930664,31.54741859436035,33.10512161254883,34.333961486816406,35.22810363769531,36.399112701416016,37.027679443359375,35.307857513427734,33.93534469604492,35.20162582397461,37.25927734375,36.69010543823242,35.89626693725586,37.360137939453125,39.111568450927734,40.68071365356445,42.314456939697266,44.988616943359375,46.4404411315918,44.888397216796875,41.395389556884766,38.355445861816406,35.08075714111328,29.703195571899414,24.204496383666992,22.173328399658203,22.446895599365234,22.407503128051758,22.589794158935547,23.077003479003906,23.638351440429688,24.66984748840332,26.079757690429688,27.89173126220703,29.475576400756836,30.797840118408203,32.62306594848633,34.46753692626953
26.402698516845703,25.225690841674805,25.900352478027344,26.874513626098633,27.67987823486328,29.347368240356445,31.815921783447266,33.871063232421875,35.1338996887207,36.17845153808594,36.73353958129883,37.022193908691406,37.38679504394531,36.44404602050781,34.09682846069336,33.90703582763672,35.74198532104492,37.71543884277344,37.32489013671875,37.30286407470703,38.99002456665039,40.61949920654297,41.972232818603516,43.52821350097656,43.702945709228516,38.68589782714844,32.903743743896484,30.25375747680664,28.176490783691406,24.96428108215332,20.883638381958008,18.01753044128418,16.203577041625977,15.545587539672852,17.876352310180664,20.49148941040039,22.008718490600586,24.073896408081055,25.9085693359375,26.42859649658203,26.69916534423828,28.073802947998047,30.84688949584961,34.362247467041016
31.825904846191406,29.912981033325195,30.190759658813477,31.142431259155273,30.171165466308594,30.290565490722656,33.625709533691406,36.5965461730957,37.56723403930664,37.59691619873047,37.86349868774414,38.139644622802734,37.99147033691406,37.22773361206055,35.83868408203125,35.51715087890625,36.808753967285156,38.895450592041016,41.05514907836914,42.005897521972656,41.48484802246094,41.10617446899414,41.52347183227539,41.524681091308594,38.26150894165039,32.36771011352539,28.59197425842285,27.21807861328125,26.36473274230957,22.65638542175293,16.652664184570312,12.58045482635498,10.666632652282715,12.345512390136719,16.16901397705078,18.70755386352539,20.900747299194336,23.196950912475586,25.124387741088867,26.11749839782715,26.311872482299805,27.530349731445312,30.11693000793457,33.02543258666992
33.67979049682617,35.002281188964844,36.39790344238281,35.94407653808594,32.97118377685547,30.518999099731445,32.78032684326172,35.78893280029297,36.564510345458984,36.48548126220703,37.133358001708984,38.03864669799805,37.91103744506836,37.518890380859375,37.86396408081055,38.32736587524414,39.21194839477539,40.1700325012207,41.38560485839844,43.430538177490234,42.89951705932617,41.30331802368164,38.44534683227539,33.64281463623047,29.16980743408203,26.39609718322754,24.419963836669922,23.487321853637695,23.66863250732422,19.119726181030273,13.103499412536621,11.226593971252441,11.62552261352539,11.943254470825195,12.373560905456543,13.908798217773438,15.76196002960205,18.21900749206543,20.532581329345703,24.122310638427734,27.249446868896484,29.452775955200195,32.200992584228516,34.48554611206055
