data/wind_data/wind_42_3.json
{"header": {"parameterUnit": "KT", "parameterCategory": 2, "nx": 256, "ny": 198, "lo1": 44.73521041870117, "la1": -3.236724853515625, "lo2": 111.26478576660156, "la2": 43.468475341796875, "dx": 0.2609002888202667, "dy": -0.23708222806453705, "refTime": "2025-02-20 18:00:00", "forecastTime": 0, "parameterNumber": 2, "parameterNumberName": "eastward_wind"}, "data":
[rows 95 to 113 of 198, columns 132 to 175 of 256]
5.781930446624756,8.171475410461426,10.104350090026855,10.111470222473145,9.43562126159668,7.872725009918213,5.061986923217773,3.4940292835235596,6.523250579833984,8.29050350189209,9.707608222961426,12.020611763000488,12.571130752563477,12.188450813293457,12.253096580505371,9.960914611816406,5.900140762329102,3.3804547786712646,4.733638763427734,6.9698052406311035,8.46993637084961,9.666552543640137,10.493821144104004,11.772577285766602,13.545543670654297,14.61074161529541,15.192002296447754,13.354620933532715,12.394405364990234,10.005282402038574,5.660740375518799,3.6719605922698975,2.1117889881134033,0.4063493311405182,-0.5228071212768555,-0.5635643601417542,-0.05725876986980438,-0.21375487744808197,-0.6104047894477844,-1.5133185386657715,-2.2812414169311523,-2.430433511734009,-2.793515920639038,-3.4661705493927
5.817971229553223,6.586336135864258,5.983612060546875,6.161365032196045,6.2486796379089355,7.637478828430176,2.168506383895874,3.195878744125366,6.443661212921143,8.055218696594238,10.311725616455078,11.828898429870605,10.060220718383789,9.28677749633789,10.513678550720215,10.117095947265625,8.670554161071777,6.664651393890381,6.2970662117004395,7.3489670753479,8.532355308532715,9.941685676574707,11.195845603942871,12.616622924804688,13.424783706665039,10.422589302062988,10.79150104522705,14.091106414794922,14.924020767211914,11.479659080505371,10.839216232299805,6.260404586791992,1.5318100452423096,1.7679740190505981,1.5541956424713135,0.8492531776428223,0.7291439175605774,0.3391267657279968,-0.3021959364414215,-1.0299612283706665,-1.605300784111023,-1.3845359086990356,-1.5176749229431152,-1.9296836853027344
6.511720657348633,4.604711055755615,3.1179752349853516,4.79036283493042,6.278501510620117,7.942873001098633,2.81618332862854,3.930532217025757,5.449062824249268,7.898327350616455,10.15393352508545,10.702231407165527,9.615132331848145,8.568892478942871,9.977678298950195,10.648482322692871,9.813714027404785,8.401162147521973,7.3221917152404785,7.717514991760254,9.07130241394043,10.852313041687012,13.617936134338379,17.279462814331055,17.351842880249023,10.430695533752441,7.705904006958008,8.8804349899292,12.121129989624023,12.458342552185059,10.849841117858887,6.203392028808594,4.025139808654785,3.220390796661377,2.4954047203063965,2.3091795444488525,1.876902461051941,1.0290805101394653,0.42523738741874695,-0.6771227717399597,-1.3164950609207153,-0.518359363079071,-0.4423051178455353,-0.34796231985092163
7.954558372497559,6.478884696960449,4.75355863571167,4.345968246459961,6.948795795440674,8.85869026184082,6.2268266677856445,5.061826705932617,5.990600109100342,7.646639823913574,8.943696975708008,10.687775611877441,10.450921058654785,10.450834274291992,11.335684776306152,10.348076820373535,8.133099555969238,6.794197082519531,6.671205043792725,7.187095642089844,8.360149383544922,9.60966968536377,10.713777542114258,14.117294311523438,13.46984577178955,8.96684741973877,8.15975284576416,9.902631759643555,7.759315013885498,5.85802698135376,5.27964448928833,4.91023063659668,4.537206172943115,2.8309061527252197,2.742004156112671,3.2389752864837646,3.0667765140533447,2.0614540576934814,1.2110586166381836,0.5687611103057861,-0.26773548126220703,-0.14615480601787567,0.1720314919948578,0.8351054191589355
9.605035781860352,9.026302337646484,7.358980655670166,4.91245174407959,5.442877769470215,8.038198471069336,6.932231903076172,6.30822229385376,7.076509475708008,6.471227169036865,8.156189918518066,12.51850414276123,11.198718070983887,8.678772926330566,10.556351661682129,6.6846184730529785,3.1870431900024414,3.4739315509796143,4.641689300537109,5.449950695037842,6.464444637298584,8.93967056274414,10.186946868896484,10.360109329223633,10.047552108764648,9.63257884979248,10.338963508605957,10.345125198364258,7.5599589347839355,7.707188129425049,3.0761518478393555,0.2871500849723816,1.950136423110962,2.6606433391571045,3.650627851486206,3.941500186920166,3.6027650833129883,3.512960195541382,2.4717957973480225,1.8007619380950928,1.329916000366211,0.10247857123613358,0.054833948612213135,1.2330304384231567
11.284375190734863,11.024105072021484,8.683342933654785,6.4855475425720215,6.997049808502197,8.70173454284668,7.067949295043945,6.318772315979004,8.276238441467285,4.6826887130737305,7.257397174835205,10.166401863098145,10.717476844787598,8.84963321685791,10.400275230407715,9.45348072052002,8.867959976196289,10.32655143737793,9.025689125061035,7.233327865600586,6.424292087554932,6.819660663604736,9.640073776245117,10.771936416625977,10.436531066894531,10.545980453491211,9.544713973999023,7.293785572052002,6.662079811096191,4.944061279296875,1.3666832447052002,-0.11696841567754745,1.7190601825714111,2.4380013942718506,4.631843090057373,4.247463703155518,4.2769975662231445,6.7073540687561035,6.989418983459473,4.53732967376709,2.8174870014190674,1.4105970859527588,0.10329023003578186,0.8301588892936707
11.994706153869629,13.349705696105957,12.120131492614746,9.381306648254395,9.442636489868164,9.984725952148438,8.814821243286133,6.619674205780029,10.015765190124512,5.7390947341918945,6.3424153327941895,9.628386497497559,12.133398056030273,12.220419883728027,12.647262573242188,13.111814498901367,12.177912712097168,12.498126029968262,12.849045753479004,12.631592750549316,14.508716583251953,13.777230262756348,11.3969087600708,12.683645248413086,14.047490119934082,12.673264503479004,9.600160598754883,7.859892845153809,8.085001945495605,6.566617488861084,-1.3334487676620483,-0.3430309593677521,2.180450201034546,2.4100074768066406,3.674730062484741,5.499815464019775,8.88841438293457,10.774158477783203,9.895319938659668,7.03543758392334,4.5095038414001465,2.776124954223633,1.1079680919647217,0.80246502161026
8.683797836303711,12.929214477539062,15.039671897888184,12.82958984375,11.905158996582031,12.95174789428711,10.418253898620605,6.751256465911865,9.502877235412598,9.33780574798584,6.245386600494385,7.332850456237793,10.132518768310547,13.669074058532715,16.05221939086914,17.952651977539062,16.01923179626465,13.106780052185059,12.591171264648438,15.262070655822754,17.986377716064453,19.585037231445312,18.15562629699707,14.981992721557617,13.629651069641113,12.640986442565918,11.757528305053711,10.448387145996094,8.74983024597168,5.394195079803467,3.3998656272888184,3.280463218688965,2.384058952331543,4.340062618255615,7.780864715576172,12.099319458007812,14.239835739135742,11.547205924987793,9.031743049621582,7.559757232666016,5.663087844848633,3.960245370864868,2.653524875640869,2.019624710083008
6.768173694610596,7.957153797149658,10.533666610717773,11.73901081085205,14.24663257598877,14.718148231506348,9.718215942382812,7.643868923187256,9.2079439163208,6.503934860229492,6.479766368865967,8.734466552734375,6.713253498077393,8.718182563781738,10.947154998779297,13.620997428894043,15.731698036193848,16.068693161010742,14.526957511901855,15.76822566986084,15.831417083740234,15.0526762008667,16.01645851135254,15.848712921142578,13.768522262573242,12.08159065246582,11.740551948547363,10.505873680114746,8.523177146911621,6.659080505371094,5.133632659912109,3.2754037380218506,2.4374845027923584,5.217188358306885,8.295096397399902,10.522638320922852,13.201482772827148,13.17360782623291,9.829689025878906,7.030395984649658,5.776657581329346,5.2465596199035645,4.188732147216797,2.669276475906372
5.897933006286621,4.613739013671875,6.796232223510742,10.535045623779297,13.667889595031738,11.959029197692871,8.581335067749023,9.673933982849121,9.107633590698242,4.017809867858887,4.3147430419921875,8.42982292175293,7.514232158660889,8.306625366210938,9.434049606323242,9.803862571716309,10.529282569885254,13.720941543579102,14.062884330749512,14.872122764587402,16.337764739990234,16.630529403686523,15.08944320678711,13.192538261413574,11.336371421813965,9.971281051635742,10.420114517211914,9.635286331176758,6.968990802764893,4.718931674957275,3.517103433609009,2.6817595958709717,3.2020809650421143,4.636024475097656,5.25203800201416,5.185753345489502,7.4143147468566895,10.254819869995117,9.862186431884766,8.115714073181152,7.326065540313721,7.286506175994873,5.904894828796387,2.6412644386291504
7.011555194854736,8.084540367126465,9.744348526000977,10.077075004577637,10.969171524047852,7.991602897644043,7.089444160461426,10.82136058807373,10.151381492614746,4.5135273933410645,4.5842509269714355,8.473882675170898,9.410103797912598,9.66346263885498,7.173438549041748,4.3541107177734375,4.375929355621338,9.029561996459961,12.167366027832031,13.728202819824219,13.55501937866211,12.780631065368652,11.966182708740234,11.790616035461426,10.74667739868164,8.275359153747559,6.817443370819092,5.6221089363098145,4.583644866943359,3.3366072177886963,1.5579966306686401,0.5540340542793274,1.4177820682525635,2.4699974060058594,3.167816162109375,3.512079954147339,4.804683685302734,7.741855144500732,9.550140380859375,9.981916427612305,10.084217071533203,10.294923782348633,9.298815727233887,7.075785160064697
5.909648895263672,4.604695796966553,6.578667163848877,11.061663627624512,12.46657657623291,11.135172843933105,8.889677047729492,11.567618370056152,13.390189170837402,10.269486427307129,7.267459392547607,9.510459899902344,12.176116943359375,11.625789642333984,8.485272407531738,6.106759548187256,5.788259029388428,7.411767959594727,10.792436599731445,12.546749114990234,10.928118705749512,9.263128280639648,9.389108657836914,10.751803398132324,9.843679428100586,6.291470050811768,3.950054168701172,4.14362907409668,4.948200702667236,4.752840518951416,3.2282052040100098,1.7039551734924316,2.4024510383605957,3.198946952819824,3.659898042678833,3.7979815006256104,4.359586238861084,5.916295528411865,7.974236488342285,10.553417205810547,11.738617897033691,11.720688819885254,10.343993186950684,8.50459098815918
5.769395351409912,3.123128890991211,6.071667194366455,11.195874214172363,13.392489433288574,14.39999771118164,12.928248405456543,11.720200538635254,13.923945426940918,14.406279563903809,11.472936630249023,10.461492538452148,12.809106826782227,13.694328308105469,11.964343070983887,10.27812671661377,8.977931022644043,8.089437484741211,8.232646942138672,8.55017375946045,8.554944038391113,8.627197265625,9.871232986450195,10.32783031463623,7.776847839355469,4.848138332366943,3.410367012023926,5.168308734893799,6.937997341156006,7.037262916564941,4.882781505584717,1.9922969341278076,2.3703272342681885,3.7312581539154053,4.455410957336426,4.807888507843018,5.430182456970215,6.304131031036377,7.582645893096924,9.881659507751465,11.458707809448242,11.850175857543945,11.973280906677246,9.690333366394043
6.541635513305664,4.211366176605225,6.4612016677856445,10.398077964782715,11.541166305541992,11.709260940551758,12.071588516235352,11.217132568359375,10.971924781799316,14.538143157958984,13.872386932373047,11.4607572555542,11.771450996398926,13.085185050964355,13.284797668457031,12.96639633178711,12.46395492553711,12.159180641174316,10.64051628112793,9.484065055847168,9.084747314453125,9.326982498168945,10.841805458068848,10.09542465209961,8.304732322692871,7.746639251708984,6.879389762878418,7.019763469696045,7.189817905426025,7.085444450378418,5.585787773132324,3.1593103408813477,1.9303700923919678,1.8310661315917969,2.506124973297119,3.229257345199585,5.299448490142822,6.579507350921631,7.359893321990967,9.475512504577637,10.835026741027832,12.279401779174805,13.376947402954102,11.20372486114502
6.986660957336426,6.8789448738098145,6.8534159660339355,10.363293647766113,11.093890190124512,11.400357246398926,11.91335391998291,10.734541893005371,8.527934074401855,12.246892929077148,13.814386367797852,12.811793327331543,11.363214492797852,11.037625312805176,11.318305969238281,12.407569885253906,13.833821296691895,14.482646942138672,14.106630325317383,12.870580673217773,11.339975357055664,9.535685539245605,9.511512756347656,9.56019115447998,9.580528259277344,10.0175199508667,10.57204818725586,11.145513534545898,10.848491668701172,9.722740173339844,8.907812118530273,7.652989387512207,5.839495658874512,3.3874008655548096,3.2298812866210938,3.7047476768493652,4.9434614181518555,5.904928684234619,5.679836750030518,7.1521759033203125,8.899975776672363,10.555946350097656,9.866884231567383,10.871849060058594
8.475529670715332,10.092796325683594,8.059115409851074,8.814519882202148,9.553170204162598,10.667818069458008,12.162291526794434,11.728424072265625,9.416646957397461,10.573200225830078,13.074583053588867,14.385418891906738,13.22046184539795,11.127299308776855,10.059784889221191,11.067339897155762,11.809414863586426,12.753731727600098,13.510136604309082,12.664168357849121,11.652896881103516,10.459609985351562,10.190316200256348,11.10267162322998,12.136772155761719,13.405872344970703,14.610640525817871,15.036609649658203,14.212780952453613,12.277573585510254,11.076565742492676,10.288078308105469,10.524920463562012,8.841143608093262,5.973341464996338,5.411347389221191,3.893996000289917,4.254131317138672,4.750535011291504,7.133853912353516,8.392930030822754,9.87313175201416,10.978547096252441,12.344924926757812
8.700148582458496,9.153924942016602,7.807065486907959,7.029329299926758,8.189126014709473,9.618670463562012,12.065195083618164,13.036584854125977,11.861454963684082,10.988086700439453,11.940632820129395,13.829843521118164,14.812295913696289,13.902985572814941,12.218427658081055,11.253013610839844,10.552483558654785,11.276505470275879,12.163872718811035,11.006014823913574,9.230389595031738,8.656275749206543,9.512238502502441,11.108657836914062,12.789453506469727,14.11820125579834,15.179797172546387,15.728578567504883,15.259057998657227,14.011007308959961,12.99756145477295,12.634053230285645,13.035454750061035,12.662481307983398,7.691407680511475,4.6095123291015625,4.080019950866699,4.682046890258789,4.144087314605713,7.932107448577881,10.617681503295898,11.586322784423828,12.552261352539062,13.402892112731934
9.158761024475098,8.307589530944824,8.92105770111084,9.288639068603516,11.336335182189941,10.677155494689941,11.520659446716309,12.875999450683594,13.191208839416504,12.992791175842285,12.828022003173828,12.711385726928711,13.33487319946289,14.195955276489258,13.888879776000977,13.23854923248291,13.215660095214844,12.638586044311523,12.083017349243164,11.382467269897461,10.547337532043457,10.243926048278809,10.706786155700684,11.653716087341309,12.456361770629883,13.119734764099121,13.967071533203125,14.952617645263672,15.303521156311035,14.552011489868164,13.784586906433105,13.598677635192871,13.46137809753418,13.05875301361084,11.205777168273926,8.51036262512207,9.095378875732422,11.942292213439941,12.296163558959961,12.790729522705078,13.069783210754395,12.636528015136719,12.132864952087402,12.68006420135498
9.567495346069336,8.204699516296387,9.829626083374023,11.602163314819336,13.827220916748047,10.7933349609375,11.108484268188477,12.336041450500488,12.95964527130127,14.018265724182129,15.228707313537598,14.493677139282227,12.746626853942871,12.530957221984863,12.924788475036621,13.824061393737793,14.580105781555176,13.742145538330078,13.1060209274292,13.228772163391113,13.254987716674805,12.861021995544434,12.836477279663086,13.4885835647583,14.060982704162598,14.339428901672363,14.762073516845703,15.63899040222168,16.604942321777344,16.912275314331055,16.605182647705078,16.194683074951172,15.299281120300293,14.0659818649292,13.515032768249512,13.12615966796875,13.33342170715332,15.511795043945312,16.017545700073242,14.293210983276367,14.040570259094238,13.745993614196777,13.128884315490723,14.466333389282227
