data/wind_data/wind_Surface_37.json
{"header": {"parameterUnit": "KT", "parameterCategory": 2, "nx": 255, "ny": 198, "lo1": 44.73521041870117, "la1": -3.236724853515625, "lo2": 111.26478576660156, "la2": 43.468475341796875, "dx": 0.26192745566368103, "dy": -0.23708222806453705, "refTime": "2025-02-20 13:00:00", "forecastTime": 0, "parameterNumber": 2, "parameterNumberName": "eastward_wind"}, "data":
[rows 0 to 18 of 198, columns 172 to 214 of 255]
9.452506065368652,9.229193687438965,9.363543510437012,9.53034782409668,9.516620635986328,9.28476333618164,8.773538589477539,7.970897674560547,6.850080490112305,5.088959217071533,3.425441026687622,3.8173065185546875,5.914098739624023,8.146992683410645,9.674043655395508,9.709875106811523,9.023018836975098,8.782881736755371,8.85201358795166,8.957493782043457,8.903650283813477,8.543622970581055,7.992708683013916,7.372565746307373,6.877662181854248,6.632489204406738,6.590980052947998,6.6947855949401855,6.8479108810424805,6.88877010345459,6.435334205627441,5.745502471923828,5.761544227600098,6.337093830108643,6.745502948760986,6.847901344299316,6.6681599617004395,6.410998344421387,6.341178894042969,6.175127983093262,5.571731090545654,4.911901950836182,4.534510612487793
9.423125267028809,9.134403228759766,9.166296005249023,9.287070274353027,9.170144081115723,8.72778034210205,8.090476989746094,7.382866382598877,6.507149696350098,4.7661871910095215,2.7295894622802734,2.9999237060546875,5.5003662109375,8.119441986083984,9.888842582702637,10.315382957458496,9.906811714172363,9.30821704864502,8.89825439453125,8.883549690246582,8.783734321594238,8.301668167114258,7.696517467498779,7.191442012786865,6.711251258850098,6.173431396484375,5.8983235359191895,6.119617938995361,6.528323173522949,6.713824272155762,6.186527252197266,5.388703346252441,5.7444281578063965,6.763962745666504,7.115542411804199,7.0061845779418945,6.748502254486084,6.360805034637451,6.064044952392578,5.5340070724487305,2.9342734813690186,3.608848810195923,3.1205716133117676
8.913406372070312,8.762368202209473,8.873806953430176,9.014079093933105,8.815408706665039,8.350939750671387,7.870657920837402,7.390491008758545,6.553824424743652,4.896576881408691,3.2582459449768066,4.005298614501953,6.548408508300781,8.462200164794922,9.385490417480469,9.7899169921875,9.79627799987793,9.4506196975708,9.053260803222656,8.742344856262207,8.44467544555664,8.207315444946289,7.705631732940674,6.880573749542236,6.16699743270874,5.644738674163818,5.463472366333008,5.676213264465332,5.771351337432861,5.621345520019531,5.506633281707764,5.7887468338012695,6.538144588470459,6.975876808166504,6.60332727432251,6.164809703826904,6.2217698097229,6.286839485168457,6.005899906158447,5.272010803222656,4.3101959228515625,3.1396167278289795,2.0290029048919678
8.16576099395752,8.346536636352539,8.513437271118164,8.4157133102417,7.9453582763671875,7.573648452758789,7.545708179473877,7.393187999725342,6.625039577484131,5.2067389488220215,4.181096076965332,5.09860897064209,7.068254470825195,8.219147682189941,8.60945987701416,8.861237525939941,8.855240821838379,8.558696746826172,8.14225959777832,7.6516876220703125,7.287038326263428,7.275144100189209,6.735751628875732,5.596855163574219,4.833357810974121,4.6885199546813965,4.898797512054443,4.892640113830566,4.650528430938721,4.515269756317139,4.859057903289795,5.727911472320557,6.57489538192749,6.697671890258789,6.072474002838135,5.496583938598633,5.694579601287842,6.151326656341553,6.0431599617004395,5.449631690979004,4.480339050292969,3.232382297515869,1.2474263906478882
6.9032182693481445,7.062626838684082,7.6003737449646,7.454218864440918,5.880626201629639,5.0174031257629395,5.692040920257568,6.381697177886963,6.030145168304443,5.277519702911377,5.047237396240234,4.755159378051758,4.553332805633545,4.957596778869629,5.475884914398193,5.608266353607178,5.439626216888428,4.805652618408203,3.9988222122192383,3.5594232082366943,3.3626644611358643,3.2434346675872803,1.9939254522323608,1.4239712953567505,1.1523958444595337,0.6097348928451538,1.6265877485275269,2.117123603820801,1.9014248847961426,1.6383605003356934,1.8947842121124268,2.7385013103485107,3.878553867340088,4.511190891265869,4.690962791442871,4.966018199920654,5.868993759155273,6.743993759155273,7.149909019470215,6.983121395111084,5.712690830230713,5.351186752319336,2.0736420154571533
5.988807678222656,6.5181193351745605,7.659036159515381,8.34943962097168,7.179835319519043,6.670340061187744,7.289980411529541,7.12526273727417,6.168835639953613,5.469673156738281,5.159591197967529,4.490302562713623,4.499585151672363,5.348219871520996,6.067744255065918,6.115650177001953,5.529095649719238,4.62127685546875,4.509638786315918,3.409599542617798,3.8198587894439697,2.6706044673919678,1.4832440614700317,2.007838010787964,1.2743055820465088,2.250393867492676,3.141418933868408,2.903938055038452,2.0764760971069336,2.0298197269439697,2.523310661315918,3.294114112854004,4.37864875793457,4.766812801361084,4.461959362030029,4.556462287902832,5.019496917724609,6.666589736938477,8.685114860534668,8.324328422546387,6.236022472381592,3.8068530559539795,1.4547371864318848
3.59562087059021,5.896975040435791,7.6664719581604,7.5451788902282715,6.414746284484863,6.286718368530273,6.641393184661865,6.048807621002197,5.098718643188477,5.147223472595215,5.084059238433838,4.340644359588623,3.8336846828460693,4.349852085113525,5.134559631347656,5.114067554473877,4.329064846038818,3.8442769050598145,4.539268493652344,3.849876642227173,1.933024525642395,2.462162494659424,2.0284337997436523,0.7170326709747314,1.192876935005188,2.3012049198150635,2.624258041381836,0.725136935710907,-0.3703118860721588,0.5928950309753418,1.638317584991455,2.9292750358581543,3.568896770477295,3.962907314300537,3.45711350440979,1.7932406663894653,2.2363622188568115,6.817862033843994,8.20297908782959,6.966867446899414,4.818526744842529,1.1838194131851196,1.3150932788848877
3.0390992164611816,6.670382022857666,7.41847038269043,6.51109504699707,5.584126949310303,5.494833946228027,6.095852375030518,6.256985664367676,6.048242568969727,5.853525161743164,5.316819667816162,4.724847793579102,4.021337032318115,3.8197181224823,4.378928184509277,4.690882205963135,3.436286687850952,3.5665969848632812,4.261293411254883,3.131657361984253,1.2940497398376465,0.8569561839103699,1.0343257188796997,0.6519071459770203,0.9131467342376709,1.3541266918182373,1.5179171562194824,1.0897670984268188,0.6529576182365417,1.0665775537490845,1.9493179321289062,3.369844675064087,3.7258596420288086,3.9783971309661865,4.012792110443115,1.687530517578125,4.309408664703369,7.215874195098877,7.557371139526367,5.464950084686279,3.3368468284606934,4.858691692352295,2.360858917236328
3.352236032485962,4.66208553314209,4.99524450302124,5.092881202697754,5.379702091217041,5.038890361785889,4.713099002838135,4.941468238830566,5.600574016571045,6.0329813957214355,5.890608310699463,4.6739606857299805,3.2900631427764893,2.8070268630981445,3.871243476867676,4.528810977935791,3.6423025131225586,3.197216749191284,2.7568752765655518,2.10821795463562,1.0204428434371948,1.08244788646698,1.02726149559021,0.5818530917167664,1.0156309604644775,1.084084153175354,0.8687506914138794,0.4085700809955597,0.3264739215373993,1.113978385925293,2.118767738342285,3.1166529655456543,3.7286226749420166,4.604782581329346,1.9440747499465942,0.8793712854385376,3.977776050567627,6.243439197540283,5.853313446044922,4.028072834014893,2.0185980796813965,3.6816048622131348,1.027816653251648
3.613959550857544,1.5101206302642822,2.0851659774780273,3.924243211746216,5.358928203582764,4.7585954666137695,3.359222650527954,4.315267086029053,5.475276470184326,5.995438098907471,5.645626068115234,3.6810142993927,1.7721184492111206,1.7175027132034302,2.893453359603882,4.561190605163574,4.826726913452148,2.826953172683716,0.5156069993972778,-0.35544314980506897,0.29295992851257324,0.7518907785415649,1.113343358039856,0.9064239859580994,0.7055747509002686,1.1836721897125244,1.2131080627441406,0.6044379472732544,0.6351286768913269,1.457015037536621,2.1047165393829346,2.895721435546875,3.6748886108398438,4.422859191894531,4.02036714553833,3.225102186203003,3.8505518436431885,4.093515872955322,4.101166725158691,1.9611676931381226,1.6968270540237427,-0.10882873088121414,-1.5538702011108398
2.9341585636138916,-0.20105654001235962,1.359200119972229,3.3737685680389404,3.866533041000366,3.206359386444092,2.661566972732544,3.6321096420288086,5.0814409255981445,5.416337013244629,4.934706211090088,3.580413818359375,2.3171615600585938,2.367109537124634,2.8242275714874268,3.627307415008545,4.55277681350708,3.177736759185791,-0.016439547762274742,-0.12489968538284302,0.6830312609672546,0.8197415471076965,0.8413059115409851,0.3317153751850128,0.5567655563354492,1.0224066972732544,1.3696386814117432,1.5335677862167358,1.5946141481399536,2.0183961391448975,2.2993783950805664,2.876424789428711,3.3855202198028564,3.792731523513794,4.64215612411499,4.546423435211182,3.32365083694458,2.769669771194458,3.2343149185180664,1.1001513004302979,1.0582683086395264,-1.2584415674209595,-1.7996575832366943
2.7509355545043945,1.2585657835006714,1.6279479265213013,2.722926378250122,2.3871545791625977,1.3993631601333618,1.2313652038574219,2.6915571689605713,4.647628307342529,4.915167331695557,4.232255935668945,3.7245614528656006,2.9585468769073486,2.231517791748047,2.0689733028411865,2.874068260192871,3.075061321258545,1.6823807954788208,0.005014935974031687,-0.45209020376205444,-0.33529219031333923,0.31774067878723145,0.3248516023159027,-0.3780260384082794,-0.04033517464995384,0.6264885663986206,1.3089001178741455,1.78696608543396,2.1155824661254883,2.475334882736206,2.428290605545044,3.1130566596984863,3.0945563316345215,2.3378348350524902,3.9197709560394287,4.135206699371338,2.413943290710449,1.8736101388931274,2.401205062866211,1.3358886241912842,-0.32124829292297363,-2.0688114166259766,-0.23923072218894958
2.676309108734131,2.205331563949585,1.6016618013381958,2.24526047706604,1.621666669845581,0.7604941129684448,0.5630585551261902,1.2676670551300049,3.282073736190796,4.2108540534973145,4.044507026672363,2.8078267574310303,1.6188796758651733,1.5572645664215088,2.093783378601074,2.6710879802703857,1.5902619361877441,0.13892234861850739,-0.9396580457687378,-0.8202360272407532,-0.5834059715270996,-0.2809203267097473,-0.5387948751449585,-1.2369879484176636,-0.6391032338142395,0.5765887498855591,1.7878879308700562,2.5272748470306396,2.69454026222229,3.128492593765259,3.300663948059082,3.341399908065796,3.4192004203796387,2.87473464012146,3.6920599937438965,3.4061965942382812,2.3013806343078613,0.30945611000061035,0.9295285940170288,0.23277518153190613,-3.010746955871582,-1.4334784746170044,1.9639496803283691
2.7348361015319824,1.170020580291748,1.212121605873108,2.422844409942627,2.4376654624938965,0.8123461008071899,-0.3760339021682739,-0.1517917513847351,1.734854817390442,4.058316230773926,3.6489930152893066,-0.3006969094276428,-2.535407066345215,-1.534901738166809,2.8038125038146973,3.542874813079834,1.7257188558578491,0.4424154460430145,-1.2559897899627686,-1.0031208992004395,-1.2665787935256958,-0.8963369131088257,-0.7468732595443726,-1.7412861585617065,-1.3601995706558228,0.3317110538482666,1.288045883178711,2.2200565338134766,2.1953940391540527,2.554689884185791,3.1793606281280518,3.155486583709717,3.471003532409668,3.413586139678955,3.4555165767669678,1.899694561958313,-0.4965279996395111,-0.559576690196991,0.3610908091068268,-1.8702043294906616,-3.5110397338867188,-1.217733383178711,1.4791871309280396
1.8645001649856567,0.4924863874912262,0.31454434990882874,0.7336199283599854,0.1343168169260025,0.4016360640525818,0.16401520371437073,-0.4427987337112427,1.4359065294265747,2.7925400733947754,0.5760506391525269,-3.752561092376709,-5.297214031219482,-5.296168327331543,-0.16787748038768768,6.488954544067383,3.797366142272949,-0.53696209192276,-0.5064793825149536,-0.9315415620803833,-1.558440089225769,-1.7224589586257935,-2.1247241497039795,-2.4944605827331543,-1.2266147136688232,0.5322232842445374,1.623491883277893,2.1327035427093506,2.1216037273406982,2.2707016468048096,2.7400991916656494,3.251126527786255,3.4670331478118896,2.905437469482422,2.3670594692230225,1.0279595851898193,-0.5312782526016235,-1.2517707347869873,-2.7421061992645264,-2.0705196857452393,-0.871270477771759,-0.8336347937583923,-1.2362879514694214
-1.1381902694702148,-1.7144981622695923,-1.1022874116897583,-2.0988664627075195,-2.805479049682617,0.22197012603282928,0.5060432553291321,-0.24148616194725037,-0.09278714656829834,0.1605321317911148,-0.1418660581111908,-3.5534818172454834,-5.425359725952148,-6.36533260345459,0.5571211576461792,3.1540939807891846,-1.463294267654419,-1.8179230690002441,-1.2997597455978394,-1.187784194946289,-1.7206692695617676,-2.3413548469543457,-2.7863376140594482,-2.2874534130096436,-0.7008464932441711,0.9956009984016418,2.423027276992798,2.8777413368225098,2.534250020980835,2.3151063919067383,2.6838786602020264,3.3237650394439697,3.091522216796875,1.9981064796447754,0.5165647864341736,-0.8280683755874634,-1.7383133172988892,-2.5910415649414062,-3.409257173538208,-2.1099512577056885,0.3811980187892914,0.42289718985557556,-4.464864730834961
-3.4861180782318115,-3.699986219406128,-2.806274890899658,-2.22562313079834,-0.9436258673667908,-1.7177040576934814,-1.0072200298309326,-1.112188458442688,-0.7122978568077087,-0.5172746181488037,-1.1655380725860596,-2.2571747303009033,-3.137755870819092,-3.002729654312134,0.3911581337451935,-0.3671315014362335,-3.337529420852661,-2.0355305671691895,-1.0690016746520996,-1.4521113634109497,-2.194462537765503,-2.666780710220337,-2.952998161315918,-2.0438437461853027,-0.38248947262763977,1.478918194770813,2.913494825363159,3.111483573913574,2.9317517280578613,1.851915955543518,1.2786446809768677,3.3796799182891846,2.2049918174743652,-0.3120853900909424,-3.0515058040618896,-3.8219153881073,-3.1777820587158203,-5.237207889556885,-2.972137689590454,-2.604926109313965,1.4528839588165283,2.1307802200317383,-1.835420846939087
-1.8335086107254028,-3.6350724697113037,-3.849917411804199,-0.9541845917701721,-1.8398964405059814,-3.423593282699585,-2.267845869064331,-1.3254352807998657,0.11822070926427841,0.4883873164653778,-0.3669935166835785,-1.377856969833374,-2.4179770946502686,-2.5626885890960693,-2.0815138816833496,-3.3865063190460205,-3.1830997467041016,-1.580533742904663,-1.6670371294021606,-2.596365451812744,-3.040999412536621,-2.9454309940338135,-2.7260501384735107,-1.7244328260421753,-0.08703670650720596,2.072540760040283,3.288867235183716,3.402768611907959,2.943026065826416,1.5924599170684814,1.3284213542938232,1.4820719957351685,0.24309036135673523,-2.665623903274536,-4.4932169914245605,-2.9862256050109863,-3.5743510723114014,-3.0931856632232666,-1.4269942045211792,-4.086208820343018,0.013454155996441841,4.437994956970215,0.7091623544692993
-3.7697274684906006,-3.0095927715301514,-3.2070934772491455,-2.1985175609588623,-4.6306376457214355,-4.27595853805542,-2.3343160152435303,-1.4238057136535645,0.7062544822692871,0.4636690020561218,-0.8250290155410767,-2.127819776535034,-2.9287078380584717,-3.586895704269409,-4.399145126342773,-4.7892680168151855,-4.015100479125977,-3.163240432739258,-3.3614046573638916,-4.180661678314209,-3.838075876235962,-2.878718137741089,-1.9945347309112549,-0.9195024371147156,0.5055810213088989,2.490853786468506,3.7826550006866455,4.149346351623535,4.056586742401123,4.7367753982543945,3.587458610534668,0.5125728845596313,-1.1429245471954346,-2.6236560344696045,-0.6707296967506409,-1.5788379907608032,-4.079645156860352,-1.3815648555755615,2.2643356323242188,-0.4662787914276123,-2.186586856842041,1.534894347190857,1.5250749588012695
