data/wind_data/wind_27_5.json
{"header": {"parameterUnit": "KT", "parameterCategory": 2, "nx": 256, "ny": 198, "lo1": 44.73521041870117, "la1": -3.236724853515625, "lo2": 111.26478576660156, "la2": 43.468475341796875, "dx": 0.2609002888202667, "dy": -0.23708222806453705, "refTime": "2025-02-20 03:00:00", "forecastTime": 0, "parameterNumber": 2, "parameterNumberName": "eastward_wind"}, "data":
[rows 114 to 132 of 198, columns 88 to 131 of 256]
40.66423416137695,40.9921875,41.73494338989258,42.631629943847656,43.310482025146484,43.60781478881836,43.68220138549805,43.72088623046875,43.75422286987305,43.785736083984375,43.82869338989258,43.81352233886719,43.619903564453125,43.111656188964844,42.470367431640625,42.31048583984375,42.72037124633789,43.11283874511719,43.31246566772461,43.567588806152344,43.79679870605469,43.96135711669922,43.93376159667969,43.58551025390625,42.764564514160156,42.09178161621094,42.110328674316406,42.735267639160156,43.14116668701172,42.789093017578125,41.89149856567383,40.44329833984375,39.214454650878906,38.2905387878418,37.835044860839844,37.853485107421875,37.97984313964844,37.864925384521484,37.25998306274414,36.15997314453125,35.06391906738281,34.20756912231445,33.17874526977539,31.796886444091797
42.46800994873047,42.71246337890625,43.20356369018555,43.721641540527344,43.97329330444336,43.977325439453125,43.98707962036133,44.15455627441406,44.450374603271484,44.80790710449219,45.149044036865234,45.36147689819336,45.30073165893555,44.84785079956055,44.21866226196289,43.913360595703125,44.217628479003906,44.72486114501953,44.84162902832031,44.668087005615234,44.488487243652344,44.42356872558594,44.511932373046875,44.446311950683594,43.97291946411133,43.3155632019043,43.01359176635742,43.3209342956543,43.73065185546875,43.337589263916016,42.3963508605957,40.73267364501953,39.06257629394531,37.947017669677734,37.25690841674805,37.116214752197266,36.915374755859375,36.722801208496094,36.170101165771484,35.215179443359375,34.04619216918945,33.003173828125,31.765850067138672,30.58837890625
43.97358322143555,44.05150604248047,44.30979537963867,44.52681350708008,44.52275466918945,44.487735748291016,44.60047912597656,44.898101806640625,45.34493637084961,45.862606048583984,46.30990982055664,46.57853317260742,46.5832405090332,46.277828216552734,45.8675651550293,45.63837814331055,45.78455352783203,46.18535232543945,46.205421447753906,45.68031692504883,45.11086654663086,44.8385124206543,44.926353454589844,45.06234359741211,44.867332458496094,44.43491744995117,44.01822280883789,43.91814422607422,44.15156555175781,43.72886276245117,42.7691764831543,41.10807418823242,39.328243255615234,38.15501403808594,37.0501594543457,36.00938415527344,35.24203109741211,35.05113220214844,35.047828674316406,34.39476013183594,33.2274284362793,31.87738609313965,30.506240844726562,29.859405517578125
45.317359924316406,45.372371673583984,45.440528869628906,45.39629364013672,45.338069915771484,45.4827766418457,45.803688049316406,46.2218132019043,46.715675354003906,47.25534439086914,47.70975112915039,47.932987213134766,47.90370178222656,47.659645080566406,47.354679107666016,47.15840530395508,47.13462448120117,47.17262268066406,46.97411346435547,46.43654251098633,45.85506820678711,45.51507568359375,45.43115234375,45.53935241699219,45.58387756347656,45.43039321899414,44.99266052246094,44.597412109375,44.531681060791016,43.7979621887207,43.040828704833984,41.24699401855469,39.32490539550781,38.15885925292969,36.837562561035156,35.09935760498047,34.023590087890625,34.299076080322266,34.9296989440918,34.990570068359375,34.11866760253906,32.28424072265625,30.474245071411133,29.979272842407227
46.95990753173828,46.92489242553711,46.808170318603516,46.65810775756836,46.75651931762695,47.04108810424805,47.40972137451172,47.87318801879883,48.40619659423828,48.98652648925781,49.49798583984375,49.74248123168945,49.653717041015625,49.31018829345703,48.844215393066406,48.39925003051758,48.097816467285156,47.84622573852539,47.408653259277344,46.86474609375,46.52360153198242,46.384521484375,46.16188430786133,45.9512825012207,46.03163528442383,46.04376983642578,45.68239212036133,45.2032356262207,44.91224670410156,44.18992614746094,43.44268798828125,41.72178649902344,39.617069244384766,38.015472412109375,34.80023193359375,33.438838958740234,34.20635986328125,35.30990219116211,35.7982292175293,35.88465881347656,35.12220764160156,33.29561996459961,31.6247501373291,30.846494674682617
48.97819137573242,49.11863708496094,48.77524948120117,48.55604553222656,48.69137191772461,48.87644577026367,49.1063346862793,49.54055404663086,50.15684509277344,50.86470413208008,51.46867752075195,51.705345153808594,51.47300720214844,50.91124725341797,50.23003387451172,49.56032943725586,49.008670806884766,48.5899658203125,48.1286506652832,47.52862548828125,47.09201431274414,46.97452163696289,46.782474517822266,46.32744598388672,46.20053482055664,46.19816970825195,45.91303634643555,45.53732681274414,45.253631591796875,44.64580154418945,43.60879898071289,41.928401947021484,39.850135803222656,37.45743942260742,33.92383575439453,30.648611068725586,31.631839752197266,34.05406188964844,34.87759780883789,35.79281997680664,36.400508880615234,35.058631896972656,34.04081726074219,33.41163635253906
49.870521545410156,50.66010665893555,50.69443893432617,50.44165802001953,50.358116149902344,50.407188415527344,50.62446975708008,51.07218551635742,51.677330017089844,52.341094970703125,52.839866638183594,52.882179260253906,52.427520751953125,51.70148849487305,50.935977935791016,50.27857971191406,49.771732330322266,49.3486213684082,48.91350555419922,48.3548583984375,47.742095947265625,47.34992599487305,47.083892822265625,46.647132873535156,46.28663635253906,46.09074020385742,45.910850524902344,45.59282684326172,45.35215377807617,44.86225509643555,43.64103698730469,42.0347785949707,40.85808563232422,38.685020446777344,34.41575622558594,31.730497360229492,32.49958801269531,33.51921463012695,34.35634231567383,35.95402908325195,37.050479888916016,36.08769989013672,34.06340026855469,31.962326049804688
48.85551071166992,49.85789489746094,50.42807388305664,50.41057205200195,50.33277893066406,50.6173095703125,51.30690002441406,52.12025833129883,52.72941589355469,53.05636978149414,53.1062126159668,52.83329772949219,52.327232360839844,51.772132873535156,51.2144660949707,50.677093505859375,50.222389221191406,49.79222869873047,49.27143859863281,48.68857192993164,48.101158142089844,47.55630111694336,47.18486022949219,46.82898712158203,46.249061584472656,45.88991165161133,45.67111587524414,45.465858459472656,45.12926483154297,44.57442092895508,43.96989822387695,42.487266540527344,40.71674728393555,39.60765075683594,35.20559310913086,29.56599998474121,28.335060119628906,30.898160934448242,34.5206184387207,37.1816520690918,38.1355094909668,37.01722717285156,34.337158203125,31.20113754272461
49.416866302490234,49.67710876464844,49.3427619934082,48.49553680419922,48.30322265625,49.208927154541016,50.65334701538086,51.87380599975586,52.459075927734375,52.5032958984375,52.26813888549805,51.943565368652344,51.672794342041016,51.49989700317383,51.293243408203125,50.94902801513672,50.48895263671875,50.004371643066406,49.39701461791992,48.62394332885742,47.89364242553711,47.25254440307617,46.92720031738281,46.74613952636719,46.28052520751953,45.876766204833984,45.53797149658203,45.311439514160156,44.84463119506836,44.27468490600586,44.04057312011719,42.43731689453125,40.30900192260742,39.46524429321289,34.90572738647461,28.926136016845703,27.880441665649414,31.181324005126953,35.07276916503906,37.70087814331055,38.96940231323242,38.33940124511719,35.54829406738281,31.796018600463867
50.259925842285156,50.399837493896484,49.54792785644531,47.97607421875,47.164878845214844,47.79656219482422,49.099693298339844,50.126304626464844,50.60285568237305,50.74376678466797,50.76538848876953,50.81666564941406,50.981201171875,51.202964782714844,51.30158233642578,51.090919494628906,50.55293273925781,49.904632568359375,49.23415756225586,48.41212844848633,47.45259475708008,46.64839172363281,46.39749526977539,46.41315841674805,46.27040100097656,45.898170471191406,45.462772369384766,45.015594482421875,44.46821975708008,43.85696792602539,43.17295455932617,41.65778732299805,40.26020812988281,36.9547119140625,32.05559158325195,29.56538963317871,30.42215919494629,33.11167526245117,35.80841827392578,38.12541198730469,39.77629852294922,38.914512634277344,35.759681701660156,32.80064392089844
48.6389274597168,48.89365005493164,48.37635803222656,47.26752853393555,46.71720504760742,47.23673629760742,48.113609313964844,48.66412353515625,48.99861145019531,49.338558197021484,49.66730499267578,50.01499557495117,50.426212310791016,50.838966369628906,51.116661071777344,51.017147064208984,50.51915740966797,49.84421157836914,49.185733795166016,48.4150390625,47.34788131713867,46.33479309082031,45.98871994018555,46.104576110839844,46.16188049316406,45.92372131347656,45.263729095458984,44.56125259399414,43.932586669921875,42.76097106933594,42.14991760253906,41.012062072753906,39.98249053955078,36.5499267578125,32.603973388671875,32.08058166503906,33.24684524536133,34.875301361083984,36.79563522338867,38.84142303466797,39.976322174072266,38.590049743652344,35.17604064941406,32.05071258544922
45.57164001464844,45.904170989990234,46.132164001464844,46.053836822509766,46.12460708618164,46.723628997802734,47.57611846923828,48.3590202331543,49.08702850341797,49.643348693847656,49.86426544189453,49.9293098449707,50.071441650390625,50.34967041015625,50.639183044433594,50.66144943237305,50.33108901977539,49.80018997192383,49.2725944519043,48.6119384765625,47.64295196533203,46.50883483886719,45.976165771484375,45.985939025878906,45.95136260986328,45.62460708618164,44.73955535888672,43.900733947753906,43.18574142456055,42.16297912597656,41.347747802734375,40.313743591308594,39.37702178955078,37.04050827026367,35.35371017456055,35.49494552612305,35.901329040527344,36.50294494628906,37.74048614501953,39.10578155517578,38.90868377685547,35.83970260620117,31.817211151123047,29.41533851623535
42.98934555053711,43.84434509277344,44.8706169128418,45.663509368896484,46.14411926269531,46.821014404296875,47.88157272338867,49.18692398071289,50.4650993347168,51.12465286254883,50.983558654785156,50.5038948059082,50.05686569213867,49.857242584228516,49.89878845214844,49.961326599121094,49.771366119384766,49.37908935546875,48.95497512817383,48.38628005981445,47.527950286865234,46.36318588256836,45.55549621582031,45.43586730957031,45.4141960144043,45.050071716308594,44.112667083740234,43.289127349853516,42.416221618652344,41.378814697265625,40.44986343383789,39.846797943115234,39.05078887939453,38.081809997558594,37.568626403808594,38.0022087097168,38.18455123901367,38.26137161254883,38.55198669433594,38.05113983154297,35.15493392944336,30.715002059936523,28.151884078979492,29.36270523071289
41.42980194091797,42.84480285644531,44.270328521728516,45.63634490966797,46.70003890991211,47.64379119873047,48.623931884765625,49.85211181640625,51.63020324707031,53.02166748046875,53.17233657836914,52.42488098144531,51.18769836425781,49.8955078125,49.03022384643555,48.83597183227539,48.786956787109375,48.4649543762207,47.96532440185547,47.43319320678711,46.744606018066406,45.721195220947266,44.623233795166016,44.329559326171875,44.31507110595703,44.13425827026367,43.41950607299805,42.63759994506836,41.63620376586914,40.430511474609375,39.6417350769043,39.079612731933594,38.14966583251953,37.231807708740234,37.03881072998047,37.738525390625,38.272335052490234,38.15096664428711,37.14189910888672,34.432064056396484,30.161968231201172,27.944772720336914,29.071138381958008,29.230613708496094
39.095130920410156,41.61622619628906,43.97736740112305,46.48884963989258,48.516632080078125,49.6631965637207,50.02000045776367,50.3623161315918,51.88398742675781,54.26723098754883,55.50574493408203,55.22027587890625,53.93940734863281,52.12767791748047,50.20331954956055,48.81465148925781,48.203590393066406,47.947208404541016,47.591854095458984,47.088565826416016,46.366943359375,45.24042892456055,43.840965270996094,43.069427490234375,42.9726448059082,42.85126876831055,42.582977294921875,41.99137496948242,40.80698013305664,39.6169319152832,38.9696044921875,38.31439971923828,37.299224853515625,36.60529327392578,36.814369201660156,37.49933624267578,37.47261428833008,36.6124267578125,33.60105514526367,29.45661735534668,28.299890518188477,25.769338607788086,24.274621963500977,24.132328033447266
38.495025634765625,42.784019470214844,46.084312438964844,49.083980560302734,51.382930755615234,52.69389343261719,52.71537780761719,51.964027404785156,51.09434127807617,53.166297912597656,55.83625030517578,56.762264251708984,56.13179016113281,54.58448791503906,52.621124267578125,50.735252380371094,49.34601593017578,48.517120361328125,47.975914001464844,47.4185676574707,46.62583923339844,45.38106155395508,43.803260803222656,42.50468444824219,41.938480377197266,41.713844299316406,41.67600631713867,41.53459548950195,40.555458068847656,39.29108428955078,38.224124908447266,37.062767028808594,35.815242767333984,34.92920684814453,34.76424026489258,35.34071350097656,35.49616241455078,34.00526428222656,29.2436466217041,27.670896530151367,25.90711212158203,19.473684310913086,29.530597686767578,27.42628288269043
40.846275329589844,45.56489562988281,49.04948043823242,52.168766021728516,54.15252685546875,55.08892059326172,54.66209030151367,53.64735412597656,50.91447067260742,52.00751495361328,55.396602630615234,56.96827697753906,56.45215606689453,54.99881362915039,53.49454879760742,52.33226013183594,51.374908447265625,50.23684310913086,48.99675369262695,47.89580535888672,46.823509216308594,45.68681716918945,44.411048889160156,42.82537841796875,41.56131362915039,40.95097351074219,40.67081832885742,40.5437126159668,40.16156768798828,39.08506393432617,37.37133026123047,35.388607025146484,33.88474655151367,33.030765533447266,32.811519622802734,32.89144515991211,32.352195739746094,30.06056785583496,28.013675689697266,25.643238067626953,20.376113891601562,19.927146911621094,23.95998764038086,26.19792938232422
42.06538009643555,47.3598747253418,50.86970901489258,54.309120178222656,56.532161712646484,57.04469299316406,55.76802444458008,54.731285095214844,51.085269927978516,50.40669250488281,53.90152359008789,57.011112213134766,56.692047119140625,54.855098724365234,53.34804916381836,52.75212478637695,52.564674377441406,51.77873611450195,50.31659698486328,48.88431167602539,47.354434967041016,45.88829803466797,44.71604919433594,43.283470153808594,41.51228332519531,40.174781799316406,39.44175720214844,39.089656829833984,38.65855026245117,37.7659912109375,36.70928192138672,35.73668670654297,34.545997619628906,32.77143096923828,31.859195709228516,31.84719467163086,30.320049285888672,29.382537841796875,26.143020629882812,20.36116600036621,21.425729751586914,22.758403778076172,22.33496856689453,28.036975860595703
40.19913864135742,44.96769332885742,49.17063903808594,52.2191276550293,54.751708984375,56.20073318481445,56.2608642578125,56.05219650268555,52.848079681396484,49.72745132446289,49.89113998413086,54.15446853637695,55.592254638671875,54.504669189453125,53.068763732910156,52.286834716796875,52.12892532348633,51.72955322265625,50.70439529418945,49.4762077331543,47.967769622802734,46.230892181396484,44.78525924682617,43.385581970214844,41.441673278808594,39.711952209472656,38.62174606323242,37.491580963134766,36.55009841918945,36.18735885620117,36.113590240478516,35.68313217163086,34.24345397949219,32.37199020385742,32.21076965332031,34.27964782714844,34.399478912353516,32.671180725097656,26.9246883392334,23.192523956298828,23.704219818115234,22.438058853149414,21.111568450927734,28.05352783203125
