data/wind_data/wind_10_3.json
{"header": {"parameterUnit": "KT", "parameterCategory": 2, "nx": 256, "ny": 198, "lo1": 44.73521041870117, "la1": -3.236724853515625, "lo2": 111.26478576660156, "la2": 43.468475341796875, "dx": 0.2609002888202667, "dy": -0.23708222806453705, "refTime": "2025-02-19 10:00:00", "forecastTime": 0, "parameterNumber": 2, "parameterNumberName": "eastward_wind"}, "data":
[rows 171 to 189 of 198, columns 176 to 219 of 256]
28.51613998413086,21.98379898071289,15.4274320602417,15.06122875213623,15.38697338104248,10.828451156616211,12.539399147033691,15.448326110839844,16.601102828979492,16.668468475341797,15.214536666870117,13.586649894714355,14.784124374389648,17.992881774902344,18.762651443481445,14.403447151184082,16.616031646728516,24.090274810791016,29.634416580200195,31.80100440979004,32.878414154052734,26.011459350585938,20.077014923095703,19.153514862060547,18.955848693847656,18.51294708251953,18.133846282958984,19.385568618774414,19.317800521850586,18.089094161987305,23.122066497802734,29.56846046447754,31.578821182250977,27.811790466308594,20.99112892150879,18.709436416625977,18.21747589111328,28.110248565673828,20.24529457092285,6.841041088104248,4.551283836364746,6.280618190765381,6.5302863121032715,6.5708489418029785
33.683685302734375,33.28021240234375,27.16777229309082,24.46649169921875,24.52782440185547,15.436640739440918,16.95856285095215,16.782257080078125,15.371423721313477,15.673856735229492,15.656580924987793,16.76371192932129,17.933204650878906,18.91860580444336,16.705066680908203,14.971111297607422,18.01485252380371,23.025325775146484,28.052486419677734,32.210445404052734,35.04262161254883,33.28526306152344,30.295373916625977,29.789125442504883,29.798879623413086,28.796485900878906,26.76728630065918,27.896696090698242,20.711254119873047,17.616636276245117,18.633581161499023,16.66913604736328,10.71166706085205,9.369356155395508,8.058367729187012,7.510204792022705,8.311507225036621,7.278863906860352,3.616024971008301,0.9456367492675781,2.0562639236450195,5.379488468170166,7.977047920227051,6.2775654792785645
31.15280532836914,30.37616729736328,30.29798698425293,28.96036148071289,28.29308319091797,26.82339859008789,25.892873764038086,24.18734359741211,20.71283531188965,19.57650375366211,20.77117347717285,20.062395095825195,19.313518524169922,17.95516014099121,15.035255432128906,14.307193756103516,16.770448684692383,20.237417221069336,26.1492862701416,31.28191375732422,34.1098518371582,34.27069091796875,32.893131256103516,32.412017822265625,33.9921760559082,34.3742790222168,34.18990707397461,34.32489013671875,28.710113525390625,29.521831512451172,30.992794036865234,24.806640625,19.07797622680664,16.99223518371582,14.480818748474121,8.623064994812012,1.414926528930664,-0.2711281180381775,-1.2641348838806152,1.8998147249221802,4.299121856689453,6.292393684387207,7.7766032218933105,6.850024223327637
29.852550506591797,29.822650909423828,28.68468475341797,26.39504051208496,25.262025833129883,25.15843963623047,24.729873657226562,25.333881378173828,27.03288459777832,28.543285369873047,30.153837203979492,30.802135467529297,27.156139373779297,21.54388999938965,18.86406135559082,16.966079711914062,15.793880462646484,19.35126495361328,24.02159881591797,24.46982192993164,27.961286544799805,30.91307830810547,29.575300216674805,29.779512405395508,31.784893035888672,34.23139190673828,34.68111801147461,33.19157028198242,28.864425659179688,30.386432647705078,30.48858070373535,33.16794967651367,25.861024856567383,10.066107749938965,2.1484062671661377,0.19044509530067444,-0.3752385377883911,1.789493441581726,3.3070757389068604,1.7559393644332886,2.2774078845977783,7.128287315368652,7.091912269592285,5.432003021240234
27.54216766357422,27.68514060974121,26.99824333190918,26.614017486572266,26.132160186767578,25.37542724609375,24.923200607299805,24.490739822387695,24.8878231048584,26.337444305419922,28.19652557373047,29.521696090698242,24.610939025878906,22.675636291503906,20.62649154663086,20.6556453704834,23.882295608520508,21.49424934387207,17.58301544189453,14.46419620513916,11.86328411102295,12.180612564086914,13.963834762573242,15.8148832321167,15.152606964111328,22.905900955200195,27.33878517150879,28.573312759399414,27.15477180480957,29.09745216369629,29.5992431640625,30.41547966003418,19.479093551635742,5.90083122253418,-0.6878480315208435,-0.1040496826171875,0.7623400688171387,1.4553828239440918,1.5797516107559204,1.9349358081817627,4.505219459533691,6.5152387619018555,6.029157638549805,4.885349273681641
24.49179458618164,24.374330520629883,24.599281311035156,24.681291580200195,23.643207550048828,22.39766502380371,21.814716339111328,21.606534957885742,21.802940368652344,22.75299072265625,24.593557357788086,26.687288284301758,26.127992630004883,22.902326583862305,20.271656036376953,20.32340431213379,21.591880798339844,24.431941986083984,24.89933967590332,20.54318618774414,16.630552291870117,17.72901725769043,15.277361869812012,14.918423652648926,12.506341934204102,15.427143096923828,13.042433738708496,15.797398567199707,18.816144943237305,19.780729293823242,15.468588829040527,9.830231666564941,2.9770472049713135,-0.3130355179309845,0.5149145722389221,1.2939549684524536,0.7556837797164917,1.2024754285812378,2.1334776878356934,3.411912679672241,4.600869178771973,5.2448625564575195,4.686978340148926,4.2894415855407715
18.636030197143555,19.57794761657715,20.812223434448242,21.53933334350586,21.215869903564453,20.68990707397461,20.608779907226562,20.630067825317383,20.737077713012695,20.41105079650879,19.558406829833984,20.60926628112793,21.876747131347656,19.682313919067383,18.501445770263672,19.633468627929688,21.27802085876465,23.962852478027344,26.878955841064453,27.786766052246094,27.785282135009766,27.839397430419922,28.540273666381836,25.878293991088867,22.424663543701172,20.11972427368164,19.523530960083008,18.77573013305664,18.968769073486328,15.997374534606934,8.715561866760254,3.9971890449523926,2.774829387664795,2.657381057739258,3.03617262840271,2.6319730281829834,1.8639521598815918,1.7100385427474976,2.5353810787200928,4.225248336791992,4.799463272094727,4.598199844360352,4.006236553192139,4.009876728057861
14.878036499023438,16.08027458190918,17.227819442749023,18.057397842407227,18.50506019592285,18.490903854370117,18.240074157714844,17.790552139282227,17.68589210510254,16.783742904663086,15.199897766113281,16.99911880493164,17.251930236816406,17.843280792236328,19.034452438354492,20.237258911132812,21.4111385345459,23.8673095703125,26.088274002075195,29.312055587768555,31.957746505737305,33.021697998046875,33.74675369262695,30.521284103393555,28.510372161865234,26.59953498840332,24.006208419799805,20.306903839111328,16.147403717041016,11.801881790161133,7.3251633644104,5.485332012176514,5.002571105957031,4.095473289489746,3.844303846359253,3.4914534091949463,2.8173325061798096,3.191648006439209,4.291626453399658,4.768519401550293,4.480889797210693,4.558879852294922,4.1602301597595215,3.879429340362549
13.514518737792969,14.360421180725098,15.107943534851074,15.661626815795898,15.874263763427734,15.542165756225586,14.659672737121582,13.796355247497559,12.958534240722656,12.22229290008545,12.100812911987305,12.577643394470215,13.85396957397461,16.040800094604492,17.71767807006836,19.242782592773438,21.432662963867188,23.690584182739258,25.707250595092773,28.113672256469727,29.890897750854492,30.794374465942383,31.34450912475586,30.74814796447754,28.31050682067871,24.8438777923584,20.214706420898438,15.731161117553711,13.881563186645508,12.782625198364258,9.948751449584961,7.693073749542236,6.666447639465332,5.775684356689453,5.4865803718566895,5.11978816986084,4.903478622436523,5.359431743621826,5.72258186340332,5.323697090148926,4.948198318481445,4.781472206115723,5.092581748962402,5.044593811035156
13.723668098449707,14.039006233215332,14.18114185333252,14.210262298583984,14.202817916870117,14.208174705505371,14.127677917480469,13.877044677734375,13.523972511291504,13.013521194458008,12.815508842468262,12.756929397583008,12.644887924194336,13.394071578979492,15.243670463562012,17.489900588989258,19.613262176513672,20.92913818359375,22.16349983215332,23.184478759765625,24.13504409790039,25.36408805847168,26.09662437438965,26.079511642456055,23.952362060546875,19.524673461914062,15.68515682220459,13.471673965454102,12.249808311462402,11.400959968566895,10.132466316223145,8.757405281066895,7.723268508911133,6.581684589385986,6.258706569671631,6.720473289489746,7.112907409667969,7.163046360015869,6.850146770477295,6.179924011230469,5.531424522399902,5.251265525817871,5.6081953048706055,6.390233993530273
13.947526931762695,14.238502502441406,14.43112850189209,14.678054809570312,15.018457412719727,15.168760299682617,15.277359008789062,15.157514572143555,14.815791130065918,14.34718132019043,14.022967338562012,13.873270988464355,13.356197357177734,12.374765396118164,12.27335262298584,13.295949935913086,14.199180603027344,14.605267524719238,15.031238555908203,15.469311714172363,16.754465103149414,18.359888076782227,18.704212188720703,18.95379638671875,18.840129852294922,16.864152908325195,13.856921195983887,12.894956588745117,12.405430793762207,10.994763374328613,11.046791076660156,10.878203392028809,9.020604133605957,7.43283748626709,6.904430389404297,7.292235851287842,7.698878288269043,7.469865798950195,6.970431327819824,6.537659168243408,6.059762477874756,5.793144226074219,5.92874002456665,6.461700439453125
14.363142967224121,14.550169944763184,14.735556602478027,15.283419609069824,15.594313621520996,15.874258995056152,15.917652130126953,15.354826927185059,14.386185646057129,13.834238052368164,14.003849983215332,14.405951499938965,14.639862060546875,13.574085235595703,12.11368179321289,11.144288063049316,10.699368476867676,10.399434089660645,10.389979362487793,10.60623836517334,11.50314712524414,12.724627494812012,13.827040672302246,14.887377738952637,15.272802352905273,13.989897727966309,13.677783966064453,13.857316017150879,12.30983829498291,11.544018745422363,12.840269088745117,12.636223793029785,9.779661178588867,8.134918212890625,7.3580732345581055,6.6424360275268555,6.341762065887451,6.500194072723389,6.468761920928955,6.32577657699585,6.090771675109863,6.031268119812012,6.173555850982666,6.599111080169678
14.894144058227539,15.125848770141602,15.23097038269043,15.456110954284668,15.766251564025879,15.796225547790527,15.775797843933105,15.596673965454102,14.86438274383545,14.220514297485352,14.839805603027344,15.755559921264648,15.811144828796387,14.84411334991455,13.815786361694336,11.799606323242188,9.931024551391602,9.59044075012207,9.745521545410156,10.10683536529541,10.724569320678711,11.445287704467773,12.4472074508667,13.656355857849121,14.263606071472168,13.59424877166748,12.842679977416992,12.489848136901855,12.057772636413574,12.172213554382324,12.186878204345703,11.411236763000488,10.292880058288574,8.879593849182129,6.986809730529785,5.795279502868652,5.179357051849365,5.290086269378662,5.475222587585449,5.53395938873291,5.318643569946289,5.266423225402832,5.775688648223877,6.733261585235596
15.133596420288086,15.205461502075195,15.262511253356934,15.17788028717041,15.363273620605469,15.661361694335938,16.01661491394043,16.14674186706543,15.862178802490234,15.575597763061523,15.893959045410156,16.3427677154541,15.823442459106445,14.582498550415039,13.519906044006348,12.746573448181152,11.162003517150879,9.763051986694336,9.33234977722168,9.768338203430176,10.441458702087402,11.36986255645752,12.586380958557129,13.74653148651123,13.572196960449219,12.707290649414062,11.606637001037598,11.674582481384277,12.05717945098877,11.88561725616455,11.470855712890625,10.905648231506348,10.070175170898438,8.406636238098145,6.4491143226623535,5.3151960372924805,4.601539134979248,4.3426995277404785,4.288852691650391,4.190801620483398,4.010610580444336,4.401599407196045,5.6030378341674805,6.429702281951904
16.0645694732666,16.090145111083984,15.458504676818848,14.848360061645508,14.84530258178711,15.273508071899414,16.19317626953125,16.203487396240234,16.42453956604004,16.93944549560547,16.442890167236328,15.788226127624512,15.349224090576172,14.345328330993652,12.990510940551758,12.218168258666992,11.525630950927734,10.288092613220215,9.583914756774902,10.115395545959473,10.573812484741211,11.056593894958496,12.113149642944336,12.151920318603516,11.156572341918945,10.809416770935059,10.123844146728516,9.814905166625977,10.054075241088867,10.423136711120605,10.10601806640625,9.349987030029297,8.445019721984863,7.164586067199707,5.986522674560547,5.093498706817627,4.152429580688477,3.3643109798431396,3.369161605834961,3.737855911254883,3.9152991771698,4.113892078399658,4.709532260894775,4.881289005279541
17.736846923828125,17.64317512512207,16.450937271118164,15.507913589477539,15.270259857177734,15.4164400100708,15.932111740112305,16.474735260009766,16.885465621948242,16.940832138061523,16.62909507751465,15.925773620605469,15.124863624572754,14.052141189575195,12.521448135375977,11.382414817810059,10.868959426879883,10.096477508544922,9.840286254882812,9.775093078613281,9.562219619750977,9.440537452697754,10.096990585327148,10.523785591125488,10.473369598388672,10.390174865722656,9.527856826782227,9.306844711303711,9.847376823425293,9.425265312194824,8.148125648498535,6.949628829956055,6.541553974151611,6.323792934417725,5.3587260246276855,4.314544677734375,3.6205406188964844,3.2054455280303955,3.4755027294158936,3.801734685897827,3.6455624103546143,3.2140371799468994,3.176377773284912,3.794541835784912
19.025171279907227,18.855127334594727,17.3706111907959,16.436016082763672,16.23761558532715,16.142549514770508,16.381772994995117,16.85114860534668,16.937183380126953,16.892961502075195,16.56072425842285,15.5825834274292,14.473652839660645,13.902228355407715,13.08101749420166,11.983171463012695,11.021319389343262,10.247684478759766,10.084341049194336,9.3699951171875,8.762449264526367,8.792149543762207,9.87690544128418,10.303622245788574,9.989808082580566,9.190131187438965,7.684855937957764,8.600132942199707,9.296586036682129,8.156941413879395,6.622311115264893,5.640356540679932,5.456148147583008,5.1397705078125,4.340689659118652,3.881897449493408,3.8878366947174072,3.957223653793335,3.8487789630889893,3.4814319610595703,3.1745810508728027,3.0283141136169434,3.284691095352173,3.840001106262207
18.591686248779297,18.86207389831543,18.05559539794922,17.10858726501465,16.182584762573242,15.584887504577637,15.881112098693848,16.341222763061523,16.352092742919922,15.903298377990723,14.959940910339355,13.927614212036133,13.471599578857422,13.81970500946045,13.884458541870117,12.817055702209473,11.69892406463623,10.961002349853516,10.610148429870605,9.878984451293945,9.498444557189941,9.731165885925293,9.749272346496582,9.746665954589844,7.693900108337402,5.330111503601074,6.504687309265137,7.886401176452637,7.512640476226807,6.692721366882324,6.361387729644775,5.612988471984863,4.846386909484863,4.272369861602783,4.1034064292907715,4.209471702575684,4.153894424438477,3.7425715923309326,3.2138497829437256,2.9149253368377686,3.1188855171203613,3.6543328762054443,4.3758745193481445,5.119011878967285
16.65117073059082,17.815357208251953,16.838624954223633,15.172697067260742,14.333229064941406,14.663061141967773,14.99394702911377,14.626953125,13.63198471069336,12.191621780395508,11.285006523132324,11.461377143859863,12.545923233032227,13.840181350708008,13.886043548583984,13.32149887084961,12.251997947692871,11.323883056640625,10.826644897460938,10.620586395263672,10.694891929626465,10.226550102233887,8.541875839233398,9.253400802612305,6.387428283691406,4.0467424392700195,5.490965843200684,6.409526824951172,5.874555587768555,5.684374809265137,5.840259075164795,5.5504326820373535,5.06957483291626,4.616856098175049,4.25257682800293,3.795680522918701,3.4342005252838135,3.130847215652466,2.826382875442505,2.844472646713257,3.242382287979126,4.001969814300537,4.890542030334473,5.755016803741455
