data/wind_data/wind_64_3.json
{"header": {"parameterUnit": "KT", "parameterCategory": 2, "nx": 256, "ny": 198, "lo1": 44.73521041870117, "la1": -3.236724853515625, "lo2": 111.26478576660156, "la2": 43.468475341796875, "dx": 0.2609002888202667, "dy": -0.23708222806453705, "refTime": "2025-02-21 16:00:00", "forecastTime": 0, "parameterNumber": 2, "parameterNumberName": "eastward_wind"}, "data":
[rows 57 to 75 of 198, columns 132 to 175 of 256]
-19.991487503051758,-19.097768783569336,-19.557336807250977,-20.403635025024414,-21.110637664794922,-21.099609375,-20.928754806518555,-20.988672256469727,-21.226972579956055,-21.38485336303711,-21.437694549560547,-21.549354553222656,-21.717912673950195,-21.67108917236328,-21.278276443481445,-20.93128776550293,-20.908329010009766,-20.848491668701172,-20.279666900634766,-19.24741554260254,-18.319902420043945,-17.74142074584961,-17.514854431152344,-16.96193504333496,-15.870482444763184,-14.820477485656738,-14.27492618560791,-14.370447158813477,-14.535268783569336,-14.5076265335083,-14.238250732421875,-13.755382537841797,-13.375712394714355,-13.318028450012207,-13.708297729492188,-14.255513191223145,-14.81667709350586,-15.15589714050293,-15.025521278381348,-14.409744262695312,-13.674813270568848,-13.460546493530273,-14.107611656188965,-14.753962516784668
-19.367431640625,-18.681882858276367,-19.714092254638672,-20.874065399169922,-21.563535690307617,-21.680864334106445,-21.66891860961914,-21.504966735839844,-21.39281463623047,-21.205320358276367,-21.02642822265625,-20.83663558959961,-20.80719757080078,-20.731473922729492,-20.30097770690918,-19.7406005859375,-19.584819793701172,-19.74388885498047,-19.832731246948242,-19.37973403930664,-18.72807502746582,-17.919925689697266,-17.289167404174805,-16.779800415039062,-16.305715560913086,-15.391378402709961,-14.463530540466309,-13.762434959411621,-13.896561622619629,-14.097207069396973,-14.03768539428711,-13.601489067077637,-12.85792350769043,-12.365217208862305,-12.298139572143555,-12.670448303222656,-13.454584121704102,-14.366034507751465,-14.800493240356445,-14.574728012084961,-13.90013313293457,-13.08094310760498,-12.624836921691895,-13.096049308776855
-18.624788284301758,-17.42851448059082,-18.47154426574707,-20.135761260986328,-21.092716217041016,-21.59881591796875,-22.153526306152344,-22.309097290039062,-22.037750244140625,-21.545602798461914,-21.074220657348633,-20.693387985229492,-20.521562576293945,-20.29412841796875,-19.853885650634766,-19.250347137451172,-18.902833938598633,-18.750375747680664,-18.883785247802734,-18.987842559814453,-18.74953269958496,-18.172266006469727,-17.353300094604492,-16.733009338378906,-16.196256637573242,-15.657918930053711,-14.714595794677734,-13.656718254089355,-13.064565658569336,-12.909141540527344,-12.986340522766113,-12.785083770751953,-12.188267707824707,-11.478975296020508,-10.9815034866333,-10.946198463439941,-11.584753036499023,-12.771007537841797,-13.837581634521484,-14.201245307922363,-13.929780960083008,-13.26379108428955,-12.36571216583252,-11.800783157348633
-18.311527252197266,-16.64269256591797,-16.677417755126953,-18.555461883544922,-19.88151741027832,-20.44542121887207,-20.98556137084961,-21.684804916381836,-21.928159713745117,-21.739259719848633,-21.09373664855957,-20.6424617767334,-20.348758697509766,-19.923328399658203,-19.60034942626953,-19.39544677734375,-19.132549285888672,-18.5797061920166,-18.20514678955078,-18.298858642578125,-18.397300720214844,-18.116565704345703,-17.4670352935791,-16.720348358154297,-16.11539077758789,-15.525675773620605,-14.663461685180664,-13.569183349609375,-12.388449668884277,-11.699481964111328,-11.699309349060059,-11.7516450881958,-11.43176555633545,-10.803136825561523,-10.162372589111328,-9.708740234375,-9.920934677124023,-10.960733413696289,-12.282100677490234,-13.150912284851074,-13.327519416809082,-13.046303749084473,-12.488495826721191,-11.77847671508789
-17.937740325927734,-17.011873245239258,-16.078157424926758,-17.00992202758789,-18.105209350585938,-18.96868324279785,-19.29695701599121,-20.066265106201172,-20.7678279876709,-21.067405700683594,-20.732240676879883,-20.303003311157227,-20.06085205078125,-19.689422607421875,-19.215072631835938,-19.084800720214844,-19.194272994995117,-18.9437198638916,-18.418590545654297,-18.013633728027344,-17.833330154418945,-17.632408142089844,-17.21424102783203,-16.534093856811523,-15.868921279907227,-15.25362777709961,-14.50601863861084,-13.499852180480957,-12.22470760345459,-11.023566246032715,-10.294946670532227,-10.279873847961426,-10.389986038208008,-10.169422149658203,-9.787772178649902,-9.310697555541992,-9.033469200134277,-9.45024585723877,-10.471132278442383,-11.468611717224121,-12.000137329101562,-12.150262832641602,-12.21656608581543,-12.084524154663086
-17.407455444335938,-17.141155242919922,-16.373788833618164,-15.954492568969727,-16.56216049194336,-17.31586265563965,-17.926340103149414,-18.57451057434082,-19.421627044677734,-19.82098960876465,-19.846067428588867,-19.60249137878418,-19.422569274902344,-19.18037986755371,-18.789018630981445,-18.4328670501709,-18.553312301635742,-18.81685447692871,-18.907930374145508,-18.319286346435547,-17.665546417236328,-17.23385238647461,-16.8460693359375,-16.31023406982422,-15.499781608581543,-14.732354164123535,-14.096879005432129,-13.41579818725586,-12.379076957702637,-11.132469177246094,-9.875958442687988,-9.056343078613281,-8.978001594543457,-9.260878562927246,-9.4668607711792,-9.320541381835938,-8.91053295135498,-8.67147445678711,-8.881773948669434,-9.48988151550293,-10.219794273376465,-10.734970092773438,-11.085042953491211,-11.446711540222168
-16.427139282226562,-16.70116424560547,-16.202861785888672,-15.720831871032715,-16.058563232421875,-15.893693923950195,-16.60047149658203,-17.284902572631836,-18.203166961669922,-18.667232513427734,-18.860763549804688,-18.852582931518555,-18.908174514770508,-18.67537498474121,-18.318302154541016,-17.78884506225586,-17.875858306884766,-18.149581909179688,-18.50177001953125,-18.40854835510254,-17.884868621826172,-17.179054260253906,-16.638898849487305,-16.018814086914062,-15.175788879394531,-14.273843765258789,-13.567564964294434,-12.972665786743164,-12.244572639465332,-11.235407829284668,-10.047857284545898,-8.858297348022461,-8.1267728805542,-8.241565704345703,-8.913817405700684,-9.257905006408691,-8.951159477233887,-8.39263916015625,-7.951464653015137,-7.909433841705322,-8.367097854614258,-9.030596733093262,-9.532332420349121,-9.889056205749512
-14.561684608459473,-15.746363639831543,-16.10340118408203,-15.867820739746094,-15.64884090423584,-15.279855728149414,-15.176918983459473,-15.634589195251465,-16.322660446166992,-17.18544578552246,-17.97278594970703,-18.425718307495117,-18.61949920654297,-18.44951057434082,-17.947847366333008,-17.41734504699707,-17.36814308166504,-17.41509437561035,-17.534395217895508,-17.610427856445312,-17.479740142822266,-17.084489822387695,-16.51997184753418,-15.823922157287598,-15.033716201782227,-14.111108779907227,-13.2335205078125,-12.484820365905762,-11.788952827453613,-10.89570140838623,-9.807559967041016,-8.787821769714355,-8.019590377807617,-7.809263229370117,-8.195687294006348,-8.739498138427734,-8.750356674194336,-8.18962287902832,-7.466556549072266,-6.982365131378174,-7.008848667144775,-7.438676834106445,-7.939701557159424,-8.319109916687012
-12.770195007324219,-14.715176582336426,-15.78581428527832,-15.507974624633789,-15.149646759033203,-14.769759178161621,-14.386083602905273,-14.413857460021973,-14.870211601257324,-15.59897232055664,-16.608442306518555,-17.528833389282227,-17.878864288330078,-17.819252014160156,-17.61747169494629,-17.39939308166504,-17.140026092529297,-16.859115600585938,-16.643430709838867,-16.49742317199707,-16.440717697143555,-16.299129486083984,-15.989962577819824,-15.44631290435791,-14.78670883178711,-14.024027824401855,-13.148581504821777,-12.195805549621582,-11.282635688781738,-10.410555839538574,-9.448282241821289,-8.531831741333008,-7.9426751136779785,-7.772459983825684,-7.777207374572754,-7.918959140777588,-8.035033226013184,-7.806612968444824,-7.201951503753662,-6.506795883178711,-6.13112211227417,-6.215803146362305,-6.600046634674072,-6.975491523742676
-12.469354629516602,-14.169360160827637,-14.989423751831055,-14.730744361877441,-14.569314956665039,-14.389960289001465,-13.912164688110352,-13.551046371459961,-13.641103744506836,-14.060091018676758,-14.801362037658691,-15.673750877380371,-16.351198196411133,-16.819795608520508,-17.0111141204834,-16.974592208862305,-16.76161766052246,-16.422719955444336,-15.981318473815918,-15.616448402404785,-15.422492980957031,-15.347880363464355,-15.168164253234863,-14.788427352905273,-14.198657035827637,-13.5354585647583,-12.8259859085083,-12.060608863830566,-11.141656875610352,-10.271682739257812,-9.37014102935791,-8.504015922546387,-7.906416416168213,-7.614594459533691,-7.468730926513672,-7.248119354248047,-7.100341796875,-7.06745719909668,-6.834256172180176,-6.26904821395874,-5.634129524230957,-5.273351192474365,-5.355932235717773,-5.759697437286377
-12.239516258239746,-13.182690620422363,-13.505556106567383,-13.497507095336914,-13.646010398864746,-13.749584197998047,-13.326748847961426,-12.740275382995605,-12.614095687866211,-12.809598922729492,-13.283546447753906,-14.082231521606445,-14.757474899291992,-15.299419403076172,-15.63659381866455,-15.722151756286621,-15.710192680358887,-15.570064544677734,-15.356605529785156,-15.090210914611816,-14.906173706054688,-14.86137580871582,-14.77558422088623,-14.427885055541992,-13.863637924194336,-13.305255889892578,-12.68519115447998,-11.928888320922852,-11.132509231567383,-10.43188190460205,-9.775345802307129,-9.084724426269531,-8.300532341003418,-7.574343204498291,-7.093660831451416,-6.6464009284973145,-6.202251434326172,-6.098448753356934,-6.19317626953125,-5.937443733215332,-5.311469554901123,-4.728244304656982,-4.438992500305176,-4.567453861236572
-10.580160140991211,-11.378912925720215,-11.88201904296875,-12.213805198669434,-12.47323226928711,-12.724015235900879,-12.438267707824707,-11.938424110412598,-11.752093315124512,-11.82573127746582,-12.153778076171875,-12.59877872467041,-13.0276460647583,-13.388052940368652,-13.816129684448242,-14.13378620147705,-14.181151390075684,-14.102899551391602,-14.158828735351562,-14.299562454223633,-14.456324577331543,-14.699631690979004,-14.935667037963867,-14.911884307861328,-14.577666282653809,-14.080327033996582,-13.553009986877441,-12.82773494720459,-11.88088607788086,-10.900318145751953,-10.216310501098633,-9.738763809204102,-9.111421585083008,-8.120984077453613,-7.0857343673706055,-6.2456207275390625,-5.521665096282959,-5.069699287414551,-5.186025619506836,-5.377973556518555,-4.977024078369141,-4.269855499267578,-3.7797389030456543,-3.650115966796875
-8.643329620361328,-9.61558723449707,-10.534555435180664,-11.056617736816406,-11.121618270874023,-11.209675788879395,-11.322525978088379,-11.219259262084961,-10.951948165893555,-10.685001373291016,-10.851963996887207,-11.145416259765625,-11.264508247375488,-11.488945960998535,-11.992622375488281,-12.483713150024414,-12.599751472473145,-12.401556015014648,-12.433182716369629,-12.863186836242676,-13.473673820495605,-14.03898811340332,-14.54193115234375,-14.954015731811523,-15.039063453674316,-14.770716667175293,-14.265288352966309,-13.614150047302246,-12.784822463989258,-11.835122108459473,-10.88036823272705,-10.111282348632812,-9.550132751464844,-8.821819305419922,-7.686432361602783,-6.433574676513672,-5.336186408996582,-4.493026256561279,-4.117431640625,-4.288340091705322,-4.382981300354004,-3.9127988815307617,-3.2440314292907715,-2.8446333408355713
-7.396986961364746,-8.275275230407715,-9.104907989501953,-9.51480484008789,-9.48548412322998,-9.735411643981934,-10.23901081085205,-10.379351615905762,-10.072089195251465,-9.810961723327637,-9.748870849609375,-9.773859024047852,-9.66925048828125,-9.870136260986328,-10.271228790283203,-10.61469841003418,-10.820869445800781,-10.805815696716309,-10.814643859863281,-11.107783317565918,-11.842415809631348,-12.604059219360352,-13.266773223876953,-13.800383567810059,-13.975885391235352,-13.722177505493164,-13.201618194580078,-12.634011268615723,-12.13818073272705,-11.690901756286621,-11.144336700439453,-10.372513771057129,-9.574200630187988,-8.893595695495605,-8.13851547241211,-7.111970901489258,-5.925495624542236,-4.7426981925964355,-3.7842214107513428,-3.3075954914093018,-3.308760404586792,-3.29606556892395,-2.8871543407440186,-2.292795181274414
-6.3266520500183105,-6.9251275062561035,-7.1657843589782715,-7.956458568572998,-8.621796607971191,-9.104659080505371,-9.31140422821045,-9.082208633422852,-8.926777839660645,-9.179703712463379,-9.303628921508789,-8.933211326599121,-8.622989654541016,-8.20894718170166,-8.254622459411621,-8.557061195373535,-8.783272743225098,-8.830636024475098,-9.086090087890625,-9.436810493469238,-9.963650703430176,-10.61756420135498,-11.237397193908691,-11.720549583435059,-12.000630378723145,-11.968186378479004,-11.564717292785645,-11.08566951751709,-10.783543586730957,-10.675033569335938,-10.585382461547852,-10.264758110046387,-9.632126808166504,-8.78811264038086,-7.9734930992126465,-7.303433418273926,-6.611493110656738,-5.672882556915283,-4.449560642242432,-3.2596323490142822,-2.5573179721832275,-2.382328748703003,-2.3147389888763428,-1.9573220014572144
-5.151632785797119,-5.667440891265869,-5.6686272621154785,-6.850724697113037,-7.99698543548584,-8.494303703308105,-8.486717224121094,-7.983051300048828,-7.435498237609863,-7.707981586456299,-8.594667434692383,-8.635567665100098,-8.139652252197266,-7.2997894287109375,-6.794208526611328,-6.6364874839782715,-6.569382667541504,-6.421290874481201,-6.689391613006592,-7.279759883880615,-7.9666666984558105,-8.633633613586426,-9.161937713623047,-9.60702896118164,-10.015326499938965,-10.298766136169434,-10.226967811584473,-10.04156494140625,-10.010431289672852,-10.12027359008789,-10.184040069580078,-9.977811813354492,-9.536591529846191,-8.867619514465332,-7.953949451446533,-7.0926055908203125,-6.571796894073486,-6.152624607086182,-5.3873491287231445,-4.105426788330078,-2.761953115463257,-1.9143143892288208,-1.5881619453430176,-1.4228929281234741
-3.076652765274048,-3.9362874031066895,-4.634272575378418,-5.8690948486328125,-6.83922815322876,-7.4544267654418945,-7.914549350738525,-7.512440204620361,-6.0718255043029785,-5.398753643035889,-7.211091995239258,-8.558228492736816,-8.103263854980469,-7.238997459411621,-6.460762023925781,-5.524064540863037,-4.722558498382568,-4.357884883880615,-4.3144025802612305,-4.800626277923584,-5.72912073135376,-6.690512657165527,-7.22993278503418,-7.607897758483887,-8.061373710632324,-8.621659278869629,-8.94176959991455,-9.170011520385742,-9.447571754455566,-9.78007984161377,-9.917409896850586,-9.605493545532227,-9.034276962280273,-8.55887222290039,-8.088653564453125,-7.338069438934326,-6.541918754577637,-5.9986958503723145,-5.590327262878418,-4.866431713104248,-3.6386125087738037,-2.2943642139434814,-1.3379287719726562,-0.8812695741653442
0.6467655301094055,-1.32319176197052,-3.4683775901794434,-5.297818183898926,-5.95283842086792,-6.463826656341553,-7.056124687194824,-7.024692058563232,-5.61675500869751,-3.9565460681915283,-5.656415939331055,-8.014612197875977,-7.248681545257568,-6.1642560958862305,-5.539087772369385,-4.847914218902588,-3.9532582759857178,-3.221073627471924,-2.9009203910827637,-3.0400218963623047,-3.6427948474884033,-4.531503677368164,-5.224059104919434,-5.717713832855225,-6.237084865570068,-6.852039813995361,-7.534212112426758,-8.129732131958008,-8.550402641296387,-8.97911548614502,-9.112093925476074,-8.852334976196289,-8.30882740020752,-7.836479663848877,-7.643551349639893,-7.374786376953125,-6.82208776473999,-6.095213413238525,-5.464775085449219,-5.0714569091796875,-4.382350444793701,-3.1803202629089355,-1.8472504615783691,-0.8703500032424927
4.174014091491699,1.641332983970642,-1.6352678537368774,-4.131755828857422,-4.715013027191162,-5.452626705169678,-6.116255760192871,-6.405385971069336,-5.843460559844971,-4.353585243225098,-4.6917924880981445,-6.026825904846191,-5.095670223236084,-4.419648170471191,-4.4930739402771,-4.494549751281738,-4.193966865539551,-3.3316757678985596,-2.4828765392303467,-2.278775215148926,-2.5031049251556396,-2.932889938354492,-3.4496665000915527,-4.006812572479248,-4.534726619720459,-5.073447227478027,-5.9687371253967285,-6.987630844116211,-7.456934452056885,-7.898833751678467,-7.893185138702393,-7.760195255279541,-7.580024719238281,-7.347571849822998,-7.086357593536377,-6.831347942352295,-6.624673843383789,-6.137904167175293,-5.42780065536499,-4.974221706390381,-4.665287017822266,-3.999948263168335,-2.8212473392486572,-1.515701413154602
