data/wind_data/wind_3_5.json
{"header": {"parameterUnit": "KT", "parameterCategory": 2, "nx": 256, "ny": 198, "lo1": 44.73521041870117, "la1": -3.236724853515625, "lo2": 111.26478576660156, "la2": 43.468475341796875, "dx": 0.2609002888202667, "dy": -0.23708222806453705, "refTime": "2025-02-19 03:00:00", "forecastTime": 0, "parameterNumber": 2, "parameterNumberName": "eastward_wind"}, "data":
[rows 152 to 170 of 198, columns 88 to 131 of 256]
37.1639518737793,39.713130950927734,41.040916442871094,40.62261962890625,39.25079345703125,37.6083984375,36.64997863769531,36.266876220703125,35.0047721862793,32.1768913269043,28.248464584350586,25.01286506652832,23.672887802124023,23.624588012695312,22.675661087036133,20.927358627319336,19.707971572875977,20.169719696044922,21.718252182006836,22.745210647583008,22.43520164489746,21.644027709960938,21.72675323486328,23.364742279052734,25.025089263916016,24.526954650878906,22.880428314208984,23.914104461669922,27.30200958251953,30.39472198486328,31.59770393371582,31.639644622802734,31.50464630126953,30.367431640625,29.18710708618164,28.51970863342285,27.909955978393555,26.748756408691406,26.502643585205078,28.75543975830078,31.217294692993164,31.96223258972168,31.782529830932617,32.88046646118164
37.90607833862305,40.141456604003906,41.51919174194336,41.36398696899414,40.00597381591797,37.95281982421875,35.88463592529297,33.703125,31.224721908569336,28.32126808166504,26.00241470336914,24.706722259521484,24.020538330078125,23.538888931274414,22.85838508605957,21.955774307250977,21.28073501586914,21.466337203979492,21.767391204833984,21.569875717163086,21.49872589111328,22.467859268188477,24.142093658447266,25.66175079345703,26.0732421875,24.931303024291992,25.19024658203125,27.49858856201172,29.85004997253418,31.453622817993164,31.542078018188477,30.887588500976562,28.52275848388672,26.144371032714844,26.29569435119629,27.56096839904785,26.805347442626953,26.640945434570312,28.63339614868164,31.147085189819336,31.7757568359375,31.869598388671875,32.546321868896484,34.36344909667969
38.463748931884766,38.82875061035156,39.372840881347656,40.018917083740234,39.48029327392578,37.06806945800781,34.325138092041016,31.859615325927734,30.278940200805664,28.856849670410156,28.0105037689209,28.19148063659668,27.04550552368164,25.452800750732422,24.25124168395996,23.899747848510742,23.877641677856445,23.68168830871582,22.89249610900879,22.172203063964844,23.089303970336914,25.792112350463867,27.73199462890625,28.31208610534668,28.041200637817383,27.602317810058594,28.15963363647461,29.020999908447266,29.583175659179688,29.724334716796875,29.77163314819336,28.916549682617188,26.45616912841797,26.63239288330078,28.101333618164062,28.709434509277344,27.7197208404541,27.751970291137695,29.796070098876953,31.648231506347656,31.819650650024414,32.93772506713867,33.980953216552734,33.82954788208008
36.991127014160156,37.378318786621094,38.00524139404297,38.37921142578125,37.69398498535156,35.72873306274414,32.3525276184082,31.05571174621582,32.053104400634766,31.68567657470703,30.686290740966797,30.506744384765625,29.21238136291504,27.22934913635254,25.996044158935547,25.810956954956055,25.918071746826172,25.873563766479492,25.538806915283203,25.340808868408203,25.8229923248291,27.69600486755371,29.4200382232666,29.69077491760254,29.86564826965332,30.658479690551758,31.121191024780273,30.205829620361328,29.33067512512207,29.21005630493164,29.679855346679688,26.788597106933594,23.168882369995117,23.578641891479492,25.514968872070312,26.582088470458984,27.62253761291504,28.853713989257812,31.716976165771484,33.319366455078125,33.77048873901367,34.187461853027344,31.384992599487305,29.516942977905273
36.969482421875,35.78190994262695,36.10020065307617,37.6549072265625,37.29140853881836,35.62255096435547,33.265846252441406,33.23126220703125,34.5732307434082,34.16225051879883,33.2215690612793,32.635135650634766,31.58119010925293,29.624492645263672,28.036968231201172,27.82770538330078,28.048126220703125,28.199174880981445,28.353487014770508,28.683664321899414,28.118139266967773,27.5504207611084,29.34206199645996,29.59760856628418,29.217187881469727,29.74847412109375,30.9871826171875,31.005285263061523,30.544178009033203,30.675336837768555,26.486358642578125,21.12349510192871,19.870044708251953,20.523834228515625,22.120676040649414,24.580522537231445,27.835979461669922,32.117984771728516,35.00371170043945,34.225830078125,33.48691940307617,29.638874053955078,24.491825103759766,24.411191940307617
36.77996063232422,35.401702880859375,34.350189208984375,34.77689743041992,35.017066955566406,34.30219650268555,33.498268127441406,33.543548583984375,34.09204864501953,34.24591064453125,34.18544387817383,34.130741119384766,33.71327590942383,31.659950256347656,29.980445861816406,29.11611557006836,29.11287498474121,28.97199821472168,29.151832580566406,29.403642654418945,29.09648895263672,27.733497619628906,27.241979598999023,25.863718032836914,22.702613830566406,22.323179244995117,24.955835342407227,27.832168579101562,28.69760513305664,26.56609535217285,20.117191314697266,19.00963592529297,21.93602752685547,23.654756546020508,26.317935943603516,30.713714599609375,34.45457077026367,35.665199279785156,33.00619125366211,29.76820182800293,26.57063865661621,22.091068267822266,20.426748275756836,21.286571502685547
36.5045280456543,35.89667510986328,33.903690338134766,30.32465934753418,27.657499313354492,27.707263946533203,28.88267707824707,30.420076370239258,31.605379104614258,32.63022232055664,33.7874641418457,34.761287689208984,34.611392974853516,32.205379486083984,30.092058181762695,29.094764709472656,29.789793014526367,30.84075164794922,30.787193298339844,30.88942527770996,30.655466079711914,29.68973731994629,26.839609146118164,23.127782821655273,21.9740047454834,23.042404174804688,22.297012329101562,21.75082778930664,22.705110549926758,22.046009063720703,20.191560745239258,22.346200942993164,26.785266876220703,30.4453182220459,33.7844123840332,35.2191162109375,33.449886322021484,27.312461853027344,21.93695831298828,20.544240951538086,19.896427154541016,19.983699798583984,19.758203506469727,18.918127059936523
34.824951171875,35.294864654541016,32.92431640625,26.468935012817383,22.560161590576172,22.67128562927246,24.14365577697754,26.195913314819336,28.8494873046875,30.970001220703125,31.965009689331055,32.56932067871094,32.154727935791016,30.763288497924805,28.36716651916504,26.699661254882812,26.813297271728516,29.869504928588867,30.559438705444336,30.62881851196289,30.27889633178711,30.00732421875,28.61711311340332,26.59291648864746,25.243976593017578,23.089508056640625,20.881750106811523,22.28133201599121,25.127792358398438,26.14772605895996,26.868297576904297,29.082622528076172,32.57365798950195,34.82306671142578,33.33771896362305,29.121238708496094,23.022062301635742,16.274757385253906,13.260851860046387,15.96101188659668,19.26628303527832,20.785568237304688,20.561216354370117,17.519819259643555
31.157495498657227,31.626188278198242,29.389400482177734,23.275691986083984,18.781280517578125,18.628503799438477,20.765432357788086,23.029661178588867,24.760971069335938,27.14644432067871,29.096752166748047,29.632827758789062,30.579387664794922,31.250455856323242,29.635557174682617,25.876575469970703,23.28704833984375,23.767505645751953,25.30707550048828,27.009960174560547,27.169578552246094,26.39606285095215,25.527118682861328,24.423583984375,22.80360221862793,19.711347579956055,20.804332733154297,27.04030990600586,31.113245010375977,31.43570899963379,31.95747184753418,33.01826477050781,32.94245147705078,29.404380798339844,24.695377349853516,20.432680130004883,17.400535583496094,14.82606315612793,13.295204162597656,16.398841857910156,18.739501953125,19.538612365722656,19.40584945678711,18.58724594116211
25.969879150390625,26.035451889038086,25.576196670532227,21.47538185119629,16.768165588378906,15.7073974609375,17.7318172454834,20.662199020385742,22.654573440551758,24.405506134033203,26.65454864501953,27.904067993164062,29.678537368774414,30.58617401123047,30.23600959777832,29.719953536987305,27.915815353393555,25.35169219970703,24.355682373046875,26.298295974731445,27.858694076538086,26.953767776489258,24.46906089782715,22.58343505859375,23.629547119140625,25.024629592895508,25.805198669433594,27.17381477355957,28.679365158081055,29.688814163208008,29.50542640686035,28.721302032470703,25.320720672607422,19.50489044189453,18.298484802246094,18.518613815307617,17.331344604492188,14.988908767700195,13.864350318908691,14.030061721801758,14.397452354431152,15.254684448242188,14.378497123718262,13.344059944152832
22.70928955078125,22.589401245117188,22.576810836791992,20.704423904418945,17.11744499206543,15.149949073791504,15.724835395812988,17.788721084594727,19.995391845703125,22.17293930053711,24.570240020751953,25.585498809814453,25.383403778076172,25.276058197021484,25.85882568359375,27.916940689086914,28.607454299926758,27.326801300048828,25.188020706176758,24.772958755493164,25.287696838378906,24.063581466674805,22.873624801635742,22.705333709716797,23.897056579589844,25.229421615600586,25.67828941345215,25.153432846069336,25.230594635009766,25.34257698059082,26.202274322509766,26.18929672241211,18.365270614624023,16.272220611572266,17.967567443847656,17.315486907958984,15.290253639221191,15.014880180358887,14.69662094116211,12.424018859863281,10.67055892944336,8.259620666503906,6.846696376800537,9.759037971496582
21.41027069091797,20.869047164916992,20.140213012695312,19.012218475341797,16.61221694946289,14.607843399047852,14.474288940429688,15.382233619689941,16.253427505493164,17.36878204345703,19.23805046081543,20.324331283569336,20.14055633544922,20.597787857055664,21.718339920043945,23.40984535217285,24.058927536010742,24.064884185791016,22.89968490600586,21.58538818359375,20.003984451293945,19.164409637451172,19.291263580322266,19.954944610595703,20.751846313476562,21.182666778564453,21.640789031982422,22.586517333984375,23.715904235839844,25.616100311279297,27.11630630493164,21.98969078063965,15.909662246704102,16.686689376831055,17.74028205871582,13.131439208984375,13.8153076171875,16.212034225463867,15.460538864135742,11.778324127197266,9.585410118103027,8.194609642028809,9.562012672424316,10.129817008972168
20.523038864135742,19.87399673461914,18.937124252319336,17.50524139404297,15.673507690429688,14.317499160766602,14.440007209777832,14.769200325012207,14.525930404663086,14.437928199768066,14.180084228515625,16.034778594970703,15.705765724182129,15.86397933959961,18.193330764770508,21.29330062866211,22.00091552734375,20.965059280395508,19.70116424560547,19.425806045532227,17.845918655395508,17.123126983642578,16.809919357299805,17.437849044799805,18.361347198486328,19.089168548583984,19.705625534057617,21.534879684448242,23.766437530517578,24.63471221923828,22.384241104125977,14.857147216796875,15.708592414855957,18.063650131225586,11.041949272155762,14.444324493408203,17.304101943969727,16.68252182006836,14.402581214904785,12.872903823852539,13.564933776855469,14.00992488861084,12.570435523986816,9.78972339630127
20.894121170043945,19.55524253845215,18.923995971679688,17.518600463867188,15.4346923828125,14.42754077911377,14.164395332336426,13.917291641235352,14.589885711669922,15.287856101989746,14.165047645568848,14.784165382385254,15.04902172088623,14.957009315490723,16.212913513183594,19.127588272094727,21.100255966186523,20.70156478881836,19.24930191040039,19.138065338134766,19.37661361694336,19.96162223815918,19.721220016479492,19.626665115356445,19.979042053222656,20.885196685791016,21.6065616607666,22.031713485717773,22.009763717651367,21.54607582092285,16.469789505004883,12.780409812927246,15.547499656677246,13.218372344970703,13.038318634033203,16.437490463256836,17.4852237701416,16.517885208129883,14.783076286315918,13.962571144104004,12.750535011291504,11.542866706848145,9.941933631896973,7.587300777435303
21.960800170898438,20.43853187561035,19.65761375427246,18.577388763427734,16.00303077697754,14.778823852539062,13.545105934143066,12.751404762268066,14.210668563842773,16.499536514282227,17.058305740356445,17.194868087768555,17.974653244018555,18.43039321899414,17.88798713684082,17.72516441345215,19.240510940551758,20.64014434814453,20.877038955688477,21.122299194335938,21.133718490600586,21.083269119262695,21.67610740661621,22.27145767211914,22.360729217529297,22.231000900268555,21.879915237426758,21.35995101928711,21.24100112915039,18.977148056030273,15.922805786132812,15.401941299438477,15.342839241027832,11.040021896362305,14.851693153381348,18.133821487426758,17.87299346923828,15.895923614501953,13.743457794189453,13.230640411376953,13.211291313171387,11.307574272155762,7.465231895446777,3.4996957778930664
21.648250579833984,22.09036636352539,21.732940673828125,20.340538024902344,17.698850631713867,15.803388595581055,14.01762866973877,13.276581764221191,14.511480331420898,16.771268844604492,18.935396194458008,19.91408920288086,20.612882614135742,21.42351531982422,21.636335372924805,20.00907325744629,19.839468002319336,21.185701370239258,22.145971298217773,22.339698791503906,22.06577491760254,21.372766494750977,21.587589263916016,21.279340744018555,20.54407501220703,19.436378479003906,19.097579956054688,20.061176300048828,20.79524040222168,18.098861694335938,17.206560134887695,17.530420303344727,15.560964584350586,11.243030548095703,15.752609252929688,17.901548385620117,16.61202621459961,13.64547061920166,11.602072715759277,11.372413635253906,11.7645845413208,10.23631477355957,5.641698837280273,1.596954584121704
20.569162368774414,23.537782669067383,23.581008911132812,22.36853790283203,20.06639862060547,17.33702850341797,15.256415367126465,15.024261474609375,16.0206241607666,17.146835327148438,19.215816497802734,20.934982299804688,21.926881790161133,22.206642150878906,22.974349975585938,22.531879425048828,22.029117584228516,22.986560821533203,24.143634796142578,24.45363998413086,24.192434310913086,23.740535736083984,23.59130859375,22.701507568359375,21.201250076293945,18.718503952026367,18.89055061340332,20.589126586914062,20.67087173461914,20.873022079467773,21.83172607421875,20.762508392333984,15.70861530303955,12.824294090270996,15.160805702209473,16.737586975097656,16.22620964050293,14.02415943145752,11.954890251159668,11.109659194946289,11.461464881896973,10.914274215698242,6.679637432098389,3.9534618854522705
18.690683364868164,22.748323440551758,25.45751953125,24.164518356323242,22.46976661682129,20.08856773376465,17.85808753967285,17.203699111938477,17.81943702697754,18.377952575683594,19.707225799560547,21.616436004638672,23.2318058013916,22.680553436279297,22.36330223083496,22.762022018432617,23.386581420898438,24.751976013183594,26.489879608154297,27.2198543548584,27.166597366333008,27.00820541381836,25.851417541503906,24.589296340942383,23.18483543395996,22.092435836791992,23.27375030517578,23.94668960571289,23.975814819335938,26.1762752532959,26.939876556396484,21.948633193969727,18.43186378479004,18.68141746520996,20.461687088012695,21.522737503051758,20.783918380737305,18.57789421081543,15.78852653503418,13.437295913696289,12.634622573852539,12.509333610534668,9.602783203125,7.962512493133545
19.401927947998047,20.54901695251465,23.85906982421875,26.006559371948242,24.30756378173828,22.1513671875,20.556499481201172,19.490623474121094,19.474889755249023,19.87575912475586,20.661556243896484,22.64088249206543,23.964820861816406,22.847980499267578,22.43431854248047,23.07903289794922,24.25270652770996,25.413606643676758,26.7033748626709,27.84544563293457,28.20001792907715,27.487497329711914,26.15244483947754,25.45498275756836,25.442981719970703,25.66083526611328,26.803621292114258,27.508785247802734,28.568546295166016,31.18743324279785,29.25861930847168,21.621780395507812,21.755859375,22.92978286743164,22.916242599487305,22.821971893310547,22.270435333251953,21.01639747619629,19.426855087280273,17.300079345703125,14.38101863861084,12.579276084899902,11.659098625183105,11.650091171264648
