data/wind_data/wind_46_5.json
{"header": {"parameterUnit": "KT", "parameterCategory": 2, "nx": 256, "ny": 198, "lo1": 44.73521041870117, "la1": -3.236724853515625, "lo2": 111.26478576660156, "la2": 43.468475341796875, "dx": 0.2609002888202667, "dy": -0.23708222806453705, "refTime": "2025-02-20 22:00:00", "forecastTime": 0, "parameterNumber": 2, "parameterNumberName": "eastward_wind"}, "data":
[rows 114 to 132 of 198, columns 132 to 175 of 256]
35.229408264160156,34.372642517089844,33.560150146484375,33.98710250854492,35.12216567993164,35.751426696777344,35.3618049621582,34.432945251464844,33.30350112915039,32.03703689575195,30.76481819152832,29.61151123046875,28.31322479248047,26.88144302368164,25.97693634033203,26.178985595703125,26.829227447509766,27.37870979309082,27.93865394592285,28.09748649597168,27.570880889892578,26.86638641357422,26.644906997680664,26.891828536987305,27.125751495361328,27.06292152404785,26.936355590820312,27.04508399963379,27.234460830688477,27.202184677124023,27.13956642150879,27.454696655273438,28.10517692565918,28.754430770874023,29.225936889648438,29.518030166625977,29.64154052734375,29.634923934936523,29.66480255126953,30.10315704345703,31.17753791809082,33.3074836730957,35.531463623046875,36.86013412475586
35.310970306396484,34.43714141845703,33.671241760253906,34.06644821166992,35.23594284057617,35.968772888183594,35.685264587402344,34.87617492675781,33.96940994262695,32.9850959777832,31.758264541625977,30.064123153686523,28.269454956054688,27.331579208374023,27.50604248046875,28.298587799072266,28.7073917388916,28.59763526916504,28.616172790527344,28.345199584960938,27.5188045501709,26.783039093017578,26.699209213256836,27.014801025390625,27.140579223632812,26.899349212646484,26.578020095825195,26.541702270507812,26.797626495361328,27.11698341369629,27.444900512695312,27.908123016357422,28.546222686767578,29.255908966064453,29.956218719482422,30.55799102783203,30.912076950073242,30.89470863342285,30.649049758911133,30.683116912841797,31.48236083984375,33.21240997314453,35.22486877441406,36.699798583984375
35.14055252075195,34.66093444824219,34.08286666870117,34.53571319580078,35.808624267578125,36.656002044677734,36.09489059448242,34.947593688964844,34.19908142089844,33.61327362060547,32.393516540527344,30.517108917236328,29.08182144165039,28.717987060546875,29.055803298950195,29.390850067138672,29.266651153564453,28.813814163208008,28.411582946777344,27.7616024017334,26.85968780517578,26.371971130371094,26.502506256103516,26.827545166015625,27.039947509765625,27.033313751220703,26.937349319458008,26.936065673828125,27.029781341552734,27.215845108032227,27.545299530029297,28.04784393310547,28.644794464111328,29.326190948486328,29.99907684326172,30.554853439331055,30.962770462036133,31.187726974487305,31.224124908447266,31.358089447021484,32.00333023071289,33.19997787475586,34.63549041748047,35.908836364746094
34.989688873291016,35.11621856689453,34.73064422607422,35.34891891479492,36.55384063720703,36.84306335449219,36.18309020996094,35.5268440246582,34.967411041259766,33.678531646728516,31.97174644470215,30.78096580505371,30.431591033935547,30.33558464050293,30.310226440429688,30.271329879760742,29.881717681884766,29.010704040527344,27.738025665283203,26.41647720336914,25.756446838378906,25.928977966308594,26.36982536315918,26.72610855102539,26.90168571472168,26.899770736694336,26.90008544921875,26.988727569580078,27.084613800048828,27.2006893157959,27.306272506713867,27.466707229614258,27.968704223632812,28.814111709594727,29.57522201538086,30.263391494750977,30.900724411010742,31.31586456298828,31.708297729492188,32.35696029663086,33.222450256347656,34.1415901184082,35.0997200012207,35.99400329589844
34.622257232666016,35.39390182495117,35.477840423583984,35.05880355834961,35.5660514831543,36.06972122192383,35.79636764526367,35.214176177978516,34.005977630615234,32.75844955444336,31.536788940429688,30.0079402923584,29.42402458190918,30.37456703186035,31.998937606811523,32.849578857421875,31.585372924804688,28.735315322875977,25.95041275024414,24.58829689025879,24.75261688232422,25.417240142822266,26.00272560119629,26.518901824951172,26.786108016967773,26.71084213256836,26.544260025024414,26.69658660888672,27.231094360351562,27.668914794921875,28.10394287109375,28.631772994995117,29.14322280883789,29.7635555267334,30.179420471191406,30.52635955810547,31.208641052246094,31.936573028564453,32.91429138183594,34.293670654296875,35.51775360107422,36.030662536621094,36.21831130981445,36.495792388916016
34.30972671508789,35.47608184814453,35.57803726196289,35.143646240234375,35.21742248535156,36.34278869628906,36.549713134765625,34.91598129272461,32.63241958618164,32.0402946472168,31.115169525146484,28.206275939941406,27.292804718017578,30.205461502075195,34.9356803894043,36.40335464477539,32.25724792480469,26.396286010742188,23.570993423461914,23.87555694580078,24.810121536254883,25.14078712463379,25.319255828857422,25.852144241333008,26.4454402923584,26.86345100402832,27.233993530273438,27.90462303161621,29.060230255126953,30.240549087524414,30.953996658325195,31.46072006225586,31.880077362060547,32.338706970214844,32.247684478759766,32.53413009643555,33.511653900146484,34.47209930419922,35.789886474609375,37.343292236328125,38.25552749633789,38.58792495727539,38.271263122558594,37.59376907348633
33.92816925048828,35.23920440673828,35.05979919433594,34.276329040527344,35.0955810546875,35.19902038574219,34.3260612487793,33.10245895385742,31.322593688964844,30.56719970703125,29.424015045166016,28.03132438659668,29.446002960205078,33.16609573364258,38.33462905883789,38.31018829345703,30.063091278076172,23.239391326904297,22.523815155029297,24.359010696411133,25.442729949951172,25.307024002075195,25.04906463623047,25.469186782836914,26.404508590698242,27.581010818481445,28.937570571899414,30.153873443603516,31.36107063293457,32.71028137207031,33.08523178100586,32.571895599365234,32.72408676147461,33.65495681762695,33.67832946777344,34.69579315185547,37.03876495361328,38.648468017578125,39.197452545166016,38.9893684387207,38.906028747558594,39.546817779541016,39.39535140991211,38.23829650878906
33.82229995727539,34.296348571777344,33.33995819091797,32.959754943847656,34.49522018432617,31.074081420898438,27.61630630493164,30.23169708251953,32.86445999145508,31.78767967224121,29.88195037841797,29.669891357421875,31.92202377319336,36.83282470703125,39.99609375,37.54487609863281,27.947521209716797,22.00633430480957,22.709165573120117,24.998517990112305,25.84929656982422,25.813322067260742,26.065452575683594,26.697463989257812,27.561168670654297,28.674509048461914,30.214879989624023,31.767406463623047,33.03345489501953,34.25031661987305,34.41299057006836,33.366641998291016,33.288326263427734,35.10483169555664,35.20647430419922,36.09073257446289,39.02317428588867,40.30154800415039,39.20637893676758,36.455074310302734,37.46015548706055,38.512359619140625,37.53605651855469,35.76367950439453
33.27949905395508,32.334171295166016,31.10138702392578,31.681528091430664,32.80009841918945,31.417537689208984,29.63091468811035,32.854190826416016,34.58038330078125,32.57406234741211,30.52037811279297,29.38874053955078,33.07793426513672,38.81405258178711,39.16984176635742,31.88722801208496,21.510744094848633,19.59002685546875,23.266069412231445,25.35159683227539,25.811763763427734,26.363140106201172,27.263107299804688,27.67766571044922,28.17061424255371,29.177339553833008,30.92095947265625,33.4018669128418,35.84618377685547,36.92798614501953,36.6727294921875,36.02817916870117,35.38072967529297,37.20429992675781,36.30764389038086,35.416751861572266,37.19039535522461,38.582523345947266,38.77857208251953,32.48681640625,32.793033599853516,33.48302459716797,32.539424896240234,31.224443435668945
32.360679626464844,30.89471435546875,29.989376068115234,30.747690200805664,31.637229919433594,30.75612449645996,29.729034423828125,31.132766723632812,32.10770797729492,32.82167434692383,33.02044677734375,27.44685935974121,32.60017395019531,43.5806999206543,34.45942306518555,20.08501625061035,14.889100074768066,18.134071350097656,22.36046600341797,24.619625091552734,25.421876907348633,25.83354949951172,26.453886032104492,27.362037658691406,28.572734832763672,30.305503845214844,32.55729293823242,34.96381378173828,37.838531494140625,42.63346862792969,37.253360748291016,33.241920471191406,32.828369140625,34.482601165771484,38.377891540527344,31.741958618164062,32.49488830566406,35.11577224731445,36.76076889038086,30.287006378173828,26.444385528564453,26.614641189575195,27.202489852905273,28.720062255859375
31.724027633666992,30.57174301147461,29.89974021911621,29.57293128967285,28.752525329589844,28.02031707763672,28.792341232299805,30.195863723754883,30.611268997192383,30.775192260742188,31.94406509399414,31.43876075744629,29.6568603515625,37.829505920410156,43.002037048339844,34.379310607910156,23.158855438232422,18.005523681640625,20.087905883789062,23.74213981628418,25.142370223999023,25.875389099121094,27.401824951171875,29.533674240112305,31.671506881713867,32.95334243774414,34.1831169128418,35.6075439453125,37.611541748046875,40.90819549560547,37.052772521972656,26.72178840637207,27.6109561920166,32.10496139526367,34.93505859375,33.65458679199219,33.71418762207031,34.90533447265625,34.120052337646484,31.70210838317871,28.141239166259766,26.939762115478516,27.054420471191406,32.359474182128906
31.7312068939209,30.867965698242188,30.444438934326172,29.68173599243164,28.730146408081055,28.22917938232422,28.214754104614258,28.58908462524414,28.938798904418945,27.515932083129883,28.68940544128418,31.03986358642578,30.559242248535156,35.47857666015625,39.8831787109375,33.898048400878906,25.39896583557129,20.68998908996582,21.14204216003418,23.962539672851562,26.302547454833984,28.181943893432617,30.259029388427734,32.24057388305664,34.34185791015625,35.37717056274414,34.362876892089844,34.442081451416016,35.643104553222656,35.244022369384766,33.524375915527344,30.729642868041992,30.329246520996094,31.654903411865234,31.650358200073242,31.874645233154297,33.74590301513672,33.499359130859375,30.38842010498047,27.92236328125,28.046794891357422,28.07648277282715,27.212867736816406,27.14202117919922
32.33063507080078,31.617502212524414,31.118175506591797,30.546409606933594,29.490943908691406,28.447603225708008,28.03308868408203,27.93153953552246,28.738252639770508,28.299177169799805,27.037660598754883,29.930206298828125,26.87023162841797,30.966333389282227,35.34660339355469,25.7291259765625,17.72165298461914,22.883893966674805,28.59357452392578,28.279706954956055,29.33734893798828,32.14396667480469,34.08993911743164,34.385780334472656,34.22845458984375,33.91140365600586,32.53356170654297,31.823640823364258,31.468420028686523,30.803974151611328,32.03048324584961,32.32923889160156,30.5804443359375,29.23617935180664,30.13216209411621,31.33234405517578,32.10809326171875,31.565383911132812,28.73078155517578,26.51746940612793,27.09949493408203,28.808837890625,28.608009338378906,26.961395263671875
33.41191864013672,32.71435546875,32.05802536010742,31.68886947631836,30.783918380737305,29.385498046875,29.195528030395508,29.532148361206055,29.889638900756836,30.563886642456055,29.823705673217773,30.197158813476562,31.05571174621582,31.590137481689453,34.80058670043945,41.29962158203125,47.33880615234375,45.244239807128906,38.240875244140625,35.07058334350586,35.557926177978516,35.94145202636719,35.86356735229492,34.160343170166016,31.215970993041992,30.009132385253906,30.237327575683594,30.469289779663086,31.258861541748047,31.807735443115234,32.193172454833984,32.47528076171875,30.152488708496094,27.74421501159668,29.109886169433594,30.812742233276367,30.049898147583008,29.135374069213867,27.30365562438965,26.304256439208984,27.274188995361328,29.156681060791016,29.004539489746094,25.8426570892334
34.78752517700195,34.435394287109375,34.08744812011719,33.566043853759766,32.52197265625,31.40614128112793,31.5537052154541,32.60371398925781,33.211212158203125,33.31574630737305,33.647674560546875,33.862361907958984,34.42341232299805,36.75088119506836,41.53960037231445,48.17597198486328,53.517295837402344,50.30467987060547,41.96824264526367,38.50812911987305,38.78986358642578,36.74972152709961,34.03112030029297,30.444232940673828,27.96146011352539,29.108129501342773,30.773283004760742,31.084030151367188,31.310930252075195,31.317934036254883,31.696195602416992,31.953628540039062,29.484058380126953,27.870620727539062,29.19468879699707,29.51890754699707,28.69536590576172,28.044527053833008,26.49103546142578,25.806798934936523,27.118417739868164,29.84440040588379,28.61699867248535,24.354949951171875
36.9409065246582,37.13129806518555,36.87788391113281,36.223846435546875,35.21632766723633,33.607383728027344,33.5951042175293,35.51509475708008,37.26470184326172,37.732994079589844,37.317996978759766,36.6262321472168,37.95287322998047,40.9970703125,44.34878158569336,46.78372573852539,48.785728454589844,49.451053619384766,41.2541389465332,35.887367248535156,35.190834045410156,32.48979949951172,29.352542877197266,27.66367530822754,27.107372283935547,27.818546295166016,29.547822952270508,31.09947967529297,30.974212646484375,30.72789192199707,31.856481552124023,31.438495635986328,28.67901611328125,26.932003021240234,27.29520606994629,28.599294662475586,29.559066772460938,28.383832931518555,26.04227066040039,25.930194854736328,27.505563735961914,29.305055618286133,27.507686614990234,22.9887752532959
39.44194030761719,40.07294464111328,39.007896423339844,38.49824523925781,37.825164794921875,33.13180160522461,34.57603454589844,43.30022048950195,44.319244384765625,41.076847076416016,37.911949157714844,37.58750534057617,39.928524017333984,43.89927673339844,45.95404052734375,44.793373107910156,44.05183029174805,42.08403778076172,35.159423828125,30.770404815673828,29.294931411743164,27.108348846435547,25.481977462768555,25.270877838134766,25.46135902404785,26.11812973022461,28.336347579956055,30.390745162963867,30.33771514892578,29.748693466186523,30.238361358642578,29.07561683654785,25.799686431884766,23.985881805419922,24.70895004272461,27.47303009033203,29.21405601501465,27.014055252075195,24.6523494720459,25.399311065673828,27.00064468383789,26.11461639404297,25.079837799072266,21.758129119873047
42.27342224121094,40.50697326660156,39.97042465209961,42.554805755615234,41.140872955322266,36.34834671020508,38.14121627807617,31.616334915161133,29.65154457092285,25.18720054626465,29.40829086303711,34.0497932434082,37.00407791137695,39.33094024658203,42.192955017089844,42.78886032104492,36.633968353271484,30.717744827270508,27.016054153442383,26.07530975341797,26.199268341064453,25.887508392333984,24.87947654724121,24.390663146972656,23.951568603515625,23.64242172241211,25.295156478881836,27.759702682495117,28.65444564819336,28.06022834777832,27.93850326538086,27.16835594177246,24.5811710357666,24.228187561035156,25.029996871948242,25.555631637573242,26.613248825073242,25.575782775878906,24.41314125061035,23.519792556762695,26.151479721069336,26.78891944885254,24.58648109436035,22.160621643066406
42.6804084777832,41.89536666870117,28.19304084777832,27.04292869567871,28.895706176757812,30.053462982177734,35.53915786743164,37.67842102050781,34.270015716552734,26.116424560546875,25.1467342376709,34.50728988647461,47.123897552490234,51.69877624511719,48.09515380859375,38.152915954589844,28.4437255859375,25.509370803833008,25.02339744567871,25.133968353271484,26.426029205322266,27.040733337402344,26.262537002563477,24.474979400634766,22.237136840820312,22.457189559936523,24.720096588134766,26.48699188232422,27.43206787109375,28.05304527282715,28.941869735717773,29.045461654663086,27.40757179260254,26.771879196166992,26.015628814697266,24.28031349182129,23.04965591430664,22.78377914428711,23.0114803314209,23.3579044342041,26.309877395629883,25.877716064453125,22.77520751953125,21.921932220458984
