data/wind_data/wind_62_1.json
{"header": {"parameterUnit": "KT", "parameterCategory": 2, "nx": 256, "ny": 198, "lo1": 44.73521041870117, "la1": -3.236724853515625, "lo2": 111.26478576660156, "la2": 43.468475341796875, "dx": 0.2609002888202667, "dy": -0.23708222806453705, "refTime": "2025-02-21 14:00:00", "forecastTime": 0, "parameterNumber": 2, "parameterNumberName": "eastward_wind"}, "data":
[rows 133 to 151 of 198, columns 172 to 214 of 256]
16.04643440246582,15.568685531616211,16.189096450805664,15.726530075073242,10.898100852966309,10.19481086730957,1.3280638456344604,-5.647944450378418,-7.2298197746276855,-4.4281415939331055,1.082955241203308,7.368052959442139,11.787134170532227,7.458942890167236,3.78438138961792,3.2954251766204834,0.49897119402885437,0.6163395643234253,6.229142189025879,4.167515754699707,-4.726956367492676,-8.420538902282715,0.9531505107879639,9.322361946105957,9.086764335632324,8.313821792602539,6.472154140472412,16.469995498657227,13.02467155456543,-4.227428436279297,-0.9063329696655273,9.634644508361816,14.600252151489258,12.91279411315918,12.344762802124023,6.238346099853516,3.0495522022247314,5.418459892272949,11.21469783782959,13.267197608947754,14.358667373657227,17.759862899780273,19.644775390625
12.897427558898926,13.10128402709961,11.75006103515625,16.255807876586914,14.038724899291992,6.202800750732422,3.2045981884002686,-1.3992247581481934,-3.24147891998291,-2.079180955886841,1.8688197135925293,10.175576210021973,12.285451889038086,6.014197826385498,1.716723918914795,7.493863105773926,10.590063095092773,4.374934673309326,4.154015064239502,-1.6105602979660034,-6.261336326599121,-2.990222930908203,3.1401188373565674,9.010395050048828,10.626529693603516,13.0049409866333,8.262170791625977,10.238844871520996,15.133864402770996,9.589273452758789,7.854615211486816,12.211167335510254,11.91174602508545,10.974274635314941,14.85218620300293,5.5568037033081055,1.2844253778457642,2.793087959289551,11.953818321228027,15.335155487060547,11.261070251464844,17.67376708984375,11.606468200683594
18.2725830078125,17.082002639770508,17.14838218688965,17.46116065979004,13.13702392578125,12.971102714538574,9.599215507507324,1.3818385601043701,-1.3160151243209839,1.1189656257629395,5.109851837158203,2.919898271560669,2.0325205326080322,4.341069221496582,0.6023231744766235,8.047070503234863,10.095138549804688,-1.5539484024047852,-4.308742046356201,-3.863631248474121,-2.456361770629883,2.550947666168213,6.821796894073486,9.33533763885498,12.295893669128418,14.843087196350098,7.739114761352539,7.7272796630859375,16.551679611206055,18.367605209350586,13.22592830657959,11.019709587097168,12.389754295349121,11.268277168273926,16.42987823486328,9.589635848999023,-4.1505045890808105,1.6900365352630615,12.877406120300293,15.816800117492676,11.795639991760254,14.697296142578125,7.390789985656738
21.06601905822754,14.996871948242188,22.185741424560547,35.408260345458984,37.77983093261719,29.452852249145508,6.246667385101318,6.694124698638916,8.81399917602539,9.362937927246094,7.150587558746338,-2.756859302520752,-1.802397608757019,3.491635322570801,-0.08992865681648254,2.6830687522888184,9.640299797058105,1.366485357284546,0.2331828773021698,1.9857388734817505,2.522526979446411,6.634994983673096,10.898223876953125,11.231781959533691,12.442834854125977,12.440252304077148,6.8422064781188965,11.997421264648438,19.510089874267578,20.070556640625,11.414721488952637,9.861583709716797,14.110116004943848,13.445449829101562,15.760805130004883,12.693403244018555,-5.1689276695251465,0.9078515768051147,11.328723907470703,14.471991539001465,12.94858169555664,14.064647674560547,11.401375770568848
16.483234405517578,13.4724760055542,15.867161750793457,16.38002586364746,18.962160110473633,21.886188507080078,9.59408187866211,7.592581748962402,11.775697708129883,9.916045188903809,2.1441659927368164,-2.4363646507263184,-1.279564619064331,3.703470468521118,5.905963897705078,7.529513359069824,12.28567886352539,7.8407487869262695,5.933823585510254,6.634677886962891,6.360350608825684,8.803839683532715,11.159873008728027,9.986621856689453,10.165474891662598,11.520292282104492,11.194165229797363,16.230018615722656,20.627914428710938,16.585552215576172,8.050374984741211,9.011568069458008,13.874160766601562,14.374509811401367,14.52993392944336,11.186383247375488,2.377896785736084,4.831213474273682,9.85713005065918,10.5574312210083,8.339612007141113,6.823860168457031,13.006361961364746
14.535917282104492,17.101356506347656,20.068382263183594,18.9820499420166,12.431159019470215,12.977380752563477,6.564789295196533,1.547249674797058,4.206969261169434,4.515995025634766,0.664985179901123,-0.7933850884437561,0.9384432435035706,5.01155948638916,8.500992774963379,11.020663261413574,13.649557113647461,11.44985294342041,7.69004487991333,5.758368492126465,8.302699089050293,7.9093523025512695,6.612756729125977,7.832230567932129,7.196383476257324,10.983495712280273,15.929837226867676,17.93964195251465,17.256113052368164,10.386087417602539,7.373651504516602,11.066235542297363,12.27895736694336,15.688432693481445,14.855317115783691,10.004599571228027,4.786418437957764,3.685084581375122,7.9916558265686035,6.178371429443359,4.969291687011719,-1.257258415222168,3.0556633472442627
16.956663131713867,14.104924201965332,13.410426139831543,17.0966739654541,16.339004516601562,12.38920783996582,7.529685020446777,0.5481695532798767,-0.5942113399505615,3.4692230224609375,4.729651927947998,4.1417670249938965,4.992049217224121,6.172645568847656,7.391650676727295,10.562255859375,12.755050659179688,14.352154731750488,7.218409061431885,1.879312515258789,7.970695972442627,8.399456977844238,7.8760552406311035,8.707966804504395,10.161294937133789,15.082399368286133,17.235973358154297,17.802997589111328,14.51073169708252,8.070535659790039,9.069012641906738,11.552291870117188,10.597249984741211,15.603503227233887,14.04819393157959,10.627528190612793,7.132835388183594,0.2153022289276123,6.100022792816162,5.604227066040039,1.0722087621688843,1.5248230695724487,-3.013882875442505
9.928760528564453,11.272305488586426,9.436915397644043,12.736312866210938,15.168453216552734,10.353368759155273,7.52902364730835,2.007051706314087,0.6824889183044434,4.14487886428833,7.63818883895874,8.91658878326416,7.540034294128418,5.457051753997803,6.305978298187256,10.06100845336914,12.940570831298828,13.633898735046387,7.151731491088867,2.814013719558716,5.701882362365723,5.161175727844238,7.015757083892822,11.460848808288574,15.786548614501953,18.634098052978516,17.151506423950195,17.34117317199707,13.848613739013672,9.217239379882812,11.465425491333008,10.555013656616211,8.02751350402832,12.939531326293945,10.733935356140137,11.633543968200684,13.423351287841797,3.119472026824951,3.930694580078125,4.059114456176758,-3.373009204864502,4.764830112457275,-1.6856962442398071
14.617298126220703,12.542136192321777,7.198937892913818,6.425199508666992,8.93531322479248,9.024085998535156,9.100471496582031,6.9691386222839355,5.981671333312988,4.173202037811279,7.482595920562744,10.065421104431152,5.693267345428467,1.7426940202713013,3.0765373706817627,9.67664623260498,4.73204231262207,1.9498622417449951,2.708984136581421,4.273675918579102,6.678783893585205,5.513194561004639,10.512001991271973,14.550127029418945,16.723649978637695,18.285139083862305,17.623580932617188,17.670209884643555,13.54636001586914,9.463756561279297,10.169233322143555,6.329554557800293,5.913836479187012,12.198193550109863,9.044987678527832,14.289896965026855,18.936731338500977,6.1752190589904785,0.23350299894809723,3.668912649154663,-1.9380438327789307,7.045768737792969,-2.956631660461426
12.864184379577637,8.60596752166748,4.648372650146484,4.161713600158691,4.4234538078308105,7.351752758026123,13.149007797241211,11.735398292541504,7.404587745666504,7.902509689331055,9.441636085510254,6.033083438873291,0.7573997974395752,0.04289033263921738,2.467078447341919,4.018321514129639,1.2087064981460571,-0.5211618542671204,-1.3371386528015137,1.9507884979248047,5.297679901123047,8.360542297363281,12.589584350585938,14.899321556091309,16.07692527770996,17.95590591430664,19.302085876464844,14.39608097076416,8.123074531555176,6.259230136871338,8.913899421691895,8.724150657653809,9.746354103088379,10.653282165527344,8.802807807922363,15.572765350341797,13.455570220947266,-0.016449157148599625,0.1697331666946411,2.261807918548584,4.203668594360352,7.45485782623291,-2.299877166748047
12.89095401763916,9.528650283813477,7.390623569488525,6.770073890686035,4.737249374389648,5.006977081298828,11.561700820922852,15.070098876953125,9.23826789855957,4.625612258911133,3.6211178302764893,2.4183244705200195,3.2928924560546875,5.954196929931641,6.925736904144287,7.284714221954346,7.4525909423828125,4.877377033233643,2.783912420272827,2.233818292617798,4.694485187530518,10.282715797424316,12.138653755187988,13.375847816467285,14.952601432800293,13.862991333007812,12.12952995300293,8.332470893859863,6.6187639236450195,10.272967338562012,14.057181358337402,13.115118026733398,10.40007495880127,9.240460395812988,10.759051322937012,13.546714782714844,5.778019428253174,-1.5198453664779663,0.18646372854709625,1.8247933387756348,6.6972479820251465,7.590902805328369,4.199867248535156
16.2943058013916,11.388101577758789,8.638531684875488,7.99042272567749,7.245361328125,6.2038726806640625,9.212085723876953,14.634428024291992,14.896844863891602,9.971495628356934,7.613102436065674,7.423916816711426,8.976518630981445,10.161974906921387,10.63340950012207,12.033279418945312,5.0713090896606445,-1.568860411643982,-0.8338481187820435,2.525918483734131,6.9072794914245605,11.433677673339844,8.996563911437988,10.735404014587402,10.826112747192383,6.83247184753418,5.5550713539123535,4.276994705200195,7.835701942443848,10.767420768737793,15.22288990020752,9.16456127166748,7.000454425811768,13.904836654663086,12.818926811218262,7.608863353729248,2.6263420581817627,2.1436235904693604,2.8020501136779785,3.5983471870422363,5.904119968414307,8.440773963928223,7.10258674621582
16.316003799438477,15.100932121276855,14.746258735656738,13.319967269897461,10.412132263183594,9.793381690979004,10.506482124328613,14.718733787536621,16.681419372558594,12.249415397644043,9.853851318359375,9.502784729003906,11.837225914001465,10.49858570098877,8.251962661743164,1.2393392324447632,-4.429876804351807,-2.333814859390259,0.37767067551612854,4.297333240509033,9.326860427856445,10.43163776397705,6.697263240814209,8.221051216125488,7.60568904876709,6.609882354736328,8.184983253479004,5.545594215393066,8.968232154846191,12.216853141784668,13.499197006225586,9.68344497680664,12.948159217834473,17.347721099853516,4.824862957000732,-0.5858755707740784,2.323209524154663,3.806159734725952,3.166862964630127,3.623743772506714,3.523366928100586,8.372236251831055,4.861096382141113
16.664676666259766,20.350250244140625,25.177736282348633,26.026161193847656,21.7207088470459,17.06743621826172,13.935060501098633,12.484272003173828,11.878663063049316,9.029897689819336,7.531426906585693,5.371950626373291,3.8692939281463623,4.365899085998535,4.145274639129639,2.3927063941955566,2.515077590942383,3.6616568565368652,6.427601337432861,5.068040370941162,10.311674118041992,13.993453979492188,9.19615364074707,8.370009422302246,10.10260009765625,8.286933898925781,9.81407356262207,10.687444686889648,10.696393013000488,9.316981315612793,10.21237564086914,14.876871109008789,16.203723907470703,1.8562631607055664,-3.6998026371002197,-1.6153078079223633,2.5051181316375732,3.458895444869995,4.486291885375977,5.9747843742370605,4.005725383758545,9.215832710266113,0.16729390621185303
17.81971549987793,18.198579788208008,24.976205825805664,18.727392196655273,10.773651123046875,8.784235954284668,6.656171798706055,5.730587005615234,6.934381008148193,6.766770362854004,5.000402927398682,3.77817702293396,3.5748801231384277,4.388047695159912,4.844225883483887,6.277381420135498,8.755293846130371,10.438726425170898,10.257856369018555,8.616562843322754,9.132274627685547,7.5478620529174805,5.4051408767700195,9.082736015319824,11.35198974609375,10.1624116897583,11.61698055267334,14.369301795959473,11.271265983581543,8.730589866638184,10.072775840759277,16.027790069580078,8.801830291748047,-5.031378269195557,-2.322211980819702,2.607194423675537,3.836782693862915,4.440969944000244,4.386569499969482,6.222368240356445,7.38703727722168,8.366050720214844,-2.7452049255371094
13.415599822998047,16.67032241821289,11.31641960144043,3.365323781967163,0.7225633859634399,0.9947242736816406,-0.8516330718994141,2.1680655479431152,6.200570583343506,4.619579315185547,3.2272415161132812,3.377460479736328,5.867724418640137,7.581864356994629,4.591866970062256,5.3082170486450195,7.808717250823975,9.441397666931152,8.398484230041504,7.005911827087402,8.955855369567871,12.470327377319336,10.750293731689453,9.57799243927002,9.147429466247559,9.73573112487793,10.919844627380371,13.603641510009766,11.879827499389648,8.61635971069336,9.819639205932617,13.670733451843262,8.305305480957031,1.5061253309249878,3.249565839767456,6.011260509490967,6.840137958526611,7.2073822021484375,5.41348123550415,4.257819652557373,7.694496154785156,3.5102884769439697,0.9717086553573608
20.30091667175293,19.697635650634766,14.953083038330078,4.665655136108398,2.2419309616088867,2.8317930698394775,4.0285325050354,6.2460103034973145,4.418063163757324,0.8518286347389221,1.2788136005401611,2.5770366191864014,6.8490190505981445,8.428417205810547,8.5651273727417,7.41092586517334,3.188767194747925,1.4210063219070435,3.9296984672546387,6.0827836990356445,11.479633331298828,14.581399917602539,10.325456619262695,7.698335647583008,6.353964328765869,7.111608505249023,6.871419906616211,8.564632415771484,8.86127758026123,5.661846160888672,6.44134521484375,10.257658004760742,9.211895942687988,6.246770858764648,8.290604591369629,10.079096794128418,9.082954406738281,8.025452613830566,5.548807144165039,3.602297782897949,2.8466830253601074,0.9316281080245972,5.616282939910889
23.840124130249023,19.322532653808594,18.53789520263672,11.410029411315918,4.012433052062988,5.343612194061279,6.026028633117676,4.473051071166992,2.1617770195007324,0.32243257761001587,0.24737226963043213,1.8893784284591675,4.414419174194336,5.114546775817871,5.53374719619751,3.98260760307312,1.0780552625656128,1.334591031074524,3.854121208190918,6.6436381340026855,9.13731575012207,9.810049057006836,10.5358304977417,9.733981132507324,7.045759677886963,7.465191841125488,6.8786234855651855,5.501570224761963,8.789358139038086,9.765678405761719,10.505905151367188,9.699416160583496,7.781757354736328,8.316980361938477,10.408141136169434,11.806414604187012,8.153801918029785,6.133762836456299,4.076137065887451,0.3465811312198639,0.3023729920387268,4.476532459259033,9.408535957336426
19.2911319732666,17.97579574584961,17.77593994140625,16.584630966186523,9.557634353637695,0.9859203100204468,0.025837736204266548,1.4433910846710205,2.7037739753723145,3.0650792121887207,2.8665106296539307,2.5067646503448486,5.5538411140441895,5.9308953285217285,4.037764072418213,4.2236199378967285,5.484166622161865,7.933773994445801,10.122920036315918,11.009790420532227,9.9483003616333,9.89185619354248,13.682650566101074,10.959559440612793,5.646011829376221,7.568017959594727,6.403307914733887,5.582785606384277,6.677673816680908,7.300564765930176,13.946985244750977,18.9713191986084,14.861309051513672,10.15638256072998,9.731840133666992,8.849014282226562,4.078995704650879,3.63903546333313,5.0045647621154785,5.0690717697143555,6.70617151260376,9.836405754089355,12.781766891479492
