data/wind_data/wind_4_6.json
{"header": {"parameterUnit": "KT", "parameterCategory": 2, "nx": 256, "ny": 198, "lo1": 44.73521041870117, "la1": -3.236724853515625, "lo2": 111.26478576660156, "la2": 43.468475341796875, "dx": 0.2609002888202667, "dy": -0.23708222806453705, "refTime": "2025-02-19 04:00:00", "forecastTime": 0, "parameterNumber": 2, "parameterNumberName": "eastward_wind"}, "data":
[rows 20 to 39 of 198, columns 132 to 175 of 256]
3.3201546669006348,3.226332664489746,4.079050064086914,4.609033584594727,4.719494819641113,5.410715103149414,6.681199073791504,8.189261436462402,9.589700698852539,10.401394844055176,11.272686004638672,11.957440376281738,12.303215980529785,12.498979568481445,12.64622688293457,12.806053161621094,12.581578254699707,12.276302337646484,11.340587615966797,10.01513957977295,8.932122230529785,7.785701274871826,6.486115455627441,5.6571364402771,5.246041774749756,4.921409606933594,4.227038383483887,3.123157024383545,2.3545191287994385,0.9069190621376038,-0.7577773332595825,-1.8255325555801392,-1.219705581665039,-0.5171043872833252,-0.5577640533447266,-0.6207223534584045,-0.10901107639074326,0.24663199484348297,0.5910388827323914,1.2609584331512451,2.0142180919647217,1.9824148416519165,1.1302595138549805,0.6744279861450195
3.8574953079223633,3.75474214553833,3.5380747318267822,3.502645969390869,3.8411614894866943,4.391104698181152,5.314208030700684,6.6232500076293945,7.95566987991333,8.6270112991333,8.876688957214355,9.373085021972656,10.201416969299316,11.01626968383789,12.01187801361084,12.783029556274414,12.645186424255371,12.345340728759766,11.491341590881348,10.132842063903809,8.652613639831543,6.873636245727539,5.938746452331543,5.397549629211426,5.171656131744385,5.3334150314331055,4.838249683380127,4.23868465423584,3.733671188354492,2.407038450241089,0.4391227662563324,-1.0906065702438354,-0.8307077884674072,-0.6923149824142456,-0.5235521793365479,0.15965430438518524,0.7221116423606873,0.9335406422615051,1.026094675064087,1.1446250677108765,1.2130848169326782,0.39992332458496094,0.26374951004981995,0.6079253554344177
5.238114356994629,5.005393028259277,3.7934961318969727,3.248250961303711,3.5410897731781006,3.7692766189575195,4.3219475746154785,5.424012660980225,6.516448497772217,6.435245037078857,5.25496244430542,5.3431620597839355,7.126756191253662,9.458359718322754,11.685972213745117,12.867919921875,12.991522789001465,12.929789543151855,12.402864456176758,10.248879432678223,7.172835350036621,4.912141799926758,4.878902912139893,5.087496280670166,5.267777442932129,5.927356719970703,5.699300289154053,4.86319637298584,4.058585166931152,2.8757550716400146,0.9853924512863159,-0.5214093923568726,-0.7114496827125549,-0.9472818374633789,-0.612167239189148,0.31229209899902344,0.6193642616271973,0.4917478859424591,0.5026440620422363,0.6381046772003174,0.10455943644046783,-0.7657657265663147,-0.18696105480194092,0.4958406388759613
5.626298427581787,5.587528228759766,4.818953990936279,4.065952777862549,3.7853808403015137,3.7013633251190186,4.151346206665039,5.203307151794434,5.7396416664123535,5.097102165222168,3.9199447631835938,4.228867053985596,6.2134480476379395,9.044711112976074,11.558098793029785,13.114952087402344,13.693923950195312,14.041535377502441,13.207433700561523,9.885049819946289,5.871288299560547,4.347599029541016,4.993035316467285,5.239028453826904,5.257444381713867,5.559577941894531,5.441575527191162,3.7654247283935547,2.290137767791748,1.9522314071655273,1.0277100801467896,-0.4742377996444702,-1.059428095817566,-1.0425165891647339,-0.6412559747695923,-0.02207479625940323,-0.08043894916772842,-0.46461036801338196,-0.5420403480529785,-0.06205802783370018,0.006164367310702801,0.11162858456373215,0.8638433218002319,1.49357271194458
4.194173336029053,5.049638748168945,5.204442501068115,4.449981689453125,3.9363954067230225,3.547480583190918,3.491527795791626,4.104806423187256,4.608252048492432,4.983462333679199,5.089284896850586,5.674572467803955,7.175065517425537,9.259942054748535,11.320304870605469,12.667447090148926,13.166010856628418,12.930895805358887,11.768210411071777,9.130697250366211,6.693180561065674,6.17355489730835,6.383691787719727,5.700233459472656,5.011303901672363,4.47128438949585,3.9436533451080322,2.0604989528656006,0.2149202823638916,0.5687036514282227,0.2922528088092804,-0.5154099464416504,-0.5108596682548523,-0.09516294300556183,-0.18098090589046478,-0.2520628869533539,-0.6937033534049988,-1.176918625831604,-1.0993295907974243,-0.21152473986148834,0.5124725103378296,0.8684817552566528,0.7651799917221069,0.49011677503585815
3.1735575199127197,4.008706092834473,3.9185118675231934,3.080399990081787,2.9221606254577637,3.129154682159424,2.6838366985321045,2.6372408866882324,3.4484305381774902,4.643984794616699,5.828574180603027,6.8753252029418945,7.896001815795898,8.792706489562988,9.247851371765137,9.257369041442871,9.219307899475098,9.299174308776855,8.915888786315918,7.93971061706543,7.855600357055664,7.824090003967285,6.529001235961914,5.306182861328125,4.221086502075195,3.179607391357422,2.4393012523651123,1.5850144624710083,0.05880322307348251,-0.6043923497200012,-0.5692036747932434,0.22929847240447998,0.5583170056343079,0.6231364011764526,-0.15764090418815613,-0.9679549932479858,-1.5373963117599487,-1.7828649282455444,-1.2181787490844727,-0.27364757657051086,0.0840325579047203,0.07589567452669144,-0.9222244620323181,-1.6985262632369995
2.7442750930786133,2.344857692718506,2.2383601665496826,1.2999851703643799,0.9402589201927185,1.6284689903259277,1.8418041467666626,1.657634973526001,2.092477560043335,3.3077752590179443,4.909384727478027,6.290640354156494,7.222901821136475,7.161149501800537,6.528852462768555,6.197528839111328,6.405730724334717,6.967031955718994,7.7221903800964355,8.348550796508789,8.635539054870605,7.5032196044921875,4.837209224700928,4.109891891479492,3.393855094909668,1.998857021331787,1.0197540521621704,0.20968255400657654,-0.8712388873100281,-1.5600961446762085,-0.7188609838485718,1.017949104309082,1.128810167312622,0.3930732309818268,-0.9061954021453857,-2.1848061084747314,-2.5004100799560547,-2.0728378295898438,-1.2747526168823242,-1.2438123226165771,-1.6112232208251953,-1.820014476776123,-2.851710081100464,-3.1600189208984375
0.7763548493385315,0.7822591066360474,1.030144453048706,0.09140823781490326,-1.2928361892700195,-1.4319267272949219,-0.335100919008255,0.20183157920837402,0.5855019688606262,1.912811040878296,3.832947254180908,5.5365753173828125,6.618142604827881,6.694243907928467,6.507750034332275,6.601229190826416,6.599088668823242,6.223165035247803,6.780231952667236,7.679941654205322,7.5556640625,5.628852367401123,2.5699784755706787,3.2373127937316895,3.0282514095306396,1.770721435546875,0.9891476631164551,-0.5167957544326782,-1.7189741134643555,-1.7983616590499878,-0.03153781220316887,1.2599364519119263,0.8961567878723145,-0.5127528309822083,-2.061385154724121,-3.571079969406128,-3.4663333892822266,-2.3610589504241943,-1.9434607028961182,-2.515181541442871,-2.813208818435669,-3.4395945072174072,-4.650238513946533,-5.100646495819092
-2.531228542327881,-1.3016153573989868,-0.38656753301620483,-0.876402735710144,-3.265746831893921,-4.130666255950928,-2.8888585567474365,-1.7086408138275146,-0.6750501394271851,1.1093777418136597,2.9102721214294434,4.368818759918213,5.440624713897705,6.070712089538574,6.152861595153809,6.077513217926025,5.7537736892700195,5.067795753479004,4.942049980163574,4.938029766082764,4.817563056945801,3.6202409267425537,1.1982929706573486,2.435643196105957,2.2904577255249023,1.123597502708435,0.4070678651332855,-0.16880454123020172,-0.8817492127418518,-0.7409713864326477,0.3942403495311737,0.5580681562423706,-0.5033437609672546,-1.9740411043167114,-3.2033655643463135,-4.345668315887451,-3.9490575790405273,-2.693112850189209,-2.7205138206481934,-2.7066898345947266,-2.7002313137054443,-3.6963870525360107,-5.096222877502441,-5.784855365753174
-5.174520492553711,-4.528684139251709,-3.8607287406921387,-4.452800750732422,-5.814480304718018,-6.016824722290039,-5.629469394683838,-4.702337741851807,-3.0095770359039307,-0.8460155129432678,0.7128432393074036,1.906215786933899,2.788553476333618,3.0885379314422607,2.817521333694458,3.0318853855133057,3.2772679328918457,3.310885429382324,2.44289493560791,2.0701653957366943,2.3733067512512207,1.9580574035644531,0.19460567831993103,1.5123438835144043,1.8670107126235962,1.3034836053848267,0.46103227138519287,0.23157206177711487,0.2656480371952057,0.29469719529151917,-0.17512182891368866,-1.025469183921814,-2.7447385787963867,-3.6781411170959473,-3.9161343574523926,-4.648405075073242,-4.253760814666748,-2.9867687225341797,-2.7340176105499268,-2.0664408206939697,-2.4464001655578613,-3.5782699584960938,-5.041999340057373,-5.453317165374756
-8.685372352600098,-9.112349510192871,-9.325425148010254,-9.224841117858887,-8.918061256408691,-8.796391487121582,-8.849051475524902,-8.040225982666016,-5.842613220214844,-3.198289632797241,-1.052013874053955,0.3739308714866638,1.2206372022628784,0.6708962917327881,-0.1289079636335373,0.2857954800128937,0.9902166724205017,1.4198520183563232,0.4129513204097748,0.2800111472606659,0.7049641013145447,0.14505253732204437,0.6137333512306213,1.903456449508667,2.5126283168792725,2.2059779167175293,1.517259120941162,0.9871987104415894,0.8108305931091309,0.17015311121940613,-1.1349562406539917,-2.883488178253174,-4.564662456512451,-4.905646324157715,-4.38838529586792,-4.689696788787842,-4.25374698638916,-3.2420618534088135,-2.1601169109344482,-1.780484914779663,-2.8759899139404297,-4.330197811126709,-5.986575126647949,-6.736603736877441
-12.871953010559082,-13.314809799194336,-12.388054847717285,-11.206820487976074,-10.861800193786621,-10.638256072998047,-10.396132469177246,-9.813410758972168,-8.072484016418457,-5.221775054931641,-2.4291980266571045,-0.5273977518081665,0.4531131982803345,-0.17702147364616394,-1.0190945863723755,-1.483637809753418,-0.9920221567153931,-0.23205070197582245,-0.47631436586380005,-0.7537307143211365,-0.2559793293476105,0.35507932305336,0.8935571908950806,2.040046215057373,2.4325103759765625,2.1230456829071045,1.6448841094970703,0.8486517071723938,0.08146795630455017,-1.0674071311950684,-2.683650255203247,-3.973445177078247,-4.8286566734313965,-5.02501916885376,-4.378402233123779,-3.991919994354248,-3.0180904865264893,-2.3656036853790283,-1.6070177555084229,-2.0141332149505615,-3.342341423034668,-5.173607349395752,-6.645225524902344,-7.673882007598877
-14.653943061828613,-13.482394218444824,-11.652922630310059,-10.903403282165527,-10.788765907287598,-10.355856895446777,-9.903997421264648,-9.877251625061035,-9.409330368041992,-7.572285175323486,-4.925532341003418,-2.491140604019165,-1.1236920356750488,-1.053180456161499,-1.6526672840118408,-2.580122470855713,-2.64204478263855,-1.8047353029251099,-1.2974165678024292,-1.5920345783233643,-0.8032869100570679,-0.37416866421699524,0.001417268067598343,0.37466830015182495,0.035348206758499146,-0.34470823407173157,-0.560500979423523,-1.3766112327575684,-2.15506649017334,-3.334717035293579,-4.469658374786377,-4.329535007476807,-4.229277610778809,-4.618635654449463,-4.358725070953369,-3.438058853149414,-1.9934215545654297,-1.2532154321670532,-1.5288773775100708,-2.223417282104492,-3.7577707767486572,-5.4152350425720215,-6.570026397705078,-7.73846435546875
-13.959675788879395,-12.408219337463379,-11.150640487670898,-10.591853141784668,-10.256012916564941,-9.876578330993652,-9.49542236328125,-9.649209022521973,-9.863779067993164,-9.326255798339844,-7.620852947235107,-5.111265182495117,-2.7581632137298584,-1.5103517770767212,-1.9301447868347168,-3.1604456901550293,-3.623337507247925,-3.358858823776245,-3.016857862472534,-2.9036428928375244,-1.7259877920150757,-1.592634677886963,-2.450873374938965,-2.9606540203094482,-3.44779634475708,-3.605933427810669,-3.545579433441162,-3.6930055618286133,-4.2732038497924805,-5.462866306304932,-5.634866237640381,-4.822636604309082,-4.0181169509887695,-3.8061065673828125,-3.29986310005188,-2.25213885307312,-1.4756582975387573,-0.9576160311698914,-1.2378795146942139,-1.9370111227035522,-3.555938959121704,-4.600872039794922,-5.413462162017822,-6.656971454620361
-14.052488327026367,-13.20442008972168,-12.319574356079102,-11.572714805603027,-11.21664810180664,-11.107748031616211,-10.730046272277832,-10.393009185791016,-10.203605651855469,-10.086210250854492,-9.315085411071777,-7.4795918464660645,-4.804620265960693,-2.6040754318237305,-2.3398261070251465,-3.3239660263061523,-4.084500312805176,-5.091430187225342,-5.123818397521973,-4.732563018798828,-3.860752582550049,-3.7020645141601562,-5.361581802368164,-5.789369106292725,-5.455289363861084,-5.006162643432617,-4.818800926208496,-5.577896595001221,-6.272568702697754,-6.2681169509887695,-5.985140800476074,-5.5616583824157715,-4.367010116577148,-3.301074266433716,-1.8779270648956299,-0.4562380015850067,-0.6020700931549072,-1.0200800895690918,-1.2533800601959229,-1.3944754600524902,-2.5223450660705566,-3.4837071895599365,-3.821831226348877,-4.4756293296813965
-14.160446166992188,-13.651432991027832,-13.028912544250488,-12.655852317810059,-13.123652458190918,-13.607583045959473,-12.996288299560547,-11.869901657104492,-10.948758125305176,-10.534261703491211,-10.321136474609375,-9.614994049072266,-7.575695991516113,-5.424807548522949,-4.360232830047607,-4.319794178009033,-4.797117710113525,-6.353562831878662,-6.672580242156982,-6.884401321411133,-6.646070957183838,-6.05857515335083,-7.652134895324707,-7.603031158447266,-6.49545431137085,-5.9222092628479,-6.164037704467773,-6.6420087814331055,-6.189130783081055,-5.1870808601379395,-4.892420768737793,-4.510537147521973,-3.5503034591674805,-2.9771835803985596,-1.4107418060302734,0.2902064919471741,0.10618821531534195,-0.6597708463668823,-1.3143784999847412,-1.432883620262146,-1.7909537553787231,-2.487614154815674,-2.528468370437622,-2.6267588138580322
-13.397552490234375,-13.14726734161377,-12.764604568481445,-12.853771209716797,-14.223457336425781,-15.446596145629883,-15.046390533447266,-13.726402282714844,-12.38325309753418,-11.859583854675293,-12.070392608642578,-11.75692081451416,-10.032395362854004,-8.039687156677246,-6.718554973602295,-6.29387092590332,-6.309014320373535,-7.368210792541504,-7.637145519256592,-8.422060012817383,-8.776296615600586,-8.526856422424316,-9.077547073364258,-8.45854663848877,-7.3616251945495605,-6.9416680335998535,-6.0850396156311035,-4.831103801727295,-4.190373420715332,-3.2295403480529785,-1.8690838813781738,-1.2925480604171753,-0.771848201751709,-1.6289429664611816,-1.4120457172393799,-0.34087684750556946,0.2383376955986023,0.13665889203548431,-0.8089715838432312,-1.8801865577697754,-2.0846216678619385,-1.7398849725723267,-1.8956149816513062,-2.1111299991607666
-13.20132064819336,-12.798063278198242,-12.23068904876709,-12.541786193847656,-14.22218132019043,-15.903398513793945,-16.196672439575195,-15.147043228149414,-13.802251815795898,-13.68038558959961,-14.343046188354492,-13.944161415100098,-12.286482810974121,-10.181138038635254,-8.434993743896484,-8.027045249938965,-7.8306403160095215,-7.572288513183594,-8.147953987121582,-9.228672981262207,-9.795428276062012,-9.563158988952637,-9.07538890838623,-8.100188255310059,-7.002380847930908,-6.088494777679443,-4.651397228240967,-3.240227222442627,-2.5793840885162354,-1.3055212497711182,0.8008992671966553,1.4576468467712402,0.9347196817398071,-0.473466694355011,-0.6594963669776917,-0.5021039247512817,-0.4218843877315521,0.09954901039600372,-0.10439316928386688,-1.8463425636291504,-2.4175820350646973,-1.656287431716919,-1.5149259567260742,-1.665242075920105
-13.524175643920898,-12.863204002380371,-12.222389221191406,-12.560672760009766,-13.821782112121582,-15.21757984161377,-16.013416290283203,-15.623531341552734,-14.939190864562988,-15.274856567382812,-16.00231170654297,-15.945255279541016,-15.023015975952148,-13.114404678344727,-10.757794380187988,-9.39002513885498,-8.728676795959473,-8.202620506286621,-8.915482521057129,-9.56806755065918,-9.63037109375,-9.266841888427734,-8.70203971862793,-7.337940692901611,-6.003911018371582,-5.050805568695068,-4.161083698272705,-2.8799355030059814,-1.7922463417053223,-0.5110620856285095,0.9093993306159973,1.0940769910812378,0.06650744378566742,-0.6019719839096069,-0.19418585300445557,0.19925262033939362,0.11804758757352829,0.3703716993331909,0.17988388240337372,-0.8677257299423218,-0.9701211452484131,-0.8324832320213318,-0.8325307369232178,-1.0687528848648071
-12.96251106262207,-12.628389358520508,-12.67948055267334,-13.282144546508789,-13.790544509887695,-14.071667671203613,-14.57079792022705,-14.972609519958496,-15.330497741699219,-15.97462272644043,-16.471851348876953,-16.627500534057617,-16.55396270751953,-15.76636028289795,-13.75701904296875,-11.726079940795898,-10.41772747039795,-9.835294723510742,-9.705734252929688,-9.738293647766113,-9.47884464263916,-9.12921142578125,-8.42590618133545,-7.495998382568359,-6.7494635581970215,-5.862429141998291,-4.792056560516357,-3.416060447692871,-2.643773078918457,-2.4308741092681885,-2.1077730655670166,-1.9200539588928223,-2.1042847633361816,-0.8481873273849487,-0.2959631383419037,0.728967547416687,1.7394030094146729,1.6813172101974487,0.4670027196407318,0.14234717190265656,0.9947031140327454,0.9415620565414429,0.08786027133464813,0.008479365147650242
