data/wind_data/wind_50_3.json
{"header": {"parameterUnit": "KT", "parameterCategory": 2, "nx": 256, "ny": 198, "lo1": 44.73521041870117, "la1": -3.236724853515625, "lo2": 111.26478576660156, "la2": 43.468475341796875, "dx": 0.2609002888202667, "dy": -0.23708222806453705, "refTime": "2025-02-21 02:00:00", "forecastTime": 0, "parameterNumber": 2, "parameterNumberName": "eastward_wind"}, "data":
[rows 95 to 113 of 198, columns 44 to 87 of 256]
8.811084747314453,9.974422454833984,10.890010833740234,11.240022659301758,11.102864265441895,10.668580055236816,10.276799201965332,10.266288757324219,10.326126098632812,10.52430248260498,10.9542236328125,10.847676277160645,9.981898307800293,8.921233177185059,8.399056434631348,8.539796829223633,8.795248985290527,8.55643081665039,7.720654487609863,6.814469337463379,6.271173000335693,5.950674533843994,5.579798221588135,5.17249870300293,4.972062110900879,5.064000606536865,5.287969589233398,5.477332592010498,5.5150322914123535,5.363978385925293,5.03032922744751,4.520243167877197,3.9053735733032227,3.3036186695098877,2.8917717933654785,2.8037478923797607,2.917740821838379,3.0084645748138428,2.9994866847991943,2.9634664058685303,2.9862802028656006,3.086606740951538,3.2191009521484375,3.3280129432678223
9.407415390014648,10.763810157775879,11.888212203979492,12.310169219970703,12.07197380065918,11.731722831726074,11.539204597473145,11.542245864868164,11.515317916870117,11.727700233459473,11.818631172180176,11.277956008911133,10.382255554199219,9.523147583007812,9.1565580368042,9.211323738098145,9.188647270202637,8.58082389831543,7.527266025543213,6.667741775512695,6.255744934082031,5.9829583168029785,5.593652248382568,5.252296447753906,5.240933895111084,5.499192714691162,5.756533622741699,5.866425037384033,5.815304756164551,5.624651908874512,5.253598213195801,4.705338001251221,4.073441028594971,3.47377610206604,3.1019887924194336,3.0585174560546875,3.212043285369873,3.3559298515319824,3.407226800918579,3.3868987560272217,3.3794949054718018,3.4518320560455322,3.6230475902557373,3.8119568824768066
10.416380882263184,11.611715316772461,12.568017959594727,12.841242790222168,12.587190628051758,12.55687141418457,12.760213851928711,12.815156936645508,12.708656311035156,12.738706588745117,12.535019874572754,11.685169219970703,10.588330268859863,9.979201316833496,9.849099159240723,9.703158378601074,9.181560516357422,8.22998046875,7.211273670196533,6.598824977874756,6.334862232208252,6.0496416091918945,5.649572849273682,5.441696643829346,5.591968059539795,5.862163066864014,6.0190558433532715,6.0321125984191895,5.949454307556152,5.763571262359619,5.406400680541992,4.888589859008789,4.284115791320801,3.7294600009918213,3.4332077503204346,3.4610965251922607,3.7039105892181396,3.9571022987365723,4.104950904846191,4.144021034240723,4.160421848297119,4.219842910766602,4.337112903594971,4.437325954437256
11.864823341369629,12.683533668518066,13.401151657104492,13.54932689666748,13.34512710571289,13.40512466430664,13.643546104431152,13.712653160095215,13.651773452758789,13.517277717590332,13.036928176879883,12.13014030456543,11.103915214538574,10.47736644744873,10.141511917114258,9.69693374633789,8.792519569396973,7.766450881958008,7.094442367553711,6.824832439422607,6.599817752838135,6.181633949279785,5.75817346572876,5.650040626525879,5.798799991607666,5.944630146026611,6.006643772125244,6.036856174468994,6.027817726135254,5.896307468414307,5.590027809143066,5.140960216522217,4.620477676391602,4.166270732879639,3.9581708908081055,4.077977657318115,4.4159464836120605,4.749878883361816,4.95189905166626,5.048359394073486,5.143280506134033,5.2602081298828125,5.321402549743652,5.221214294433594
13.32258415222168,13.819647789001465,14.255738258361816,14.52921199798584,14.692052841186523,14.793211936950684,14.764948844909668,14.639023780822754,14.45246696472168,13.861340522766113,13.397860527038574,13.125402450561523,12.764069557189941,11.53182315826416,10.12098217010498,8.971306800842285,7.90394926071167,7.257009029388428,7.259174823760986,7.3138251304626465,6.947102069854736,6.307974338531494,5.860160827636719,5.7901930809021,5.87830924987793,5.926980972290039,5.972282409667969,6.074423313140869,6.146841049194336,6.08205509185791,5.862648963928223,5.509105682373047,5.058496952056885,4.612550735473633,4.4003987312316895,4.600651741027832,5.062166213989258,5.457432746887207,5.645155906677246,5.733077049255371,5.858668327331543,6.003155708312988,6.0405426025390625,5.840007305145264
14.274245262145996,14.58971118927002,15.00606632232666,15.823057174682617,16.664756774902344,16.757619857788086,16.016653060913086,15.298863410949707,14.734903335571289,14.336628913879395,14.228642463684082,14.28771686553955,13.829421043395996,11.889230728149414,10.161245346069336,8.801244735717773,7.742663383483887,7.5422234535217285,7.748137950897217,7.582231044769287,6.91739559173584,6.200068473815918,5.869787216186523,5.886358737945557,5.94927453994751,5.952381134033203,6.019455909729004,6.166729927062988,6.254995822906494,6.233001708984375,6.118616104125977,5.891763210296631,5.479541301727295,5.024998664855957,4.829931735992432,5.026769638061523,5.464195728302002,5.852683067321777,6.059630870819092,6.176632881164551,6.3151469230651855,6.463304042816162,6.512272357940674,6.369566440582275
15.085403442382812,15.500648498535156,16.23553466796875,17.197725296020508,18.611820220947266,19.494874954223633,18.97870445251465,17.560787200927734,16.106595993041992,15.026605606079102,14.832108497619629,14.733598709106445,13.315234184265137,10.653260231018066,9.115410804748535,8.393064498901367,8.10332202911377,8.14176082611084,7.908940315246582,7.214962959289551,6.396364212036133,5.923626899719238,5.897307395935059,6.008571147918701,6.000067234039307,5.968288898468018,6.082260608673096,6.251497745513916,6.346827507019043,6.403375148773193,6.44182014465332,6.330110549926758,6.02225399017334,5.723030090332031,5.674776554107666,5.82332181930542,5.967814922332764,6.042308330535889,6.176245212554932,6.44870662689209,6.781160354614258,7.04009485244751,7.146866321563721,7.125244140625
15.809440612792969,16.621746063232422,17.736412048339844,18.953067779541016,20.713714599609375,21.664310455322266,21.65690040588379,20.06779670715332,17.58792495727539,15.053205490112305,13.437621116638184,13.332077980041504,8.521736145019531,8.680068016052246,8.322784423828125,8.205286979675293,8.203073501586914,8.108129501342773,7.589838981628418,6.713435173034668,6.021228313446045,5.905734062194824,6.094428539276123,6.157380104064941,6.041683673858643,6.052720069885254,6.275936126708984,6.523397922515869,6.721934795379639,6.939700126647949,7.130488395690918,7.123870372772217,6.942688465118408,6.8146538734436035,6.868950843811035,6.926966667175293,6.796994686126709,6.604991912841797,6.665020942687988,7.052870750427246,7.560733795166016,7.919739723205566,8.066068649291992,8.16728401184082
15.963030815124512,17.16948699951172,19.430774688720703,21.877349853515625,24.252500534057617,25.472543716430664,24.352102279663086,19.973493576049805,15.739901542663574,12.95535659790039,12.4424467086792,9.79681396484375,6.135324001312256,6.473378658294678,6.693687438964844,7.668220520019531,7.9560627937316895,7.6923441886901855,7.137426853179932,6.586437702178955,6.308213233947754,6.36414098739624,6.4756693840026855,6.383303642272949,6.266058921813965,6.408201694488525,6.716681480407715,7.008605480194092,7.308080196380615,7.681214809417725,7.996572971343994,8.059090614318848,7.961967468261719,7.939016342163086,8.014958381652832,8.00384521484375,7.835807800292969,7.712071895599365,7.841394901275635,8.17600154876709,8.555509567260742,8.812808990478516,8.975171089172363,9.26620864868164
15.922792434692383,18.427961349487305,22.244474411010742,25.225210189819336,26.364166259765625,22.81336784362793,18.01003074645996,12.788217544555664,10.649922370910645,8.340086936950684,11.58359432220459,11.223668098449707,9.716721534729004,7.846070289611816,6.429027557373047,7.128219127655029,7.496523857116699,7.134812355041504,6.675510406494141,6.595949649810791,6.754508018493652,6.86452579498291,6.816805839538574,6.67852258682251,6.724514961242676,7.043970108032227,7.426704406738281,7.717393398284912,8.014772415161133,8.435824394226074,8.79472541809082,8.890583038330078,8.845780372619629,8.850725173950195,8.934836387634277,9.003284454345703,9.051676750183105,9.109373092651367,9.171470642089844,9.226351737976074,9.28257942199707,9.335119247436523,9.510902404785156,10.008362770080566
18.217557907104492,22.439546585083008,25.928138732910156,26.437654495239258,21.025964736938477,15.120746612548828,10.871293067932129,10.099050521850586,9.721466064453125,9.710536003112793,11.759556770324707,12.42990779876709,11.321547508239746,8.464933395385742,6.54622745513916,6.759464263916016,7.052963733673096,6.649427890777588,6.212184429168701,6.280986309051514,6.627516746520996,6.824033737182617,6.8221659660339355,6.838050365447998,7.130238056182861,7.679811000823975,8.198657035827637,8.512687683105469,8.885950088500977,9.379262924194336,9.717962265014648,9.790094375610352,9.722485542297363,9.67097282409668,9.701815605163574,9.805985450744629,9.934627532958984,10.03137493133545,10.104910850524902,10.182318687438965,10.169471740722656,10.088768005371094,10.197093963623047,10.687372207641602
22.90492057800293,27.016969680786133,27.227031707763672,19.96636962890625,16.47334861755371,15.975239753723145,13.432092666625977,10.716106414794922,10.699885368347168,12.28254222869873,13.902420997619629,14.097156524658203,11.785886764526367,8.38538932800293,6.561117172241211,6.580024719238281,6.767483234405518,6.273608207702637,5.710120677947998,5.775624752044678,6.255626678466797,6.661717891693115,6.897280216217041,7.162021636962891,7.661338806152344,8.29904842376709,8.792710304260254,9.213500022888184,9.802774429321289,10.356324195861816,10.59780502319336,10.549459457397461,10.381097793579102,10.258551597595215,10.217729568481445,10.14045238494873,9.98421573638916,10.063101768493652,10.393781661987305,10.683794975280762,10.8054838180542,10.928731918334961,11.250740051269531,11.767663955688477
26.6621036529541,28.15030860900879,21.752822875976562,19.01915740966797,18.512060165405273,17.71442222595215,15.999322891235352,13.668997764587402,13.80050277709961,14.575508117675781,14.762194633483887,14.395023345947266,12.153030395507812,8.923633575439453,7.019104957580566,6.7903828620910645,6.903532981872559,6.449832916259766,5.906337261199951,6.0512495040893555,6.666572093963623,7.265256404876709,7.712029457092285,8.189614295959473,8.759748458862305,9.285615921020508,9.74591064453125,10.294266700744629,10.855367660522461,11.086467742919922,10.963960647583008,10.689117431640625,10.462611198425293,10.335326194763184,9.956321716308594,9.442093849182129,9.348798751831055,9.752701759338379,10.205709457397461,10.531148910522461,10.878279685974121,11.427562713623047,12.115710258483887,12.692482948303223
27.99064064025879,23.67864418029785,21.431882858276367,21.358671188354492,20.03508186340332,18.374774932861328,16.689300537109375,15.468362808227539,15.628742218017578,15.534100532531738,14.965221405029297,14.320013999938965,12.37780475616455,9.861730575561523,8.343174934387207,7.919276237487793,7.859716892242432,7.61373233795166,7.4253716468811035,7.7412238121032715,8.405152320861816,9.063773155212402,9.597384452819824,10.064676284790039,10.468572616577148,10.85185718536377,11.176533699035645,11.271437644958496,11.08675479888916,10.660663604736328,10.268474578857422,9.992531776428223,9.771822929382324,9.343415260314941,8.601662635803223,8.254264831542969,8.724918365478516,9.367877006530762,9.717415809631348,10.107928276062012,10.807086944580078,11.728880882263184,12.586653709411621,13.0773344039917
23.736337661743164,22.6259822845459,23.483102798461914,22.781423568725586,21.474884033203125,19.93068504333496,18.310068130493164,17.363759994506836,17.066112518310547,16.416004180908203,15.47619915008545,14.518030166625977,12.524527549743652,10.333028793334961,9.33669662475586,9.252114295959473,9.409464836120605,9.494124412536621,9.729702949523926,10.252943992614746,10.977701187133789,11.660351753234863,12.179595947265625,12.530037879943848,12.754799842834473,12.799030303955078,12.489956855773926,11.946308135986328,11.242536544799805,10.263423919677734,9.554576873779297,9.376296997070312,9.176359176635742,8.45508098602295,7.806756973266602,8.046358108520508,8.836100578308105,9.428443908691406,9.812192916870117,10.340492248535156,11.14035701751709,12.160184860229492,12.922390937805176,13.208017349243164
20.616024017333984,23.665756225585938,24.31097412109375,23.809799194335938,23.22307014465332,22.35654067993164,21.222763061523438,20.2412109375,19.28277015686035,17.789344787597656,16.095813751220703,14.626777648925781,12.4129056930542,10.362846374511719,9.824719429016113,10.297056198120117,11.01225471496582,11.84008502960205,12.789666175842285,13.684547424316406,14.340537071228027,14.70133113861084,14.878982543945312,14.94277572631836,14.917193412780762,14.706104278564453,14.316802024841309,13.875686645507812,13.020065307617188,11.375130653381348,9.579459190368652,8.836702346801758,8.703545570373535,8.347639083862305,8.405259132385254,9.649181365966797,11.067028045654297,11.767565727233887,11.971630096435547,12.37175178527832,13.108077049255371,14.129653930664062,14.437668800354004,13.90513801574707
19.61962127685547,21.666187286376953,23.19758415222168,24.12702751159668,24.734792709350586,24.88084602355957,24.354049682617188,23.30923080444336,22.042409896850586,20.365989685058594,18.231962203979492,15.817119598388672,13.218062400817871,11.53783893585205,11.34741497039795,12.048194885253906,13.042200088500977,14.13992691040039,15.110086441040039,15.931624412536621,16.37725067138672,16.431180953979492,16.549694061279297,16.87551498413086,16.96232032775879,16.74448585510254,16.117542266845703,14.511136054992676,12.633968353271484,11.914311408996582,11.437042236328125,10.587324142456055,9.721108436584473,9.212885856628418,10.477849006652832,12.97455883026123,14.498862266540527,14.914523124694824,14.953768730163574,15.346050262451172,15.9900484085083,16.79057502746582,17.150165557861328,15.74228572845459
18.191471099853516,19.478437423706055,22.751821517944336,24.851165771484375,26.09862518310547,26.82181167602539,26.644826889038086,25.590835571289062,24.194448471069336,22.524805068969727,20.574792861938477,17.948606491088867,15.200718879699707,13.566771507263184,13.138547897338867,13.667669296264648,14.608673095703125,15.490022659301758,16.188690185546875,16.578371047973633,16.703166961669922,17.02631950378418,17.692508697509766,18.154293060302734,18.588407516479492,19.592683792114258,19.746496200561523,18.018823623657227,14.865351676940918,12.880752563476562,12.319433212280273,13.517175674438477,14.546175956726074,13.963134765625,13.87601375579834,14.96153736114502,15.51079273223877,15.930667877197266,17.004474639892578,17.84871482849121,18.294605255126953,18.954408645629883,19.624332427978516,18.342180252075195
14.646807670593262,19.530141830444336,23.67949676513672,25.524599075317383,26.794200897216797,27.647281646728516,27.64042091369629,26.68708610534668,25.17920684814453,23.344635009765625,21.25878143310547,18.92502212524414,16.956518173217773,15.607156753540039,14.79220962524414,14.78946304321289,15.575004577636719,16.353853225708008,16.698881149291992,16.653764724731445,16.587284088134766,17.02530288696289,17.81080436706543,18.739267349243164,19.725067138671875,19.578140258789062,18.716848373413086,19.525615692138672,22.65635108947754,24.015121459960938,21.32329750061035,17.79837989807129,16.09129524230957,15.715442657470703,16.173086166381836,16.94277000427246,17.52332305908203,18.41935920715332,19.28300666809082,18.8956298828125,18.372600555419922,19.30038833618164,20.36334800720215,19.937162399291992
