data/wind_data/wind_57_5.json
{"header": {"parameterUnit": "KT", "parameterCategory": 2, "nx": 256, "ny": 198, "lo1": 44.73521041870117, "la1": -3.236724853515625, "lo2": 111.26478576660156, "la2": 43.468475341796875, "dx": 0.2609002888202667, "dy": -0.23708222806453705, "refTime": "2025-02-21 09:00:00", "forecastTime": 0, "parameterNumber": 2, "parameterNumberName": "eastward_wind"}, "data":
[rows 57 to 75 of 198, columns 0 to 43 of 256]
-8.80209732055664,-9.84342098236084,-10.116557121276855,-10.408835411071777,-10.191399574279785,-10.220772743225098,-10.352361679077148,-10.39983081817627,-10.872791290283203,-11.249527931213379,-11.399942398071289,-11.485067367553711,-11.446999549865723,-11.180800437927246,-10.984159469604492,-10.874025344848633,-10.541930198669434,-10.684428215026855,-11.514198303222656,-11.957606315612793,-12.537187576293945,-12.927342414855957,-11.412392616271973,-9.733081817626953,-9.92254638671875,-10.756257057189941,-11.516133308410645,-11.969037055969238,-12.104349136352539,-12.167121887207031,-12.35750961303711,-12.72782039642334,-13.238065719604492,-13.78586196899414,-14.101387977600098,-14.125605583190918,-14.000615119934082,-13.789397239685059,-13.719671249389648,-13.89911937713623,-14.295036315917969,-14.477514266967773,-14.570670127868652,-14.909957885742188
-8.04690933227539,-9.011837005615234,-8.960063934326172,-9.176085472106934,-9.353859901428223,-9.54366397857666,-9.60035228729248,-9.496954917907715,-9.666182518005371,-9.818724632263184,-9.931939125061035,-10.225647926330566,-10.303707122802734,-10.177671432495117,-10.15477180480957,-9.950052261352539,-9.460479736328125,-9.419964790344238,-10.257759094238281,-11.208367347717285,-11.771150588989258,-11.574305534362793,-10.56792163848877,-9.725632667541504,-9.287223815917969,-9.344282150268555,-9.78124713897705,-10.150582313537598,-10.453420639038086,-10.578948020935059,-10.736068725585938,-11.136024475097656,-11.64307975769043,-12.090576171875,-12.478935241699219,-12.716388702392578,-12.646308898925781,-12.418708801269531,-12.389551162719727,-12.574241638183594,-12.908964157104492,-13.159048080444336,-13.281641006469727,-13.570420265197754
-7.0208821296691895,-7.984707832336426,-7.671475410461426,-7.531213760375977,-7.713587760925293,-8.431648254394531,-8.65559196472168,-8.55874252319336,-8.639852523803711,-8.633247375488281,-8.557583808898926,-8.725712776184082,-9.00605297088623,-9.11494255065918,-8.97366714477539,-8.600130081176758,-8.234931945800781,-8.228530883789062,-8.775169372558594,-9.725482940673828,-10.536859512329102,-10.47492504119873,-9.765996932983398,-9.146856307983398,-8.532025337219238,-8.232709884643555,-8.320517539978027,-8.412525177001953,-8.587564468383789,-8.67523193359375,-8.805770874023438,-9.221153259277344,-9.832297325134277,-10.251965522766113,-10.421531677246094,-10.66575813293457,-10.979570388793945,-11.1036376953125,-11.026130676269531,-11.09563159942627,-11.461807250976562,-11.735684394836426,-11.91129207611084,-12.04450798034668
-5.720463752746582,-6.888784885406494,-6.353625774383545,-5.721621990203857,-5.695766925811768,-6.477219581604004,-6.948665618896484,-7.040585041046143,-7.124613285064697,-7.165552139282227,-7.245530605316162,-7.319580078125,-7.449001312255859,-7.662169456481934,-7.712013244628906,-7.431381702423096,-7.054295063018799,-6.895536422729492,-7.282015323638916,-8.174222946166992,-9.023506164550781,-9.21203327178955,-8.662064552307129,-8.0123291015625,-7.524966239929199,-7.182751655578613,-7.004859924316406,-6.967996597290039,-6.9607157707214355,-6.917786598205566,-7.002296447753906,-7.264676094055176,-7.847282409667969,-8.35548210144043,-8.329520225524902,-8.176863670349121,-8.620134353637695,-9.355607986450195,-9.760807991027832,-9.888448715209961,-10.081636428833008,-10.327799797058105,-10.582772254943848,-10.703947067260742
-4.6532816886901855,-5.286908149719238,-4.759194850921631,-3.897581100463867,-3.5743043422698975,-4.482421875,-4.605180740356445,-4.642773151397705,-4.859993934631348,-5.106633186340332,-5.427135944366455,-5.694990158081055,-5.8056817054748535,-5.8962883949279785,-6.020111083984375,-6.098242282867432,-5.943857669830322,-5.656938076019287,-5.803005218505859,-6.567066669464111,-7.481751441955566,-7.925092697143555,-7.511380672454834,-6.69407320022583,-6.259705543518066,-6.154521942138672,-5.856765270233154,-5.523910999298096,-5.4095587730407715,-5.423671722412109,-5.450791358947754,-5.620611190795898,-6.009807109832764,-6.349918842315674,-6.469151020050049,-6.5404438972473145,-6.967798233032227,-7.805739879608154,-8.488810539245605,-8.817657470703125,-9.056127548217773,-9.254317283630371,-9.478548049926758,-9.656784057617188
-3.5935428142547607,-3.7478840351104736,-3.084099769592285,-2.124329090118408,-1.0518314838409424,-2.090984582901001,-2.358419179916382,-2.1415910720825195,-2.10189151763916,-2.48111891746521,-3.165580987930298,-3.743722915649414,-4.008778095245361,-4.0807719230651855,-4.192115306854248,-4.437997341156006,-4.55409574508667,-4.488152503967285,-4.64431619644165,-5.255169868469238,-5.9539475440979,-6.356618404388428,-6.261002063751221,-5.74058723449707,-5.194730281829834,-4.858280181884766,-4.69110631942749,-4.433655738830566,-4.066012382507324,-3.920670509338379,-3.9704360961914062,-4.127005100250244,-4.466465473175049,-4.829867362976074,-5.115269660949707,-5.447971820831299,-6.048398017883301,-6.835154056549072,-7.4205193519592285,-7.684001922607422,-7.853139400482178,-8.045805931091309,-8.293642044067383,-8.49205207824707
-1.9018036127090454,-0.5721986889839172,-0.7430481314659119,-0.1853770762681961,1.2774901390075684,1.1259722709655762,0.322533518075943,0.18915154039859772,0.285675972700119,0.263474702835083,-0.42845985293388367,-1.4882999658584595,-2.0860021114349365,-2.216968059539795,-2.399467945098877,-2.772268295288086,-3.049757242202759,-3.1433053016662598,-3.4452240467071533,-4.119271755218506,-4.729297161102295,-4.946567058563232,-4.881396293640137,-4.750876426696777,-4.58083438873291,-4.217065811157227,-3.6461124420166016,-3.294525384902954,-3.16194748878479,-2.8839681148529053,-2.723146915435791,-2.893038272857666,-3.1415016651153564,-3.2062385082244873,-3.369422674179077,-3.8051156997680664,-4.470468521118164,-5.302750587463379,-6.058566093444824,-6.418926239013672,-6.390201091766357,-6.400649070739746,-6.69783353805542,-6.981281280517578
0.15619127452373505,1.158652663230896,1.536612868309021,2.0534794330596924,2.9706578254699707,3.9749069213867188,3.6085028648376465,2.7636358737945557,2.2494754791259766,2.2936131954193115,2.0891287326812744,1.2056841850280762,0.24100379645824432,-0.3170134127140045,-0.6620754599571228,-1.1514744758605957,-1.5946382284164429,-1.8618556261062622,-2.216228485107422,-2.93414044380188,-3.5691919326782227,-3.73213529586792,-3.6935033798217773,-3.672368288040161,-3.747091293334961,-3.644723415374756,-3.0898072719573975,-2.464259147644043,-2.1578285694122314,-2.1268510818481445,-2.023555040359497,-1.9866174459457397,-2.2579898834228516,-2.2218313217163086,-1.9770145416259766,-1.9780725240707397,-2.470259666442871,-3.3151066303253174,-4.108042240142822,-4.645719528198242,-4.803162097930908,-4.817473888397217,-4.983874797821045,-5.191110134124756
2.387206792831421,5.434499740600586,4.897802352905273,5.073492050170898,5.520966053009033,6.006735801696777,5.9792585372924805,5.140198707580566,4.754093647003174,5.098674297332764,5.187836647033691,4.110145568847656,2.7070109844207764,1.8646886348724365,1.1682758331298828,0.4061754643917084,-0.1866583228111267,-0.5138276815414429,-0.9331945776939392,-1.615628719329834,-2.2549800872802734,-2.6091256141662598,-2.5910236835479736,-2.6057357788085938,-2.7338132858276367,-2.6562938690185547,-2.1869618892669678,-1.6553627252578735,-1.2043206691741943,-1.0371891260147095,-1.078174352645874,-1.092223048210144,-1.1531307697296143,-1.1924667358398438,-0.9308830499649048,-0.6491314172744751,-0.768375813961029,-1.279745101928711,-1.893087387084961,-2.376293182373047,-2.7292473316192627,-2.992180585861206,-3.2045671939849854,-3.3430471420288086
5.025274276733398,7.694807529449463,7.439460754394531,7.793930530548096,7.550260066986084,7.511747360229492,7.881549835205078,7.233331680297852,6.737100601196289,6.756680965423584,7.255098819732666,7.205310821533203,5.907752990722656,4.107889175415039,2.988837957382202,2.079911947250366,1.2230191230773926,0.7932429909706116,0.5571054220199585,0.011909394524991512,-0.7392811179161072,-1.2415080070495605,-1.4098342657089233,-1.5024542808532715,-1.6078366041183472,-1.5668721199035645,-1.1666620969772339,-0.5752701759338379,-0.14483928680419922,0.15706540644168854,0.24776150286197662,0.30578485131263733,0.2860488295555115,0.15174737572669983,0.2591590881347656,0.7626849412918091,0.9144749045372009,0.5413972735404968,0.14748439192771912,-0.15314112603664398,-0.4707282781600952,-0.8094791173934937,-1.1534831523895264,-1.4240636825561523
7.27419376373291,8.293737411499023,8.549321174621582,9.348471641540527,9.374253273010254,8.52308177947998,8.895177841186523,8.780025482177734,8.634113311767578,8.568255424499512,8.046330451965332,7.989704608917236,8.215709686279297,7.831872940063477,6.457873821258545,4.848737716674805,3.3980674743652344,2.3614134788513184,1.9977086782455444,1.6700884103775024,0.982374906539917,0.34458738565444946,-0.0012990051181986928,-0.2932308614253998,-0.4065682888031006,-0.32771703600883484,-0.09862738847732544,0.4607425034046173,0.8929479122161865,1.211841106414795,1.3368123769760132,1.508124828338623,1.711401104927063,1.6407616138458252,1.4559485912322998,1.6942901611328125,2.2554619312286377,2.4079229831695557,2.0931761264801025,1.717146873474121,1.4182705879211426,1.114611268043518,0.7925637364387512,0.3841862380504608
9.114213943481445,10.150134086608887,10.071110725402832,10.584372520446777,10.788792610168457,9.701956748962402,9.698773384094238,9.873015403747559,9.745234489440918,9.98673152923584,9.814661026000977,8.923661231994629,8.308014869689941,8.672042846679688,9.138102531433105,8.658056259155273,7.139049053192139,4.774634838104248,3.5935373306274414,3.2908949851989746,2.7349026203155518,1.9761295318603516,1.3868581056594849,1.0244518518447876,0.9632181525230408,1.1430835723876953,1.3009257316589355,1.532380223274231,1.8008769750595093,2.035529851913452,2.3058063983917236,2.301220655441284,2.4258909225463867,2.529916286468506,2.4938957691192627,2.5389790534973145,2.8208179473876953,3.2090933322906494,3.3853163719177246,3.2718722820281982,2.8888354301452637,2.484988212585449,2.1615211963653564,1.7776035070419312
10.855008125305176,11.954156875610352,11.75536060333252,12.135780334472656,12.26395034790039,11.49642276763916,11.347722053527832,11.573502540588379,11.756448745727539,11.637065887451172,11.072325706481934,10.320768356323242,9.726853370666504,9.621803283691406,9.988774299621582,10.423652648925781,10.332914352416992,8.484148025512695,6.466486930847168,5.377658367156982,4.886476993560791,4.089389324188232,3.089689254760742,2.431349039077759,2.336771011352539,2.654215097427368,2.884061813354492,2.836698293685913,2.722135543823242,2.7720353603363037,3.059403657913208,3.1289174556732178,3.079686164855957,2.9980719089508057,2.996847152709961,3.1106209754943848,3.2806546688079834,3.496330499649048,3.699054002761841,3.852745294570923,3.768401861190796,3.412806987762451,3.090991973876953,2.789395809173584
12.581689834594727,13.57127571105957,13.55195140838623,13.972633361816406,14.07630443572998,13.364856719970703,13.062150001525879,13.081440925598145,13.2317533493042,13.354156494140625,12.913509368896484,12.0750732421875,11.53894329071045,11.318720817565918,11.375195503234863,11.589963912963867,11.674805641174316,11.443621635437012,11.003046035766602,10.549756050109863,9.861368179321289,8.263398170471191,6.251315116882324,4.871856689453125,4.164033889770508,4.0575480461120605,4.116305351257324,3.995453357696533,3.92642879486084,3.812582492828369,3.7690508365631104,3.8156304359436035,3.738260269165039,3.485480785369873,3.352165460586548,3.393134832382202,3.5432775020599365,3.7708048820495605,3.9346635341644287,3.932551145553589,3.9122180938720703,3.7047975063323975,3.471550703048706,3.3838446140289307
14.172323226928711,15.685264587402344,15.473976135253906,15.616127967834473,16.079824447631836,15.441351890563965,15.081974983215332,15.063273429870605,15.202632904052734,15.394094467163086,15.287981986999512,14.64892864227295,14.086817741394043,13.841813087463379,13.575424194335938,13.378134727478027,13.353337287902832,13.448556900024414,13.71834659576416,13.779156684875488,14.059680938720703,14.044844627380371,12.458563804626465,9.697409629821777,7.683506965637207,6.960241794586182,6.234408378601074,5.492210388183594,5.259389400482178,5.1369547843933105,4.858938217163086,4.715262413024902,4.52533483505249,4.112342834472656,3.556722402572632,3.4086649417877197,3.631030559539795,4.06068754196167,4.400648593902588,4.3128790855407715,4.109954833984375,3.8693807125091553,3.642634630203247,3.588413953781128
15.69182300567627,17.559612274169922,17.02818489074707,16.819852828979492,17.668415069580078,17.383432388305664,17.162813186645508,17.44854164123535,17.821557998657227,18.13172149658203,18.151161193847656,17.792943954467773,17.109834671020508,16.5358829498291,16.35133171081543,16.22580909729004,15.563264846801758,15.228281021118164,15.446185111999512,15.696999549865723,15.58028793334961,15.462980270385742,15.434367179870605,14.66513442993164,12.792401313781738,11.097887992858887,9.372137069702148,7.59828519821167,6.873233795166016,6.7162981033325195,6.273955345153809,6.025032043457031,5.99731969833374,5.771688461303711,4.818436145782471,3.7974040508270264,3.651423454284668,4.308734893798828,5.055044174194336,5.163318157196045,4.9221696853637695,4.552826404571533,4.226402759552002,4.03196382522583
17.371368408203125,19.876998901367188,18.69586944580078,18.132802963256836,18.953990936279297,18.825061798095703,18.722824096679688,19.310609817504883,19.867820739746094,20.078397750854492,20.039691925048828,19.83409309387207,19.286405563354492,18.737384796142578,18.78461265563965,18.75661849975586,17.87146759033203,17.33907127380371,17.38100814819336,17.640432357788086,17.230501174926758,16.291767120361328,16.56684684753418,17.277658462524414,16.778518676757812,14.669378280639648,12.373706817626953,10.50881576538086,9.276711463928223,8.251188278198242,7.5350565910339355,7.10408353805542,7.038074016571045,6.988943099975586,6.580305576324463,5.668065071105957,4.8117356300354,4.864755153656006,5.716674327850342,6.28614616394043,6.234841346740723,5.772570610046387,5.1390814781188965,4.745916843414307
19.212646484375,19.449304580688477,19.285451889038086,19.171659469604492,19.88157844543457,19.8160343170166,19.96732521057129,20.774869918823242,21.469005584716797,21.73798942565918,21.493715286254883,20.973539352416992,20.592069625854492,20.28141212463379,20.494131088256836,20.791141510009766,20.161758422851562,19.370023727416992,19.092336654663086,19.155088424682617,18.815927505493164,18.081008911132812,18.168441772460938,18.755842208862305,18.922815322875977,17.5677433013916,15.323040008544922,13.500100135803223,11.587583541870117,9.638567924499512,8.627806663513184,8.190505027770996,7.829451084136963,7.577364921569824,7.261609077453613,6.828160285949707,6.309839248657227,6.102597713470459,6.423398494720459,6.98403263092041,7.234644889831543,6.912880897521973,6.188112258911133,5.506605625152588
21.753461837768555,21.05384063720703,21.009910583496094,21.01318359375,21.623584747314453,21.462478637695312,21.59239387512207,22.22044563293457,22.68550682067871,22.829832077026367,22.367372512817383,21.7484188079834,21.526376724243164,21.353307723999023,21.55553436279297,22.371253967285156,22.553003311157227,21.36261558532715,20.1635799407959,19.868202209472656,20.21950912475586,20.47827911376953,19.944812774658203,18.387901306152344,17.276931762695312,17.606285095214844,17.992277145385742,16.707124710083008,13.753059387207031,10.961199760437012,9.52660083770752,8.999719619750977,8.520180702209473,8.105691909790039,7.867532253265381,7.7003173828125,7.446349620819092,7.301084041595459,7.369168281555176,7.497007369995117,7.594347953796387,7.403726577758789,6.992612838745117,6.411550521850586
