data/wind_data/wind_21_4.json
{"header": {"parameterUnit": "KT", "parameterCategory": 2, "nx": 256, "ny": 198, "lo1": 44.73521041870117, "la1": -3.236724853515625, "lo2": 111.26478576660156, "la2": 43.468475341796875, "dx": 0.2609002888202667, "dy": -0.23708222806453705, "refTime": "2025-02-19 21:00:00", "forecastTime": 0, "parameterNumber": 2, "parameterNumberName": "eastward_wind"}, "data":
[rows 171 to 189 of 198, columns 132 to 175 of 256]
12.280455589294434,12.45894718170166,12.849944114685059,13.06273078918457,13.378267288208008,13.851187705993652,13.93030071258545,13.277746200561523,12.104940414428711,11.139893531799316,11.189921379089355,11.994359970092773,12.679925918579102,13.046112060546875,13.279435157775879,13.033066749572754,12.149470329284668,11.532256126403809,11.536538124084473,11.54560375213623,11.45547103881836,11.602261543273926,12.081080436706543,12.81148910522461,14.023005485534668,15.573601722717285,16.667102813720703,17.56127166748047,18.279788970947266,18.99785804748535,19.703197479248047,20.81498146057129,22.986888885498047,24.931089401245117,24.743032455444336,24.052387237548828,25.27687644958496,27.086746215820312,29.416236877441406,30.615129470825195,27.891279220581055,24.124462127685547,25.1595458984375,26.718849182128906
12.704437255859375,12.968605995178223,13.228928565979004,13.481657981872559,13.802908897399902,14.116934776306152,13.944396018981934,13.12735652923584,12.0570650100708,11.296709060668945,11.301823616027832,11.90378189086914,12.483535766601562,12.846308708190918,13.109609603881836,13.20345687866211,13.050270080566406,13.001065254211426,12.944779396057129,12.742432594299316,12.724875450134277,13.037786483764648,13.517927169799805,14.00750732421875,14.806668281555176,16.242666244506836,16.79738998413086,16.909547805786133,18.334653854370117,19.913599014282227,20.184734344482422,19.304723739624023,18.451862335205078,18.564443588256836,19.229463577270508,20.961774826049805,23.461450576782227,25.619359970092773,28.44123077392578,29.79015350341797,27.65128517150879,26.62135887145996,28.39029884338379,30.432254791259766
12.434416770935059,12.835314750671387,13.261091232299805,13.992650032043457,14.734947204589844,14.983464241027832,14.455757141113281,13.455029487609863,12.459427833557129,11.870367050170898,11.816568374633789,12.250370025634766,12.759490013122559,13.034339904785156,13.34697151184082,13.853371620178223,14.276369094848633,14.459698677062988,14.484718322753906,14.621399879455566,15.084324836730957,15.683911323547363,16.163869857788086,16.37874412536621,16.76460075378418,17.31515884399414,17.289936065673828,17.311677932739258,18.345388412475586,19.917184829711914,20.56879234313965,19.108787536621094,16.3903865814209,14.626216888427734,15.423782348632812,18.729116439819336,22.512928009033203,25.221670150756836,27.447452545166016,28.72261619567871,28.501686096191406,28.159278869628906,29.374570846557617,30.839136123657227
12.828255653381348,13.439689636230469,13.869672775268555,14.663127899169922,15.654306411743164,16.013769149780273,15.37191390991211,14.274412155151367,13.372206687927246,12.902971267700195,12.794514656066895,13.028564453125,13.447797775268555,13.860318183898926,14.40972900390625,15.097686767578125,15.609094619750977,15.747218132019043,15.832247734069824,16.284292221069336,17.175447463989258,18.106433868408203,18.483659744262695,18.344221115112305,18.216203689575195,18.20201873779297,17.97525405883789,18.01021385192871,18.828624725341797,19.876785278320312,19.875566482543945,18.430036544799805,16.2127628326416,14.815885543823242,15.399914741516113,17.65660285949707,20.183948516845703,22.274938583374023,24.134614944458008,25.911069869995117,27.636003494262695,28.87635040283203,29.640090942382812,30.587265014648438
13.592374801635742,14.297414779663086,14.832234382629395,15.545075416564941,16.45365333557129,16.848247528076172,16.335731506347656,15.453879356384277,14.772205352783203,14.238444328308105,13.93226432800293,14.015310287475586,14.513513565063477,15.33824348449707,16.319581985473633,17.053136825561523,17.291473388671875,17.1152400970459,16.940908432006836,17.35284996032715,18.41659927368164,19.357398986816406,19.486717224121094,19.189571380615234,19.00835418701172,18.764801025390625,18.27721405029297,18.033531188964844,18.2979679107666,18.47772979736328,17.918405532836914,16.922658920288086,16.143728256225586,16.127246856689453,16.92404556274414,18.21214485168457,19.590492248535156,20.757488250732422,21.832948684692383,23.061933517456055,24.702383041381836,26.78474998474121,28.84710121154785,30.352079391479492
14.864809036254883,15.462295532226562,16.098371505737305,16.613574981689453,17.121355056762695,17.40829849243164,17.150169372558594,16.64269256591797,16.17234230041504,15.463624954223633,14.935476303100586,15.101584434509277,15.879901885986328,17.005882263183594,18.221487045288086,19.079803466796875,19.293664932250977,18.896352767944336,18.355587005615234,18.493867874145508,19.213212966918945,19.62468147277832,19.54603385925293,19.536266326904297,19.560632705688477,18.733579635620117,17.211278915405273,15.966964721679688,15.427488327026367,15.352636337280273,15.524738311767578,15.768106460571289,16.221405029296875,17.07844352722168,18.126935958862305,19.151742935180664,20.119075775146484,21.034976959228516,21.825227737426758,22.799455642700195,24.246339797973633,26.23886489868164,28.395713806152344,30.13478660583496
16.023517608642578,16.539066314697266,17.035717010498047,17.22264289855957,17.29506492614746,17.396724700927734,17.321514129638672,17.096811294555664,16.7843074798584,16.184280395507812,15.806164741516113,16.204328536987305,17.233461380004883,18.4505615234375,19.55731201171875,20.360191345214844,20.741090774536133,20.61252784729004,20.041807174682617,19.611785888671875,19.685155868530273,19.78308868408203,19.710779190063477,19.422351837158203,18.431747436523438,16.302839279174805,13.878279685974121,12.488354682922363,12.575236320495605,13.695659637451172,15.035886764526367,16.15213394165039,17.065174102783203,17.938684463500977,18.78215789794922,19.59559440612793,20.66290283203125,21.7211856842041,22.570362091064453,23.507314682006836,24.864795684814453,26.516048431396484,28.190919876098633,29.717336654663086
16.963939666748047,17.287511825561523,17.348857879638672,17.164762496948242,16.91494369506836,16.799509048461914,16.78632926940918,16.780122756958008,16.728811264038086,16.60939598083496,16.740055084228516,17.360904693603516,18.31951141357422,19.32049560546875,20.20214080810547,20.941089630126953,21.45801544189453,21.5311279296875,21.04602813720703,20.46370506286621,20.27173614501953,19.97866439819336,19.040517807006836,17.341100692749023,15.04166030883789,12.604008674621582,11.080904006958008,11.14603042602539,12.488286972045898,14.371354103088379,16.093109130859375,17.381948471069336,18.245546340942383,18.846399307250977,19.378463745117188,20.28868865966797,21.61756134033203,22.801713943481445,23.588167190551758,24.489870071411133,25.857446670532227,27.189781188964844,28.181203842163086,29.062236785888672
16.97756004333496,17.226146697998047,17.07617950439453,16.831363677978516,16.541955947875977,16.413387298583984,16.511112213134766,16.630657196044922,16.710193634033203,16.93145751953125,17.453840255737305,18.1370906829834,18.830787658691406,19.596189498901367,20.3723087310791,20.993398666381836,21.464101791381836,21.628461837768555,21.312183380126953,20.80253028869629,20.115957260131836,18.704055786132812,16.501087188720703,14.047006607055664,11.918110847473145,10.844030380249023,11.262946128845215,12.720991134643555,14.34768009185791,15.798677444458008,17.080177307128906,18.160938262939453,18.98596954345703,19.56878089904785,20.314380645751953,21.519569396972656,22.866321563720703,23.869905471801758,24.581769943237305,25.558582305908203,26.91766357421875,28.232040405273438,29.118831634521484,29.47637939453125
16.105836868286133,16.695812225341797,16.86747169494629,16.91190528869629,16.841108322143555,16.859094619750977,17.07891082763672,17.194183349609375,17.132965087890625,17.27960968017578,17.78757667541504,18.437101364135742,19.131153106689453,19.748184204101562,20.084814071655273,20.42112159729004,20.883920669555664,20.92701530456543,20.472442626953125,19.674591064453125,17.961027145385742,15.445721626281738,13.247061729431152,11.873800277709961,11.40638542175293,11.888151168823242,13.169852256774902,14.826069831848145,16.344161987304688,17.55046272277832,18.431400299072266,19.127460479736328,19.760635375976562,20.560749053955078,21.599609375,22.717025756835938,23.688173294067383,24.478206634521484,25.315528869628906,26.324804306030273,27.427431106567383,28.515445709228516,29.398357391357422,29.630725860595703
15.965096473693848,16.954978942871094,17.466249465942383,17.56624412536621,17.279037475585938,17.125696182250977,17.4893741607666,17.872272491455078,17.837738037109375,17.766443252563477,18.045001983642578,18.566192626953125,19.003604888916016,19.128997802734375,19.299423217773438,19.764785766601562,19.95514488220215,19.51955223083496,18.557035446166992,16.730806350708008,14.151216506958008,12.283690452575684,11.738086700439453,11.99254035949707,12.650496482849121,13.73060417175293,15.232378005981445,16.863248825073242,18.238542556762695,19.259544372558594,20.013700485229492,20.53250503540039,21.082605361938477,21.86699104309082,22.826648712158203,23.71255874633789,24.465063095092773,25.261152267456055,26.07815170288086,26.777008056640625,27.359434127807617,27.882638931274414,28.23823356628418,28.045879364013672
14.137530326843262,15.671168327331543,16.151147842407227,15.943449020385742,15.636902809143066,15.66804313659668,16.291074752807617,16.99372673034668,17.278263092041016,17.329069137573242,17.392711639404297,17.518762588500977,17.677959442138672,18.075233459472656,18.74561882019043,18.90131378173828,18.27696418762207,17.343976974487305,15.783979415893555,13.51926040649414,12.132877349853516,12.206058502197266,12.854987144470215,13.54491138458252,14.406248092651367,15.588122367858887,17.051923751831055,18.496286392211914,19.72979736328125,20.646398544311523,21.20970916748047,21.708234786987305,22.336288452148438,23.09929847717285,23.885099411010742,24.66646957397461,25.569721221923828,26.480403900146484,26.91402816772461,26.93549919128418,26.835796356201172,26.57855987548828,26.052845001220703,25.15926742553711
10.638859748840332,12.776090621948242,13.613863945007324,13.581563949584961,13.545698165893555,13.956707954406738,14.682193756103516,15.269227027893066,15.46924114227295,15.398456573486328,15.482780456542969,15.927825927734375,16.729055404663086,17.77196502685547,18.280765533447266,17.736812591552734,16.718381881713867,15.41136646270752,13.718768119812012,12.68663501739502,13.030106544494629,14.084888458251953,14.86125373840332,15.296607971191406,15.866096496582031,16.805891036987305,18.027347564697266,19.356067657470703,20.613252639770508,21.56279182434082,22.197574615478516,22.698867797851562,23.264646530151367,23.933820724487305,24.739700317382812,25.797054290771484,26.942411422729492,27.6812686920166,27.580142974853516,27.01651382446289,26.364107131958008,25.425630569458008,24.133682250976562,22.43999671936035
8.78475570678711,10.049034118652344,11.4476318359375,12.241790771484375,12.918062210083008,14.03559398651123,14.846588134765625,14.864413261413574,14.508273124694824,14.413756370544434,14.96049976348877,15.920056343078613,16.99082374572754,17.707538604736328,17.415069580078125,16.650787353515625,15.876443862915039,14.868278503417969,13.995401382446289,13.871236801147461,14.615706443786621,15.898107528686523,16.712158203125,16.82892417907715,17.08580780029297,17.93889808654785,19.175601959228516,20.34735107421875,21.325332641601562,22.235328674316406,23.06623649597168,23.709630966186523,24.3094425201416,25.10948944091797,26.310258865356445,27.5421199798584,28.24146270751953,28.201921463012695,27.62311363220215,26.948108673095703,26.128780364990234,24.744997024536133,22.546342849731445,19.780094146728516
8.694698333740234,9.557894706726074,10.2661714553833,11.305828094482422,12.84209156036377,14.593864440917969,15.804157257080078,16.047582626342773,15.596858978271484,15.406731605529785,15.874923706054688,16.680570602416992,17.349966049194336,17.299654006958008,16.63263511657715,16.274560928344727,16.176448822021484,15.845534324645996,15.413101196289062,15.360544204711914,15.85666275024414,16.486461639404297,16.978857040405273,17.540376663208008,18.516136169433594,19.813737869262695,20.961528778076172,21.701061248779297,22.187021255493164,22.953899383544922,24.132944107055664,25.39052963256836,26.583690643310547,27.93903923034668,29.121990203857422,29.519733428955078,28.920745849609375,27.930309295654297,27.176212310791016,26.620817184448242,25.88613510131836,24.260242462158203,21.14594841003418,17.448057174682617
9.908636093139648,10.597819328308105,10.640456199645996,10.531845092773438,11.581229209899902,13.280750274658203,14.845870971679688,16.00033950805664,16.659456253051758,16.92486572265625,17.08316993713379,17.07456398010254,16.85080909729004,16.521526336669922,16.41272735595703,16.695585250854492,16.983551025390625,16.77947998046875,16.099699020385742,15.648021697998047,16.012453079223633,17.028568267822266,18.26025390625,19.471059799194336,20.70172119140625,21.838748931884766,22.551513671875,22.86554718017578,23.444496154785156,24.76079559326172,26.540210723876953,28.297569274902344,29.856157302856445,30.905418395996094,31.13425636291504,30.39214324951172,28.733163833618164,27.31376838684082,26.626863479614258,26.19849967956543,25.294879913330078,22.79912757873535,18.784448623657227,15.496528625488281
11.077190399169922,11.217650413513184,12.639922142028809,13.964423179626465,14.951292037963867,14.931212425231934,14.803873062133789,15.025229454040527,15.697386741638184,16.213953018188477,16.21385955810547,16.098461151123047,16.273746490478516,16.6103458404541,17.124094009399414,17.788179397583008,18.278963088989258,18.1308536529541,17.423492431640625,17.171064376831055,17.903043746948242,19.124309539794922,20.275245666503906,21.293941497802734,22.26529312133789,23.06740379333496,23.548892974853516,24.120437622070312,25.47255516052246,27.473569869995117,29.417926788330078,30.789854049682617,31.382797241210938,31.19321060180664,30.555191040039062,29.238162994384766,27.481985092163086,26.18171501159668,25.427886962890625,24.585399627685547,22.494264602661133,18.948938369750977,15.82785415649414,14.998604774475098
10.914220809936523,11.843910217285156,12.759186744689941,12.114160537719727,12.202488899230957,13.489764213562012,14.298663139343262,14.76512336730957,15.495609283447266,15.770276069641113,15.349438667297363,15.29391860961914,16.006912231445312,16.97072982788086,17.91743278503418,18.80193519592285,19.437862396240234,19.44300651550293,19.13961410522461,19.368759155273438,20.245235443115234,21.131000518798828,21.77548599243164,22.46819496154785,23.73276138305664,25.11106300354004,25.577848434448242,26.30480194091797,27.933666229248047,29.53474998474121,30.321645736694336,30.185800552368164,29.69778823852539,29.096237182617188,28.229999542236328,26.76865005493164,25.2210750579834,23.96502113342285,22.522417068481445,20.29532814025879,16.8170166015625,13.98585033416748,14.117462158203125,16.035995483398438
11.164595603942871,11.893769264221191,13.129080772399902,15.654860496520996,12.962394714355469,9.792791366577148,11.554784774780273,13.716670989990234,15.106201171875,16.044389724731445,16.50238800048828,16.708940505981445,17.60902214050293,18.600261688232422,19.39088249206543,20.153858184814453,20.988393783569336,21.191631317138672,20.98875617980957,21.43889045715332,22.544422149658203,23.642635345458984,24.603979110717773,26.106746673583984,27.857114791870117,28.367773056030273,28.310014724731445,29.098352432250977,29.627689361572266,29.510482788085938,28.816511154174805,28.098690032958984,27.901729583740234,27.75538444519043,26.68642234802246,24.653457641601562,22.505962371826172,20.866275787353516,19.2967529296875,16.30232048034668,12.918204307556152,12.033872604370117,14.10176944732666,17.07732391357422
