data/wind_data/wind_57_8.json
{"header": {"parameterUnit": "KT", "parameterCategory": 2, "nx": 256, "ny": 198, "lo1": 44.73521041870117, "la1": -3.236724853515625, "lo2": 111.26478576660156, "la2": 43.468475341796875, "dx": 0.2609002888202667, "dy": -0.23708222806453705, "refTime": "2025-02-21 09:00:00", "forecastTime": 0, "parameterNumber": 2, "parameterNumberName": "eastward_wind"}, "data":
[rows 133 to 151 of 198, columns 176 to 219 of 256]
42.0653190612793,40.37158203125,39.25282287597656,38.59492111206055,37.228004455566406,36.28923416137695,38.32822036743164,41.3538818359375,42.208656311035156,41.73587417602539,41.36457443237305,41.26601028442383,41.82438278198242,43.267845153808594,45.4861946105957,48.22476577758789,48.56122589111328,44.76063537597656,41.350067138671875,41.440345764160156,43.124454498291016,43.969512939453125,43.77339553833008,43.35808181762695,43.57012939453125,45.268226623535156,47.82699203491211,48.40095138549805,47.031410217285156,46.7084846496582,48.41654968261719,48.796722412109375,46.444984436035156,44.847816467285156,44.28631591796875,43.63967514038086,43.11210632324219,42.4686393737793,41.98933029174805,41.64530944824219,39.658390045166016,35.75042724609375,33.54669189453125,35.617374420166016
40.88774871826172,40.77138900756836,38.63782501220703,35.41925048828125,33.889522552490234,35.04258346557617,38.17828369140625,40.805240631103516,41.79230499267578,42.77320098876953,44.018863677978516,44.13449478149414,43.3852653503418,43.158226013183594,44.214447021484375,47.1646614074707,49.79814529418945,48.19158935546875,44.5283088684082,42.86536407470703,43.21751403808594,43.38214111328125,42.87913513183594,42.62339401245117,43.97549819946289,46.903778076171875,48.11825942993164,45.992637634277344,44.3463134765625,45.11949920654297,46.482669830322266,46.58616256713867,44.0656852722168,41.95643615722656,42.305885314941406,43.29060363769531,43.61690902709961,43.3411865234375,42.851524353027344,42.30661392211914,40.46179962158203,37.07324981689453,35.705379486083984,37.857025146484375
38.65606689453125,40.68632888793945,41.13822555541992,38.76069259643555,35.810848236083984,35.401466369628906,38.380802154541016,42.18232727050781,44.06428527832031,44.7972412109375,45.595848083496094,45.98811340332031,44.893409729003906,43.20304489135742,43.07122802734375,45.212425231933594,48.009063720703125,48.9554443359375,47.09744644165039,44.69138717651367,43.92911148071289,43.86649703979492,43.44990539550781,43.72164535522461,45.37172317504883,46.034080505371094,44.144832611083984,41.872650146484375,41.240970611572266,42.411956787109375,44.04399490356445,43.68647384643555,41.26382064819336,40.222110748291016,42.368831634521484,44.43229675292969,44.583316802978516,44.16022872924805,43.52188491821289,42.31420135498047,40.20589828491211,38.270912170410156,38.260162353515625,40.13470458984375
38.501617431640625,39.94578170776367,41.90081024169922,42.198646545410156,39.571407318115234,36.4890022277832,36.87621307373047,41.26543426513672,45.288875579833984,46.789215087890625,46.29691696166992,45.03472900390625,43.052276611328125,41.114009857177734,41.08423614501953,43.149810791015625,45.84353256225586,47.77217483520508,47.8139533996582,46.553260803222656,45.72581481933594,45.177032470703125,45.00362777709961,46.18428039550781,46.0538444519043,43.509002685546875,41.216346740722656,41.18873596191406,41.51696014404297,42.41614532470703,44.157981872558594,44.03582763671875,41.79472732543945,40.32514190673828,42.8323974609375,46.218711853027344,46.70589065551758,45.56370544433594,44.564430236816406,43.016483306884766,41.50761413574219,41.81779861450195,42.42539596557617,42.23888397216797
39.853145599365234,40.88286590576172,42.92232131958008,43.49818420410156,40.759178161621094,36.7000732421875,35.69047927856445,39.416160583496094,43.912437438964844,46.96216583251953,46.9752197265625,44.35150146484375,40.84407424926758,38.29034423828125,38.51913833618164,41.49024963378906,44.6922607421875,46.3995246887207,46.7978630065918,46.751708984375,46.610130310058594,46.03061294555664,46.17631530761719,46.325599670410156,44.2021598815918,41.44338607788086,41.38119888305664,43.12379455566406,43.45676803588867,43.56245803833008,45.45326232910156,46.13540267944336,43.198402404785156,40.44606399536133,42.69669723510742,47.32573699951172,48.70489501953125,47.20957946777344,45.84245681762695,44.31819152832031,43.13479995727539,44.23020553588867,45.85187530517578,45.28672409057617
42.109832763671875,43.50651168823242,44.144615173339844,43.36814498901367,40.17228317260742,36.39731979370117,36.270328521728516,40.23660659790039,44.31651306152344,46.12036895751953,45.69223403930664,43.674720764160156,40.83351516723633,38.18564987182617,37.86237716674805,40.37934112548828,43.45053482055664,44.94381332397461,45.19401168823242,45.65665054321289,46.08416748046875,45.738155364990234,44.97910690307617,43.44219970703125,41.516475677490234,41.122440338134766,42.21746826171875,43.269020080566406,43.95606231689453,45.264678955078125,46.024864196777344,45.05999755859375,42.969268798828125,42.100013732910156,44.2679328918457,47.56327438354492,48.295291900634766,46.9962158203125,45.65427017211914,44.67613220214844,44.2490348815918,44.62303161621094,45.77775192260742,46.64567565917969
44.89808654785156,45.25117874145508,44.687015533447266,43.02239990234375,39.74186325073242,36.72811508178711,36.76268005371094,40.826255798339844,45.078346252441406,45.47901916503906,43.773712158203125,41.77752685546875,39.924278259277344,38.15736389160156,37.60464859008789,38.94919204711914,40.95039749145508,42.23509216308594,43.153255462646484,44.78307342529297,46.402427673339844,45.718467712402344,44.16508102416992,42.3803825378418,42.219486236572266,43.042633056640625,42.72655487060547,41.72719955444336,42.03478240966797,44.75111770629883,45.4260139465332,43.37336349487305,42.05495071411133,42.623531341552734,44.16616439819336,45.661865234375,46.575958251953125,46.745765686035156,45.582271575927734,43.83762741088867,43.03359603881836,42.964542388916016,43.520755767822266,44.941383361816406
45.64527130126953,45.76881790161133,44.98884201049805,43.49518966674805,40.74000549316406,37.48908615112305,36.51531982421875,40.25789260864258,44.423091888427734,45.397830963134766,43.27012252807617,39.67523193359375,37.0501823425293,36.30859375,36.772430419921875,36.91273880004883,37.12887191772461,38.81462478637695,42.032440185546875,44.857818603515625,46.521793365478516,46.10698699951172,44.59640121459961,43.87799072265625,43.63071060180664,43.86141586303711,42.405025482177734,40.401676177978516,40.122535705566406,41.39085006713867,42.30000305175781,43.165672302246094,44.22714614868164,44.35641860961914,44.17253112792969,45.24378967285156,47.305572509765625,48.44029998779297,46.81637191772461,43.748043060302734,42.08006286621094,42.262203216552734,42.737586975097656,42.46826171875
46.27037048339844,46.51249694824219,45.68351745605469,44.27591323852539,41.69310760498047,38.03839111328125,36.50661849975586,39.23588943481445,43.28996276855469,45.434444427490234,43.42670822143555,39.26388931274414,35.95115661621094,35.47157287597656,35.645320892333984,34.6380615234375,35.04477310180664,38.114681243896484,42.0693473815918,44.287044525146484,45.12862014770508,46.01045227050781,45.5875244140625,44.313690185546875,43.84514236450195,42.91687774658203,41.6987190246582,39.837615966796875,38.125953674316406,37.97800827026367,40.49564743041992,45.15143966674805,47.99150085449219,47.0079345703125,45.7159538269043,46.93294143676758,49.10685729980469,49.59217071533203,47.46510696411133,44.20497131347656,42.37839126586914,43.01231002807617,43.44309997558594,40.7869873046875
47.2933349609375,47.712039947509766,46.76841354370117,44.83945846557617,41.938114166259766,38.665916442871094,37.34250259399414,39.603702545166016,42.776756286621094,45.31590270996094,44.38642120361328,40.783260345458984,36.73838806152344,34.585384368896484,35.67911148071289,35.96441650390625,35.636653900146484,37.36016845703125,40.793338775634766,43.78336715698242,45.45961380004883,46.06483840942383,44.9463005065918,42.733577728271484,41.913116455078125,41.40739440917969,40.58891296386719,39.76143264770508,38.90724182128906,39.42732238769531,42.43556594848633,46.5269660949707,48.08457946777344,46.67835235595703,45.94322204589844,47.28866958618164,48.580665588378906,48.33391571044922,46.55441665649414,43.97768783569336,42.636566162109375,43.37484359741211,42.95670700073242,39.03593826293945
47.0887336730957,47.49393081665039,46.5491943359375,44.138240814208984,41.47794723510742,39.718231201171875,39.331077575683594,41.023841857910156,43.69889831542969,45.506412506103516,44.854488372802734,41.098628997802734,36.047142028808594,34.703670501708984,36.6070442199707,37.57178497314453,36.7761116027832,37.221622467041016,40.223628997802734,43.64229965209961,45.56915283203125,45.07452392578125,42.8906135559082,40.54242706298828,39.56587600708008,39.814109802246094,40.074981689453125,40.00987243652344,40.18971633911133,41.30934143066406,43.293296813964844,45.23589324951172,45.84373474121094,45.412384033203125,45.37643051147461,45.86515808105469,46.24021911621094,46.369571685791016,45.398189544677734,43.043724060058594,41.381614685058594,41.4185676574707,40.11908721923828,37.12409591674805
45.662376403808594,45.93458938598633,45.21256637573242,43.310516357421875,41.62970733642578,40.900169372558594,40.97578430175781,41.39580535888672,42.90144729614258,44.02898406982422,42.64442443847656,39.6193733215332,36.55511474609375,35.64470291137695,36.61163330078125,37.32093048095703,37.72218704223633,38.9681510925293,41.3433723449707,43.37834548950195,43.65510940551758,42.14223098754883,40.54596710205078,39.55622100830078,39.178863525390625,39.56837844848633,39.57143783569336,39.625511169433594,40.557373046875,41.69989776611328,42.7264404296875,44.22663497924805,45.6293830871582,45.89736557006836,45.32447052001953,44.85844039916992,45.08061599731445,45.59471130371094,44.7883415222168,42.21930694580078,40.19688034057617,39.349910736083984,38.06240463256836,36.800777435302734
44.23979568481445,44.53318786621094,44.302154541015625,43.1589241027832,41.9163703918457,41.274024963378906,40.64983367919922,39.410072326660156,39.536033630371094,40.61228561401367,41.285987854003906,39.18880081176758,36.53491973876953,35.79646301269531,36.858314514160156,38.7509651184082,39.774383544921875,40.05023956298828,40.81919479370117,41.498538970947266,41.342681884765625,40.248592376708984,40.112918853759766,40.20915603637695,39.789615631103516,39.79208755493164,40.6468620300293,41.72199249267578,41.35862731933594,40.564998626708984,41.44721603393555,44.056793212890625,46.04029083251953,46.03458786010742,45.06878662109375,44.585960388183594,44.937374114990234,45.35685729980469,44.56517791748047,42.880496978759766,41.43149185180664,39.637508392333984,37.54738998413086,37.236412048339844
42.94699478149414,43.97319793701172,43.914459228515625,43.08336639404297,42.11874771118164,41.130096435546875,40.159629821777344,37.96361541748047,37.157447814941406,38.82901382446289,40.56816482543945,40.12718200683594,38.20140075683594,37.362483978271484,37.90983200073242,38.83338928222656,39.54144287109375,40.709510803222656,41.90052795410156,41.70033645629883,40.34270477294922,39.550758361816406,40.318050384521484,40.785282135009766,40.02250671386719,40.15763473510742,41.848262786865234,42.830631256103516,41.597900390625,40.16346740722656,40.800636291503906,43.157752990722656,44.956600189208984,44.82807540893555,43.80682373046875,43.516971588134766,44.34025955200195,44.96104431152344,44.40289306640625,43.077178955078125,41.35848617553711,39.27149963378906,37.95762634277344,38.85087203979492
42.9804573059082,44.281986236572266,44.511104583740234,43.66537857055664,42.64521789550781,41.68486404418945,40.18406677246094,38.68403625488281,37.98312759399414,39.075103759765625,41.04994583129883,41.3918571472168,40.684112548828125,39.31415939331055,38.392189025878906,38.052433013916016,39.252986907958984,41.79661178588867,42.51880645751953,40.90671157836914,39.082157135009766,39.11016082763672,39.89542770385742,40.303497314453125,40.82939147949219,41.79179000854492,42.26095962524414,41.61210250854492,40.378074645996094,39.653968811035156,40.03561782836914,41.258140563964844,42.16011047363281,41.86288833618164,40.939476013183594,41.15230178833008,43.003700256347656,44.421878814697266,43.50467300415039,41.13395309448242,39.32157516479492,38.91963195800781,39.852256774902344,41.66732406616211
43.86613082885742,44.96665573120117,45.07734298706055,43.94905471801758,42.359100341796875,41.13230514526367,40.2653923034668,39.899593353271484,39.81581115722656,40.56110763549805,41.98040771484375,42.009307861328125,41.77008819580078,40.726016998291016,38.666542053222656,37.539573669433594,38.63703536987305,41.07976531982422,42.362361907958984,41.2139778137207,39.513282775878906,39.62120056152344,40.62556076049805,40.759056091308594,40.15653610229492,39.9079475402832,39.83843994140625,39.11369705200195,37.93695831298828,37.17255401611328,37.14686584472656,37.68459701538086,38.57167053222656,39.20069122314453,39.50046157836914,40.40193557739258,42.11896514892578,42.2205696105957,39.08656692504883,36.0251350402832,36.9420280456543,40.76325607299805,43.1426887512207,44.10795593261719
44.03993225097656,43.64822769165039,42.69779968261719,41.128990173339844,39.275569915771484,38.602577209472656,39.53937530517578,40.83254623413086,41.0757942199707,40.99618911743164,40.26923751831055,39.92856216430664,40.45183563232422,40.359806060791016,39.578800201416016,37.74803924560547,36.87727737426758,38.746971130371094,41.096336364746094,41.85367202758789,41.22520065307617,40.20908737182617,39.624942779541016,38.888648986816406,37.599822998046875,36.696773529052734,36.64899826049805,37.044315338134766,37.176483154296875,36.73631286621094,36.116310119628906,36.30565643310547,37.66899871826172,39.34418487548828,40.578277587890625,41.18069839477539,40.84144973754883,37.917816162109375,33.59786605834961,32.81013870239258,37.85853576660156,44.08402633666992,46.50175476074219,45.81110763549805
41.986080169677734,40.208534240722656,38.864471435546875,37.61183166503906,36.810943603515625,37.851661682128906,39.896583557128906,41.213645935058594,40.86189651489258,39.05375289916992,37.3664436340332,37.152889251708984,38.63790512084961,39.484413146972656,38.619659423828125,37.70347595214844,37.484375,38.23408508300781,40.03137969970703,41.87778854370117,42.05326461791992,40.17280578613281,37.83601760864258,35.93166732788086,34.571109771728516,34.46160888671875,35.91862869262695,38.06658935546875,39.121368408203125,38.58098602294922,37.79795837402344,37.97060775756836,39.01739501953125,40.46857452392578,41.69593048095703,41.558998107910156,38.67631912231445,34.22091293334961,31.364004135131836,33.85311508178711,40.35170364379883,46.05955505371094,47.82221221923828,46.04826354980469
40.065067291259766,38.288177490234375,37.645450592041016,37.90533447265625,38.2601318359375,39.07891845703125,40.181758880615234,40.86198806762695,40.17128372192383,38.14460754394531,36.42698669433594,36.433250427246094,37.475093841552734,37.911895751953125,38.111610412597656,37.99158477783203,38.91496276855469,40.03364562988281,40.87510299682617,41.284210205078125,41.003013610839844,39.189701080322266,35.926109313964844,33.440006256103516,33.61625289916992,35.81205749511719,38.425010681152344,40.360198974609375,40.77317428588867,39.7665901184082,38.776885986328125,38.79317855834961,39.84246063232422,41.39101791381836,42.30791473388672,40.593589782714844,36.24728012084961,32.36963653564453,31.72900390625,35.91289520263672,42.18238830566406,46.33305358886719,47.265228271484375,45.69394302368164
