data/wind_data/wind_Surface_18.json
{"header": {"parameterUnit": "KT", "parameterCategory": 2, "nx": 255, "ny": 198, "lo1": 44.73521041870117, "la1": -3.236724853515625, "lo2": 111.26478576660156, "la2": 43.468475341796875, "dx": 0.26192745566368103, "dy": -0.23708222806453705, "refTime": "2025-02-19 18:00:00", "forecastTime": 0, "parameterNumber": 2, "parameterNumberName": "eastward_wind"}, "data":
[rows 38 to 56 of 198, columns 86 to 128 of 255]
-3.9253666400909424,-4.50281286239624,-4.942542552947998,-5.034847736358643,-4.662623882293701,-4.274714469909668,-4.494715213775635,-4.554579257965088,-4.457388877868652,-4.455767631530762,-4.004599571228027,-4.181713581085205,-4.464106559753418,-3.0092060565948486,-2.8669042587280273,-2.7275028228759766,-2.405489444732666,-2.1142797470092773,-1.640386939048767,-1.7112880945205688,-1.095164179801941,-0.7387858033180237,-0.14677107334136963,0.7818989753723145,1.77987802028656,2.248194456100464,2.4959192276000977,2.898711919784546,3.099616289138794,2.9487192630767822,2.731226682662964,2.6143219470977783,2.549525260925293,2.306936502456665,1.8513675928115845,1.2857143878936768,0.7113068699836731,0.4399026334285736,0.5315459370613098,0.4955824613571167,-0.6203943490982056,-2.228085994720459,-2.90126895904541
-4.634528636932373,-5.661139011383057,-5.520193576812744,-4.835932731628418,-3.8257837295532227,-3.328406810760498,-4.14205265045166,-4.381729602813721,-4.385005474090576,-4.330427169799805,-3.684330940246582,-3.22420597076416,-3.698033571243286,-2.606349468231201,-2.5275843143463135,-2.312039375305176,-1.6805869340896606,-1.1789063215255737,-0.8276464343070984,-0.7856872081756592,0.052727025002241135,0.13040882349014282,0.6695243120193481,1.3386505842208862,2.4647457599639893,3.1732301712036133,3.563565254211426,3.6522111892700195,3.598475694656372,3.283921957015991,2.7754809856414795,2.5031793117523193,2.4604127407073975,2.2657604217529297,1.9165107011795044,1.759790301322937,1.76646888256073,1.5718048810958862,1.4475107192993164,1.2627768516540527,-0.09791989624500275,-2.6412110328674316,-4.027961730957031
-5.409872531890869,-6.744625091552734,-6.1803412437438965,-4.714345455169678,-3.267867088317871,-2.770681858062744,-3.918854236602783,-4.083171367645264,-3.9701244831085205,-4.255430221557617,-3.608635902404785,-2.3480992317199707,-2.640218496322632,-2.9498178958892822,-2.5337026119232178,-2.0183322429656982,-1.4246577024459839,-0.582798182964325,-0.12217403948307037,-0.019087158143520355,0.49552521109580994,0.792151153087616,1.2477902173995972,1.7149604558944702,2.633911371231079,3.720418930053711,4.453208923339844,4.409587860107422,4.240777969360352,3.876361608505249,3.370635509490967,2.910815715789795,2.589571952819824,2.2845096588134766,1.9952372312545776,1.9632116556167603,2.3544769287109375,2.5682358741760254,2.2892258167266846,1.7192660570144653,0.4119800329208374,-2.7748653888702393,-5.072782039642334
-5.576162815093994,-6.939023494720459,-6.652172565460205,-4.771978855133057,-3.2809646129608154,-3.4072020053863525,-4.040235996246338,-3.6256885528564453,-2.6923060417175293,-2.777869462966919,-2.4924471378326416,-2.049468755722046,-2.073059320449829,-2.9536783695220947,-2.508387804031372,-1.2862404584884644,-1.0905895233154297,-0.2928992509841919,0.016106391325592995,0.6891553997993469,0.9423112273216248,1.0921103954315186,1.5207480192184448,2.277275323867798,3.222614288330078,4.166566371917725,5.055583477020264,4.974479675292969,4.715567111968994,4.3559064865112305,3.9047956466674805,3.4253571033477783,2.961611270904541,2.4911842346191406,2.1922004222869873,2.101593017578125,2.4882681369781494,3.125819444656372,2.8581817150115967,1.8699803352355957,0.651629626750946,-2.8266167640686035,-6.1091132164001465
-6.311014652252197,-7.378057956695557,-7.096374988555908,-4.92739200592041,-4.10085391998291,-4.38369607925415,-3.905348539352417,-4.001756191253662,-3.0583925247192383,-0.9828951358795166,-0.6502083539962769,-3.0177597999572754,-2.2642056941986084,-2.2625837326049805,-2.368440628051758,-0.6102796792984009,-0.4079836308956146,0.5446090698242188,0.6596890687942505,1.290521264076233,1.6547572612762451,1.9534510374069214,2.455230712890625,3.055332660675049,3.8783016204833984,4.705291748046875,5.298398494720459,5.224231243133545,4.990621089935303,4.7035441398620605,4.316884517669678,3.7894489765167236,3.240633010864258,2.6982247829437256,2.3925368785858154,2.2219197750091553,2.3998730182647705,3.112190008163452,3.366199254989624,3.0663602352142334,2.317862033843994,-1.7982736825942993,-6.756938457489014
-8.553095817565918,-8.257315635681152,-6.684065341949463,-5.1398701667785645,-4.487834930419922,-3.506049156188965,-3.677274465560913,-4.581852436065674,-4.0581440925598145,-1.7697480916976929,-1.6716318130493164,-3.4217193126678467,-1.9283400774002075,-1.936731219291687,-1.3110438585281372,-0.24904143810272217,0.1760079711675644,1.1250776052474976,1.2328402996063232,2.0338754653930664,2.466186285018921,3.1055757999420166,3.6455631256103516,4.155273914337158,4.684947967529297,5.074946880340576,5.4450883865356445,5.21302604675293,4.940118312835693,4.812872886657715,4.622488975524902,4.195367336273193,3.5836360454559326,3.0384020805358887,2.669135093688965,2.3468804359436035,2.3076179027557373,2.047635793685913,2.710498094558716,4.335453033447266,5.069859981536865,0.692499577999115,-7.062960624694824
-7.858480453491211,-6.848530292510986,-5.2864603996276855,-4.124340534210205,-3.5859503746032715,-2.041353464126587,-2.750969171524048,-4.25560188293457,-4.251535415649414,-3.292902708053589,-2.423068046569824,-2.511478900909424,-1.9831867218017578,-1.0019631385803223,-0.5773547291755676,-0.8095153570175171,0.9435415863990784,1.4279813766479492,1.5066202878952026,2.878708839416504,3.505079507827759,4.164083003997803,4.516857624053955,4.936324596405029,5.224478244781494,5.460470676422119,5.615131855010986,5.244720935821533,4.855373859405518,4.726063251495361,4.657238960266113,4.494045257568359,3.937164783477783,3.4976871013641357,2.832892417907715,2.592998504638672,1.3261330127716064,-1.7293219566345215,-0.6971243619918823,2.5833094120025635,4.8479766845703125,3.020059823989868,-6.905358791351318
-5.321710586547852,-4.892547607421875,-2.6653530597686768,-1.6441988945007324,-2.9305052757263184,-1.266676425933838,-1.3509535789489746,-3.558656930923462,-3.5956969261169434,-2.8662683963775635,-1.0373631715774536,-0.8529259562492371,-2.0175693035125732,-1.0577120780944824,-0.8719266653060913,-0.91964191198349,1.5505542755126953,1.6671485900878906,2.1330318450927734,3.652665853500366,4.386803150177002,4.760520935058594,4.76797342300415,5.243513584136963,5.422755718231201,5.591061115264893,5.509644508361816,5.182068824768066,5.010414123535156,4.872471809387207,4.6829328536987305,4.500472068786621,4.179066181182861,3.569627046585083,3.1242804527282715,1.9115430116653442,-1.858233094215393,-3.2268831729888916,-0.25562283396720886,4.265255928039551,5.600834846496582,3.4215924739837646,-6.9464921951293945
-3.0361452102661133,-1.9521763324737549,-1.5705760717391968,-1.0009989738464355,-2.173156261444092,-1.6107757091522217,-0.7345154881477356,-2.701205015182495,-2.986525774002075,-1.4486781358718872,0.7127368450164795,0.32673677802085876,-2.1349680423736572,-2.2659950256347656,-0.5723862051963806,0.32034438848495483,1.3583085536956787,2.9482123851776123,3.98112416267395,3.934382200241089,4.345157623291016,4.781761169433594,5.246498107910156,5.622851371765137,5.1866559982299805,5.51500940322876,5.248844623565674,4.903670310974121,5.0064778327941895,4.943338394165039,4.560039520263672,4.131798267364502,3.8951926231384277,3.4336349964141846,2.804696798324585,-0.14823654294013977,-3.254798650741577,-2.6045777797698975,0.7793172597885132,4.647553443908691,5.471006393432617,4.432756423950195,-4.7079362869262695
-1.7667310237884521,-0.851588785648346,-2.7228522300720215,-2.352529764175415,-1.9258272647857666,-1.8219727277755737,-0.9276705980300903,-2.0510194301605225,-2.581451416015625,-0.5462592840194702,0.5861985087394714,-0.8733952641487122,-1.1047041416168213,-0.6880220174789429,-0.12567394971847534,1.6345688104629517,2.9616634845733643,4.145509243011475,4.468054294586182,3.9001564979553223,4.192933082580566,4.886383533477783,5.440024375915527,5.451542377471924,5.073216438293457,5.194235324859619,5.161473274230957,4.85378360748291,4.656790733337402,4.535995960235596,3.9615137577056885,3.66261887550354,3.3112218379974365,3.303440809249878,1.9855232238769531,-3.107124090194702,-4.264308929443359,-1.7464041709899902,2.3403494358062744,4.372182846069336,4.986293315887451,3.8932316303253174,-4.361347675323486
-1.9740387201309204,-1.8567848205566406,-2.977574110031128,-1.918522834777832,-1.5517278909683228,-1.2588531970977783,-0.7028564810752869,-1.5002286434173584,-1.87248694896698,-0.4588714838027954,0.2337229698896408,-0.10089284926652908,-0.16420814394950867,-0.21338964998722076,0.7936091423034668,2.7811429500579834,4.603181838989258,4.934195518493652,4.362529277801514,4.012340068817139,4.627525806427002,4.997313499450684,5.3708648681640625,5.831521034240723,6.040542125701904,5.77613639831543,5.66926908493042,5.615750789642334,4.988550662994385,4.392141342163086,3.6606180667877197,3.449991226196289,3.0354533195495605,2.97480845451355,1.4378162622451782,-2.84494686126709,-3.637650728225708,-0.6441950798034668,1.9796059131622314,4.109424591064453,4.710165023803711,2.801698923110962,-2.638227939605713
-2.9498050212860107,-2.8869688510894775,-1.9721136093139648,-1.534878134727478,-1.1310709714889526,-0.5920941233634949,-0.2004668265581131,0.02803502045571804,-0.5430776476860046,-0.24436287581920624,0.7739372849464417,0.7478327751159668,0.5194236636161804,0.49728643894195557,1.9273658990859985,3.4808175563812256,4.773519515991211,5.652547836303711,4.861801624298096,4.2214484214782715,4.6177167892456055,5.08965539932251,5.497975826263428,5.915798187255859,6.29971170425415,6.150473594665527,5.967958450317383,6.089145183563232,6.051833629608154,5.570971488952637,4.676191806793213,4.031619548797607,2.9712600708007812,2.650502920150757,0.9417169094085693,-2.8690953254699707,-2.7002503871917725,-1.035879373550415,1.726474404335022,2.976888656616211,4.35975980758667,1.6651824712753296,-2.9303781986236572
-2.9700140953063965,-1.8120595216751099,-1.6159559488296509,-1.2279613018035889,-0.6128783226013184,-0.5842501521110535,0.014397920109331608,0.38939762115478516,0.38505443930625916,0.3653900623321533,1.0157161951065063,1.4586105346679688,1.4888660907745361,1.8433743715286255,2.4587693214416504,3.3536312580108643,4.312394618988037,5.635652542114258,6.122597694396973,5.856006622314453,5.536372184753418,5.4844489097595215,5.833866119384766,6.0570759773254395,6.517011642456055,6.6690802574157715,6.512514114379883,6.3430023193359375,6.202116966247559,5.921676158905029,5.536293029785156,4.839869022369385,3.6514344215393066,2.7639169692993164,0.4418046772480011,-2.2325565814971924,-3.235015869140625,-3.346203327178955,-1.0666391849517822,2.9742889404296875,4.2004475593566895,1.8483672142028809,-2.6894145011901855
-2.6392362117767334,-1.078138828277588,-1.8812010288238525,-0.7606349587440491,0.630636990070343,-1.118947982788086,0.3709108233451843,0.5577525496482849,0.526969313621521,0.72747403383255,1.1229338645935059,2.5318357944488525,2.366976261138916,2.8600761890411377,3.4077093601226807,3.8387677669525146,4.4310994148254395,5.538509845733643,6.377068042755127,6.595901012420654,6.348136901855469,6.053814888000488,6.1393327713012695,5.972173690795898,6.238458156585693,7.183048725128174,7.451247215270996,6.8736042976379395,6.235053062438965,5.640248775482178,5.456469535827637,4.728684425354004,4.630084037780762,3.325495481491089,-1.734891414642334,-3.139955520629883,-3.4127438068389893,-5.132741928100586,-3.139631986618042,2.191505193710327,4.179993152618408,0.9819455146789551,-3.365509033203125
-2.5452024936676025,-2.4239907264709473,-2.357858419418335,-1.3439903259277344,-0.019772812724113464,-1.2686551809310913,0.1324167251586914,0.462193101644516,0.6886000633239746,1.5288424491882324,1.281658411026001,2.6918797492980957,3.4202144145965576,3.884061336517334,3.9029951095581055,4.746282577514648,5.388761520385742,5.354565143585205,5.7351765632629395,6.1696014404296875,6.69917106628418,6.716578006744385,6.120147228240967,6.063534736633301,6.592326641082764,7.295367240905762,7.5410284996032715,7.266840934753418,6.943789482116699,5.919134616851807,5.550333499908447,4.858275413513184,5.648578643798828,4.994065284729004,-1.2014580965042114,-3.6095073223114014,-2.8294355869293213,-2.612229347229004,-1.6916532516479492,0.8818608522415161,2.164304256439209,-0.5280567407608032,-3.9023866653442383
-4.03424072265625,-3.925477981567383,-2.6676113605499268,-2.401677370071411,-1.852285623550415,-0.2764465808868408,-0.12870247662067413,0.08439657837152481,1.1053030490875244,1.0194352865219116,1.7714416980743408,2.889669418334961,3.8987221717834473,4.04612398147583,3.6087801456451416,4.472005844116211,5.117963790893555,5.651397705078125,5.8722405433654785,6.300802707672119,6.457848072052002,6.264359951019287,6.339923858642578,6.501097202301025,7.156471252441406,7.523169994354248,7.299674034118652,7.464048385620117,8.035588264465332,7.694533824920654,6.275285720825195,5.704188823699951,7.710029125213623,5.474630355834961,-0.8739320039749146,-1.4878283739089966,1.338849663734436,2.008054256439209,2.052002429962158,1.6193649768829346,0.2308560162782669,-1.9253733158111572,-3.650383472442627
-4.301272392272949,-3.7665855884552,-2.8122665882110596,-2.2679262161254883,-1.484930157661438,-1.03067946434021,0.038131359964609146,0.6148387789726257,0.9006392955780029,0.8486778140068054,2.0361838340759277,3.0527005195617676,2.2884132862091064,3.092576026916504,4.100432395935059,4.78516960144043,5.406560897827148,6.067038536071777,6.431071758270264,6.247647762298584,6.053567409515381,6.328151702880859,6.5882697105407715,6.386955738067627,7.0852460861206055,7.943299770355225,7.055032253265381,7.160133361816406,8.250608444213867,7.71502685546875,7.237270355224609,7.120087623596191,4.915188789367676,-0.3238065540790558,-1.8816454410552979,0.2934124171733856,2.3948402404785156,2.7039780616760254,3.0574915409088135,3.89054274559021,0.3251390755176544,-3.881737470626831,-4.6203837394714355
-4.3196587562561035,-2.519474744796753,-2.107365608215332,-2.794732093811035,-1.6491001844406128,-0.8939145803451538,-0.6276973485946655,0.001247707405127585,0.940538227558136,0.7922237515449524,1.5767892599105835,2.062891960144043,1.984000563621521,3.3035826683044434,4.260572910308838,5.513247013092041,6.203794002532959,6.2906084060668945,6.59650182723999,6.6881103515625,6.6779985427856445,6.59484338760376,6.795909881591797,6.90076208114624,7.040549278259277,7.353497505187988,7.112444877624512,7.219398021697998,7.037485599517822,5.961258888244629,6.246296405792236,5.660220623016357,1.7152730226516724,-0.7990552186965942,1.3066831827163696,3.0163729190826416,2.6038060188293457,4.268680572509766,3.621511936187744,2.156787872314453,-3.059211254119873,-6.88953161239624,-6.356667995452881
-3.6938366889953613,-2.653867483139038,-2.3320939540863037,-2.0014612674713135,-1.4009082317352295,-0.6548475027084351,-0.6915858387947083,-0.11019361764192581,0.31878799200057983,0.7174527645111084,1.0729926824569702,1.1923580169677734,2.3316569328308105,3.3039681911468506,4.096686363220215,5.375792503356934,6.427516460418701,6.8589277267456055,7.290567874908447,7.486208438873291,7.592981338500977,7.400350570678711,6.712592124938965,6.567994594573975,6.84010124206543,6.764316558837891,6.560951232910156,6.807075023651123,7.2853217124938965,6.790822505950928,6.213525772094727,4.268977642059326,3.5046133995056152,3.408973217010498,1.720181941986084,0.3228253126144409,0.027721505612134933,1.0920677185058594,1.1923521757125854,-0.33842650055885315,-3.853266716003418,-7.4023356437683105,-6.7400922775268555
