data/wind_data/wind_2025-02-21_14.json
{"header": {"parameterUnit": "KT", "parameterCategory": 2, "nx": 255, "ny": 198, "lo1": 44.73521041870117, "la1": -3.236724853515625, "lo2": 111.26478576660156, "la2": 43.468475341796875, "dx": 0.26192745566368103, "dy": -0.23708222806453705, "refTime": "2025-02-21 14:00:00", "forecastTime": 0, "parameterNumber": 2, "parameterNumberName": "eastward_wind"}, "data":
[rows 171 to 189 of 198, columns 43 to 85 of 255]
6.107511520385742,7.317508697509766,7.780513763427734,8.61641788482666,4.159560203552246,1.845098614692688,3.187826156616211,5.617515563964844,7.6202006340026855,6.0746307373046875,4.748646259307861,5.195875644683838,5.29492712020874,2.7460248470306396,-1.4197617769241333,-3.001349687576294,-3.553943157196045,-4.974222183227539,-5.251123428344727,-5.413863658905029,-5.4178595542907715,-6.827536106109619,-7.563244342803955,-8.040959358215332,-8.535414695739746,-9.541120529174805,-9.51924991607666,-8.872049331665039,-8.071944236755371,-7.549845218658447,-7.272850036621094,-6.935554027557373,-6.277491569519043,-5.1181721687316895,-3.823937177658081,-2.4438958168029785,-1.075819969177246,-0.21243008971214294,-1.486334204673767,-5.379279136657715,-9.517460823059082,-9.724066734313965,-8.838167190551758
5.649340629577637,6.988739490509033,8.49438190460205,7.893241882324219,4.531950950622559,3.3516645431518555,4.5297112464904785,7.111018657684326,7.599552154541016,5.276480197906494,4.605258941650391,5.396054267883301,5.1426615715026855,2.175105094909668,-1.9973564147949219,-3.848496198654175,-4.920309066772461,-5.499130725860596,-5.791769981384277,-6.0512847900390625,-5.8001885414123535,-6.463071823120117,-7.934290885925293,-8.16440486907959,-8.40389633178711,-8.635074615478516,-8.060572624206543,-7.537121295928955,-7.167448997497559,-6.988852500915527,-6.4880242347717285,-5.854746341705322,-5.4336957931518555,-4.632526874542236,-3.8893892765045166,-2.032017230987549,0.1616433560848236,1.8721463680267334,1.9718948602676392,-1.0959545373916626,-4.337413787841797,-7.78848123550415,-10.065434455871582
3.6791203022003174,4.849210262298584,6.025760173797607,6.070800304412842,5.550286769866943,5.8726277351379395,6.667223930358887,7.467142581939697,6.227264404296875,4.582518577575684,4.634225368499756,5.535179615020752,4.637472152709961,-0.12763303518295288,-3.860175848007202,-4.4263691902160645,-5.567248344421387,-6.195266246795654,-6.5485382080078125,-6.882043361663818,-7.1915693283081055,-7.75018835067749,-7.791172027587891,-7.7812652587890625,-7.758238315582275,-7.581405162811279,-7.398221969604492,-7.237619400024414,-7.1483306884765625,-6.937506198883057,-6.683583736419678,-6.55019474029541,-6.635980606079102,-6.463884353637695,-4.687515735626221,-1.0768901109695435,0.8854188323020935,1.2418937683105469,0.9723543524742126,-2.413670301437378,-4.224722385406494,-5.576054573059082,-7.7938127517700195
5.00577449798584,6.121955871582031,7.301002502441406,7.648649215698242,7.584585666656494,6.730980396270752,6.170990467071533,6.523862361907959,5.292574882507324,4.395986557006836,5.20243501663208,6.2211432456970215,4.052378177642822,-1.2260539531707764,-3.9680492877960205,-4.812342166900635,-5.736257076263428,-6.178426265716553,-6.5424699783325195,-6.021322250366211,-6.887275218963623,-7.032067775726318,-7.240439414978027,-7.378506183624268,-7.393570423126221,-7.4973320960998535,-7.628075122833252,-7.669094085693359,-7.729478359222412,-7.459428787231445,-7.48118257522583,-7.788305282592773,-7.13625955581665,-5.698383331298828,-3.3136801719665527,-2.153090000152588,-2.707834005355835,-2.74919056892395,-1.4428019523620605,-2.541433334350586,-3.863905191421509,-5.0676069259643555,-6.702383518218994
7.65305757522583,8.610276222229004,9.015836715698242,8.43189525604248,7.835200309753418,7.500419616699219,7.417073726654053,7.156603813171387,5.180658340454102,4.543520927429199,4.782151222229004,5.099092960357666,1.9981354475021362,-2.1087541580200195,-3.848280906677246,-5.011905670166016,-5.738638877868652,-6.424643516540527,-6.878546714782715,-6.736202716827393,-6.688119411468506,-6.857983112335205,-7.203855514526367,-7.519510746002197,-7.67086935043335,-7.962009906768799,-8.142770767211914,-8.189508438110352,-8.001097679138184,-7.824234485626221,-7.900121212005615,-7.345173358917236,-6.269984245300293,-5.142765522003174,-4.927277088165283,-5.424806118011475,-5.2187347412109375,-3.870213270187378,-1.7658244371414185,-0.877353310585022,-2.9132320880889893,-4.7323222160339355,-5.343454360961914
7.6540207862854,8.152109146118164,8.642306327819824,8.616024017333984,9.401805877685547,9.42457389831543,9.165657997131348,8.221076965332031,5.408172130584717,4.735857963562012,5.678877830505371,5.664785861968994,1.175163745880127,-2.556039571762085,-4.155200481414795,-5.399733066558838,-6.059185028076172,-6.840186595916748,-7.08719539642334,-7.017168998718262,-7.135353088378906,-7.425993919372559,-7.7640061378479,-8.095898628234863,-8.158099174499512,-8.330132484436035,-8.396838188171387,-8.010069847106934,-8.030052185058594,-7.60086727142334,-6.703233242034912,-6.984323024749756,-6.565469264984131,-6.344820976257324,-6.23230504989624,-5.729628562927246,-5.068110466003418,-4.127157211303711,-2.9607434272766113,-3.295708656311035,-4.385155200958252,-3.976274013519287,-3.6922123432159424
7.832341194152832,8.066814422607422,8.20905876159668,8.787962913513184,8.875411033630371,7.792169570922852,6.987433910369873,6.106631278991699,4.930161476135254,3.9166672229766846,4.747135639190674,4.561717510223389,-0.07545088231563568,-3.302783250808716,-4.718678951263428,-5.71600866317749,-6.33270788192749,-6.945272922515869,-7.317325592041016,-7.570915699005127,-7.788485050201416,-8.353850364685059,-8.40739917755127,-8.146312713623047,-8.034777641296387,-8.215354919433594,-8.024388313293457,-7.680063724517822,-7.434983730316162,-7.3562092781066895,-6.686564922332764,-7.029621601104736,-6.700021743774414,-6.155444145202637,-5.541079998016357,-4.9119157791137695,-5.259736061096191,-5.094915866851807,-3.6505067348480225,-3.398292064666748,-4.19091796875,-4.121498107910156,-3.645420551300049
8.630868911743164,7.978719234466553,8.08284854888916,8.31296157836914,7.340089321136475,6.1489787101745605,6.123220920562744,5.1787567138671875,4.058063507080078,4.015697002410889,4.422475337982178,2.3982231616973877,-1.356561303138733,-3.7138497829437256,-4.976251602172852,-5.755998611450195,-6.307297706604004,-6.778449058532715,-7.209468841552734,-7.6986517906188965,-8.21505069732666,-8.393816947937012,-8.182673454284668,-8.011370658874512,-8.127140998840332,-7.898736476898193,-7.634585857391357,-7.352959156036377,-7.476778507232666,-7.629785537719727,-6.9358601570129395,-6.242140769958496,-6.02619743347168,-6.014833927154541,-5.580572605133057,-4.895315647125244,-4.785608291625977,-4.57459831237793,-3.4346418380737305,-1.3909525871276855,-2.1417479515075684,-4.5508246421813965,-4.7423553466796875
7.251962184906006,6.93337345123291,6.524031639099121,5.300273418426514,4.726824760437012,5.045297145843506,5.170895576477051,5.028273105621338,4.067435264587402,3.593244791030884,3.416780710220337,1.1312278509140015,-1.869760513305664,-3.853921890258789,-4.8819780349731445,-5.626903533935547,-6.1873908042907715,-7.0503926277160645,-7.705301761627197,-8.18661880493164,-8.259795188903809,-8.187993049621582,-8.063194274902344,-8.09822940826416,-7.7597270011901855,-7.601332664489746,-7.331841468811035,-7.321190357208252,-7.441664695739746,-6.718003273010254,-6.837397575378418,-6.230221271514893,-5.767589569091797,-5.373993873596191,-4.939517974853516,-5.023565292358398,-4.693580150604248,-4.3527045249938965,-1.9413775205612183,1.0127885341644287,-0.5199199914932251,-4.7300705909729,-5.914085865020752
7.081661224365234,8.336599349975586,8.644250869750977,7.059661865234375,5.237607479095459,5.04939079284668,5.161965370178223,4.619467735290527,3.6682944297790527,3.0485928058624268,2.4669933319091797,0.6900230646133423,-1.808011770248413,-4.050680637359619,-5.041273593902588,-5.809141635894775,-6.6829447746276855,-7.37308931350708,-7.934213161468506,-8.392407417297363,-8.408554077148438,-8.315418243408203,-8.13171672821045,-7.600791931152344,-6.877106189727783,-6.5575737953186035,-7.0618414878845215,-7.620758533477783,-7.398467540740967,-6.46994686126709,-6.241827011108398,-6.375277996063232,-5.712131977081299,-5.269991397857666,-4.917453765869141,-4.42855167388916,-3.232475519180298,-1.571449875831604,0.18701182305812836,1.188430905342102,-0.4481064975261688,-3.4307491779327393,-5.152410984039307
9.590150833129883,10.35515308380127,9.826988220214844,8.182595252990723,6.507410049438477,5.665536880493164,4.712818622589111,4.653097629547119,3.8593897819519043,2.854382038116455,2.113104820251465,0.18708330392837524,-2.5152275562286377,-4.463590145111084,-5.450812339782715,-6.438869476318359,-7.305424213409424,-7.714853763580322,-8.186110496520996,-8.501572608947754,-8.539875984191895,-8.468223571777344,-7.9360198974609375,-6.864712715148926,-6.804656505584717,-6.826866626739502,-7.658540725708008,-8.026762008666992,-7.970639228820801,-8.016736030578613,-8.026910781860352,-7.429896831512451,-6.861917972564697,-5.961160659790039,-4.833953857421875,-3.181762218475342,-0.5104996562004089,1.4641823768615723,1.7449740171432495,0.2914598882198334,-1.5132520198822021,-3.936619281768799,-4.025432109832764
12.580942153930664,11.609234809875488,9.942976951599121,8.325610160827637,7.4097900390625,6.608912944793701,5.271242618560791,4.698617935180664,3.9081389904022217,2.88242769241333,1.335495114326477,-1.6089739799499512,-4.1484904289245605,-5.063380718231201,-5.955691337585449,-6.57729959487915,-7.141658306121826,-7.895846366882324,-8.440876960754395,-8.609243392944336,-8.789219856262207,-8.64988899230957,-7.633569240570068,-6.710257530212402,-7.063577175140381,-7.685195446014404,-8.110980033874512,-8.243646621704102,-8.96505355834961,-10.391454696655273,-9.941337585449219,-8.110966682434082,-6.3520355224609375,-5.365055561065674,-4.417158603668213,-4.008455276489258,-3.8444879055023193,-3.145414113998413,-1.581434965133667,-1.4705907106399536,-2.7658698558807373,-3.757157325744629,-2.6608996391296387
12.55814266204834,10.154293060302734,8.69652271270752,8.76966381072998,7.897917747497559,6.22689151763916,5.138801574707031,4.761271953582764,4.018074989318848,2.67965030670166,-0.5625671744346619,-3.978732109069824,-5.068227767944336,-5.374912738800049,-5.947559356689453,-6.458981990814209,-7.386575698852539,-8.227701187133789,-8.547560691833496,-8.513359069824219,-8.662894248962402,-8.200506210327148,-7.208858013153076,-6.910945892333984,-7.117300510406494,-7.341616153717041,-7.362950801849365,-7.704361915588379,-9.231261253356934,-10.083230018615723,-9.118926048278809,-6.734104156494141,-5.267753601074219,-4.362758159637451,-3.338442325592041,-3.537818431854248,-4.933754920959473,-5.2887115478515625,-4.814927577972412,-5.239957809448242,-4.649864673614502,-4.14601993560791,-3.4837589263916016
8.598053932189941,7.073109149932861,7.619446754455566,8.256431579589844,6.1291728019714355,4.259109973907471,3.907944679260254,4.149224758148193,3.2008631229400635,1.2592120170593262,-2.8955955505371094,-5.060794830322266,-5.580180644989014,-5.89285945892334,-6.160801410675049,-6.730815410614014,-7.385749816894531,-7.95772123336792,-8.273027420043945,-8.29302978515625,-8.171533584594727,-7.570925712585449,-6.910842418670654,-6.629942893981934,-6.575342655181885,-6.8030571937561035,-6.933224201202393,-7.899538993835449,-10.484700202941895,-10.223615646362305,-7.639923095703125,-5.9600114822387695,-4.849264144897461,-3.9086380004882812,-3.7182955741882324,-3.9206011295318604,-4.577124118804932,-5.06833553314209,-5.28950309753418,-5.50842809677124,-5.479371070861816,-5.590647220611572,-5.505610942840576
4.964728832244873,5.3152079582214355,6.284801959991455,5.031229496002197,1.6679259538650513,0.3648700416088104,3.5418477058410645,4.238290309906006,3.232226848602295,-0.41057881712913513,-4.62506628036499,-5.759292125701904,-5.926689147949219,-6.270919322967529,-6.488308906555176,-6.771343231201172,-6.977730751037598,-7.276054382324219,-7.723514080047607,-7.796246528625488,-7.3568010330200195,-6.816003322601318,-6.64872407913208,-6.2878336906433105,-6.253145694732666,-6.540360927581787,-6.888758659362793,-7.880312442779541,-9.720683097839355,-9.33439826965332,-7.4574737548828125,-6.414938926696777,-5.199382305145264,-4.633629322052002,-4.833002090454102,-4.8451666831970215,-4.5022873878479,-4.762401103973389,-4.837724208831787,-5.187716007232666,-5.435700416564941,-5.636411190032959,-5.928312301635742
5.539941787719727,5.5729289054870605,3.6613361835479736,0.1665259301662445,-0.8892136216163635,1.4615017175674438,3.991888999938965,5.047179698944092,1.936110258102417,-3.037022352218628,-5.303253650665283,-6.328466415405273,-6.857987880706787,-6.883040904998779,-6.928404331207275,-6.9789719581604,-6.826390266418457,-6.716371536254883,-6.9290642738342285,-6.85542106628418,-6.549018859863281,-6.648350715637207,-6.912605285644531,-6.294915676116943,-6.5472846031188965,-6.5254998207092285,-7.186640739440918,-7.554747581481934,-7.645301342010498,-7.31514835357666,-7.288311004638672,-7.049602508544922,-5.999752998352051,-5.1863789558410645,-4.692028522491455,-4.300415992736816,-3.5489649772644043,-4.0662126541137695,-4.793364524841309,-4.842756748199463,-5.157682418823242,-5.645724773406982,-5.796453475952148
5.600753307342529,4.992548942565918,2.7092509269714355,0.59635990858078,0.730789303779602,2.015275716781616,4.0744547843933105,3.4846599102020264,-0.9022189378738403,-4.779738903045654,-5.753554821014404,-6.561533451080322,-6.967136859893799,-7.060235500335693,-6.918593406677246,-6.444599151611328,-6.0966973304748535,-5.95642614364624,-6.127372741699219,-6.822172164916992,-7.256852149963379,-7.404490947723389,-7.277003288269043,-6.515807628631592,-6.411576271057129,-6.799932479858398,-7.3442511558532715,-7.387333393096924,-6.959091663360596,-6.69849967956543,-6.888587474822998,-6.855571746826172,-6.168720245361328,-5.383111000061035,-4.090290546417236,-2.709785223007202,-2.889150381088257,-3.854238986968994,-4.699891567230225,-5.276078701019287,-5.272413730621338,-5.4951372146606445,-5.425802707672119
6.191601276397705,5.630455493927002,3.4148194789886475,1.4052351713180542,1.2449753284454346,2.0869626998901367,4.257746696472168,2.9041624069213867,-2.6959128379821777,-5.724605560302734,-6.470522880554199,-6.963404655456543,-7.132129669189453,-6.8405585289001465,-6.388068199157715,-6.033518314361572,-5.898592948913574,-6.372128009796143,-6.968774318695068,-7.329729080200195,-7.691736221313477,-7.58295202255249,-7.183554172515869,-6.929471015930176,-6.801538944244385,-7.1521830558776855,-7.911372661590576,-7.499327659606934,-6.992825984954834,-6.396124839782715,-6.389245510101318,-5.961442470550537,-5.873103618621826,-5.474154472351074,-3.131119728088379,-2.101461887359619,-2.870191812515259,-3.809593439102173,-4.890983581542969,-5.977142810821533,-6.4585795402526855,-6.349107265472412,-6.2976555824279785
6.6920952796936035,5.567305564880371,3.167649269104004,1.9938650131225586,2.261019468307495,3.2402164936065674,5.922651290893555,2.6323060989379883,-4.1505866050720215,-6.271358013153076,-6.357799530029297,-5.725276470184326,-6.184406280517578,-6.031020164489746,-5.909819602966309,-5.926260948181152,-6.310900688171387,-7.07144832611084,-6.663572788238525,-5.724477767944336,-6.064574241638184,-6.702839374542236,-6.6200714111328125,-6.889881134033203,-7.6889872550964355,-7.905583381652832,-7.493285655975342,-7.539470672607422,-7.266172409057617,-6.500357627868652,-6.10831356048584,-6.718622207641602,-6.7255096435546875,-5.214678764343262,-3.205097198486328,-2.450510025024414,-3.083261251449585,-3.9144580364227295,-4.94058084487915,-6.182982921600342,-6.377754211425781,-5.926292419433594,-5.974119663238525
