data/wind_data/wind_Surface_69.json
{"header": {"parameterUnit": "KT", "parameterCategory": 2, "nx": 255, "ny": 198, "lo1": 44.73521041870117, "la1": -3.236724853515625, "lo2": 111.26478576660156, "la2": 43.468475341796875, "dx": 0.26192745566368103, "dy": -0.23708222806453705, "refTime": "2025-02-21 21:00:00", "forecastTime": 0, "parameterNumber": 2, "parameterNumberName": "eastward_wind"}, "data":
[rows 57 to 75 of 198, columns 86 to 128 of 255]
-1.8106162548065186,0.13626442849636078,1.421229600906372,-0.46930161118507385,0.09500379115343094,1.968447208404541,2.3878042697906494,3.7370948791503906,5.601659297943115,5.357457637786865,5.790635108947754,5.52244234085083,4.51161003112793,3.4875009059906006,2.059539794921875,1.133622407913208,1.1968050003051758,2.2635459899902344,2.791729688644409,2.9388866424560547,2.7388699054718018,1.2048124074935913,-0.19523097574710846,-1.6269030570983887,-2.4561588764190674,-2.419286012649536,-2.7208187580108643,-3.4601194858551025,-3.7171730995178223,-3.5499942302703857,-3.8236043453216553,-5.330958366394043,-5.138222694396973,-3.000481128692627,-1.6077004671096802,-7.410923957824707,-7.95005464553833,-2.437516689300537,-1.9896434545516968,-2.0165789127349854,-1.5858139991760254,-3.7410383224487305,-7.2373366355896
-1.663637399673462,0.4984838664531708,0.010518507100641727,-0.28995567560195923,0.728081464767456,1.7974046468734741,3.4358060359954834,3.6110923290252686,6.612184524536133,6.489360809326172,5.61768913269043,6.150055885314941,5.486720561981201,4.514104843139648,3.499966859817505,2.3741729259490967,1.3464415073394775,0.9916605353355408,1.153807282447815,1.443914771080017,2.1014211177825928,2.1104495525360107,1.251549482345581,-0.6166462302207947,-2.273421287536621,-3.0172653198242188,-3.204751491546631,-3.1987080574035645,-2.961456775665283,-3.031479835510254,-3.6249642372131348,-4.045872688293457,-5.17841100692749,-4.102336406707764,-2.386626958847046,-3.6519832611083984,-3.7116878032684326,-4.175884246826172,-4.1449384689331055,-2.5854525566101074,-2.1077263355255127,-4.570365905761719,-7.05885648727417
-1.2294591665267944,-0.43934714794158936,-0.5366712808609009,0.6785985231399536,1.6147139072418213,2.3639872074127197,4.2807087898254395,3.9899380207061768,5.609352111816406,6.495442867279053,6.116397857666016,6.7082014083862305,6.228460311889648,5.2996368408203125,4.505072116851807,3.0865252017974854,1.8819220066070557,1.1173224449157715,0.45260876417160034,0.4564948081970215,0.6923165917396545,0.8871729373931885,1.1455599069595337,0.3410453498363495,-0.8332337737083435,-1.6950558423995972,-2.488614082336426,-2.8370728492736816,-2.622840166091919,-2.1232266426086426,-2.7510616779327393,-4.5515031814575195,-5.425869464874268,-3.9093925952911377,-2.6424787044525146,-2.466977834701538,-2.1123318672180176,-4.077282905578613,-5.383857250213623,-5.410674571990967,-4.82820463180542,-5.579868316650391,-5.374999523162842
-0.4786176383495331,-0.1581747680902481,0.3073975443840027,1.4256346225738525,2.6129844188690186,3.406733512878418,4.211196422576904,4.386867046356201,4.638518810272217,6.2684807777404785,6.599917888641357,6.870396137237549,6.916709899902344,6.031471252441406,5.0307698249816895,3.478978157043457,2.1893951892852783,1.490305781364441,0.12594977021217346,-0.3101227283477783,-0.8356568217277527,-0.655802845954895,0.21365420520305634,0.18891030550003052,0.09467746317386627,-0.7285552620887756,-1.5375369787216187,-1.8742640018463135,-2.172031879425049,-2.868830919265747,-2.794076919555664,-4.1924285888671875,-6.312278747558594,-4.820217132568359,-4.041837215423584,-2.4133806228637695,-1.9878631830215454,-3.3001468181610107,-5.176696300506592,-5.752041816711426,-6.7785725593566895,-5.733287811279297,-4.072836399078369
-0.3362046182155609,0.7510592341423035,0.8503764867782593,1.8993343114852905,2.8850574493408203,3.488792896270752,3.951690435409546,4.411138534545898,5.385580539703369,6.687248706817627,6.985830783843994,6.700245380401611,6.723274230957031,6.056020736694336,4.914270401000977,3.7138772010803223,2.065035343170166,0.5347070693969727,-0.41814956068992615,-1.137263298034668,-1.4874415397644043,-0.8983253836631775,-0.7159590721130371,-0.049240000545978546,-0.25622695684432983,-1.232268214225769,-1.221090316772461,-1.2932956218719482,-2.3719124794006348,-3.545539140701294,-2.642324447631836,-3.419135093688965,-6.252835273742676,-5.685340881347656,-4.46613073348999,-2.9549508094787598,-2.505431652069092,-3.0117132663726807,-5.0695295333862305,-5.953454971313477,-6.002578258514404,-4.987734317779541,-3.267893075942993
-0.21445663273334503,0.8279821276664734,1.137454628944397,2.02402400970459,2.838353157043457,3.7901577949523926,4.46025276184082,5.041053771972656,5.65674352645874,6.562527656555176,7.175886154174805,7.312530040740967,7.168210506439209,6.542595863342285,5.631050109863281,3.7724313735961914,0.9994881749153137,-1.2077096700668335,-1.8333975076675415,-1.663131833076477,-2.126704454421997,-1.5040953159332275,-0.3775498569011688,-1.0710490942001343,-1.5585432052612305,-1.1468420028686523,-1.6273971796035767,-1.9003316164016724,-2.762061834335327,-3.5539722442626953,-3.1443567276000977,-4.29919958114624,-6.498904228210449,-6.745214462280273,-4.752394676208496,-2.4963152408599854,-1.8395376205444336,-2.34208083152771,-5.149546146392822,-6.738153457641602,-6.49631404876709,-5.531596660614014,-3.858288288116455
0.035357166081666946,0.31831759214401245,0.9008446931838989,1.6576459407806396,2.5945422649383545,3.4865264892578125,4.179234027862549,4.8441338539123535,5.627262115478516,6.585635662078857,7.668699741363525,8.424885749816895,8.20300006866455,7.171498775482178,5.603368759155273,3.1670949459075928,-0.024173062294721603,-2.572291851043701,-2.906776189804077,-2.53482985496521,-2.6390395164489746,-2.4664249420166016,-2.253709316253662,-1.7845797538757324,-1.3456374406814575,-1.702636480331421,-3.004603862762451,-2.9347474575042725,-2.4524519443511963,-3.40932297706604,-4.48732328414917,-5.478957653045654,-5.632014274597168,-5.377749919891357,-3.055067777633667,-1.7577180862426758,-1.358994960784912,-3.131160259246826,-4.961007118225098,-5.625922203063965,-5.756284236907959,-4.456964015960693,-2.4700562953948975
-0.18878985941410065,-0.11831682175397873,0.39921873807907104,1.3882806301116943,2.6456425189971924,3.6515018939971924,4.257458209991455,5.008605003356934,5.757932186126709,6.652627944946289,7.634531497955322,8.428665161132812,8.590011596679688,7.5241498947143555,5.372300148010254,2.321622133255005,-0.9695565700531006,-2.893702507019043,-3.130119800567627,-2.903216600418091,-3.2656095027923584,-3.868436336517334,-3.6627585887908936,-2.976518392562866,-2.6863951683044434,-2.011523723602295,-2.5218310356140137,-2.9973106384277344,-3.1672582626342773,-4.236286640167236,-4.16813850402832,-4.793769836425781,-4.389694690704346,-2.3286983966827393,-0.9188873171806335,-1.0081658363342285,-1.7763257026672363,-3.3718960285186768,-4.271169662475586,-4.373858451843262,-4.429044723510742,-2.7465016841888428,-1.433390498161316
-0.6226842403411865,-0.5175167322158813,-0.4165114462375641,0.360657274723053,1.985809326171875,3.0757694244384766,3.670228958129883,4.609565258026123,5.459111213684082,6.326305866241455,7.230127811431885,7.9625773429870605,8.150294303894043,7.212786674499512,4.678824424743652,0.9677500128746033,-1.8932671546936035,-2.735581398010254,-2.983591079711914,-3.3396260738372803,-3.383225202560425,-4.038472652435303,-4.824833393096924,-4.5940022468566895,-4.008640289306641,-3.0437989234924316,-2.3079161643981934,-2.627805471420288,-5.080533981323242,-4.9677910804748535,-3.6832525730133057,-2.3523614406585693,-2.961122512817383,-1.9951726198196411,0.5775496959686279,0.8940245509147644,-1.0329396724700928,-2.7661006450653076,-2.7897214889526367,-3.3395912647247314,-3.369987964630127,-1.1507773399353027,0.4434104263782501
-0.6280078887939453,-0.24962137639522552,-0.6302118897438049,-0.3611207902431488,1.018267273902893,1.86830735206604,2.796741247177124,3.7004923820495605,4.544713020324707,5.376526832580566,6.23267936706543,6.905007362365723,6.954070091247559,5.857289791107178,3.266268730163574,-0.1459631323814392,-2.1088907718658447,-2.324327230453491,-2.9968795776367188,-4.064598083496094,-4.037872314453125,-3.498202085494995,-3.9984829425811768,-5.133533000946045,-4.685689449310303,-4.195931911468506,-3.9609882831573486,-3.866136312484741,-3.519805431365967,-3.8349997997283936,-3.4365055561065674,-0.8949522972106934,-2.2815608978271484,-3.3712077140808105,-1.1839889287948608,0.975986659526825,-0.3623996675014496,-2.5317156314849854,-1.8227611780166626,-1.3770852088928223,-2.3178632259368896,-0.6917710900306702,1.3589290380477905
-0.6888045072555542,-0.35186001658439636,-0.5839135050773621,-0.6795520186424255,0.01819790154695511,0.6755415797233582,1.5459954738616943,2.4283180236816406,3.3653323650360107,4.178001403808594,4.850533485412598,5.1527934074401855,4.688229084014893,3.404262065887451,1.5664947032928467,-0.6544767618179321,-2.321913003921509,-2.9622480869293213,-3.6509861946105957,-4.287034511566162,-4.490848541259766,-4.304009914398193,-3.9533162117004395,-4.349352836608887,-4.556910514831543,-4.382335186004639,-3.837444305419922,-4.539114475250244,-3.792860984802246,-3.159456968307495,-2.678417444229126,-0.2626584470272064,-0.9053944945335388,-4.283383369445801,-4.092817306518555,-0.9908630847930908,-0.5298786759376526,-2.431776523590088,-1.592551589012146,0.4134230315685272,-0.3380238711833954,-0.33159634470939636,1.0377259254455566
-1.1307100057601929,-0.9934788942337036,-1.3180335760116577,-1.4577306509017944,-1.012314796447754,-0.39629700779914856,0.25840991735458374,1.1374447345733643,2.191958427429199,3.0404481887817383,3.270132303237915,2.7724556922912598,1.7567267417907715,0.622085690498352,-0.41401058435440063,-1.7483221292495728,-3.331063985824585,-4.39841890335083,-4.9425177574157715,-4.889081954956055,-4.490055084228516,-4.47650146484375,-4.62455940246582,-4.466440677642822,-3.8400278091430664,-2.842301845550537,-3.368809700012207,-5.1024603843688965,-4.022140979766846,-4.044981956481934,-1.806532621383667,0.08810580521821976,-1.0448582172393799,-4.772759437561035,-5.374368667602539,-1.85634446144104,-0.41639265418052673,-1.606917142868042,-1.0624552965164185,1.2813817262649536,1.4852277040481567,0.501918375492096,0.03680477291345596
-1.8857160806655884,-1.821900725364685,-2.047057867050171,-2.1246867179870605,-1.849183201789856,-1.388816475868225,-0.7060129642486572,0.3157009482383728,1.4297056198120117,1.9403051137924194,1.265476942062378,-0.11909066140651703,-1.1947133541107178,-1.8482552766799927,-2.7345516681671143,-4.132376194000244,-5.50732946395874,-6.150435924530029,-6.104720115661621,-5.746585845947266,-5.3324480056762695,-4.9191484451293945,-4.506830215454102,-3.5257585048675537,-2.9873290061950684,-2.9940335750579834,-4.193768501281738,-3.5397465229034424,-3.7125229835510254,-3.33261775970459,-2.0137264728546143,0.2194429188966751,-2.101256847381592,-5.646004676818848,-5.769503593444824,-3.167309522628784,-1.386177659034729,-1.4381250143051147,-1.7957830429077148,-1.0242183208465576,-0.8725272417068481,-1.9103329181671143,-2.6418349742889404
-2.469874620437622,-2.2424540519714355,-2.331186294555664,-2.438861846923828,-2.327258348464966,-2.022029161453247,-1.435526967048645,-0.5132506489753723,0.4195762276649475,0.43772628903388977,-1.126244306564331,-3.081719160079956,-3.8105967044830322,-3.9743850231170654,-4.9096245765686035,-6.435686111450195,-7.524985313415527,-7.5251851081848145,-6.979208469390869,-6.5874223709106445,-6.151167869567871,-5.791160583496094,-4.757943630218506,-3.573949098587036,-2.8802967071533203,-3.277089834213257,-3.3024659156799316,-3.6709840297698975,-3.6510965824127197,-3.4168927669525146,-2.367502450942993,-0.5078221559524536,-2.311110496520996,-4.5503339767456055,-6.092698097229004,-4.70397424697876,-2.253326177597046,-1.9959676265716553,-2.8698606491088867,-3.5177533626556396,-3.652651309967041,-3.534965753555298,-3.1019980907440186
-2.7554054260253906,-2.3290364742279053,-2.250452756881714,-2.2481651306152344,-2.0278420448303223,-1.7350342273712158,-1.5226136445999146,-1.2506948709487915,-0.8849673271179199,-1.1637022495269775,-2.872560977935791,-4.724308490753174,-5.279003620147705,-5.577469825744629,-6.408000469207764,-7.396173000335693,-8.319931030273438,-8.610088348388672,-8.02720832824707,-7.123040676116943,-6.338439464569092,-5.69646692276001,-4.585869312286377,-3.670654535293579,-3.2977750301361084,-3.9334747791290283,-4.70784854888916,-4.457244873046875,-3.294861078262329,-2.805410385131836,-2.9111242294311523,-3.476672649383545,-3.5631802082061768,-3.011528968811035,-4.117188930511475,-4.865633487701416,-3.132006883621216,-2.779278039932251,-3.9119832515716553,-4.608626365661621,-4.251419544219971,-2.9984560012817383,-3.1056153774261475
-2.458418369293213,-1.9847960472106934,-1.6534857749938965,-1.5371098518371582,-1.323655605316162,-1.0731290578842163,-1.0495409965515137,-1.3051140308380127,-1.6328279972076416,-2.0653750896453857,-3.2767088413238525,-4.751755237579346,-5.481202125549316,-5.896326541900635,-6.5184221267700195,-7.413845539093018,-8.057624816894531,-7.983630657196045,-7.597606182098389,-7.120495796203613,-6.301198482513428,-5.165623664855957,-4.143187999725342,-3.154345989227295,-2.9358835220336914,-4.845117092132568,-5.6325364112854,-5.751812934875488,-3.3479363918304443,-1.597743034362793,-2.473492383956909,-4.048758506774902,-4.108140468597412,-3.204437017440796,-3.090026617050171,-2.502283811569214,-2.4298298358917236,-3.256904125213623,-4.107202529907227,-4.705754280090332,-4.7969746589660645,-3.265558958053589,-2.5455567836761475
-2.6756644248962402,-2.108109951019287,-1.561084508895874,-1.1791439056396484,-0.8322080373764038,-0.7200182676315308,-0.8643323183059692,-1.1571855545043945,-1.775414228439331,-2.8119165897369385,-4.2901201248168945,-5.722285270690918,-6.363201141357422,-6.607260704040527,-7.042620658874512,-7.333058834075928,-6.967927932739258,-6.240194797515869,-5.823146343231201,-5.7217864990234375,-5.558618545532227,-5.050642490386963,-4.439233779907227,-3.2876856327056885,-3.359929084777832,-5.376246929168701,-6.96899938583374,-4.969985008239746,-2.0993218421936035,1.089157223701477,0.2555485665798187,-2.697375774383545,-3.921199321746826,-3.759195327758789,-2.756960868835449,-1.069797158241272,-0.7264715433120728,-1.8165706396102905,-2.716686248779297,-3.549177646636963,-4.218095779418945,-3.906071424484253,-2.9752821922302246
-2.450643539428711,-2.1542813777923584,-1.667223334312439,-1.0219767093658447,-0.5133084654808044,-0.46222618222236633,-0.7186368703842163,-1.089184284210205,-1.7878475189208984,-2.984588384628296,-4.685795307159424,-6.344588756561279,-7.071091175079346,-7.330103874206543,-7.679770469665527,-7.667698860168457,-6.619685173034668,-4.792417049407959,-3.518782377243042,-2.983673572540283,-3.1019439697265625,-3.9136457443237305,-4.430078506469727,-3.7518463134765625,-5.464779376983643,-6.566928863525391,-6.575926780700684,-3.974614381790161,-0.5990432500839233,2.476646661758423,3.479585886001587,-0.2543018162250519,-3.0317492485046387,-4.154546737670898,-3.5295791625976562,-2.4264028072357178,-1.2828081846237183,-2.126891613006592,-3.5857410430908203,-4.096846580505371,-3.7251479625701904,-3.7430572509765625,-3.703932762145996
-2.1574606895446777,-2.0485310554504395,-1.644342303276062,-1.1390694379806519,-0.7356407046318054,-0.6353477239608765,-0.727907121181488,-0.9009162187576294,-1.3873395919799805,-2.57983660697937,-4.62513542175293,-6.63771915435791,-7.642833709716797,-7.976138591766357,-8.024821281433105,-7.7065277099609375,-6.983893871307373,-5.4611945152282715,-3.500065326690674,-1.6724655628204346,-0.589096188545227,-1.5209438800811768,-3.55165696144104,-5.39054012298584,-5.966658115386963,-7.557341575622559,-5.519911289215088,-1.364490032196045,2.0340609550476074,2.746706962585449,4.502452373504639,3.9569571018218994,-1.4166978597640991,-4.68732213973999,-4.269726753234863,-2.946423053741455,-2.664170503616333,-3.061169385910034,-3.638719320297241,-4.276899337768555,-4.171942234039307,-3.6670446395874023,-2.528662919998169
