data/wind_data/wind_60_4.json
{"header": {"parameterUnit": "KT", "parameterCategory": 2, "nx": 256, "ny": 198, "lo1": 44.73521041870117, "la1": -3.236724853515625, "lo2": 111.26478576660156, "la2": 43.468475341796875, "dx": 0.2609002888202667, "dy": -0.23708222806453705, "refTime": "2025-02-21 12:00:00", "forecastTime": 0, "parameterNumber": 2, "parameterNumberName": "eastward_wind"}, "data":
[rows 133 to 151 of 198, columns 176 to 219 of 256]
38.71172332763672,33.376068115234375,26.47880744934082,22.919679641723633,25.926511764526367,33.11408615112305,34.76634979248047,26.94142723083496,22.041446685791016,21.90084457397461,19.941272735595703,18.759063720703125,19.816965103149414,22.728071212768555,22.92184829711914,20.902301788330078,21.128705978393555,21.144664764404297,21.66217803955078,25.033199310302734,27.27672004699707,26.790138244628906,28.78900146484375,27.75737953186035,22.157848358154297,21.214635848999023,23.9710750579834,24.53663444519043,21.3000545501709,17.956649780273438,14.784278869628906,14.072484970092773,18.131288528442383,17.105663299560547,21.28436851501465,21.275768280029297,12.387043952941895,5.385605812072754,2.7842557430267334,1.21245276927948,10.497888565063477,14.404496192932129,14.924447059631348,16.163896560668945
41.183162689208984,37.14754867553711,33.06351852416992,32.572303771972656,32.07475662231445,30.435333251953125,27.184728622436523,22.222017288208008,18.421504974365234,15.313506126403809,15.811029434204102,18.397695541381836,19.205108642578125,21.530914306640625,23.63136863708496,21.61226463317871,22.612979888916016,25.794099807739258,30.215545654296875,34.93437194824219,35.68748092651367,31.140132904052734,26.882728576660156,25.746244430541992,25.683284759521484,25.542312622070312,25.654170989990234,24.21955680847168,21.358150482177734,18.74085807800293,17.12161636352539,15.801480293273926,18.43108367919922,20.02405548095703,24.86326026916504,23.605331420898438,12.24702262878418,5.325204849243164,3.305968999862671,-0.4981885850429535,10.685195922851562,14.967523574829102,15.850496292114258,15.22249698638916
33.92429733276367,34.408145904541016,37.5850944519043,43.76823806762695,40.57252502441406,32.82994842529297,25.332679748535156,20.18010139465332,16.371488571166992,17.595075607299805,19.96006965637207,20.887224197387695,20.611787796020508,23.662458419799805,26.336074829101562,25.372901916503906,25.60396385192871,28.03928565979004,31.40638542175293,33.756778717041016,33.68260955810547,30.252347946166992,28.124732971191406,29.675966262817383,31.16132164001465,28.818849563598633,25.928037643432617,24.31597900390625,23.16627311706543,20.800325393676758,19.347278594970703,17.38031578063965,20.487201690673828,25.60266876220703,28.89813232421875,31.684764862060547,17.250160217285156,7.147006988525391,4.9172773361206055,1.2337567806243896,11.680021286010742,15.884515762329102,14.577141761779785,13.290427207946777
29.307348251342773,38.52177810668945,43.80618667602539,45.54269790649414,42.25959014892578,32.41920471191406,23.47342300415039,21.280969619750977,21.183109283447266,21.531904220581055,19.344642639160156,18.232812881469727,21.924623489379883,26.884798049926758,28.514982223510742,24.582595825195312,23.11176872253418,25.498313903808594,26.786937713623047,26.672693252563477,26.59784698486328,27.08210563659668,28.84267234802246,33.39524459838867,32.4515266418457,30.68509864807129,26.623090744018555,24.35252571105957,23.91571807861328,22.948137283325195,21.813020706176758,18.010591506958008,22.757774353027344,28.33604621887207,32.507362365722656,30.167078018188477,16.14467430114746,4.716311454772949,4.964179039001465,4.1085028648376465,14.25267505645752,15.433130264282227,11.380265235900879,12.350707054138184
33.87685012817383,29.473939895629883,28.4970645904541,29.306177139282227,27.738689422607422,24.328842163085938,21.992847442626953,18.711755752563477,16.369400024414062,17.195131301879883,17.33243751525879,17.72711181640625,22.866518020629883,28.77483558654785,28.882280349731445,25.35309600830078,25.38821792602539,27.900468826293945,28.45244026184082,25.824094772338867,23.737281799316406,23.448707580566406,26.283655166625977,30.716276168823242,30.5041446685791,31.090497970581055,27.301687240600586,23.566328048706055,22.892240524291992,23.214094161987305,21.80571174621582,15.726510047912598,20.345001220703125,27.57763671875,31.291561126708984,23.57333755493164,10.139191627502441,5.468667507171631,6.006282806396484,8.85009765625,14.718152046203613,15.948156356811523,15.516212463378906,16.45331573486328
41.57625961303711,30.22713851928711,18.347227096557617,14.990869522094727,14.953012466430664,13.40261173248291,12.446351051330566,13.531682014465332,15.149357795715332,18.311031341552734,20.02672576904297,21.583181381225586,25.991390228271484,29.6844482421875,28.094240188598633,25.30461883544922,27.297483444213867,30.4405517578125,32.33711242675781,29.627805709838867,25.506942749023438,24.14387321472168,25.78313446044922,26.674541473388672,28.23932456970215,29.577369689941406,25.88621711730957,19.906890869140625,21.21723175048828,22.981050491333008,23.026527404785156,17.399011611938477,21.89882469177246,29.776691436767578,30.933713912963867,21.518491744995117,8.716105461120605,0.790165364742279,4.288638114929199,10.1631441116333,16.475339889526367,18.81633949279785,19.607582092285156,19.05048370361328
28.747257232666016,23.537818908691406,15.273167610168457,9.014582633972168,10.736387252807617,12.502517700195312,13.667497634887695,15.513358116149902,17.60313606262207,20.136077880859375,23.21692657470703,25.442501068115234,29.9976749420166,27.27016258239746,24.819726943969727,25.31597328186035,27.839141845703125,32.05550003051758,33.51115417480469,31.324888229370117,28.315580368041992,26.016019821166992,23.678176879882812,22.91046714782715,26.60253143310547,29.688772201538086,25.216054916381836,18.064149856567383,21.213420867919922,22.485206604003906,24.283475875854492,29.074443817138672,26.586633682250977,26.775312423706055,27.777830123901367,24.882688522338867,15.517815589904785,5.549160480499268,5.869930267333984,10.691328048706055,18.316730499267578,20.281024932861328,20.245182037353516,20.485416412353516
21.34933090209961,20.310527801513672,21.27249526977539,20.50461196899414,18.979042053222656,16.52919578552246,16.05696678161621,17.296175003051758,19.926734924316406,23.855173110961914,27.090940475463867,29.372926712036133,31.386356353759766,31.3817081451416,29.864049911499023,27.027751922607422,27.158327102661133,31.531246185302734,36.27073287963867,34.24650192260742,30.658824920654297,26.068811416625977,20.053693771362305,18.76899528503418,24.22307777404785,28.48252296447754,24.060258865356445,17.75667953491211,20.945558547973633,22.45157814025879,24.86637306213379,32.044517517089844,23.953489303588867,20.456106185913086,24.837451934814453,23.85003089904785,18.85056495666504,11.811198234558105,10.74116039276123,13.323192596435547,18.327178955078125,20.237083435058594,20.94072914123535,23.271137237548828
27.296630859375,28.85859489440918,30.525623321533203,32.21521759033203,32.80705261230469,29.248964309692383,23.9029541015625,22.57026481628418,25.990772247314453,31.86968421936035,33.93115234375,30.443222045898438,31.006317138671875,32.794715881347656,33.444358825683594,32.11012649536133,32.153141021728516,38.102882385253906,43.636756896972656,39.43256759643555,30.401718139648438,22.658851623535156,16.128219604492188,14.879504203796387,19.539409637451172,23.94055938720703,21.23310661315918,18.001821517944336,21.34355926513672,24.357587814331055,26.33163833618164,27.250654220581055,29.472246170043945,27.616561889648438,18.73710823059082,17.48760223388672,19.13109588623047,17.473913192749023,17.81713104248047,21.143774032592773,24.767269134521484,25.143556594848633,24.07418441772461,25.628173828125
32.83349609375,38.04820251464844,34.90021896362305,28.86762046813965,27.081584930419922,25.222766876220703,24.538028717041016,26.60355567932129,30.918031692504883,35.10997009277344,34.558536529541016,32.802886962890625,32.51594924926758,29.803930282592773,28.315641403198242,31.45512580871582,36.43997573852539,40.86610412597656,39.82607650756836,32.11848831176758,25.069007873535156,21.38068962097168,18.333362579345703,16.251832962036133,18.295745849609375,21.23541259765625,19.865501403808594,19.022602081298828,20.630788803100586,24.072336196899414,29.096200942993164,34.829078674316406,33.00591278076172,19.84697151184082,11.315324783325195,16.188640594482422,22.27981948852539,25.9531192779541,25.891592025756836,25.6778564453125,28.795690536499023,29.148523330688477,28.31097984313965,29.50078010559082
37.03427505493164,43.96999740600586,45.86783981323242,39.16539001464844,30.4339656829834,30.193172454833984,34.38609313964844,35.975059509277344,37.31513977050781,38.34315872192383,36.9036979675293,34.58506393432617,33.721675872802734,35.299251556396484,36.91504669189453,38.39539337158203,39.48041915893555,39.32466506958008,36.891136169433594,29.186403274536133,24.27116584777832,22.38845443725586,19.478960037231445,17.59014892578125,17.83673667907715,19.736814498901367,18.86581802368164,18.324861526489258,18.08127784729004,24.096752166748047,33.704315185546875,29.906211853027344,20.141578674316406,11.32263469696045,13.31075668334961,19.931886672973633,24.81371307373047,26.93899917602539,25.96763038635254,26.36460304260254,30.1236572265625,31.24989891052246,32.11887741088867,33.35856628417969
35.15812683105469,38.01069259643555,38.43480682373047,34.97540283203125,34.62797927856445,38.910030364990234,42.78250503540039,44.64484786987305,46.15421676635742,43.304256439208984,37.77376937866211,33.66376495361328,34.086055755615234,37.74641418457031,38.161468505859375,36.43669509887695,33.77286148071289,29.857742309570312,27.597322463989258,27.415945053100586,25.781387329101562,24.558330535888672,22.426549911499023,20.810707092285156,18.4154052734375,18.599210739135742,15.474809646606445,14.180134773254395,17.551025390625,22.401060104370117,28.61888885498047,21.30113983154297,12.150337219238281,13.222843170166016,19.675464630126953,24.065187454223633,26.351552963256836,26.969308853149414,25.03668975830078,27.207542419433594,30.822736740112305,33.48837661743164,35.25275421142578,36.338966369628906
21.65401268005371,24.97369384765625,29.683334350585938,33.50109100341797,37.14870071411133,42.70843505859375,48.344512939453125,49.462669372558594,45.09821701049805,42.082942962646484,36.76402282714844,34.62138748168945,35.43228530883789,33.956031799316406,31.992094039916992,29.380050659179688,30.295055389404297,33.49874496459961,33.38025665283203,32.173397064208984,32.368263244628906,28.4362735748291,26.446491241455078,25.47467803955078,21.145837783813477,17.504480361938477,14.760682106018066,14.170071601867676,17.615888595581055,22.973695755004883,26.619853973388672,20.583566665649414,14.537786483764648,16.211742401123047,22.357175827026367,25.833026885986328,26.526575088500977,25.98069190979004,25.42300796508789,28.30369758605957,32.39705276489258,35.60407638549805,37.62278366088867,39.01443099975586
21.186769485473633,25.09992027282715,27.01424789428711,27.73765754699707,33.6386604309082,43.171730041503906,46.435333251953125,39.72953796386719,32.98237228393555,30.11719512939453,31.689748764038086,35.69877243041992,36.196815490722656,30.966930389404297,23.677114486694336,23.27466583251953,27.91290283203125,29.790233612060547,31.942190170288086,34.117889404296875,35.53461837768555,29.280941009521484,25.50303840637207,24.586353302001953,19.712575912475586,17.009883880615234,17.766557693481445,18.33598518371582,19.10009002685547,23.87015724182129,28.922080993652344,31.271169662475586,31.250032424926758,29.863740921020508,27.4150447845459,25.81330680847168,26.95065689086914,28.121610641479492,28.946842193603516,30.667078018188477,32.48868942260742,34.275901794433594,36.840065002441406,38.65951156616211
27.609956741333008,25.469860076904297,23.688383102416992,24.480186462402344,26.39289665222168,26.324878692626953,24.09886360168457,22.28751564025879,22.162654876708984,24.99140167236328,29.35703468322754,31.779075622558594,28.95746612548828,24.389802932739258,23.193553924560547,28.255666732788086,31.990365982055664,32.46933364868164,33.92427444458008,33.86717987060547,33.786712646484375,28.338254928588867,21.440397262573242,21.45829963684082,19.56785774230957,17.187591552734375,18.515220642089844,20.716325759887695,22.570661544799805,24.852649688720703,27.911691665649414,32.676719665527344,37.00885772705078,36.314144134521484,32.06535339355469,29.42106819152832,30.06329345703125,32.029178619384766,34.000553131103516,34.734962463378906,34.22063446044922,32.26663589477539,33.71821212768555,36.11540603637695
25.08547019958496,25.193483352661133,25.414852142333984,26.940332412719727,25.97239112854004,22.017427444458008,20.195850372314453,21.662363052368164,25.015533447265625,27.64385223388672,30.85138511657715,32.89659881591797,32.80516052246094,30.94114112854004,30.74834442138672,34.97614288330078,37.16687774658203,34.741851806640625,35.087554931640625,33.22724914550781,34.061973571777344,33.722084045410156,20.983905792236328,14.788779258728027,16.699323654174805,17.133495330810547,20.06245231628418,23.089675903320312,24.189069747924805,26.134790420532227,30.554004669189453,34.22775650024414,33.992584228515625,32.31591796875,31.118633270263672,31.16884422302246,32.58395004272461,34.63862991333008,36.78582763671875,38.25780487060547,37.72203063964844,35.166603088378906,36.558231353759766,38.15313720703125
20.258642196655273,20.716184616088867,26.592144012451172,32.60612106323242,33.526123046875,33.08695602416992,34.6986198425293,33.64980697631836,32.66041946411133,35.97621154785156,39.402957916259766,40.411277770996094,40.53368377685547,40.375423431396484,37.9286994934082,38.65835189819336,41.52906036376953,38.01911544799805,33.44116973876953,34.34663391113281,33.04645919799805,23.36265754699707,14.97717571258545,14.198286056518555,17.506832122802734,21.03847312927246,24.034809112548828,25.12545394897461,27.2708740234375,30.231534957885742,31.656681060791016,29.49367332458496,27.62032127380371,28.018949508666992,29.91356658935547,32.20991134643555,34.536094665527344,37.693511962890625,40.68767547607422,41.890464782714844,41.344757080078125,38.77232360839844,38.0710334777832,38.432167053222656
26.609127044677734,28.43572235107422,31.54567527770996,35.592803955078125,40.97459030151367,46.784908294677734,46.470272064208984,38.800148010253906,30.734689712524414,29.84913444519043,35.236820220947266,40.597618103027344,39.800193786621094,36.169349670410156,33.30156326293945,33.26620864868164,38.401588439941406,39.98379898071289,35.71977233886719,31.280113220214844,31.359350204467773,27.795785903930664,22.05295181274414,20.253549575805664,21.501766204833984,24.47480010986328,25.400028228759766,23.680856704711914,25.67379379272461,28.120399475097656,27.281890869140625,27.713125228881836,29.498167037963867,31.741724014282227,33.820804595947266,35.58121871948242,37.82622528076172,40.712276458740234,42.342010498046875,42.5654182434082,43.0115852355957,40.58306884765625,37.44074249267578,36.66745376586914
38.39635467529297,39.63053894042969,39.58523178100586,38.618370056152344,35.08900451660156,28.572288513183594,22.923524856567383,18.865400314331055,23.223419189453125,30.022594451904297,36.071205139160156,40.46879577636719,41.168663024902344,37.689388275146484,34.43810272216797,34.034915924072266,34.42078399658203,36.58390808105469,31.661270141601562,30.155654907226562,32.27840805053711,33.032127380371094,32.64003372192383,32.0931282043457,28.209064483642578,25.888574600219727,28.813913345336914,29.177900314331055,24.32555389404297,24.23828887939453,27.617639541625977,31.02079963684082,33.1380729675293,34.52311706542969,35.91412353515625,38.35359191894531,42.6937255859375,44.32679748535156,43.02490234375,41.79373550415039,41.47981262207031,38.57767105102539,36.04584503173828,36.27470779418945
