data/wind_data/wind_50_7.json
{"header": {"parameterUnit": "KT", "parameterCategory": 2, "nx": 256, "ny": 198, "lo1": 44.73521041870117, "la1": -3.236724853515625, "lo2": 111.26478576660156, "la2": 43.468475341796875, "dx": 0.2609002888202667, "dy": -0.23708222806453705, "refTime": "2025-02-21 02:00:00", "forecastTime": 0, "parameterNumber": 2, "parameterNumberName": "eastward_wind"}, "data":
[rows 120 to 139 of 198, columns 132 to 175 of 256]
75.25176239013672,75.68229675292969,76.27520751953125,76.59017181396484,76.50519561767578,76.33229064941406,76.34913635253906,76.69532012939453,77.45858764648438,78.57894134521484,79.58146667480469,79.79345703125,79.21270751953125,78.40674591064453,77.82260131835938,77.6225814819336,77.87491607666016,78.72258758544922,80.10821533203125,81.51936340332031,82.6521987915039,83.40705108642578,83.4402847290039,82.79976654052734,81.95610046386719,81.37327575683594,81.32501220703125,81.63619232177734,82.01889038085938,82.97733306884766,85.35680389404297,88.36919403076172,90.2683334350586,90.81351470947266,91.44252014160156,92.84016418457031,93.59297943115234,92.94493865966797,92.66173553466797,94.73222351074219,98.77796173095703,102.76070404052734,104.52518463134766,103.67721557617188
76.11845397949219,76.11619567871094,76.22787475585938,76.33867645263672,76.29963684082031,76.26403045654297,76.53011322021484,77.13013458251953,77.99129486083984,78.99708557128906,79.79107666015625,79.79273223876953,78.98627471923828,78.02527618408203,77.59624481201172,77.70350646972656,78.37022399902344,79.56712341308594,81.0630111694336,82.15904998779297,83.10842895507812,84.08794403076172,84.49574279785156,84.15666961669922,83.37586212158203,82.68119812011719,82.35910034179688,82.29354095458984,82.50276947021484,83.53762817382812,86.17801666259766,89.72271728515625,91.66881561279297,91.44680786132812,91.60810089111328,93.58849334716797,94.6806869506836,93.23441314697266,92.67034149169922,95.66169738769531,100.1070556640625,103.74581146240234,104.9020004272461,103.18341827392578
77.0516357421875,76.66680145263672,76.12909698486328,75.83615112304688,75.83399963378906,76.00604248046875,76.52180480957031,77.46224212646484,78.69367980957031,79.68109893798828,80.01221466064453,79.69743347167969,78.86759948730469,77.96949005126953,77.78681945800781,78.19763946533203,79.32456970214844,80.71509552001953,81.75897979736328,82.27774810791016,83.46377563476562,84.78186798095703,85.34220886230469,85.1603775024414,84.60384368896484,84.22594451904297,83.97775268554688,83.70767211914062,83.60694885253906,84.01714324951172,86.61997985839844,91.46484375,93.99089813232422,92.90837097167969,92.7959976196289,96.15013122558594,97.9533462524414,95.0186767578125,93.1340560913086,97.01969909667969,102.2600326538086,104.81785583496094,104.47832489013672,102.23761749267578
77.6363754272461,77.00187683105469,75.9052963256836,75.22879028320312,75.24732208251953,75.74879455566406,76.61815643310547,77.86568450927734,79.28510284423828,80.11084747314453,80.02806854248047,79.36309051513672,78.80887603759766,78.3495864868164,78.38785552978516,79.03904724121094,80.36092376708984,81.98957061767578,82.50055694580078,83.0133056640625,84.41431427001953,85.62186431884766,85.72039031982422,85.28519439697266,85.26070404052734,85.19160461425781,84.73933410644531,84.105712890625,83.02529907226562,82.5290756225586,86.22772216796875,92.2665023803711,94.86016845703125,94.13984680175781,94.11617279052734,98.3494644165039,101.49330139160156,98.10787963867188,94.32276153564453,97.40719604492188,104.04288482666016,106.35823822021484,103.39510345458984,100.13184356689453
77.51969909667969,76.87861633300781,75.6474609375,74.9057846069336,75.11817169189453,76.04782104492188,77.2203369140625,78.50377655029297,79.67163848876953,80.24618530273438,79.8868408203125,79.0836181640625,78.88922882080078,79.10929107666016,79.25495910644531,79.6010513305664,80.50214385986328,82.17594909667969,83.5687255859375,84.17928314208984,85.11206817626953,85.95364379882812,85.7929916381836,85.08441162109375,84.53768920898438,84.03235626220703,83.34698486328125,82.38955688476562,80.96080780029297,80.0402603149414,83.56242370605469,90.93359375,95.24369812011719,95.92367553710938,96.19637298583984,98.26747131347656,100.44153594970703,99.6123275756836,97.66751098632812,98.87506866455078,103.3798599243164,106.36585235595703,103.39962768554688,98.19732666015625
76.82427215576172,76.2983627319336,75.4845962524414,75.24205017089844,75.9507064819336,77.25850677490234,78.42767333984375,79.2959213256836,79.78101348876953,79.94979095458984,79.66668701171875,79.3270263671875,79.31407165527344,79.438720703125,79.47172546386719,79.59986114501953,80.20633697509766,81.68241882324219,83.3644027709961,84.47687530517578,84.98400115966797,85.10358428955078,84.80826568603516,84.48882293701172,83.78462219238281,82.35566711425781,81.14253997802734,80.25146484375,79.94831848144531,80.89783477783203,83.9048843383789,89.73829650878906,95.69297790527344,98.91193389892578,99.05279541015625,98.15350341796875,97.85592651367188,97.9041748046875,98.71575164794922,100.75287628173828,103.07876586914062,104.08827209472656,101.86515808105469,97.78073120117188
76.04432678222656,75.55572509765625,75.39859008789062,76.06881713867188,77.44548034667969,78.8442611694336,79.47340393066406,79.48664093017578,79.35430145263672,79.38536071777344,79.28765869140625,79.55339813232422,79.88639068603516,79.77784729003906,79.30742645263672,78.9654312133789,79.61062622070312,80.74897003173828,82.14017486572266,83.78753662109375,84.57451629638672,84.58133697509766,84.26708984375,83.7962646484375,82.96488189697266,81.41110229492188,80.260498046875,80.29814147949219,81.50032806396484,84.05643463134766,87.14844512939453,90.93392944335938,95.60420227050781,99.18155670166016,99.52854919433594,98.087646484375,97.27365112304688,97.02094268798828,97.72952270507812,100.1800308227539,102.67112731933594,102.67276000976562,100.01214599609375,97.2543716430664
75.41106414794922,75.01825714111328,75.50342559814453,77.16117095947266,79.02076721191406,79.84093475341797,79.41920471191406,78.77735137939453,78.68698120117188,78.86780548095703,79.08827209472656,79.84909057617188,80.59766387939453,80.55264282226562,79.69901275634766,78.3976058959961,78.08842468261719,79.4262466430664,81.46755981445312,83.32972717285156,84.63713073730469,85.30728149414062,85.07518005371094,84.0572509765625,83.26190185546875,82.75604248046875,82.2134017944336,82.22801971435547,83.41793823242188,85.97968292236328,88.67142486572266,91.30078125,94.92268371582031,97.64127349853516,97.62458801269531,96.89725494384766,97.28191375732422,97.86395263671875,98.30961608886719,99.44868469238281,101.01200103759766,101.12542724609375,99.01119232177734,96.95254516601562
74.93125915527344,74.83071899414062,76.00300598144531,78.32249450683594,80.02665710449219,79.74823760986328,78.44718933105469,77.81770324707031,77.82899475097656,78.37335968017578,79.2945556640625,80.98762512207031,82.33367156982422,81.88988494873047,80.8424072265625,79.34616088867188,77.21804809570312,77.38975524902344,80.85592651367188,84.17161560058594,85.46498107910156,85.48123168945312,85.0826416015625,84.6134262084961,83.78939819335938,83.07301330566406,82.87284851074219,83.34908294677734,84.9220199584961,86.93287658691406,88.37307739257812,90.0578842163086,92.99492645263672,95.31523132324219,95.38214874267578,94.92901611328125,95.74542999267578,97.5829849243164,99.29224395751953,100.00830078125,99.83982849121094,98.81401824951172,96.89860534667969,95.77727508544922
74.91301727294922,75.27498626708984,76.82329559326172,78.7990951538086,79.58747100830078,78.5543441772461,77.18244171142578,76.7787857055664,76.89281463623047,78.08802032470703,80.73822784423828,83.59571075439453,84.83196258544922,83.28881072998047,81.02765655517578,79.86978912353516,78.20516204833984,77.16410064697266,80.60527801513672,84.9268798828125,85.64608764648438,84.56118774414062,83.53437042236328,82.93736267089844,82.80369567871094,83.02495574951172,83.27899169921875,84.0213623046875,86.26883697509766,88.0737075805664,88.0436782836914,88.2159423828125,90.45606231689453,93.23402404785156,94.1158218383789,93.6405029296875,94.0869369506836,96.26209259033203,98.74734497070312,99.75999450683594,99.1051025390625,97.0377426147461,94.15716552734375,93.35201263427734
75.4615707397461,76.1012191772461,77.25607299804688,78.02909851074219,77.7085952758789,76.66670989990234,75.7027816772461,75.3991928100586,76.20135498046875,79.1588134765625,84.10458374023438,87.70149230957031,87.16090393066406,83.1697769165039,79.3287582397461,78.90521240234375,79.96044158935547,79.5841064453125,81.11331176757812,83.71134948730469,83.25234985351562,81.6728515625,81.4610595703125,81.86924743652344,81.74931335449219,81.48785400390625,81.81904602050781,83.15770721435547,85.91368865966797,87.8820571899414,87.10133361816406,85.9082260131836,87.31745910644531,90.25310516357422,91.8702163696289,91.90950775146484,92.34432983398438,94.32009887695312,96.62388610839844,97.59941101074219,97.21007537841797,95.48648834228516,92.33161926269531,91.13872528076172
76.2752914428711,76.67771911621094,76.6263656616211,76.05362701416016,75.36812591552734,74.77906799316406,74.40402221679688,74.53942108154297,76.54856872558594,82.03640747070312,88.69971466064453,91.17308807373047,87.61915588378906,81.0644302368164,76.30726623535156,77.56602478027344,81.53761291503906,81.5627212524414,79.58793640136719,78.94243621826172,78.51303100585938,78.65538024902344,79.7573471069336,80.22737121582031,79.58414459228516,79.3673095703125,80.43643951416016,82.38710021972656,84.92239379882812,86.34247589111328,85.2151107788086,83.6817626953125,84.31085205078125,86.32695007324219,88.08489227294922,88.97398376464844,89.55451202392578,90.96368408203125,92.68473815917969,93.2721176147461,92.89646911621094,92.20576477050781,90.47300720214844,89.18648529052734
76.70999145507812,76.28751373291016,74.98350524902344,73.76908111572266,73.28463745117188,73.5201187133789,74.45284271240234,76.0450210571289,79.29134368896484,85.85314178466797,92.2982406616211,92.00376892089844,85.61711883544922,78.45063018798828,75.5646743774414,78.20613861083984,81.30719757080078,79.35752868652344,74.87306213378906,72.93397521972656,73.92072296142578,76.25028991699219,78.21975708007812,78.6404800415039,77.93190002441406,77.61035919189453,78.70611572265625,80.8449478149414,82.78689575195312,83.30665588378906,82.24827575683594,81.35520935058594,81.85093688964844,82.8865737915039,83.83848571777344,84.7011489868164,85.38174438476562,85.94464874267578,86.54798126220703,86.9928970336914,87.09848022460938,87.18617248535156,86.57891082763672,85.55337524414062
76.17230987548828,74.79202270507812,72.78927612304688,71.6434326171875,72.1200942993164,73.70002746582031,76.78772735595703,80.81999969482422,84.49774169921875,88.65779113769531,91.7717056274414,89.6198959350586,83.3888931274414,77.96771240234375,76.30286407470703,77.46376037597656,78.31532287597656,75.76637268066406,71.32707214355469,69.54077911376953,71.73274993896484,75.3350830078125,77.58104705810547,78.0389404296875,77.52735137939453,76.89092254638672,77.00990295410156,78.15129852294922,79.25920867919922,79.28024291992188,78.48804473876953,78.13903045654297,78.77588653564453,79.44908142089844,79.58352661132812,79.46388244628906,79.44224548339844,79.45951080322266,79.49278259277344,80.10013580322266,81.39358520507812,82.17964172363281,81.66448974609375,81.07579040527344
74.65843200683594,72.7397689819336,70.85257720947266,70.213623046875,72.39081573486328,76.48779296875,81.2852783203125,85.55105590820312,87.52250671386719,88.43024444580078,88.30677032470703,85.23892211914062,80.83848571777344,77.59626770019531,75.40733337402344,75.01969146728516,76.39749145507812,75.4870376586914,71.94754028320312,70.25216674804688,72.23009490966797,75.00859069824219,76.43818664550781,76.51353454589844,75.81222534179688,75.24404907226562,75.40864562988281,76.34341430664062,77.25778198242188,77.04203796386719,75.8901138305664,75.00672912597656,74.760009765625,74.4820556640625,73.98351287841797,73.37184143066406,72.83534240722656,72.92131805419922,73.6568603515625,75.04304504394531,77.09867095947266,78.09474182128906,77.25450134277344,76.84147644042969
72.72587585449219,70.78422546386719,69.98384857177734,71.53471374511719,76.21025848388672,81.81269073486328,85.30130767822266,86.43684387207031,86.196044921875,86.05327606201172,85.49287414550781,82.78303527832031,78.72810363769531,75.6063232421875,73.8484115600586,74.77159118652344,77.82941436767578,77.58771514892578,73.67259979248047,71.53379821777344,72.97937774658203,74.59764099121094,75.07823944091797,74.29512786865234,73.09087371826172,73.08797454833984,74.10302734375,74.86727905273438,74.71022033691406,73.45121765136719,72.2039566040039,71.83323669433594,71.35739135742188,70.2265853881836,68.9986343383789,67.9944076538086,67.64369201660156,68.42183685302734,69.88247680664062,71.5988540649414,73.66647338867188,74.85086059570312,74.15863800048828,73.5146713256836
71.45475006103516,70.04066467285156,71.09010314941406,75.85423278808594,81.58240509033203,85.15077209472656,85.5205307006836,83.86968994140625,82.46344757080078,82.17552947998047,82.47215270996094,82.20757293701172,79.67529296875,75.88372802734375,73.68755340576172,75.54602813720703,78.68574523925781,78.00326538085938,73.77124786376953,71.08965301513672,71.2483139038086,72.19745635986328,72.44888305664062,71.40825653076172,70.27993774414062,70.15898895263672,70.5692367553711,70.83277130126953,70.62699890136719,69.7738265991211,69.11685180664062,68.80322265625,67.71416473388672,66.23906707763672,65.18508911132812,64.28217315673828,64.27017974853516,65.82678985595703,67.9841079711914,69.67339324951172,71.07395935058594,72.08890533447266,71.94437408447266,71.17166137695312
72.23551940917969,72.03097534179688,75.14279174804688,81.0235824584961,83.98648071289062,83.27357482910156,82.23528289794922,81.39407348632812,80.11634063720703,79.40068817138672,80.45109558105469,81.8172836303711,80.52501678466797,77.3194351196289,75.60894775390625,76.32422637939453,76.99945831298828,75.18101501464844,72.2726821899414,70.5820541381836,69.6260986328125,68.74071502685547,67.88900756835938,66.71302795410156,65.37442779541016,65.1494140625,66.09428405761719,67.29852294921875,68.15450286865234,68.14337158203125,67.56674194335938,66.4836654663086,64.69281768798828,63.26837158203125,62.69240188598633,62.23700714111328,62.606990814208984,64.57355499267578,67.0029296875,68.4540786743164,68.7586441040039,68.4550552368164,68.12313079833984,67.73152923583984
73.98551940917969,75.51445770263672,80.51944732666016,84.11324310302734,82.14752197265625,79.08606719970703,79.05561828613281,79.67107391357422,79.1803970336914,79.17806243896484,80.3222427368164,81.03499603271484,79.82261657714844,77.3997573852539,75.82418823242188,75.28507232666016,73.5999755859375,70.5938949584961,69.21234893798828,69.2413558959961,68.04934692382812,65.7119140625,63.71006393432617,62.57923889160156,62.2939453125,62.87771224975586,63.92349624633789,65.27997589111328,66.6390380859375,67.01873779296875,66.45246887207031,65.00778198242188,62.758811950683594,60.9719352722168,60.318275451660156,60.683780670166016,62.023834228515625,63.733272552490234,65.15972137451172,65.72872161865234,64.87483215332031,63.36579895019531,62.968868255615234,63.63787841796875
75.6512222290039,78.52210235595703,83.07901000976562,83.38005065917969,80.04646301269531,77.58114624023438,77.06222534179688,77.58384704589844,78.83778381347656,79.63482666015625,79.40906524658203,78.57959747314453,76.96031951904297,74.77825164794922,73.5061264038086,72.76065826416016,69.68427276611328,65.8597412109375,65.66276550292969,66.74732971191406,65.61363983154297,63.00876235961914,60.847511291503906,60.135765075683594,60.754085540771484,61.17631912231445,61.170284271240234,62.00518035888672,63.811119079589844,64.97958374023438,64.4210433959961,62.26542663574219,60.12202072143555,59.16229248046875,58.749229431152344,59.209835052490234,60.95137023925781,62.27892303466797,62.32548904418945,61.79518508911133,60.717063903808594,59.28894805908203,59.10918045043945,60.480079650878906
