data/wind_data/wind_24_2.json
{"header": {"parameterUnit": "KT", "parameterCategory": 2, "nx": 256, "ny": 198, "lo1": 44.73521041870117, "la1": -3.236724853515625, "lo2": 111.26478576660156, "la2": 43.468475341796875, "dx": 0.2609002888202667, "dy": -0.23708222806453705, "refTime": "2025-02-20 00:00:00", "forecastTime": 0, "parameterNumber": 2, "parameterNumberName": "eastward_wind"}, "data":
[rows 57 to 75 of 198, columns 86 to 128 of 256]
-4.817863941192627,-7.269111156463623,-7.529730319976807,-7.159067153930664,-5.9465837478637695,-5.696578025817871,-6.053309440612793,-5.663064956665039,-5.45336389541626,-4.24498176574707,-5.0873003005981445,-3.084542989730835,-3.6194417476654053,-3.965008497238159,-3.1783809661865234,-2.2447688579559326,-1.5700318813323975,-1.880186915397644,-2.2432167530059814,-0.5191547274589539,-0.04017598554491997,1.286059021949768,0.6567358374595642,0.09115373343229294,-0.6327739357948303,-1.7985113859176636,-1.5757650136947632,-3.911862850189209,0.15911738574504852,-1.058721661567688,0.19713902473449707,-0.3213420808315277,0.7628170251846313,0.8417813777923584,-1.1243335008621216,-6.19365119934082,-10.908744812011719,-10.986197471618652,-10.008271217346191,-7.532188892364502,-4.743712902069092,-3.5365993976593018,-5.948925018310547
-8.238056182861328,-8.393641471862793,-6.993669033050537,-8.280226707458496,-5.659830570220947,-5.338977813720703,-7.196005821228027,-5.745786666870117,-5.035473346710205,-4.6749587059021,-5.204427719116211,-5.331857681274414,-4.803732395172119,-4.062404632568359,-3.7264480590820312,-3.1415603160858154,-1.6246089935302734,-0.4839426875114441,-0.8628178834915161,-0.9349831342697144,-0.42437824606895447,2.322141647338867,1.3066366910934448,2.382091999053955,1.5352250337600708,0.9889078140258789,0.48597025871276855,-4.7703022956848145,3.311340808868408,0.5990685224533081,2.0502138137817383,-0.4269240200519562,0.007960912771522999,-0.9426429271697998,-2.2107155323028564,-5.268122673034668,-5.877203941345215,-6.459137439727783,-9.813488006591797,-9.862475395202637,-5.654109954833984,-4.141806125640869,-6.550546646118164
-9.669987678527832,-7.520953178405762,-7.274185657501221,-6.081724643707275,-8.066553115844727,-6.438991546630859,-6.369794845581055,-5.075351715087891,-6.266905784606934,-5.738729476928711,-6.043917179107666,-5.329083442687988,-4.562318325042725,-4.51871919631958,-3.7302815914154053,-2.680966854095459,-2.180255889892578,-1.1735918521881104,-0.4028458595275879,-0.15691575407981873,0.18902136385440826,1.399717926979065,0.6537686586380005,2.6211633682250977,-0.2593703269958496,0.593113899230957,0.8424383401870728,-1.8318934440612793,-0.46633318066596985,1.1988725662231445,4.002460479736328,0.9504390954971313,-2.7925832271575928,-4.047147750854492,-0.549545407295227,-3.750321865081787,-4.280745983123779,-4.47681999206543,-5.976663112640381,-6.388391017913818,-5.092015266418457,-4.561151027679443,-6.143827438354492
-9.30894660949707,-8.48336124420166,-8.760544776916504,-8.332976341247559,-8.071189880371094,-7.132348537445068,-6.9825119972229,-6.699031829833984,-5.886029243469238,-5.946647644042969,-6.216279029846191,-5.642293930053711,-5.130682945251465,-4.601787090301514,-3.925541877746582,-3.0815622806549072,-2.4294371604919434,-2.0266096591949463,-1.6220825910568237,-1.3478633165359497,-1.5073857307434082,-1.7190228700637817,-0.5829949975013733,1.3420666456222534,-3.370521068572998,1.9257597923278809,2.5535829067230225,1.10179603099823,-4.093072414398193,3.1025331020355225,2.531125545501709,1.421882152557373,-3.262723207473755,-5.2002458572387695,0.39000800251960754,-1.8534460067749023,-3.038358688354492,-3.399454355239868,-2.7405025959014893,-2.9284605979919434,-5.312014102935791,-6.401937961578369,-4.989694595336914
-11.136090278625488,-11.102200508117676,-10.323890686035156,-9.896097183227539,-9.20955753326416,-9.068291664123535,-8.166058540344238,-6.519238471984863,-7.0950703620910645,-6.596530437469482,-6.7256269454956055,-6.8154144287109375,-5.978180408477783,-5.631715297698975,-5.009153842926025,-4.148548126220703,-3.443955421447754,-3.1469027996063232,-2.5028910636901855,-2.2225677967071533,-2.347846508026123,-1.7786771059036255,-0.20010820031166077,0.16391196846961975,-1.2881734371185303,0.4344637393951416,-1.0719680786132812,2.6312599182128906,-1.907312035560608,0.6844540238380432,1.3727601766586304,1.6298729181289673,-1.4858371019363403,-5.716002941131592,-1.0173696279525757,0.7818071842193604,-0.8836403489112854,-2.573561668395996,-2.095550537109375,-3.191582202911377,-6.848189353942871,-8.35262680053711,-7.015308856964111
-11.17599868774414,-11.107809066772461,-10.737448692321777,-10.003686904907227,-9.025508880615234,-8.74232006072998,-8.38284969329834,-8.038873672485352,-8.106645584106445,-7.847276210784912,-7.733156681060791,-7.421825408935547,-6.661543369293213,-6.3459954261779785,-6.012187480926514,-5.291432857513428,-4.590660572052002,-4.369115829467773,-4.071070671081543,-3.270246744155884,-2.9977471828460693,-2.7533512115478516,-2.3629772663116455,-0.32230186462402344,-0.02951386570930481,0.01696614921092987,-0.8467954993247986,-0.05022171139717102,-4.013018608093262,1.8134198188781738,4.073930263519287,1.1390472650527954,-2.560943126678467,-5.509310722351074,-1.4029350280761719,2.627692461013794,1.4195984601974487,-1.175953984260559,-2.847125768661499,-5.458889961242676,-8.73354721069336,-10.881921768188477,-11.280312538146973
-11.155325889587402,-10.92457103729248,-10.585775375366211,-10.328117370605469,-10.10644245147705,-9.712016105651855,-9.412616729736328,-8.896395683288574,-8.604704856872559,-8.330108642578125,-8.20197582244873,-7.690128803253174,-7.316230297088623,-7.322356224060059,-7.1608381271362305,-6.659608840942383,-6.048801898956299,-5.495212554931641,-5.035184860229492,-4.822144031524658,-3.9581689834594727,-3.4032492637634277,-2.827291250228882,-1.6405434608459473,-2.8033063411712646,-1.8363831043243408,-1.1039632558822632,2.415560722351074,-4.109185695648193,6.155956268310547,2.856340169906616,-1.0958420038223267,-6.14003324508667,-5.4218854904174805,-0.2435850352048874,3.616278886795044,3.1925275325775146,-0.08240059018135071,-4.021933078765869,-8.15245246887207,-11.506464958190918,-12.838092803955078,-12.727636337280273
-11.224417686462402,-11.072578430175781,-10.833267211914062,-10.650078773498535,-10.465751647949219,-10.085469245910645,-9.768513679504395,-9.31812572479248,-8.966425895690918,-8.371053695678711,-8.151091575622559,-7.41889762878418,-7.138326168060303,-7.06275749206543,-7.01901388168335,-6.829894065856934,-6.484395503997803,-6.027222633361816,-5.3631768226623535,-4.832172393798828,-4.569694995880127,-4.0887980461120605,-2.5913279056549072,-1.6329652070999146,-1.558201551437378,-3.3477060794830322,-0.9816339015960693,-1.4070985317230225,-2.115696668624878,7.4314751625061035,1.4507181644439697,-3.289421319961548,-4.702742099761963,-3.3044381141662598,0.8899034857749939,3.6491858959198,4.653946399688721,0.5755389928817749,-4.564504623413086,-8.632944107055664,-11.806756019592285,-12.597111701965332,-11.176251411437988
-10.565557479858398,-10.699715614318848,-10.75546646118164,-10.81994915008545,-10.504239082336426,-10.092187881469727,-9.761356353759766,-9.354787826538086,-8.86083698272705,-8.191047668457031,-7.537745952606201,-7.082309246063232,-6.834620475769043,-6.693860054016113,-6.55426549911499,-6.400040626525879,-6.270004749298096,-6.176080703735352,-5.783682346343994,-5.200212001800537,-4.440333843231201,-3.692735195159912,-3.3651340007781982,-3.2053062915802,-3.830521583557129,-4.5497918128967285,0.21642540395259857,-3.057971954345703,1.2806373834609985,2.169816732406616,0.624923586845398,-0.6535763144493103,-0.9942419528961182,-1.3174717426300049,0.12436752021312714,3.672577142715454,5.605136394500732,2.9580178260803223,-2.4259705543518066,-6.094583511352539,-10.11021900177002,-11.445448875427246,-9.787529945373535
-9.924487113952637,-10.368301391601562,-10.557086944580078,-10.43701171875,-9.989461898803711,-9.729689598083496,-9.208367347717285,-8.775675773620605,-8.234359741210938,-7.552684783935547,-6.977839469909668,-6.5989532470703125,-6.309654712677002,-6.195152759552002,-6.121201515197754,-5.952021598815918,-5.808006286621094,-5.798495769500732,-5.7443060874938965,-5.462202548980713,-5.017979145050049,-4.500217437744141,-3.9606564044952393,-4.3623223304748535,-4.2343878746032715,-3.1863253116607666,-2.227567195892334,-1.4977909326553345,0.1293056458234787,1.0402801036834717,2.34458327293396,1.6312130689620972,0.6098986864089966,-0.8581398725509644,0.20737306773662567,4.210847854614258,6.033710956573486,5.000051498413086,0.4305139183998108,-3.481822967529297,-8.135048866271973,-9.758955955505371,-8.402448654174805
-9.375828742980957,-9.654348373413086,-9.998067855834961,-9.546137809753418,-9.072596549987793,-8.7579927444458,-8.367814064025879,-7.940558910369873,-7.435094833374023,-6.944974422454834,-6.447795867919922,-6.00390625,-5.7123589515686035,-5.645132541656494,-5.6712212562561035,-5.630133628845215,-5.505765914916992,-5.565869331359863,-5.851988315582275,-5.972100257873535,-5.568352699279785,-4.777599334716797,-4.461754322052002,-4.573684215545654,-4.2190704345703125,-3.905813455581665,-2.858859062194824,-0.5127100944519043,-0.06105361506342888,2.253617525100708,3.4972410202026367,3.178478479385376,0.8298229575157166,-2.1047420501708984,0.42119908332824707,4.025299072265625,5.43912410736084,5.405007362365723,1.964945912361145,-1.4405163526535034,-5.272387981414795,-8.828063011169434,-8.152530670166016
-9.309281349182129,-9.410704612731934,-9.222726821899414,-8.9764986038208,-8.679498672485352,-8.307589530944824,-7.949796199798584,-7.559037208557129,-7.1552019119262695,-6.656492710113525,-6.067163467407227,-5.570754528045654,-5.316919803619385,-5.290094375610352,-5.397339820861816,-5.525816440582275,-5.605844974517822,-5.724941730499268,-6.090675354003906,-6.605513572692871,-6.49363374710083,-5.629560470581055,-4.939300060272217,-4.242676734924316,-3.5516419410705566,-3.156599998474121,-2.8072118759155273,-0.7267252206802368,0.34655049443244934,2.8862051963806152,4.292567253112793,3.2235589027404785,-0.34544962644577026,-3.745453357696533,-0.485811322927475,3.0289745330810547,3.9794416427612305,4.901277542114258,2.721104145050049,-0.723084568977356,-5.395114898681641,-9.849563598632812,-12.138458251953125
-9.595996856689453,-9.591903686523438,-9.386255264282227,-9.080090522766113,-8.666013717651367,-8.286458015441895,-7.9064788818359375,-7.552924156188965,-7.189028739929199,-6.665140151977539,-6.07710075378418,-5.58579683303833,-5.3050947189331055,-5.223167896270752,-5.294428825378418,-5.481599807739258,-5.720205307006836,-6.001121997833252,-6.386595726013184,-7.009347915649414,-7.363795757293701,-6.835593223571777,-5.756292819976807,-4.66043758392334,-3.866974353790283,-3.2715370655059814,-2.3195621967315674,-0.5595001578330994,1.7315860986709595,4.533560276031494,4.4396820068359375,1.470429539680481,-2.7001078128814697,-4.700160980224609,-1.3742915391921997,1.462104320526123,1.2738494873046875,2.227491617202759,1.47066068649292,-0.407389372587204,-3.1929943561553955,-6.762345314025879,-9.360087394714355
-9.587384223937988,-9.567272186279297,-9.390647888183594,-9.069465637207031,-8.673316955566406,-8.271437644958496,-7.913855075836182,-7.567193508148193,-7.234750270843506,-6.850955486297607,-6.369653224945068,-5.881986141204834,-5.507656097412109,-5.318678379058838,-5.302791595458984,-5.383675575256348,-5.557483673095703,-5.911882400512695,-6.339447021484375,-6.96498966217041,-7.664349555969238,-7.71500825881958,-6.853148937225342,-5.600513935089111,-4.636643409729004,-3.782822608947754,-2.1712234020233154,0.48923856019973755,4.553959846496582,4.959055423736572,2.2739460468292236,-1.8696832656860352,-4.714667320251465,-5.075376987457275,-1.740326166152954,0.30130159854888916,-0.9522619247436523,-1.6313315629959106,-0.9013098478317261,-1.0417431592941284,-3.8355565071105957,-7.073554039001465,-8.556295394897461
-9.376072883605957,-9.297086715698242,-9.112237930297852,-8.885799407958984,-8.600393295288086,-8.272489547729492,-7.951579570770264,-7.642132759094238,-7.385098457336426,-7.067048072814941,-6.692892074584961,-6.28917121887207,-5.8965935707092285,-5.6018476486206055,-5.466726779937744,-5.372467517852783,-5.283082962036133,-5.441460132598877,-5.82785177230835,-6.352696418762207,-7.090435028076172,-7.443301200866699,-7.161670684814453,-6.456964492797852,-5.7054829597473145,-4.247880935668945,-1.7832578420639038,2.931658983230591,6.013043403625488,2.0491437911987305,-1.9978611469268799,-4.985961437225342,-5.680591106414795,-4.810123443603516,-1.89777672290802,-0.5935174226760864,-0.8242464065551758,-1.8357502222061157,-2.090898275375366,-4.4586310386657715,-6.6787214279174805,-7.8768792152404785,-8.695226669311523
-9.005431175231934,-8.856748580932617,-8.792037963867188,-8.710326194763184,-8.508002281188965,-8.235183715820312,-7.906438827514648,-7.57839298248291,-7.305983066558838,-7.069720268249512,-6.853684425354004,-6.632811069488525,-6.367555618286133,-6.065065860748291,-5.808350563049316,-5.5934553146362305,-5.333220958709717,-5.17633581161499,-5.351778507232666,-5.8521647453308105,-6.4738945960998535,-6.783275604248047,-6.682802677154541,-6.523158073425293,-6.279993534088135,-4.062799453735352,-0.7811329364776611,4.662613391876221,2.776113271713257,-2.9447100162506104,-5.439234733581543,-6.307348728179932,-5.992675304412842,-4.306053638458252,-1.751753807067871,-0.5454053282737732,-0.3604924976825714,-0.8604574203491211,-2.8337106704711914,-5.217387676239014,-5.538918495178223,-6.034854888916016,-7.253065586090088
-8.763745307922363,-8.621271133422852,-8.533814430236816,-8.44266128540039,-8.245647430419922,-7.956961154937744,-7.595702171325684,-7.270339012145996,-7.031656265258789,-6.886980056762695,-6.820943355560303,-6.795190334320068,-6.718142509460449,-6.504734516143799,-6.239043235778809,-6.022689342498779,-5.822062969207764,-5.538478851318359,-5.487747669219971,-5.9386515617370605,-6.537938594818115,-6.741426467895508,-6.489128112792969,-6.360365867614746,-6.391313552856445,-2.641381025314331,2.365264892578125,1.4940744638442993,-2.115870714187622,-3.8221657276153564,-4.640151023864746,-6.332424163818359,-6.859199523925781,-4.674646377563477,-1.9511923789978027,-1.1272131204605103,-1.5494006872177124,-1.84039306640625,-2.6248209476470947,-3.4694740772247314,-4.461632251739502,-4.543574810028076,-4.8507561683654785
-8.543194770812988,-8.351356506347656,-8.21460247039795,-8.054460525512695,-7.803345680236816,-7.507431983947754,-7.183280944824219,-6.934038162231445,-6.817595958709717,-6.803999900817871,-6.834537982940674,-6.908082485198975,-6.942364692687988,-6.794039726257324,-6.572732448577881,-6.462028503417969,-6.445136070251465,-6.217820644378662,-5.962650775909424,-6.1713547706604,-6.771011829376221,-7.200210094451904,-7.109827518463135,-6.85856294631958,-6.2441325187683105,-1.0016002655029297,-0.3954750895500183,-2.2392187118530273,-3.2112042903900146,-1.6794463396072388,-2.8567583560943604,-5.104002475738525,-6.939583778381348,-5.572481632232666,-2.2164664268493652,-1.0709974765777588,-1.929635763168335,-2.049679756164551,-2.1974880695343018,-1.6152849197387695,-2.5407328605651855,-3.2884206771850586,-3.751002311706543
-7.982629776000977,-7.803851127624512,-7.636897563934326,-7.456138610839844,-7.238211631774902,-7.049639701843262,-6.913668155670166,-6.85362434387207,-6.901805400848389,-6.982352256774902,-7.0287933349609375,-7.091533184051514,-7.096597194671631,-6.949975967407227,-6.759477615356445,-6.7369384765625,-6.86592435836792,-6.784131050109863,-6.413928985595703,-6.187016010284424,-6.500270366668701,-7.352363109588623,-7.976784706115723,-7.616300106048584,-5.525909423828125,-2.465275764465332,-4.5254902839660645,-4.396886825561523,-3.128607749938965,-2.1126596927642822,-2.470853090286255,-4.272522449493408,-7.454860210418701,-6.859890460968018,-3.3162026405334473,-0.5289682149887085,-0.3410777747631073,-0.2516128718852997,-0.667670488357544,-0.5927131175994873,-1.083187222480774,-1.542838215827942,-1.2291646003723145
