data/wind_data/wind_45_7.json
{"header": {"parameterUnit": "KT", "parameterCategory": 2, "nx": 256, "ny": 198, "lo1": 44.73521041870117, "la1": -3.236724853515625, "lo2": 111.26478576660156, "la2": 43.468475341796875, "dx": 0.2609002888202667, "dy": -0.23708222806453705, "refTime": "2025-02-20 21:00:00", "forecastTime": 0, "parameterNumber": 2, "parameterNumberName": "eastward_wind"}, "data":
[rows 140 to 159 of 198, columns 88 to 131 of 256]
76.29409790039062,76.65509796142578,76.66485595703125,76.53939819335938,76.54827117919922,76.33824920654297,74.25308227539062,70.55624389648438,68.75788879394531,69.61732482910156,70.26358032226562,70.00586700439453,70.19367980957031,71.24247741699219,72.85464477539062,74.54088592529297,76.00110626220703,77.06989288330078,77.41336822509766,77.31031799316406,77.52989959716797,78.13683319091797,78.91339874267578,80.11563873291016,81.8722152709961,83.71961212158203,85.19107055664062,86.05548858642578,86.13848876953125,85.59703063964844,85.17620849609375,85.53278350830078,86.68366241455078,88.35841369628906,89.96084594726562,90.62464141845703,89.8492202758789,88.65097045898438,85.8166732788086,78.6900634765625,71.27688598632812,70.01346588134766,70.8292465209961,68.54113006591797
75.83869171142578,75.96480560302734,75.90867614746094,75.62789916992188,75.57707214355469,76.11329650878906,75.15744018554688,71.39530944824219,68.12844848632812,68.4944839477539,70.34788513183594,70.94351196289062,70.71078491210938,71.04473876953125,72.28038787841797,73.94697570800781,75.64922332763672,76.94690704345703,77.35316467285156,77.2567367553711,77.55783081054688,78.28411865234375,79.096435546875,80.14356231689453,81.51700592041016,82.89793395996094,84.07158660888672,84.9636459350586,85.2503662109375,84.76531982421875,84.17964935302734,84.30103302001953,85.25745391845703,86.45598602294922,87.45905303955078,87.59315490722656,86.9227066040039,85.22691345214844,79.87039947509766,71.8741455078125,68.19004821777344,70.4619140625,70.6768569946289,67.25694274902344
75.08477020263672,74.87300872802734,74.61035919189453,74.25580596923828,74.26647186279297,75.28328704833984,75.26432800292969,72.13288116455078,68.47285461425781,68.14409637451172,70.36064147949219,71.71360778808594,71.50369262695312,71.30875396728516,72.0896224975586,73.6494369506836,75.46455383300781,76.92388153076172,77.50294494628906,77.59943389892578,78.08374786376953,78.8003921508789,79.37062072753906,80.09098052978516,81.05485534667969,81.93163299560547,82.65005493164062,83.3695297241211,83.8438949584961,83.63571166992188,83.16053771972656,83.0815200805664,83.47503662109375,84.27421569824219,84.69622802734375,83.90585327148438,82.9639892578125,80.08328247070312,73.19770050048828,67.32978057861328,68.02346801757812,70.46940612792969,69.11392974853516,66.1603775024414
74.04264068603516,73.74555969238281,73.57048034667969,73.34085845947266,73.06946563720703,73.86309814453125,74.37889862060547,72.17639923095703,68.80337524414062,67.9418716430664,70.07275390625,72.03919219970703,72.09561920166016,71.60647583007812,72.09980010986328,73.54560089111328,75.29701232910156,76.77184295654297,77.67367553710938,78.25733184814453,78.88868713378906,79.3608169555664,79.57511901855469,79.9522933959961,80.52515411376953,80.92283630371094,81.11750793457031,81.465087890625,81.95792388916016,82.12513732910156,81.95736694335938,81.81387329101562,81.92845153808594,82.12013244628906,81.75465393066406,80.65536499023438,77.93245697021484,73.03119659423828,67.38064575195312,65.78045654296875,69.13983917236328,70.17384338378906,67.8531265258789,65.39067077636719
73.23004150390625,72.78781127929688,72.83906555175781,72.88013458251953,72.17237854003906,72.56644439697266,73.73440551757812,72.40250396728516,69.2596206665039,67.8190689086914,69.29427337646484,71.57784271240234,72.32088470458984,71.9988784790039,72.31653594970703,73.55752563476562,75.1448745727539,76.50840759277344,77.46219635009766,78.33040618896484,79.14695739746094,79.52638244628906,79.6090087890625,79.78951263427734,79.98538208007812,79.96734619140625,79.77978515625,79.87562561035156,80.3829345703125,80.81916809082031,80.71073150634766,80.62799072265625,80.92841339111328,79.89169311523438,77.762451171875,76.41323852539062,73.41338348388672,67.6347427368164,64.07099151611328,65.68040466308594,69.45970153808594,69.51066589355469,66.603759765625,63.37934875488281
72.17781829833984,72.02656555175781,72.1745376586914,72.08159637451172,71.18280029296875,71.5589370727539,73.74241638183594,73.0765380859375,69.67019653320312,67.90584564208984,68.96351623535156,71.00291442871094,72.30691528320312,72.5644760131836,72.79851531982422,73.65977478027344,75.06495666503906,76.432373046875,77.1641845703125,77.60645294189453,78.24295043945312,78.7713394165039,79.12107849121094,79.43606567382812,79.50907135009766,79.3161849975586,79.03791809082031,79.06749725341797,79.3921127319336,79.77815246582031,79.52552795410156,79.23316192626953,79.1905746459961,77.0442123413086,74.0915298461914,71.26136779785156,67.50016784667969,64.10639953613281,64.80135345458984,67.6612777709961,68.3101806640625,66.60755920410156,64.28910064697266,62.75505828857422
71.62882232666016,71.24020385742188,71.13135528564453,70.99799346923828,70.32168579101562,70.37999725341797,73.4005355834961,74.20755004882812,70.01995086669922,67.42495727539062,68.82266998291016,71.24404907226562,72.76698303222656,73.33495330810547,73.41010284423828,73.86052703857422,75.01312255859375,76.26407623291016,76.82077026367188,76.75483703613281,76.8274154663086,77.2939682006836,78.01423645019531,78.76051330566406,79.1424331665039,79.05242919921875,78.69485473632812,78.51538848876953,78.39102935791016,78.2578125,77.88426971435547,77.21257019042969,76.11822509765625,72.83448028564453,68.88033294677734,67.31507110595703,66.5273666381836,64.31381225585938,64.900634765625,67.3353500366211,66.8397216796875,64.55821990966797,63.490665435791016,63.30955505371094
71.0365219116211,70.8847427368164,70.70433044433594,70.39875793457031,69.76268005371094,68.9491958618164,71.59989166259766,75.44652557373047,72.46218872070312,67.43223571777344,67.55838012695312,70.6644515991211,73.12686920166016,74.1671142578125,74.20098876953125,74.27853393554688,74.97933959960938,75.79845428466797,76.18413543701172,76.13294219970703,76.05320739746094,76.29731750488281,76.90727233886719,77.7067642211914,78.284912109375,78.28221893310547,77.8606948852539,77.44477844238281,76.82258605957031,75.92345428466797,75.38262939453125,74.63554382324219,71.95352935791016,67.24730682373047,62.794403076171875,64.04350280761719,68.4993896484375,66.99097442626953,63.66672134399414,64.22172546386719,65.34780883789062,62.96200180053711,61.177879333496094,61.2252082824707
70.0472183227539,69.77200317382812,69.75638580322266,70.07100677490234,70.31665802001953,69.51830291748047,69.81855773925781,74.71305847167969,76.42953491210938,70.60980987548828,66.7344970703125,68.66129302978516,72.3982925415039,74.72927856445312,75.17716217041016,74.901123046875,74.9462661743164,75.25320434570312,75.50192260742188,75.69035339355469,75.88412475585938,75.93754577636719,75.85906982421875,75.98896789550781,76.27178955078125,76.26984405517578,76.0174560546875,75.6197280883789,74.67191314697266,73.22645568847656,72.39241790771484,70.84634399414062,66.7341079711914,61.772708892822266,59.28730773925781,63.004554748535156,67.96157836914062,67.86211395263672,64.59455871582031,63.044273376464844,62.013694763183594,59.63206481933594,58.05539321899414,57.91608428955078
68.7242660522461,69.30919647216797,69.88786315917969,70.13624572753906,70.30209350585938,69.78814697265625,69.1560287475586,72.107421875,77.24935150146484,75.65995788574219,69.90660095214844,68.17537689208984,70.54126739501953,73.61552429199219,75.23088836669922,75.16758728027344,74.69338989257812,74.73323822021484,75.10972595214844,75.2388687133789,75.19463348388672,75.02041625976562,74.35128021240234,73.59188842773438,73.2789306640625,73.34109497070312,73.556396484375,73.13811492919922,71.7936782836914,70.368408203125,69.15252685546875,66.2851791381836,61.76903533935547,58.439884185791016,58.93741989135742,62.014713287353516,65.3985595703125,66.75121307373047,64.68279266357422,61.34850311279297,57.322532653808594,55.02641296386719,55.01484298706055,55.636329650878906
68.09413146972656,69.08565521240234,70.22311401367188,70.7981948852539,70.69479370117188,69.8199234008789,68.7441635131836,70.17388916015625,74.48163604736328,76.40248107910156,74.05032348632812,71.44877624511719,70.95176696777344,72.40283203125,74.12181854248047,74.62211608886719,74.30851745605469,74.17217254638672,74.41643524169922,74.24066162109375,73.4504623413086,72.81256866455078,72.11013793945312,70.92645263671875,69.97254943847656,70.15835571289062,70.7333984375,70.05842590332031,68.7481918334961,67.36471557617188,65.32890319824219,62.147037506103516,58.77437973022461,57.393924713134766,58.634193420410156,60.602046966552734,62.73101043701172,63.56398391723633,61.76129913330078,57.919273376464844,53.58565902709961,51.994651794433594,52.37610626220703,53.14926528930664
67.80856323242188,68.35748291015625,70.00318145751953,71.38432312011719,71.48544311523438,70.35375213623047,68.91883087158203,69.33101654052734,72.03972625732422,74.0412826538086,73.5964584350586,72.56962585449219,72.26301574707031,72.98561096191406,74.30928802490234,75.0036849975586,74.6608657836914,73.70894622802734,72.86824798583984,72.27313995361328,71.27983093261719,70.14787292480469,69.27301788330078,68.0594253540039,66.82646179199219,67.07674407958984,67.80096435546875,66.7566909790039,65.53646850585938,64.67373657226562,62.00287628173828,58.27490997314453,56.23762130737305,56.6443977355957,57.717132568359375,58.515472412109375,59.13047790527344,59.1196403503418,57.80339813232422,55.43492126464844,52.813716888427734,50.889366149902344,49.747596740722656,50.09316635131836
67.59820556640625,67.84898376464844,69.84245300292969,72.50729370117188,72.65481567382812,70.88783264160156,69.09384155273438,68.77616119384766,70.22937774658203,71.84491729736328,72.42010498046875,72.28727722167969,72.41192626953125,73.42721557617188,74.81558990478516,75.52413940429688,74.97460174560547,73.2662353515625,71.32402801513672,70.00885009765625,68.99000549316406,67.72998809814453,66.39264678955078,65.10892486572266,64.13345336914062,64.32608795166016,64.923583984375,64.01412200927734,62.66462326049805,61.663719177246094,59.62950134277344,56.182228088378906,53.54829025268555,53.92304992675781,55.464454650878906,56.00806427001953,56.12098693847656,56.39554214477539,55.52460479736328,53.28955078125,51.11296081542969,49.09355163574219,47.131752014160156,46.90692138671875
67.93972778320312,67.79987335205078,68.56475830078125,72.39241790771484,74.41108703613281,72.08088684082031,69.20378875732422,67.85240173339844,68.51338195800781,70.35602569580078,72.01461791992188,72.8362808227539,73.11022186279297,73.58082580566406,74.09710693359375,74.09162139892578,73.4386215209961,71.97538757324219,70.07762145996094,68.40222930908203,67.00688934326172,65.56201934814453,63.908546447753906,62.468482971191406,61.9462890625,62.198638916015625,62.39405059814453,61.450469970703125,60.035545349121094,58.90842819213867,57.23032760620117,54.51333999633789,51.90313720703125,51.367610931396484,52.39071273803711,53.33222579956055,54.45782470703125,55.08591079711914,53.03691482543945,49.46220779418945,47.865325927734375,47.696414947509766,46.357181549072266,45.37397003173828
68.96365356445312,68.65947723388672,67.90989685058594,70.02371978759766,73.9565200805664,74.05439758300781,71.01307678222656,68.09811401367188,67.40550231933594,69.2676010131836,71.57173919677734,72.82533264160156,72.99164581298828,72.95768737792969,72.81159973144531,72.01766967773438,70.9178466796875,69.88427734375,68.7972412109375,67.38709259033203,65.63323211669922,63.634132385253906,61.53589630126953,60.02845001220703,59.826499938964844,60.0958366394043,59.97602462768555,59.027042388916016,57.3751335144043,56.09218978881836,55.240901947021484,53.41065979003906,50.517784118652344,48.6968879699707,49.43243408203125,51.4781379699707,53.171260833740234,53.01447677612305,49.88786697387695,46.028018951416016,45.32786560058594,46.372825622558594,45.8819580078125,44.895877838134766
69.97372436523438,69.37055206298828,67.92063903808594,67.87466430664062,70.74079895019531,73.37466430664062,73.06948852539062,70.83415985107422,69.09664154052734,69.44158935546875,70.82447052001953,71.80638122558594,71.7603988647461,71.30564880371094,70.84524536132812,69.87318420410156,68.61076354980469,67.67708587646484,66.9784927368164,65.85486602783203,64.10994720458984,61.741477966308594,59.06670379638672,57.420005798339844,57.388545989990234,57.7844352722168,57.5950813293457,56.54594039916992,54.926387786865234,53.846588134765625,53.67293167114258,52.108558654785156,48.50603485107422,46.15837860107422,47.49772262573242,50.27284240722656,51.53533935546875,50.52499771118164,47.52946853637695,44.840187072753906,44.33533477783203,44.647621154785156,44.96072006225586,45.34501647949219
69.96231079101562,69.33709716796875,68.12594604492188,66.37328338623047,66.8846435546875,70.5610580444336,73.70759582519531,73.83607482910156,72.34452056884766,71.22412109375,70.59015655517578,70.38155364990234,70.14543151855469,69.3410873413086,68.64728546142578,67.7179946899414,66.35433197021484,65.26724243164062,64.45127868652344,63.32251739501953,61.863155364990234,59.80774688720703,57.034339904785156,55.12628173828125,54.899471282958984,55.30611038208008,55.41617202758789,54.482086181640625,53.20070266723633,52.54924392700195,52.02691650390625,50.109493255615234,47.156654357910156,45.620361328125,46.854530334472656,49.166839599609375,49.95532989501953,48.54367446899414,46.41426467895508,45.0663948059082,44.102046966552734,43.631221771240234,44.43327331542969,45.8711051940918
69.53543853759766,69.00031280517578,68.22553253173828,66.77924346923828,65.76949310302734,67.39736938476562,71.11800384521484,73.77125549316406,73.56791687011719,72.13137817382812,70.65289306640625,69.35388946533203,68.92776489257812,68.19886016845703,67.11564636230469,66.35517120361328,64.9236068725586,63.25796890258789,62.06047058105469,60.83084487915039,59.501258850097656,57.89704132080078,55.529903411865234,53.32611083984375,52.5788459777832,52.981781005859375,53.39509963989258,53.011966705322266,52.127384185791016,51.325374603271484,50.37556076049805,48.748878479003906,46.993473052978516,45.98908996582031,46.4834098815918,48.07333755493164,48.73259353637695,47.618465423583984,46.4534797668457,45.34329605102539,43.61796951293945,43.08896255493164,44.278629302978516,45.79636764526367
69.43333435058594,69.19710540771484,68.5654525756836,68.16133880615234,67.42483520507812,67.09518432617188,68.47732543945312,70.6803207397461,71.58807373046875,70.67343139648438,69.1900863647461,67.82009887695312,67.58297729492188,67.84839630126953,66.99230194091797,66.03162384033203,64.83550262451172,62.63003921508789,60.453426361083984,58.85102081298828,57.55405044555664,56.0357666015625,53.90700149536133,51.5591926574707,50.173561096191406,50.657867431640625,51.671974182128906,51.83275604248047,51.238075256347656,49.89624786376953,48.85885238647461,48.14362335205078,47.13392639160156,46.076934814453125,46.06328582763672,47.191932678222656,47.80194854736328,47.36731719970703,46.87090301513672,45.40660095214844,43.153446197509766,42.5413703918457,43.67769241333008,45.066104888916016
69.4952392578125,69.49103546142578,69.02572631835938,69.02552795410156,68.83124542236328,68.0353012084961,67.89405059814453,68.7899398803711,69.43070983886719,68.89869689941406,67.66670227050781,66.17316436767578,65.41841888427734,66.49848937988281,66.97135162353516,65.7447280883789,64.44718933105469,62.6786003112793,59.84082794189453,57.20439529418945,55.662017822265625,54.19221878051758,52.095603942871094,49.69916534423828,47.92205047607422,48.532161712646484,50.238807678222656,50.657161712646484,50.098793029785156,48.67918014526367,47.76411819458008,47.56914138793945,46.90311813354492,45.82010269165039,45.63850784301758,46.382080078125,46.77675247192383,46.895145416259766,46.71356201171875,44.9981575012207,42.661529541015625,41.84759521484375,42.73211669921875,44.177528381347656
