data/wind_data/wind_40_5.json
{"header": {"parameterUnit": "KT", "parameterCategory": 2, "nx": 256, "ny": 198, "lo1": 44.73521041870117, "la1": -3.236724853515625, "lo2": 111.26478576660156, "la2": 43.468475341796875, "dx": 0.2609002888202667, "dy": -0.23708222806453705, "refTime": "2025-02-20 16:00:00", "forecastTime": 0, "parameterNumber": 2, "parameterNumberName": "eastward_wind"}, "data":
[rows 95 to 113 of 198, columns 88 to 131 of 256]
28.122028350830078,28.851741790771484,29.472209930419922,29.961862564086914,30.318775177001953,30.4763126373291,30.41181755065918,30.085533142089844,29.962610244750977,29.657201766967773,29.14508628845215,29.152271270751953,29.56103515625,29.344802856445312,28.374038696289062,27.452932357788086,27.096927642822266,27.224245071411133,27.434240341186523,27.51939582824707,28.012922286987305,29.020326614379883,30.352750778198242,31.5988712310791,32.55323028564453,33.42932891845703,34.40966796875,35.03615951538086,34.960052490234375,34.277774810791016,33.173133850097656,31.92743682861328,31.352313995361328,31.762832641601562,32.49502944946289,32.70547103881836,31.022998809814453,27.767711639404297,25.01702880859375,24.493602752685547,24.768016815185547,25.347585678100586,24.51915168762207,22.750513076782227
29.29633903503418,29.848487854003906,30.222698211669922,30.47329330444336,30.61410140991211,30.63262939453125,30.503849029541016,30.356393814086914,30.508047103881836,30.304372787475586,29.75505256652832,29.73475456237793,30.371746063232422,30.765419006347656,30.334775924682617,29.564937591552734,28.668977737426758,28.044113159179688,27.745685577392578,27.643035888671875,27.90123176574707,28.61581039428711,29.75791358947754,31.06070327758789,32.23613739013672,33.2609977722168,34.28171920776367,35.028663635253906,35.1697883605957,34.80575180053711,33.767887115478516,31.979021072387695,30.50803565979004,30.481971740722656,31.3947811126709,32.28691864013672,31.489086151123047,28.40064239501953,24.383487701416016,22.719266891479492,23.15081024169922,24.337081909179688,24.310314178466797,22.273555755615234
30.457155227661133,30.8203067779541,30.93333625793457,30.91350746154785,30.8151798248291,30.61241912841797,30.543697357177734,30.673030853271484,30.880126953125,30.810415267944336,30.29326820373535,30.11226463317871,30.548370361328125,31.249528884887695,31.58568000793457,31.25544548034668,30.482786178588867,29.732555389404297,28.76192283630371,27.972475051879883,27.850751876831055,28.395259857177734,29.36893081665039,30.63043212890625,31.92849349975586,32.99768829345703,33.888702392578125,34.4857177734375,34.47206497192383,33.98915481567383,33.24197769165039,31.97086524963379,30.51852035522461,29.96355628967285,30.332284927368164,30.68734359741211,30.159221649169922,27.95577621459961,24.369901657104492,21.699649810791016,21.8361759185791,23.227867126464844,23.865415573120117,22.642250061035156
31.495067596435547,31.68986701965332,31.60342788696289,31.344030380249023,31.112117767333984,30.89168930053711,30.997203826904297,31.233600616455078,31.34677505493164,31.2854061126709,30.940319061279297,30.550052642822266,30.54079818725586,31.12005615234375,31.663843154907227,32.14019012451172,32.17363357543945,31.755416870117188,30.93562126159668,29.6351261138916,28.65604591369629,28.597579956054688,29.30127716064453,30.47925567626953,31.747745513916016,32.642887115478516,33.156822204589844,33.391178131103516,33.27875900268555,32.77281188964844,32.25954055786133,31.496726989746094,30.378461837768555,29.551517486572266,29.213457107543945,28.83229637145996,28.246973037719727,26.956151962280273,24.4792537689209,21.746620178222656,20.956422805786133,21.483430862426758,22.314882278442383,22.459228515625
32.444068908691406,32.47894287109375,32.24386978149414,31.831104278564453,31.588886260986328,31.67565155029297,31.854736328125,31.874107360839844,31.747394561767578,31.58314323425293,31.281429290771484,30.984819412231445,30.99889373779297,31.430709838867188,32.01560974121094,32.3745231628418,32.677852630615234,32.78030776977539,32.69384765625,31.94869613647461,30.65581512451172,29.769489288330078,29.743391036987305,30.409082412719727,31.3268985748291,31.787521362304688,31.918676376342773,32.069488525390625,32.08753967285156,31.77691650390625,31.191219329833984,30.141700744628906,29.047828674316406,28.35904312133789,27.956478118896484,27.421464920043945,26.679182052612305,25.830204010009766,24.39116096496582,22.197643280029297,20.374927520751953,20.137649536132812,20.667722702026367,21.497224807739258
33.505760192871094,33.36765670776367,32.92406463623047,32.405242919921875,32.167701721191406,32.47187042236328,32.78549575805664,32.54905319213867,31.995641708374023,31.58819007873535,31.36031150817871,31.35494613647461,31.636592864990234,32.072757720947266,32.63344192504883,32.91897964477539,32.98420333862305,33.03828430175781,33.194034576416016,33.29459762573242,32.8460693359375,31.864593505859375,30.874584197998047,30.374773025512695,30.5145263671875,30.651775360107422,30.61815643310547,30.637496948242188,30.63983154296875,30.594457626342773,30.139543533325195,28.699378967285156,26.972143173217773,26.49500274658203,26.783449172973633,26.542285919189453,25.5258731842041,24.724233627319336,23.886289596557617,22.366737365722656,20.45985984802246,19.944311141967773,20.440649032592773,21.36090850830078
34.695316314697266,34.36516189575195,33.652400970458984,32.9964485168457,32.76518630981445,33.07936096191406,33.356597900390625,33.04465866088867,32.36272048950195,31.795366287231445,31.56424331665039,31.668054580688477,32.16929626464844,32.838600158691406,33.38943862915039,33.65391540527344,33.46855545043945,32.949745178222656,32.60647964477539,32.8542594909668,33.44352722167969,33.46192169189453,32.528411865234375,31.250978469848633,30.395681381225586,29.943941116333008,29.690866470336914,29.428794860839844,29.172595977783203,29.126937866210938,28.944412231445312,27.76431655883789,25.904233932495117,25.501510620117188,26.457115173339844,26.80107307434082,25.56388282775879,24.09412956237793,23.38808822631836,22.524213790893555,21.052967071533203,20.371047973632812,21.146808624267578,22.2640438079834
35.73762512207031,35.15318298339844,34.28189468383789,33.57560348510742,33.35600662231445,33.581275939941406,33.70354080200195,33.41408157348633,32.85988235473633,32.349578857421875,32.058616638183594,32.07012176513672,32.502105712890625,33.24290084838867,33.82646942138672,33.98845291137695,33.757164001464844,33.13032150268555,32.32976531982422,31.94508171081543,32.321624755859375,33.042545318603516,33.275482177734375,32.568695068359375,31.170921325683594,29.71234703063965,28.735254287719727,28.04950523376465,27.486072540283203,27.356426239013672,27.430068969726562,26.894182205200195,25.733291625976562,25.564254760742188,26.211444854736328,26.80021095275879,26.159629821777344,24.957340240478516,24.1790714263916,23.517667770385742,22.85879898071289,22.339614868164062,22.494577407836914,23.103181838989258
36.32075881958008,35.49228286743164,34.63654708862305,34.12349319458008,34.03521728515625,34.170860290527344,34.09791946411133,33.6961555480957,33.25104904174805,33.01757049560547,32.844661712646484,32.67383575439453,32.734195709228516,33.104835510253906,33.4327507019043,33.57660675048828,33.614036560058594,33.33775329589844,32.57891082763672,31.728500366210938,31.466875076293945,31.84088706970215,32.33575439453125,32.339759826660156,31.332189559936523,29.589332580566406,27.959449768066406,26.694730758666992,25.743520736694336,25.426349639892578,25.667083740234375,25.653139114379883,25.159042358398438,25.131031036376953,25.849613189697266,26.670387268066406,26.6886043548584,26.458009719848633,26.136337280273438,25.569000244140625,24.635879516601562,23.991209030151367,23.9259090423584,24.54282569885254
36.325748443603516,35.48041534423828,34.893672943115234,34.692264556884766,34.743186950683594,34.76734161376953,34.50520324707031,33.969093322753906,33.52175521850586,33.41404724121094,33.44768524169922,33.3387336730957,33.15988540649414,32.999813079833984,32.810455322265625,32.77561569213867,33.02064895629883,33.16707992553711,32.697574615478516,31.650840759277344,30.817548751831055,30.54966926574707,30.64461898803711,30.75171661376953,30.391345977783203,29.3134708404541,27.829374313354492,26.367977142333984,25.16763687133789,24.553428649902344,24.523061752319336,24.593685150146484,24.554834365844727,24.874141693115234,25.569969177246094,26.47819709777832,26.925325393676758,27.416414260864258,27.83669662475586,27.347776412963867,25.811006546020508,24.756175994873047,25.058303833007812,26.17562484741211
36.039791107177734,35.53597640991211,35.38332748413086,35.41275405883789,35.41440200805664,35.1588249206543,34.64667892456055,34.15681076049805,33.830448150634766,33.65232467651367,33.59307098388672,33.5653076171875,33.49909210205078,33.238067626953125,32.76152038574219,32.39420700073242,32.34648895263672,32.37735366821289,32.059288024902344,31.16848373413086,30.14420509338379,29.43195152282715,29.056625366210938,29.00312042236328,29.076265335083008,28.84972381591797,28.245328903198242,27.256315231323242,26.085525512695312,25.298948287963867,25.034265518188477,24.84381866455078,24.5947265625,24.74989891052246,25.320846557617188,26.438045501708984,27.635913848876953,28.537891387939453,29.091873168945312,28.96938133239746,27.801315307617188,26.381141662597656,26.21918296813965,26.886913299560547
35.90093994140625,35.989845275878906,36.16441345214844,36.23037338256836,36.020652770996094,35.418941497802734,34.63924789428711,34.02252960205078,33.722129821777344,33.69558334350586,33.7081184387207,33.47614669799805,33.096256256103516,32.82925796508789,32.62956237792969,32.3316535949707,31.909664154052734,31.433364868164062,30.883115768432617,30.17209815979004,29.403837203979492,28.714567184448242,28.028688430786133,27.789207458496094,28.203323364257812,28.594890594482422,28.685867309570312,28.40863609313965,27.620319366455078,26.812721252441406,26.376352310180664,26.074993133544922,25.684471130371094,25.50624656677246,25.87314796447754,26.745418548583984,27.95871353149414,28.990995407104492,30.029342651367188,30.01406478881836,28.97129249572754,27.592069625854492,27.09494972229004,27.143775939941406
36.02946090698242,36.69695281982422,37.00422286987305,36.90034484863281,36.4866943359375,35.77488708496094,34.66729736328125,33.56011962890625,32.94347381591797,33.039398193359375,33.3837776184082,33.28408432006836,32.71561813354492,32.25462341308594,32.134315490722656,32.00505447387695,31.48902702331543,30.613100051879883,29.699522018432617,28.940780639648438,28.468936920166016,28.141279220581055,27.559295654296875,27.307003021240234,28.05709457397461,28.86015510559082,29.22305679321289,29.359819412231445,29.29172706604004,28.996265411376953,28.533227920532227,27.96677589416504,27.37120819091797,26.852603912353516,26.823575973510742,27.30120277404785,28.272621154785156,29.130327224731445,30.022247314453125,30.138235092163086,29.396867752075195,28.26702880859375,28.07909393310547,28.49721908569336
36.22853469848633,37.25608825683594,37.561336517333984,37.132484436035156,36.5352783203125,35.985076904296875,34.834739685058594,33.0639533996582,31.812698364257812,31.911916732788086,32.505550384521484,32.51997756958008,32.01955032348633,31.59163475036621,31.386005401611328,31.214733123779297,30.841480255126953,30.068666458129883,29.136638641357422,28.32647705078125,27.85488510131836,27.760744094848633,27.561769485473633,27.661184310913086,28.58609962463379,29.699777603149414,30.26107406616211,30.349380493164062,30.412700653076172,30.54735565185547,30.558374404907227,30.207420349121094,29.346961975097656,28.23460578918457,27.65565299987793,28.113849639892578,29.057085037231445,29.777355194091797,30.10884666442871,29.9251651763916,29.374385833740234,28.52903938293457,28.343036651611328,29.023887634277344
36.2967643737793,37.32699203491211,37.439186096191406,36.67045211791992,35.825889587402344,35.48509216308594,34.713111877441406,32.99549102783203,31.61838150024414,31.48511505126953,31.6893367767334,31.50176239013672,31.123340606689453,30.79958724975586,30.5125789642334,30.22535514831543,29.93794059753418,29.499216079711914,28.918230056762695,28.367822647094727,27.95832633972168,27.784812927246094,27.716522216796875,28.250930786132812,29.41478157043457,30.620189666748047,31.350318908691406,31.422616958618164,31.21368408203125,31.221439361572266,31.354368209838867,31.238679885864258,30.49095916748047,29.1342830657959,28.17119789123535,28.377843856811523,29.321008682250977,30.19243812561035,30.345359802246094,29.95539665222168,29.320404052734375,28.649377822875977,28.495098114013672,29.01230239868164
36.18667221069336,36.74246597290039,36.427467346191406,35.417823791503906,34.62454605102539,34.38134002685547,33.857357025146484,32.839317321777344,32.01824188232422,31.53676986694336,31.020137786865234,30.550128936767578,30.243656158447266,29.960052490234375,29.667694091796875,29.46392250061035,29.317909240722656,29.117794036865234,28.893095016479492,28.740388870239258,28.601892471313477,28.57460594177246,28.531557083129883,29.026674270629883,30.21697235107422,31.279682159423828,32.0018310546875,32.18370056152344,31.842029571533203,31.52046012878418,31.426673889160156,31.185543060302734,30.52900505065918,29.429519653320312,28.339332580566406,28.184282302856445,29.043306350708008,30.28031349182129,30.846681594848633,30.591938018798828,29.675317764282227,28.792646408081055,28.438703536987305,29.11082649230957
35.76761245727539,35.66999435424805,34.85122299194336,33.857574462890625,33.515655517578125,33.594940185546875,33.26737976074219,32.6629753112793,31.880043029785156,30.854145050048828,29.99411392211914,29.684398651123047,29.566654205322266,29.30397605895996,29.057802200317383,29.058883666992188,29.188764572143555,29.187156677246094,29.086082458496094,29.15396499633789,29.330604553222656,29.5718994140625,29.792978286743164,30.114818572998047,30.896020889282227,31.717470169067383,32.287132263183594,32.51839828491211,32.238861083984375,31.67506980895996,31.392507553100586,31.350616455078125,30.872529983520508,29.78401756286621,28.867210388183594,28.82802391052246,29.529335021972656,30.678104400634766,31.409276962280273,31.320016860961914,30.283185958862305,29.15555763244629,28.87265968322754,29.57301902770996
34.9497184753418,34.511043548583984,33.763614654541016,33.27839279174805,33.380760192871094,33.590091705322266,33.3151969909668,32.52532958984375,31.265649795532227,29.967058181762695,29.26573944091797,29.14581871032715,29.033010482788086,28.918964385986328,29.032270431518555,29.300609588623047,29.49176597595215,29.492847442626953,29.464628219604492,29.713411331176758,30.15156364440918,30.425308227539062,30.73415756225586,31.156938552856445,31.73289680480957,32.3819465637207,32.77865219116211,32.930519104003906,32.794677734375,32.283573150634766,31.642824172973633,31.350271224975586,31.146343231201172,30.662769317626953,30.139741897583008,29.906949996948242,29.995033264160156,30.589326858520508,31.208232879638672,31.30329132080078,30.60246467590332,29.633419036865234,29.536767959594727,30.025371551513672
33.998802185058594,33.546260833740234,33.307884216308594,33.46113204956055,33.91923522949219,34.07304000854492,33.51736831665039,32.18915939331055,30.672649383544922,29.642601013183594,29.104183197021484,28.74725914001465,28.58832359313965,28.807798385620117,29.263456344604492,29.638025283813477,29.744739532470703,29.677032470703125,29.728755950927734,30.04634666442871,30.554838180541992,30.97454833984375,31.345169067382812,32.00559616088867,32.71332550048828,33.218318939208984,33.49202346801758,33.597198486328125,33.5153694152832,33.09223175048828,32.33933639526367,31.687318801879883,31.320802688598633,31.035696029663086,30.71413230895996,30.492311477661133,30.40675926208496,30.712343215942383,31.2058162689209,31.357730865478516,31.020559310913086,30.333580017089844,30.291709899902344,30.5137882232666
