data/wind_data/wind_29_8.json
{"header": {"parameterUnit": "KT", "parameterCategory": 2, "nx": 256, "ny": 198, "lo1": 44.73521041870117, "la1": -3.236724853515625, "lo2": 111.26478576660156, "la2": 43.468475341796875, "dx": 0.2609002888202667, "dy": -0.23708222806453705, "refTime": "2025-02-20 05:00:00", "forecastTime": 0, "parameterNumber": 2, "parameterNumberName": "eastward_wind"}, "data":
[rows 152 to 170 of 198, columns 44 to 87 of 256]
41.41440963745117,40.71764373779297,40.50505447387695,41.610191345214844,43.64665603637695,45.38468933105469,45.145267486572266,42.425315856933594,38.689491271972656,36.54987335205078,37.04197311401367,38.595149993896484,39.74207305908203,40.491329193115234,41.09923553466797,41.463958740234375,41.38798904418945,40.827754974365234,40.48335266113281,41.15786361694336,42.76563262939453,44.311676025390625,44.60812759399414,43.638126373291016,42.785614013671875,42.944091796875,43.43751525878906,43.5391845703125,43.42192459106445,43.21236801147461,42.89508056640625,42.55780792236328,42.07657241821289,41.302085876464844,40.4275016784668,39.261940002441406,37.079994201660156,34.80900955200195,35.69819259643555,40.035430908203125,43.27443313598633,42.48221206665039,38.938140869140625,33.73417282104492
41.957218170166016,41.99192428588867,42.552825927734375,44.10212707519531,46.255985260009766,47.28940963745117,45.53730010986328,41.84257125854492,38.66080856323242,37.612361907958984,38.63368225097656,40.3145637512207,41.451416015625,41.43603515625,40.68634796142578,39.805946350097656,38.954715728759766,38.617042541503906,39.35113525390625,41.11036682128906,43.17610549926758,44.6458740234375,44.946170806884766,44.26884078979492,43.80909729003906,44.435081481933594,45.458885192871094,45.900794982910156,45.76292037963867,45.221439361572266,44.3664665222168,43.438053131103516,42.574676513671875,41.66173553466797,40.64912796020508,39.732601165771484,38.677032470703125,36.90156173706055,35.854766845703125,38.00225830078125,42.026573181152344,43.52957534790039,40.979942321777344,36.57528305053711
44.13252639770508,43.93320083618164,43.980892181396484,45.02214431762695,46.7315559387207,47.02985382080078,44.76423645019531,41.70216751098633,39.85880661010742,39.796207427978516,41.15525817871094,42.9693717956543,43.442657470703125,41.85565948486328,39.58417892456055,37.8739128112793,37.19950485229492,37.81838607788086,39.61050796508789,41.943084716796875,44.01471710205078,45.14792251586914,45.27084732055664,44.946075439453125,44.934486389160156,45.75777053833008,47.0111083984375,47.6980094909668,47.3397331237793,46.184627532958984,44.817447662353516,43.596927642822266,42.45432662963867,41.216556549072266,40.01129913330078,39.162879943847656,38.66537094116211,38.01091003417969,37.03204345703125,37.311805725097656,40.23680877685547,43.35732650756836,42.24847412109375,37.754276275634766
44.762046813964844,43.887203216552734,43.8609619140625,44.883201599121094,46.063087463378906,45.6463508605957,43.64671325683594,41.696075439453125,41.18923568725586,42.1423454284668,44.09461975097656,45.77452850341797,44.94752502441406,41.78642272949219,38.51197814941406,36.634464263916016,36.658565521240234,38.39828109741211,40.8460807800293,43.130313873291016,44.8546142578125,45.71036911010742,45.70793914794922,45.438411712646484,45.55109405517578,46.33674621582031,47.498416900634766,48.20034408569336,47.68153762817383,46.073421478271484,44.32761764526367,43.01737976074219,41.895259857177734,40.57655715942383,39.13334274291992,38.11573028564453,37.78663635253906,37.92869186401367,38.118526458740234,38.07222366333008,39.0197868347168,41.901947021484375,42.648712158203125,38.599700927734375
43.36491775512695,43.453006744384766,44.23095703125,45.15766906738281,45.19690704345703,44.1671142578125,42.86627197265625,42.196231842041016,42.76578903198242,44.52191162109375,46.84090805053711,47.66410827636719,45.466087341308594,41.63642120361328,38.514347076416016,37.26584243774414,38.022918701171875,40.03094482421875,42.07807159423828,43.68935775756836,45.04216766357422,45.88319778442383,45.83876037597656,45.35860824584961,45.30367660522461,45.9966926574707,46.96611404418945,47.409297943115234,46.78068161010742,45.23334884643555,43.54356384277344,42.279537200927734,41.35383987426758,40.359066009521484,39.018104553222656,37.64006805419922,36.90486526489258,37.108890533447266,38.2424430847168,39.09735107421875,39.06014633178711,40.316261291503906,41.820091247558594,39.41055679321289
43.03549575805664,43.73276901245117,44.39108657836914,44.35746765136719,43.72909927368164,43.18013000488281,42.869972229003906,43.10971450805664,44.316261291503906,46.46398162841797,48.430999755859375,48.04425811767578,45.11293411254883,41.74840545654297,39.64546585083008,39.32289123535156,40.38945007324219,41.69601821899414,42.4810676574707,43.2536735534668,44.50758361816406,45.394718170166016,45.119903564453125,44.40214538574219,44.4094352722168,45.247684478759766,46.06100845336914,46.130306243896484,45.40263748168945,44.23580551147461,43.03863525390625,41.987403869628906,41.04963302612305,40.1739501953125,39.15670394897461,37.8436279296875,36.695526123046875,36.54999542236328,37.821895599365234,39.33212661743164,39.379634857177734,39.35332107543945,40.45609664916992,39.60879135131836
42.900390625,42.69089889526367,42.42021942138672,42.25554656982422,42.491207122802734,42.963260650634766,43.35173034667969,43.973087310791016,45.320491790771484,47.38187789916992,48.81647872924805,47.71710205078125,44.81905746459961,42.47605514526367,41.761714935302734,42.06288528442383,42.343162536621094,42.11389923095703,41.91509246826172,42.551395416259766,43.69190216064453,44.09048080444336,43.468116760253906,42.9996452331543,43.519813537597656,44.55496597290039,45.144004821777344,44.90860366821289,44.235740661621094,43.58100509643555,42.981689453125,42.22591781616211,41.14183044433594,39.86985397338867,38.761566162109375,37.773902893066406,36.82160949707031,36.61314010620117,37.9012565612793,39.370330810546875,39.28200149536133,38.639556884765625,39.28092575073242,39.44484329223633
41.329769134521484,40.404052734375,40.518943786621094,41.36468505859375,42.39226150512695,43.19194793701172,43.681148529052734,44.291439056396484,45.63182830810547,47.82255172729492,49.055625915527344,47.53057098388672,45.01074981689453,44.13886642456055,44.549434661865234,44.093204498291016,42.37081527709961,41.06889343261719,41.29946517944336,42.29446792602539,42.766761779785156,42.3194580078125,41.70279312133789,41.853919982910156,42.80471420288086,43.79958724975586,44.155914306640625,43.88689041137695,43.54277038574219,43.43436813354492,43.27727127075195,42.695648193359375,41.57569122314453,39.96610641479492,38.37639617919922,37.36990737915039,36.836002349853516,36.96635437011719,38.54251480102539,39.995819091796875,39.419673919677734,38.16914367675781,38.423187255859375,39.3167724609375
40.10908126831055,39.94166564941406,40.772212982177734,41.6126708984375,42.24858856201172,42.86890411376953,43.527923583984375,44.29814910888672,45.91868209838867,48.02247619628906,48.44247817993164,46.807167053222656,45.70665740966797,46.24961853027344,46.04600143432617,43.59360122680664,40.97743606567383,40.61740493774414,41.79558563232422,42.29908752441406,41.53966522216797,40.54358673095703,40.30169677734375,40.99213790893555,42.16984176635742,43.1506233215332,43.45787811279297,43.342315673828125,43.41171646118164,43.7832145690918,43.914188385009766,43.37870788574219,42.309120178222656,40.76729202270508,38.91974639892578,37.52085876464844,37.02053451538086,37.410160064697266,39.14705276489258,40.87173843383789,40.23722457885742,38.40568923950195,38.00768280029297,39.07252502441406
40.43413162231445,40.81010055541992,41.45663833618164,41.85666275024414,42.189788818359375,42.74884796142578,43.46906280517578,44.31241989135742,45.741241455078125,47.126617431640625,47.10592269897461,46.27772521972656,46.526954650878906,47.17656707763672,45.48855209350586,42.28186798095703,40.87037658691406,41.73486328125,42.465721130371094,41.64626693725586,40.085689544677734,39.232460021972656,39.56083297729492,40.69649887084961,42.13371276855469,43.267051696777344,43.57535934448242,43.469112396240234,43.73337936401367,44.41059494018555,44.741493225097656,44.31559753417969,43.44154357910156,42.19883728027344,40.419898986816406,38.6517448425293,37.77346420288086,38.05430221557617,39.6165771484375,41.437232971191406,41.26254653930664,39.443790435791016,38.361656188964844,38.86791229248047
41.35459899902344,41.637603759765625,41.775508880615234,41.80109786987305,42.16856002807617,43.00471878051758,43.68962478637695,44.23339080810547,45.21525955200195,46.275699615478516,46.55392074584961,46.377464294433594,46.72966003417969,46.38688659667969,44.41409683227539,42.73094940185547,42.59992980957031,42.82121276855469,42.093177795410156,40.57020950317383,39.290897369384766,39.04314422607422,39.76658248901367,41.07438278198242,42.66504669189453,43.92980194091797,44.23149490356445,44.03864669799805,44.26727294921875,44.981502532958984,45.39723205566406,45.23267364501953,44.835636138916016,44.04718780517578,42.44387435913086,40.42927551269531,39.04749298095703,38.96208572387695,40.16990661621094,41.727359771728516,41.827308654785156,40.42863845825195,39.12158966064453,38.89391326904297
42.26862716674805,42.190826416015625,41.89737319946289,41.93181228637695,42.8056526184082,43.873992919921875,44.43416976928711,44.942291259765625,45.89375686645508,46.71985626220703,46.5597038269043,45.7451057434082,45.13733673095703,44.81163787841797,44.50814437866211,44.14690399169922,43.50801086425781,42.48719787597656,41.29345703125,40.1690673828125,39.507694244384766,39.68332290649414,40.584205627441406,41.89374542236328,43.388084411621094,44.4976692199707,44.689353942871094,44.46769332885742,44.65382766723633,45.288368225097656,45.743408203125,45.876121520996094,45.980865478515625,45.67341613769531,44.35212707519531,42.31974792480469,40.5852165222168,40.12360382080078,41.02947235107422,42.149227142333984,42.017887115478516,40.805816650390625,39.58100509643555,38.98171615600586
43.03594970703125,42.647911071777344,42.156429290771484,42.35502243041992,43.32413101196289,44.36629104614258,45.21076965332031,45.88126754760742,46.335147857666016,46.171791076660156,44.90530776977539,43.46084976196289,43.52206039428711,44.5856819152832,45.045318603515625,44.3572883605957,43.157203674316406,42.02540588378906,41.13325119018555,40.479801177978516,40.22459411621094,40.61064910888672,41.51136016845703,42.65664291381836,43.77885055541992,44.43519592285156,44.406898498535156,44.22657012939453,44.50244140625,45.15327072143555,45.720924377441406,46.1233024597168,46.53860092163086,46.54892349243164,45.570465087890625,43.81258773803711,42.05414962768555,41.35308837890625,42.154354095458984,43.01384353637695,42.396236419677734,40.95480728149414,39.797122955322266,39.101287841796875
43.630367279052734,42.7984504699707,41.94675064086914,42.04427719116211,43.14603042602539,44.58506393432617,45.73122787475586,45.9772834777832,45.060523986816406,43.37094497680664,42.10831069946289,42.731380462646484,44.4765510559082,45.00312423706055,44.19808578491211,43.509063720703125,43.159664154052734,42.469974517822266,41.5045280456543,40.83251190185547,40.68363571166992,41.03556442260742,41.81327819824219,42.83497619628906,43.646968841552734,43.82036209106445,43.469356536865234,43.25900650024414,43.63136672973633,44.396873474121094,45.21065902709961,45.913856506347656,46.55437088012695,46.80012130737305,46.13803482055664,44.715415954589844,43.056861877441406,42.123878479003906,42.91850280761719,43.9708251953125,43.105716705322266,41.236488342285156,40.01972198486328,39.3271598815918
43.348609924316406,42.157413482666016,41.20924377441406,41.526615142822266,42.94641876220703,44.609107971191406,45.53555679321289,44.495826721191406,41.964447021484375,40.51811599731445,41.79079055786133,44.292816162109375,45.008304595947266,44.00063705444336,43.487972259521484,43.87705993652344,43.86175537109375,42.774017333984375,41.32081604003906,40.42572784423828,40.20662307739258,40.545005798339844,41.451663970947266,42.571937561035156,43.10302734375,42.73230743408203,42.01933670043945,41.802757263183594,42.35386657714844,43.340728759765625,44.41593933105469,45.34892654418945,46.13680648803711,46.66105651855469,46.37211990356445,45.23954772949219,43.599544525146484,42.26024627685547,42.75129699707031,44.25543212890625,43.768211364746094,41.63969802856445,40.216461181640625,39.63536834716797
42.43996047973633,41.1892204284668,40.67377471923828,41.287784576416016,42.5832633972168,44.06193542480469,44.08168411254883,41.749507904052734,39.56838607788086,40.3172721862793,43.057342529296875,44.481048583984375,44.14719009399414,44.100868225097656,44.7303581237793,44.844757080078125,43.81855773925781,42.003841400146484,40.28349304199219,39.248687744140625,38.993019104003906,39.60448455810547,40.951602935791016,42.18072509765625,42.27615737915039,41.37649917602539,40.53800582885742,40.53059387207031,41.33796691894531,42.47872543334961,43.61810302734375,44.54167175292969,45.32474136352539,46.15656280517578,46.44575119018555,45.696983337402344,44.07105255126953,42.215396881103516,41.879005432128906,43.45856475830078,43.924739837646484,42.095211029052734,40.40224075317383,39.82011795043945
41.38571548461914,40.91654586791992,40.826847076416016,41.10547637939453,42.01860046386719,42.77314376831055,41.529720306396484,39.40730667114258,39.45060348510742,42.00660705566406,43.97454071044922,44.0780143737793,44.284854888916016,45.375343322753906,45.82906723022461,44.6682014465332,42.550636291503906,40.49388885498047,38.991111755371094,38.10182189941406,37.99895095825195,38.99177932739258,40.702388763427734,41.86857604980469,41.62162780761719,40.541908264160156,39.83784103393555,40.07562255859375,40.96045684814453,42.000423431396484,42.93085861206055,43.635616302490234,44.27627944946289,45.27382278442383,46.19828414916992,46.05432891845703,44.674278259277344,42.52642059326172,41.12073516845703,41.979400634765625,43.266334533691406,42.39011001586914,40.62788391113281,39.79509353637695
41.05006408691406,41.732486724853516,41.903934478759766,41.84443283081055,41.881351470947266,40.840858459472656,39.46858215332031,40.0775032043457,42.46204376220703,43.87569808959961,43.806671142578125,44.0713005065918,45.35221481323242,46.25574493408203,45.48814392089844,43.42338180541992,41.27891159057617,39.67149353027344,38.558128356933594,37.89310836791992,37.97338104248047,39.113094329833984,40.81534957885742,41.866355895996094,41.61970901489258,40.69259262084961,40.161354064941406,40.44529342651367,41.189720153808594,41.934303283691406,42.53767776489258,42.973609924316406,43.377105712890625,44.23328399658203,45.503787994384766,46.01713562011719,45.20302200317383,43.21642303466797,41.05506896972656,40.561580657958984,41.728416442871094,41.9896240234375,40.70092010498047,39.574012756347656
41.656585693359375,43.23720932006836,44.070343017578125,43.7971305847168,41.85572052001953,40.07345962524414,40.83784103393555,43.3873176574707,44.51795196533203,43.96031951904297,43.93732452392578,45.15044021606445,46.20966339111328,45.926658630371094,44.47119903564453,42.688228607177734,41.16766357421875,40.01353073120117,39.16619873046875,38.675601959228516,38.84272384643555,39.886837005615234,41.33909606933594,42.28252029418945,42.2281379699707,41.5830192565918,41.1669807434082,41.35505676269531,41.858909606933594,42.30826187133789,42.612308502197266,42.797603607177734,42.80182647705078,43.119361877441406,44.237327575683594,45.27907180786133,45.20006561279297,43.81151580810547,41.57046890258789,39.93793487548828,40.0399169921875,40.71476745605469,40.28164291381836,39.23664855957031
