data/wind_data/wind_16_4.json
{"header": {"parameterUnit": "KT", "parameterCategory": 2, "nx": 256, "ny": 198, "lo1": 44.73521041870117, "la1": -3.236724853515625, "lo2": 111.26478576660156, "la2": 43.468475341796875, "dx": 0.2609002888202667, "dy": -0.23708222806453705, "refTime": "2025-02-19 16:00:00", "forecastTime": 0, "parameterNumber": 2, "parameterNumberName": "eastward_wind"}, "data":
[rows 114 to 132 of 198, columns 44 to 87 of 256]
28.231342315673828,27.78447151184082,28.07183837890625,27.938440322875977,27.73002815246582,27.998682022094727,29.099275588989258,31.216808319091797,33.42375183105469,35.07927322387695,35.69891357421875,35.74073791503906,35.60350036621094,35.03151321411133,34.169898986816406,33.51877975463867,33.09678649902344,32.82530975341797,32.94407272338867,33.426856994628906,33.8749885559082,34.077247619628906,33.95411682128906,33.56206512451172,33.08256149291992,32.808563232421875,32.82450485229492,32.85810852050781,33.21568298339844,34.17268753051758,35.158077239990234,35.9842643737793,36.55731201171875,36.46372604370117,36.258705139160156,36.67475128173828,37.418426513671875,38.146610260009766,37.49594497680664,36.853336334228516,38.05682373046875,39.517433166503906,40.06355667114258,39.723854064941406
26.125877380371094,25.328655242919922,26.084667205810547,26.343311309814453,26.1138973236084,26.362821578979492,27.531930923461914,30.251893997192383,33.394622802734375,35.03873825073242,35.04563903808594,34.8283805847168,34.71706008911133,34.094608306884766,33.04064178466797,32.045997619628906,31.34950065612793,31.117916107177734,31.533092498779297,32.41027069091797,33.28908157348633,33.76274108886719,33.709205627441406,33.3977165222168,33.250919342041016,33.3786506652832,33.64346694946289,34.256927490234375,35.4434700012207,37.22543716430664,38.6841926574707,39.06223678588867,38.80902862548828,38.26011657714844,37.764286041259766,38.01921844482422,38.72939682006836,39.193939208984375,38.397979736328125,38.142608642578125,39.51283645629883,40.587074279785156,40.48491668701172,39.32257843017578
24.346220016479492,24.304988861083984,24.812589645385742,25.05329132080078,24.989948272705078,25.35367202758789,26.255277633666992,29.99275016784668,33.29950714111328,33.97331619262695,33.936092376708984,33.79074478149414,33.16365051269531,32.113006591796875,30.951383590698242,30.0445556640625,29.7160701751709,30.030134201049805,30.767934799194336,31.720138549804688,32.64155578613281,33.208492279052734,33.2215690612793,33.248023986816406,33.87502670288086,34.68486404418945,35.64627456665039,36.779659271240234,37.90217208862305,39.09349060058594,39.958518981933594,39.82701873779297,38.879051208496094,37.687217712402344,36.87638854980469,37.41218185424805,38.369537353515625,38.393157958984375,38.048831939697266,38.58930206298828,39.54731750488281,39.57718276977539,38.21913146972656,37.078155517578125
23.636695861816406,24.148582458496094,24.69468116760254,24.85807228088379,24.904491424560547,25.456745147705078,27.475875854492188,31.600736618041992,33.81642532348633,33.87664794921875,33.051300048828125,32.03733825683594,30.73102569580078,29.511165618896484,28.973087310791016,29.16681480407715,29.777008056640625,30.636789321899414,31.58782958984375,32.44636154174805,33.086692810058594,33.327510833740234,33.2220344543457,33.99403762817383,35.655357360839844,36.94073486328125,37.0802001953125,37.414215087890625,38.48112869262695,39.68788146972656,40.23843765258789,39.873600006103516,38.676963806152344,37.06009292602539,36.106204986572266,36.45400619506836,37.6660270690918,38.574012756347656,38.78938293457031,39.63151931762695,40.06806182861328,38.41663360595703,36.492881774902344,37.12183380126953
23.90383529663086,24.616891860961914,25.355289459228516,25.683698654174805,25.518657684326172,26.71296501159668,30.302818298339844,32.78976821899414,33.651580810546875,33.11292266845703,31.54016876220703,30.379592895507812,29.611007690429688,29.326215744018555,29.843875885009766,30.663578033447266,31.253328323364258,31.740812301635742,32.28446960449219,32.706199645996094,33.211875915527344,33.37699508666992,34.18304443359375,36.32077407836914,36.97972106933594,36.55821228027344,36.59653854370117,37.522342681884766,38.7916374206543,39.73888397216797,39.96590042114258,39.66744613647461,39.13823699951172,38.33993911743164,37.336177825927734,36.86343765258789,37.610347747802734,39.1713752746582,39.92023849487305,40.221622467041016,40.92726135253906,39.74259948730469,36.46382141113281,36.00628662109375
24.819238662719727,25.60742950439453,26.31978988647461,26.55048942565918,26.314754486083984,27.548696517944336,30.26107406616211,31.301624298095703,31.617773056030273,31.683425903320312,31.09925079345703,30.45378303527832,30.28279685974121,30.383634567260742,30.531780242919922,30.551437377929688,30.67615509033203,31.46576499938965,32.78120803833008,33.795772552490234,34.5067253112793,34.92341995239258,36.83290100097656,37.235294342041016,36.59083557128906,36.390071868896484,36.90194320678711,37.89889907836914,38.71165084838867,38.905452728271484,38.83856964111328,38.98465347290039,39.35420227050781,39.55946350097656,39.466922760009766,39.23622512817383,39.15937042236328,39.94660568237305,41.22484588623047,41.854164123535156,42.24822998046875,40.40630340576172,36.674781799316406,34.953529357910156
25.58197784423828,26.04065704345703,26.056880950927734,26.39937973022461,26.342920303344727,26.66071128845215,27.75044059753418,28.83416748046875,30.359779357910156,30.957582473754883,30.508771896362305,30.116546630859375,30.043237686157227,30.14959716796875,30.3261775970459,30.53947639465332,31.00041389465332,31.887184143066406,33.09510803222656,34.70744705200195,35.617130279541016,36.95956802368164,37.900230407714844,37.072052001953125,36.623435974121094,36.979496002197266,37.50586700439453,37.6948127746582,37.514060974121094,37.13890075683594,37.34421920776367,38.47428512573242,39.92643356323242,40.76591110229492,40.763126373291016,40.63254928588867,40.50989532470703,40.577816009521484,41.88986587524414,42.822200775146484,42.97251510620117,40.4290657043457,36.941829681396484,34.70991134643555
24.98360252380371,24.780691146850586,24.44530487060547,25.00581932067871,25.1954288482666,25.089670181274414,25.922101974487305,27.525115966796875,29.063079833984375,29.441762924194336,29.091550827026367,29.01691246032715,29.44783592224121,30.136463165283203,30.740734100341797,31.245927810668945,31.967742919921875,32.86021041870117,33.896732330322266,35.61309051513672,37.00996780395508,38.244293212890625,38.171268463134766,37.390724182128906,37.299560546875,37.52323913574219,37.36304473876953,36.38206481933594,35.38338088989258,35.33064651489258,36.36112976074219,38.12773132324219,39.976131439208984,41.22473907470703,41.72731018066406,41.841880798339844,41.74312973022461,41.69130325317383,42.698028564453125,43.89323806762695,44.115013122558594,41.33085632324219,37.97399139404297,35.02467346191406
23.86315155029297,24.085704803466797,23.764646530151367,23.834009170532227,24.288238525390625,24.5071964263916,25.269487380981445,26.52717399597168,27.55961036682129,27.85143280029297,28.024131774902344,28.640975952148438,29.49417495727539,30.2906494140625,30.953044891357422,31.644500732421875,32.66770935058594,33.77486038208008,35.1055793762207,36.95899200439453,38.22007751464844,38.34225082397461,38.26297378540039,38.05488967895508,37.694305419921875,36.93301773071289,35.63750457763672,34.43000793457031,33.93617630004883,34.26548385620117,35.301631927490234,36.78070831298828,38.25300979614258,39.63860321044922,41.149715423583984,42.60068893432617,43.319087982177734,43.49705505371094,44.11651611328125,45.04545211791992,45.2314567565918,42.62368392944336,38.78028869628906,36.11252975463867
24.87852668762207,24.86614227294922,24.456262588500977,23.875444412231445,23.713939666748047,24.359821319580078,24.98023796081543,25.117019653320312,25.259777069091797,25.918041229248047,27.271221160888672,28.738801956176758,29.74122428894043,30.460041046142578,31.20491600036621,32.173011779785156,33.52577209472656,34.91142272949219,36.58266067504883,38.16618347167969,38.626041412353516,38.809112548828125,38.82124328613281,38.196102142333984,36.880069732666016,35.04070281982422,33.533546447753906,32.784610748291016,32.873268127441406,33.67177963256836,34.715511322021484,35.74074172973633,36.57297134399414,37.60313034057617,39.17171096801758,41.69035339355469,44.43095016479492,45.735015869140625,45.96438980102539,46.09530258178711,46.0981559753418,42.88526153564453,39.49633026123047,35.823524475097656
26.123842239379883,26.3498592376709,26.178691864013672,25.041595458984375,24.110315322875977,23.716602325439453,22.875856399536133,22.353588104248047,23.23058319091797,25.524564743041992,28.010311126708984,29.636722564697266,30.242183685302734,30.722320556640625,31.686866760253906,32.83495330810547,34.28258514404297,35.75142288208008,37.355831146240234,38.44719696044922,38.94755172729492,39.3235969543457,38.29664993286133,36.39521026611328,34.45424270629883,32.87422180175781,32.11252212524414,32.231895446777344,33.03030776977539,34.06940460205078,34.788665771484375,35.3969841003418,35.7803840637207,36.27302551269531,36.92484664916992,38.86799621582031,43.31122589111328,46.83716583251953,47.52949905395508,46.84943389892578,46.24684524536133,42.08476257324219,38.91108322143555,32.81341552734375
26.101943969726562,26.501794815063477,27.83979034423828,28.489187240600586,26.89194107055664,24.3577938079834,22.340131759643555,22.6088924407959,25.015907287597656,27.790430068969727,28.9164981842041,28.765642166137695,28.577333450317383,29.161413192749023,30.690765380859375,32.42534255981445,34.3041877746582,35.874202728271484,37.42935562133789,38.596534729003906,38.74271774291992,37.70402145385742,35.52869415283203,33.512794494628906,32.2156867980957,31.63337516784668,31.73172950744629,32.48278045654297,33.6795654296875,34.95024490356445,35.71406173706055,36.02120590209961,36.06938552856445,36.14528274536133,36.16239929199219,36.767608642578125,41.43931198120117,46.35884475708008,48.43049240112305,48.0506477355957,46.27192687988281,41.33824157714844,36.619178771972656,28.958587646484375
27.093311309814453,27.979564666748047,29.806005477905273,31.22121810913086,29.31093406677246,26.50412940979004,24.9664363861084,26.35099220275879,28.73781394958496,29.59029769897461,27.681217193603516,25.716211318969727,25.723173141479492,26.96454620361328,28.871849060058594,31.3310546875,33.886268615722656,36.182037353515625,38.532562255859375,39.37405014038086,37.32223892211914,34.882591247558594,33.12985610961914,32.068084716796875,31.47968864440918,31.27632713317871,31.762773513793945,32.775753021240234,33.86665344238281,35.13755416870117,36.328636169433594,36.927371978759766,37.27863693237305,37.24380111694336,37.40470886230469,37.13887023925781,40.02985382080078,44.76457595825195,48.56412124633789,50.137325286865234,48.73183059692383,41.66055679321289,34.94131851196289,27.24472999572754
28.723539352416992,29.858200073242188,31.456972122192383,32.13597869873047,30.00381851196289,27.67990493774414,27.523468017578125,28.921463012695312,30.29814910888672,28.95236587524414,25.49226951599121,23.72412872314453,24.10767936706543,25.43334197998047,27.459125518798828,30.5981502532959,33.651161193847656,36.45914840698242,38.77504348754883,38.13935852050781,35.27840042114258,33.39731979370117,32.66058349609375,32.09666442871094,31.34471321105957,30.817211151123047,31.20958709716797,32.354103088378906,33.36915588378906,34.43062210083008,35.58829879760742,36.47267150878906,37.43787384033203,38.24494934082031,39.053165435791016,38.32693099975586,38.899322509765625,42.8175163269043,47.74387741088867,51.45923614501953,52.35984420776367,44.602046966552734,34.837379455566406,27.607738494873047
28.981325149536133,30.589344024658203,32.2663688659668,32.77268981933594,31.659074783325195,30.57696533203125,28.599546432495117,29.266658782958984,29.499752044677734,26.33759117126465,23.433921813964844,22.939476013183594,23.84459114074707,25.203758239746094,27.132524490356445,30.44803237915039,33.61969757080078,36.305049896240234,37.47340393066406,35.65066909790039,33.575843811035156,33.21876525878906,33.33308410644531,32.493186950683594,31.383031845092773,30.68096160888672,30.73960304260254,31.803848266601562,33.00597381591797,34.06031799316406,34.800113677978516,35.22460174560547,35.63645935058594,36.42580032348633,37.49260330200195,38.1123046875,38.651119232177734,42.021514892578125,46.7964973449707,51.080970764160156,54.378173828125,48.86195373535156,38.79835510253906,29.506349563598633
28.822965621948242,31.39121437072754,33.77915954589844,34.827735900878906,34.34591293334961,33.0765380859375,29.455402374267578,29.475889205932617,28.07731819152832,24.55539894104004,22.849014282226562,23.33584976196289,24.12436866760254,24.996360778808594,27.04141616821289,30.360109329223633,33.4282341003418,35.617645263671875,35.93718719482422,34.10517501831055,33.38230514526367,34.020076751708984,33.511314392089844,31.573930740356445,30.75712013244629,31.215229034423828,31.811809539794922,32.8719482421875,34.28862762451172,35.521568298339844,36.057491302490234,35.49515914916992,34.23232650756836,33.696842193603516,34.5913200378418,35.85689926147461,36.95588684082031,40.20347213745117,45.058353424072266,49.446102142333984,53.62626266479492,52.58582305908203,44.4763298034668,32.87174987792969
29.0377254486084,31.298131942749023,33.55246353149414,35.16035079956055,35.65440368652344,32.65666198730469,30.122623443603516,28.63034439086914,25.30213165283203,22.927587509155273,22.88548469543457,23.755033493041992,24.17746353149414,24.852720260620117,27.35331153869629,30.33163833618164,32.679988861083984,34.56399154663086,34.33833694458008,33.21622848510742,33.460506439208984,33.548927307128906,31.373863220214844,28.78781509399414,28.808673858642578,30.724925994873047,32.71824645996094,34.73567581176758,36.55329513549805,37.83395767211914,38.44721984863281,37.9430046081543,36.37333297729492,34.57711410522461,33.46446990966797,33.527427673339844,34.020469665527344,36.80420684814453,42.15009307861328,47.26565170288086,51.683197021484375,53.47957229614258,46.911521911621094,36.23455047607422
29.36275291442871,29.928688049316406,30.956661224365234,32.91075897216797,33.913082122802734,32.655670166015625,29.884077072143555,25.7767333984375,22.662250518798828,22.52532386779785,23.626188278198242,24.3552188873291,24.70612144470215,25.52062225341797,27.756210327148438,29.841703414916992,31.445852279663086,33.18535232543945,32.67351531982422,32.35525894165039,32.58909606933594,31.199472427368164,27.91265296936035,25.94394302368164,26.965206146240234,29.34280014038086,31.752031326293945,33.996707916259766,35.76637268066406,37.00453567504883,37.77732849121094,37.9052848815918,37.0992317199707,36.26155090332031,35.89794921875,35.72340393066406,34.790470123291016,35.45968246459961,39.687400817871094,44.77120590209961,49.07942581176758,52.064266204833984,48.020469665527344,39.08143997192383
28.1732234954834,28.199546813964844,28.505369186401367,30.336833953857422,31.7916316986084,32.32609939575195,27.84357261657715,24.406848907470703,22.83207130432129,23.591772079467773,24.829275131225586,25.309215545654297,25.6041259765625,26.11103057861328,27.46038246154785,28.741514205932617,30.300418853759766,31.686674118041992,31.642288208007812,31.617128372192383,30.754833221435547,27.924304962158203,25.31081771850586,25.424964904785156,27.25670051574707,28.97360610961914,30.198993682861328,31.469743728637695,32.87396240234375,34.16484451293945,35.03772735595703,35.25948715209961,35.129398345947266,35.12505340576172,35.81810760498047,37.073001861572266,37.356929779052734,37.40935516357422,39.87148666381836,43.433292388916016,46.72917938232422,50.32436752319336,49.49109649658203,42.11515808105469
