data/wind_data/wind_54_5.json
{"header": {"parameterUnit": "KT", "parameterCategory": 2, "nx": 256, "ny": 198, "lo1": 44.73521041870117, "la1": -3.236724853515625, "lo2": 111.26478576660156, "la2": 43.468475341796875, "dx": 0.2609002888202667, "dy": -0.23708222806453705, "refTime": "2025-02-21 06:00:00", "forecastTime": 0, "parameterNumber": 2, "parameterNumberName": "eastward_wind"}, "data":
[rows 133 to 151 of 198, columns 0 to 43 of 256]
47.809364318847656,46.80921173095703,45.91025161743164,45.616573333740234,45.60078430175781,45.754364013671875,45.867401123046875,45.82256317138672,45.60651397705078,45.39251708984375,45.36219024658203,45.34081268310547,45.18064498901367,45.03947830200195,44.94670104980469,44.81398010253906,44.61336898803711,44.330894470214844,43.945003509521484,43.39894485473633,42.74561309814453,42.316925048828125,42.43488693237305,42.853370666503906,43.48963928222656,44.90678024291992,47.00639724731445,49.12902069091797,49.129573822021484,47.894718170166016,47.73531723022461,47.27355194091797,45.9060173034668,44.99949645996094,45.867523193359375,44.374996185302734,42.87215805053711,42.72766876220703,42.0552978515625,41.45972442626953,41.40509796142578,41.266075134277344,42.088905334472656,41.8994026184082
48.89075469970703,48.11266326904297,46.820838928222656,45.5084114074707,45.04420852661133,45.042747497558594,45.044681549072266,44.910560607910156,44.61800765991211,44.36610794067383,44.33138656616211,44.394752502441406,44.38555908203125,44.316307067871094,44.155250549316406,43.93430709838867,43.71796417236328,43.46237564086914,43.14644241333008,42.80295944213867,42.505123138427734,42.337825775146484,42.62556076049805,43.397945404052734,44.38371658325195,45.746341705322266,47.75944137573242,49.64674377441406,49.00263595581055,47.80121994018555,47.44974899291992,46.024940490722656,44.15579605102539,44.23392868041992,43.51771545410156,40.76866912841797,39.070068359375,38.692806243896484,39.192779541015625,40.24022674560547,39.638614654541016,39.48061752319336,36.377349853515625,34.13774871826172
49.742855072021484,49.26462936401367,47.933433532714844,46.0963249206543,45.12954330444336,44.776939392089844,44.58184814453125,44.34528732299805,44.01414108276367,43.79184341430664,43.830989837646484,43.9974250793457,44.11814880371094,44.06755065917969,43.75293731689453,43.31365966796875,42.914424896240234,42.52328872680664,42.1214599609375,41.85139465332031,41.83812713623047,42.078651428222656,42.739479064941406,44.25804138183594,46.31574630737305,48.00430679321289,49.31231689453125,49.52488327026367,47.9619140625,46.7912483215332,46.100894927978516,44.34838104248047,42.91548156738281,41.80695724487305,38.93522644042969,35.860816955566406,35.15974044799805,37.47714614868164,40.23503875732422,39.80995559692383,37.660762786865234,34.545249938964844,33.0202522277832,37.07747268676758
50.1693000793457,49.634193420410156,48.58937454223633,47.24835968017578,45.89543533325195,44.986942291259766,44.43637466430664,44.081077575683594,43.7963981628418,43.627506256103516,43.64588928222656,43.790855407714844,43.949440002441406,43.957359313964844,43.63106155395508,43.086463928222656,42.53034591674805,41.97968673706055,41.417842864990234,41.151397705078125,41.469947814941406,42.25263977050781,43.135746002197266,44.95143127441406,47.569854736328125,48.96138381958008,49.2651252746582,48.30200958251953,46.47271728515625,45.72653579711914,44.910560607910156,42.66142272949219,39.413673400878906,36.99949264526367,35.583656311035156,36.416358947753906,38.3403434753418,39.936580657958984,39.72890090942383,37.31629943847656,34.49085235595703,34.504783630371094,36.42463684082031,39.05565643310547
50.565059661865234,49.93397903442383,49.16892623901367,48.469154357910156,47.190696716308594,45.90793228149414,44.85153579711914,44.190208435058594,43.84038543701172,43.63270568847656,43.50267791748047,43.44862365722656,43.46603012084961,43.466392517089844,43.2254524230957,42.73759078979492,42.21482849121094,41.65424346923828,41.102378845214844,41.00135803222656,42.01369094848633,43.69542694091797,44.93621063232422,46.68153762817383,48.544189453125,48.76702880859375,48.38724899291992,47.71812057495117,46.87812423706055,45.925479888916016,43.39385223388672,38.54422378540039,36.48567199707031,36.38972473144531,37.04018783569336,38.79037094116211,40.582271575927734,40.596920013427734,38.59046936035156,36.473880767822266,34.390357971191406,34.057376861572266,35.59621047973633,38.78499984741211
51.15415573120117,50.645511627197266,50.07155227661133,49.52630615234375,48.562503814697266,47.40055847167969,46.05886459350586,45.014034271240234,44.38991928100586,43.9695930480957,43.60466766357422,43.29051971435547,43.026756286621094,42.82060241699219,42.53529739379883,42.1381721496582,41.770389556884766,41.268123626708984,40.89293670654297,41.029937744140625,42.61311340332031,45.302181243896484,46.76028823852539,47.92451858520508,48.97025680541992,49.05342102050781,49.456764221191406,49.62794494628906,48.263275146484375,44.61640167236328,38.79277038574219,36.03055953979492,35.59077072143555,36.06365203857422,38.30870056152344,40.65264129638672,41.72880935668945,39.92060089111328,37.58858871459961,34.246097564697266,32.17430877685547,33.04643630981445,37.13811111450195,41.33785629272461
51.926109313964844,51.55880355834961,51.057281494140625,50.36408615112305,49.47650909423828,48.63017272949219,47.44678497314453,46.288509368896484,45.426544189453125,44.7718505859375,44.19169616699219,43.60377883911133,42.986541748046875,42.45279312133789,42.050174713134766,41.67565155029297,41.30575942993164,40.845916748046875,40.72515869140625,41.176918029785156,42.894962310791016,45.35551834106445,46.474754333496094,47.870384216308594,49.58625793457031,50.47002029418945,50.79697799682617,49.86198806762695,45.278011322021484,38.66250228881836,35.1005859375,35.01655578613281,36.150672912597656,38.18209457397461,40.669944763183594,42.859535217285156,41.45109939575195,38.26042938232422,33.79432678222656,31.9509220123291,33.09433364868164,36.81769561767578,41.250370025634766,43.592124938964844
53.013343811035156,52.706207275390625,52.17677307128906,51.31758117675781,50.34457015991211,49.70439910888672,48.78928756713867,47.73394775390625,46.801761627197266,46.00164794921875,45.20915985107422,44.32880401611328,43.377662658691406,42.54021072387695,41.98782730102539,41.52483367919922,40.97954559326172,40.519561767578125,40.62295150756836,41.39914321899414,42.93352127075195,44.97227096557617,46.576236724853516,48.18651580810547,49.563232421875,49.44922637939453,48.44133758544922,44.51354217529297,38.3015251159668,34.55299377441406,34.37144470214844,36.24040985107422,38.665794372558594,41.225894927978516,43.58678436279297,43.01823806762695,39.52730941772461,35.02462387084961,34.8639030456543,36.177711486816406,37.29916763305664,39.718990325927734,42.35575485229492,42.52764892578125
54.2729606628418,54.08248519897461,53.48102951049805,52.41102981567383,51.35731887817383,50.81285858154297,50.030094146728516,49.05317306518555,48.136741638183594,47.30276107788086,46.42185592651367,45.44621658325195,44.277095794677734,43.202659606933594,42.35149383544922,41.42129135131836,40.64337921142578,40.328521728515625,40.66099166870117,41.60540771484375,43.35814666748047,45.80523681640625,47.649784088134766,48.3761100769043,48.086402893066406,46.05874252319336,42.26087188720703,38.304847717285156,35.299659729003906,34.51536560058594,36.03019332885742,38.578025817871094,41.088523864746094,43.485321044921875,43.625423431396484,39.33968734741211,35.504703521728516,36.6589241027832,38.95057678222656,38.9201545715332,38.32316589355469,39.51888656616211,40.67989730834961,39.34823989868164
55.37760543823242,55.19417190551758,54.4359245300293,53.19334411621094,52.05551528930664,51.51394271850586,50.73930358886719,49.776092529296875,48.900142669677734,48.17825698852539,47.454566955566406,46.61626052856445,45.509361267089844,44.3588981628418,43.19137954711914,41.772945404052734,40.433841705322266,40.03171157836914,40.620784759521484,41.899112701416016,44.67938995361328,47.598976135253906,48.12479019165039,47.01669692993164,45.067115783691406,41.2537841796875,38.08613586425781,36.32549285888672,35.48638153076172,36.25496292114258,38.049015045166016,39.8975715637207,41.67192459106445,42.205440521240234,40.22456359863281,35.52073669433594,36.06941223144531,39.07996368408203,40.20576858520508,38.07185363769531,37.57876968383789,38.934181213378906,39.317317962646484,36.76322937011719
56.37089538574219,55.95103454589844,54.9514045715332,53.60343933105469,52.45217514038086,51.869415283203125,51.02509689331055,50.02368927001953,49.258750915527344,48.7690315246582,48.33957290649414,47.786380767822266,47.09074401855469,46.042667388916016,44.368431091308594,42.63338088989258,41.16183853149414,41.06536865234375,42.375736236572266,44.156307220458984,47.09489059448242,48.80478286743164,47.052894592285156,44.86246109008789,42.16469192504883,38.779258728027344,36.693424224853516,36.1932258605957,36.453025817871094,37.5795783996582,38.94823455810547,40.127296447753906,40.237369537353516,39.241634368896484,35.98356628417969,35.50637435913086,37.59324645996094,39.317604064941406,37.76277160644531,36.73091125488281,37.90640640258789,39.045440673828125,37.0888671875,33.40631103515625
56.72370147705078,56.30698013305664,55.28917694091797,53.98519515991211,52.86540222167969,52.223533630371094,51.2178840637207,50.22091293334961,49.68354034423828,49.71100616455078,49.81214141845703,49.58073425292969,48.72483825683594,47.083316802978516,45.07701873779297,43.81201934814453,43.48975372314453,44.092010498046875,45.448974609375,47.12902069091797,48.810420989990234,48.3732795715332,45.40988540649414,43.705631256103516,41.17202377319336,37.694332122802734,36.11962890625,36.423152923583984,37.35401916503906,38.33563995361328,39.33893585205078,39.30574417114258,38.401859283447266,35.42853927612305,34.40157699584961,35.98748016357422,37.026248931884766,36.89925765991211,34.733707427978516,36.05901336669922,37.90727996826172,37.485198974609375,33.812644958496094,31.584014892578125
56.26243591308594,56.23336410522461,55.548248291015625,54.515380859375,53.42205047607422,52.641021728515625,51.534141540527344,50.8504753112793,50.89495086669922,51.60737228393555,52.03895950317383,51.70949935913086,50.50436019897461,48.95884323120117,47.31131362915039,46.35884094238281,46.31155014038086,46.635799407958984,47.24696731567383,48.49148178100586,49.25069046020508,47.24201202392578,44.38770294189453,42.94100570678711,39.90843963623047,37.185218811035156,37.13298797607422,38.021514892578125,38.78489303588867,39.28934097290039,38.763145446777344,38.19213104248047,35.82301712036133,34.93462371826172,36.603919982910156,37.69459915161133,36.912628173828125,35.30538558959961,34.053062438964844,34.8088493347168,35.583824157714844,34.51642608642578,33.362396240234375,33.59026336669922
55.57020568847656,55.864097595214844,55.534969329833984,54.8008918762207,53.773414611816406,52.98066711425781,52.14533233642578,52.040096282958984,52.71611785888672,53.309879302978516,53.46147155761719,52.54719161987305,51.10308837890625,50.90372085571289,50.55653762817383,49.27727127075195,48.38711166381836,48.85658264160156,49.510475158691406,49.31178283691406,48.5814208984375,46.59467697143555,44.118038177490234,41.71578598022461,38.896244049072266,38.086238861083984,38.55832290649414,39.46949005126953,39.80589294433594,39.0155029296875,37.6868782043457,37.340576171875,38.316856384277344,39.521514892578125,39.376522064208984,38.144840240478516,36.594120025634766,35.4087028503418,34.06757354736328,33.33587646484375,32.709102630615234,32.546241760253906,33.99375915527344,34.19972229003906
55.00944137573242,55.417903900146484,55.22089385986328,54.635719299316406,53.770626068115234,53.21063232421875,52.975425720214844,53.45332717895508,53.929351806640625,53.938472747802734,53.574188232421875,52.6086540222168,51.908512115478516,52.33783721923828,52.17340850830078,50.881595611572266,49.980865478515625,50.40971374511719,50.12578582763672,48.934715270996094,48.00568389892578,46.4206428527832,44.6567268371582,42.009666442871094,39.984039306640625,39.46207046508789,40.072410583496094,39.92182922363281,38.83934020996094,38.005767822265625,38.047149658203125,38.83955383300781,40.01395797729492,40.14965057373047,39.20176696777344,37.893619537353516,37.22007369995117,36.175636291503906,34.33788299560547,31.887035369873047,30.611656188964844,31.611915588378906,32.29267120361328,31.08198356628418
54.26421356201172,54.67918395996094,54.50091552734375,54.033504486083984,53.50947189331055,53.56337356567383,54.049102783203125,54.57966995239258,54.270896911621094,53.97279357910156,53.58256912231445,53.35624313354492,52.91130828857422,52.368717193603516,51.861236572265625,51.932918548583984,52.149566650390625,51.69035339355469,50.323219299316406,49.49142074584961,49.11629104614258,47.981544494628906,45.718994140625,42.91080093383789,40.54081344604492,40.9383544921875,40.55610656738281,39.1617431640625,38.34107971191406,37.658958435058594,37.149169921875,36.750911712646484,36.802589416503906,37.15172576904297,36.939517974853516,36.11879348754883,35.234554290771484,33.986671447753906,32.30057144165039,30.50553321838379,30.661090850830078,30.67117691040039,28.7818546295166,26.96962547302246
52.94696044921875,53.299346923828125,53.100852966308594,52.82866668701172,53.023494720458984,53.81504821777344,54.64241409301758,54.73631286621094,54.24552536010742,53.91607666015625,54.06070327758789,53.965660095214844,53.55198287963867,53.75011444091797,54.21513366699219,53.61262130737305,52.03965377807617,51.19126892089844,51.10447692871094,50.64385223388672,50.452064514160156,49.14167022705078,46.461368560791016,43.06891632080078,41.1075553894043,39.91413879394531,37.69404220581055,35.086666107177734,35.676204681396484,35.74698257446289,35.08454513549805,34.491939544677734,34.54991912841797,34.562049865722656,33.72542953491211,32.367828369140625,30.969242095947266,29.991676330566406,29.301198959350586,29.92323875427246,30.803447723388672,28.96149253845215,25.56941032409668,24.038833618164062
51.29342269897461,51.60083770751953,51.333656311035156,51.34040832519531,52.369136810302734,53.6681022644043,54.48771286010742,54.410118103027344,54.22459030151367,54.17161178588867,54.150367736816406,53.960853576660156,53.66990661621094,54.0861701965332,54.10940170288086,53.953609466552734,54.58457946777344,54.800235748291016,53.48039627075195,52.16305160522461,51.014122009277344,49.435813903808594,45.94328689575195,43.537418365478516,41.40536117553711,38.51408767700195,34.38676071166992,32.45603561401367,33.618675231933594,34.946895599365234,34.96749496459961,34.42862319946289,33.87858200073242,32.44876480102539,30.623138427734375,29.13041877746582,28.037918090820312,27.693706512451172,28.231904983520508,29.61123275756836,29.46204948425293,26.03545570373535,22.85361099243164,22.159879684448242
50.02552795410156,50.240936279296875,49.84214401245117,50.043575286865234,51.55948257446289,53.37346267700195,54.335723876953125,54.152442932128906,53.9671516418457,53.844303131103516,53.73204040527344,53.70170593261719,53.345550537109375,53.77838134765625,54.31086730957031,53.646881103515625,54.59385681152344,55.54681396484375,53.875396728515625,51.37675476074219,49.77853012084961,48.67283248901367,46.865013122558594,45.13235855102539,43.2719612121582,38.61017608642578,34.1190299987793,31.937726974487305,32.64546585083008,33.5017204284668,33.169410705566406,32.09209060668945,30.945764541625977,29.82600212097168,28.90642738342285,27.632333755493164,26.2526912689209,25.528568267822266,26.423274993896484,28.207338333129883,27.375343322753906,23.670406341552734,20.944429397583008,20.489946365356445
