data/wind_data/wind_Surface_59.json
{"header": {"parameterUnit": "KT", "parameterCategory": 2, "nx": 255, "ny": 198, "lo1": 44.73521041870117, "la1": -3.236724853515625, "lo2": 111.26478576660156, "la2": 43.468475341796875, "dx": 0.26192745566368103, "dy": -0.23708222806453705, "refTime": "2025-02-21 11:00:00", "forecastTime": 0, "parameterNumber": 2, "parameterNumberName": "eastward_wind"}, "data":
[rows 152 to 170 of 198, columns 0 to 42 of 255]
7.400088310241699,8.263079643249512,8.775324821472168,8.162298202514648,3.8538358211517334,7.4207563400268555,8.936838150024414,4.201504707336426,7.642283916473389,11.744361877441406,9.031438827514648,7.2759857177734375,9.10689926147461,9.911412239074707,10.820779800415039,12.221864700317383,13.650835990905762,12.062122344970703,11.776583671569824,13.596732139587402,18.146560668945312,18.668127059936523,14.513511657714844,14.002301216125488,11.993851661682129,2.646697521209717,-2.441392421722412,-2.228325128555298,-1.8558520078659058,0.5383341908454895,2.451493501663208,2.5239386558532715,1.826514482498169,1.764621376991272,3.3497865200042725,4.631531715393066,5.5398406982421875,6.230440616607666,6.317540168762207,6.544948577880859,6.304074287414551,5.97733736038208,6.105859756469727
7.79714298248291,8.714629173278809,9.47308349609375,9.166345596313477,5.0990471839904785,5.022139072418213,8.52421760559082,6.473373889923096,5.446896076202393,10.388054847717285,12.50286865234375,9.586584091186523,6.876007080078125,7.218573093414307,9.518080711364746,15.225351333618164,16.442893981933594,11.950105667114258,10.35239028930664,10.362040519714355,14.823745727539062,18.020614624023438,14.161653518676758,12.346931457519531,7.708799839019775,0.28857603669166565,-1.3161492347717285,-1.8611663579940796,-0.17483192682266235,2.4503378868103027,5.26106595993042,6.630399227142334,6.397048473358154,5.562334060668945,5.659862518310547,5.890445709228516,6.13899040222168,6.55514669418335,7.032293319702148,7.715371131896973,8.082878112792969,7.8076066970825195,7.323256015777588
7.733498573303223,8.975064277648926,9.688875198364258,7.967965126037598,6.580253601074219,8.122733116149902,6.634139060974121,6.390366554260254,7.36142635345459,8.599893569946289,9.805535316467285,9.097433090209961,7.287765026092529,6.542474269866943,7.0002665519714355,6.559942245483398,6.480264663696289,7.860821723937988,7.9836907386779785,5.997487545013428,7.3016510009765625,7.930752277374268,6.03589391708374,5.576169967651367,2.5983450412750244,-0.016872864216566086,-0.26267528533935547,-0.8909898400306702,0.5091269016265869,3.47979998588562,5.722427845001221,6.774526119232178,7.539911270141602,7.964266777038574,8.209236145019531,7.8786540031433105,7.6384148597717285,7.591105937957764,8.008933067321777,8.374650955200195,8.456767082214355,8.32620620727539,7.792844295501709
7.479127883911133,9.012943267822266,9.448356628417969,7.987721920013428,5.545401096343994,9.104637145996094,10.873919486999512,6.960394859313965,8.117340087890625,10.841967582702637,10.470874786376953,8.90495777130127,7.563390731811523,8.941534996032715,11.586416244506836,11.294129371643066,6.930150508880615,5.51687479019165,5.64037561416626,4.3595428466796875,1.259035348892212,-1.9984958171844482,0.46989700198173523,2.215468406677246,0.12513937056064606,1.091249942779541,0.493684858083725,-0.8732052445411682,1.7405614852905273,3.8512251377105713,6.487379550933838,8.067200660705566,8.316923141479492,8.432655334472656,8.33377742767334,8.022856712341309,7.218216419219971,6.341150760650635,6.895172119140625,7.6040940284729,7.615259647369385,7.52254056930542,7.208216667175293
7.41704797744751,8.517976760864258,8.954689979553223,6.67330265045166,3.1177988052368164,6.005494594573975,12.102560997009277,11.216724395751953,8.060609817504883,10.51358699798584,11.94019603729248,8.98592758178711,5.718711853027344,5.423733234405518,7.18858003616333,8.961523056030273,8.777624130249023,8.750258445739746,9.986917495727539,8.476576805114746,4.051458835601807,0.14192397892475128,-0.11921332776546478,2.7248480319976807,3.0001800060272217,1.8688747882843018,0.44769686460494995,0.14207537472248077,2.578958749771118,4.829000949859619,6.501098155975342,7.880062103271484,8.328880310058594,8.014688491821289,7.488157272338867,7.606484889984131,8.403544425964355,7.980475425720215,6.831255912780762,5.940036296844482,5.445091724395752,5.371481418609619,5.468260765075684
7.118924617767334,8.169248580932617,8.551621437072754,6.027767658233643,1.575352668762207,2.669370412826538,8.614131927490234,14.011153221130371,14.46706771850586,10.548516273498535,7.8324995040893555,7.587510108947754,7.47677755355835,4.847806930541992,0.09433182328939438,-0.4279383420944214,2.735621690750122,6.597045421600342,11.238597869873047,12.322148323059082,7.8731513023376465,1.284361481666565,-2.122138023376465,-0.7470908164978027,2.4593541622161865,3.8713626861572266,1.8810315132141113,1.0950156450271606,3.4820516109466553,6.768665790557861,8.592537879943848,7.426671028137207,5.272568702697754,5.57986307144165,7.1647748947143555,9.189430236816406,9.708654403686523,9.23833179473877,5.495272636413574,2.082378625869751,1.9342098236083984,1.6656609773635864,2.4605348110198975
7.51441764831543,8.157184600830078,8.454133987426758,6.8404035568237305,3.237966299057007,2.623016357421875,6.065466403961182,13.286547660827637,18.102863311767578,14.992932319641113,7.271485328674316,3.2832727432250977,6.004838943481445,8.824454307556152,6.532641887664795,3.506427049636841,2.3744592666625977,3.5184175968170166,8.341631889343262,10.997357368469238,4.83125638961792,-2.6460471153259277,-5.250039100646973,-4.363791465759277,-0.050739843398332596,1.9313894510269165,1.3614190816879272,2.9767298698425293,5.312155723571777,6.574995994567871,5.015120506286621,4.151963233947754,3.895881175994873,4.1937408447265625,7.138265132904053,9.959829330444336,11.049198150634766,10.654847145080566,5.247306823730469,1.4290268421173096,-0.5067617893218994,-1.853161334991455,0.26439961791038513
8.121461868286133,8.215747833251953,8.188090324401855,8.350890159606934,5.901353359222412,4.168664455413818,7.636386871337891,13.947359085083008,16.901411056518555,14.163823127746582,10.613688468933105,4.795733451843262,1.7291992902755737,5.806979656219482,8.38220500946045,9.042147636413574,8.01577377319336,4.146710395812988,2.539170026779175,1.884871244430542,-3.3349616527557373,-7.831005096435547,-8.002095222473145,-5.287274360656738,-1.478360891342163,-0.8566849827766418,-0.4733677804470062,2.993844985961914,6.666459560394287,7.29404354095459,6.016684532165527,5.260676860809326,3.994877815246582,5.544943332672119,8.46784496307373,10.925660133361816,7.416490077972412,2.116443634033203,0.16750513017177582,0.45596086978912354,0.8497928380966187,-0.2442924827337265,-0.3633277416229248
7.392205238342285,8.297859191894531,9.09097957611084,10.088587760925293,9.52570629119873,8.54372787475586,10.41324234008789,12.181697845458984,12.560970306396484,11.893555641174316,12.321578979492188,11.441165924072266,6.637874603271484,1.957061767578125,2.212690591812134,5.259030818939209,4.611871242523193,-1.2126151323318481,-1.9798283576965332,-0.7731174230575562,-4.505910396575928,-7.294520854949951,-6.854671001434326,-3.2554359436035156,-0.9250563383102417,1.8264706134796143,6.585337162017822,11.333369255065918,9.145285606384277,2.9388539791107178,-0.04290873557329178,-1.2020822763442993,-0.6872568726539612,1.5833556652069092,5.799074172973633,5.64310359954834,-1.726420283317566,-4.803570747375488,-2.9387168884277344,0.7364909052848816,4.1711015701293945,4.785678863525391,1.9929789304733276
6.716659069061279,8.518976211547852,8.605246543884277,9.437238693237305,11.1886568069458,10.97830581665039,9.356945991516113,8.309221267700195,8.734207153320312,9.186867713928223,10.13767147064209,11.453524589538574,8.238049507141113,4.718405246734619,2.8702406883239746,1.544790506362915,-1.3531159162521362,-4.736636161804199,-2.37001371383667,1.7914271354675293,-1.7229790687561035,-6.75031042098999,-5.27919864654541,2.058621644973755,8.657292366027832,6.13249397277832,5.053269386291504,4.7189226150512695,0.4766540229320526,-2.1007673740386963,-0.9373480081558228,0.3710227310657501,1.7463748455047607,0.6857232451438904,2.8834023475646973,5.250211238861084,1.1760504245758057,-1.0875505208969116,-0.9843106269836426,1.8151274919509888,5.322346210479736,7.636114597320557,5.380695343017578
4.881178855895996,7.395247936248779,8.169576644897461,9.883058547973633,11.612489700317383,10.57053279876709,8.4741792678833,5.7913126945495605,6.248274326324463,10.206408500671387,11.75907039642334,10.298394203186035,6.771007537841797,5.630147457122803,4.571742534637451,0.8315759301185608,-3.764068126678467,-5.547085762023926,-1.6737316846847534,1.009432077407837,0.4727265536785126,-1.160279631614685,1.5249913930892944,5.468051910400391,2.7255570888519287,0.25383543968200684,1.461877703666687,1.460945725440979,1.241849422454834,1.2536327838897705,1.2672661542892456,2.5351169109344482,2.260460615158081,2.6029186248779297,2.377988576889038,1.875565767288208,2.9589366912841797,3.9760735034942627,2.8649802207946777,2.169610023498535,3.6671690940856934,6.433074951171875,5.5385332107543945
4.8905744552612305,8.174511909484863,9.427935600280762,11.098423957824707,12.850347518920898,11.731796264648438,7.579476356506348,4.1840996742248535,5.611866474151611,11.66649341583252,15.127832412719727,9.405898094177246,4.581211566925049,5.025028705596924,4.8153252601623535,-1.4228436946868896,-6.959013938903809,-6.2366557121276855,-1.7631980180740356,1.2738142013549805,1.1879390478134155,2.9898018836975098,0.9129032492637634,-0.7929889559745789,2.881349563598633,5.923561096191406,9.455029487609863,7.585510730743408,4.288059711456299,3.1321916580200195,0.8871417045593262,-0.228219673037529,0.32916855812072754,2.0181214809417725,3.2964916229248047,3.0232415199279785,1.7158786058425903,0.9679571986198425,0.26493215560913086,0.3242318332195282,2.227154016494751,2.0050952434539795,0.5335100889205933
7.1278581619262695,10.649519920349121,10.654054641723633,10.971138954162598,11.981769561767578,10.552144050598145,6.844658851623535,5.080690383911133,8.814615249633789,13.827127456665039,12.798161506652832,9.077763557434082,7.8287177085876465,6.344564914703369,-0.5185485482215881,-7.612177848815918,-7.659193515777588,-5.2484025955200195,-2.0151307582855225,1.4956454038619995,4.284958839416504,4.876683712005615,5.368151664733887,9.211098670959473,14.525067329406738,15.859554290771484,13.505891799926758,8.07629680633545,2.472029685974121,0.3547835350036621,-0.3710949718952179,0.38500112295150757,1.2896344661712646,2.2328264713287354,4.4170002937316895,7.466174602508545,9.39841079711914,8.28056812286377,5.093794345855713,2.351902484893799,2.356226921081543,3.2907559871673584,3.1587839126586914
8.37020492553711,11.233724594116211,11.085297584533691,10.402729988098145,11.494762420654297,9.92311954498291,7.0323896408081055,6.82291841506958,10.385868072509766,12.501154899597168,9.192622184753418,10.107743263244629,9.416740417480469,-0.6970080137252808,-10.008509635925293,-11.331692695617676,-7.993781089782715,-3.170348644256592,1.1960325241088867,4.525776386260986,7.804967880249023,11.511195182800293,18.31108283996582,21.102949142456055,20.275070190429688,15.500800132751465,5.6056599617004395,-2.8158175945281982,-4.544326305389404,-2.411036968231201,-0.7352030873298645,0.6681016087532043,2.243333339691162,3.6490516662597656,5.174468994140625,7.881105899810791,9.360218048095703,9.602265357971191,8.842650413513184,8.727506637573242,6.782315731048584,4.919387340545654,5.003817081451416
7.939177513122559,10.951216697692871,9.824207305908203,6.172175884246826,6.72285270690918,7.7240495681762695,6.887852668762207,7.328542709350586,9.116243362426758,8.081494331359863,3.7768754959106445,-1.0284879207611084,-7.538240432739258,-11.428327560424805,-12.695308685302734,-11.340442657470703,-6.285823345184326,0.23458537459373474,7.03143310546875,7.330146312713623,7.675644874572754,13.56666374206543,13.641304969787598,10.76905345916748,7.755712509155273,-0.1920393854379654,-7.430322647094727,-7.887145519256592,-5.9341959953308105,-3.8560585975646973,-1.6562049388885498,0.00013451756967697293,1.8774323463439941,3.4670143127441406,5.912716865539551,9.589234352111816,10.551507949829102,10.5306978225708,10.445388793945312,8.267664909362793,7.402954578399658,8.136136054992676,6.780479907989502
6.298704624176025,8.414209365844727,6.035190582275391,0.4032036066055298,1.0225015878677368,6.367379188537598,7.321201801300049,6.508607864379883,5.501040935516357,1.813920497894287,-3.7309906482696533,-8.070389747619629,-11.319903373718262,-13.017800331115723,-12.252479553222656,-8.307867050170898,-2.380800724029541,4.3681960105896,12.044708251953125,9.69921875,2.2604501247406006,-3.0964114665985107,-6.963254451751709,-8.555900573730469,-9.156831741333008,-10.136210441589355,-11.156978607177734,-9.865252494812012,-7.166443347930908,-4.157968997955322,-1.6138235330581665,-0.09938375651836395,1.7482601404190063,2.740610361099243,5.168337821960449,8.163991928100586,8.820595741271973,8.793654441833496,8.507246971130371,7.970201015472412,7.276634693145752,7.803877830505371,8.160557746887207
3.7612297534942627,4.668021202087402,3.1385741233825684,1.7589787244796753,3.125267267227173,6.413984298706055,8.901869773864746,6.80464506149292,0.24499058723449707,-5.068702220916748,-8.506919860839844,-9.18122386932373,-8.36717700958252,-10.236621856689453,-12.207809448242188,-7.737381935119629,0.3366927206516266,8.427186965942383,7.747610569000244,-2.9495439529418945,-7.52631950378418,-7.007214546203613,-7.744812488555908,-7.8027496337890625,-8.813872337341309,-10.383722305297852,-10.889485359191895,-9.556561470031738,-7.204921722412109,-4.829471111297607,-3.0568974018096924,-1.0798362493515015,1.3181202411651611,2.472707748413086,4.771339416503906,7.205603122711182,7.394020080566406,7.358743667602539,7.381361484527588,7.75891637802124,7.96006441116333,7.942621231079102,9.648270606994629
1.2846320867538452,1.8687633275985718,2.9853763580322266,6.460425853729248,8.269913673400879,8.686930656433105,11.208735466003418,5.174499988555908,-4.148288249969482,-9.000487327575684,-10.647228240966797,-8.242899894714355,-5.565911293029785,-8.352604866027832,-12.267210006713867,-7.834095478057861,1.3380742073059082,7.531978130340576,1.7706705331802368,-6.398660659790039,-8.639885902404785,-9.021875381469727,-9.397377967834473,-9.726110458374023,-9.53246021270752,-9.332365036010742,-9.010897636413574,-8.025212287902832,-5.887378692626953,-3.352051258087158,-2.778306245803833,-1.8042737245559692,0.7822950482368469,2.106757879257202,4.6150922775268555,6.633970260620117,6.632605075836182,5.944385528564453,6.476202964782715,7.724748134613037,8.753557205200195,9.715540885925293,10.196131706237793
-0.2353139966726303,0.3710903227329254,2.804682970046997,6.238613128662109,7.5113205909729,9.429547309875488,10.764276504516602,3.247492790222168,-4.675832271575928,-7.13464879989624,-7.979100704193115,-5.216035842895508,-5.571922302246094,-9.619211196899414,-12.586746215820312,-8.223265647888184,3.0857136249542236,7.223726749420166,-2.064119815826416,-10.20371150970459,-10.913687705993652,-10.20521354675293,-9.230545043945312,-9.020654678344727,-8.721879959106445,-8.038818359375,-7.007806301116943,-6.063669681549072,-5.145516872406006,-2.8111181259155273,-2.4651970863342285,-2.0306053161621094,0.39945653080940247,1.6342639923095703,4.171339511871338,6.2883992195129395,6.321683406829834,5.318490982055664,5.588271141052246,6.812445163726807,7.906162738800049,8.79897689819336,8.876976013183594
