data/wind_data/wind_17_3.json
{"header": {"parameterUnit": "KT", "parameterCategory": 2, "nx": 256, "ny": 198, "lo1": 44.73521041870117, "la1": -3.236724853515625, "lo2": 111.26478576660156, "la2": 43.468475341796875, "dx": 0.2609002888202667, "dy": -0.23708222806453705, "refTime": "2025-02-19 17:00:00", "forecastTime": 0, "parameterNumber": 2, "parameterNumberName": "eastward_wind"}, "data":
[rows 171 to 189 of 198, columns 176 to 219 of 256]
25.22447395324707,25.255022048950195,23.898317337036133,22.547077178955078,21.786304473876953,21.918275833129883,21.91836166381836,21.400646209716797,21.276248931884766,21.75731658935547,22.332605361938477,22.779802322387695,23.39265251159668,24.82290267944336,27.972187042236328,31.480682373046875,34.290504455566406,35.466796875,35.7290153503418,35.2176399230957,33.53496551513672,31.08819007873535,29.26825714111328,28.70081329345703,27.816028594970703,25.89031410217285,23.96373748779297,23.225248336791992,21.02910614013672,19.163339614868164,20.15519142150879,21.02623176574707,21.055908203125,22.70405387878418,17.996980667114258,10.696261405944824,8.483134269714355,10.039363861083984,8.753741264343262,5.877869606018066,4.997640609741211,6.574217319488525,8.00795841217041,6.638994216918945
27.868703842163086,27.98306655883789,26.06348991394043,24.709077835083008,26.057907104492188,26.397716522216797,25.015531539916992,24.207134246826172,24.14420509338379,24.57880973815918,25.60991096496582,27.515474319458008,29.786651611328125,31.588319778442383,32.22492218017578,32.971771240234375,33.698997497558594,33.617279052734375,33.28226852416992,33.60939025878906,33.15781021118164,30.160938262939453,27.77606773376465,27.55006980895996,27.940937042236328,27.420623779296875,25.841672897338867,23.557432174682617,20.575040817260742,19.65983009338379,20.730066299438477,20.927350997924805,20.94969367980957,22.091245651245117,22.217090606689453,20.020435333251953,15.08020305633545,9.788907051086426,5.727182865142822,5.250279426574707,7.459001064300537,9.200701713562012,7.744075775146484,5.688832759857178
29.25598907470703,27.59191131591797,28.146259307861328,28.381824493408203,29.99374771118164,29.581466674804688,26.803401947021484,25.627893447875977,26.104555130004883,26.715986251831055,27.881067276000977,29.45365333557129,30.660547256469727,30.151729583740234,27.78680992126465,26.220458984375,26.38593101501465,27.730993270874023,30.5216007232666,32.58240509033203,31.552396774291992,27.057973861694336,25.91074562072754,27.035181045532227,28.0239200592041,27.218088150024414,24.520212173461914,21.840120315551758,19.586761474609375,19.53983497619629,19.743061065673828,18.960920333862305,19.778642654418945,20.775798797607422,15.89743423461914,9.767638206481934,5.722823619842529,5.899489879608154,6.764015197753906,7.108528137207031,6.698686122894287,7.071934223175049,6.455265998840332,6.004817485809326
29.201435089111328,28.85293197631836,29.624897003173828,31.34161376953125,33.34764862060547,31.664596557617188,28.05040740966797,26.722023010253906,26.47829246520996,26.303604125976562,26.380481719970703,27.012361526489258,26.923250198364258,24.58233070373535,22.992204666137695,23.304670333862305,25.31700897216797,29.190305709838867,32.36367416381836,31.30931282043457,26.53443145751953,25.611251831054688,27.464460372924805,28.693593978881836,27.108367919921875,24.421127319335938,21.87331771850586,19.64548683166504,16.010774612426758,15.496158599853516,18.483978271484375,17.963409423828125,21.6387996673584,15.719339370727539,7.75087833404541,6.250446796417236,6.314777374267578,7.789677619934082,8.99103832244873,9.68328857421875,7.626791954040527,6.62729549407959,6.9107747077941895,7.444030284881592
27.13998031616211,27.804040908813477,28.77208709716797,29.88297462463379,30.459897994995117,28.457889556884766,25.657957077026367,24.88178062438965,26.288497924804688,28.45956039428711,30.93605613708496,32.70344161987305,28.595413208007812,22.902372360229492,21.92904281616211,24.58919334411621,27.560546875,30.34334373474121,31.100482940673828,26.976491928100586,25.651180267333984,28.971923828125,32.02241897583008,30.327232360839844,23.980974197387695,22.31532096862793,22.12190818786621,20.4301815032959,13.540335655212402,9.765323638916016,14.610607147216797,15.530397415161133,13.298007011413574,9.704521179199219,8.5368070602417,8.753951072692871,8.731157302856445,10.33076000213623,10.95023250579834,11.116652488708496,8.513185501098633,7.147366523742676,8.08611011505127,8.411032676696777
23.83708953857422,24.427522659301758,24.60869789123535,24.73689079284668,24.2747802734375,21.73233985900879,19.16880226135254,18.694293975830078,20.62434196472168,23.77589988708496,28.664531707763672,31.507740020751953,26.225849151611328,21.775426864624023,22.6595401763916,24.766151428222656,25.97495460510254,27.526643753051758,28.491378784179688,26.53952407836914,27.472217559814453,31.273698806762695,33.90262222290039,27.5512638092041,20.15692710876465,21.701457977294922,24.373353958129883,21.868040084838867,17.967121124267578,18.96982192993164,21.26252555847168,16.432594299316406,11.692269325256348,10.18691635131836,9.899090766906738,9.35721492767334,9.154435157775879,9.393816947937012,10.12796401977539,9.992889404296875,8.908088684082031,8.052878379821777,8.354716300964355,7.928881645202637
16.36261558532715,17.415781021118164,17.60057258605957,16.82063102722168,15.778061866760254,14.605587005615234,13.520885467529297,13.381324768066406,14.538797378540039,16.2794132232666,18.028423309326172,18.647357940673828,18.056421279907227,16.169281005859375,15.982742309570312,17.00588035583496,19.070880889892578,23.312088012695312,26.715314865112305,25.58677864074707,23.965383529663086,27.17515754699707,28.859235763549805,21.830015182495117,18.58860206604004,21.630868911743164,21.765125274658203,20.22629165649414,22.095680236816406,23.04682731628418,19.023719787597656,15.363211631774902,14.597664833068848,13.180713653564453,10.458498001098633,8.850639343261719,9.266279220581055,9.040255546569824,8.569352149963379,8.282994270324707,8.40764331817627,8.674881935119629,8.814123153686523,8.080680847167969
9.450450897216797,10.903361320495605,11.86845588684082,11.885669708251953,11.363956451416016,10.755573272705078,10.196615219116211,10.191010475158691,11.037309646606445,11.8573579788208,12.23115348815918,12.118147850036621,11.278828620910645,10.23676872253418,10.086526870727539,10.891437530517578,12.977973937988281,16.693185806274414,19.239046096801758,18.102266311645508,17.259511947631836,19.4298152923584,19.537139892578125,17.71994400024414,17.42030906677246,18.65363121032715,20.15245246887207,21.506235122680664,21.666942596435547,20.480411529541016,19.429670333862305,19.008197784423828,17.430015563964844,13.967214584350586,10.844979286193848,9.28109359741211,9.069160461425781,8.622698783874512,8.104485511779785,7.661340236663818,7.597128868103027,8.313542366027832,9.215932846069336,9.38772201538086
5.642631530761719,6.333494663238525,6.937364101409912,7.31402063369751,7.682112693786621,8.180790901184082,8.664944648742676,9.033897399902344,9.42825698852539,9.81317138671875,10.130252838134766,10.019930839538574,9.613505363464355,9.23132038116455,9.154650688171387,9.435848236083984,10.286717414855957,11.570632934570312,13.013195037841797,13.826624870300293,14.02479076385498,15.256040573120117,16.478899002075195,16.815773010253906,17.299209594726562,18.53361701965332,20.073984146118164,21.304515838623047,22.262590408325195,22.654945373535156,22.26093292236328,19.7405948638916,16.08904266357422,12.825835227966309,10.379365921020508,9.273538589477539,8.961365699768066,8.379228591918945,8.322115898132324,8.669320106506348,8.850857734680176,9.2144136428833,9.97439193725586,10.942977905273438
5.843835353851318,5.810971736907959,5.869338512420654,5.923416614532471,6.097451686859131,6.740514755249023,7.7014479637146,8.413947105407715,8.899916648864746,9.045336723327637,9.23914623260498,9.583738327026367,9.901735305786133,9.922371864318848,9.94571304321289,10.220682144165039,10.88278579711914,11.869527816772461,12.886051177978516,13.659429550170898,14.171907424926758,15.02721881866455,16.025161743164062,16.767871856689453,16.828134536743164,17.42476463317871,18.750947952270508,19.639902114868164,19.661100387573242,18.844528198242188,16.09333610534668,11.732477188110352,8.903193473815918,8.10359001159668,7.924461364746094,8.261817932128906,8.28136157989502,7.73429536819458,7.526623249053955,7.913047790527344,8.515687942504883,9.106959342956543,9.928465843200684,11.389904975891113
7.344610691070557,7.304405689239502,7.4305338859558105,7.827742576599121,7.9892354011535645,7.960468292236328,8.138570785522461,8.422772407531738,9.068501472473145,9.796788215637207,10.345694541931152,10.694987297058105,10.8124418258667,11.14041805267334,11.8006010055542,12.496018409729004,13.164837837219238,13.9197416305542,14.422831535339355,14.597187042236328,14.674166679382324,14.86758041381836,15.188721656799316,15.334383964538574,14.801057815551758,14.25160026550293,14.460156440734863,14.588349342346191,13.601553916931152,11.438150405883789,8.208211898803711,5.796971321105957,6.015456199645996,6.731300354003906,7.135853290557861,7.8032307624816895,7.8994526863098145,7.195714950561523,6.819784164428711,7.2273640632629395,7.7876129150390625,8.41379451751709,9.62631607055664,11.316854476928711
9.091521263122559,9.240015029907227,9.598034858703613,10.469027519226074,11.423066139221191,11.484396934509277,10.693942070007324,9.902595520019531,9.885029792785645,10.66137981414795,11.395182609558105,11.80724048614502,11.806512832641602,12.361384391784668,13.135418891906738,13.821739196777344,14.293938636779785,14.69261360168457,14.760909080505371,14.530753135681152,14.409915924072266,14.419374465942383,14.278158187866211,13.730206489562988,12.680143356323242,11.45101261138916,10.964306831359863,10.506708145141602,9.195542335510254,8.15926456451416,6.466399669647217,4.867290019989014,5.9697675704956055,7.2008233070373535,7.479678630828857,7.889415264129639,7.857455253601074,7.261255264282227,7.624060153961182,8.443657875061035,9.198698043823242,9.602664947509766,10.448219299316406,11.436729431152344
10.816047668457031,11.217194557189941,11.463458061218262,12.114927291870117,13.23060417175293,13.948348045349121,13.64384937286377,12.975112915039062,12.46383285522461,12.475247383117676,12.875326156616211,13.164107322692871,13.193554878234863,13.649181365966797,14.036517143249512,14.193269729614258,14.235862731933594,14.502666473388672,14.672327041625977,14.641120910644531,14.665690422058105,14.518608093261719,14.235784530639648,13.756454467773438,12.651266098022461,11.13480281829834,10.04822826385498,9.504541397094727,8.648063659667969,8.075450897216797,6.7220635414123535,5.653883934020996,6.717881202697754,7.710862159729004,9.027070045471191,9.099581718444824,8.616022109985352,7.420107841491699,7.600728511810303,8.258672714233398,8.479121208190918,8.613707542419434,9.336463928222656,10.2021484375
11.042825698852539,12.25359058380127,13.081467628479004,13.538838386535645,14.056620597839355,14.474644660949707,14.509378433227539,14.384392738342285,14.53262996673584,14.464859962463379,14.136198043823242,13.719358444213867,13.601250648498535,14.178244590759277,14.988896369934082,15.023756980895996,14.452127456665039,14.470312118530273,15.048032760620117,15.555760383605957,15.60208511352539,15.068740844726562,14.485820770263672,13.487493515014648,11.864155769348145,10.720454216003418,9.792044639587402,9.617152214050293,9.376140594482422,7.9204888343811035,6.489226818084717,6.450336933135986,8.27661418914795,9.277253150939941,8.199284553527832,6.278444766998291,5.512775897979736,5.732457637786865,6.55179500579834,7.200855255126953,7.220646381378174,6.919733047485352,7.849152088165283,9.299001693725586
9.733744621276855,10.979792594909668,12.724956512451172,14.273599624633789,14.969008445739746,14.8330078125,14.44747543334961,14.306173324584961,14.179326057434082,14.216455459594727,13.919865608215332,13.43157958984375,13.483118057250977,13.925142288208008,14.692841529846191,15.275093078613281,15.35926628112793,15.762632369995117,16.503734588623047,16.72102928161621,16.073328018188477,15.121973991394043,14.016043663024902,12.507311820983887,11.073235511779785,10.718522071838379,11.09229564666748,11.067717552185059,9.54505443572998,7.143607139587402,6.122678279876709,6.445075035095215,6.88116979598999,5.806856155395508,6.032348155975342,6.50182580947876,6.20805025100708,5.566019535064697,5.897815704345703,6.32447624206543,5.907792568206787,5.976344585418701,7.216511249542236,8.128374099731445
9.141942024230957,9.018174171447754,10.518277168273926,12.4286527633667,12.987113952636719,12.290909767150879,11.572046279907227,11.59228801727295,11.930868148803711,12.010945320129395,12.213848114013672,12.72308349609375,13.183082580566406,13.426648139953613,13.592548370361328,14.223572731018066,15.195403099060059,16.367603302001953,17.148820877075195,17.139745712280273,16.429182052612305,15.224836349487305,13.282231330871582,11.680502891540527,11.1596097946167,10.828746795654297,10.716249465942383,9.811070442199707,8.606502532958984,7.050899982452393,6.570535182952881,6.784969329833984,5.661465644836426,5.2470784187316895,6.424817085266113,6.717289924621582,6.247644901275635,6.145532608032227,6.31141471862793,5.959055423736572,5.737236499786377,6.321387767791748,6.780184745788574,6.69453763961792
11.093276977539062,10.30682373046875,10.201522827148438,10.296018600463867,9.602529525756836,8.885709762573242,9.332269668579102,10.484145164489746,11.490135192871094,12.034370422363281,12.348358154296875,12.742417335510254,13.18834400177002,13.558710098266602,13.918327331542969,14.284307479858398,14.817697525024414,15.871553421020508,16.98717498779297,17.42019271850586,16.45151710510254,14.66362476348877,12.331436157226562,10.802947044372559,10.018179893493652,9.386550903320312,8.598235130310059,7.952248573303223,7.75491189956665,7.668452739715576,7.677921772003174,6.648667335510254,6.090635299682617,6.564530849456787,6.415291786193848,6.204564094543457,6.252463340759277,5.98223876953125,5.305912494659424,5.020085334777832,5.188319206237793,5.118601322174072,4.757083892822266,4.852656364440918
10.646808624267578,10.36378002166748,10.122347831726074,9.822731971740723,9.18134593963623,9.024857521057129,9.921857833862305,10.879014015197754,11.514464378356934,11.834637641906738,11.970569610595703,12.208409309387207,12.686630249023438,13.438987731933594,14.180773735046387,14.765036582946777,14.855670928955078,15.812026977539062,17.41347312927246,17.800025939941406,16.1713924407959,13.853156089782715,11.039772033691406,9.618813514709473,8.570798873901367,8.396685600280762,6.928694248199463,5.262389183044434,5.407374382019043,5.865639686584473,5.4350762367248535,5.459433078765869,5.77089262008667,5.853314399719238,5.933765411376953,5.975172519683838,5.4926252365112305,4.669792175292969,4.401867866516113,4.398199081420898,3.9281187057495117,3.1564276218414307,2.768433094024658,3.1919331550598145
9.08447265625,8.80257797241211,8.50823974609375,8.39385986328125,8.57315444946289,9.856826782226562,10.980512619018555,11.145407676696777,10.991131782531738,10.727633476257324,10.767242431640625,11.021162033081055,11.338146209716797,12.02452564239502,12.963916778564453,14.069124221801758,14.116181373596191,15.457904815673828,17.565444946289062,17.659271240234375,15.616943359375,13.532485961914062,11.172798156738281,9.760747909545898,7.407223224639893,5.66197395324707,3.607208013534546,2.728116750717163,3.6722915172576904,4.561106204986572,4.800140857696533,4.878020763397217,5.21356725692749,5.819982051849365,5.967446804046631,5.08770751953125,4.3306708335876465,4.237698554992676,3.9653162956237793,3.322115182876587,2.5618369579315186,2.144551992416382,2.001925230026245,2.1087474822998047
