data/wind_data/wind_22_9.json
{"header": {"parameterUnit": "KT", "parameterCategory": 2, "nx": 256, "ny": 198, "lo1": 44.73521041870117, "la1": -3.236724853515625, "lo2": 111.26478576660156, "la2": 43.468475341796875, "dx": 0.2609002888202667, "dy": -0.23708222806453705, "refTime": "2025-02-19 22:00:00", "forecastTime": 0, "parameterNumber": 2, "parameterNumberName": "eastward_wind"}, "data":
[rows 0 to 18 of 198, columns 44 to 87 of 256]
20.13639259338379,21.08847427368164,21.717601776123047,22.052488327026367,22.136432647705078,22.062061309814453,22.289701461791992,22.628965377807617,22.747591018676758,22.81505012512207,23.03074073791504,23.244455337524414,23.27659797668457,23.418498992919922,23.963308334350586,24.3228816986084,24.16934585571289,24.14698028564453,24.389528274536133,24.982099533081055,25.999601364135742,26.320804595947266,25.928569793701172,25.73776626586914,25.68977165222168,25.54022789001465,25.38927459716797,25.611099243164062,26.054716110229492,26.58358383178711,26.989585876464844,26.684783935546875,26.35868263244629,26.767385482788086,27.129329681396484,26.98896598815918,26.730342864990234,26.399442672729492,26.28675651550293,26.498043060302734,26.852275848388672,27.34585189819336,27.667200088500977,27.814603805541992
20.13588523864746,20.779815673828125,21.499164581298828,22.13213348388672,22.574562072753906,22.836355209350586,23.1366024017334,23.044809341430664,22.81578254699707,23.012723922729492,23.360441207885742,24.00225257873535,24.50551414489746,24.1356258392334,24.00322723388672,24.617176055908203,25.166893005371094,25.631824493408203,25.779529571533203,26.090797424316406,27.137287139892578,27.38222885131836,26.894052505493164,26.91303825378418,27.014860153198242,26.511629104614258,25.81646156311035,25.849647521972656,26.60199546813965,27.312570571899414,27.390628814697266,27.061492919921875,27.189441680908203,27.857078552246094,27.88632583618164,27.19402503967285,26.787670135498047,26.687957763671875,26.749603271484375,26.84630584716797,26.89031219482422,27.190034866333008,27.47895622253418,27.615245819091797
21.27037239074707,21.61009407043457,21.867862701416016,22.35016632080078,22.93640899658203,23.32845687866211,23.41790008544922,23.227983474731445,23.072887420654297,23.086042404174805,23.38631248474121,23.9306583404541,24.02323341369629,23.585649490356445,23.760025024414062,24.58163833618164,25.295610427856445,25.891483306884766,26.17262840270996,26.579957962036133,27.507686614990234,27.903045654296875,27.787446975708008,27.788251876831055,27.710397720336914,27.267107009887695,26.612123489379883,26.447126388549805,26.835912704467773,27.229700088500977,27.383460998535156,27.397987365722656,27.651824951171875,28.15129852294922,28.167619705200195,27.737314224243164,27.578561782836914,27.546499252319336,27.55875587463379,27.718414306640625,27.81715965270996,27.829816818237305,27.95534896850586,28.357746124267578
22.027202606201172,21.987516403198242,21.86728286743164,22.101835250854492,22.571557998657227,23.013042449951172,23.16067886352539,23.116044998168945,23.096839904785156,23.096996307373047,23.41015625,23.781171798706055,23.628416061401367,23.306364059448242,23.659229278564453,24.578676223754883,25.364269256591797,25.855592727661133,26.17598533630371,26.749408721923828,27.64390754699707,28.20925521850586,28.424606323242188,28.498600006103516,28.300199508666992,27.850276947021484,27.296653747558594,26.961408615112305,26.954965591430664,26.9898681640625,27.053503036499023,27.26888656616211,27.581544876098633,27.761751174926758,27.699989318847656,27.548429489135742,27.54557991027832,27.565814971923828,27.811893463134766,28.174570083618164,28.258319854736328,28.15409278869629,28.080806732177734,28.319385528564453
21.196308135986328,20.788509368896484,20.108510971069336,19.682493209838867,19.788854598999023,20.262313842773438,20.75304412841797,21.165727615356445,21.931413650512695,23.091333389282227,24.041030883789062,24.27398681640625,23.928646087646484,23.643203735351562,23.799928665161133,24.414302825927734,25.224140167236328,25.96382713317871,26.54970932006836,27.23357582092285,27.957006454467773,28.290761947631836,28.223800659179688,28.172855377197266,28.096092224121094,27.762828826904297,27.357851028442383,26.877866744995117,26.402124404907227,25.951946258544922,25.67296600341797,25.221952438354492,24.48501968383789,23.68590545654297,23.412982940673828,23.363311767578125,23.060367584228516,23.706357955932617,24.930574417114258,25.977853775024414,26.46510887145996,26.690927505493164,26.111183166503906,25.29959487915039
19.693069458007812,19.471548080444336,18.9345645904541,18.466445922851562,18.495107650756836,18.995403289794922,19.617290496826172,20.305953979492188,21.374542236328125,22.768232345581055,23.90297508239746,24.46881103515625,24.77158546447754,25.229150772094727,25.845895767211914,26.38947296142578,26.811859130859375,27.26511573791504,27.790771484375,28.53909683227539,29.308069229125977,29.617515563964844,29.484086990356445,29.2896671295166,29.085865020751953,28.70245933532715,28.156932830810547,27.56147575378418,27.247650146484375,27.329618453979492,27.69670295715332,27.595806121826172,27.227251052856445,26.833261489868164,26.75628662109375,26.403356552124023,25.274166107177734,25.64914321899414,26.003921508789062,26.696060180664062,27.169906616210938,27.210798263549805,26.715559005737305,25.99915885925293
19.444833755493164,18.980138778686523,18.24375343322754,17.73981475830078,17.834291458129883,18.38239860534668,19.02337646484375,19.765527725219727,20.876794815063477,22.178434371948242,23.104461669921875,23.552623748779297,24.109556198120117,25.219783782958984,26.55396270751953,27.527849197387695,28.049888610839844,28.41839599609375,28.892627716064453,29.452144622802734,29.949111938476562,30.153684616088867,30.093822479248047,29.907072067260742,29.660526275634766,29.333677291870117,28.409318923950195,27.276796340942383,26.94689178466797,27.847614288330078,28.870756149291992,29.36858558654785,29.498268127441406,29.162023544311523,28.864822387695312,28.073991775512695,27.21828269958496,27.489044189453125,28.291366577148438,29.064306259155273,29.699373245239258,29.6027889251709,28.841703414916992,27.9377498626709
19.638864517211914,19.27983856201172,18.683645248413086,18.31804847717285,18.369478225708008,18.705045700073242,19.080570220947266,19.612327575683594,20.590656280517578,21.75881004333496,22.50830841064453,22.767648696899414,23.198898315429688,24.31218147277832,25.85272789001465,27.1675968170166,27.987329483032227,28.4429988861084,28.70812225341797,28.767715454101562,28.73237419128418,28.751115798950195,28.921419143676758,29.160907745361328,29.470767974853516,29.45951271057129,28.461349487304688,27.10129165649414,26.3679256439209,26.741546630859375,27.031349182128906,28.145158767700195,29.088651657104492,29.754640579223633,30.119047164916992,28.60961151123047,27.806974411010742,28.45638656616211,29.159822463989258,30.23500633239746,30.617502212524414,30.99209976196289,30.708471298217773,30.098352432250977
19.58308982849121,19.49289321899414,19.366140365600586,19.439176559448242,19.619909286499023,19.773584365844727,19.88469886779785,20.069313049316406,20.649229049682617,21.497737884521484,22.044950485229492,22.199689865112305,22.536285400390625,23.524324417114258,24.998384475708008,26.454320907592773,27.551122665405273,28.215763092041016,28.447328567504883,28.162521362304688,27.759033203125,27.675708770751953,27.860694885253906,28.135517120361328,28.643278121948242,29.07177734375,28.837472915649414,27.82721710205078,26.529916763305664,25.660747528076172,25.713085174560547,27.255319595336914,28.058855056762695,29.316967010498047,29.44988250732422,29.580371856689453,29.23769187927246,29.247644424438477,29.631303787231445,30.529102325439453,30.38981819152832,30.87045669555664,31.62331199645996,32.063838958740234
19.81735610961914,19.756742477416992,19.832921981811523,20.19356918334961,20.52967071533203,20.68152618408203,20.78211212158203,20.92277717590332,21.196517944335938,21.550146102905273,21.703088760375977,21.672754287719727,21.96063232421875,22.872690200805664,24.141393661499023,25.370882034301758,26.437408447265625,27.322887420654297,27.76180648803711,27.66042709350586,27.314443588256836,27.133270263671875,27.056365966796875,27.192502975463867,27.97123908996582,29.016845703125,29.09030532836914,27.90011978149414,26.67950439453125,26.175247192382812,26.953035354614258,27.93798065185547,28.02876091003418,29.632482528686523,29.42452621459961,28.940431594848633,29.242515563964844,29.562728881835938,30.06449317932129,30.828554153442383,30.625274658203125,31.54266929626465,32.226383209228516,32.59109115600586
20.39985466003418,20.25877571105957,20.2182559967041,20.611963272094727,21.0303897857666,21.236631393432617,21.507287979125977,21.946813583374023,22.381418228149414,22.486387252807617,22.14086151123047,21.673337936401367,21.748414993286133,22.478796005249023,23.424331665039062,24.277965545654297,25.15985870361328,26.05246925354004,26.656391143798828,26.728534698486328,26.642839431762695,26.642974853515625,26.61421775817871,26.886491775512695,27.849939346313477,28.67147445678711,28.235227584838867,27.255952835083008,26.823585510253906,26.919248580932617,27.35055923461914,28.15935516357422,28.359378814697266,29.540388107299805,29.41869354248047,28.536470413208008,28.442285537719727,29.30467987060547,30.41193389892578,30.95526123046875,31.64155387878418,32.34719467163086,32.34361267089844,32.50645065307617
21.506877899169922,21.241907119750977,20.86279296875,21.045137405395508,21.434738159179688,21.71464729309082,22.05828094482422,22.696496963500977,23.417484283447266,23.639827728271484,23.06922721862793,22.187028884887695,21.93512725830078,22.446714401245117,23.122507095336914,23.65382957458496,24.235706329345703,24.9193115234375,25.443822860717773,25.647781372070312,25.863237380981445,26.120201110839844,26.264781951904297,26.756595611572266,27.546300888061523,27.59453773498535,27.039358139038086,26.593090057373047,26.208402633666992,27.18793296813965,27.19697380065918,28.11445426940918,28.202320098876953,27.93398666381836,28.0112247467041,27.71183967590332,28.146272659301758,29.023950576782227,29.917356491088867,30.637468338012695,31.700815200805664,32.22969436645508,32.102195739746094,32.722042083740234
22.895977020263672,22.55211639404297,21.904251098632812,21.725706100463867,21.905107498168945,22.032024383544922,22.220054626464844,22.803560256958008,23.63837432861328,24.090059280395508,23.683135986328125,22.79456329345703,22.338579177856445,22.556982040405273,22.898818969726562,23.125154495239258,23.53962516784668,24.161813735961914,24.697195053100586,24.973066329956055,25.24302864074707,25.568822860717773,25.85689926147461,26.329286575317383,26.83737564086914,26.56670379638672,25.966279983520508,25.381589889526367,25.742767333984375,25.873064041137695,26.84813117980957,27.461448669433594,27.403850555419922,26.39412498474121,27.434276580810547,27.645858764648438,28.181753158569336,29.269550323486328,30.06889533996582,30.11031723022461,30.37189483642578,31.26692008972168,32.527374267578125,33.48923873901367
23.907106399536133,23.542131423950195,22.90911865234375,22.56328582763672,22.52206802368164,22.51287269592285,22.482316970825195,22.711456298828125,23.29781150817871,23.753028869628906,23.576784133911133,22.937637329101562,22.522716522216797,22.478946685791016,22.383834838867188,22.252958297729492,22.590280532836914,23.408462524414062,24.212352752685547,24.67818260192871,24.994033813476562,25.306838989257812,25.604421615600586,25.946813583374023,26.117305755615234,25.68379020690918,24.89101219177246,23.610736846923828,24.697160720825195,24.713380813598633,26.158248901367188,26.99298858642578,27.516036987304688,26.751203536987305,27.285423278808594,26.91510581970215,27.38796043395996,29.656776428222656,30.65235710144043,30.182992935180664,30.20840072631836,31.896038055419922,32.80219650268555,33.56706237792969
24.796131134033203,24.237607955932617,23.691593170166016,23.517173767089844,23.4609317779541,23.32476043701172,23.111162185668945,22.905115127563477,22.994455337524414,23.197315216064453,23.044673919677734,22.537160873413086,22.223602294921875,22.156158447265625,21.913551330566406,21.525495529174805,21.656803131103516,22.611289978027344,23.761213302612305,24.517080307006836,24.989973068237305,25.304096221923828,25.549074172973633,25.70001220703125,25.810333251953125,25.52608299255371,24.58937644958496,22.962081909179688,23.61842155456543,24.31515884399414,25.140762329101562,25.831022262573242,25.747591018676758,26.64335823059082,27.788745880126953,26.455081939697266,28.02354621887207,30.10409927368164,30.616426467895508,30.235872268676758,30.47879409790039,31.836671829223633,32.61309051513672,33.13469696044922
25.612462997436523,24.92902183532715,24.310565948486328,24.329843521118164,24.464950561523438,24.293310165405273,23.815235137939453,23.246139526367188,22.890344619750977,22.7921199798584,22.4864501953125,21.900928497314453,21.612699508666992,21.754159927368164,21.779224395751953,21.43648338317871,21.294645309448242,22.01753807067871,23.330652236938477,24.383216857910156,25.011159896850586,25.471752166748047,25.970630645751953,26.10841178894043,25.68695068359375,25.09331703186035,24.963945388793945,24.270998001098633,23.650672912597656,23.368602752685547,24.22873878479004,24.574275970458984,24.787927627563477,26.438617706298828,26.626943588256836,26.37697982788086,27.51809310913086,29.144922256469727,28.844043731689453,28.734363555908203,29.57231903076172,30.727397918701172,31.882545471191406,32.5031623840332
26.13177490234375,25.476987838745117,24.808753967285156,24.739788055419922,24.9926700592041,24.94590187072754,24.399494171142578,23.607614517211914,22.929515838623047,22.46456527709961,21.8775691986084,21.17607307434082,20.949020385742188,21.34811782836914,21.76960563659668,21.676225662231445,21.44614028930664,21.907573699951172,23.18134880065918,24.339956283569336,25.057912826538086,25.693988800048828,26.418052673339844,26.750486373901367,26.438827514648438,25.517009735107422,24.748502731323242,24.7993106842041,24.352611541748047,24.387123107910156,24.19115447998047,23.801685333251953,24.19192123413086,25.143192291259766,25.24341583251953,26.120506286621094,27.01228904724121,27.193328857421875,25.888826370239258,26.266210556030273,27.469900131225586,28.698196411132812,30.15189552307129,30.998140335083008
27.18624496459961,26.28230094909668,25.67728614807129,25.295724868774414,25.247760772705078,25.277904510498047,24.794891357421875,23.849803924560547,22.932071685791016,22.203413009643555,21.407289505004883,20.573598861694336,20.252016067504883,20.69710350036621,21.33165740966797,21.550432205200195,21.573036193847656,22.045434951782227,23.234540939331055,24.39167022705078,25.14754867553711,25.783313751220703,26.654489517211914,27.278547286987305,27.379915237426758,26.931901931762695,25.8258056640625,25.063627243041992,24.705673217773438,24.67161750793457,24.485885620117188,24.534217834472656,25.200756072998047,25.570146560668945,25.177745819091797,25.41815948486328,25.19475555419922,24.736780166625977,24.51958656311035,24.797178268432617,25.178762435913086,25.984342575073242,27.199424743652344,28.25457000732422
29.17516326904297,28.149757385253906,27.265134811401367,26.339256286621094,25.769285202026367,25.624704360961914,25.097137451171875,24.055822372436523,23.070674896240234,22.209932327270508,21.244699478149414,20.205440521240234,19.542020797729492,19.67487335205078,20.293699264526367,20.840566635131836,21.263572692871094,22.023778915405273,23.257001876831055,24.58539581298828,25.40403938293457,25.837892532348633,26.335222244262695,27.26173973083496,27.95149040222168,28.006011962890625,27.4639835357666,26.390869140625,25.4891414642334,24.96721839904785,25.10858917236328,25.728975296020508,26.599468231201172,26.627967834472656,25.539339065551758,24.49335479736328,23.509904861450195,23.36068344116211,23.59724235534668,23.312938690185547,23.410808563232422,24.10476303100586,25.133691787719727,26.30988883972168
