data/wind_data/wind_45_2.json
{"header": {"parameterUnit": "KT", "parameterCategory": 2, "nx": 256, "ny": 198, "lo1": 44.73521041870117, "la1": -3.236724853515625, "lo2": 111.26478576660156, "la2": 43.468475341796875, "dx": 0.2609002888202667, "dy": -0.23708222806453705, "refTime": "2025-02-20 21:00:00", "forecastTime": 0, "parameterNumber": 2, "parameterNumberName": "eastward_wind"}, "data":
[rows 76 to 94 of 198, columns 129 to 171 of 256]
-5.288025856018066,-5.4716715812683105,-8.072823524475098,-9.607996940612793,-7.477165222167969,-6.998552322387695,-7.5913801193237305,-8.524079322814941,-9.192801475524902,-8.745391845703125,-8.36899185180664,-9.191810607910156,-8.544624328613281,-8.476492881774902,-8.216925621032715,-7.171473503112793,-7.837730884552002,-8.562824249267578,-9.145491600036621,-8.315516471862793,-7.620090007781982,-8.249970436096191,-8.71505355834961,-7.49859094619751,-6.911927700042725,-7.5589494705200195,-7.215951442718506,-6.4840569496154785,-5.518383502960205,-5.384152412414551,-5.202641487121582,-4.707776069641113,-4.964664936065674,-4.5281500816345215,-3.7547566890716553,-2.4615085124969482,-2.6545515060424805,-2.8515777587890625,-2.454444408416748,-2.5657355785369873,-2.5728728771209717,-2.335090398788452,-1.811192512512207
-5.278555393218994,-6.716150760650635,-7.585023403167725,-7.640510082244873,-6.61181640625,-6.271759986877441,-6.891483783721924,-7.38470458984375,-8.027388572692871,-8.549196243286133,-8.57703685760498,-8.613404273986816,-8.422048568725586,-8.191080093383789,-7.257688999176025,-6.373798847198486,-6.27433967590332,-6.288708209991455,-6.8213701248168945,-6.8266730308532715,-6.180922031402588,-6.459400653839111,-6.965217113494873,-6.479308128356934,-6.66220235824585,-7.020479679107666,-6.305471420288086,-5.061390399932861,-4.719529628753662,-5.058261871337891,-5.51186990737915,-5.612189769744873,-5.923551559448242,-5.723948001861572,-4.95473575592041,-3.8097784519195557,-3.8736159801483154,-3.9754371643066406,-4.14804744720459,-4.462881565093994,-4.5985236167907715,-4.302980422973633,-3.7574849128723145
-2.231868028640747,-4.682605266571045,-6.841145992279053,-6.2832350730896,-5.8133416175842285,-5.729448318481445,-6.344119548797607,-6.537668704986572,-7.059673309326172,-8.167155265808105,-8.874448776245117,-9.175976753234863,-8.473908424377441,-7.128087043762207,-6.3460893630981445,-5.804867744445801,-4.956071376800537,-4.932460784912109,-3.7379159927368164,-4.2184224128723145,-4.988591194152832,-5.076998233795166,-5.48258638381958,-5.529141426086426,-6.364012241363525,-6.841522216796875,-5.324033737182617,-3.6728360652923584,-4.455937385559082,-5.1930131912231445,-6.047309875488281,-6.482916355133057,-6.782503128051758,-6.579009532928467,-5.639240741729736,-4.950970649719238,-4.972167491912842,-5.140478610992432,-5.472545146942139,-5.7821173667907715,-5.988818168640137,-5.820771217346191,-5.492871284484863
0.5962352156639099,-2.6363420486450195,-4.948985576629639,-4.853353023529053,-4.702315330505371,-4.703603267669678,-5.551785945892334,-5.9202141761779785,-5.962067127227783,-6.704451560974121,-7.650627613067627,-8.406021118164062,-8.225090026855469,-7.758777141571045,-6.990923881530762,-5.301219940185547,-2.601637125015259,-2.7734930515289307,-2.2718722820281982,-2.4326183795928955,-2.115084171295166,-3.2944273948669434,-4.468842506408691,-5.095727443695068,-5.417330265045166,-5.685697078704834,-5.18285608291626,-4.022116661071777,-3.803250312805176,-5.584962368011475,-6.310181140899658,-6.799772262573242,-7.177012920379639,-7.115201950073242,-6.370318412780762,-5.8840651512146,-5.913213729858398,-6.128956317901611,-6.3732709884643555,-6.7089104652404785,-7.014587879180908,-7.075239658355713,-6.929859161376953
1.954893946647644,0.31259819865226746,-3.039532423019409,-3.1659486293792725,-2.483762741088867,-2.62738037109375,-3.723365068435669,-4.6360650062561035,-4.466249942779541,-4.507839679718018,-4.962441444396973,-5.252734184265137,-5.5177903175354,-4.967813968658447,-3.6044819355010986,-3.224165678024292,-3.636489152908325,0.6004343032836914,1.3494244813919067,0.21517731249332428,-0.24749526381492615,-1.300369143486023,-2.792760133743286,-3.431337356567383,-4.139623165130615,-5.56378698348999,-4.8060832023620605,-4.102137088775635,-4.78051233291626,-6.182957649230957,-6.536235809326172,-7.11483907699585,-7.293324947357178,-7.51515531539917,-7.133153915405273,-6.69612979888916,-6.5626935958862305,-6.59840726852417,-6.6379899978637695,-6.850574493408203,-7.113053798675537,-7.2747483253479,-7.184885025024414
2.631448268890381,4.329094886779785,2.181546211242676,0.1907799392938614,0.09677951037883759,-0.30198514461517334,-0.9003797173500061,-1.6128966808319092,-2.4438674449920654,-2.8629164695739746,-2.8800761699676514,-0.4750155210494995,0.9596446752548218,-0.1472039371728897,0.21980129182338715,0.11450694501399994,0.3694346249103546,1.3704971075057983,1.6787056922912598,3.742954730987549,1.9414983987808228,1.0767070055007935,-0.7037481665611267,-1.07333242893219,-3.4287822246551514,0.5419391393661499,-4.6084442138671875,-4.830794811248779,-5.306088447570801,-6.663877010345459,-6.9336934089660645,-7.3147053718566895,-7.378351211547852,-7.754258632659912,-7.563466548919678,-7.089327812194824,-6.767031669616699,-6.522612571716309,-6.363403797149658,-6.391028881072998,-6.343994617462158,-6.287199974060059,-6.1240234375
2.264254570007324,4.555952072143555,5.429905891418457,4.594356536865234,3.3800151348114014,2.791192054748535,2.3936355113983154,1.3089067935943604,-0.7294518351554871,-1.2632768154144287,-1.119615912437439,0.23218251764774323,4.307335376739502,4.753368377685547,4.693289756774902,4.9422831535339355,4.249622344970703,3.6937100887298584,4.243566036224365,4.315798282623291,4.301597595214844,2.8105955123901367,1.4524115324020386,1.2345857620239258,-2.0755326747894287,2.4141342639923096,-3.092834949493408,-4.607419967651367,-5.221310138702393,-6.440892696380615,-6.975205898284912,-7.19437837600708,-7.262887001037598,-7.564123630523682,-7.478158950805664,-7.118706703186035,-6.4907450675964355,-6.056681156158447,-5.819398880004883,-5.784720420837402,-5.5935564041137695,-5.263788223266602,-4.917639255523682
-2.0028650760650635,3.4034171104431152,7.331921100616455,7.004552841186523,5.883444786071777,6.096728801727295,5.111505031585693,2.0248730182647705,0.2111613005399704,0.24823972582817078,1.0277847051620483,2.748722791671753,3.897620916366577,6.515147686004639,6.568381309509277,7.308491230010986,10.035572052001953,8.152714729309082,5.144005298614502,4.766707897186279,4.75813627243042,4.760547161102295,2.870067834854126,3.6966238021850586,1.8773363828659058,1.7413192987442017,-1.8303745985031128,-3.616574287414551,-4.631763935089111,-6.108073711395264,-6.433784008026123,-6.49696683883667,-6.738065242767334,-6.950586318969727,-6.922538757324219,-6.652597904205322,-5.936606407165527,-5.498644828796387,-5.2295122146606445,-5.10735559463501,-4.9294939041137695,-4.465712070465088,-3.9973554611206055
-6.4450483322143555,-1.6997908353805542,5.0435590744018555,9.647690773010254,8.615118026733398,7.596184253692627,5.80155086517334,2.938521146774292,2.167719841003418,1.9295923709869385,3.1399505138397217,5.318696975708008,6.1685404777526855,7.139580249786377,7.867867946624756,8.518360137939453,10.449217796325684,12.303069114685059,6.16031551361084,4.607583999633789,5.156847953796387,4.717947006225586,5.298791885375977,6.107016086578369,4.441609859466553,1.7948968410491943,-0.5560874938964844,-2.5196993350982666,-3.836516857147217,-4.216310977935791,-5.484589576721191,-5.67392635345459,-5.695650577545166,-5.957404613494873,-6.0896897315979,-5.702351093292236,-5.138427734375,-4.846524238586426,-4.632110118865967,-4.387773036956787,-4.202942371368408,-3.831263303756714,-3.4460957050323486
-5.001045227050781,-4.925405502319336,-0.05913170054554939,7.985231399536133,10.816145896911621,8.629008293151855,5.893154621124268,4.157370090484619,4.422027587890625,4.691289901733398,5.698371887207031,6.51329231262207,7.295440196990967,8.200583457946777,9.437078475952148,10.596781730651855,12.245121955871582,14.411652565002441,8.370488166809082,5.639102935791016,5.656740665435791,4.957773208618164,5.247173309326172,6.427892684936523,7.718782901763916,3.8145196437835693,0.3020486831665039,-1.4795329570770264,-2.195427894592285,-2.6619961261749268,-4.100368022918701,-4.6383442878723145,-5.004148960113525,-4.8481316566467285,-5.00366735458374,-4.575145244598389,-4.099176406860352,-3.9292869567871094,-3.846728801727295,-3.560281276702881,-3.4265706539154053,-3.18222975730896,-2.7861552238464355
-1.1549633741378784,-2.4154067039489746,-2.418682336807251,4.052018642425537,11.517962455749512,11.348912239074707,8.234272003173828,6.224903106689453,5.532647609710693,6.021297454833984,7.404702186584473,7.821225643157959,8.212647438049316,8.913527488708496,10.293564796447754,11.81600570678711,14.076338768005371,14.596480369567871,13.42724323272705,8.734376907348633,6.73115348815918,6.4305100440979,7.407408237457275,7.289066314697266,7.711454391479492,5.679708003997803,2.069809675216675,-0.10417184233665466,-0.7635785937309265,-2.1197760105133057,-3.100773811340332,-2.8680708408355713,-3.5592775344848633,-3.671736240386963,-3.7723031044006348,-3.346017360687256,-2.8039910793304443,-2.684800624847412,-2.8013288974761963,-2.6759181022644043,-2.6462838649749756,-2.2649054527282715,-1.6858479976654053
0.08519884198904037,2.339395523071289,-0.23946304619312286,-0.7594401240348816,6.814499378204346,13.108399391174316,13.306524276733398,10.157486915588379,7.432997703552246,8.011961936950684,8.242754936218262,7.850878715515137,8.207258224487305,8.814809799194336,11.090493202209473,13.373961448669434,16.113845825195312,14.539779663085938,17.416913986206055,13.689573287963867,8.350231170654297,8.422819137573242,12.208892822265625,8.199317932128906,5.810299396514893,2.5716850757598877,2.2159640789031982,1.8513076305389404,-0.268648236989975,-1.1772397756576538,-0.5995938181877136,-1.9155006408691406,-1.3351932764053345,-1.9077627658843994,-2.0899407863616943,-1.783280372619629,-1.2338621616363525,-1.1250951290130615,-1.4975779056549072,-1.6997356414794922,-1.7712992429733276,-1.2701925039291382,-0.6464511156082153
1.6009896993637085,2.7073686122894287,3.124528408050537,0.7732161283493042,0.1736314296722412,7.458147048950195,13.36711597442627,13.978926658630371,12.49678897857666,11.129404067993164,10.407984733581543,9.562005043029785,9.504724502563477,10.32840633392334,12.6179838180542,15.308279991149902,17.387025833129883,15.930133819580078,18.43819808959961,17.668941497802734,11.197046279907227,11.85009479522705,14.002569198608398,6.566057205200195,2.5744235515594482,-0.43476900458335876,2.152073860168457,1.2849642038345337,2.999417304992676,-0.03980051726102829,-0.2859106957912445,1.79936683177948,-0.5803476572036743,0.3752571642398834,0.23619060218334198,0.2537749707698822,0.5867332816123962,0.7143633961677551,0.19033214449882507,-0.470712810754776,-0.77467280626297,-0.4302864670753479,0.09093806147575378
3.809530735015869,2.8232920169830322,2.749500274658203,2.7613933086395264,-1.2713613510131836,0.038401734083890915,5.945401191711426,10.496528625488281,11.869428634643555,10.614928245544434,10.27903938293457,10.550822257995605,11.397404670715332,12.605483055114746,14.472957611083984,16.90032196044922,18.004030227661133,18.326065063476562,18.981983184814453,20.753053665161133,17.56080436706543,18.822471618652344,13.133485794067383,4.408884525299072,1.2830452919006348,-0.6682381629943848,-0.35877087712287903,1.5868321657180786,1.2584184408187866,1.157256841659546,0.7802668809890747,2.486642837524414,3.183210611343384,1.625899076461792,2.4696125984191895,2.5564002990722656,2.4771928787231445,2.595757007598877,2.3054592609405518,1.3265105485916138,0.6244934797286987,0.5575245022773743,0.8594698309898376
6.668970108032227,4.6876959800720215,3.2214086055755615,1.7626171112060547,0.8361276388168335,-3.2590394020080566,-1.1768547296524048,3.0035083293914795,6.108716011047363,7.502842426300049,8.839879035949707,10.569171905517578,12.067790031433105,13.380236625671387,15.518725395202637,18.21320915222168,20.27593994140625,21.24532699584961,20.812313079833984,21.294673919677734,20.777339935302734,23.557649612426758,14.951091766357422,3.633286476135254,1.740109920501709,2.2471702098846436,-0.20962196588516235,0.30622556805610657,1.6059931516647339,0.7665019035339355,-0.17352937161922455,3.4514122009277344,4.0678582191467285,3.9344584941864014,3.600280523300171,3.6543214321136475,3.8841805458068848,3.913274049758911,3.8910233974456787,3.1249032020568848,2.190399646759033,1.8438562154769897,1.8336153030395508
8.99532699584961,7.383565902709961,5.499746799468994,2.2964491844177246,2.8688175678253174,2.12894606590271,-1.514203429222107,-0.6113974452018738,2.517515182495117,6.2102437019348145,8.003829002380371,8.379814147949219,9.17084789276123,10.585606575012207,12.427810668945312,14.619696617126465,16.620248794555664,20.246318817138672,21.701515197753906,23.101686477661133,21.29816436767578,21.438549041748047,14.956783294677734,4.858667373657227,4.240653991699219,4.6336565017700195,1.7495975494384766,-2.5286877155303955,4.033095836639404,0.2741624116897583,0.0935233011841774,4.102509498596191,4.77097749710083,5.76318359375,5.05693244934082,4.527425765991211,4.689630031585693,4.587319850921631,4.797259330749512,4.568833827972412,3.689638376235962,3.2538352012634277,3.2542617321014404
10.736355781555176,9.49039077758789,6.725858688354492,3.1367383003234863,2.340628147125244,5.270914077758789,4.470724582672119,3.8236193656921387,4.663983345031738,5.747910499572754,5.445547580718994,5.9413371086120605,7.406454086303711,9.426302909851074,9.849162101745605,8.406188011169434,0.9949030876159668,7.523348808288574,13.68140697479248,17.15427589416504,17.834697723388672,16.589397430419922,13.922704696655273,6.508707523345947,5.873510360717773,5.191285610198975,2.897542953491211,-2.56485652923584,2.088632583618164,0.349441260099411,-0.8162294626235962,4.7380900382995605,5.506618499755859,6.09483003616333,5.090579509735107,4.9156694412231445,5.2514190673828125,4.944057464599609,5.335805416107178,5.703518390655518,5.094106674194336,4.437482833862305,4.426599025726318
11.30383586883545,11.599048614501953,6.656198501586914,2.1706619262695312,0.5853314399719238,4.681479454040527,6.222668647766113,5.038771152496338,4.193426609039307,4.563104629516602,5.619168758392334,6.8860673904418945,7.295120716094971,8.221505165100098,8.750372886657715,7.5193281173706055,2.6839487552642822,1.1791659593582153,5.942655086517334,10.226837158203125,13.066896438598633,12.087063789367676,11.943587303161621,6.680387496948242,5.905799865722656,5.159618854522705,3.525665044784546,0.1401747465133667,1.1721726655960083,2.3742520809173584,1.196590781211853,5.416683197021484,6.151211738586426,6.628705978393555,5.952314376831055,5.641349792480469,5.400660991668701,4.788588523864746,5.441302299499512,6.357662200927734,5.968667984008789,5.150976181030273,4.790378093719482
10.129756927490234,13.893901824951172,8.044885635375977,1.2018576860427856,-1.4550681114196777,0.8759247660636902,3.0348620414733887,1.8190470933914185,2.297184705734253,1.8825819492340088,3.470890998840332,4.238574981689453,3.8214774131774902,3.5799195766448975,4.317836761474609,2.9813904762268066,0.6984880566596985,-0.2320842742919922,2.801564931869507,5.552585124969482,6.9408159255981445,5.393285751342773,5.217906475067139,5.14397668838501,5.665796756744385,4.989940643310547,1.8585395812988281,1.3542163372039795,2.6711387634277344,5.076092720031738,4.085325717926025,5.850820064544678,6.510103225708008,6.941607475280762,6.418569564819336,5.932468891143799,5.89013671875,5.106883525848389,4.992660999298096,5.584039211273193,5.388518810272217,5.211452007293701,5.188481330871582
