data/wind_data/wind_42_0.json
{"header": {"parameterUnit": "KT", "parameterCategory": 2, "nx": 255, "ny": 198, "lo1": 44.73521041870117, "la1": -3.236724853515625, "lo2": 111.26478576660156, "la2": 43.468475341796875, "dx": 0.26192745566368103, "dy": -0.23708222806453705, "refTime": "2025-02-20 18:00:00", "forecastTime": 0, "parameterNumber": 2, "parameterNumberName": "eastward_wind"}, "data":
[rows 133 to 151 of 198, columns 86 to 128 of 255]
9.105117797851562,8.645890235900879,2.525834798812866,-1.2864211797714233,0.2644428312778473,2.7525436878204346,0.7210184931755066,-2.264279365539551,-1.2699389457702637,3.7680442333221436,7.997400760650635,9.461483001708984,9.078354835510254,4.783607482910156,1.313790202140808,-0.16842621564865112,-0.3145047426223755,-0.307982474565506,-0.4562254846096039,-0.6110267639160156,-0.9131637215614319,-1.0203527212142944,-0.4587855935096741,0.3674125671386719,0.8174341320991516,0.7956319451332092,0.6410108804702759,0.9591163396835327,1.3053902387619019,1.5312256813049316,1.9788488149642944,2.2952842712402344,3.5009427070617676,2.584195375442505,-1.735835313796997,-4.555784225463867,-5.385199546813965,-6.0303635597229,-5.6046528816223145,-4.401689529418945,-7.512571334838867,-16.879005432128906,-18.51654624938965
3.492546796798706,6.240312576293945,5.4183430671691895,4.611534595489502,4.566661357879639,4.4556989669799805,4.5182342529296875,2.4299206733703613,1.2473149299621582,4.134280204772949,8.857985496520996,10.780675888061523,10.37641716003418,6.287996768951416,2.981588840484619,1.3160327672958374,0.9090098142623901,0.3983348309993744,-0.2542407810688019,-0.6712663769721985,-0.9098231196403503,-0.6860811710357666,-0.14348532259464264,0.3184564709663391,0.797747015953064,0.9218677282333374,0.8364579677581787,1.2036536931991577,1.8790065050125122,2.0490341186523438,1.6204745769500732,1.491635799407959,2.0533831119537354,0.6108587384223938,-2.505830764770508,-3.6801857948303223,-5.335936546325684,-7.818304061889648,-8.113062858581543,-7.696241855621338,-11.63939094543457,-17.999418258666992,-18.008493423461914
-1.4590072631835938,3.5387368202209473,8.321723937988281,10.291778564453125,7.137389659881592,5.168021202087402,4.99358606338501,4.452633857727051,4.631985664367676,6.708321571350098,9.577719688415527,11.31872844696045,10.064183235168457,7.065673828125,4.583672046661377,2.6173789501190186,1.369138479232788,0.47699567675590515,-0.09688218683004379,-0.14577259123325348,-0.12899813055992126,-0.40891146659851074,-0.37647637724876404,0.13298167288303375,0.8112602233886719,1.0481127500534058,1.3137311935424805,2.0383267402648926,2.538745641708374,2.4817428588867188,1.8497896194458008,1.3163195848464966,1.1419869661331177,-0.07631701231002808,-1.6085809469223022,-2.467987060546875,-6.753629207611084,-12.8402099609375,-12.415285110473633,-10.381157875061035,-12.625828742980957,-16.193418502807617,-16.43364715576172
-2.118175983428955,3.9781315326690674,9.564667701721191,10.443657875061035,7.966983795166016,5.990930080413818,5.163859844207764,4.574104309082031,5.824881553649902,9.496519088745117,12.065291404724121,12.5274658203125,10.43537425994873,7.040821552276611,4.488025188446045,2.7093677520751953,1.7138807773590088,0.8861941695213318,0.4617275297641754,0.5284156799316406,0.40774160623550415,-0.5033959150314331,-0.8943783640861511,0.013994446955621243,0.7089509963989258,1.0296833515167236,1.867217779159546,2.9918694496154785,3.2833125591278076,2.8296051025390625,2.279679298400879,2.121777057647705,1.1858547925949097,0.22821515798568726,0.8203091025352478,-1.5186898708343506,-8.678098678588867,-14.049016952514648,-13.253515243530273,-10.066856384277344,-11.250014305114746,-14.75696849822998,-15.490549087524414
1.1454204320907593,4.544219970703125,8.278510093688965,10.060020446777344,9.006670951843262,7.546968936920166,7.035793781280518,6.0951409339904785,5.98500394821167,10.466796875,14.739919662475586,14.43096923828125,10.817063331604004,6.43688440322876,3.459721803665161,1.9787038564682007,2.178203582763672,1.4747486114501953,0.8008534908294678,0.6096953749656677,0.2956578731536865,-0.7844711542129517,-1.5826722383499146,-0.4197635054588318,0.4612642824649811,0.8689334988594055,2.2022054195404053,3.517059087753296,3.9991142749786377,3.320133924484253,2.927671432495117,2.8651256561279297,1.619247555732727,-0.07208676636219025,1.4416096210479736,-1.2044236660003662,-8.702272415161133,-12.177550315856934,-12.561408996582031,-11.099360466003418,-9.105839729309082,-9.24917984008789,-7.390439510345459
2.839588165283203,4.861276149749756,7.514936447143555,10.152730941772461,9.917312622070312,8.981490135192871,9.315224647521973,9.694788932800293,8.144575119018555,10.579426765441895,15.84417724609375,15.629997253417969,10.525128364562988,5.842128753662109,2.4704370498657227,1.710321068763733,2.417004108428955,1.7932817935943604,1.0341459512710571,0.5986719131469727,0.12430867552757263,-1.3740376234054565,-2.323249578475952,-0.6199439167976379,0.37663692235946655,0.9599387645721436,2.7390687465667725,4.2526092529296875,4.080017566680908,3.7004244327545166,3.2595040798187256,2.7345314025878906,1.031040072441101,-1.5611109733581543,-1.5678449869155884,-3.3646352291107178,-8.723136901855469,-12.150187492370605,-11.927667617797852,-8.922581672668457,-6.011707782745361,-4.549915790557861,2.069545269012451
3.5572431087493896,5.624034404754639,8.258692741394043,10.513545989990234,10.507377624511719,9.06725788116455,8.97059154510498,11.528438568115234,11.419178009033203,11.51526165008545,16.014554977416992,16.044330596923828,9.324231147766113,4.4355340003967285,1.4576642513275146,1.9847536087036133,2.669747829437256,1.7479832172393799,1.1811479330062866,1.1510224342346191,0.6338605880737305,-1.3841112852096558,-2.0327260494232178,-0.5381317138671875,0.03174595162272453,1.018094539642334,3.2361717224121094,4.686391830444336,4.445014953613281,3.821911096572876,3.247962713241577,0.7974767088890076,-4.409480571746826,-5.36192512512207,-4.215303421020508,-5.101944446563721,-8.373260498046875,-11.303927421569824,-11.675638198852539,-8.127556800842285,-1.247289776802063,2.3688652515411377,9.59717845916748
4.006749153137207,6.26705265045166,8.048542976379395,9.709556579589844,9.659428596496582,8.173733711242676,8.168705940246582,12.004410743713379,12.981094360351562,12.34588623046875,16.18602752685547,15.863333702087402,7.809738636016846,2.4527249336242676,0.8516448140144348,2.039132833480835,2.270480155944824,2.106288433074951,1.9307758808135986,2.191913366317749,2.0251851081848145,-0.5328731536865234,-1.056919813156128,-0.39549922943115234,-0.4779447019100189,0.8347105383872986,3.4428467750549316,4.663882255554199,4.681986331939697,3.502718210220337,2.0573136806488037,-2.595541000366211,-6.747649669647217,-8.116332054138184,-8.092306137084961,-7.675127983093262,-9.61308765411377,-11.688873291015625,-9.704071044921875,-3.830421209335327,6.257042407989502,12.167760848999023,15.327688217163086
4.939777374267578,6.447479724884033,7.510237216949463,9.85140609741211,11.52313232421875,11.252584457397461,10.449277877807617,11.768118858337402,12.457889556884766,13.16480541229248,16.25867462158203,14.269503593444824,6.318075656890869,1.7216506004333496,0.7178844809532166,1.4200950860977173,1.8711429834365845,2.6145904064178467,2.6268270015716553,2.8546230792999268,3.0430259704589844,1.336006999015808,0.06229246035218239,-0.6374601125717163,-0.5013825297355652,1.0713229179382324,3.421384572982788,4.377829074859619,3.6128571033477783,1.9957095384597778,-1.4912749528884888,-5.483293056488037,-8.46048355102539,-10.220409393310547,-12.775857925415039,-14.516732215881348,-13.045655250549316,-8.9581937789917,-3.0658648014068604,5.931079387664795,15.806144714355469,19.356380462646484,18.04665756225586
3.7461588382720947,5.842940807342529,6.838371753692627,9.618805885314941,12.236689567565918,14.135456085205078,14.029107093811035,11.234658241271973,9.883625030517578,11.582818031311035,13.145203590393066,10.1486234664917,4.559692859649658,1.3926149606704712,0.3692607581615448,1.542452335357666,2.216787576675415,1.8515570163726807,1.084535002708435,1.4692579507827759,2.24377703666687,2.4159626960754395,1.3522837162017822,0.11003266274929047,0.13246066868305206,1.4595355987548828,3.554680347442627,3.924194097518921,1.9534287452697754,-1.3513203859329224,-3.8669044971466064,-5.8813629150390625,-10.273924827575684,-15.507532119750977,-15.607898712158203,-11.495705604553223,-5.129129409790039,0.2365373969078064,8.101644515991211,18.543556213378906,22.537151336669922,20.12540054321289,16.039674758911133
-2.6333019733428955,2.009463310241699,5.266662120819092,7.263673782348633,9.126293182373047,12.983773231506348,14.227714538574219,10.30310344696045,7.6057024002075195,7.895148277282715,8.199005126953125,6.606146335601807,4.820888996124268,2.7922515869140625,0.31837737560272217,2.370802164077759,2.7000691890716553,-0.025089489296078682,-0.36022788286209106,1.483047604560852,1.744542121887207,1.667549967765808,1.2325679063796997,0.5736221075057983,0.5896115899085999,2.1208841800689697,4.335366249084473,3.8983397483825684,-0.19569596648216248,-4.579547882080078,-6.897640228271484,-8.954451560974121,-11.401537895202637,-13.4158353805542,-9.575849533081055,-5.083673477172852,1.8199759721755981,9.61453628540039,17.1448974609375,28.01589584350586,26.501720428466797,18.049762725830078,13.159406661987305
1.5390536785125732,2.1343767642974854,4.762968063354492,4.932733058929443,5.017058849334717,7.950790882110596,10.677124977111816,7.443747043609619,4.496997833251953,6.943480014801025,9.539137840270996,8.863017082214355,7.18339204788208,4.48272705078125,1.580325722694397,2.3944625854492188,1.705806851387024,-1.3222541809082031,-0.6575290560722351,2.3180277347564697,3.475579023361206,2.9059500694274902,1.5872459411621094,0.3967590034008026,0.8204051852226257,3.0616986751556396,4.017043113708496,2.857295513153076,-1.4664386510849,-5.862979888916016,-11.130126953125,-13.844195365905762,-12.167168617248535,-8.612308502197266,0.7375147342681885,6.419169902801514,7.7117600440979,11.655383110046387,19.748741149902344,31.8075008392334,31.32962417602539,20.814258575439453,13.198253631591797
6.709261894226074,4.302452087402344,3.6263904571533203,2.4841208457946777,-0.666214108467102,0.2598183751106262,4.755151271820068,7.606609344482422,8.582494735717773,10.867496490478516,12.041679382324219,11.194171905517578,8.284635543823242,3.9649085998535156,0.5588133335113525,0.4540558457374573,0.954218327999115,0.02847803197801113,0.11328984797000885,1.8838074207305908,3.322572708129883,4.085140705108643,4.549357891082764,2.2411980628967285,0.15031787753105164,-0.49814918637275696,-1.5856982469558716,-1.9818174839019775,-3.318035364151001,-6.3954572677612305,-10.767964363098145,-9.930421829223633,-8.132692337036133,-4.35167932510376,5.317781925201416,17.78134536743164,21.717750549316406,18.947324752807617,19.494176864624023,28.02174186706543,32.95542907714844,25.02540397644043,13.863948822021484
5.886532306671143,4.632206439971924,6.7206244468688965,7.049057483673096,0.6158443689346313,-2.901160955429077,0.3385523855686188,6.1969804763793945,12.334285736083984,14.509136199951172,11.831742286682129,8.673455238342285,5.2776312828063965,2.9484055042266846,0.5455600023269653,0.4637536406517029,2.899702787399292,3.4648678302764893,2.2561068534851074,1.3069180250167847,2.1996850967407227,3.767008066177368,4.532947540283203,3.6086390018463135,-0.7009562253952026,-4.792418479919434,-6.0316853523254395,-6.203795909881592,-7.185576915740967,-9.441855430603027,-8.8431396484375,-3.3378865718841553,-0.42682933807373047,-0.20019789040088654,7.461185932159424,19.66722869873047,31.014461517333984,30.92007827758789,22.468446731567383,20.870006561279297,24.533334732055664,23.91130828857422,12.457901000976562
0.7577717900276184,3.3576533794403076,7.437997341156006,12.878829956054688,8.817520141601562,0.19102919101715088,-2.9532063007354736,1.047025442123413,10.931194305419922,17.715404510498047,11.517760276794434,3.804429769515991,1.4079420566558838,1.7873173952102661,2.6633832454681396,3.7014572620391846,4.641643047332764,4.244365215301514,2.4763965606689453,1.040995717048645,0.49787628650665283,0.7216833233833313,2.009007453918457,2.032405138015747,-3.1470775604248047,-6.984944820404053,-7.968258857727051,-8.674530029296875,-9.074712753295898,-8.091557502746582,-4.481046199798584,0.16624096035957336,-1.2971861362457275,0.8842422962188721,12.071513175964355,21.826475143432617,31.956924438476562,35.348079681396484,26.748456954956055,19.035982131958008,19.04261016845703,20.81267547607422,11.555155754089355
-2.496951103210449,2.789827823638916,8.26019287109375,13.670053482055664,14.279329299926758,4.807731628417969,-1.2705576419830322,1.5878468751907349,9.726580619812012,18.514827728271484,14.033326148986816,2.543461322784424,-1.523249864578247,0.9867525100708008,3.8710315227508545,5.377557754516602,4.760339260101318,3.708359718322754,2.09529447555542,0.3049800395965576,-0.07824332267045975,0.18680599331855774,-0.7655993103981018,-2.829540252685547,-6.542069911956787,-8.82790470123291,-9.340635299682617,-8.810176849365234,-6.609652519226074,-4.784238338470459,-2.7796056270599365,0.1494632363319397,-4.989990711212158,-3.1645162105560303,13.575531005859375,25.69568634033203,32.15080642700195,35.42890930175781,28.40474510192871,17.030038833618164,15.813419342041016,19.148353576660156,12.889421463012695
-6.663424491882324,5.165780544281006,13.416437149047852,15.123157501220703,12.87362003326416,9.067405700683594,6.8896484375,3.4447097778320312,5.675836086273193,14.293441772460938,15.497878074645996,5.938241481781006,0.36206158995628357,3.2923953533172607,6.705904483795166,7.203712463378906,5.437713623046875,3.8639485836029053,3.4462432861328125,1.603359341621399,-1.4356807470321655,-2.274168014526367,-2.7260475158691406,-4.816708087921143,-7.79320764541626,-9.542878150939941,-9.295049667358398,-5.563803672790527,-2.066333293914795,-1.3397315740585327,-4.9875078201293945,-3.1364176273345947,1.6264770030975342,1.5437391996383667,11.721285820007324,24.251041412353516,30.686119079589844,33.55959701538086,30.581668853759766,20.416961669921875,15.200505256652832,17.571447372436523,13.109440803527832
-7.626463413238525,1.4203298091888428,13.223243713378906,18.193729400634766,17.81918716430664,13.819000244140625,7.419643878936768,0.07501137256622314,2.0075907707214355,11.94739055633545,16.02613067626953,12.431877136230469,9.095367431640625,9.938862800598145,11.059063911437988,10.203892707824707,6.817444324493408,4.395599365234375,4.445336818695068,2.940035343170166,-3.684617757797241,-5.6345534324646,-6.234706878662109,-6.636368274688721,-8.39327621459961,-9.510149002075195,-7.7295098304748535,-3.8049023151397705,-1.0607290267944336,-3.943450927734375,-9.063726425170898,-2.7983264923095703,12.34626293182373,16.154888153076172,15.184666633605957,18.75606918334961,22.668848037719727,22.49418830871582,20.345003128051758,16.871320724487305,14.371768951416016,13.818634986877441,7.488327980041504
-7.1835246086120605,-2.428455352783203,8.503520965576172,12.193283081054688,11.41344928741455,13.305984497070312,8.458420753479004,-3.7825074195861816,-2.0100901126861572,12.686108589172363,21.48931121826172,20.932220458984375,16.03130340576172,12.643874168395996,11.337300300598145,11.533611297607422,8.355057716369629,3.849517345428467,1.0997151136398315,-3.317716121673584,-6.295154094696045,-8.698405265808105,-10.013568878173828,-9.710613250732422,-11.631502151489258,-12.275477409362793,-9.441207885742188,-3.0346908569335938,-2.97806978225708,-8.239736557006836,-8.282024383544922,-0.04759950935840607,12.897232055664062,20.83526039123535,19.693599700927734,15.666532516479492,11.112720489501953,9.358975410461426,11.94802474975586,14.359855651855469,13.999192237854004,9.762931823730469,1.5451698303222656
