data/wind_data/wind_2025-02-21_16.json
{"header": {"parameterUnit": "KT", "parameterCategory": 2, "nx": 255, "ny": 198, "lo1": 44.73521041870117, "la1": -3.236724853515625, "lo2": 111.26478576660156, "la2": 43.468475341796875, "dx": 0.26192745566368103, "dy": -0.23708222806453705, "refTime": "2025-02-21 16:00:00", "forecastTime": 0, "parameterNumber": 3, "parameterNumberName": "northward_wind"}, "data":
[rows 152 to 170 of 198, columns 0 to 42 of 255]
-2.4463770389556885,-2.5677385330200195,-2.9644224643707275,-2.8386309146881104,-1.3727177381515503,4.627030849456787,3.786923885345459,3.2849996089935303,4.749251365661621,7.621020317077637,13.808734893798828,15.590866088867188,12.844756126403809,10.369461059570312,9.076024055480957,11.372162818908691,16.953590393066406,17.061674118041992,14.12399673461914,7.490294456481934,8.14738941192627,10.34584903717041,11.081611633300781,10.615666389465332,5.3462982177734375,-2.779763698577881,-5.639904022216797,-4.875072956085205,-4.1603593826293945,-3.420477867126465,-2.7427613735198975,-2.706286668777466,-0.799720823764801,-0.326922744512558,-0.3497123718261719,-0.3631126284599304,-0.5385252237319946,-0.7333688735961914,-0.8608089089393616,-1.3536064624786377,-3.191847324371338,-4.033462047576904,-3.695050001144409
-1.3636177778244019,-1.4523898363113403,-1.5556272268295288,-1.3936153650283813,-0.8949729800224304,3.1606650352478027,2.171814441680908,2.5586256980895996,6.468216419219971,7.115869998931885,9.212850570678711,13.184328079223633,12.241826057434082,8.15668773651123,6.171139717102051,8.248147010803223,11.33710765838623,11.501741409301758,10.904548645019531,8.814149856567383,11.74714469909668,11.678485870361328,8.291370391845703,4.147526741027832,-1.4647530317306519,-5.59547758102417,-6.977919101715088,-6.329916477203369,-5.683448314666748,-4.809909820556641,-3.879525899887085,-3.1562798023223877,-1.1634122133255005,0.18990303575992584,-0.18911337852478027,-0.5177095532417297,-0.41658955812454224,-0.6904005408287048,-1.0827319622039795,-1.121576189994812,-1.070137858390808,-0.9842968583106995,-0.8189727663993835
-1.0022494792938232,-0.8851062655448914,-0.6783575415611267,0.1628931164741516,0.7341856956481934,1.4683387279510498,0.6885845065116882,2.4321157932281494,8.199299812316895,11.508979797363281,9.688190460205078,10.426270484924316,13.274026870727539,11.727683067321777,10.406781196594238,7.860295295715332,3.146186113357544,6.02377986907959,11.60156536102295,13.556744575500488,13.847038269042969,8.888154983520508,3.1302976608276367,0.4671497046947479,-2.4191813468933105,-4.758087635040283,-6.741872787475586,-9.307869911193848,-9.70379638671875,-7.520278453826904,-4.056155204772949,-3.640202760696411,-3.9097776412963867,-2.7195520401000977,-1.2195723056793213,-0.04702717810869217,1.0322686433792114,1.8178354501724243,1.9768532514572144,2.0923662185668945,2.6949007511138916,3.0130515098571777,2.342212200164795
-0.8415700197219849,-0.5684779286384583,-0.10631384700536728,1.1974292993545532,2.8273873329162598,2.0951833724975586,1.6474931240081787,3.1675519943237305,6.699438571929932,11.31462574005127,11.445901870727539,7.9644775390625,11.700282096862793,15.458331108093262,15.285771369934082,9.791400909423828,0.7905260324478149,1.8007386922836304,9.030455589294434,11.447680473327637,9.144109725952148,4.803747653961182,1.1480716466903687,0.4177878201007843,-1.9188302755355835,-4.537618160247803,-6.623469352722168,-10.69138240814209,-12.600064277648926,-11.912379264831543,-7.3618855476379395,-4.113918781280518,-4.382267475128174,-4.344419956207275,-3.222390651702881,-2.108367443084717,-0.9772375822067261,0.415895015001297,2.1011593341827393,3.821450710296631,4.566362380981445,4.134925842285156,2.9214396476745605
-0.5416430830955505,-0.258737713098526,0.24535490572452545,1.1574347019195557,3.3970677852630615,2.800137996673584,3.1307733058929443,3.1469645500183105,4.9269304275512695,9.32244873046875,10.928947448730469,6.127997875213623,3.8759748935699463,10.7443265914917,13.840948104858398,7.14704704284668,2.464643716812134,2.8709700107574463,6.51889705657959,8.0868501663208,6.21726655960083,5.354923725128174,3.3966617584228516,1.0204298496246338,-2.005718469619751,-3.971536159515381,-6.124522686004639,-9.706756591796875,-12.97156047821045,-13.631608009338379,-8.776942253112793,-2.334413766860962,-0.1416831761598587,-0.31460002064704895,-1.931246280670166,-2.5693955421447754,-2.0976288318634033,-1.7386729717254639,-0.18195125460624695,2.3036324977874756,3.2314834594726562,1.8077746629714966,1.6437592506408691
-0.18361401557922363,-0.11712109297513962,0.13752855360507965,0.6379105448722839,2.339324712753296,4.0095696449279785,4.649909496307373,4.424928665161133,5.609367847442627,9.079927444458008,10.726842880249023,8.243063926696777,2.815519332885742,5.6704301834106445,9.152342796325684,6.4474287033081055,5.612617015838623,7.46973991394043,9.18945598602295,9.685136795043945,7.709498405456543,7.727888107299805,5.541471004486084,2.8470747470855713,-0.20002396404743195,-2.299288272857666,-5.072062969207764,-8.054403305053711,-10.456189155578613,-8.42910099029541,-4.178036212921143,2.5864009857177734,3.937333822250366,2.7440834045410156,0.9895619750022888,1.525516390800476,3.0787696838378906,2.937889814376831,2.191465377807617,1.7078946828842163,1.2286309003829956,0.2630847990512848,0.34961754083633423
-0.13797134160995483,-0.18941731750965118,0.19469279050827026,0.9832245707511902,2.441631317138672,5.672136306762695,5.587623596191406,7.0071330070495605,6.967519760131836,5.419612407684326,6.249597072601318,7.407261848449707,6.954648494720459,6.1799397468566895,7.4645676612854,8.31443977355957,7.900060176849365,6.0343732833862305,4.749995231628418,4.549753189086914,4.754491329193115,7.68226432800293,5.474191665649414,0.9447680115699768,-2.9528086185455322,-4.678928852081299,-6.391890525817871,-6.255265235900879,-4.368408203125,-0.14037899672985077,3.2671079635620117,7.822679042816162,8.053496360778809,3.6694862842559814,4.438693523406982,6.705597877502441,7.851791858673096,8.675979614257812,6.936548709869385,3.7552802562713623,3.007298231124878,2.0308139324188232,0.7788935303688049
-0.39857858419418335,-0.3982638418674469,0.423354834318161,2.0406906604766846,4.224669456481934,7.072992324829102,7.917786121368408,8.61132526397705,5.2893524169921875,-0.1198609322309494,1.1254054307937622,2.468735933303833,3.155243396759033,1.9719884395599365,3.340517520904541,6.148927688598633,5.054103851318359,1.328116536140442,-2.2784197330474854,-3.2513515949249268,-0.7290425896644592,3.8873867988586426,1.8905292749404907,-1.454147219657898,-4.047657489776611,-5.292927265167236,-5.712891578674316,-3.889733076095581,4.764066696166992,8.899434089660645,6.537036418914795,5.523029327392578,7.045958995819092,6.774134159088135,8.442699432373047,7.970065593719482,5.7064313888549805,6.336859226226807,5.202140808105469,5.912408828735352,6.4181227684021,4.87915563583374,3.389932870864868
0.20819678902626038,-0.45485636591911316,0.13889771699905396,1.55735182762146,4.790467739105225,9.537444114685059,10.379181861877441,6.529367446899414,2.228091239929199,-2.197798728942871,-1.1041712760925293,2.465989589691162,2.33358097076416,-0.916842520236969,-0.6791813373565674,1.6388157606124878,3.3391122817993164,0.9388871788978577,-5.217563629150391,-6.243135929107666,-2.7309963703155518,1.4265574216842651,1.26849365234375,0.7795672416687012,4.473066806793213,9.250032424926758,9.864493370056152,11.915843963623047,10.579617500305176,4.65388822555542,1.0369404554367065,-2.130589008331299,-1.4686100482940674,3.0264437198638916,1.6886188983917236,-1.46360445022583,-1.8680050373077393,-0.5366759300231934,-2.065563678741455,1.832015872001648,5.506156921386719,5.382887840270996,3.043771266937256
1.6236042976379395,1.4063165187835693,1.6210473775863647,2.3697335720062256,5.975035190582275,8.98610782623291,6.441958427429199,2.561138153076172,1.2334364652633667,-1.4494301080703735,-2.6319384574890137,1.44594144821167,5.229578495025635,3.612661600112915,0.43506455421447754,-0.7828652858734131,2.463866949081421,-0.7489997744560242,-7.138732433319092,-8.238405227661133,0.8270251750946045,2.986377716064453,4.14857292175293,11.432960510253906,15.176802635192871,11.808355331420898,11.741734504699707,11.752372741699219,3.1317408084869385,-3.8489041328430176,-3.687347412109375,-3.3118703365325928,-2.699049472808838,-0.9479110240936279,-1.048524022102356,-4.965725898742676,-4.641963005065918,1.0772136449813843,0.7134840488433838,-2.1867918968200684,-1.583421230316162,-0.8843790888786316,-3.57098388671875
3.200453758239746,3.801034927368164,4.666601181030273,5.403233528137207,7.501096725463867,6.77626895904541,3.420243740081787,0.44125983119010925,3.9889070987701416,3.4520652294158936,2.539302349090576,3.0058023929595947,5.239716053009033,7.335066795349121,4.411820888519287,-0.25915512442588806,-0.08159814774990082,-3.1515679359436035,-5.548297882080078,-7.8243408203125,0.10741835832595825,7.689253807067871,10.861397743225098,9.571380615234375,6.880090713500977,-0.5948717594146729,-2.4663286209106445,-3.7442314624786377,-6.378584384918213,-4.010025978088379,-1.236531138420105,-1.26789391040802,-2.063291072845459,-2.985978841781616,-1.2773363590240479,-1.223314881324768,-2.5049970149993896,5.797393798828125,5.254461765289307,-3.6682698726654053,-8.899676322937012,-9.688359260559082,-8.822014808654785
3.2068209648132324,4.30005407333374,5.446658611297607,7.499811172485352,8.347646713256836,6.096303939819336,4.502725124359131,-0.017049388960003853,5.438931465148926,9.207540512084961,11.758886337280273,9.343412399291992,7.880639553070068,8.785545349121094,7.184855937957764,1.9609118700027466,0.31309792399406433,-1.631933331489563,-4.6306376457214355,-7.709773540496826,-5.519981384277344,4.540071487426758,6.696394920349121,-4.284924030303955,-7.000605583190918,-5.590268135070801,-6.161759376525879,-6.271958351135254,-5.123773574829102,-1.2828024625778198,2.4451019763946533,0.17005766928195953,-1.7826743125915527,-2.8877899646759033,-3.049034357070923,-2.5554757118225098,-2.2856154441833496,-0.7304170727729797,-1.0243580341339111,-5.308121204376221,-10.097938537597656,-13.213249206542969,-12.978861808776855
2.579073190689087,3.218924045562744,4.8076677322387695,7.368587970733643,8.141368865966797,7.074075698852539,6.932741165161133,3.8210973739624023,5.482954025268555,8.985722541809082,7.099059104919434,5.882561206817627,8.57436466217041,8.455256462097168,6.7785868644714355,3.3929524421691895,0.7376235723495483,-1.8834526538848877,-3.4812300205230713,-3.2028489112854004,-3.588519334793091,-2.712618827819824,-5.019961833953857,-8.66513729095459,-9.245307922363281,-4.975163459777832,-2.5998806953430176,-0.052947789430618286,0.2319178581237793,-0.8666207790374756,-0.11765004694461823,-1.5029528141021729,-1.7210438251495361,-1.6224855184555054,-2.4738614559173584,-2.0100314617156982,-0.4591641128063202,-1.1914851665496826,-1.5473488569259644,-2.0743982791900635,-3.9453630447387695,-7.638897895812988,-12.03117561340332
2.9176971912384033,3.3252713680267334,4.552628517150879,6.271056652069092,9.301154136657715,8.764822006225586,9.101778984069824,10.222269058227539,8.48028564453125,5.478716850280762,-3.3693737983703613,-2.6212501525878906,7.598578453063965,7.320509433746338,5.618808746337891,1.9126230478286743,-2.324613571166992,-3.6847407817840576,-3.1917638778686523,-0.13199594616889954,1.1248925924301147,0.2680181562900543,-2.966898202896118,-7.7535905838012695,-9.995141983032227,-3.18481183052063,-2.681901454925537,-0.8471229076385498,-1.284803032875061,-4.460379600524902,-5.628175735473633,-5.253363132476807,-5.1825785636901855,-4.2830657958984375,-4.387726306915283,-0.9370437264442444,1.548218011856079,3.267381191253662,4.31538724899292,3.38128662109375,1.6697150468826294,-1.0924855470657349,-4.88400411605835
3.6510050296783447,3.999587297439575,5.091536998748779,7.752526760101318,11.757864952087402,8.867673873901367,9.025080680847168,11.027558326721191,10.35263729095459,3.549797773361206,-6.029636859893799,-6.021251678466797,3.8262782096862793,6.9626874923706055,3.495025396347046,-1.369566798210144,-3.8425216674804688,-5.6533589363098145,-6.346986293792725,-1.0643998384475708,1.020383596420288,-0.5996580719947815,-3.8197011947631836,-11.383670806884766,-14.182446479797363,-7.647146701812744,-7.043914318084717,-7.595177173614502,-6.578709125518799,-6.309336185455322,-6.743847846984863,-7.08240270614624,-7.0681471824646,-7.042205333709717,-7.967160701751709,-4.453604221343994,-2.247560739517212,0.3837010860443115,3.782100200653076,4.86246919631958,5.038220405578613,3.1935088634490967,0.5130128860473633
3.671018123626709,2.3957109451293945,3.4056148529052734,7.2015156745910645,13.052492141723633,9.468643188476562,8.661507606506348,10.040345191955566,9.719932556152344,4.812281131744385,-0.8171610236167908,-3.491637706756592,0.23563949763774872,4.4553961753845215,2.3388311862945557,-1.7681721448898315,-4.125774383544922,-8.55301570892334,-9.849830627441406,-6.7494659423828125,-7.2644572257995605,-10.545393943786621,-12.801604270935059,-15.503623962402344,-16.860294342041016,-14.815463066101074,-11.783102035522461,-10.512486457824707,-10.118725776672363,-9.219740867614746,-8.35699462890625,-8.910028457641602,-9.404882431030273,-9.650474548339844,-10.443887710571289,-5.942111492156982,-5.006417751312256,-3.1263084411621094,-1.2581640481948853,0.9938627481460571,3.7953484058380127,5.993575096130371,3.2621467113494873
2.087031841278076,-0.5843544602394104,-1.0799593925476074,2.0234172344207764,10.569138526916504,12.672287940979004,13.959053993225098,14.925054550170898,11.057343482971191,7.212834358215332,5.2317376136779785,2.0885064601898193,0.4436866343021393,2.77612566947937,4.007234573364258,-0.800046980381012,-4.982730388641357,-14.391580581665039,-11.141966819763184,-11.310223579406738,-13.997869491577148,-15.749578475952148,-16.563720703125,-16.85042953491211,-17.237163543701172,-17.0584774017334,-15.074856758117676,-12.238748550415039,-12.061692237854004,-12.453700065612793,-11.242814064025879,-11.080707550048828,-11.169903755187988,-11.532890319824219,-12.08281421661377,-8.166762351989746,-6.701632976531982,-4.829715728759766,-4.608770847320557,-3.404421806335449,-0.5630155801773071,3.3198838233947754,3.8154304027557373
0.19306209683418274,-3.4045217037200928,-6.081474304199219,-4.536977767944336,2.095014810562134,8.733402252197266,14.020188331604004,9.494803428649902,6.394260406494141,9.608540534973145,8.588394165039062,4.378253936767578,2.30547833442688,1.8474682569503784,2.9543368816375732,-1.3713864088058472,-7.066611289978027,-15.785364151000977,-13.380342483520508,-12.80700397491455,-14.912101745605469,-16.079669952392578,-16.866952896118164,-17.284273147583008,-17.4714412689209,-17.929580688476562,-17.510417938232422,-14.750723838806152,-12.636983871459961,-13.355098724365234,-12.77608585357666,-12.277639389038086,-12.554465293884277,-12.859233856201172,-13.103163719177246,-9.4964599609375,-8.01690673828125,-6.045238494873047,-4.914040565490723,-4.280166149139404,-2.936142683029175,0.37600135803222656,3.023022174835205
-0.4787355065345764,-5.124393463134766,-8.636292457580566,-7.48639440536499,-6.8257670402526855,-2.140638589859009,1.620761752128601,-3.2314956188201904,-1.304168462753296,7.696104049682617,12.961688041687012,11.763310432434082,6.607351779937744,1.4190512895584106,0.3069809377193451,-2.450718641281128,-11.882342338562012,-15.243836402893066,-15.349735260009766,-13.907142639160156,-15.992880821228027,-17.412172317504883,-17.887956619262695,-17.8847599029541,-17.482032775878906,-17.69645881652832,-18.52741241455078,-18.060415267944336,-15.065271377563477,-13.930977821350098,-13.984512329101562,-13.496152877807617,-13.602006912231445,-13.935599327087402,-14.0585298538208,-10.036653518676758,-8.677040100097656,-7.130424976348877,-5.501914024353027,-4.264795780181885,-3.7857649326324463,-2.3295891284942627,1.5536249876022339
