data/wind_data/wind_25_5.json
{"header": {"parameterUnit": "KT", "parameterCategory": 2, "nx": 256, "ny": 198, "lo1": 44.73521041870117, "la1": -3.236724853515625, "lo2": 111.26478576660156, "la2": 43.468475341796875, "dx": 0.2609002888202667, "dy": -0.23708222806453705, "refTime": "2025-02-20 01:00:00", "forecastTime": 0, "parameterNumber": 2, "parameterNumberName": "eastward_wind"}, "data":
[rows 0 to 18 of 198, columns 0 to 43 of 256]
0.9176449775695801,1.517304539680481,1.7155758142471313,1.4933583736419678,1.6038199663162231,1.9615426063537598,1.9738702774047852,1.8150311708450317,2.126722812652588,2.518157720565796,2.075540781021118,1.365218997001648,1.0330743789672852,0.8818599581718445,0.9237159490585327,1.0316190719604492,1.2314211130142212,1.0402897596359253,0.0689644068479538,-0.6768261790275574,-0.8731643557548523,-1.2895053625106812,-2.031266927719116,-2.782040596008301,-3.528453826904297,-4.149128437042236,-4.6587114334106445,-5.189914703369141,-5.63740348815918,-5.519400596618652,-5.092857360839844,-4.823799133300781,-4.614175796508789,-4.441850185394287,-4.402944564819336,-4.610946178436279,-4.99949836730957,-5.565417766571045,-6.233431816101074,-7.004551887512207,-7.714399337768555,-8.393082618713379,-8.332847595214844,-7.357062816619873
1.3607268333435059,1.9842088222503662,2.1572742462158203,1.7899081707000732,1.8179951906204224,2.291673183441162,2.542172431945801,2.6322124004364014,3.0473744869232178,3.4464101791381836,3.094424247741699,2.4216389656066895,2.021223306655884,1.812942624092102,1.8375972509384155,1.9032539129257202,1.793645977973938,1.2639011144638062,0.2104245126247406,-0.669634997844696,-1.2333462238311768,-1.9605672359466553,-2.7546515464782715,-3.004530191421509,-2.971691370010376,-3.316114664077759,-3.850395679473877,-4.787144660949707,-5.845211982727051,-5.875669002532959,-5.441269397735596,-5.287524700164795,-5.148397445678711,-4.8407793045043945,-4.539152145385742,-4.50329065322876,-4.777885437011719,-5.321877479553223,-6.192510604858398,-7.267428398132324,-8.004403114318848,-8.541890144348145,-8.378678321838379,-7.3970441818237305
1.448551058769226,1.8405829668045044,2.035196304321289,2.016437530517578,2.1963648796081543,2.5508816242218018,2.8166027069091797,3.1276051998138428,3.7019312381744385,4.159101486206055,3.824524402618408,3.13720965385437,2.8997020721435547,2.842524528503418,2.6787302494049072,2.4852662086486816,2.254146099090576,1.5531519651412964,0.12282226979732513,-1.136048674583435,-1.926766037940979,-2.809030055999756,-3.7802374362945557,-4.0015387535095215,-3.533560037612915,-3.3227124214172363,-3.43222975730896,-4.252833843231201,-5.353987693786621,-5.67830753326416,-5.6860575675964355,-5.778702259063721,-5.738988399505615,-5.377882957458496,-4.903905391693115,-4.723641395568848,-4.890748500823975,-5.3142828941345215,-6.137805938720703,-7.317445278167725,-8.020200729370117,-8.149062156677246,-7.753883361816406,-6.956406593322754
1.4440349340438843,1.6613709926605225,1.912753939628601,2.3044722080230713,2.7906577587127686,2.6871566772460938,2.589365005493164,2.9368791580200195,3.5476906299591064,3.922013759613037,3.50345516204834,2.7359619140625,2.394632339477539,2.3157083988189697,2.2089667320251465,2.136446952819824,2.039693832397461,1.2921208143234253,-0.2661822438240051,-1.811930775642395,-2.8839170932769775,-3.7739808559417725,-4.6162943840026855,-4.809592247009277,-4.281249523162842,-3.8693888187408447,-3.837538480758667,-4.437452793121338,-5.2239251136779785,-5.628334045410156,-5.970577239990234,-6.189289569854736,-6.036995887756348,-5.691387176513672,-5.306483268737793,-4.956768035888672,-4.987475395202637,-5.3582000732421875,-6.120011329650879,-7.151017665863037,-7.652959823608398,-7.474389553070068,-6.947517395019531,-6.391925811767578
1.3760924339294434,1.6255439519882202,1.9894990921020508,2.51430606842041,3.5649235248565674,2.5736708641052246,1.5344882011413574,1.5195914506912231,1.9684832096099854,2.4124670028686523,1.9779528379440308,0.976246178150177,0.008111539296805859,-0.17595340311527252,0.3537592589855194,1.0126689672470093,1.1020687818527222,0.089412622153759,-1.461490511894226,-3.1954381465911865,-4.534822463989258,-5.184669494628906,-5.226186752319336,-4.94716215133667,-4.688987731933594,-4.858703136444092,-5.576718807220459,-6.214094638824463,-6.52536153793335,-6.680367946624756,-6.50969123840332,-5.981682777404785,-6.108994007110596,-5.226618766784668,-5.826571941375732,-5.300387859344482,-5.481395721435547,-5.813746929168701,-5.950592041015625,-5.914895057678223,-5.972187042236328,-5.893001556396484,-5.613180160522461,-5.5817766189575195
1.470340371131897,1.7936066389083862,2.2214648723602295,2.686004638671875,3.5742976665496826,3.153355598449707,2.5632119178771973,2.994030714035034,3.9561984539031982,4.6891984939575195,4.330550670623779,3.341190814971924,2.511512517929077,1.9919806718826294,1.511184811592102,0.8641080856323242,0.1724826991558075,-0.921012818813324,-2.80297589302063,-4.618322372436523,-5.764257907867432,-6.497897624969482,-6.948676109313965,-7.0416460037231445,-6.8017802238464355,-6.456557750701904,-6.233424186706543,-6.220038414001465,-6.42446231842041,-6.753946781158447,-6.173306941986084,-4.119263172149658,-6.181893825531006,-4.577567100524902,-5.77417516708374,-5.219516277313232,-5.387322902679443,-5.847758769989014,-6.178683280944824,-6.293238639831543,-6.353912830352783,-6.274221897125244,-5.789055347442627,-5.284811019897461
1.882777452468872,2.298711061477661,2.7379839420318604,2.956568479537964,3.097914218902588,2.9564359188079834,2.8253490924835205,3.461460828781128,4.254539966583252,4.35054349899292,3.517599582672119,2.534132719039917,1.8696593046188354,1.152686595916748,-0.1887987107038498,-1.1678807735443115,-1.1897108554840088,-2.055213212966919,-3.9218876361846924,-5.751871585845947,-7.11953067779541,-7.896509170532227,-8.408574104309082,-8.927385330200195,-9.121686935424805,-8.659684181213379,-7.941874980926514,-7.422652721405029,-6.994175434112549,-7.202863693237305,-8.034384727478027,-6.840283393859863,-4.418539047241211,-5.010278224945068,-5.759359836578369,-5.391929626464844,-5.533171653747559,-5.994937419891357,-6.258298873901367,-6.240556716918945,-6.28034782409668,-6.222851276397705,-5.6858601570129395,-4.940554141998291
2.092082977294922,2.4464588165283203,2.8064024448394775,2.9349441528320312,2.4964606761932373,2.6667189598083496,3.1842966079711914,4.0069966316223145,4.455292701721191,4.171423435211182,3.4013750553131104,2.3795361518859863,1.2943494319915771,-0.09367648512125015,-1.735686182975769,-2.424868106842041,-2.501298189163208,-3.1967320442199707,-4.722240924835205,-6.642797470092773,-8.25826358795166,-9.098142623901367,-9.478343963623047,-9.957010269165039,-10.39814281463623,-10.292438507080078,-9.834912300109863,-9.143693923950195,-8.415999412536621,-7.831996917724609,-7.7982025146484375,-6.921523094177246,-5.646849632263184,-5.855186939239502,-6.362331390380859,-6.109014511108398,-5.702425479888916,-5.701844692230225,-6.079470157623291,-6.3245463371276855,-6.465310096740723,-6.320011138916016,-5.678573131561279,-4.944868087768555
2.024040699005127,2.050668716430664,2.29071044921875,2.560581684112549,1.6932580471038818,2.0188755989074707,2.9847850799560547,3.656604290008545,3.5377769470214844,2.8592453002929688,2.0030221939086914,0.7724132537841797,-0.7611110806465149,-2.3627448081970215,-3.6014211177825928,-4.171413898468018,-4.254915237426758,-4.447943687438965,-5.63484525680542,-7.503332138061523,-9.119793891906738,-9.818194389343262,-9.955194473266602,-10.210233688354492,-10.831843376159668,-11.34313678741455,-11.461469650268555,-11.032362937927246,-10.93873119354248,-10.122238159179688,-9.377665519714355,-8.07278823852539,-7.0688557624816895,-6.633813858032227,-6.658606052398682,-6.684515953063965,-6.1740593910217285,-5.720420837402344,-6.271439075469971,-6.7656755447387695,-6.917548656463623,-6.608929634094238,-5.980179786682129,-5.5082783699035645
1.5127301216125488,1.3602631092071533,1.5200440883636475,1.7818787097930908,0.5776230096817017,1.4770517349243164,2.4151883125305176,2.6782493591308594,2.175630807876587,1.1979583501815796,0.06204481050372124,-1.2992353439331055,-2.698289394378662,-3.8434677124023438,-4.817391395568848,-5.5977559089660645,-5.86590051651001,-6.01283073425293,-6.867807865142822,-8.439355850219727,-9.763445854187012,-10.33172607421875,-10.481703758239746,-10.810012817382812,-11.643580436706543,-12.2071533203125,-12.783347129821777,-12.847201347351074,-12.699104309082031,-11.540130615234375,-9.940130233764648,-8.95035457611084,-9.413461685180664,-9.055418968200684,-8.046104431152344,-8.02005672454834,-7.461184024810791,-6.866616249084473,-7.175782680511475,-7.366156101226807,-7.252510070800781,-6.952847480773926,-6.547296524047852,-6.209768772125244
0.5383912324905396,0.41457799077033997,0.49601519107818604,0.5980517268180847,-0.6445077061653137,1.0315316915512085,1.38309907913208,1.0880305767059326,0.10391643643379211,-1.4232603311538696,-2.7324812412261963,-3.661660671234131,-4.488088130950928,-5.4021315574646,-6.445966720581055,-7.282946586608887,-7.647412300109863,-7.825356960296631,-8.404391288757324,-9.511940002441406,-10.430595397949219,-10.899493217468262,-11.204279899597168,-11.917149543762207,-13.079305648803711,-13.619168281555176,-13.882203102111816,-13.653457641601562,-13.07779598236084,-11.235788345336914,-9.878567695617676,-9.71041202545166,-11.435577392578125,-11.728544235229492,-9.382659912109375,-10.081342697143555,-9.362275123596191,-8.187198638916016,-7.865347862243652,-7.754980564117432,-7.473418712615967,-7.203489303588867,-6.938622951507568,-6.5954484939575195
-0.6997828483581543,-0.5443543195724487,-0.5253992080688477,-0.8028442859649658,-2.0851378440856934,-0.196919247508049,-0.4897075593471527,-1.2741581201553345,-2.81132173538208,-4.365312576293945,-5.180962562561035,-5.601769924163818,-6.259072303771973,-7.198945045471191,-8.177745819091797,-8.957117080688477,-9.336542129516602,-9.436894416809082,-9.771100997924805,-10.404152870178223,-10.937779426574707,-11.378274917602539,-11.922175407409668,-12.91702651977539,-14.214757919311523,-15.022201538085938,-15.106186866760254,-14.864389419555664,-13.972352027893066,-12.223278999328613,-10.813043594360352,-10.553363800048828,-12.139031410217285,-12.21448040008545,-10.750871658325195,-10.891510963439941,-10.74698257446289,-9.238448143005371,-8.550984382629395,-8.321444511413574,-7.965450763702393,-7.659432888031006,-7.342018127441406,-7.204331874847412
-2.189281702041626,-1.58378005027771,-1.5959652662277222,-2.443525791168213,-3.8304100036621094,-2.7882487773895264,-3.484874725341797,-4.307484149932861,-5.6605000495910645,-6.6565022468566895,-7.059892177581787,-7.335085391998291,-7.863300323486328,-8.596787452697754,-9.442377090454102,-10.072772979736328,-10.1962890625,-10.085254669189453,-10.378975868225098,-10.857621192932129,-11.190814018249512,-11.550983428955078,-12.194982528686523,-13.342851638793945,-14.592550277709961,-15.29182243347168,-15.595311164855957,-15.728918075561523,-15.983928680419922,-15.193727493286133,-13.961944580078125,-12.334805488586426,-12.18310832977295,-12.538066864013672,-12.152036666870117,-11.645851135253906,-11.89996337890625,-10.421015739440918,-9.66957950592041,-9.259163856506348,-8.870561599731445,-8.53231430053711,-8.18472957611084,-8.075082778930664
-3.804387331008911,-3.2374460697174072,-3.3677656650543213,-4.4522881507873535,-5.82004976272583,-5.653451919555664,-6.245231628417969,-6.699544429779053,-7.636988162994385,-8.24498462677002,-8.42553424835205,-8.520232200622559,-8.815958023071289,-9.337711334228516,-9.945143699645996,-10.260237693786621,-10.128210067749023,-10.007689476013184,-10.410139083862305,-10.924753189086914,-11.25107479095459,-11.555825233459473,-12.061102867126465,-13.006489753723145,-14.303711891174316,-15.243586540222168,-15.58829116821289,-15.984038352966309,-16.458467483520508,-16.092060089111328,-15.576504707336426,-14.565071105957031,-13.927453994750977,-13.455694198608398,-12.952093124389648,-12.733817100524902,-12.428657531738281,-11.139633178710938,-10.330277442932129,-9.99288272857666,-9.624675750732422,-9.270380020141602,-8.855012893676758,-8.568075180053711
-5.477336406707764,-5.268661975860596,-5.529513835906982,-6.533577919006348,-7.568850994110107,-7.490428924560547,-8.083762168884277,-8.41010856628418,-9.06246566772461,-9.246810913085938,-9.171676635742188,-9.070116996765137,-9.211406707763672,-9.517298698425293,-9.911480903625488,-10.121186256408691,-9.976459503173828,-9.953767776489258,-10.351536750793457,-10.880874633789062,-11.264022827148438,-11.654227256774902,-12.311514854431152,-13.301065444946289,-14.278514862060547,-14.850678443908691,-15.302801132202148,-15.724662780761719,-16.078594207763672,-16.38071060180664,-16.23529624938965,-15.583084106445312,-14.650923728942871,-13.901100158691406,-13.385298728942871,-13.050809860229492,-12.437868118286133,-11.539863586425781,-10.768749237060547,-10.284530639648438,-9.852985382080078,-9.37831974029541,-8.961343765258789,-8.63348388671875
-6.7332282066345215,-6.715053081512451,-7.013759613037109,-7.947856426239014,-8.884746551513672,-9.003281593322754,-9.605844497680664,-9.883344650268555,-10.046443939208984,-9.890609741210938,-9.679426193237305,-9.493268966674805,-9.489105224609375,-9.54149055480957,-9.7259521484375,-9.926081657409668,-9.966813087463379,-9.98022747039795,-10.19603157043457,-10.613882064819336,-11.067286491394043,-11.541292190551758,-12.240084648132324,-13.230018615722656,-14.270694732666016,-14.956562995910645,-15.509511947631836,-15.779012680053711,-16.10163116455078,-16.353309631347656,-16.491580963134766,-16.078433990478516,-15.10594654083252,-14.216482162475586,-13.694269180297852,-13.237592697143555,-12.400413513183594,-11.523947715759277,-10.715238571166992,-10.098091125488281,-9.674813270568848,-9.308480262756348,-8.995699882507324,-8.710939407348633
-7.713196277618408,-7.786736965179443,-8.104947090148926,-8.953641891479492,-9.96377944946289,-10.418173789978027,-10.841440200805664,-10.973525047302246,-10.72830581665039,-10.430343627929688,-10.185294151306152,-9.911952018737793,-9.686907768249512,-9.480772018432617,-9.46462631225586,-9.641478538513184,-9.811209678649902,-9.793973922729492,-9.789097785949707,-10.050450325012207,-10.517789840698242,-11.095056533813477,-11.940471649169922,-13.032392501831055,-14.24880599975586,-15.079392433166504,-15.40964412689209,-15.313382148742676,-15.60068130493164,-15.956976890563965,-16.245641708374023,-16.241188049316406,-15.653705596923828,-14.413533210754395,-13.806646347045898,-13.191341400146484,-11.733861923217773,-10.786476135253906,-10.072385787963867,-9.42974853515625,-9.212082862854004,-9.131307601928711,-8.984664916992188,-8.731718063354492
-8.6371488571167,-8.722296714782715,-9.0498046875,-9.721930503845215,-10.768936157226562,-11.273944854736328,-11.451908111572266,-11.57489013671875,-11.215532302856445,-10.908844947814941,-10.62950611114502,-10.125144004821777,-9.607780456542969,-9.291590690612793,-9.273628234863281,-9.455448150634766,-9.572025299072266,-9.451000213623047,-9.333395957946777,-9.472989082336426,-9.927863121032715,-10.691179275512695,-11.71556282043457,-12.782333374023438,-13.819574356079102,-14.589548110961914,-14.779315948486328,-14.663100242614746,-14.764492988586426,-14.94906234741211,-15.259906768798828,-16.198495864868164,-15.71353816986084,-13.376612663269043,-12.839008331298828,-12.690333366394043,-11.022884368896484,-9.450020790100098,-9.14239501953125,-8.722530364990234,-8.613759994506836,-8.765722274780273,-8.653691291809082,-8.451032638549805
-9.442549705505371,-9.582159996032715,-9.833864212036133,-10.265708923339844,-11.372836112976074,-11.730170249938965,-11.648435592651367,-11.901841163635254,-11.667625427246094,-11.252933502197266,-10.703853607177734,-9.90385627746582,-9.216721534729004,-9.001011848449707,-9.174670219421387,-9.429359436035156,-9.445619583129883,-9.240198135375977,-9.103923797607422,-9.213104248046875,-9.701910972595215,-10.579269409179688,-11.673962593078613,-12.74782657623291,-13.603555679321289,-14.31314754486084,-14.873126029968262,-15.074952125549316,-14.908772468566895,-14.68942642211914,-14.7286376953125,-15.165193557739258,-15.257280349731445,-11.439807891845703,-12.32321548461914,-12.426740646362305,-10.80952262878418,-7.499571800231934,-8.135477066040039,-8.099791526794434,-8.024274826049805,-8.252889633178711,-8.071158409118652,-7.86255407333374
