data/wind_data/wind_Surface_47.json
{"header": {"parameterUnit": "KT", "parameterCategory": 2, "nx": 255, "ny": 198, "lo1": 44.73521041870117, "la1": -3.236724853515625, "lo2": 111.26478576660156, "la2": 43.468475341796875, "dx": 0.26192745566368103, "dy": -0.23708222806453705, "refTime": "2025-02-20 23:00:00", "forecastTime": 0, "parameterNumber": 2, "parameterNumberName": "eastward_wind"}, "data":
[rows 57 to 75 of 198, columns 129 to 171 of 255]
-4.472546100616455,-1.0347025394439697,0.5442872047424316,0.9289690852165222,-1.3603894710540771,-4.835521221160889,-6.991886615753174,-8.648165702819824,-9.909648895263672,-10.748682022094727,-10.021295547485352,-9.515398025512695,-10.879814147949219,-11.84473705291748,-11.130223274230957,-10.396883010864258,-10.452138900756836,-10.659421920776367,-10.540529251098633,-10.61252212524414,-10.37942886352539,-9.32841682434082,-9.71394157409668,-10.642687797546387,-8.434675216674805,-7.193799018859863,-8.394047737121582,-8.141042709350586,-7.084705829620361,-7.174881458282471,-8.199906349182129,-8.863683700561523,-8.33453369140625,-7.744653701782227,-8.830341339111328,-9.93698501586914,-9.105219841003418,-8.341789245605469,-9.013168334960938,-9.425835609436035,-9.549899101257324,-10.059507369995117,-10.796109199523926
-2.0000462532043457,-0.6207268834114075,0.31076985597610474,0.7165535688400269,-0.6634877920150757,-3.75681734085083,-6.071290016174316,-7.5700883865356445,-8.844756126403809,-9.7347993850708,-10.177693367004395,-8.835827827453613,-8.62714672088623,-10.982784271240234,-11.553926467895508,-9.682669639587402,-9.751163482666016,-10.793069839477539,-9.605899810791016,-8.325305938720703,-8.85098648071289,-10.607693672180176,-11.173643112182617,-8.584941864013672,-8.00689697265625,-9.49949836730957,-9.00146484375,-8.391359329223633,-8.327096939086914,-8.036786079406738,-7.920964241027832,-8.261828422546387,-8.149706840515137,-8.235224723815918,-9.33797836303711,-9.303248405456543,-7.666072368621826,-7.146428108215332,-8.069403648376465,-8.487786293029785,-8.793915748596191,-9.457120895385742,-10.118439674377441
-1.0883325338363647,-0.39296117424964905,0.024675678461790085,-0.1481439620256424,0.46821174025535583,-1.0402086973190308,-5.58071756362915,-6.869748115539551,-7.895054817199707,-8.86177921295166,-9.295534133911133,-9.791946411132812,-10.485344886779785,-10.197920799255371,-9.56705379486084,-10.65229606628418,-10.805644035339355,-9.848015785217285,-9.85081672668457,-9.112942695617676,-8.739398002624512,-9.854487419128418,-9.927026748657227,-8.162712097167969,-8.220785140991211,-8.553876876831055,-7.694368839263916,-7.601820945739746,-7.728094577789307,-7.949455261230469,-6.930386066436768,-5.914533615112305,-6.898640155792236,-8.44897174835205,-8.43124008178711,-7.614994049072266,-7.264862537384033,-7.451568603515625,-7.996591567993164,-8.652563095092773,-8.972613334655762,-9.134660720825195,-9.727410316467285
-1.0440421104431152,-0.950921893119812,0.08841371536254883,0.3740254044532776,-0.17463771998882294,-1.7520402669906616,-4.5280046463012695,-6.43075704574585,-7.400428771972656,-7.6652512550354,-8.188545227050781,-8.886393547058105,-9.387114524841309,-10.523094177246094,-11.1715726852417,-10.734636306762695,-9.975260734558105,-9.446552276611328,-9.196281433105469,-9.433494567871094,-9.724465370178223,-8.436949729919434,-8.148407936096191,-9.852956771850586,-10.003705024719238,-8.233348846435547,-7.467040061950684,-8.223849296569824,-7.776379585266113,-6.2867960929870605,-5.6808929443359375,-6.504356384277344,-7.67516565322876,-7.3005523681640625,-6.464727401733398,-6.244529724121094,-6.327861309051514,-6.856249809265137,-7.6504740715026855,-8.300749778747559,-8.394610404968262,-8.480901718139648,-8.771151542663574
0.08877398073673248,0.27816006541252136,1.1689252853393555,1.4329514503479004,0.6883861422538757,0.03511835262179375,-1.6898776292800903,-6.056138515472412,-8.032999038696289,-8.000677108764648,-7.927916049957275,-8.236198425292969,-8.990445137023926,-9.307087898254395,-9.388309478759766,-10.076859474182129,-10.612333297729492,-9.633115768432617,-8.293038368225098,-8.308795928955078,-9.17468547821045,-8.924463272094727,-7.83215856552124,-7.6234612464904785,-8.683650970458984,-8.818743705749512,-7.847766399383545,-7.921711444854736,-8.0203275680542,-7.420539379119873,-7.294706344604492,-6.218752861022949,-5.523882865905762,-6.686314582824707,-6.818470001220703,-6.206503868103027,-6.056023597717285,-6.411741733551025,-7.12263822555542,-7.790447235107422,-8.009204864501953,-7.919156551361084,-8.171526908874512
1.0463099479675293,3.1822304725646973,2.868239641189575,2.6137735843658447,2.0863285064697266,1.2922039031982422,-1.2004643678665161,-5.746556758880615,-7.442360877990723,-8.036850929260254,-8.227749824523926,-8.43106460571289,-8.678788185119629,-8.68995189666748,-8.96922779083252,-9.71306037902832,-10.863508224487305,-10.83078384399414,-9.075032234191895,-7.977959156036377,-8.255803108215332,-7.874864101409912,-7.5106520652771,-8.643401145935059,-8.544412612915039,-7.916910171508789,-7.6194047927856445,-6.714970111846924,-7.499669551849365,-8.129842758178711,-6.602769374847412,-5.313899993896484,-4.932978630065918,-5.31395959854126,-5.9459919929504395,-5.86422061920166,-5.410506725311279,-5.720339775085449,-6.768399238586426,-7.284177780151367,-7.467325210571289,-7.487791538238525,-7.575606822967529
-0.0970061868429184,3.184701442718506,3.892112970352173,3.3998196125030518,2.7691545486450195,3.209171772003174,1.0020445585250854,-4.198208332061768,-5.263713359832764,-6.0513200759887695,-8.364726066589355,-9.028318405151367,-8.152165412902832,-7.544596195220947,-7.783657550811768,-8.7244873046875,-10.613167762756348,-11.135282516479492,-9.347102165222168,-8.323023796081543,-8.208076477050781,-7.108288764953613,-8.134753227233887,-8.2417573928833,-6.745118141174316,-7.630550384521484,-7.804339408874512,-6.573724746704102,-6.660285949707031,-7.253521919250488,-6.756869792938232,-5.519080638885498,-5.358170032501221,-5.889855861663818,-5.107831001281738,-4.478036403656006,-4.606773853302002,-5.085964679718018,-6.0699286460876465,-6.696846008300781,-7.023405075073242,-7.187404155731201,-7.103514671325684
-1.231721043586731,2.0701382160186768,3.8897933959960938,3.9259445667266846,2.9756176471710205,3.0288166999816895,2.110405683517456,-2.7975432872772217,-2.9642422199249268,-1.9025675058364868,-5.128018856048584,-6.948910713195801,-7.486965656280518,-8.105794906616211,-9.446714401245117,-9.769876480102539,-10.441027641296387,-11.358296394348145,-10.144645690917969,-8.305079460144043,-7.376974105834961,-7.1674065589904785,-7.632812023162842,-7.5163679122924805,-6.929592609405518,-6.453622341156006,-5.8484954833984375,-6.363367080688477,-6.4998345375061035,-6.007864475250244,-5.6710710525512695,-5.509769916534424,-5.804786205291748,-5.5631937980651855,-5.180081367492676,-4.632595062255859,-4.189228534698486,-4.398344039916992,-5.302547454833984,-6.041948318481445,-6.451998233795166,-6.772119045257568,-6.809070110321045
-0.2147335559129715,0.5895416140556335,1.3515574932098389,3.2877538204193115,3.17864990234375,2.3073854446411133,2.7703232765197754,-0.8337938785552979,-3.3098819255828857,-2.99125337600708,-6.174010276794434,-7.815083026885986,-8.022704124450684,-8.535585403442383,-9.394463539123535,-10.217203140258789,-10.509342193603516,-10.590248107910156,-9.837640762329102,-8.852697372436523,-8.035210609436035,-7.06106424331665,-6.6342315673828125,-6.586792945861816,-6.937126159667969,-7.202223777770996,-6.3853864669799805,-5.884288311004639,-5.3807501792907715,-5.039978504180908,-5.391576766967773,-5.485213756561279,-5.076830863952637,-5.08663272857666,-4.930340766906738,-4.665905952453613,-4.287510871887207,-3.8520538806915283,-4.844814300537109,-5.518370628356934,-5.886075496673584,-6.246349811553955,-6.311457633972168
0.48053017258644104,-0.10424920916557312,0.03935780003666878,1.6634539365768433,1.9062848091125488,1.4175214767456055,2.2157459259033203,-1.402267336845398,-4.868070125579834,-6.147831916809082,-8.242152214050293,-8.33033275604248,-8.100407600402832,-8.66401195526123,-9.018295288085938,-9.3269681930542,-10.014564514160156,-9.607552528381348,-9.469050407409668,-9.241960525512695,-8.248723030090332,-7.384566783905029,-6.653787612915039,-6.501041412353516,-6.213951587677002,-5.882419109344482,-6.428138732910156,-5.940664768218994,-5.150472164154053,-4.822007179260254,-4.295604705810547,-4.624386310577393,-4.745491981506348,-4.626209259033203,-4.4233198165893555,-3.709709644317627,-3.289619207382202,-3.776963710784912,-4.694185256958008,-5.093416690826416,-5.327656269073486,-5.616584300994873,-5.845715522766113
-0.3099830746650696,-0.6411343216896057,0.02924996428191662,0.17893464863300323,-0.012778133153915405,0.779650092124939,1.401305913925171,-2.6319141387939453,-5.852184772491455,-6.628327369689941,-7.400883197784424,-7.351938724517822,-8.251245498657227,-8.844046592712402,-9.109262466430664,-9.006326675415039,-9.083477973937988,-8.733107566833496,-8.291692733764648,-8.256081581115723,-8.2156982421875,-7.118667125701904,-5.924977779388428,-5.164873123168945,-5.4697465896606445,-6.311472415924072,-5.84846830368042,-5.23567008972168,-5.2658867835998535,-5.015042781829834,-4.262057304382324,-4.027104377746582,-4.026793003082275,-3.8950202465057373,-3.797234296798706,-3.5671050548553467,-3.122450590133667,-3.5042788982391357,-4.3554205894470215,-4.588090896606445,-4.859353542327881,-4.978000164031982,-5.150542259216309
-1.9786992073059082,-2.2723500728607178,-1.9633771181106567,-1.4083126783370972,-0.8396980166435242,0.7583894729614258,1.7461285591125488,-2.4658145904541016,-5.931421756744385,-6.384170055389404,-6.65551233291626,-6.932860374450684,-8.113926887512207,-8.160520553588867,-8.7356538772583,-8.908154487609863,-8.72995662689209,-7.868651866912842,-6.996253967285156,-7.388550281524658,-7.767409324645996,-6.675886154174805,-5.874599933624268,-5.869270324707031,-5.525360584259033,-5.7435503005981445,-5.6111650466918945,-5.1951680183410645,-4.868589878082275,-4.216756343841553,-3.6882879734039307,-3.591060161590576,-3.6473357677459717,-3.8654613494873047,-3.566068172454834,-3.1574623584747314,-3.074826717376709,-3.152785301208496,-3.5519473552703857,-3.962613105773926,-4.281731128692627,-4.412112712860107,-4.500771999359131
-4.231579780578613,-4.55015230178833,-3.481781482696533,-1.3138959407806396,-0.707062840461731,0.9661781787872314,1.5045349597930908,-3.3367762565612793,-5.7084245681762695,-5.543163776397705,-5.768360614776611,-6.035557746887207,-7.892419338226318,-8.293619155883789,-8.335325241088867,-9.139211654663086,-9.43551254272461,-8.90393352508545,-8.474932670593262,-7.624113082885742,-6.629690647125244,-6.029245376586914,-5.75923490524292,-5.775977611541748,-5.519501209259033,-5.115959644317627,-5.6106343269348145,-5.631460189819336,-4.786235809326172,-4.517431259155273,-4.123534202575684,-3.5025880336761475,-3.2182843685150146,-3.6413214206695557,-3.7642242908477783,-3.4393441677093506,-3.1010613441467285,-2.878190755844116,-2.9820780754089355,-3.241344928741455,-3.5931336879730225,-3.7341175079345703,-3.8269994258880615
-5.536752223968506,-5.317747116088867,-3.6409573554992676,-1.5726462602615356,-0.4876168370246887,0.7758991122245789,-0.9451286196708679,-4.885372161865234,-5.289045333862305,-4.595448017120361,-4.676868438720703,-6.253952503204346,-8.146079063415527,-7.834345817565918,-7.409214019775391,-8.037601470947266,-8.696269035339355,-8.232728958129883,-7.482046604156494,-7.026586532592773,-6.7561163902282715,-5.960285186767578,-5.147119998931885,-5.212022304534912,-5.287904262542725,-4.966670513153076,-5.048541069030762,-4.948957920074463,-4.388765335083008,-3.940183639526367,-3.801923990249634,-3.6817710399627686,-3.349299192428589,-3.8018970489501953,-3.9995696544647217,-3.6147682666778564,-3.366407632827759,-2.9651553630828857,-2.727062225341797,-2.698323965072632,-2.96028208732605,-3.071122169494629,-3.2162060737609863
-5.149441719055176,-4.884240627288818,-2.763911724090576,-0.9521479606628418,0.48090860247612,1.4257175922393799,-2.03098726272583,-5.274506568908691,-4.837138652801514,-4.93494176864624,-5.456883907318115,-6.518129825592041,-7.548867702484131,-7.308461666107178,-7.062917709350586,-7.165656089782715,-7.218085765838623,-7.4204487800598145,-7.467037200927734,-6.646547794342041,-5.497989654541016,-5.480601787567139,-5.741599082946777,-4.571701526641846,-3.914614200592041,-4.102642059326172,-3.840418815612793,-3.5711967945098877,-3.2813732624053955,-3.3209025859832764,-3.1590280532836914,-2.9158475399017334,-3.5263633728027344,-4.145724773406982,-4.108689785003662,-3.8125643730163574,-3.485541343688965,-3.186455249786377,-2.7666797637939453,-2.472954034805298,-2.574369430541992,-2.6952731609344482,-2.9308507442474365
-4.935192584991455,-4.363134860992432,-1.8396400213241577,-0.14264529943466187,0.7426895499229431,1.4026029109954834,-1.3876968622207642,-4.415668487548828,-4.107460975646973,-4.873617172241211,-5.903526306152344,-6.208818435668945,-6.524942398071289,-6.462764739990234,-6.416713237762451,-6.695156097412109,-6.854668617248535,-7.1360368728637695,-7.354628086090088,-6.975653171539307,-6.0584492683410645,-5.800359725952148,-5.134615898132324,-4.124602794647217,-4.004834175109863,-3.551825523376465,-2.942768096923828,-2.758976697921753,-2.858887195587158,-3.2785754203796387,-2.927644729614258,-2.5262184143066406,-2.8790793418884277,-3.470271587371826,-3.641113042831421,-3.4251556396484375,-3.3529765605926514,-3.2464993000030518,-2.966935157775879,-2.539616346359253,-2.5139381885528564,-2.7696924209594727,-3.0998873710632324
-5.798520565032959,-4.753819465637207,-0.8900021314620972,1.4503856897354126,1.5144058465957642,0.9932345747947693,-1.5616589784622192,-3.986403703689575,-4.184537887573242,-5.0180768966674805,-5.916415691375732,-6.1449384689331055,-5.903936386108398,-5.580294132232666,-5.7173566818237305,-6.07942533493042,-6.30882453918457,-6.486856460571289,-6.644593715667725,-6.467162609100342,-5.987663745880127,-5.616915225982666,-4.5140700340271,-3.365792751312256,-4.01548433303833,-4.431580543518066,-3.2562930583953857,-2.390059232711792,-2.4001739025115967,-2.6242992877960205,-2.7363688945770264,-2.9514782428741455,-2.734393835067749,-3.160618782043457,-3.4961488246917725,-3.1460037231445312,-3.2598276138305664,-3.2671408653259277,-3.0985233783721924,-2.873002052307129,-2.6174235343933105,-2.731243371963501,-3.0695478916168213
-6.1954498291015625,-4.082703113555908,-0.22781918942928314,2.211390256881714,1.8189141750335693,0.7042540311813354,-1.223793864250183,-2.64060378074646,-1.490075945854187,-2.184669017791748,-5.411548137664795,-5.709196090698242,-5.444109916687012,-5.054575443267822,-5.1154375076293945,-5.329746723175049,-5.434348106384277,-5.549039840698242,-5.529123306274414,-5.45756721496582,-5.2974534034729,-5.009729385375977,-4.355916500091553,-3.8386125564575195,-3.944573402404785,-3.7765698432922363,-3.429335594177246,-2.628488540649414,-1.6593972444534302,-2.2781200408935547,-3.1017892360687256,-3.0941002368927,-3.224106788635254,-3.8764469623565674,-4.190623760223389,-3.6375911235809326,-3.108966588973999,-3.328324317932129,-3.4522767066955566,-3.07682204246521,-2.8830878734588623,-2.576047420501709,-2.5933399200439453
-4.261057376861572,-3.3908965587615967,-0.8237873911857605,0.8237009048461914,0.5666439533233643,-0.5079106688499451,-1.3685414791107178,-1.0195363759994507,-0.4982505738735199,-1.9890679121017456,-3.3695337772369385,-5.3319783210754395,-5.814067363739014,-4.705195426940918,-4.609980583190918,-4.666122913360596,-4.2678399085998535,-4.205949306488037,-4.315501689910889,-4.466801166534424,-4.174637317657471,-4.0074238777160645,-4.2468109130859375,-3.7580113410949707,-3.516324996948242,-3.387937307357788,-3.306565761566162,-2.718756914138794,-2.112417221069336,-2.49023699760437,-3.121696710586548,-3.4031765460968018,-3.567108154296875,-4.146816730499268,-4.415246486663818,-4.091862678527832,-3.5631070137023926,-3.5504543781280518,-3.4495983123779297,-3.096742868423462,-2.721970796585083,-2.1701178550720215,-1.8629153966903687
