data/wind_data/wind_2025-02-19_11.json
{"header": {"parameterUnit": "KT", "parameterCategory": 2, "nx": 255, "ny": 198, "lo1": 44.73521041870117, "la1": -3.236724853515625, "lo2": 111.26478576660156, "la2": 43.468475341796875, "dx": 0.26192745566368103, "dy": -0.23708222806453705, "refTime": "2025-02-19 11:00:00", "forecastTime": 0, "parameterNumber": 3, "parameterNumberName": "northward_wind"}, "data":
[rows 133 to 151 of 198, columns 43 to 85 of 255]
-3.512605905532837,-1.5157146453857422,0.6413644552230835,0.7061223983764648,0.5003314018249512,-1.3791694641113281,-4.499313831329346,-8.926650047302246,-9.981353759765625,-11.11316967010498,-12.073492050170898,-11.935956954956055,-11.492330551147461,-10.343574523925781,-9.338591575622559,-8.943257331848145,-8.787333488464355,-9.75156307220459,-7.472578048706055,-6.143573760986328,-9.33393669128418,-10.807914733886719,-11.3967866897583,-12.064020156860352,-12.818913459777832,-12.624702453613281,-11.702808380126953,-10.582435607910156,-9.757638931274414,-9.169562339782715,-8.962387084960938,-9.060149192810059,-8.51170539855957,-7.775125026702881,-7.110583305358887,-5.68623161315918,-5.184783458709717,-4.6123833656311035,-3.7279317378997803,-3.656256675720215,-3.05027437210083,-0.00944229681044817,-0.7903459668159485
-2.8262367248535156,-0.6325324177742004,-0.15369702875614166,2.2098801136016846,3.1184120178222656,-2.3817007541656494,-5.725996971130371,-7.6153411865234375,-9.388809204101562,-10.78253173828125,-11.411420822143555,-11.309322357177734,-10.758424758911133,-9.491678237915039,-9.171712875366211,-8.863401412963867,-8.595029830932617,-9.246932029724121,-7.314757347106934,-7.576328754425049,-11.3035249710083,-12.140852928161621,-12.272818565368652,-12.361385345458984,-12.844367027282715,-13.08606243133545,-12.654534339904785,-11.741484642028809,-10.908631324768066,-9.885594367980957,-9.54732894897461,-9.517012596130371,-8.476448059082031,-7.31987190246582,-6.3755879402160645,-6.0425567626953125,-5.5244598388671875,-4.529332160949707,-3.7829055786132812,-3.3070859909057617,-2.6234757900238037,-0.6897416114807129,0.25245824456214905
-1.9430559873580933,-1.9312236309051514,-1.3314399719238281,-0.012873304076492786,-1.005281686782837,-5.909825325012207,-7.480967998504639,-7.779056549072266,-9.436708450317383,-10.764849662780762,-11.10659122467041,-10.704967498779297,-10.072284698486328,-8.926826477050781,-8.576147079467773,-8.270740509033203,-7.646539688110352,-8.800455093383789,-7.417085647583008,-9.58592700958252,-13.063563346862793,-13.263740539550781,-12.901107788085938,-12.262475967407227,-12.247577667236328,-12.712187767028809,-13.014199256896973,-12.689131736755371,-11.750456809997559,-10.23195743560791,-9.726142883300781,-9.389068603515625,-9.248924255371094,-8.492368698120117,-7.497454643249512,-6.557313919067383,-5.433948516845703,-4.50495719909668,-3.856482744216919,-3.505872964859009,-3.6382198333740234,-3.508801221847534,-1.9476847648620605
-1.6312386989593506,-1.9380615949630737,-0.1082703247666359,-3.163623094558716,-5.145752906799316,-7.551056861877441,-8.153367042541504,-8.605025291442871,-10.054947853088379,-11.176591873168945,-11.217077255249023,-10.476997375488281,-9.41532039642334,-8.244231224060059,-7.604814529418945,-6.578428268432617,-6.3441290855407715,-8.206148147583008,-7.188195705413818,-11.09802532196045,-14.287415504455566,-13.73021125793457,-12.944915771484375,-11.943765640258789,-11.33109188079834,-11.605121612548828,-12.116094589233398,-12.28750228881836,-11.91342830657959,-11.482897758483887,-10.572479248046875,-9.51395034790039,-9.14430046081543,-8.310800552368164,-7.697066783905029,-6.441556930541992,-5.58643913269043,-5.732269763946533,-5.362905025482178,-4.670443534851074,-4.0983357429504395,-4.55566930770874,-4.005444049835205
-1.793993353843689,-0.4710235595703125,-1.581628441810608,-4.770993232727051,-5.618845462799072,-6.99544620513916,-7.747879981994629,-9.287121772766113,-10.940458297729492,-11.711795806884766,-11.32800006866455,-10.212518692016602,-9.087098121643066,-7.596329212188721,-6.525966167449951,-5.469096660614014,-6.114306449890137,-6.459481716156006,-7.9114089012146,-12.611000061035156,-15.170476913452148,-13.596394538879395,-12.784022331237793,-11.720337867736816,-10.574090957641602,-10.220802307128906,-10.499629974365234,-10.920841217041016,-11.201417922973633,-11.124732971191406,-10.184205055236816,-9.203246116638184,-8.664616584777832,-8.677017211914062,-8.47828197479248,-7.425767421722412,-7.2940354347229,-7.13568639755249,-5.897789478302002,-5.3848161697387695,-4.42409086227417,-3.755362033843994,-2.8024730682373047
-0.47109466791152954,-0.8999589085578918,-3.5026960372924805,-5.420779705047607,-6.416500091552734,-7.951961517333984,-8.941719055175781,-10.415302276611328,-11.502140045166016,-11.51097583770752,-10.801796913146973,-9.848069190979004,-9.07298755645752,-7.4729390144348145,-5.869640350341797,-5.3193678855896,-5.704592704772949,-4.556867599487305,-9.941198348999023,-14.260274887084961,-16.35039710998535,-14.367335319519043,-13.16329574584961,-11.896513938903809,-10.648493766784668,-9.894405364990234,-9.531534194946289,-9.343469619750977,-9.47019100189209,-9.823197364807129,-8.961224555969238,-9.307271957397461,-8.792147636413574,-8.236930847167969,-8.3525972366333,-8.512184143066406,-6.993784427642822,-5.2511115074157715,-4.462673664093018,-4.476548671722412,-3.913573741912842,-2.6796281337738037,-1.484887957572937
-0.08861520886421204,-2.956646680831909,-5.75799560546875,-6.959256649017334,-8.249135971069336,-8.950836181640625,-9.883932113647461,-11.07888126373291,-11.18847370147705,-10.610565185546875,-10.130657196044922,-9.611021995544434,-9.375910758972168,-7.970996379852295,-6.675267696380615,-6.279574394226074,-5.596288204193115,-4.619145393371582,-12.377920150756836,-15.749403953552246,-17.679689407348633,-15.432610511779785,-13.725661277770996,-12.312952041625977,-11.574670791625977,-10.832499504089355,-9.808479309082031,-8.404768943786621,-7.860278606414795,-8.287603378295898,-7.9571919441223145,-8.178231239318848,-7.424900054931641,-7.012283802032471,-8.14847183227539,-9.049230575561523,-7.183413982391357,-4.741694927215576,-3.0291907787323,-2.1910910606384277,-1.7774280309677124,-1.4515248537063599,-1.1102350950241089
-3.8292171955108643,-5.298683166503906,-6.258660793304443,-7.6417927742004395,-9.162079811096191,-9.046754837036133,-10.50327205657959,-11.147247314453125,-10.613525390625,-10.16858196258545,-9.94366455078125,-9.72182559967041,-9.69551944732666,-8.672159194946289,-8.417442321777344,-7.953896999359131,-6.206396579742432,-7.112124919891357,-13.964550018310547,-16.667139053344727,-17.309843063354492,-15.908882141113281,-14.231795310974121,-13.407641410827637,-13.165038108825684,-12.080958366394043,-10.28781509399414,-8.432305335998535,-7.963230609893799,-7.356393337249756,-6.826726913452148,-6.311420440673828,-5.296425819396973,-5.84773063659668,-8.837068557739258,-11.254117012023926,-11.179215431213379,-7.896115779876709,-3.4308300018310547,0.8032963275909424,1.201289176940918,0.891450047492981,0.6863027215003967
-4.8968939781188965,-5.798736572265625,-7.038905143737793,-7.458259105682373,-8.281327247619629,-9.201888084411621,-11.151086807250977,-10.825026512145996,-10.447176933288574,-10.41185474395752,-10.370451927185059,-10.087298393249512,-9.862927436828613,-9.182344436645508,-9.388528823852539,-8.63328742980957,-6.675424575805664,-9.72452449798584,-14.34814453125,-16.793407440185547,-17.23026466369629,-15.919743537902832,-14.530181884765625,-14.16813850402832,-14.370405197143555,-12.7329683303833,-10.502179145812988,-9.135407447814941,-8.850312232971191,-7.742821216583252,-6.909805774688721,-5.534630298614502,-2.944746255874634,-3.2221438884735107,-7.386950969696045,-11.577526092529297,-13.824952125549316,-11.406450271606445,-5.401911735534668,1.977964162826538,4.060724258422852,2.741884231567383,2.6376445293426514
-4.393511772155762,-5.793792724609375,-6.633605003356934,-6.795405864715576,-8.383782386779785,-10.416278839111328,-11.452079772949219,-10.331069946289062,-10.680267333984375,-10.983506202697754,-11.409990310668945,-10.767585754394531,-10.684930801391602,-10.252901077270508,-10.201663970947266,-8.544468879699707,-7.270206928253174,-11.234521865844727,-14.483907699584961,-16.53978729248047,-16.850357055664062,-15.249855041503906,-14.373920440673828,-14.432182312011719,-15.256386756896973,-13.108314514160156,-11.873278617858887,-10.109978675842285,-9.212606430053711,-9.036873817443848,-8.086653709411621,-6.184778213500977,-2.0694849491119385,-0.8664510250091553,-4.171966075897217,-6.785549163818359,-9.871953964233398,-12.406442642211914,-8.666709899902344,1.9227206707000732,5.202987194061279,2.347973585128784,2.156872034072876
-4.115193843841553,-5.07487678527832,-5.6709184646606445,-6.640813827514648,-9.098609924316406,-11.14812183380127,-10.914152145385742,-9.756668090820312,-10.952887535095215,-11.496800422668457,-11.928922653198242,-10.9017972946167,-11.23652172088623,-11.009296417236328,-10.818408012390137,-8.683107376098633,-8.432684898376465,-12.42271900177002,-14.76458740234375,-15.988302230834961,-16.04282569885254,-15.49567699432373,-14.810539245605469,-15.96973991394043,-15.88217830657959,-14.241118431091309,-12.92642879486084,-10.912717819213867,-9.80980110168457,-10.362313270568848,-9.789291381835938,-9.206742286682129,-5.562876224517822,-1.3458492755889893,-2.7087464332580566,-2.6367146968841553,-3.102869987487793,-8.119668960571289,-10.916244506835938,-1.1186360120773315,4.274695873260498,2.06829833984375,1.8781278133392334
-4.641149520874023,-5.941623210906982,-6.144418716430664,-6.855802536010742,-9.427939414978027,-10.19161319732666,-8.898198127746582,-8.764652252197266,-10.903372764587402,-11.362223625183105,-11.503080368041992,-10.403820037841797,-11.47179889678955,-11.48973274230957,-10.925516128540039,-9.744125366210938,-10.639106750488281,-13.289708137512207,-15.588346481323242,-15.974409103393555,-16.00872039794922,-15.802739143371582,-15.129179954528809,-16.549718856811523,-16.004072189331055,-15.112672805786133,-13.311220169067383,-11.752893447875977,-10.537874221801758,-10.413107872009277,-11.326925277709961,-11.640645980834961,-10.440301895141602,-5.382676601409912,-4.224579811096191,-3.232753038406372,-1.469983696937561,-2.6227288246154785,-7.095467567443848,-4.943772315979004,0.8446622490882874,2.732538938522339,3.6435706615448
-6.417339324951172,-6.636514663696289,-6.0041327476501465,-7.491347312927246,-8.72411060333252,-7.795091152191162,-5.91147518157959,-8.339712142944336,-10.547786712646484,-11.134523391723633,-11.292708396911621,-10.84895133972168,-11.81379508972168,-11.774439811706543,-11.473051071166992,-10.807746887207031,-12.535717964172363,-14.320009231567383,-15.803972244262695,-15.686988830566406,-15.923912048339844,-15.891973495483398,-15.952347755432129,-17.172760009765625,-16.4859619140625,-15.387556076049805,-14.28361701965332,-12.745955467224121,-10.889801025390625,-10.029719352722168,-10.143119812011719,-9.913239479064941,-11.504189491271973,-8.779011726379395,-7.425949573516846,-6.674569129943848,-5.087131500244141,-2.2396397590637207,-3.298419713973999,-4.436866760253906,0.6613869071006775,3.8348495960235596,5.215398788452148
-5.838215351104736,-5.235143661499023,-5.959912300109863,-8.053868293762207,-7.468718528747559,-5.593522548675537,-4.827757835388184,-9.597654342651367,-10.75472354888916,-11.405190467834473,-11.394669532775879,-11.091588973999023,-11.863285064697266,-11.90481948852539,-13.0191011428833,-12.164957046508789,-13.527543067932129,-14.738239288330078,-15.22788143157959,-15.1534423828125,-15.578594207763672,-15.583954811096191,-17.019662857055664,-16.849536895751953,-16.536283493041992,-15.97752571105957,-14.948864936828613,-13.92935562133789,-13.46788501739502,-10.293828010559082,-7.226841926574707,-7.784093379974365,-8.494277000427246,-7.641549587249756,-8.761954307556152,-7.982844829559326,-9.08267593383789,-4.386424541473389,-2.3493971824645996,-1.8673075437545776,3.4763057231903076,7.334568023681641,8.218985557556152
-3.2750515937805176,-3.999666213989258,-5.75658655166626,-7.081157207489014,-5.954517841339111,-4.526297569274902,-7.455817699432373,-10.450477600097656,-10.930549621582031,-11.12586784362793,-10.21229362487793,-9.379936218261719,-11.322543144226074,-12.395462989807129,-13.027848243713379,-13.76321792602539,-14.645155906677246,-13.418319702148438,-13.715208053588867,-14.375587463378906,-14.80717658996582,-14.85943603515625,-16.462255477905273,-16.042936325073242,-15.69664478302002,-15.765166282653809,-15.678778648376465,-15.706537246704102,-15.939617156982422,-12.089203834533691,-9.40764331817627,-7.876529693603516,-5.661169052124023,-7.329802513122559,-8.228433609008789,-7.355445384979248,-9.847002029418945,-9.799397468566895,-4.996100902557373,-1.4666168689727783,0.20487657189369202,7.866040229797363,12.156693458557129
-2.5915048122406006,-4.41768217086792,-5.6002726554870605,-5.152775287628174,-4.360506534576416,-5.273971080780029,-9.185723304748535,-9.705154418945312,-10.368622779846191,-9.911993980407715,-8.386463165283203,-8.795883178710938,-10.880799293518066,-11.36783218383789,-11.315112113952637,-12.268651008605957,-12.240118026733398,-11.027433395385742,-12.411314010620117,-13.605049133300781,-14.33614730834961,-14.410560607910156,-15.919822692871094,-16.06045913696289,-15.81213092803955,-15.854263305664062,-15.507222175598145,-16.09970474243164,-16.467836380004883,-12.701590538024902,-11.028892517089844,-8.729187965393066,-7.055561065673828,-7.545417785644531,-9.4605131149292,-9.594646453857422,-9.80949878692627,-14.689461708068848,-10.37490463256836,-3.025357961654663,-1.952870488166809,2.7196543216705322,12.620248794555664
-3.4513893127441406,-4.9906086921691895,-4.954331874847412,-3.291700839996338,-4.060484409332275,-6.419002532958984,-7.7346272468566895,-8.23867416381836,-9.0601806640625,-8.419376373291016,-8.54355525970459,-10.26325511932373,-10.459603309631348,-9.867818832397461,-8.978574752807617,-9.211678504943848,-8.949445724487305,-9.061467170715332,-11.430641174316406,-13.0807466506958,-14.80068588256836,-15.295843124389648,-15.790678977966309,-16.244844436645508,-16.42696762084961,-15.264886856079102,-12.589934349060059,-12.982752799987793,-13.573389053344727,-11.999489784240723,-10.511967658996582,-10.259517669677734,-9.912745475769043,-6.7333221435546875,-9.08339786529541,-11.348915100097656,-12.549337387084961,-13.791131973266602,-15.651022911071777,-5.368724822998047,0.47248223423957825,2.1814424991607666,12.040641784667969
-3.0337812900543213,-3.097167491912842,-2.344149351119995,-2.878748655319214,-4.678783893585205,-5.598596096038818,-5.406794548034668,-6.758537769317627,-7.680983066558838,-8.394165992736816,-9.599568367004395,-10.15074348449707,-9.655631065368652,-8.846819877624512,-7.242713928222656,-6.599635124206543,-6.391159534454346,-7.613341808319092,-10.600741386413574,-12.874982833862305,-13.99561882019043,-15.1367826461792,-14.670402526855469,-14.404165267944336,-14.239374160766602,-11.055983543395996,-9.084309577941895,-8.770173072814941,-9.276373863220215,-10.207265853881836,-8.863686561584473,-8.868461608886719,-9.353570938110352,-7.061747074127197,-8.822811126708984,-11.476906776428223,-14.549534797668457,-14.329339981079102,-16.403318405151367,-9.074287414550781,-0.46540409326553345,3.6956498622894287,12.700313568115234
-2.030027389526367,-1.2797579765319824,-2.100116014480591,-3.4924538135528564,-4.188455104827881,-3.1005358695983887,-2.6988651752471924,-5.7189459800720215,-7.029594898223877,-8.59991455078125,-9.02639102935791,-8.538921356201172,-7.6849870681762695,-7.367894649505615,-6.284271240234375,-4.109285831451416,-3.594606876373291,-6.0506815910339355,-10.755111694335938,-13.218303680419922,-13.561478614807129,-13.653846740722656,-12.466032028198242,-11.258319854736328,-10.663619995117188,-8.11181926727295,-5.8428874015808105,-6.459287166595459,-7.9027581214904785,-9.702082633972168,-8.482807159423828,-7.465593338012695,-8.813172340393066,-10.224998474121094,-11.149738311767578,-11.944543838500977,-13.66407299041748,-14.62159252166748,-15.128336906433105,-10.75796890258789,-7.402603626251221,-2.206956148147583,11.62867259979248
