data/wind_data/wind_18_2.json
{"header": {"parameterUnit": "KT", "parameterCategory": 2, "nx": 256, "ny": 198, "lo1": 44.73521041870117, "la1": -3.236724853515625, "lo2": 111.26478576660156, "la2": 43.468475341796875, "dx": 0.2609002888202667, "dy": -0.23708222806453705, "refTime": "2025-02-19 18:00:00", "forecastTime": 0, "parameterNumber": 2, "parameterNumberName": "eastward_wind"}, "data":
[rows 114 to 132 of 198, columns 172 to 214 of 256]
4.138600826263428,4.060891628265381,5.144291400909424,4.827104091644287,4.071881294250488,5.476863861083984,9.192341804504395,10.72427749633789,10.464425086975098,8.926775932312012,5.684657573699951,-2.2656872272491455,-6.690969467163086,-11.551931381225586,-11.296904563903809,-3.7518248558044434,5.331642150878906,8.811651229858398,7.349921226501465,9.655379295349121,10.677534103393555,8.11328125,-2.6333272457122803,-3.4759650230407715,-0.7957242131233215,-0.5154313445091248,-2.256606340408325,1.4857842922210693,7.196542263031006,1.6501778364181519,-5.287779808044434,-1.6913446187973022,6.51340389251709,16.320661544799805,24.501550674438477,24.008638381958008,20.79363250732422,21.5887451171875,23.560312271118164,25.173099517822266,26.897804260253906,26.551881790161133,26.144010543823242
-1.8442071676254272,-4.637092590332031,-4.857275485992432,-4.088993549346924,-3.2714641094207764,-3.8235549926757812,-4.470420837402344,-3.9409611225128174,-2.7154674530029297,-1.564683437347412,-0.8318709135055542,-5.323483943939209,-12.153274536132812,-13.5735502243042,-14.057478904724121,-12.632575035095215,-7.110050678253174,0.3563142716884613,7.346170902252197,10.782580375671387,11.33184814453125,13.089882850646973,3.443025588989258,-3.852707862854004,-3.312300205230713,-1.1668014526367188,-4.175925254821777,-3.234741449356079,-0.032973479479551315,-4.58908224105835,-4.236456871032715,0.38408932089805603,4.9037933349609375,12.657700538635254,21.121721267700195,24.41588020324707,23.408977508544922,23.03684425354004,24.84044647216797,28.423755645751953,30.625778198242188,27.86112403869629,24.458410263061523
-4.459986686706543,-6.2914228439331055,-8.034518241882324,-8.793163299560547,-8.581942558288574,-9.257104873657227,-9.624480247497559,-8.957581520080566,-8.729715347290039,-8.471362113952637,-7.526383876800537,-7.223573207855225,-6.49992036819458,-5.465640544891357,-9.430659294128418,-13.387375831604004,-12.066099166870117,-6.02431583404541,5.719759464263916,12.072647094726562,13.2982759475708,15.912418365478516,3.8948814868927,-2.6836352348327637,-4.012977123260498,-3.381398916244507,-4.6622819900512695,-3.7102482318878174,-2.651691436767578,-5.0484418869018555,-7.6870880126953125,-4.577683448791504,0.4030364751815796,9.406179428100586,18.22993278503418,23.0086727142334,23.466773986816406,23.817974090576172,26.26393699645996,30.77583885192871,33.30728530883789,25.762466430664062,21.487022399902344
0.12408018112182617,-1.3233898878097534,-2.150294303894043,-3.145864248275757,-4.163977146148682,-5.153726577758789,-5.572835922241211,-5.392673015594482,-7.353623390197754,-10.357409477233887,-8.974736213684082,-5.9863972663879395,-3.236013412475586,-2.0684242248535156,-7.21211576461792,-10.044108390808105,-8.261252403259277,-9.43679141998291,-2.536647319793701,6.0811967849731445,11.487824440002441,10.3229398727417,1.562211036682129,-0.23087982833385468,0.10353598743677139,-2.8475146293640137,-4.8271589279174805,-2.2970731258392334,1.3228522539138794,-0.5997851490974426,-7.356110572814941,-4.301871299743652,0.05535593628883362,10.772268295288086,19.933818817138672,25.008394241333008,24.561256408691406,23.791217803955078,26.757753372192383,31.725130081176758,33.2993049621582,28.041807174682617,24.99674415588379
9.832329750061035,9.329511642456055,6.606468677520752,5.112722396850586,4.735645771026611,2.4776523113250732,-2.199239730834961,-3.9049906730651855,-5.09314489364624,-7.009997844696045,-5.708472728729248,-4.085243225097656,-3.7892167568206787,-3.059232711791992,-4.151555061340332,-1.2959327697753906,-1.7259517908096313,-7.1326398849487305,-7.913372039794922,-3.9373834133148193,1.860470175743103,5.427614688873291,5.500321388244629,4.500859260559082,1.8197320699691772,0.4650821089744568,-0.7518914341926575,4.470553874969482,8.91132926940918,3.752290725708008,-6.831991195678711,-2.4416186809539795,5.647498607635498,13.30859375,20.39114761352539,26.419801712036133,27.814359664916992,22.983474731445312,23.55841636657715,28.755207061767578,31.742870330810547,30.511547088623047,27.751068115234375
11.097095489501953,10.518798828125,7.514647006988525,6.63726282119751,7.976203441619873,9.012113571166992,9.703591346740723,10.439187049865723,11.053773880004883,9.83509349822998,4.983015060424805,0.10986622422933578,-0.7678952813148499,1.1808571815490723,3.5401535034179688,3.81905198097229,-3.674969434738159,-5.386765003204346,-5.329623699188232,-5.786871433258057,-3.559661626815796,0.04388139769434929,2.98211932182312,1.0709935426712036,-0.380004346370697,-1.0571680068969727,1.0896685123443604,4.146579742431641,8.821165084838867,4.274986267089844,-5.945038318634033,-3.519533157348633,6.066405773162842,12.840837478637695,16.67620277404785,23.92852210998535,27.512941360473633,24.30982780456543,25.443496704101562,29.436220169067383,33.50393295288086,34.89418411254883,32.54031753540039
14.441433906555176,8.179620742797852,4.2423553466796875,4.620388507843018,5.201986789703369,6.473320484161377,6.19896936416626,8.01972484588623,9.571013450622559,12.540949821472168,4.926713943481445,-4.167749881744385,-5.535505294799805,-0.5717062950134277,1.2717201709747314,-2.5889737606048584,-4.592720031738281,-5.450993537902832,-4.17738151550293,-3.7808728218078613,-4.899869918823242,-2.8034491539001465,0.43644648790359497,-2.7075839042663574,-4.893109321594238,-3.1551196575164795,0.6928697824478149,4.097932815551758,13.036519050598145,7.34308385848999,-4.081570625305176,-2.1708717346191406,5.390226364135742,8.278532028198242,13.661384582519531,22.19074249267578,22.15291404724121,20.534324645996094,24.25174331665039,30.250490188598633,36.801334381103516,37.13640594482422,32.89788055419922
16.724878311157227,7.771223545074463,5.952210903167725,6.343583106994629,5.9462666511535645,4.74228572845459,2.598112106323242,4.357233047485352,5.84743070602417,12.355679512023926,10.212594032287598,-0.5006909966468811,-7.174978256225586,-5.149308681488037,-7.188467502593994,-8.810845375061035,-9.403779983520508,-8.239786148071289,-7.0023884773254395,-7.763744354248047,-9.564845085144043,-10.138684272766113,-7.501264572143555,-2.747422933578491,0.550968587398529,1.2267770767211914,7.983158111572266,14.37098217010498,17.109115600585938,1.2991552352905273,-2.7430248260498047,-1.3142377138137817,2.956289291381836,9.334388732910156,15.595992088317871,21.217283248901367,22.361722946166992,23.194753646850586,23.407398223876953,30.614139556884766,39.136043548583984,36.35066604614258,31.22119140625
9.772499084472656,0.8269323706626892,1.2486604452133179,6.134472370147705,5.591160297393799,3.698432683944702,0.1391618400812149,-0.569931149482727,0.15005436539649963,3.9235782623291016,9.532796859741211,2.5868051052093506,-4.846828937530518,-3.715864896774292,-2.936396360397339,-4.085936069488525,-7.040210723876953,-8.586797714233398,-7.869872093200684,-7.240371227264404,-10.371357917785645,-9.716605186462402,-8.840882301330566,-6.365286350250244,-2.803950786590576,0.3785884976387024,10.233960151672363,18.95308494567871,16.957304000854492,2.8465397357940674,1.252790927886963,1.183599591255188,2.155025005340576,10.912553787231445,19.910661697387695,22.264286041259766,22.293312072753906,23.678442001342773,23.90347671508789,31.564790725708008,35.4405517578125,28.984949111938477,25.074722290039062
3.887817621231079,1.3151112794876099,7.0026679039001465,16.817506790161133,13.900558471679688,0.4721364378929138,-5.070497989654541,1.371245265007019,2.2243783473968506,6.227250099182129,14.514311790466309,17.475393295288086,2.17769455909729,-4.04339599609375,-4.789774417877197,-6.20601749420166,-5.92429780960083,-6.628353595733643,-7.292028903961182,-7.174961090087891,-6.243616104125977,-5.9337687492370605,-5.841092586517334,-4.801568031311035,-4.63250732421875,-0.8048861622810364,2.2455039024353027,9.395424842834473,14.107640266418457,15.755783081054688,11.840997695922852,5.9222187995910645,8.077242851257324,15.527129173278809,19.666837692260742,23.089357376098633,30.078752517700195,26.571334838867188,21.850139617919922,29.18747329711914,35.439125061035156,31.024124145507812,27.601327896118164
17.073213577270508,11.727592468261719,15.983819007873535,20.101539611816406,13.016976356506348,-1.6269288063049316,-1.2179356813430786,8.131946563720703,10.873390197753906,11.93924617767334,16.78110694885254,18.77006721496582,9.702851295471191,-2.0532262325286865,-4.860010147094727,-3.626293420791626,-3.7246925830841064,-5.417218208312988,-7.834471225738525,-7.921020984649658,-4.869886875152588,-1.5800235271453857,0.10022436082363129,0.9507638216018677,0.7355740666389465,-4.580235004425049,-4.548439979553223,0.5709110498428345,11.744719505310059,19.150165557861328,16.055559158325195,12.888253211975098,19.066003799438477,21.747135162353516,17.121150970458984,24.306900024414062,34.52293014526367,26.895055770874023,17.400163650512695,26.439714431762695,38.84755325317383,37.9420166015625,35.32569122314453
19.86517906188965,18.695676803588867,18.491008758544922,15.654577255249023,10.671599388122559,8.640748023986816,8.079745292663574,8.01528549194336,8.715618133544922,4.623812675476074,2.517451286315918,1.1973997354507446,4.4437479972839355,3.026318073272705,-2.7076117992401123,-1.7289752960205078,-1.67006516456604,-3.248009443283081,-5.022942066192627,-5.371469497680664,-2.7693347930908203,-1.9151922464370728,-1.3704862594604492,-0.11468853801488876,-2.612473726272583,-9.741438865661621,-7.229853630065918,-3.674402952194214,5.278038501739502,16.481809616088867,22.011051177978516,21.49921226501465,26.446870803833008,25.271581649780273,20.967424392700195,31.5601749420166,34.36488342285156,21.996240615844727,12.725624084472656,24.198148727416992,39.14820861816406,45.14191818237305,41.0694580078125
22.058116912841797,18.792095184326172,14.595865249633789,9.93529224395752,5.412078380584717,3.8503549098968506,1.1828502416610718,-0.8940797448158264,-0.31232747435569763,-1.2198467254638672,-1.9663777351379395,-0.04552557319402695,3.4583637714385986,6.14700174331665,2.2146999835968018,0.8401539921760559,1.425233244895935,-4.093206405639648,-1.6246252059936523,-3.2583184242248535,-1.642229437828064,-4.180278301239014,-6.811086654663086,-4.40418004989624,-2.861334800720215,-1.1136188507080078,5.205315589904785,-0.5376543998718262,-2.770341157913208,3.437713623046875,15.336033821105957,23.05026626586914,29.848552703857422,23.41229248046875,20.315570831298828,33.61347961425781,36.376102447509766,21.17731475830078,13.623493194580078,22.592859268188477,34.7469367980957,42.4775390625,41.3575325012207
19.743589401245117,15.746512413024902,13.788951873779297,5.046860218048096,-2.223421096801758,-1.459898591041565,-2.8585429191589355,-1.1358580589294434,-1.5203542709350586,-3.361860990524292,-2.956325054168701,-0.028553474694490433,1.4623490571975708,-0.8131831884384155,5.98288631439209,7.392031669616699,6.930062294006348,2.4591283798217773,0.6747997403144836,-4.879238128662109,-4.037813186645508,-4.651864528656006,-6.425312042236328,-8.371549606323242,-4.636175155639648,0.37365198135375977,6.795060634613037,3.5755374431610107,4.654961585998535,2.6181623935699463,8.959403038024902,21.63007164001465,27.060462951660156,23.807979583740234,22.03409194946289,29.496795654296875,34.1342658996582,24.238584518432617,17.24337387084961,18.935253143310547,29.302879333496094,36.3571891784668,38.926841735839844
19.05427360534668,13.840099334716797,7.783364772796631,-5.022531509399414,-2.926929473876953,-2.623769521713257,-1.5489250421524048,-1.4399949312210083,-3.51823353767395,-3.728456497192383,-3.657797336578369,-2.1004581451416016,-0.20981422066688538,1.193398356437683,2.125943899154663,6.938423156738281,9.538361549377441,8.419485092163086,1.8484057188034058,-5.888089179992676,-10.458720207214355,-6.9125800132751465,-1.4796788692474365,-5.9431633949279785,-7.220523357391357,0.25979283452033997,6.3959784507751465,11.623361587524414,19.988224029541016,19.0147705078125,17.84082794189453,20.580791473388672,21.757936477661133,25.663955688476562,30.439868927001953,31.763465881347656,29.186294555664062,21.38216781616211,16.203704833984375,17.48943328857422,26.278141021728516,32.710811614990234,39.03761291503906
15.986327171325684,5.435544967651367,-3.178147315979004,-7.208048343658447,-6.275845050811768,-6.110361099243164,-3.7972214221954346,-5.135497093200684,-6.018316268920898,-4.625360012054443,-3.2731406688690186,-2.808319568634033,-1.7384113073349,-0.7189893126487732,1.2825452089309692,4.057599067687988,7.541044235229492,9.860344886779785,7.234179496765137,0.032814010977745056,-10.019695281982422,-11.732824325561523,-1.108156681060791,1.0433037281036377,1.433756709098816,6.7148966789245605,12.430625915527344,20.56320571899414,25.81321907043457,20.079252243041992,16.7624454498291,16.07743263244629,19.206018447875977,25.590435028076172,34.088470458984375,26.620590209960938,17.33341407775879,13.7713623046875,13.738154411315918,18.6162109375,26.188169479370117,32.48161697387695,37.45259094238281
-1.8798505067825317,-7.129457950592041,-7.999180316925049,-3.9421846866607666,-3.3478729724884033,-3.7576205730438232,-1.3145816326141357,-2.8066189289093018,-1.2842326164245605,0.8691969513893127,2.096350908279419,4.642707347869873,4.851705551147461,1.9625639915466309,1.9084808826446533,3.7188570499420166,4.589720726013184,7.072438716888428,7.859009742736816,9.450783729553223,6.364485740661621,-7.268143177032471,-3.391895294189453,-0.5177330374717712,11.467893600463867,16.246484756469727,20.72728157043457,24.294715881347656,28.283702850341797,16.602222442626953,5.728766441345215,9.758940696716309,22.2425594329834,31.97847557067871,35.086204528808594,21.59661865234375,15.030860900878906,15.449845314025879,17.515403747558594,21.507108688354492,27.0606689453125,31.77118492126465,34.23101043701172
-7.242885112762451,-4.483116626739502,-2.0509848594665527,-0.8554169535636902,-1.1163049936294556,-3.304344892501831,-3.057204484939575,-0.06223025545477867,1.625401258468628,2.9598708152770996,4.022095203399658,5.9238176345825195,7.428875923156738,4.462886810302734,2.189208984375,4.440032958984375,6.247889995574951,6.488968372344971,10.35828971862793,11.685681343078613,11.793704986572266,0.8440595865249634,-3.177889823913574,0.9654762744903564,12.441126823425293,15.039912223815918,17.237844467163086,25.166345596313477,32.97677230834961,16.954267501831055,2.0080313682556152,17.55315589904785,29.522327423095703,37.97309112548828,30.94028663635254,17.14601707458496,16.57158851623535,21.30095100402832,23.534025192260742,25.44934844970703,28.37693977355957,31.03225326538086,33.273529052734375
-1.839495062828064,-0.4198198616504669,4.901693820953369,3.2903077602386475,-2.3081867694854736,-1.9488325119018555,-3.2279622554779053,-2.3422820568084717,-1.4140994548797607,0.9961280822753906,2.647979736328125,2.159546375274658,0.9000077247619629,-1.7039027214050293,-0.6256679892539978,2.8381237983703613,6.984900951385498,7.244720935821533,11.287910461425781,9.271353721618652,5.473073482513428,0.6296077370643616,-0.30127260088920593,4.088169097900391,10.654528617858887,13.558883666992188,19.745044708251953,26.977622985839844,34.366085052490234,17.474637985229492,10.068207740783691,25.053070068359375,33.193050384521484,37.548316955566406,31.466285705566406,17.215757369995117,15.898517608642578,22.818904876708984,27.67388153076172,31.160968780517578,31.42075538635254,32.41908645629883,34.3640251159668
