data/wind_data/wind_37_3.json
{"header": {"parameterUnit": "KT", "parameterCategory": 2, "nx": 256, "ny": 198, "lo1": 44.73521041870117, "la1": -3.236724853515625, "lo2": 111.26478576660156, "la2": 43.468475341796875, "dx": 0.2609002888202667, "dy": -0.23708222806453705, "refTime": "2025-02-20 13:00:00", "forecastTime": 0, "parameterNumber": 2, "parameterNumberName": "eastward_wind"}, "data":
[rows 114 to 132 of 198, columns 132 to 175 of 256]
8.061563491821289,7.897602558135986,6.9271321296691895,5.985544204711914,3.566521167755127,3.0212767124176025,2.690220832824707,2.784003257751465,3.7031872272491455,7.403302192687988,5.94336462020874,0.8832914233207703,3.2785706520080566,2.8359029293060303,4.224544525146484,4.003669738769531,4.829593658447266,6.582367897033691,8.644749641418457,10.248031616210938,11.849599838256836,13.228229522705078,14.61266040802002,14.872407913208008,15.808309555053711,17.147212982177734,17.097637176513672,15.959753036499023,15.407389640808105,15.983659744262695,17.028100967407227,18.238313674926758,19.1494197845459,19.68143081665039,20.0040340423584,21.212810516357422,22.747413635253906,24.057849884033203,24.09794807434082,22.272594451904297,19.743587493896484,19.325668334960938,19.614152908325195,19.21940040588379
8.805499076843262,7.41663932800293,6.183382987976074,5.208673000335693,4.881170272827148,4.007862091064453,4.109764575958252,3.8202643394470215,4.728100299835205,5.49383020401001,0.02830977365374565,4.179192543029785,2.967088222503662,4.701569557189941,3.7275900840759277,4.413244247436523,7.765089511871338,10.618499755859375,12.679547309875488,13.261391639709473,13.456347465515137,14.065753936767578,14.82482624053955,15.349225997924805,15.344951629638672,14.489473342895508,13.424529075622559,12.717689514160156,12.674166679382324,13.497020721435547,14.392333984375,15.030056953430176,15.548813819885254,15.982097625732422,16.68107795715332,18.134828567504883,20.066152572631836,21.995574951171875,23.471128463745117,24.19063377380371,23.613296508789062,22.762832641601562,20.964675903320312,18.50629234313965
9.004687309265137,7.408201694488525,6.544588088989258,6.332368850708008,5.978387355804443,5.009175777435303,4.224982738494873,4.060295104980469,4.9841389656066895,3.163412094116211,2.1601531505584717,4.280174732208252,3.0942842960357666,5.095447540283203,6.951085567474365,8.801551818847656,9.673675537109375,10.972756385803223,12.746688842773438,13.311809539794922,13.139619827270508,12.717782974243164,12.454710960388184,11.989013671875,11.451299667358398,11.000265121459961,10.841764450073242,11.084637641906738,11.69904613494873,12.688368797302246,13.848305702209473,15.025463104248047,16.056135177612305,16.408830642700195,16.37651824951172,17.02276611328125,18.176977157592773,18.960886001586914,19.61113739013672,20.351722717285156,21.079099655151367,21.33127784729004,20.556198120117188,18.609466552734375
8.35441780090332,6.739212512969971,5.243661880493164,6.245454788208008,5.996854782104492,5.188342094421387,4.162570476531982,3.8092472553253174,3.6284451484680176,2.2882044315338135,3.513396978378296,3.2819321155548096,3.444106340408325,5.094106674194336,7.665126800537109,8.952970504760742,9.408173561096191,10.23901653289795,12.353447914123535,13.152139663696289,12.5171480178833,11.2613525390625,10.681544303894043,10.399889945983887,10.233465194702148,10.034886360168457,10.00368595123291,10.259615898132324,11.025282859802246,12.335719108581543,13.45318603515625,14.555825233459473,15.089733123779297,14.481330871582031,13.7769136428833,14.167689323425293,14.832436561584473,15.502175331115723,16.641326904296875,17.252521514892578,17.741844177246094,17.870887756347656,17.311973571777344,16.949552536010742
6.9551801681518555,5.0684003829956055,5.1806206703186035,6.3822174072265625,5.1180195808410645,4.504463195800781,3.838534116744995,2.6851136684417725,2.1798105239868164,2.6071479320526123,3.357762098312378,3.9142532348632812,4.298339366912842,7.539709568023682,9.92440414428711,10.68809986114502,10.928465843200684,12.422797203063965,14.154958724975586,13.470742225646973,11.742019653320312,10.339129447937012,9.842763900756836,9.302594184875488,8.671059608459473,7.968937397003174,7.257813453674316,7.7468438148498535,9.547295570373535,11.724276542663574,13.139220237731934,13.433870315551758,12.857697486877441,11.762478828430176,11.071403503417969,9.875601768493652,9.788192749023438,12.45802116394043,15.660442352294922,18.485319137573242,20.59800148010254,20.205177307128906,18.921916961669922,18.619230270385742
4.199265480041504,3.57802414894104,5.062102317810059,4.886107444763184,3.2050726413726807,2.5571043491363525,2.1116836071014404,2.746283531188965,3.174189329147339,4.286278247833252,4.933906555175781,3.565075397491455,6.530666828155518,10.117505073547363,11.22941780090332,11.258779525756836,12.222403526306152,14.937738418579102,15.510832786560059,13.733185768127441,11.78706169128418,10.063569068908691,8.731109619140625,7.249317646026611,5.8250555992126465,4.6517133712768555,4.378560543060303,6.4690728187561035,9.229453086853027,11.754250526428223,12.962176322937012,13.987506866455078,15.11622142791748,15.611263275146484,14.328935623168945,11.550796508789062,9.027499198913574,9.387025833129883,14.130501747131348,20.094438552856445,25.213539123535156,22.881742477416992,18.162479400634766,16.485530853271484
6.405849933624268,6.115631103515625,6.359103202819824,5.368017673492432,3.101501703262329,2.9554085731506348,3.3828861713409424,3.616943597793579,3.888058662414551,5.170252799987793,4.7949299812316895,5.9977006912231445,9.93254566192627,11.873616218566895,11.913836479187012,12.204680442810059,13.973349571228027,16.089818954467773,15.49804973602295,13.489255905151367,11.148702621459961,8.930614471435547,7.179588794708252,5.127613544464111,3.332854986190796,3.1713297367095947,5.513216972351074,8.117429733276367,10.21901798248291,12.913681983947754,15.100546836853027,16.62887191772461,18.325584411621094,20.693042755126953,18.293222427368164,19.102731704711914,17.97797966003418,21.337478637695312,26.97840690612793,31.657243728637695,34.036956787109375,31.28968620300293,25.712249755859375,23.796995162963867
7.2816972732543945,6.799564838409424,5.1757330894470215,1.9699937105178833,1.4720512628555298,2.680115222930908,3.7391858100891113,4.632312774658203,4.967533588409424,4.571473121643066,6.500926971435547,8.774782180786133,11.531378746032715,12.195920944213867,12.678988456726074,13.480653762817383,14.721831321716309,14.73309326171875,13.43947696685791,10.66159439086914,8.66318130493164,8.005152702331543,7.556549072265625,7.305360794067383,5.585831165313721,5.542962551116943,8.181349754333496,12.219724655151367,15.103047370910645,18.3702449798584,21.36794662475586,22.3441104888916,22.44865608215332,22.969303131103516,23.480058670043945,23.541454315185547,24.389026641845703,30.62350845336914,33.45530319213867,34.52620315551758,34.14436340332031,31.991533279418945,32.01236343383789,32.37974166870117
8.03818130493164,8.429723739624023,4.483307838439941,1.6850677728652954,-0.9412371516227722,0.2647782862186432,3.5849101543426514,4.906152725219727,3.994715690612793,5.732152462005615,5.885955333709717,9.790318489074707,11.671154975891113,12.362722396850586,13.626715660095215,13.303722381591797,13.173160552978516,11.841303825378418,9.707175254821777,5.364587306976318,4.494548797607422,6.772076606750488,7.516159534454346,9.353813171386719,8.30745792388916,8.282076835632324,12.32219409942627,19.564083099365234,25.456586837768555,28.672128677368164,30.27289390563965,28.601306915283203,26.024660110473633,28.036088943481445,29.29469108581543,25.88483428955078,23.303125381469727,26.20608901977539,26.08388328552246,27.609769821166992,24.289682388305664,23.352540969848633,29.09115219116211,31.577022552490234
8.75528335571289,8.798441886901855,5.032975673675537,6.541026592254639,5.458349704742432,-0.5275587439537048,4.100933074951172,4.221590995788574,3.866101026535034,5.69463586807251,9.706244468688965,12.080631256103516,12.461060523986816,13.13177490234375,11.720088958740234,9.209115982055664,10.22530460357666,11.005311012268066,11.244701385498047,7.358065128326416,3.6454567909240723,4.475142478942871,5.925410747528076,7.863282680511475,11.122564315795898,13.238693237304688,18.020484924316406,24.533000946044922,29.830707550048828,33.548431396484375,29.796951293945312,25.33916473388672,23.087604522705078,24.891551971435547,24.64372444152832,19.990463256835938,19.904033660888672,19.388042449951172,18.718265533447266,15.317572593688965,19.0158634185791,23.175519943237305,26.55452537536621,25.619815826416016
7.378042221069336,9.103084564208984,8.629389762878418,11.36857795715332,10.589173316955566,0.5128157734870911,1.9805914163589478,0.6254016757011414,1.6580100059509277,5.7923736572265625,10.72848129272461,11.845247268676758,11.799083709716797,11.077178001403809,7.968912601470947,8.359766006469727,11.15502643585205,12.136662483215332,13.034097671508789,10.452728271484375,7.24311637878418,6.990372180938721,9.236568450927734,14.81020736694336,19.829139709472656,23.44788360595703,26.02775764465332,28.185991287231445,29.750225067138672,28.583784103393555,24.623760223388672,16.831575393676758,18.909948348999023,22.67490577697754,22.605234146118164,19.507038116455078,17.23558807373047,18.902925491333008,16.700586318969727,14.835391998291016,18.711017608642578,23.300153732299805,25.7005672454834,21.827322006225586
8.9027681350708,11.510502815246582,11.533489227294922,12.742059707641602,13.232000350952148,6.768121719360352,0.6928449273109436,3.377134084701538,6.441433429718018,10.281176567077637,12.50660514831543,11.72354793548584,11.391449928283691,10.117130279541016,10.24082088470459,13.22974681854248,15.019997596740723,16.149066925048828,17.387535095214844,15.998655319213867,16.572542190551758,18.883495330810547,21.142736434936523,23.446887969970703,25.636760711669922,28.12017059326172,26.79120445251465,25.741975784301758,26.394758224487305,26.386981964111328,25.554080963134766,19.4833927154541,20.326475143432617,21.051116943359375,21.045089721679688,22.034687042236328,21.6417179107666,20.32508659362793,17.099308013916016,20.341455459594727,18.85896873474121,25.829299926757812,28.90458869934082,20.02191925048828
11.822240829467773,11.736954689025879,11.992674827575684,11.045797348022461,6.557224750518799,4.537744045257568,-1.05713951587677,3.028435468673706,4.081289768218994,7.1512770652771,10.716307640075684,11.727594375610352,11.66838550567627,12.565418243408203,16.683334350585938,21.264163970947266,21.035717010498047,20.95204734802246,22.868860244750977,23.021305084228516,23.550251007080078,24.76708984375,25.153329849243164,25.080230712890625,26.0820369720459,27.134952545166016,24.500587463378906,22.944515228271484,25.33892822265625,26.6962890625,25.19209098815918,19.198755264282227,16.907764434814453,20.645477294921875,23.575584411621094,26.1274356842041,28.77211570739746,25.5216064453125,20.765594482421875,19.226818084716797,21.166555404663086,25.510643005371094,29.067495346069336,25.404172897338867
11.62527084350586,12.563471794128418,12.348362922668457,10.570625305175781,6.910876274108887,5.115151405334473,2.957611560821533,3.2799789905548096,4.6762003898620605,9.522997856140137,11.586254119873047,11.309446334838867,11.894515037536621,13.209772109985352,19.244070053100586,26.41339874267578,28.651018142700195,28.717632293701172,28.793373107910156,30.587923049926758,32.51253128051758,33.25214767456055,31.647062301635742,30.12804412841797,28.83499526977539,26.553632736206055,24.057689666748047,23.539323806762695,26.034984588623047,26.936689376831055,24.782068252563477,19.507556915283203,18.41408920288086,20.32822608947754,21.083162307739258,25.284950256347656,27.72315788269043,25.05677032470703,23.781179428100586,20.748489379882812,18.30523681640625,16.8391056060791,19.271133422851562,18.799089431762695
13.948262214660645,13.038406372070312,12.045445442199707,11.4846773147583,11.525237083435059,11.402737617492676,11.265039443969727,8.635333061218262,11.673548698425293,13.359965324401855,11.90577220916748,12.812727928161621,12.84571361541748,14.794485092163086,19.354684829711914,24.67679786682129,28.622486114501953,29.63382339477539,30.45557403564453,32.062583923339844,31.6707763671875,29.17039680480957,29.141775131225586,28.855947494506836,27.007156372070312,24.831796646118164,25.26332664489746,23.602031707763672,22.391504287719727,24.284564971923828,23.445249557495117,19.786176681518555,19.661603927612305,19.178457260131836,19.550552368164062,23.048845291137695,24.712162017822266,22.413604736328125,21.68325424194336,21.140342712402344,20.188007354736328,19.54191780090332,21.993871688842773,15.154692649841309
14.605905532836914,15.057426452636719,14.816417694091797,13.89102554321289,14.340852737426758,15.41424560546875,17.351892471313477,14.356209754943848,13.372879028320312,11.74000072479248,11.166027069091797,12.831707000732422,15.415759086608887,21.51523780822754,18.84699249267578,21.2381591796875,30.292882919311523,33.944618225097656,34.52950668334961,32.8206672668457,28.073471069335938,25.172842025756836,26.195846557617188,26.062532424926758,28.368635177612305,29.087587356567383,28.641700744628906,25.6851863861084,16.58310890197754,18.11469078063965,23.967653274536133,23.708221435546875,25.87389373779297,25.43758773803711,21.00288963317871,17.78272247314453,19.2860050201416,21.385656356811523,21.726348876953125,21.096582412719727,19.228731155395508,17.489883422851562,17.959081649780273,13.998348236083984
17.15850257873535,17.90900993347168,17.40198516845703,16.114213943481445,16.916475296020508,15.903528213500977,14.159259796142578,11.18149185180664,11.328853607177734,12.497884750366211,12.319677352905273,12.404747009277344,14.442681312561035,20.78989601135254,25.713468551635742,24.442150115966797,27.233272552490234,37.30063247680664,37.972408294677734,35.65443801879883,31.499353408813477,25.737857818603516,24.28203773498535,25.43941307067871,26.235116958618164,29.238733291625977,35.36667251586914,30.479713439941406,14.646834373474121,12.648147583007812,19.75927734375,25.965978622436523,29.15669822692871,27.43267059326172,26.352691650390625,24.43444061279297,21.350914001464844,21.237821578979492,21.89195442199707,21.7728214263916,21.323801040649414,18.970844268798828,18.596445083618164,19.924278259277344
18.90209197998047,17.52117919921875,14.588362693786621,12.449629783630371,14.25357723236084,10.273407936096191,5.707055568695068,10.703985214233398,17.362863540649414,19.012109756469727,15.260788917541504,11.824207305908203,14.498798370361328,22.6436824798584,30.618995666503906,32.30598449707031,30.476673126220703,31.248994827270508,32.42277908325195,29.22032928466797,23.97018814086914,22.450298309326172,26.846027374267578,28.320398330688477,28.138710021972656,28.468475341796875,31.348909378051758,28.82331657409668,20.84047508239746,18.830965042114258,23.888212203979492,27.020540237426758,26.406164169311523,26.64849281311035,27.909393310546875,27.26007652282715,21.77740478515625,18.0714111328125,17.217267990112305,18.074169158935547,17.57814598083496,17.304901123046875,18.173046112060547,19.86042594909668
23.143829345703125,18.46613311767578,11.705050468444824,7.750785827636719,6.384819507598877,6.2696003913879395,12.8809175491333,21.549564361572266,27.492393493652344,24.181169509887695,21.319650650024414,19.727252960205078,21.973243713378906,28.444026947021484,34.4764518737793,35.01704788208008,32.312564849853516,29.251644134521484,28.24707794189453,28.828824996948242,29.929492950439453,27.8004093170166,28.183284759521484,30.965656280517578,35.46238327026367,34.91072082519531,27.42850685119629,19.389835357666016,21.298736572265625,26.10212516784668,24.662981033325195,22.927263259887695,18.461523056030273,19.191213607788086,21.72640037536621,19.970792770385742,16.835464477539062,14.115096092224121,13.285374641418457,13.898317337036133,16.30286979675293,20.19623565673828,20.74459457397461,21.186716079711914
