data/wind_data/wind_39_7.json
{"header": {"parameterUnit": "KT", "parameterCategory": 2, "nx": 256, "ny": 198, "lo1": 44.73521041870117, "la1": -3.236724853515625, "lo2": 111.26478576660156, "la2": 43.468475341796875, "dx": 0.2609002888202667, "dy": -0.23708222806453705, "refTime": "2025-02-20 15:00:00", "forecastTime": 0, "parameterNumber": 2, "parameterNumberName": "eastward_wind"}, "data":
[rows 80 to 99 of 198, columns 132 to 175 of 256]
41.385963439941406,41.84901428222656,42.621463775634766,42.99928283691406,43.03508758544922,42.99134826660156,42.22928237915039,40.922821044921875,40.72809982299805,40.780494689941406,39.82553482055664,39.06974411010742,39.07936477661133,38.91280746459961,38.21465301513672,37.523502349853516,37.11397171020508,36.81986999511719,36.461544036865234,36.08784866333008,35.939414978027344,36.17026138305664,36.60530090332031,36.93737030029297,37.04246139526367,36.990333557128906,36.81819534301758,36.513275146484375,36.121131896972656,35.83415985107422,35.835365295410156,36.09812927246094,36.460243225097656,36.803646087646484,37.14738464355469,37.54607009887695,37.975982666015625,38.34010696411133,38.596527099609375,38.79563522338867,38.96076583862305,39.034549713134766,38.998714447021484,38.91315841674805
43.7376823425293,43.99948501586914,44.42704772949219,44.734275817871094,44.81480026245117,44.994842529296875,45.01814270019531,44.017696380615234,43.181034088134766,43.69525909423828,43.6025276184082,42.15997314453125,40.98268508911133,40.949951171875,41.331787109375,41.19668197631836,40.55043411254883,39.803001403808594,39.13007354736328,38.58216857910156,38.26765060424805,38.31517791748047,38.72472381591797,39.26350784301758,39.65668487548828,39.80100631713867,39.69169235229492,39.37464141845703,38.92473602294922,38.493080139160156,38.25011444091797,38.24540710449219,38.33406066894531,38.35255813598633,38.338157653808594,38.500221252441406,38.971370697021484,39.66033172607422,40.336822509765625,40.8266487121582,41.088287353515625,41.15915298461914,41.10749053955078,41.0173225402832
45.869117736816406,46.5682487487793,47.14271926879883,47.40404510498047,47.17636489868164,46.77048110961914,46.68500518798828,46.394012451171875,45.397071838378906,45.294525146484375,46.327476501464844,46.03419876098633,44.28524398803711,43.1871452331543,43.47600173950195,44.01259994506836,43.845306396484375,43.089332580566406,42.235382080078125,41.629329681396484,41.34696578979492,41.24672317504883,41.23466110229492,41.352760314941406,41.5869255065918,41.820247650146484,41.91499710083008,41.82000732421875,41.617828369140625,41.43029022216797,41.334625244140625,41.337364196777344,41.314884185791016,41.10502243041992,40.690147399902344,40.28872299194336,40.22517776489258,40.681453704833984,41.51472854614258,42.36207962036133,42.931453704833984,43.15825653076172,43.15426254272461,43.046836853027344
48.16761016845703,48.54209899902344,49.30554962158203,50.25819778442383,50.74349594116211,50.250244140625,49.176876068115234,48.397117614746094,47.473785400390625,46.595523834228516,47.2665901184082,48.49761199951172,48.13985824584961,46.83328628540039,46.06743621826172,45.97046661376953,45.97305679321289,45.72429275512695,45.443084716796875,45.29581069946289,45.05207824707031,44.584259033203125,44.04251480102539,43.69544982910156,43.64912796020508,43.79597473144531,43.97167205810547,44.074623107910156,44.1253776550293,44.17414474487305,44.2813835144043,44.460487365722656,44.56551742553711,44.406105041503906,43.92244338989258,43.253658294677734,42.68315124511719,42.54182815551758,42.95624542236328,43.69254684448242,44.367557525634766,44.764137268066406,44.906246185302734,44.897857666015625
51.14384078979492,51.04442596435547,51.125144958496094,51.84986877441406,53.15190124511719,53.9815673828125,53.326499938964844,51.6632080078125,50.119659423828125,48.70881271362305,48.04594421386719,48.91770553588867,50.35548782348633,50.820465087890625,49.892093658447266,48.64513397216797,48.04477310180664,47.91355514526367,48.02022171020508,48.175052642822266,48.10869598388672,47.80400085449219,47.3056640625,46.74544143676758,46.34794616699219,46.2264289855957,46.30158233642578,46.46851348876953,46.677852630615234,46.849971771240234,47.01885223388672,47.27085494995117,47.480804443359375,47.398170471191406,46.93067169189453,46.25358963012695,45.63735580444336,45.29899978637695,45.32404708862305,45.6373291015625,46.033233642578125,46.294925689697266,46.36989974975586,46.33668899536133
54.08372116088867,54.263057708740234,54.16301345825195,54.08720779418945,54.79167938232422,55.961421966552734,56.38911437988281,55.370853424072266,53.612117767333984,52.013240814208984,50.64569091796875,49.87611770629883,50.37177658081055,52.178367614746094,53.41770553588867,52.699676513671875,51.40943145751953,50.80167007446289,50.567745208740234,50.12156295776367,49.894588470458984,50.40448760986328,50.96047592163086,50.793548583984375,50.02077865600586,49.25291061401367,48.8717155456543,48.87465286254883,49.142303466796875,49.50043487548828,49.83812713623047,50.14894104003906,50.33002471923828,50.164634704589844,49.571346282958984,48.78537368774414,48.199440002441406,47.99736404418945,48.0303955078125,48.11444854736328,48.2049560546875,48.2176513671875,48.06166458129883,47.77056121826172
56.7966194152832,57.08749008178711,57.3930549621582,57.55222702026367,57.79148864746094,58.15275955200195,58.28684616088867,57.86104965209961,56.90021896362305,55.48478317260742,54.231170654296875,53.15028762817383,51.892738342285156,51.93129348754883,53.84756851196289,55.483158111572266,55.55480194091797,54.854373931884766,53.78105545043945,52.42554473876953,51.90363693237305,52.6535758972168,53.530235290527344,53.785884857177734,53.432647705078125,52.79784393310547,52.259681701660156,52.00408172607422,52.03972625732422,52.30323791503906,52.68761444091797,53.05329132080078,53.220149993896484,53.001529693603516,52.34817886352539,51.458518981933594,50.75309753417969,50.488861083984375,50.48601150512695,50.47172927856445,50.40414810180664,50.28765869140625,50.05088806152344,49.630523681640625
59.88880920410156,59.87399673461914,60.00957489013672,60.493736267089844,61.07723617553711,61.225074768066406,60.861572265625,60.279075622558594,59.810447692871094,58.96147537231445,57.84623336791992,57.004661560058594,55.44178009033203,53.74825668334961,54.06845474243164,56.08734130859375,57.74724197387695,58.1937141418457,57.54324722290039,56.22871398925781,55.50312423706055,55.551143646240234,55.544979095458984,55.47997283935547,55.58572769165039,55.841827392578125,56.09788131713867,56.19551086425781,56.08937072753906,55.89741897583008,55.798004150390625,55.84060287475586,55.877201080322266,55.67890548706055,55.14308547973633,54.41838455200195,53.81385040283203,53.468238830566406,53.20254898071289,52.86044692993164,52.50364685058594,52.17324447631836,51.86894226074219,51.54732894897461
63.998966217041016,63.661258697509766,63.305294036865234,63.45301818847656,63.90300750732422,64.05033111572266,63.66353225708008,63.02252197265625,62.65387725830078,62.33604049682617,61.79625701904297,61.11870193481445,59.56702423095703,57.422115325927734,56.37117385864258,57.14493179321289,58.93732452392578,60.34361267089844,60.45967102050781,59.69379806518555,59.28323745727539,59.285003662109375,58.85075378417969,58.153785705566406,57.871665954589844,58.216163635253906,58.941680908203125,59.59965896606445,59.84757995605469,59.64289474487305,59.259193420410156,58.96637725830078,58.74208450317383,58.37533187866211,57.792423248291016,57.21415328979492,56.878196716308594,56.69120407104492,56.37000274658203,55.84068298339844,55.23155212402344,54.58205795288086,53.93427658081055,53.40865707397461
68.16522216796875,68.09383392333984,67.70106506347656,67.47901153564453,67.46268463134766,67.3427963256836,66.83128356933594,66.06477355957031,65.53228759765625,65.27999877929688,65.15843963623047,65.20513916015625,63.97987365722656,61.45920181274414,59.626129150390625,59.58602523803711,61.21285629272461,62.7504997253418,62.84281539916992,62.289676666259766,62.29116439819336,62.578887939453125,62.36664581298828,61.81926345825195,61.45096969604492,61.417274475097656,61.743568420410156,62.29277420043945,62.684295654296875,62.644630432128906,62.370914459228516,62.19022750854492,62.02742385864258,61.541378021240234,60.74101257324219,60.06310272216797,59.78185272216797,59.68642044067383,59.46202087402344,59.06904983520508,58.589664459228516,57.924285888671875,56.980587005615234,55.955806732177734
71.8956069946289,71.73868560791016,71.8595199584961,71.95675659179688,71.62439727783203,71.15702819824219,70.75188446044922,70.15348815917969,69.49649810791016,68.88629150390625,68.37149810791016,68.64215850830078,67.97557830810547,65.31683349609375,63.16477584838867,63.01300811767578,64.36840057373047,65.48163604736328,65.30687713623047,64.80335998535156,64.9205551147461,65.162353515625,65.08007049560547,65.04537963867188,65.16452026367188,65.17674255371094,65.2161865234375,65.41992950439453,65.58438110351562,65.46686553955078,65.18948364257812,65.06332397460938,65.04143524169922,64.6788558959961,63.87461471557617,63.13234329223633,62.81575012207031,62.707401275634766,62.50666427612305,62.222530364990234,61.91245651245117,61.42854690551758,60.56231689453125,59.36758804321289
75.86781311035156,75.406494140625,75.39781188964844,75.76909637451172,75.69758605957031,75.05420684814453,74.47294616699219,74.2193832397461,74.11042785644531,73.60389709472656,72.66069793701172,72.51640319824219,71.73834991455078,68.94094848632812,66.80271911621094,66.78450775146484,67.7816162109375,68.36348724365234,68.17637634277344,67.7831039428711,67.68817901611328,67.73576354980469,67.67726135253906,67.73369598388672,68.0506820678711,68.47177124023438,68.87171936035156,69.0172119140625,68.87994384765625,68.62175750732422,68.35054779052734,68.11949920654297,67.90977478027344,67.50483703613281,66.77677154541016,66.09342193603516,65.7874526977539,65.65747833251953,65.41574096679688,65.12023162841797,64.8431625366211,64.46124267578125,63.84029006958008,62.953739166259766
79.8011245727539,79.13421630859375,78.84492492675781,79.11371612548828,79.38365936279297,79.06519317626953,78.35928344726562,77.90874481201172,78.03128814697266,78.08744049072266,77.426025390625,76.99686431884766,75.97054290771484,73.00534057617188,70.71290588378906,70.49292755126953,71.07952880859375,71.4386978149414,71.39840698242188,71.27995300292969,71.26271057128906,71.14490509033203,70.80159759521484,70.51866149902344,70.78173828125,71.6822738647461,72.35317993164062,72.1434326171875,71.59757995605469,71.35335540771484,71.3923110961914,71.43951416015625,71.27579498291016,70.73314666748047,69.83055114746094,69.01388549804688,68.61690521240234,68.39044189453125,68.06626892089844,67.70556640625,67.36614990234375,66.99942016601562,66.5987319946289,66.1477279663086
83.67179870605469,82.50411224365234,81.94703674316406,82.21688079833984,82.6576919555664,82.71041870117188,82.22844696044922,81.52735137939453,81.34884643554688,81.66959381103516,81.56425476074219,81.30510711669922,80.35954284667969,77.64118957519531,75.18395233154297,74.27222442626953,74.10488891601562,74.33483123779297,74.6718978881836,75.01592254638672,75.4532699584961,75.44319915771484,74.7528076171875,74.11836242675781,74.46131896972656,75.32984924316406,75.29197692871094,74.36578369140625,73.67670440673828,73.7238540649414,74.27703857421875,74.81710052490234,74.82440185546875,74.1076431274414,72.99651336669922,72.07845306396484,71.54461669921875,71.11638641357422,70.65165710449219,70.23963165283203,69.88626098632812,69.52289581298828,69.16901397705078,68.88200378417969
87.23284912109375,85.56461334228516,84.52137756347656,84.75032043457031,85.45480346679688,85.72938537597656,85.33349609375,84.69856262207031,84.4188003540039,84.58043670654297,84.70050811767578,84.81415557861328,84.62120056152344,82.62933349609375,79.78427124023438,77.88372802734375,77.10186004638672,77.24079895019531,77.78534698486328,78.5555419921875,79.48783874511719,79.61600494384766,78.73460388183594,78.04391479492188,78.49295806884766,78.68817138671875,77.67173767089844,76.58963012695312,76.3760757446289,77.1373062133789,78.36434936523438,79.06047821044922,78.50884246826172,76.94305419921875,75.35015869140625,74.44239044189453,74.11677551269531,73.90592956542969,73.60008239746094,73.21937561035156,72.78380584716797,72.3044204711914,71.85355377197266,71.522705078125
90.23673248291016,88.68441772460938,87.44214630126953,87.44876098632812,88.10882568359375,88.29592895507812,87.72241973876953,87.10265350341797,86.9839859008789,87.11654663085938,87.26702117919922,87.65576934814453,88.29957580566406,87.55260467529297,84.20222473144531,81.1356201171875,80.2884750366211,80.37907409667969,80.77677917480469,81.86117553710938,82.89763641357422,82.68899536132812,82.12078094482422,82.2516860961914,82.7616195678711,81.61736297607422,79.81783294677734,79.41102600097656,79.85594940185547,81.1985855102539,83.0724105834961,83.5225601196289,81.75765991210938,78.99410247802734,76.94568634033203,76.20854949951172,76.35601043701172,76.7138671875,76.83396911621094,76.60594177246094,76.07938385009766,75.35575866699219,74.64716339111328,74.16991424560547
91.99446868896484,91.41205596923828,90.69525909423828,90.7030029296875,91.14277648925781,91.0875244140625,90.2599868774414,89.24764251708984,88.7698745727539,89.00545501708984,89.66333770751953,90.51731872558594,91.28438568115234,91.41224670410156,88.7804183959961,84.49083709716797,82.82561492919922,83.37507629394531,83.99539947509766,84.16038513183594,84.33135223388672,84.67020416259766,85.38361358642578,86.28775787353516,86.53692626953125,84.60991668701172,83.35858917236328,83.3999252319336,83.70418548583984,84.84117889404297,86.67256164550781,87.53886413574219,85.34820556640625,81.27043914794922,78.38021850585938,77.90119171142578,78.90896606445312,79.99640655517578,80.30709075927734,79.83568572998047,78.94776153564453,77.96822357177734,77.18922424316406,76.73655700683594
92.26697540283203,92.5567855834961,92.97981262207031,93.71817779541016,94.29027557373047,94.0609130859375,93.02429962158203,91.58911895751953,90.48381042480469,90.45882415771484,91.59009552001953,93.09992218017578,93.85603332519531,93.65774536132812,92.51200866699219,89.1346206665039,85.66068267822266,84.95393371582031,85.75071716308594,85.94305419921875,85.71183013916016,85.98837280273438,87.3724365234375,88.88800811767578,89.3493881225586,88.14273071289062,88.37051391601562,87.73249816894531,87.44950103759766,88.68915557861328,89.17306518554688,88.06918334960938,85.81668090820312,83.1964111328125,81.85294342041016,82.10458374023438,83.02590942382812,83.65099334716797,83.38189697265625,82.35560607910156,81.10436248779297,80.0513916015625,79.4560546875,79.24120330810547
92.25326538085938,92.19148254394531,93.17555236816406,95.10112762451172,96.58784484863281,96.9209976196289,96.1705551147461,94.45343017578125,92.51914978027344,91.86436462402344,93.17081451416016,95.17431640625,95.90391540527344,95.4285888671875,94.9656753540039,93.0240478515625,89.09341430664062,86.29208374023438,86.31755828857422,87.60855102539062,88.02679443359375,88.0262222290039,88.79214477539062,90.16146087646484,91.55813598632812,91.12046813964844,90.21895599365234,90.8723373413086,90.81890106201172,90.60655975341797,91.04122161865234,90.00908660888672,87.7205810546875,85.7312240600586,85.15560913085938,86.07293701171875,87.2864990234375,87.35798645019531,85.91878509521484,83.96540832519531,82.41217803955078,81.50414276123047,81.24706268310547,81.37792205810547
93.61713409423828,92.54234313964844,92.4760971069336,94.3791732788086,97.04690551757812,98.8833999633789,99.01976776123047,97.27574920654297,94.78186798095703,93.85662841796875,95.25929260253906,96.87040710449219,97.30533599853516,96.9786605834961,96.10392761230469,94.80046081542969,92.79739379882812,90.1624526977539,88.53689575195312,88.8634262084961,89.52544403076172,89.49908447265625,90.13593292236328,91.7230453491211,93.2276840209961,93.12023162841797,92.55550384521484,93.710693359375,93.99518585205078,92.81143188476562,92.27615356445312,91.670654296875,90.35943603515625,89.0600357055664,88.54791259765625,89.05175018310547,90.24394989013672,90.24677276611328,88.27188110351562,85.8067855834961,84.0709457397461,83.06941986083984,82.71873474121094,82.86223602294922
