data/wind_data/wind_36_5.json
{"header": {"parameterUnit": "KT", "parameterCategory": 2, "nx": 256, "ny": 198, "lo1": 44.73521041870117, "la1": -3.236724853515625, "lo2": 111.26478576660156, "la2": 43.468475341796875, "dx": 0.2609002888202667, "dy": -0.23708222806453705, "refTime": "2025-02-20 12:00:00", "forecastTime": 0, "parameterNumber": 2, "parameterNumberName": "eastward_wind"}, "data":
[rows 0 to 18 of 198, columns 88 to 131 of 256]
-11.637048721313477,-11.667899131774902,-11.24893856048584,-10.583096504211426,-10.254526138305664,-10.120020866394043,-10.032869338989258,-10.095117568969727,-10.498468399047852,-10.98408031463623,-11.31722354888916,-11.591962814331055,-11.814199447631836,-12.016744613647461,-12.220098495483398,-12.397698402404785,-12.554165840148926,-12.594210624694824,-12.493070602416992,-12.547131538391113,-12.7485933303833,-12.446439743041992,-11.766207695007324,-11.550435066223145,-11.600354194641113,-11.466721534729004,-11.236994743347168,-10.886387825012207,-10.576828002929688,-10.636221885681152,-10.772492408752441,-10.730661392211914,-10.702449798583984,-10.820418357849121,-10.827766418457031,-10.582706451416016,-10.38398551940918,-10.287495613098145,-10.356864929199219,-10.620943069458008,-10.743755340576172,-10.714160919189453,-10.456567764282227,-10.043854713439941
-10.678975105285645,-10.76523208618164,-10.39350700378418,-9.717577934265137,-9.524924278259277,-9.663012504577637,-9.832239151000977,-10.118818283081055,-10.588691711425781,-11.09089183807373,-11.62112808227539,-12.121337890625,-12.343994140625,-12.361435890197754,-12.378681182861328,-12.479065895080566,-12.634474754333496,-12.677591323852539,-12.430249214172363,-12.303034782409668,-12.426143646240234,-12.057584762573242,-11.338811874389648,-11.071989059448242,-11.06799030303955,-10.94021987915039,-10.734395027160645,-10.390289306640625,-10.135000228881836,-10.294960975646973,-10.519743919372559,-10.545265197753906,-10.636468887329102,-11.008816719055176,-11.154288291931152,-10.748950004577637,-10.337851524353027,-10.073749542236328,-9.985898971557617,-10.11568546295166,-10.01428508758545,-9.775859832763672,-9.44042682647705,-9.017838478088379
-9.49271011352539,-9.277833938598633,-9.209701538085938,-9.214744567871094,-9.348287582397461,-9.68610668182373,-10.105611801147461,-10.4828462600708,-10.766531944274902,-11.051871299743652,-11.526296615600586,-12.04140853881836,-12.214353561401367,-12.159320831298828,-12.113927841186523,-12.110238075256348,-12.157817840576172,-12.19465446472168,-12.04367733001709,-11.870745658874512,-11.72895622253418,-11.287205696105957,-10.727387428283691,-10.349632263183594,-10.147682189941406,-10.161402702331543,-10.20648193359375,-10.066234588623047,-10.054178237915039,-10.465697288513184,-10.777640342712402,-10.728898048400879,-10.684514999389648,-10.749277114868164,-10.701140403747559,-10.37513542175293,-9.98401165008545,-9.664437294006348,-9.431914329528809,-9.289008140563965,-9.115952491760254,-8.923380851745605,-8.665853500366211,-8.41312026977539
-8.055411338806152,-7.887530326843262,-8.127591133117676,-8.562336921691895,-8.925856590270996,-9.41678237915039,-10.02940845489502,-10.380464553833008,-10.389945983886719,-10.442944526672363,-10.871786117553711,-11.461030960083008,-11.654731750488281,-11.5411376953125,-11.374017715454102,-11.26090145111084,-11.330257415771484,-11.43163013458252,-11.343101501464844,-11.165230751037598,-10.903185844421387,-10.325923919677734,-9.680397987365723,-9.264045715332031,-9.08367919921875,-9.261565208435059,-9.495797157287598,-9.536240577697754,-9.707305908203125,-10.22164249420166,-10.566692352294922,-10.454415321350098,-10.297245979309082,-10.14529800415039,-9.999317169189453,-9.784753799438477,-9.396646499633789,-8.947698593139648,-8.601170539855957,-8.404664039611816,-8.263843536376953,-8.027643203735352,-7.771209239959717,-7.662802696228027
-5.939419269561768,-6.94651460647583,-7.633735179901123,-7.7809834480285645,-8.223336219787598,-9.050233840942383,-9.639533996582031,-9.37188720703125,-8.868788719177246,-8.61938190460205,-9.264925956726074,-10.062885284423828,-9.964076042175293,-9.5794095993042,-9.278356552124023,-8.99840259552002,-9.512553215026855,-10.056608200073242,-9.865092277526855,-9.277091026306152,-9.023186683654785,-8.328695297241211,-7.270536422729492,-7.236410617828369,-7.5881571769714355,-7.843422889709473,-8.195929527282715,-8.30291748046875,-8.312962532043457,-8.407166481018066,-8.835602760314941,-8.93394660949707,-8.81468391418457,-8.73876953125,-8.822491645812988,-8.831586837768555,-8.445341110229492,-7.776947021484375,-7.317803859710693,-7.2392144203186035,-7.0749311447143555,-6.4766011238098145,-5.813134670257568,-5.642399787902832
-6.994810581207275,-7.436385631561279,-7.828369140625,-8.256340026855469,-9.316459655761719,-10.623141288757324,-11.023804664611816,-10.132210731506348,-9.185471534729004,-8.547041893005371,-9.148303985595703,-9.75886058807373,-9.842277526855469,-9.584782600402832,-9.14498233795166,-8.406486511230469,-8.633515357971191,-9.193448066711426,-8.595418930053711,-7.045130729675293,-6.402068138122559,-6.542388916015625,-5.763484477996826,-6.338069915771484,-7.284884929656982,-8.112122535705566,-8.717320442199707,-8.944873809814453,-8.898272514343262,-8.63939094543457,-8.83962345123291,-8.804094314575195,-8.582500457763672,-8.359733581542969,-8.182389259338379,-7.990287780761719,-7.755749702453613,-7.344850063323975,-7.000234127044678,-6.922347068786621,-6.742934703826904,-6.233672142028809,-5.722832202911377,-5.666888236999512
-7.481410980224609,-7.293525695800781,-7.948529243469238,-8.514083862304688,-9.285279273986816,-10.839936256408691,-11.683591842651367,-9.833271980285645,-7.738759517669678,-6.9728617668151855,-8.359237670898438,-8.583529472351074,-8.343179702758789,-7.993741035461426,-7.650732517242432,-7.244082927703857,-5.98544979095459,-7.047732353210449,-6.511377811431885,-5.063283443450928,-4.298412799835205,-5.222778797149658,-4.419910430908203,-5.8571343421936035,-6.43093204498291,-7.818620204925537,-8.493463516235352,-8.7217378616333,-8.425519943237305,-7.89048957824707,-8.107956886291504,-8.414713859558105,-8.339720726013184,-7.954158306121826,-7.452532768249512,-6.988232612609863,-6.808304309844971,-6.838018894195557,-6.83880615234375,-6.680123329162598,-6.2082366943359375,-5.731624126434326,-5.4838786125183105,-5.317120552062988
-7.191483497619629,-6.8507399559021,-7.632916450500488,-8.034268379211426,-7.9430670738220215,-9.063446044921875,-10.076175689697266,-8.447258949279785,-6.003422737121582,-4.392408847808838,-6.157439708709717,-6.175831317901611,-5.60006856918335,-6.176077842712402,-6.726285934448242,-7.086202144622803,-5.960347652435303,-6.287079811096191,-5.8297953605651855,-5.304653644561768,-5.6029205322265625,-6.636425971984863,-6.337985515594482,-7.34747838973999,-7.481420516967773,-7.931423187255859,-8.323381423950195,-8.657169342041016,-7.927241325378418,-7.449334144592285,-7.297740459442139,-7.88430643081665,-8.062363624572754,-7.683598518371582,-7.097438812255859,-6.443355560302734,-6.067258358001709,-6.300498962402344,-6.678109169006348,-6.651806354522705,-6.248619556427002,-5.888365268707275,-5.541535377502441,-5.052177906036377
-6.755300998687744,-6.300266265869141,-6.9794816970825195,-7.101688861846924,-7.430598735809326,-6.932158946990967,-4.357609748840332,-2.458010673522949,-7.015655040740967,-3.3679723739624023,-5.049500942230225,-5.467581748962402,-4.775513648986816,-5.779575347900391,-6.963176250457764,-7.1984429359436035,-6.111594200134277,-5.928175926208496,-6.12711238861084,-6.884072303771973,-8.363797187805176,-9.947827339172363,-10.1333589553833,-8.012764930725098,-8.002156257629395,-8.061612129211426,-8.319390296936035,-8.288727760314941,-7.6592631340026855,-7.325246810913086,-6.778177261352539,-7.298089027404785,-7.745488166809082,-7.4493303298950195,-6.876729488372803,-6.228659629821777,-5.712131977081299,-5.8153910636901855,-6.351113796234131,-6.697333812713623,-6.7623677253723145,-6.359706878662109,-5.348724365234375,-4.54658317565918
-5.7674150466918945,-5.332797050476074,-6.756106376647949,-6.985787391662598,-8.351117134094238,-9.220882415771484,-9.455921173095703,-8.79422664642334,-8.584782600402832,-5.449129104614258,-7.4231953620910645,-8.102887153625488,-8.326640129089355,-8.333928108215332,-8.10079574584961,-6.3628950119018555,-5.590275287628174,-6.275516033172607,-6.985904693603516,-8.392244338989258,-8.825889587402344,-9.799704551696777,-9.275522232055664,-7.817633152008057,-7.464050769805908,-7.709258556365967,-8.199039459228516,-7.981217861175537,-7.5065836906433105,-7.102511882781982,-6.843898296356201,-7.154055118560791,-7.391007900238037,-7.004332065582275,-6.58573579788208,-6.161834239959717,-5.568973541259766,-5.334479808807373,-5.740887641906738,-6.348764896392822,-6.705539226531982,-6.262114524841309,-5.208441257476807,-4.620484828948975
-6.5778679847717285,-6.1867499351501465,-6.819538116455078,-6.846010208129883,-8.355976104736328,-9.838580131530762,-10.00101089477539,-9.470636367797852,-7.886409759521484,-7.062252521514893,-7.142792224884033,-7.6935224533081055,-8.004007339477539,-6.941737651824951,-6.540376663208008,-6.684227466583252,-6.773716926574707,-7.084977626800537,-8.06583309173584,-9.066993713378906,-8.605369567871094,-8.979942321777344,-8.385671615600586,-7.83170223236084,-7.289081573486328,-7.318456649780273,-7.773624420166016,-7.911036014556885,-7.92664909362793,-6.739292144775391,-6.974839210510254,-7.322708606719971,-7.202024459838867,-6.598804473876953,-6.082530975341797,-5.821112155914307,-5.390912055969238,-4.93740177154541,-4.8600335121154785,-5.281083583831787,-5.6280364990234375,-5.372440814971924,-5.090180397033691,-4.74929666519165
-6.7287187576293945,-6.955996513366699,-6.925874710083008,-7.575157642364502,-6.56269645690918,-9.296424865722656,-9.74272346496582,-9.469095230102539,-8.198777198791504,-6.432939529418945,-5.296548843383789,-6.928292274475098,-7.853877544403076,-7.884091377258301,-7.610101699829102,-7.829015254974365,-6.941706657409668,-7.634071350097656,-8.714313507080078,-9.719452857971191,-9.54848575592041,-9.40128231048584,-8.57089614868164,-8.347990989685059,-8.043574333190918,-8.133323669433594,-8.007475852966309,-7.408899784088135,-8.125699996948242,-6.884160995483398,-6.6713547706604,-6.946470260620117,-6.917208671569824,-6.454228401184082,-5.618386745452881,-5.06897497177124,-4.928534507751465,-4.544493198394775,-4.179014205932617,-4.339226245880127,-4.557873725891113,-4.568359851837158,-4.635540962219238,-4.641086101531982
-7.8046674728393555,-8.911181449890137,-9.014915466308594,-8.074411392211914,-8.258662223815918,-9.712413787841797,-9.622493743896484,-8.589523315429688,-6.680926322937012,-5.6591291427612305,-6.915157794952393,-7.409148693084717,-8.410161018371582,-8.012227058410645,-7.034646987915039,-6.446414470672607,-6.59674072265625,-7.628142356872559,-8.523804664611816,-8.782967567443848,-8.665268898010254,-8.008161544799805,-7.886545658111572,-8.658221244812012,-8.792463302612305,-8.718001365661621,-8.208101272583008,-7.148014545440674,-7.742319583892822,-6.643465995788574,-6.357008934020996,-6.258217811584473,-6.311097145080566,-6.092197418212891,-5.216875076293945,-4.303521633148193,-4.254857063293457,-4.145237922668457,-3.9614617824554443,-3.994492769241333,-4.153840065002441,-4.386423587799072,-4.458470344543457,-4.7349348068237305
-8.563146591186523,-9.694215774536133,-10.23080825805664,-9.978835105895996,-9.46162223815918,-9.399296760559082,-8.693052291870117,-7.702847003936768,-6.802163124084473,-6.825976371765137,-7.827872276306152,-8.680635452270508,-8.922200202941895,-8.085148811340332,-7.155886650085449,-6.797430515289307,-7.311743259429932,-8.40603256225586,-8.866427421569824,-8.718829154968262,-9.626399040222168,-9.161434173583984,-8.545340538024902,-8.714755058288574,-8.268993377685547,-7.881934642791748,-8.070106506347656,-7.222983360290527,-7.05800199508667,-6.382818222045898,-6.481705188751221,-5.985418319702148,-5.620954990386963,-5.267049312591553,-4.490478515625,-3.874809741973877,-3.833185911178589,-4.001978397369385,-3.967888116836548,-3.92848801612854,-4.057557582855225,-4.175787448883057,-4.209628582000732,-4.7450761795043945
-9.276325225830078,-9.792190551757812,-10.129704475402832,-9.66932487487793,-9.317004203796387,-8.581536293029785,-8.209105491638184,-7.539902210235596,-7.696642875671387,-8.707084655761719,-9.536357879638672,-9.7774019241333,-8.969154357910156,-8.219630241394043,-6.897234916687012,-6.553925514221191,-7.146439552307129,-9.108988761901855,-9.016534805297852,-7.72247838973999,-8.862481117248535,-9.461775779724121,-8.675148963928223,-8.47895336151123,-8.093812942504883,-7.381285190582275,-7.53547477722168,-7.1876540184021,-6.711416721343994,-6.8017258644104,-7.263672828674316,-6.17984676361084,-5.119758129119873,-4.68230676651001,-3.6548261642456055,-3.3143482208251953,-3.6451213359832764,-4.204893112182617,-4.126039981842041,-3.9554598331451416,-4.07191276550293,-4.013278007507324,-3.791672706604004,-4.044527530670166
-9.776571273803711,-9.622940063476562,-10.344847679138184,-10.119261741638184,-9.120068550109863,-8.612018585205078,-8.431146621704102,-8.16024112701416,-8.869073867797852,-9.934500694274902,-10.273579597473145,-10.007088661193848,-8.139322280883789,-7.1741485595703125,-7.98904275894165,-7.319993495941162,-7.248091220855713,-9.151494979858398,-9.110209465026855,-7.030697822570801,-7.9070820808410645,-7.882889270782471,-7.883296966552734,-7.0427117347717285,-6.928654193878174,-7.6006999015808105,-8.000279426574707,-7.8261799812316895,-6.780420303344727,-6.678526401519775,-8.20168685913086,-6.130871295928955,-4.4525275230407715,-4.097092151641846,-3.155576705932617,-2.892549514770508,-3.5036654472351074,-4.274739742279053,-4.249532699584961,-3.9651026725769043,-3.9151268005371094,-3.574016809463501,-3.439582586288452,-3.8395044803619385
-10.45905590057373,-9.985488891601562,-10.585474967956543,-10.376930236816406,-9.320212364196777,-8.344134330749512,-8.287805557250977,-8.538910865783691,-9.416348457336426,-10.016457557678223,-9.533278465270996,-8.731284141540527,-7.275661468505859,-5.744051456451416,-6.869264125823975,-7.546478271484375,-7.663637638092041,-8.25989818572998,-7.416357517242432,-7.4774699211120605,-8.722469329833984,-6.055708408355713,-6.800256252288818,-6.444075107574463,-6.613443374633789,-7.530917644500732,-7.636032581329346,-8.371685028076172,-6.727865695953369,-4.396718502044678,-6.714174270629883,-6.299935340881348,-4.860851764678955,-3.2484140396118164,-2.732419490814209,-3.0882022380828857,-3.418394088745117,-3.8036203384399414,-4.036900997161865,-3.7915029525756836,-3.4452478885650635,-2.8550498485565186,-2.875713348388672,-3.2274065017700195
-10.95943832397461,-10.465983390808105,-10.73891544342041,-10.183711051940918,-9.063844680786133,-8.429827690124512,-7.983389854431152,-7.998605728149414,-8.972977638244629,-9.37480354309082,-8.75405216217041,-8.47031307220459,-7.799861431121826,-5.875535488128662,-5.5019917488098145,-6.004134654998779,-7.855423450469971,-6.598742485046387,-6.842203140258789,-8.889286994934082,-9.028886795043945,-7.986637592315674,-6.953903675079346,-6.8408002853393555,-6.315159797668457,-6.815659999847412,-7.129537582397461,-7.342832565307617,-6.235001564025879,-3.8118932247161865,-7.412483215332031,-6.945095062255859,-4.70993709564209,-3.0667552947998047,-2.269228935241699,-3.0267341136932373,-3.478019952774048,-3.4077165126800537,-3.3899683952331543,-3.2041516304016113,-2.8218300342559814,-2.1806955337524414,-2.409571647644043,-2.660839557647705
-11.038459777832031,-11.035686492919922,-10.286097526550293,-9.138370513916016,-9.233952522277832,-8.711862564086914,-8.737091064453125,-8.279287338256836,-8.8032808303833,-10.040550231933594,-10.515286445617676,-9.819230079650879,-8.140296936035156,-7.190922737121582,-7.715211391448975,-8.226576805114746,-7.794712543487549,-5.388955593109131,-7.413224220275879,-9.04902172088623,-10.138107299804688,-9.321118354797363,-7.861889362335205,-6.72200345993042,-7.294331073760986,-7.540401935577393,-6.7732319831848145,-6.56706428527832,-5.877431392669678,-6.200148105621338,-7.641429424285889,-7.330716133117676,-4.8394694328308105,-3.4265973567962646,-2.009201765060425,-3.0961813926696777,-3.4797260761260986,-2.8779757022857666,-2.5024640560150146,-2.6702253818511963,-2.3762619495391846,-1.6773594617843628,-2.4703145027160645,-2.8931808471679688
