data/wind_data/wind_67_4.json
{"header": {"parameterUnit": "KT", "parameterCategory": 2, "nx": 256, "ny": 198, "lo1": 44.73521041870117, "la1": -3.236724853515625, "lo2": 111.26478576660156, "la2": 43.468475341796875, "dx": 0.2609002888202667, "dy": -0.23708222806453705, "refTime": "2025-02-21 19:00:00", "forecastTime": 0, "parameterNumber": 2, "parameterNumberName": "eastward_wind"}, "data":
[rows 114 to 132 of 198, columns 43 to 85 of 256]
39.83226013183594,41.126258850097656,42.88003921508789,43.49287033081055,44.07070541381836,44.77682113647461,45.31881332397461,45.596065521240234,45.73613357543945,45.806697845458984,45.75225830078125,45.05319595336914,43.72454833984375,43.34658432006836,44.45879364013672,45.43948745727539,44.82352828979492,43.03749465942383,41.490074157714844,40.40542984008789,39.6945686340332,39.28023910522461,38.44345474243164,36.88414764404297,35.51253128051758,35.130367279052734,35.3736572265625,35.81820297241211,36.38441467285156,36.857093811035156,37.239593505859375,37.02901077270508,35.94322204589844,35.232582092285156,35.24103546142578,34.634891510009766,33.26496887207031,33.69108200073242,35.321258544921875,35.5917854309082,35.2655143737793,35.38163375854492,36.16866683959961
36.48321533203125,38.21603775024414,40.77871322631836,42.23009490966797,43.349853515625,44.53840255737305,45.5566291809082,46.21949768066406,46.73597717285156,47.428985595703125,47.75513458251953,47.28043746948242,45.975460052490234,45.391353607177734,46.00819778442383,46.64848709106445,46.680442810058594,46.256893157958984,45.71107482910156,45.2521858215332,44.63539123535156,43.33808135986328,41.395748138427734,39.74745559692383,39.36558151245117,39.56166458129883,39.473426818847656,39.34010314941406,39.46913146972656,39.49994659423828,39.14664077758789,38.686283111572266,38.281002044677734,37.79983901977539,36.9146614074707,34.681453704833984,32.401668548583984,34.100154876708984,36.943668365478516,37.25115203857422,36.37346649169922,36.415191650390625,37.29037094116211
32.99553680419922,35.170318603515625,37.591880798339844,39.49518966674805,41.04862594604492,42.39292907714844,43.24500274658203,43.76787567138672,44.656593322753906,45.90303039550781,46.93644714355469,47.01908874511719,46.87435531616211,46.95631790161133,47.30660629272461,47.627037048339844,47.839874267578125,48.03621292114258,48.10935974121094,48.32832717895508,48.070560455322266,46.428932189941406,44.19770050048828,42.8846435546875,42.63895034790039,42.54302215576172,42.167633056640625,41.51456069946289,40.791568756103516,39.888431549072266,38.81079864501953,38.00532150268555,37.850215911865234,37.46502685546875,36.29335021972656,33.97011184692383,32.81388854980469,34.84882736206055,37.47450256347656,37.74044418334961,37.261024475097656,37.64766311645508,37.91200256347656
30.44683837890625,32.279727935791016,34.21010971069336,36.26428985595703,37.91703414916992,39.21293258666992,39.337425231933594,39.14078903198242,40.12442398071289,41.8568000793457,43.30748748779297,44.343971252441406,44.881038665771484,45.177303314208984,45.47431945800781,45.77022171020508,46.00607681274414,46.27880096435547,46.743629455566406,47.26930618286133,47.16630935668945,46.2523078918457,45.24149703979492,44.15314483642578,43.09291458129883,41.93778610229492,41.03842544555664,40.67218017578125,40.31105422973633,39.410667419433594,38.3231315612793,37.693607330322266,37.53654861450195,37.233158111572266,36.23735046386719,34.36772918701172,33.84272766113281,35.76361083984375,38.07735824584961,38.69865417480469,38.3777961730957,38.29251480102539,37.520084381103516
29.172321319580078,30.36961555480957,31.392770767211914,32.867835998535156,34.48318862915039,35.97045135498047,35.93892288208008,35.486839294433594,35.626285552978516,36.92498016357422,38.118778228759766,38.89162063598633,39.82829666137695,40.62372970581055,41.22802734375,41.99990463256836,42.55020523071289,43.21147155761719,44.400882720947266,45.57988357543945,45.870147705078125,45.52182388305664,44.592735290527344,43.239784240722656,41.82498550415039,40.47517776489258,39.921600341796875,40.327510833740234,40.31692123413086,39.25507736206055,38.30619812011719,38.02912139892578,37.90925216674805,37.45945358276367,36.90791320800781,35.961517333984375,35.98554229736328,37.515411376953125,38.981407165527344,39.58086395263672,39.10917663574219,38.486995697021484,36.960208892822266
28.24390983581543,29.00364875793457,29.511030197143555,30.504295349121094,31.801023483276367,33.218265533447266,33.42934799194336,33.268924713134766,32.907066345214844,33.46175765991211,34.54171371459961,35.291778564453125,36.24338150024414,37.0048942565918,37.524696350097656,38.39771270751953,39.465423583984375,40.926204681396484,42.520713806152344,43.575130462646484,43.39889144897461,42.26384353637695,41.42747116088867,40.8929557800293,40.05873107910156,39.35657501220703,39.50662612915039,40.21549987792969,40.294410705566406,39.688446044921875,39.29312515258789,38.6454963684082,37.84334945678711,37.20421600341797,37.03532791137695,37.1336555480957,38.17684555053711,39.4637451171875,39.9687614440918,39.81386947631836,39.28240203857422,38.549495697021484,36.913848876953125
27.767662048339844,27.955890655517578,28.344778060913086,29.339366912841797,30.444664001464844,31.26377296447754,31.569181442260742,31.38303565979004,30.972148895263672,31.821645736694336,33.48605728149414,34.595733642578125,35.28560256958008,35.54492950439453,35.730194091796875,36.32331466674805,37.60804748535156,39.3599853515625,40.55146026611328,40.71712112426758,39.45673370361328,38.63542938232422,39.165855407714844,39.926841735839844,40.216148376464844,40.43785095214844,40.686073303222656,40.66115188598633,40.60505676269531,40.693359375,40.29848098754883,39.11119842529297,37.76218795776367,37.1094970703125,36.95073318481445,37.17810821533203,38.16007995605469,39.192203521728516,39.502132415771484,39.19137954711914,38.582313537597656,37.508602142333984,36.05591583251953
27.652313232421875,27.254959106445312,27.30643081665039,28.258434295654297,29.551166534423828,30.295848846435547,30.4674129486084,30.118093490600586,29.902650833129883,30.948604583740234,32.8128776550293,34.092044830322266,34.594749450683594,34.40353775024414,34.19618225097656,34.5783576965332,35.60007095336914,36.534969329833984,36.92831039428711,36.59348678588867,36.110042572021484,36.48347091674805,37.88005065917969,39.35798645019531,39.94572830200195,40.212921142578125,40.33664321899414,40.18194580078125,40.079200744628906,40.029029846191406,39.472328186035156,38.3265380859375,37.06309127807617,36.073204040527344,35.61564254760742,35.97402572631836,36.50796890258789,37.408668518066406,38.06068420410156,38.07585906982422,37.460853576660156,36.09615707397461,34.706825256347656
28.217836380004883,27.3104248046875,27.13382339477539,27.85848617553711,28.975725173950195,29.63005828857422,29.397789001464844,28.73299789428711,29.026121139526367,30.685134887695312,32.55501174926758,33.84178924560547,34.207576751708984,33.843963623046875,33.026668548583984,32.01347351074219,31.329994201660156,31.453943252563477,32.16527557373047,33.25993347167969,34.53669357299805,35.2281608581543,36.46718978881836,37.1323356628418,37.269771575927734,37.55016326904297,38.151371002197266,38.2530632019043,37.9637451171875,37.560081481933594,36.89925003051758,35.94815444946289,34.903133392333984,34.02527618408203,33.49162673950195,34.17875671386719,35.477203369140625,36.17252731323242,36.42896270751953,36.361534118652344,35.19358825683594,33.02702331542969,31.032596588134766
30.7452335357666,30.614774703979492,30.800884246826172,30.927907943725586,30.478229522705078,29.2436466217041,27.656700134277344,26.65331268310547,28.075536727905273,30.846784591674805,33.08665466308594,34.17439651489258,34.29208755493164,33.332130432128906,31.2177734375,28.632709503173828,27.028072357177734,27.76136016845703,29.651365280151367,31.118242263793945,31.953245162963867,32.6059455871582,34.13058090209961,35.5999641418457,35.91445541381836,35.568294525146484,35.72885513305664,35.406829833984375,34.92518997192383,34.61781692504883,34.19683074951172,33.514652252197266,32.912132263183594,32.5759391784668,32.20838928222656,32.54066848754883,33.158695220947266,33.527278900146484,33.85871505737305,33.921142578125,32.24568557739258,29.716596603393555,27.019344329833984
32.050315856933594,32.64606475830078,33.363555908203125,33.30584716796875,32.08253860473633,29.10197639465332,26.384416580200195,25.62609100341797,27.676969528198242,30.800981521606445,32.71723556518555,32.82151794433594,32.00762176513672,30.3436279296875,28.717613220214844,28.46767807006836,29.56566047668457,31.582584381103516,33.048744201660156,32.845008850097656,32.340267181396484,33.213382720947266,34.29873275756836,34.47041702270508,34.06188201904297,35.137535095214844,35.40311813354492,34.789554595947266,34.33879852294922,34.21769332885742,33.8466911315918,33.36644744873047,33.337223052978516,32.891014099121094,31.972366333007812,31.711944580078125,32.46867370605469,33.14824676513672,34.25735855102539,34.83510208129883,32.570404052734375,29.59381866455078,26.253747940063477
33.40951919555664,33.319427490234375,33.79764938354492,35.05093765258789,33.90139389038086,29.640966415405273,26.12276268005371,26.622833251953125,29.049266815185547,31.31550407409668,30.81110191345215,28.191333770751953,25.913883209228516,26.145414352416992,28.013408660888672,30.528873443603516,33.25748825073242,35.8931884765625,36.950904846191406,35.66285705566406,33.588050842285156,31.395803451538086,29.28466796875,29.65436363220215,32.31498336791992,34.234947204589844,34.82382583618164,34.60026931762695,34.48176574707031,34.73994064331055,34.931758880615234,34.68863296508789,35.159671783447266,34.56876754760742,32.3139762878418,32.2014045715332,34.0206184387207,35.035831451416016,34.95628356933594,34.93085479736328,33.348472595214844,31.00273323059082,28.81178092956543
37.00210952758789,37.10252380371094,36.76091384887695,36.898277282714844,35.20322036743164,32.00625991821289,29.357807159423828,29.138811111450195,31.19761848449707,31.22017478942871,26.340330123901367,21.00864601135254,21.156219482421875,24.0340518951416,26.626127243041992,29.628469467163086,33.69554138183594,37.15819549560547,38.34519577026367,37.39455032348633,34.325870513916016,26.236988067626953,23.888893127441406,28.892200469970703,31.268054962158203,31.79245948791504,32.43428039550781,33.24036407470703,33.90169143676758,34.402191162109375,35.30123519897461,35.85834884643555,35.955936431884766,35.6771240234375,33.21135711669922,32.36859130859375,33.57944869995117,36.95082092285156,36.108394622802734,34.26716613769531,33.6150016784668,33.023048400878906,31.436031341552734
40.58823776245117,40.3300895690918,40.39950180053711,40.24425506591797,39.19294738769531,37.267906188964844,35.44810485839844,33.92820739746094,32.98303985595703,28.09660530090332,23.549205780029297,21.556045532226562,22.15797996520996,23.109926223754883,24.958635330200195,28.521421432495117,33.008453369140625,36.21779251098633,38.16518020629883,38.13005065917969,32.96857452392578,22.997957229614258,24.994813919067383,27.786867141723633,27.91816520690918,28.192794799804688,29.480934143066406,30.84001922607422,32.13284683227539,32.9281120300293,33.78920364379883,35.378196716308594,36.04677963256836,36.81550598144531,36.1901969909668,32.07583236694336,31.964746475219727,33.11851119995117,32.10759353637695,31.879846572875977,34.38563537597656,35.15578079223633,31.430084228515625
40.57471466064453,40.44552230834961,40.61890411376953,41.15907669067383,41.1025505065918,40.69196319580078,39.84012985229492,36.93086624145508,31.402847290039062,27.28289031982422,25.4229736328125,24.48212432861328,23.461021423339844,22.249879837036133,22.907968521118164,25.989965438842773,30.664934158325195,35.157310485839844,37.80646514892578,37.332763671875,30.067935943603516,24.57495880126953,24.863313674926758,24.40462875366211,24.382606506347656,25.698780059814453,27.28114128112793,28.361339569091797,29.545101165771484,30.94976234436035,32.421085357666016,33.75572204589844,34.68082046508789,35.87416076660156,35.98713684082031,34.92888259887695,36.30067443847656,37.964962005615234,36.39747619628906,34.68320846557617,35.495662689208984,38.44670104980469,36.23002243041992
38.01810073852539,39.88957977294922,42.243316650390625,44.08868408203125,43.842193603515625,43.3985595703125,41.906707763671875,36.369232177734375,30.469797134399414,27.98108673095703,26.895540237426758,25.17510986328125,21.52486228942871,18.48992156982422,19.38926124572754,24.020654678344727,30.684843063354492,35.74467086791992,37.040618896484375,34.519962310791016,29.43053436279297,26.112154006958008,24.598230361938477,23.890060424804688,25.12906837463379,27.008636474609375,28.042388916015625,28.28736114501953,29.391130447387695,30.9883975982666,31.92659568786621,31.938871383666992,32.025718688964844,33.073883056640625,34.7512092590332,35.894466400146484,36.50209045410156,36.358158111572266,37.70922088623047,39.10129165649414,40.40178298950195,39.42039108276367,41.62112808227539
37.74787139892578,41.5855598449707,44.78273391723633,45.479740142822266,44.52446365356445,44.64035415649414,42.72415542602539,37.777103424072266,32.63588333129883,29.815290451049805,28.849979400634766,25.513248443603516,20.13275146484375,17.150480270385742,19.49396514892578,25.646224975585938,32.42964172363281,35.777069091796875,35.36560821533203,32.34458923339844,29.395971298217773,27.672313690185547,26.64705467224121,26.057533264160156,26.070951461791992,25.964262008666992,25.85871696472168,26.372068405151367,27.3535213470459,27.872339248657227,27.332773208618164,27.357269287109375,27.133747100830078,29.69797706604004,32.29326629638672,33.59491729736328,33.02932357788086,33.34340286254883,32.183589935302734,36.81586837768555,42.36155319213867,42.305686950683594,39.835052490234375
40.860355377197266,43.872039794921875,44.19614791870117,42.98771286010742,43.54954147338867,45.6713752746582,42.622840881347656,36.607643127441406,28.481027603149414,26.67046356201172,26.230899810791016,24.424346923828125,21.539981842041016,20.09054946899414,22.30164337158203,27.382736206054688,32.319175720214844,33.82286071777344,33.12635803222656,30.065549850463867,27.635208129882812,26.694400787353516,26.51360511779785,25.447189331054688,24.10259437561035,23.24161148071289,23.213037490844727,23.523283004760742,23.77715492248535,24.007360458374023,23.990020751953125,24.7629451751709,25.03908348083496,26.35146713256836,28.504919052124023,30.660694122314453,32.49361801147461,34.065574645996094,35.74258804321289,38.01226043701172,39.22447967529297,40.13758087158203,39.349212646484375
42.62477111816406,42.35869216918945,40.416690826416016,40.01464080810547,41.49358367919922,44.65266036987305,42.596282958984375,33.691558837890625,26.09058952331543,24.765178680419922,25.127548217773438,25.232133865356445,24.694238662719727,24.845306396484375,26.486679077148438,29.182893753051758,31.887313842773438,32.489715576171875,31.252910614013672,27.81024169921875,26.49005889892578,27.25804901123047,27.743730545043945,26.407812118530273,24.470035552978516,22.736087799072266,21.359046936035156,20.61235237121582,20.93206024169922,21.839033126831055,22.7624568939209,23.6917781829834,24.637266159057617,25.486831665039062,26.330913543701172,27.13335609436035,27.984500885009766,29.44626808166504,31.340768814086914,32.97389221191406,33.91569137573242,35.49287414550781,36.97562026977539
