data/wind_data/wind_61_1.json
{"header": {"parameterUnit": "KT", "parameterCategory": 2, "nx": 256, "ny": 198, "lo1": 44.73521041870117, "la1": -3.236724853515625, "lo2": 111.26478576660156, "la2": 43.468475341796875, "dx": 0.2609002888202667, "dy": -0.23708222806453705, "refTime": "2025-02-21 13:00:00", "forecastTime": 0, "parameterNumber": 2, "parameterNumberName": "eastward_wind"}, "data":
[rows 76 to 94 of 198, columns 43 to 85 of 256]
0.9657422304153442,0.018417589366436005,-3.3347349166870117,-4.784567356109619,-4.570348739624023,-3.633370876312256,-1.7259361743927002,-4.893213272094727,-6.494096279144287,-4.195230484008789,-5.662258625030518,-5.407571315765381,-5.210565090179443,-4.714688301086426,-3.458954095840454,-2.8281521797180176,-3.17791485786438,-5.134344577789307,-4.64478063583374,-2.8381965160369873,-4.398831844329834,-4.781852722167969,-4.398121356964111,-4.74502420425415,-5.17203950881958,-4.927215576171875,-5.196884632110596,-5.376910209655762,-4.953943729400635,-4.742269515991211,-4.932403087615967,-5.521634101867676,-6.100749969482422,-6.439862251281738,-6.505553245544434,-6.0285844802856445,-5.641653537750244,-5.139366626739502,-4.853428363800049,-5.176025390625,-5.537909984588623,-5.764912128448486,-5.838835716247559
0.15275293588638306,-0.6427046060562134,-2.638124704360962,-5.278556823730469,-3.7747321128845215,-3.3988258838653564,-1.452438473701477,-5.868358135223389,-6.072422027587891,-3.75614070892334,-5.613338947296143,-4.963196754455566,-4.730412483215332,-4.013343811035156,-3.9018702507019043,-3.1373074054718018,-3.3143787384033203,-4.479891300201416,-3.9742367267608643,-5.000034809112549,-3.799611806869507,-4.15009069442749,-5.1242594718933105,-5.044264793395996,-4.541702747344971,-4.7610602378845215,-4.843141555786133,-5.084977149963379,-5.034356594085693,-4.962268829345703,-5.190510272979736,-5.5279765129089355,-6.0914626121521,-6.484927177429199,-6.649886131286621,-6.2986531257629395,-5.726667404174805,-5.033308029174805,-4.808218002319336,-5.325823783874512,-5.955749988555908,-6.283174991607666,-6.50101375579834
-0.6409172415733337,-1.0706393718719482,-2.981675148010254,-4.314661026000977,-3.867298126220703,-3.7465455532073975,-3.2142343521118164,-5.779163360595703,-5.2552876472473145,-4.224524021148682,-5.024843215942383,-4.4431328773498535,-4.083380699157715,-3.545501947402954,-2.955427408218384,-1.9147816896438599,-3.3417410850524902,-2.2346456050872803,-3.9060845375061035,-4.27797269821167,-4.66292667388916,-3.970165491104126,-5.21064567565918,-4.617809295654297,-4.1569132804870605,-4.310894966125488,-4.742673397064209,-5.04684591293335,-5.130706310272217,-5.153671741485596,-5.378897666931152,-5.834499359130859,-6.348544597625732,-6.699315547943115,-6.515160083770752,-5.936737537384033,-5.546621799468994,-4.934941291809082,-4.605616569519043,-5.082489967346191,-5.835233211517334,-6.2322845458984375,-6.754716396331787
-1.3656104803085327,-1.4984025955200195,-2.3248257637023926,-3.9291489124298096,-3.929055690765381,-4.17515754699707,-4.321227073669434,-5.510333061218262,-5.5225419998168945,-4.799615859985352,-4.6531476974487305,-4.142488479614258,-3.9385416507720947,-2.82086443901062,-2.0130786895751953,-1.1619611978530884,-4.726147174835205,-3.085059642791748,-4.256087779998779,-3.7767093181610107,-3.2719643115997314,-5.097553253173828,-4.622447967529297,-4.410463333129883,-3.939037561416626,-4.114804744720459,-4.4369215965271,-4.7490458488464355,-5.002206325531006,-5.0658769607543945,-5.516383647918701,-6.216647148132324,-6.65172815322876,-6.751768589019775,-6.492530822753906,-6.044351100921631,-5.621394634246826,-5.050242900848389,-4.698603630065918,-5.005026340484619,-5.7532639503479,-6.271341323852539,-6.727649688720703
-3.2772927284240723,-2.0916974544525146,-4.095983505249023,-2.9519543647766113,-4.105672836303711,-4.417374134063721,-4.741891860961914,-5.3752617835998535,-5.243374347686768,-5.0989298820495605,-4.603743076324463,-3.95281982421875,-3.634050130844116,-2.0092453956604004,-1.510533332824707,-2.41984224319458,-3.3385047912597656,-2.9246649742126465,-3.647359609603882,-3.548128366470337,-3.662539482116699,-4.714921474456787,-4.304450988769531,-4.127429485321045,-3.915701389312744,-4.035163402557373,-4.270810604095459,-4.535187721252441,-4.63755464553833,-4.797138690948486,-5.510294437408447,-6.263024806976318,-6.740365505218506,-6.800796031951904,-6.502018451690674,-6.2439656257629395,-5.784651279449463,-4.8919525146484375,-4.387917518615723,-4.752666473388672,-5.691978454589844,-6.31143045425415,-6.694311141967773
-6.205649375915527,-3.7340619564056396,-1.9831452369689941,-4.855172634124756,-3.7849740982055664,-4.974026203155518,-4.554775238037109,-5.658880710601807,-4.662815093994141,-4.786468982696533,-4.2978291511535645,-3.8971478939056396,-2.8437299728393555,-1.0931509733200073,-1.526228427886963,-1.601548194885254,-2.669557809829712,-2.465317964553833,-3.2514147758483887,-2.943675994873047,-4.292853832244873,-4.278306007385254,-4.287715911865234,-4.174813270568848,-3.8502981662750244,-3.7476248741149902,-3.803623914718628,-4.058480739593506,-4.23571252822876,-4.4794697761535645,-5.282591342926025,-6.123394012451172,-6.66590690612793,-7.025946617126465,-6.9739837646484375,-6.389455795288086,-5.576581954956055,-4.721505165100098,-4.330819129943848,-4.555093765258789,-5.440898418426514,-6.104581356048584,-6.554681777954102
-4.696494102478027,-0.9318955540657043,-5.256272792816162,-3.7150304317474365,-4.324635028839111,-5.286103248596191,-5.102701187133789,-4.864448547363281,-4.7924675941467285,-3.9623308181762695,-4.408390522003174,-3.5671558380126953,-1.8129440546035767,-1.7585121393203735,-1.0394779443740845,-1.7181240320205688,-1.8340201377868652,-2.803109645843506,-2.807459592819214,-3.3228087425231934,-3.9322094917297363,-4.1728291511535645,-3.9798378944396973,-4.062990665435791,-3.9390642642974854,-3.7509443759918213,-3.6567845344543457,-3.727025032043457,-3.8318705558776855,-4.1055006980896,-4.959662437438965,-5.882720470428467,-6.5932135581970215,-7.098988056182861,-6.946063995361328,-6.531008243560791,-5.981945514678955,-4.947863578796387,-3.889397621154785,-3.962486505508423,-4.954761505126953,-5.762381076812744,-6.441786289215088
-4.943848133087158,-1.6478582620620728,-5.963891983032227,-3.853303909301758,-5.742382526397705,-4.958929061889648,-4.947177886962891,-5.458664417266846,-4.240265846252441,-4.590153694152832,-3.581043243408203,-3.6945407390594482,-1.318216323852539,-3.0792460441589355,-0.7330023050308228,-2.5755255222320557,-2.4830472469329834,-2.422029495239258,-2.0827763080596924,-3.2462165355682373,-3.395075559616089,-3.660736083984375,-3.8111841678619385,-3.7919507026672363,-3.767853260040283,-3.6983768939971924,-3.5723507404327393,-3.6575586795806885,-3.5488178730010986,-3.8051645755767822,-4.7496466636657715,-5.54136323928833,-6.139660835266113,-6.601395130157471,-7.020195007324219,-6.811644554138184,-5.8693156242370605,-5.04197883605957,-4.243039131164551,-3.6480042934417725,-4.403274059295654,-5.68841552734375,-6.54961633682251
-6.565525531768799,-4.205260753631592,-7.46390962600708,-7.831276893615723,-6.526793003082275,-6.05554723739624,-4.55720853805542,-6.300710678100586,-3.795128345489502,-5.437839984893799,-1.945077896118164,-4.836912155151367,-0.4341719150543213,-3.531416654586792,-1.573872447013855,-3.0146560668945312,-2.124966859817505,-1.4304856061935425,-2.690220594406128,-2.761786699295044,-3.0468928813934326,-3.276108980178833,-3.5034642219543457,-3.4884417057037354,-3.4820525646209717,-3.4627952575683594,-3.3720548152923584,-3.515852451324463,-3.669692039489746,-3.851090669631958,-4.481634140014648,-5.304981708526611,-6.072636604309082,-6.6293253898620605,-6.816266059875488,-6.462253093719482,-5.606141090393066,-5.024624824523926,-4.371159553527832,-3.6617746353149414,-4.050109386444092,-5.072812557220459,-6.397099018096924
-7.51816463470459,-7.308050632476807,-11.710593223571777,-10.854467391967773,-6.713510513305664,-6.865199089050293,-3.261904716491699,-7.39914608001709,-3.935289144515991,-5.54325008392334,-1.4309169054031372,-4.982977867126465,-1.0207792520523071,-3.012769937515259,-1.86121666431427,-2.9836888313293457,-1.731807827949524,-1.827830195426941,-2.34710431098938,-2.6223387718200684,-2.7090368270874023,-2.9181597232818604,-3.139564037322998,-3.195406198501587,-3.146059989929199,-3.1821343898773193,-3.1706886291503906,-3.476461172103882,-3.830709457397461,-4.128814220428467,-4.501827716827393,-5.0510640144348145,-5.5209221839904785,-5.756422996520996,-5.840060234069824,-5.739779472351074,-5.43008279800415,-4.980387210845947,-4.3136444091796875,-3.988860845565796,-4.635204315185547,-5.649529457092285,-6.6477437019348145
-8.255631446838379,-10.411827087402344,-12.923641204833984,-10.209756851196289,-5.910120010375977,-6.15159273147583,-4.809433937072754,-5.324801445007324,-4.292059898376465,-5.283454418182373,-2.2720701694488525,-4.541594505310059,-0.8043496012687683,-3.5264229774475098,-2.022399663925171,-3.1731131076812744,-0.7292226552963257,-2.5538811683654785,-2.2293663024902344,-2.54620361328125,-2.5175933837890625,-2.7054593563079834,-2.782881021499634,-2.939941883087158,-2.8444724082946777,-2.7698793411254883,-2.9322266578674316,-3.2943265438079834,-3.810487985610962,-4.280318737030029,-4.7094950675964355,-4.907012462615967,-4.868754863739014,-4.978237628936768,-5.2201337814331055,-5.1287126541137695,-4.610805034637451,-4.263465404510498,-4.203323841094971,-4.0780487060546875,-4.42745304107666,-5.343235015869141,-6.224155902862549
-8.543926239013672,-11.577917098999023,-11.605120658874512,-8.598044395446777,-4.491793155670166,-4.442296028137207,-5.472978591918945,-5.087869167327881,-4.037898540496826,-5.3003129959106445,-2.4498913288116455,-3.3861777782440186,-2.2905707359313965,-4.030407905578613,-1.1336761713027954,-2.7422595024108887,-1.3193039894104004,-2.6712915897369385,-2.369004249572754,-2.558713674545288,-2.5036063194274902,-2.454653739929199,-2.5452985763549805,-2.638105630874634,-2.5742714405059814,-2.531419515609741,-2.665637969970703,-3.0858089923858643,-3.739871025085449,-4.32668399810791,-4.756689071655273,-4.727802276611328,-4.381430149078369,-4.066380500793457,-4.074925899505615,-4.268446922302246,-4.186740875244141,-3.9887890815734863,-4.243465900421143,-4.515636920928955,-4.78740119934082,-5.4246110916137695,-6.437001705169678
-8.762725830078125,-10.540239334106445,-9.912867546081543,-7.353862285614014,-3.8096745014190674,-4.82163143157959,-6.243805885314941,-6.886969089508057,-4.025566101074219,-4.554920196533203,-3.110189437866211,-2.898801803588867,-3.643364191055298,-2.298823118209839,-2.77614164352417,-1.4701063632965088,-2.3649840354919434,-2.402618646621704,-2.465449810028076,-2.5773727893829346,-2.388719081878662,-2.2986557483673096,-2.388974905014038,-2.4219720363616943,-2.5597243309020996,-2.525190591812134,-2.6894633769989014,-3.062073230743408,-3.6718437671661377,-4.237820148468018,-4.71826171875,-4.547490119934082,-3.8423962593078613,-3.267118453979492,-3.3427398204803467,-3.749378204345703,-3.7775325775146484,-4.146103858947754,-4.508602142333984,-5.14286470413208,-5.770234107971191,-6.264174461364746,-6.6757588386535645
-8.328030586242676,-8.600302696228027,-8.310949325561523,-6.392414569854736,-3.6957547664642334,-5.220072269439697,-7.904618263244629,-8.174704551696777,-3.6247611045837402,-4.693869590759277,-2.7216293811798096,-3.466691017150879,-3.350358247756958,-2.152618885040283,-2.681882858276367,-2.1199357509613037,-2.1640560626983643,-2.3458187580108643,-2.320131540298462,-2.4384026527404785,-2.3900632858276367,-2.2291836738586426,-2.0950815677642822,-2.2572438716888428,-2.4057464599609375,-2.55188250541687,-2.6692183017730713,-2.9525160789489746,-3.4761741161346436,-4.082396030426025,-4.548396587371826,-4.354857921600342,-3.6178994178771973,-3.052245855331421,-3.2911975383758545,-3.955808162689209,-4.576436519622803,-5.125918388366699,-5.616741180419922,-6.000155925750732,-6.418268203735352,-6.8658623695373535,-7.149752616882324
-7.003190040588379,-7.55662202835083,-5.984874248504639,-5.562702178955078,-3.1524856090545654,-6.149865627288818,-8.841567039489746,-9.018743515014648,-3.816096067428589,-4.44069242477417,-4.770312786102295,-2.486161708831787,-2.9679765701293945,-2.378399133682251,-2.630037784576416,-2.1430206298828125,-2.0342226028442383,-1.9371155500411987,-2.068732500076294,-2.1715078353881836,-2.2051610946655273,-2.110617160797119,-1.8894178867340088,-2.1149606704711914,-2.27614426612854,-2.552192449569702,-2.771658420562744,-3.001882553100586,-3.3201632499694824,-3.6578330993652344,-4.041200637817383,-3.9058640003204346,-3.299685478210449,-3.0452523231506348,-3.552185535430908,-3.999311685562134,-4.7329487800598145,-5.550868034362793,-6.291398048400879,-7.069451808929443,-7.398125648498535,-7.561119556427002,-7.529189109802246
-5.597598552703857,-6.2664794921875,-4.711127281188965,-4.930862903594971,-3.037259340286255,-6.752719402313232,-9.475757598876953,-9.233036994934082,-4.115995407104492,-6.455118179321289,-2.6275274753570557,-3.201265335083008,-1.976698875427246,-3.052867889404297,-2.2223093509674072,-2.3005447387695312,-1.6440281867980957,-1.5747218132019043,-1.5097790956497192,-1.7163474559783936,-1.874327301979065,-1.6902670860290527,-1.609436273574829,-1.7633522748947144,-2.0813682079315186,-2.510756731033325,-2.9554941654205322,-3.11238694190979,-3.1716785430908203,-3.3297390937805176,-3.734959125518799,-3.7012522220611572,-3.324254035949707,-3.2985379695892334,-3.7668895721435547,-4.015219211578369,-4.965888023376465,-6.047727108001709,-6.5370001792907715,-7.407000541687012,-8.163601875305176,-7.927056789398193,-7.617749214172363
-3.756721258163452,-5.681546688079834,-3.5380501747131348,-5.193988800048828,-2.7857744693756104,-5.952285289764404,-7.482547283172607,-8.891709327697754,-3.4938361644744873,-2.782710552215576,-4.749910354614258,-3.7353906631469727,-1.2553507089614868,-3.292651891708374,-1.7753840684890747,-2.225214719772339,-1.3426964282989502,-1.1396373510360718,-0.9465156197547913,-1.069519281387329,-1.2360388040542603,-1.2181410789489746,-1.1659947633743286,-1.3873296976089478,-1.9677356481552124,-2.581033229827881,-3.20400333404541,-3.165520668029785,-3.0612738132476807,-3.0869829654693604,-3.362353801727295,-3.3091328144073486,-3.155646800994873,-3.5222151279449463,-3.926335334777832,-3.977814197540283,-4.357188701629639,-5.579744815826416,-6.7068772315979,-7.798450946807861,-8.725584030151367,-8.443446159362793,-7.914695739746094
-3.5301172733306885,-3.6490612030029297,-3.1254172325134277,-4.421762466430664,-2.496796131134033,-4.38289213180542,-5.494148254394531,-7.570215702056885,-4.623697757720947,0.6133205890655518,-7.762358665466309,-2.362093210220337,-3.701542615890503,-1.3864009380340576,-2.8168179988861084,-1.4022682905197144,-1.4902440309524536,-0.5020679831504822,-0.4665801227092743,-0.33145421743392944,-0.49035510420799255,-0.5891825556755066,-0.6429921984672546,-1.204380750656128,-1.9278552532196045,-2.8903465270996094,-3.4368820190429688,-3.2617194652557373,-2.9097695350646973,-2.9132914543151855,-3.07061767578125,-3.1110191345214844,-3.212329626083374,-3.5465612411499023,-3.498058795928955,-3.270569086074829,-3.8258485794067383,-5.348021030426025,-6.580896854400635,-7.6525092124938965,-8.915168762207031,-8.848702430725098,-7.777500152587891
-1.4586528539657593,-2.7655415534973145,-2.2594997882843018,-3.474593162536621,-2.334803819656372,-3.295931100845337,-4.720229148864746,-4.795629978179932,-6.240382671356201,1.1081500053405762,-8.8133544921875,-2.7423131465911865,-2.981452226638794,-2.77341628074646,-2.0986740589141846,-0.997826874256134,-0.7774469256401062,-0.14732599258422852,-0.0011042958358302712,0.055069949477910995,0.19121180474758148,0.047754596918821335,-0.18090608716011047,-1.0690456628799438,-2.127685308456421,-3.263131618499756,-3.591461420059204,-3.3434767723083496,-2.843231678009033,-2.8824121952056885,-2.944932699203491,-2.8912017345428467,-3.074052572250366,-3.30334210395813,-3.0861103534698486,-2.903257131576538,-3.395968437194824,-5.016105651855469,-6.6896748542785645,-7.922231197357178,-8.524596214294434,-8.067896842956543,-7.155373573303223
