data/wind_data/wind_41_8.json
{"header": {"parameterUnit": "KT", "parameterCategory": 2, "nx": 256, "ny": 198, "lo1": 44.73521041870117, "la1": -3.236724853515625, "lo2": 111.26478576660156, "la2": 43.468475341796875, "dx": 0.2609002888202667, "dy": -0.23708222806453705, "refTime": "2025-02-20 17:00:00", "forecastTime": 0, "parameterNumber": 2, "parameterNumberName": "eastward_wind"}, "data":
[rows 114 to 132 of 198, columns 44 to 87 of 256]
30.400339126586914,32.338600158691406,33.69083023071289,34.550838470458984,34.78828048706055,34.2906494140625,34.21354675292969,34.96976089477539,35.73078918457031,35.66360092163086,34.35710906982422,32.49293899536133,31.480220794677734,31.784555435180664,32.45178985595703,32.95457458496094,33.16064453125,32.79020309448242,31.403059005737305,29.93340301513672,30.7233829498291,32.988155364990234,33.89019012451172,32.47618103027344,30.55184555053711,30.916505813598633,33.58210754394531,35.95779037475586,36.686519622802734,35.28240966796875,31.66871452331543,28.659042358398438,29.14687156677246,32.12520980834961,34.93846130371094,36.53898620605469,37.32197952270508,37.32300567626953,36.236812591552734,34.13345718383789,33.13676452636719,34.57249450683594,36.835872650146484,38.81345748901367
31.734970092773438,33.744815826416016,34.35712432861328,34.82954025268555,35.5275764465332,35.62877655029297,35.65617370605469,36.03272247314453,36.669410705566406,37.17060470581055,36.93476104736328,36.154090881347656,34.80868148803711,33.46015930175781,33.288665771484375,34.25822830200195,35.14274597167969,35.07197189331055,33.369205474853516,31.547847747802734,32.231361389160156,34.375335693359375,34.6117057800293,32.441341400146484,30.972606658935547,32.733272552490234,36.217681884765625,38.67368698120117,38.40992736816406,34.42084884643555,28.914264678955078,26.454864501953125,28.6242618560791,32.39201736450195,34.85405349731445,36.259090423583984,37.437744140625,38.096580505371094,36.817787170410156,34.390689849853516,34.33180618286133,36.7175178527832,38.48049545288086,39.19184112548828
33.50855255126953,35.994964599609375,36.70724868774414,36.056453704833984,35.61804962158203,36.06697463989258,36.97515106201172,37.65666961669922,38.49773406982422,39.135223388671875,39.34245300292969,39.06427001953125,37.40888977050781,35.34648895263672,35.21681213378906,36.57534408569336,37.13337326049805,35.702667236328125,33.32484817504883,32.32466506958008,33.35972595214844,35.27102279663086,35.252681732177734,32.974327087402344,32.03044891357422,35.14602279663086,39.83759307861328,42.172119140625,38.935203552246094,32.10071563720703,26.78866195678711,26.954330444335938,30.501136779785156,33.70505905151367,35.488677978515625,36.79509735107422,37.89213943481445,38.473567962646484,36.82140350341797,34.18724060058594,34.949798583984375,38.11454772949219,39.616363525390625,39.573577880859375
34.497459411621094,36.92009735107422,38.236568450927734,37.130035400390625,35.77187728881836,36.33697509765625,37.97737121582031,39.16813659667969,39.491554260253906,39.2999267578125,39.574703216552734,40.25389862060547,39.33889389038086,36.82588195800781,35.47782516479492,36.28554916381836,36.9593620300293,35.82801055908203,33.822757720947266,32.7849235534668,32.92795944213867,33.9522705078125,35.22032165527344,35.479042053222656,36.203125,39.40504455566406,43.62880325317383,43.1731071472168,36.45575714111328,28.98110008239746,26.370738983154297,28.984210968017578,32.982791900634766,35.78648376464844,37.10990524291992,37.546600341796875,37.66456985473633,38.07126998901367,37.11893081665039,34.964664459228516,35.83146667480469,39.16349792480469,40.678504943847656,40.22929382324219
35.15502166748047,36.2904052734375,37.48476791381836,37.100555419921875,36.68324661254883,36.72218704223633,37.108909606933594,37.99569320678711,39.143184661865234,40.437557220458984,42.20531463623047,43.005558013916016,41.46774673461914,38.649654388427734,37.381526947021484,37.7024040222168,38.01150131225586,37.18320846557617,35.61970520019531,34.14545440673828,33.117698669433594,33.46622848510742,35.62328338623047,38.094852447509766,40.45985794067383,43.69828796386719,45.879146575927734,42.28862380981445,34.82206344604492,29.073850631713867,28.59510612487793,31.968910217285156,35.87696838378906,38.1501579284668,38.15177917480469,37.03597640991211,36.687347412109375,37.58958435058594,37.785179138183594,36.62154769897461,37.646446228027344,40.83735656738281,41.91175842285156,40.300323486328125
36.29989242553711,36.68503189086914,37.74198913574219,38.14117431640625,37.597415924072266,36.64419937133789,37.65169143676758,39.90306091308594,40.57961654663086,40.812110900878906,42.143577575683594,44.08746337890625,44.4286003112793,40.99055480957031,36.35813903808594,34.645206451416016,35.675018310546875,36.89402389526367,37.09492874145508,36.716453552246094,36.00503158569336,35.44694900512695,36.60493469238281,39.44514465332031,42.29285430908203,44.40473937988281,45.009429931640625,41.89704513549805,36.45680236816406,31.80607032775879,30.875450134277344,33.54378128051758,37.23738098144531,39.175636291503906,38.47745132446289,37.01621627807617,36.846702575683594,38.0291633605957,38.486629486083984,37.86487579345703,39.3740348815918,42.89597702026367,43.974857330322266,41.22978591918945
37.5897216796875,37.170684814453125,37.97212219238281,38.6270866394043,37.103946685791016,35.09085464477539,36.45429229736328,39.44965744018555,40.802490234375,41.4389533996582,42.59751510620117,44.772769927978516,46.970394134521484,46.075626373291016,40.56245803833008,35.0191650390625,33.70619201660156,34.969322204589844,36.11848068237305,36.97887420654297,37.29267501831055,36.50204086303711,37.07242202758789,39.742061614990234,42.051368713378906,43.06304931640625,43.32391357421875,42.26704406738281,39.02594757080078,34.736846923828125,32.673213958740234,33.99864959716797,36.763919830322266,38.38650894165039,38.17608642578125,37.467193603515625,37.425086975097656,38.23884963989258,38.79948043823242,38.87265396118164,40.864139556884766,44.57090377807617,46.14033508300781,43.86882781982422
39.12226486206055,37.998661041259766,38.58888244628906,39.229923248291016,37.574462890625,35.246829986572266,36.93495178222656,40.29204177856445,41.81407928466797,42.24944305419922,42.997371673583984,44.77378463745117,47.25323486328125,48.17717361450195,44.22004699707031,37.39715576171875,32.9489631652832,32.48249816894531,33.8936767578125,36.29345703125,38.482181549072266,38.555511474609375,38.678955078125,40.204524993896484,41.44614791870117,42.20475387573242,42.76908874511719,42.47782897949219,39.5977783203125,35.44243240356445,33.25862503051758,34.035518646240234,36.26568603515625,37.97277069091797,38.34043884277344,37.91292190551758,37.54971694946289,37.75579071044922,38.428466796875,39.46773910522461,42.13334274291992,45.42940902709961,46.233951568603516,44.6728515625
39.24414825439453,38.14132308959961,38.575862884521484,39.671424865722656,38.82489776611328,38.50910186767578,40.888126373291016,42.37538146972656,42.11503982543945,41.97480010986328,42.82229232788086,44.43381881713867,46.18406677246094,45.81122970581055,42.0693473815918,36.32426071166992,31.812414169311523,31.035518646240234,33.18128204345703,36.743568420410156,39.6169319152832,40.80454635620117,41.73185348510742,42.316864013671875,42.332218170166016,42.4687614440918,42.313377380371094,40.513389587402344,37.233036041259766,34.6336669921875,34.09679412841797,35.11323547363281,36.85389709472656,38.351417541503906,39.11328887939453,39.029232025146484,38.53590393066406,38.26799392700195,38.65550231933594,40.03056335449219,42.87725067138672,45.429176330566406,45.359107971191406,43.95448684692383
39.229034423828125,38.227821350097656,38.46363830566406,39.31529998779297,39.38055419921875,40.807308197021484,44.17636489868164,45.989166259765625,45.8254508972168,45.160606384277344,44.88188171386719,43.97153854370117,42.42905807495117,39.87012481689453,36.48956298828125,33.62651824951172,32.53097915649414,34.49126434326172,37.338436126708984,39.20183563232422,40.86157989501953,43.21964645385742,45.136375427246094,44.818572998046875,43.11643600463867,41.35258865356445,39.629737854003906,37.955013275146484,36.74262237548828,36.48923110961914,36.863731384277344,37.431732177734375,38.066619873046875,38.66919708251953,39.32717514038086,39.93940353393555,40.125526428222656,39.78361892700195,39.7243537902832,40.9073600769043,43.18421173095703,44.70282745361328,44.47603988647461,43.859169006347656
39.63654708862305,39.002559661865234,38.73301315307617,38.2402229309082,38.50828552246094,41.78346252441406,46.09292221069336,47.75579833984375,48.27620315551758,49.17871856689453,47.33419418334961,40.99653625488281,34.86830139160156,32.101905822753906,32.6241340637207,33.92095947265625,35.69916915893555,38.529109954833984,40.72246170043945,41.940521240234375,43.97454071044922,46.723304748535156,46.49430847167969,43.40459060668945,40.79145812988281,39.25820541381836,38.573368072509766,38.59174346923828,39.090309143066406,39.675045013427734,39.96823501586914,39.58833694458008,38.74424743652344,38.24193572998047,38.77360534667969,40.06792068481445,41.26282501220703,41.572547912597656,41.22740936279297,41.62167739868164,42.99310302734375,44.017024993896484,44.293766021728516,44.63825225830078
39.936485290527344,40.68980026245117,40.286865234375,38.71572494506836,39.34946823120117,43.15156936645508,47.11350631713867,49.02910614013672,50.76778793334961,50.83206558227539,43.25557327270508,33.094478607177734,29.694997787475586,32.10203170776367,34.28908920288086,35.73673629760742,38.195762634277344,40.68088150024414,42.44123458862305,44.456703186035156,47.26886749267578,47.585594177246094,42.9234504699707,38.8846321105957,38.755130767822266,39.72983169555664,40.593017578125,41.21146011352539,41.566383361816406,41.64732360839844,41.290687561035156,39.92555236816406,37.894081115722656,37.110897064208984,38.34743881225586,40.46419143676758,42.215240478515625,42.98640060424805,42.45573806762695,41.866661071777344,42.50079345703125,43.721214294433594,44.748023986816406,45.75907897949219
40.80654525756836,42.403114318847656,42.80915069580078,42.53163528442383,43.17207336425781,45.9633674621582,49.06358337402344,51.79690933227539,52.93260955810547,45.28086853027344,33.510231018066406,30.312881469726562,34.57855224609375,37.552276611328125,37.34199523925781,38.22189712524414,40.58631896972656,42.051429748535156,43.27465057373047,45.1505126953125,45.3181266784668,42.295223236083984,38.51116943359375,37.812591552734375,39.424827575683594,41.01865005493164,42.425819396972656,43.14825439453125,42.92341232299805,42.04560470581055,40.547607421875,38.185630798339844,36.14158630371094,36.46286392211914,39.08946990966797,41.913204193115234,43.34803009033203,43.4181022644043,42.59647750854492,42.05141067504883,42.75545883178711,44.179893493652344,45.5024299621582,46.42412567138672
41.299705505371094,42.73832702636719,44.70724105834961,46.84878158569336,49.071449279785156,51.56444549560547,54.13406753540039,55.716705322265625,48.41896438598633,35.82266616821289,31.80596923828125,36.53220748901367,40.93220520019531,42.337833404541016,42.23686218261719,41.60447692871094,40.89779281616211,39.78887939453125,39.86201095581055,41.19489669799805,40.59202575683594,38.26996612548828,37.52711868286133,38.80862808227539,40.47396469116211,42.16960144042969,43.43092727661133,43.62843704223633,43.33000564575195,42.21788787841797,39.68409729003906,36.763458251953125,35.664798736572266,37.26811981201172,40.47055435180664,43.210086822509766,44.024253845214844,43.48970413208008,42.79137420654297,42.63603973388672,43.461734771728516,45.095218658447266,46.64854431152344,47.00265884399414
39.211631774902344,42.39250946044922,47.35142135620117,51.38997268676758,53.888343811035156,56.94496154785156,58.93716049194336,53.60407257080078,41.753971099853516,34.989933013916016,37.501373291015625,42.42115783691406,45.473121643066406,45.688804626464844,42.799930572509766,39.88407897949219,38.219120025634766,36.644737243652344,37.72739028930664,40.17593765258789,39.95779800415039,38.073486328125,37.44981002807617,38.64813995361328,40.93233108520508,43.12109375,43.26706314086914,42.283241271972656,42.35602569580078,42.35037612915039,40.307701110839844,37.222354888916016,36.35867691040039,38.71861267089844,42.17959213256836,44.23665237426758,43.9409294128418,43.01211166381836,42.841209411621094,42.939640045166016,43.636234283447266,45.55751419067383,47.85791015625,48.0542106628418
39.85116195678711,45.964500427246094,52.59226989746094,55.05848693847656,54.70933151245117,56.462158203125,57.81308364868164,52.83351135253906,45.23191833496094,42.017696380615234,42.852813720703125,44.986045837402344,45.94499588012695,43.22331237792969,39.103553771972656,37.75361251831055,38.37868881225586,39.12467575073242,40.67952346801758,40.970394134521484,38.37918472290039,36.237579345703125,36.819091796875,38.964351654052734,41.43584060668945,42.35323715209961,41.018672943115234,40.210693359375,41.432518005371094,42.77769470214844,41.54499816894531,38.18524932861328,37.00489807128906,39.670413970947266,43.295692443847656,44.93152618408203,43.99763488769531,42.6623649597168,42.654178619384766,42.90524673461914,43.128395080566406,45.182708740234375,48.345767974853516,48.9952392578125
47.15758514404297,53.66694259643555,55.91868591308594,50.12957000732422,46.297176361083984,49.632225036621094,56.435325622558594,56.895145416259766,50.76448440551758,45.429141998291016,42.98224639892578,41.97856903076172,40.82704544067383,38.47883224487305,36.876060485839844,37.852264404296875,39.973297119140625,41.0918083190918,40.75151062011719,38.585853576660156,36.03521728515625,35.668697357177734,36.96175765991211,38.62226486206055,40.0144157409668,40.13154983520508,39.229209899902344,39.10594177246094,40.39119338989258,42.07852554321289,41.90541076660156,39.39740753173828,38.080116271972656,40.035255432128906,43.11123275756836,44.67339324951172,44.176910400390625,43.03969955444336,42.947940826416016,43.169189453125,42.72336196899414,44.13229751586914,47.556339263916016,48.82432556152344
56.21088409423828,57.56171417236328,48.926605224609375,38.43178939819336,37.174869537353516,48.352294921875,61.60536193847656,55.57264709472656,44.2010612487793,38.83647537231445,38.74922180175781,39.488525390625,39.406734466552734,38.279911041259766,37.40834045410156,38.27494430541992,39.75496292114258,39.63643264770508,37.74650192260742,36.00749588012695,35.9769287109375,36.76000213623047,37.3072624206543,37.914310455322266,38.65915298461914,39.072410583496094,39.124053955078125,39.28152084350586,39.77518081665039,40.88753890991211,41.38521957397461,39.829681396484375,38.403446197509766,39.46389389038086,42.00535583496094,43.938026428222656,44.32603073120117,43.79131317138672,43.791934967041016,44.13511657714844,43.46894836425781,43.42353439331055,45.84388732910156,47.563514709472656
57.2152214050293,49.340084075927734,39.98984909057617,36.46455383300781,41.99909591674805,59.42262268066406,59.38911437988281,44.20228576660156,34.19002151489258,36.40950393676758,40.30451583862305,41.29032897949219,40.919090270996094,40.11968231201172,39.0736083984375,38.639801025390625,38.58224868774414,37.458492279052734,35.732177734375,35.93266677856445,37.65099334716797,38.32444763183594,37.56554412841797,37.188846588134766,38.01529312133789,39.18037414550781,39.799678802490234,39.91326904296875,39.90940475463867,40.292240142822266,40.789119720458984,39.86603546142578,38.14878845214844,38.13789367675781,40.25374984741211,42.853824615478516,44.327369689941406,44.419708251953125,44.350616455078125,44.70746994018555,44.47282791137695,43.8005256652832,44.828521728515625,46.11516571044922
