data/wind_data/wind_60_3.json
{"header": {"parameterUnit": "KT", "parameterCategory": 2, "nx": 256, "ny": 198, "lo1": 44.73521041870117, "la1": -3.236724853515625, "lo2": 111.26478576660156, "la2": 43.468475341796875, "dx": 0.2609002888202667, "dy": -0.23708222806453705, "refTime": "2025-02-21 12:00:00", "forecastTime": 0, "parameterNumber": 2, "parameterNumberName": "eastward_wind"}, "data":
[rows 57 to 75 of 198, columns 0 to 43 of 256]
-1.8507472276687622,-5.291872024536133,-6.622064590454102,-6.692483901977539,-5.079930782318115,-5.134762763977051,-5.456628322601318,-4.554660797119141,-4.084654808044434,-4.2023091316223145,-5.385123252868652,-6.245193958282471,-6.144071578979492,-7.081196308135986,-8.320577621459961,-8.029386520385742,-8.482407569885254,-9.738398551940918,-8.878628730773926,-6.115579605102539,-5.484709739685059,-10.559871673583984,-10.970611572265625,-5.53786563873291,-7.55117130279541,-9.824684143066406,-11.075257301330566,-11.562660217285156,-11.716736793518066,-11.674101829528809,-11.901297569274902,-12.295331954956055,-12.52228832244873,-12.457906723022461,-12.001585960388184,-11.643697738647461,-11.797338485717773,-12.124606132507324,-11.829058647155762,-11.885077476501465,-12.573681831359863,-13.805116653442383,-14.829154014587402,-15.551356315612793
-2.7102713584899902,-5.491771697998047,-6.352297782897949,-6.143044471740723,-4.513002872467041,-4.635108470916748,-4.116995334625244,-3.3379456996917725,-3.886178731918335,-4.214981555938721,-5.043539047241211,-5.753432273864746,-5.6000895500183105,-5.994906902313232,-7.201242923736572,-7.695475101470947,-6.9265360832214355,-6.946684837341309,-6.578341007232666,-4.8013787269592285,-5.805464744567871,-8.845205307006836,-10.322487831115723,-8.440739631652832,-8.2876615524292,-9.08973217010498,-10.155189514160156,-11.192790985107422,-11.227486610412598,-10.946880340576172,-10.982630729675293,-11.484318733215332,-11.88687515258789,-12.05745792388916,-11.669866561889648,-11.153507232666016,-11.052556037902832,-11.30518913269043,-11.646058082580566,-11.649931907653809,-11.973645210266113,-12.852397918701172,-13.921308517456055,-14.750388145446777
-3.582986831665039,-5.935672283172607,-6.317033290863037,-5.883096694946289,-4.454615592956543,-4.498813152313232,-3.8541507720947266,-2.5787765979766846,-3.2748119831085205,-4.555386066436768,-5.2375874519348145,-5.360023498535156,-5.0122575759887695,-5.288965702056885,-6.15196418762207,-6.798242568969727,-6.137304306030273,-4.877621173858643,-4.461860656738281,-4.532393932342529,-6.204519271850586,-8.137076377868652,-9.040674209594727,-8.46028995513916,-8.590621948242188,-8.777566909790039,-9.204970359802246,-10.462790489196777,-10.524728775024414,-10.298078536987305,-10.146430969238281,-10.158557891845703,-10.372443199157715,-11.1722412109375,-11.7423095703125,-10.704893112182617,-10.088170051574707,-10.34949016571045,-10.942206382751465,-11.72568130493164,-12.168498039245605,-12.818347930908203,-13.543774604797363,-14.073083877563477
-4.4649434089660645,-6.5278849601745605,-6.421249866485596,-5.915802478790283,-4.777589321136475,-3.8420777320861816,-3.7191731929779053,-2.657240629196167,-2.361792802810669,-3.7643723487854004,-5.163671493530273,-4.906023979187012,-4.167853355407715,-4.241271495819092,-4.859387397766113,-5.499475955963135,-5.571109294891357,-4.670742988586426,-4.245187759399414,-5.0886101722717285,-6.4317450523376465,-7.451206684112549,-7.736120700836182,-7.727230548858643,-8.270277976989746,-8.257152557373047,-8.45544719696045,-9.471799850463867,-9.693726539611816,-9.649870872497559,-9.764801979064941,-9.60544490814209,-9.025928497314453,-8.745922088623047,-10.242729187011719,-10.506012916564941,-9.217930793762207,-9.484307289123535,-10.176505088806152,-11.263094902038574,-11.989572525024414,-12.540200233459473,-13.200854301452637,-13.809000968933105
-4.456171989440918,-6.290119647979736,-6.308864593505859,-5.648719310760498,-4.397449016571045,-3.0570034980773926,-2.578037977218628,-2.2087013721466064,-1.9370877742767334,-2.1103034019470215,-3.3077516555786133,-3.9106643199920654,-3.3448450565338135,-2.7622289657592773,-2.827972650527954,-3.420609951019287,-4.058840274810791,-4.516856670379639,-4.663537502288818,-4.995211601257324,-5.68549919128418,-6.512098789215088,-7.0481438636779785,-7.538565158843994,-7.888632297515869,-7.5709662437438965,-7.655426979064941,-8.258316040039062,-8.75753116607666,-8.944995880126953,-9.261726379394531,-9.694960594177246,-9.211028099060059,-7.772416114807129,-8.770872116088867,-10.340810775756836,-8.791627883911133,-8.730817794799805,-9.63701057434082,-10.514636993408203,-11.352657318115234,-11.807659149169922,-12.26908016204834,-13.198065757751465
-3.857436180114746,-5.961068630218506,-6.1281938552856445,-5.022704124450684,-2.8285999298095703,-2.5300068855285645,-1.6974972486495972,-1.2121098041534424,-1.3124091625213623,-1.4204922914505005,-1.3963199853897095,-1.4462236166000366,-1.7532758712768555,-1.9111324548721313,-1.654282808303833,-1.7388652563095093,-2.379694938659668,-3.1086742877960205,-4.1431403160095215,-4.3388166427612305,-4.7787766456604,-5.70554256439209,-6.575901031494141,-7.15703010559082,-7.348855495452881,-7.074285507202148,-7.019120216369629,-7.159401893615723,-7.6212897300720215,-8.16660213470459,-8.728707313537598,-9.355531692504883,-9.48341178894043,-8.788609504699707,-9.236180305480957,-10.422311782836914,-8.998214721679688,-8.185752868652344,-8.96481990814209,-9.450345993041992,-10.266342163085938,-10.898164749145508,-11.411383628845215,-12.138814926147461
-3.2539098262786865,-3.6131067276000977,-4.76259183883667,-4.399271488189697,-1.3758187294006348,-1.8226337432861328,-1.044665813446045,-0.4223608374595642,-0.14915278553962708,-0.3133904039859772,-0.5832340121269226,-0.17560800909996033,0.4276405870914459,0.3583561182022095,-0.2007323056459427,-1.1281002759933472,-2.171339273452759,-2.23353910446167,-2.6673743724823,-3.386472463607788,-4.006462097167969,-5.093830108642578,-6.097638130187988,-6.5209503173828125,-6.575152397155762,-6.652024269104004,-6.680164813995361,-6.710330963134766,-6.993943214416504,-7.543604850769043,-8.121176719665527,-8.488348007202148,-8.658197402954102,-8.776361465454102,-9.293160438537598,-9.695215225219727,-9.151079177856445,-8.38646125793457,-8.315078735351562,-8.425179481506348,-9.040939331054688,-9.978985786437988,-10.72977352142334,-11.28996753692627
-3.4509012699127197,-5.240653038024902,-6.000423431396484,-5.43034029006958,-2.228611707687378,-1.4880497455596924,-0.45198625326156616,0.6963751316070557,1.258505940437317,1.4322195053100586,0.9218645095825195,0.23850573599338531,0.39861878752708435,1.0255361795425415,1.4412492513656616,1.0989996194839478,-0.45620614290237427,-1.641326904296875,-1.3429306745529175,-1.9129619598388672,-2.9119873046875,-4.231570243835449,-5.491072654724121,-6.18297004699707,-6.340938091278076,-6.279304027557373,-6.399519443511963,-6.747198581695557,-7.1340718269348145,-7.428887844085693,-7.598168849945068,-7.544955730438232,-7.499752521514893,-7.822467803955078,-8.408339500427246,-8.762404441833496,-8.80176830291748,-8.600263595581055,-8.086895942687988,-7.883204460144043,-8.223152160644531,-9.233078002929688,-10.161865234375,-10.901091575622559
-2.0439646244049072,-1.5857142210006714,-3.782846212387085,-3.417417287826538,-4.216492652893066,-2.5598769187927246,-1.5986809730529785,-0.3040178716182709,1.0532160997390747,1.1187440156936646,1.4519890546798706,1.9804033041000366,1.842935562133789,1.618690013885498,1.4512947797775269,1.238165020942688,0.561225414276123,-0.6192293167114258,-0.6445345282554626,-0.759973406791687,-1.7889156341552734,-3.221989631652832,-4.57354211807251,-5.533264636993408,-6.056568145751953,-6.195620536804199,-6.334437847137451,-6.81771183013916,-7.298331260681152,-7.535469055175781,-7.507158279418945,-7.3374199867248535,-7.290616989135742,-7.4884843826293945,-7.792248249053955,-8.084835052490234,-8.558012962341309,-8.670554161071777,-8.183073997497559,-7.98422384262085,-8.2659330368042,-9.046420097351074,-9.995643615722656,-10.858866691589355
1.824286699295044,1.1107985973358154,-0.5641700625419617,0.4376195967197418,-3.6019463539123535,-3.161093235015869,-3.0916495323181152,-3.678905487060547,-2.159952163696289,-3.219106674194336,-3.1187736988067627,-0.039042554795742035,1.7726584672927856,2.100619316101074,1.5966957807540894,1.8309273719787598,2.0647432804107666,1.7379164695739746,0.5453117489814758,-0.10526261478662491,-1.0425926446914673,-2.4119722843170166,-3.6721227169036865,-4.469188690185547,-5.109947681427002,-5.691771507263184,-6.312453746795654,-6.678913116455078,-7.124721527099609,-7.376741409301758,-7.3234405517578125,-7.427761554718018,-7.829880237579346,-8.080950736999512,-7.891843795776367,-7.888591289520264,-8.304607391357422,-8.603693962097168,-8.481359481811523,-8.511900901794434,-8.744648933410645,-9.309142112731934,-10.204044342041016,-10.93661117553711
-1.1872857809066772,-1.9520982503890991,-1.5464210510253906,1.6961358785629272,7.982485771179199,0.29936641454696655,-2.565574884414673,-4.889655113220215,-6.557190418243408,-6.638204574584961,-6.035023212432861,-4.584551811218262,-2.561817169189453,-1.0511258840560913,-0.5942845344543457,-1.2144354581832886,-0.3565007448196411,0.48724421858787537,0.33022770285606384,0.20265954732894897,-0.11204057186841965,-1.2738960981369019,-2.8921213150024414,-3.6478524208068848,-3.9966166019439697,-4.685260772705078,-5.603296756744385,-6.178834915161133,-6.669585704803467,-6.74618673324585,-6.7175421714782715,-6.995131969451904,-7.6709208488464355,-8.264081954956055,-8.432096481323242,-8.229358673095703,-8.032654762268066,-8.272984504699707,-8.5385103225708,-8.826726913452148,-8.953161239624023,-9.339787483215332,-10.051753044128418,-10.721317291259766
-4.315207004547119,-4.066514015197754,-3.776926040649414,-1.5056953430175781,6.764723300933838,2.3652877807617188,-5.4933762550354,-6.83179235458374,-6.1906280517578125,-7.533467769622803,-7.6507086753845215,-7.035128116607666,-6.1019487380981445,-5.572188377380371,-5.568709850311279,-5.13348388671875,-3.2586312294006348,-0.22344589233398438,0.290666401386261,-0.41063976287841797,-0.380678653717041,-0.9111068844795227,-1.9965815544128418,-2.6538708209991455,-3.429016351699829,-4.051424980163574,-4.616576671600342,-5.448232650756836,-5.893533229827881,-5.97611141204834,-5.811558246612549,-5.984179496765137,-6.646698951721191,-7.47562837600708,-8.261995315551758,-8.546589851379395,-8.163742065429688,-8.038464546203613,-8.274245262145996,-8.49335765838623,-8.668493270874023,-8.859002113342285,-9.383801460266113,-9.97358226776123
-3.010603666305542,-2.8899691104888916,-1.812425971031189,1.9819724559783936,8.553160667419434,0.9872359037399292,-3.1230101585388184,-2.5648136138916016,-6.287861347198486,-6.805155277252197,-7.270393371582031,-7.33457612991333,-6.7232666015625,-6.499823570251465,-6.570304870605469,-6.668349742889404,-5.99899959564209,-2.665398359298706,0.4040273427963257,0.6344454288482666,0.29861101508140564,-0.18131673336029053,-1.3573899269104004,-2.4517810344696045,-3.4059529304504395,-3.8770060539245605,-4.162793159484863,-4.565937519073486,-4.63037633895874,-4.978338241577148,-5.034361362457275,-5.030483722686768,-5.431644916534424,-6.151787281036377,-7.174057483673096,-7.954552173614502,-8.095084190368652,-8.102291107177734,-8.076179504394531,-7.941266059875488,-8.032099723815918,-8.118020057678223,-8.508577346801758,-9.0093994140625
0.5044276118278503,1.1337380409240723,4.369093894958496,6.353488445281982,4.67751932144165,1.8405554294586182,0.5596530437469482,0.9814818501472473,-2.346982717514038,-4.978629112243652,-5.268601417541504,-5.72822380065918,-5.691129207611084,-5.635401248931885,-5.365423679351807,-5.1594719886779785,-5.801107883453369,-5.153538703918457,-2.918017625808716,-2.5467426776885986,-2.347541570663452,-1.8438050746917725,-1.6121611595153809,-2.407637357711792,-3.4425957202911377,-4.2195634841918945,-4.720099925994873,-4.169648170471191,-3.4664249420166016,-3.8197836875915527,-4.172329425811768,-4.365938663482666,-4.743591785430908,-5.182798385620117,-5.794550895690918,-6.580258846282959,-7.291024208068848,-7.63726806640625,-7.6013078689575195,-7.572604656219482,-7.453875541687012,-7.4874138832092285,-7.619533538818359,-8.113003730773926
2.299130439758301,6.938638210296631,6.826178550720215,4.996771812438965,-0.5171303749084473,-0.17955394089221954,0.12958651781082153,0.6797251105308533,-1.3488993644714355,-4.665408134460449,-5.378776550292969,-3.888429880142212,-3.979863405227661,-5.199224472045898,-5.533468723297119,-4.125667572021484,-4.103784561157227,-3.9337193965911865,-3.6933979988098145,-3.697855234146118,-3.691502809524536,-3.9513697624206543,-4.059211730957031,-3.696610927581787,-3.713251829147339,-4.159771919250488,-4.342296600341797,-4.171767711639404,-3.7121737003326416,-3.5562052726745605,-3.312465190887451,-3.4669599533081055,-3.899461269378662,-4.608924865722656,-4.887756824493408,-5.466186046600342,-6.237739562988281,-6.4766926765441895,-6.555807590484619,-6.899205207824707,-6.933521270751953,-6.994598388671875,-7.049635410308838,-7.340257167816162
2.880018949508667,9.01403522491455,5.258531093597412,1.6791173219680786,-2.4070355892181396,-1.943137288093567,-1.9990723133087158,-1.4430269002914429,-3.3574588298797607,-6.197018146514893,-6.923262596130371,-5.976255416870117,-7.780248641967773,-9.361733436584473,-6.477575778961182,4.831583499908447,5.059018135070801,-1.3833333253860474,-2.6122617721557617,-3.2671256065368652,-4.748005390167236,-4.648214340209961,-3.682387113571167,-3.4557912349700928,-3.581386089324951,-4.137813091278076,-3.7654407024383545,-3.5747179985046387,-4.12039041519165,-4.0688090324401855,-2.967829704284668,-2.5310869216918945,-2.608705997467041,-3.497087240219116,-4.22524881362915,-4.863105773925781,-5.398648738861084,-5.451653480529785,-5.4847540855407715,-5.7387614250183105,-6.18244743347168,-6.1925530433654785,-6.39669132232666,-6.942986965179443
1.717225432395935,6.6936259269714355,2.005078077316284,-0.004445998929440975,-2.447397470474243,-3.243837833404541,-3.6191041469573975,-2.682945489883423,-3.4791319370269775,-6.262659549713135,-8.30273723602295,-2.7965810298919678,-3.1936097145080566,-1.7941771745681763,1.483488917350769,-1.8011400699615479,6.97678804397583,1.3676310777664185,-2.2545506954193115,-4.4684624671936035,-0.4538452923297882,-1.2661980390548706,-4.161856651306152,-3.781477451324463,-3.9225447177886963,-3.950228691101074,-3.0840578079223633,-2.9811465740203857,-3.6737046241760254,-3.5026907920837402,-2.915839672088623,-2.0726747512817383,-1.9491738080978394,-2.2628681659698486,-3.1336333751678467,-3.985180616378784,-4.5149641036987305,-4.7596845626831055,-4.679887771606445,-4.627012252807617,-5.088290691375732,-5.245394706726074,-5.368382930755615,-6.306658744812012
-0.5226944088935852,1.8799562454223633,-0.08484804630279541,-0.8210676908493042,-3.177825689315796,-4.261562347412109,-4.011463642120361,-2.9955506324768066,-2.8700902462005615,-4.6719536781311035,-7.879039764404297,-7.111945629119873,-7.296017646789551,-2.1314852237701416,2.4690349102020264,-5.988931179046631,5.246404647827148,-1.3020211458206177,-3.4097371101379395,-0.8623145818710327,-1.0661470890045166,0.8433635830879211,-4.107612609863281,-2.3977339267730713,-2.9660613536834717,-3.550628662109375,-3.3201279640197754,-2.4432005882263184,-2.2795653343200684,-2.0395379066467285,-2.3777661323547363,-2.0210394859313965,-1.7584161758422852,-1.2308024168014526,-1.8418610095977783,-2.8851122856140137,-3.403275966644287,-3.7415764331817627,-3.8611538410186768,-3.9060168266296387,-3.769225835800171,-4.258849143981934,-4.49818229675293,-5.0658955574035645
0.07901502400636673,2.98881459236145,1.6556435823440552,-0.13457363843917847,-4.006346702575684,-4.881711006164551,-4.004745006561279,-3.272597074508667,-2.945955514907837,-3.5713553428649902,-5.80368185043335,-7.469455242156982,-8.340324401855469,-2.767686605453491,-0.08314890414476395,-4.855255126953125,1.215347409248352,-2.2288475036621094,-1.771546483039856,-2.3752005100250244,-4.047303199768066,-4.8429036140441895,-5.155831336975098,-5.3216776847839355,-4.449199199676514,-1.6355031728744507,-3.10408616065979,-1.8706847429275513,-0.6535050272941589,-0.29305529594421387,-1.170898199081421,-1.6245301961898804,-1.7382735013961792,-0.8019479513168335,-0.9162514209747314,-1.5854367017745972,-2.250936508178711,-2.3179759979248047,-2.748739719390869,-2.9467432498931885,-2.7617290019989014,-3.019648790359497,-3.825580596923828,-4.0782599449157715
