data/wind_data/wind_35_6.json
{"header": {"parameterUnit": "KT", "parameterCategory": 2, "nx": 256, "ny": 198, "lo1": 44.73521041870117, "la1": -3.236724853515625, "lo2": 111.26478576660156, "la2": 43.468475341796875, "dx": 0.2609002888202667, "dy": -0.23708222806453705, "refTime": "2025-02-20 11:00:00", "forecastTime": 0, "parameterNumber": 2, "parameterNumberName": "eastward_wind"}, "data":
[rows 80 to 99 of 198, columns 44 to 87 of 256]
45.11716842651367,45.224639892578125,45.26581573486328,45.305702209472656,45.43883514404297,45.67429733276367,45.989288330078125,46.35148620605469,46.665714263916016,46.767173767089844,46.54612350463867,46.038475036621094,45.406742095947266,44.82109451293945,44.35966110229492,44.0434684753418,43.922664642333984,43.995182037353516,44.202728271484375,44.40447998046875,44.478553771972656,44.404048919677734,44.24342346191406,44.060367584228516,43.88230895996094,43.72783660888672,43.6446647644043,43.67531204223633,43.816856384277344,44.003562927246094,44.13764953613281,44.131141662597656,43.98945617675781,43.82268524169922,43.77361297607422,43.90303039550781,44.156917572021484,44.42701721191406,44.609458923339844,44.63261795043945,44.479827880859375,44.1965217590332,43.86963653564453,43.58218002319336
47.08050537109375,47.3241081237793,47.47844314575195,47.56938934326172,47.71940994262695,48.015235900878906,48.433738708496094,48.83552551269531,49.01844024658203,48.86964416503906,48.459407806396484,47.95691680908203,47.47654342651367,47.041358947753906,46.646888732910156,46.34046936035156,46.21704864501953,46.27781295776367,46.42154312133789,46.541969299316406,46.60433578491211,46.62806701660156,46.62839126586914,46.58707809448242,46.48792266845703,46.35771942138672,46.26499938964844,46.26504898071289,46.356441497802734,46.46923828125,46.5050048828125,46.42433166503906,46.28043746948242,46.198036193847656,46.276405334472656,46.508888244628906,46.81406784057617,47.11576843261719,47.33578872680664,47.38949203491211,47.22262954711914,46.85857391357422,46.413265228271484,46.012577056884766
48.96260070800781,49.14664077758789,49.3311882019043,49.4958610534668,49.73014450073242,50.12488555908203,50.61708068847656,50.982269287109375,50.98617935180664,50.62113952636719,50.08432388305664,49.57670593261719,49.1712646484375,48.8572998046875,48.63258361816406,48.53478240966797,48.582401275634766,48.69062042236328,48.746376037597656,48.736148834228516,48.73039245605469,48.797664642333984,48.930137634277344,49.04772186279297,49.08652877807617,49.05632400512695,49.0105094909668,48.993431091308594,49.003841400146484,48.98210144042969,48.86703872680664,48.67746353149414,48.528236389160156,48.54562759399414,48.74683380126953,49.04625701904297,49.350040435791016,49.63077926635742,49.856998443603516,49.955467224121094,49.84980773925781,49.537086486816406,49.11366653442383,48.69321060180664
50.5684700012207,50.5841178894043,50.68299865722656,50.8705940246582,51.19890594482422,51.72541046142578,52.29347229003906,52.60304641723633,52.489776611328125,52.070289611816406,51.59222412109375,51.17983627319336,50.835201263427734,50.56955337524414,50.434688568115234,50.49253845214844,50.70672607421875,50.9355583190918,51.0463981628418,51.030906677246094,50.98733901977539,51.030555725097656,51.18616485595703,51.37921142578125,51.53202438354492,51.62049865722656,51.6566276550293,51.651493072509766,51.58778381347656,51.4235954284668,51.156925201416016,50.88603973388672,50.76731491088867,50.874385833740234,51.14069366455078,51.44524002075195,51.72101593017578,51.978179931640625,52.19694900512695,52.31043243408203,52.263187408447266,52.047576904296875,51.70692443847656,51.31353759765625
52.16811752319336,52.00959396362305,51.95188522338867,52.10121154785156,52.52336883544922,53.20014190673828,53.8173828125,54.05461120605469,53.89482879638672,53.54386520385742,53.2072868347168,52.93816375732422,52.68753433227539,52.4811897277832,52.418975830078125,52.53702926635742,52.76298141479492,52.9891242980957,53.14226150512695,53.21195602416992,53.24361801147461,53.31458282470703,53.47004318237305,53.68953323364258,53.91130447387695,54.07303237915039,54.14455795288086,54.12162399291992,53.99269485473633,53.74645233154297,53.43489456176758,53.1861686706543,53.123409271240234,53.25135803222656,53.47671890258789,53.729148864746094,53.98323440551758,54.24155044555664,54.45691680908203,54.57101821899414,54.570613861083984,54.459354400634766,54.233402252197266,53.903507232666016
53.78797149658203,53.50590896606445,53.24882507324219,53.247108459472656,53.68660354614258,54.44663619995117,55.080780029296875,55.277217864990234,55.13530731201172,54.91980743408203,54.80274963378906,54.751216888427734,54.67973709106445,54.6149787902832,54.62797927856445,54.72206115722656,54.8428955078125,54.957523345947266,55.0689582824707,55.19253921508789,55.32440948486328,55.47551345825195,55.66939926147461,55.90837860107422,56.15320587158203,56.33990478515625,56.41233444213867,56.35493087768555,56.17833709716797,55.92111587524414,55.66556167602539,55.50697326660156,55.483882904052734,55.563804626464844,55.701438903808594,55.899192810058594,56.1630744934082,56.439308166503906,56.648258209228516,56.764774322509766,56.81894302368164,56.81896209716797,56.72557067871094,56.50567626953125
55.194766998291016,54.78898239135742,54.4232292175293,54.373477935791016,54.83613204956055,55.580562591552734,56.12195587158203,56.24744415283203,56.129695892333984,56.061126708984375,56.16618347167969,56.35128402709961,56.51093292236328,56.63139724731445,56.720645904541016,56.774505615234375,56.78852844238281,56.7950439453125,56.85137939453125,56.9865837097168,57.19265365600586,57.450958251953125,57.73812484741211,58.02010726928711,58.252685546875,58.389434814453125,58.397491455078125,58.27554702758789,58.063411712646484,57.84305953979492,57.696964263916016,57.64958953857422,57.65983581542969,57.693851470947266,57.771915435791016,57.94759750366211,58.208106994628906,58.47719192504883,58.68480682373047,58.8319206237793,58.96022033691406,59.07117462158203,59.10878372192383,59.021724700927734
56.66767120361328,56.08287048339844,55.61500549316406,55.633785247802734,56.253562927246094,57.00817108154297,57.40086364746094,57.391136169433594,57.27546691894531,57.3429069519043,57.61056137084961,57.9141960144043,58.14752960205078,58.2941780090332,58.37211227416992,58.41050720214844,58.43569564819336,58.47624206542969,58.5705680847168,58.74948501586914,59.03849792480469,59.42608642578125,59.828582763671875,60.14105987548828,60.29833984375,60.29477310180664,60.15546417236328,59.92364501953125,59.671661376953125,59.48392105102539,59.40303421020508,59.400264739990234,59.43361282348633,59.50282669067383,59.6342658996582,59.83506774902344,60.07552719116211,60.30872344970703,60.51012420654297,60.7012939453125,60.918094635009766,61.15340805053711,61.349037170410156,61.444915771484375
58.567325592041016,57.9643669128418,57.47664260864258,57.56610107421875,58.23866653442383,58.869789123535156,59.06644821166992,58.96442794799805,58.902381896972656,59.0852165222168,59.41068649291992,59.68458557128906,59.81308364868164,59.79962921142578,59.73455810546875,59.728797912597656,59.82093811035156,59.99193572998047,60.22679138183594,60.557220458984375,61.02217102050781,61.56924819946289,62.04508590698242,62.317481994628906,62.35846710205078,62.223182678222656,61.9808349609375,61.68275833129883,61.3913459777832,61.16975784301758,61.03289794921875,60.96621322631836,60.9836540222168,61.10383987426758,61.29094314575195,61.49052429199219,61.67692565917969,61.8570442199707,62.066200256347656,62.347068786621094,62.71657943725586,63.14041519165039,63.54826736450195,63.86643600463867
60.67759704589844,60.144630432128906,59.7412223815918,59.932918548583984,60.60232925415039,61.02667999267578,61.011600494384766,60.88624954223633,60.948997497558594,61.258331298828125,61.580623626708984,61.70894241333008,61.58146286010742,61.280845642089844,61.01607131958008,60.95309829711914,61.102027893066406,61.38017654418945,61.74763870239258,62.251033782958984,62.90520095825195,63.58213806152344,64.09758758544922,64.36409759521484,64.42406463623047,64.3604736328125,64.20650482177734,63.958866119384766,63.6453742980957,63.323402404785156,63.037967681884766,62.83260726928711,62.756874084472656,62.8053092956543,62.91778564453125,63.04508590698242,63.18707275390625,63.37993240356445,63.672454833984375,64.09503173828125,64.62249755859375,65.19007110595703,65.7311019897461,66.18116760253906
62.81077575683594,62.2647590637207,61.916961669921875,62.19947814941406,62.86154556274414,63.184505462646484,63.10735321044922,63.06299591064453,63.303253173828125,63.71625518798828,63.99138641357422,63.91524887084961,63.49317169189453,62.91997146606445,62.48011016845703,62.334922790527344,62.450992584228516,62.720703125,63.122589111328125,63.718345642089844,64.4776382446289,65.21651458740234,65.78007507324219,66.15776824951172,66.41752624511719,66.57644653320312,66.5732650756836,66.3748779296875,66.04877471923828,65.69868469238281,65.38764953613281,65.14484405517578,64.99666595458984,64.95132446289062,64.97434997558594,65.03326416015625,65.13826751708984,65.33704376220703,65.68013000488281,66.16719818115234,66.74308776855469,67.34467315673828,67.91847229003906,68.40982818603516
64.87052154541016,64.30714416503906,63.992130279541016,64.2867202758789,64.84044647216797,65.11590576171875,65.19315338134766,65.421142578125,65.88487243652344,66.36449432373047,66.55418395996094,66.29598999023438,65.67683410644531,64.96749114990234,64.44517517089844,64.20838165283203,64.19913482666016,64.34727478027344,64.69841003417969,65.31221771240234,66.08866882324219,66.8150405883789,67.38780212402344,67.85374450683594,68.26161193847656,68.54408264160156,68.58911895751953,68.39917755126953,68.11174774169922,67.86279296875,67.693115234375,67.57843780517578,67.52110290527344,67.54825592041016,67.63312530517578,67.72003173828125,67.80522155761719,67.95801544189453,68.24703979492188,68.67025756835938,69.16207885742188,69.6612777709961,70.1307601928711,70.5316390991211
66.70614624023438,66.23218536376953,66.04264831542969,66.32954406738281,66.71126556396484,66.93516540527344,67.23324584960938,67.729736328125,68.35786437988281,68.88318634033203,69.03060913085938,68.7137680053711,68.09442901611328,67.42648315429688,66.92056274414062,66.61966705322266,66.45407104492188,66.4281997680664,66.6857681274414,67.29605102539062,68.08158111572266,68.79232788085938,69.34638977050781,69.79715728759766,70.1618881225586,70.3685302734375,70.36002349853516,70.19598388671875,70.00489044189453,69.88398742675781,69.8565444946289,69.90660095214844,70.03271484375,70.236328125,70.45767211914062,70.62560272216797,70.74250793457031,70.8913345336914,71.14588165283203,71.49274444580078,71.84683227539062,72.13919067382812,72.3533706665039,72.49456787109375
68.21710205078125,67.99597930908203,68.08319091796875,68.37669372558594,68.59573364257812,68.78128051757812,69.21665954589844,69.8448486328125,70.49564361572266,70.97950744628906,71.12054443359375,70.91792297363281,70.49617767333984,69.99541473388672,69.54306030273438,69.15934753417969,68.8169174194336,68.62979125976562,68.83798217773438,69.4959716796875,70.34612274169922,71.07707214355469,71.58367919921875,71.91566467285156,72.12686157226562,72.2291030883789,72.23448181152344,72.17066955566406,72.09101867675781,72.06058502197266,72.11652374267578,72.25909423828125,72.48040008544922,72.75834655761719,73.0353775024414,73.2475357055664,73.39336395263672,73.54331970214844,73.76795959472656,74.06092071533203,74.3395004272461,74.51325988769531,74.53241729736328,74.4301986694336
69.62679290771484,69.69065856933594,70.0041275024414,70.28534698486328,70.41806030273438,70.62968444824219,71.11975860595703,71.7240982055664,72.25959014892578,72.62149810791016,72.77235412597656,72.74748229980469,72.54574584960938,72.21834564208984,71.84282684326172,71.40977478027344,70.95472717285156,70.72147369384766,70.99822235107422,71.76701354980469,72.67692565917969,73.36981964111328,73.76602172851562,73.984619140625,74.15168762207031,74.30561828613281,74.4143295288086,74.43567657470703,74.40020751953125,74.38727569580078,74.44631958007812,74.58238220214844,74.78809356689453,75.0530776977539,75.33833312988281,75.57550048828125,75.73160552978516,75.8508529663086,76.00959777832031,76.24251556396484,76.493408203125,76.64256286621094,76.58332061767578,76.35279846191406
71.42996978759766,71.63089752197266,71.91136169433594,72.06686401367188,72.19982147216797,72.49710083007812,72.917236328125,73.29988098144531,73.61614227294922,73.89791107177734,74.1142807006836,74.17340087890625,74.0395736694336,73.77568054199219,73.45692443847656,73.08370208740234,72.75643157958984,72.72406005859375,73.17878723144531,74.00912475585938,74.85233306884766,75.43885040283203,75.7865982055664,76.04219055175781,76.28079223632812,76.48188018798828,76.58892822265625,76.58631896972656,76.52588653564453,76.47830963134766,76.48812103271484,76.57919311523438,76.76683807373047,77.04257202148438,77.35831451416016,77.63468170166016,77.82764434814453,77.97027587890625,78.13236999511719,78.3523941040039,78.58529663085938,78.68773651123047,78.53392028808594,78.19522094726562
73.73674011230469,73.91197204589844,74.02833557128906,74.0520248413086,74.22254943847656,74.52808380126953,74.72003173828125,74.78040313720703,74.9447021484375,75.29024505615234,75.5640869140625,75.55399322509766,75.35126495361328,75.10887908935547,74.8631362915039,74.65640258789062,74.5601577758789,74.70166778564453,75.13594055175781,75.77910614013672,76.42127990722656,76.95606231689453,77.42086791992188,77.85699462890625,78.22488403320312,78.4460678100586,78.49010467529297,78.4055404663086,78.29875946044922,78.25003814697266,78.29399871826172,78.44312286376953,78.69573211669922,79.02528381347656,79.36679077148438,79.65748596191406,79.86726379394531,80.0194320678711,80.16836547851562,80.35295867919922,80.53902435302734,80.58055877685547,80.34846496582031,79.92665100097656
76.2074966430664,76.23429107666016,76.17668914794922,76.20352935791016,76.42033386230469,76.60075378417969,76.53875732421875,76.42442321777344,76.6240234375,77.05203247070312,77.27093505859375,77.11619567871094,76.8150634765625,76.59927368164062,76.54922485351562,76.61711883544922,76.66764831542969,76.68248748779297,76.77518463134766,77.02604675292969,77.44719696044922,77.98714447021484,78.57026672363281,79.14595031738281,79.64566802978516,79.9473648071289,79.99468994140625,79.91481018066406,79.89958953857422,80.01842498779297,80.22785186767578,80.47563934326172,80.73698425292969,80.99763488769531,81.23910522460938,81.43926239013672,81.5849380493164,81.68746948242188,81.7794418334961,81.90251159667969,82.04068756103516,82.0623550415039,81.84222412109375,81.4399185180664
78.57794952392578,78.39299774169922,78.2433090209961,78.35770416259766,78.56195068359375,78.54743194580078,78.32781219482422,78.23143768310547,78.49954223632812,78.88519287109375,78.97693634033203,78.65465545654297,78.14165496826172,77.96781921386719,78.3475112915039,78.75540161132812,78.81536102294922,78.64874267578125,78.52366638183594,78.6115493774414,78.92435455322266,79.33818817138672,79.77999114990234,80.27119445800781,80.74628448486328,81.04026794433594,81.12718963623047,81.18773651123047,81.37745666503906,81.67674255371094,81.97968292236328,82.21289825439453,82.35638427734375,82.44249725341797,82.52462005615234,82.63166809082031,82.75598907470703,82.88414764404297,83.02349090576172,83.18731689453125,83.32743072509766,83.30012512207031,83.0148696899414,82.57128143310547
80.87104797363281,80.52220916748047,80.35616302490234,80.4983139038086,80.62738037109375,80.46339416503906,80.18009185791016,80.10536193847656,80.30793762207031,80.6142807006836,80.65323638916016,80.07618713378906,79.16365814208984,79.28414154052734,80.337158203125,80.86978912353516,80.72965240478516,80.54718780517578,80.56010437011719,80.74642181396484,80.99829864501953,81.21947479248047,81.45817565917969,81.77796936035156,82.0763168334961,82.23087310791016,82.30094909667969,82.43921661376953,82.68797302246094,82.95909881591797,83.15047454833984,83.23424530029297,83.25170135498047,83.27207946777344,83.34019470214844,83.4682388305664,83.65850830078125,83.90923309326172,84.20128631591797,84.48054504394531,84.61851501464844,84.43267059326172,83.87925720214844,83.14682006835938
