data/wind_data/wind_64_9.json
{"header": {"parameterUnit": "KT", "parameterCategory": 2, "nx": 256, "ny": 198, "lo1": 44.73521041870117, "la1": -3.236724853515625, "lo2": 111.26478576660156, "la2": 43.468475341796875, "dx": 0.2609002888202667, "dy": -0.23708222806453705, "refTime": "2025-02-21 16:00:00", "forecastTime": 0, "parameterNumber": 2, "parameterNumberName": "eastward_wind"}, "data":
[rows 0 to 18 of 198, columns 86 to 128 of 256]
25.47637176513672,25.65437126159668,25.509721755981445,25.11124610900879,24.886295318603516,24.811656951904297,25.01142692565918,25.400875091552734,25.866107940673828,26.32163429260254,26.554410934448242,26.69561004638672,26.74130630493164,26.97414779663086,27.764528274536133,28.30890655517578,28.24086570739746,27.991085052490234,27.609621047973633,27.307113647460938,27.12607765197754,26.83249855041504,26.42850685119629,26.235742568969727,26.212955474853516,26.132448196411133,26.029218673706055,25.94384765625,25.882226943969727,25.94485092163086,25.927915573120117,25.37055015563965,24.858694076538086,25.053279876708984,25.227672576904297,24.90766716003418,24.672399520874023,24.725727081298828,24.915081024169922,25.26382827758789,25.396242141723633,25.246692657470703,25.184574127197266
25.27207374572754,25.584108352661133,25.67753028869629,25.766939163208008,26.22150421142578,26.216283798217773,25.59486198425293,25.659074783325195,26.684526443481445,27.504451751708984,27.749252319335938,27.734704971313477,27.634206771850586,28.029762268066406,28.84320640563965,29.02666473388672,28.539762496948242,28.1929874420166,27.847015380859375,27.32808494567871,27.049503326416016,26.937847137451172,26.754192352294922,26.71034049987793,26.692543029785156,26.43317413330078,26.384563446044922,26.728363037109375,26.64259910583496,26.176408767700195,26.1080322265625,26.083229064941406,26.18782615661621,26.62774658203125,26.471555709838867,25.886329650878906,25.695470809936523,25.656753540039062,25.42267608642578,25.309267044067383,25.260147094726562,25.0694580078125,24.875051498413086
25.37334442138672,25.813478469848633,26.11155891418457,26.410173416137695,26.87424087524414,27.015838623046875,26.53936767578125,26.476240158081055,27.286609649658203,28.195877075195312,28.513612747192383,28.362817764282227,28.35662841796875,28.814409255981445,29.244911193847656,28.990251541137695,28.354093551635742,28.061079025268555,27.917903900146484,27.52750015258789,27.188373565673828,27.05727767944336,26.889774322509766,26.69899559020996,26.60344886779785,26.56555938720703,26.51369285583496,26.561542510986328,26.49437713623047,26.274730682373047,26.304136276245117,26.474905014038086,26.856054306030273,27.412336349487305,27.396940231323242,26.979663848876953,26.802640914916992,26.6661376953125,26.36731719970703,26.069150924682617,25.71433448791504,25.432022094726562,25.300657272338867
26.444425582885742,26.945554733276367,27.427715301513672,27.899459838867188,28.174861907958984,28.36174964904785,27.72399139404297,27.380765914916992,28.08916664123535,29.150365829467773,29.460765838623047,29.287744522094727,29.594200134277344,30.115642547607422,30.27679443359375,29.848346710205078,29.25568199157715,28.749074935913086,28.376785278320312,27.911869049072266,27.682233810424805,27.612031936645508,27.125843048095703,26.540828704833984,26.330310821533203,26.776561737060547,27.331924438476562,27.339656829833984,26.98072052001953,26.435890197753906,26.21698570251465,26.60214614868164,27.40283966064453,28.141355514526367,28.15945053100586,27.77776527404785,27.6146183013916,27.42302703857422,26.941301345825195,26.297117233276367,25.69332504272461,25.31728172302246,25.159645080566406
29.542905807495117,29.70885467529297,29.557748794555664,29.64255142211914,29.603137969970703,29.20974349975586,27.7504940032959,26.738313674926758,27.483844757080078,28.46341323852539,28.363025665283203,29.09250831604004,31.697593688964844,33.56553649902344,34.807857513427734,34.4793586730957,32.719242095947266,31.303380966186523,30.866302490234375,30.604488372802734,30.916900634765625,31.11482810974121,29.912256240844727,28.79866600036621,28.3521671295166,29.059497833251953,30.83064842224121,31.606168746948242,30.67177391052246,28.51004981994629,27.025754928588867,26.93008041381836,27.74461555480957,28.66395378112793,28.591053009033203,27.801513671875,27.273883819580078,26.624265670776367,25.618263244628906,24.5561580657959,23.520172119140625,22.34208106994629,21.66276741027832
27.67566680908203,27.775211334228516,26.536529541015625,25.91473388671875,25.672029495239258,25.861101150512695,25.578369140625,25.862619400024414,27.205596923828125,27.283706665039062,25.798368453979492,25.89891815185547,27.497413635253906,29.833648681640625,31.66455841064453,32.277549743652344,31.84886360168457,31.365575790405273,31.150028228759766,31.176837921142578,31.457683563232422,31.332067489624023,30.064823150634766,28.978927612304688,28.567176818847656,29.080730438232422,30.724992752075195,31.936391830444336,30.827669143676758,28.013744354248047,26.30644416809082,26.278377532958984,26.37320327758789,26.21458625793457,26.032855987548828,25.75813102722168,25.613813400268555,25.455488204956055,24.80237579345703,23.719482421875,22.483348846435547,21.282129287719727,20.571887969970703
25.916471481323242,25.704402923583984,24.24132537841797,23.336395263671875,22.79758071899414,22.60525131225586,23.21870231628418,24.127546310424805,25.53504180908203,26.08574676513672,24.9872989654541,25.18412971496582,25.984342575073242,27.303651809692383,27.602985382080078,27.324312210083008,27.74160385131836,29.553199768066406,30.87615966796875,31.292139053344727,30.8369197845459,29.643537521362305,28.036176681518555,26.556922912597656,25.853668212890625,26.882110595703125,28.750324249267578,30.28928565979004,29.509929656982422,27.16230010986328,25.50157928466797,25.453781127929688,25.149486541748047,23.513851165771484,22.626981735229492,22.88923454284668,23.07880210876465,23.353038787841797,23.407989501953125,22.83301544189453,21.885738372802734,21.12948989868164,20.10299301147461
24.467863082885742,23.569664001464844,22.537574768066406,22.159605026245117,21.675525665283203,21.106760025024414,21.68874740600586,22.149179458618164,22.413179397583008,23.052955627441406,23.660634994506836,24.395591735839844,24.88567352294922,24.432323455810547,23.419771194458008,22.474008560180664,23.397090911865234,26.818809509277344,30.41385269165039,31.44379425048828,29.781665802001953,28.121231079101562,26.76190948486328,24.540287017822266,22.59703254699707,23.817766189575195,26.461318969726562,28.045228958129883,27.57962417602539,25.933029174804688,24.363224029541016,24.687057495117188,25.279041290283203,23.27579689025879,20.97292709350586,20.90542984008789,21.687164306640625,22.41008186340332,22.628259658813477,22.39521026611328,22.20486831665039,21.895387649536133,20.3392333984375
22.909210205078125,22.055465698242188,21.260303497314453,21.008634567260742,20.603797912597656,19.71190071105957,20.372413635253906,19.32076644897461,20.080692291259766,21.501253128051758,22.619556427001953,23.14480209350586,22.880311965942383,21.537233352661133,19.610200881958008,18.384384155273438,20.757755279541016,25.204858779907227,28.563528060913086,29.534032821655273,28.479145050048828,26.914663314819336,25.289459228515625,23.08853530883789,20.71832275390625,21.956167221069336,24.586490631103516,25.861068725585938,25.06411361694336,24.639677047729492,23.919979095458984,23.588293075561523,24.104110717773438,23.054174423217773,20.592008590698242,19.692325592041016,21.05293083190918,22.960182189941406,23.717905044555664,23.367952346801758,23.169818878173828,22.744441986083984,21.402202606201172
22.318641662597656,22.19645118713379,20.572317123413086,20.051389694213867,20.183700561523438,20.683279037475586,20.249832153320312,18.13827133178711,18.945430755615234,21.305233001708984,22.458965301513672,21.30986785888672,20.150554656982422,18.380165100097656,16.864870071411133,17.03493309020996,20.22849464416504,23.626792907714844,25.514972686767578,26.334609985351562,25.397254943847656,25.060054779052734,23.90613555908203,20.968891143798828,19.385629653930664,21.112821578979492,23.56571388244629,24.832487106323242,23.855751037597656,23.707101821899414,24.796022415161133,23.59374237060547,22.202056884765625,21.103839874267578,19.469669342041016,18.560239791870117,20.40652847290039,23.702741622924805,25.64239501953125,25.578365325927734,24.867111206054688,24.237167358398438,23.40343475341797
21.615245819091797,21.760072708129883,19.9739933013916,20.495229721069336,20.562705993652344,21.03898811340332,20.406091690063477,17.98093605041504,18.540536880493164,21.15372657775879,22.28704261779785,19.374597549438477,18.596948623657227,14.908921241760254,14.66024398803711,17.730579376220703,20.787166595458984,22.366077423095703,22.661420822143555,22.838085174560547,21.834156036376953,21.127832412719727,20.313440322875977,18.677997589111328,19.14751434326172,19.972410202026367,22.282312393188477,22.73110008239746,24.165996551513672,22.8828125,24.854066848754883,24.23111343383789,21.513105392456055,20.00996971130371,18.606273651123047,17.73931312561035,19.760658264160156,23.79142951965332,26.40058135986328,26.864601135253906,26.062301635742188,25.693126678466797,25.461301803588867
20.29944610595703,20.336414337158203,20.22919464111328,20.784339904785156,21.274301528930664,21.275239944458008,20.354337692260742,18.258975982666016,18.133262634277344,20.091365814208984,20.934110641479492,17.47783851623535,18.468597412109375,13.834013938903809,13.874873161315918,18.159683227539062,19.93875503540039,19.659162521362305,19.393836975097656,19.292591094970703,18.801782608032227,18.68965721130371,17.833786010742188,15.42792797088623,19.033817291259766,19.492082595825195,21.51957893371582,19.520042419433594,21.297897338867188,22.085105895996094,23.13397789001465,23.615177154541016,21.32322883605957,20.15505599975586,18.852012634277344,18.147071838378906,20.106605529785156,23.532974243164062,25.918468475341797,26.31675148010254,25.590930938720703,25.57119369506836,26.063203811645508
19.70623016357422,19.75474739074707,19.68036460876465,20.86872100830078,21.329153060913086,21.141963958740234,19.935976028442383,17.71241569519043,17.0712890625,19.430898666381836,20.402244567871094,18.038354873657227,16.16180419921875,14.744622230529785,14.830711364746094,16.641700744628906,17.283843994140625,16.900482177734375,16.70885467529297,17.066120147705078,17.97049903869629,16.192913055419922,14.593515396118164,14.647018432617188,19.09654426574707,18.04355239868164,20.400894165039062,19.16852378845215,16.515823364257812,18.45072364807129,21.338363647460938,21.60308074951172,19.972864151000977,19.810245513916016,18.452388763427734,18.540557861328125,20.60771369934082,23.055173873901367,25.236576080322266,25.36325454711914,23.76161003112793,23.284793853759766,24.425312042236328
19.02722930908203,18.480140686035156,19.253944396972656,20.23272705078125,21.604103088378906,21.62071418762207,20.18942642211914,17.728858947753906,17.116527557373047,18.83694076538086,19.82839584350586,17.4013671875,15.878499984741211,14.512581825256348,15.599129676818848,16.178451538085938,15.665030479431152,15.287092208862305,14.83496379852295,15.513806343078613,16.635852813720703,14.761943817138672,13.948596000671387,15.535307884216309,15.352496147155762,15.739163398742676,18.384906768798828,18.842416763305664,15.733109474182129,14.614371299743652,18.171175003051758,19.124713897705078,17.776498794555664,17.874662399291992,16.90565299987793,17.085664749145508,19.32901382446289,22.132251739501953,24.60590934753418,24.037260055541992,21.059764862060547,20.858272552490234,21.454998016357422
19.05508041381836,18.052515029907227,18.760662078857422,19.789379119873047,21.112863540649414,21.610614776611328,20.450231552124023,18.054828643798828,17.53168487548828,19.185611724853516,20.036235809326172,17.756765365600586,15.333568572998047,13.60662841796875,15.250138282775879,16.14971351623535,15.615297317504883,14.774521827697754,14.703550338745117,15.314051628112793,15.213095664978027,13.555601119995117,13.363591194152832,16.077037811279297,15.722350120544434,13.389305114746094,16.82777214050293,15.86063289642334,13.17367935180664,12.85097599029541,15.955619812011719,16.723134994506836,14.729228019714355,14.425985336303711,14.495277404785156,15.905659675598145,18.016286849975586,20.14791488647461,22.282039642333984,21.69925308227539,17.847803115844727,17.81583023071289,19.733121871948242
18.648908615112305,18.08161163330078,18.929533004760742,20.07009506225586,21.01112937927246,21.776397705078125,21.46988868713379,19.62004852294922,18.36385726928711,18.986236572265625,19.436094284057617,17.939775466918945,15.208954811096191,13.528139114379883,14.315921783447266,15.776659965515137,15.871918678283691,15.656959533691406,16.092060089111328,15.31965160369873,14.157958984375,14.67599105834961,12.97403335571289,14.42051887512207,14.601621627807617,14.269939422607422,14.84018325805664,14.937063217163086,11.812835693359375,12.526969909667969,17.399524688720703,15.147063255310059,11.830263137817383,11.71103286743164,13.509756088256836,15.035627365112305,16.778928756713867,18.165264129638672,19.044864654541016,18.160079956054688,16.345260620117188,16.568225860595703,15.73630142211914
18.391815185546875,17.917715072631836,18.88689422607422,20.308631896972656,21.24282455444336,21.9852237701416,22.566497802734375,21.97942352294922,20.590900421142578,19.68302345275879,19.00419044494629,17.627622604370117,15.540336608886719,13.919607162475586,13.325777053833008,13.355108261108398,14.154507637023926,16.309154510498047,17.38865852355957,15.842592239379883,15.125127792358398,15.968948364257812,14.779455184936523,14.363235473632812,14.688828468322754,14.882115364074707,16.20449447631836,14.91760540008545,14.29517936706543,13.507311820983887,17.111042022705078,12.820846557617188,10.668264389038086,11.64906120300293,12.431581497192383,14.632822036743164,17.297962188720703,17.69405746459961,16.49995994567871,14.553886413574219,14.157620429992676,14.284271240234375,12.214885711669922
18.70953941345215,18.046873092651367,18.440471649169922,19.58389663696289,21.052223205566406,22.31456756591797,23.15972900390625,23.22953987121582,22.316497802734375,20.85126304626465,19.799793243408203,18.383455276489258,16.424070358276367,14.429208755493164,12.592580795288086,10.980015754699707,11.801400184631348,16.101531982421875,19.155696868896484,17.94167137145996,16.426021575927734,16.923683166503906,16.209802627563477,16.47980499267578,16.19329261779785,16.852014541625977,18.89411735534668,16.968111038208008,13.455822944641113,14.5013427734375,16.593048095703125,13.182096481323242,11.77817153930664,10.473228454589844,12.027054786682129,15.974738121032715,18.183971405029297,18.125547409057617,16.361692428588867,13.365732192993164,12.110767364501953,13.492963790893555,13.745287895202637
19.443111419677734,18.760700225830078,18.255064010620117,18.617422103881836,20.1370849609375,22.1007080078125,23.49263572692871,23.62621307373047,22.696443557739258,21.61911964416504,21.03541374206543,19.91898536682129,18.050077438354492,15.827162742614746,13.065835952758789,10.5259370803833,10.424311637878418,14.208527565002441,18.868961334228516,19.516881942749023,17.94647216796875,17.276288986206055,17.367773056030273,17.850942611694336,17.447721481323242,18.141712188720703,19.534027099609375,18.649599075317383,15.737849235534668,14.57679557800293,14.84022331237793,15.470046997070312,13.250490188598633,10.508199691772461,13.734399795532227,18.198917388916016,19.943979263305664,20.096065521240234,18.352319717407227,14.6237154006958,14.2572021484375,16.846342086791992,17.44226837158203
