data/wind_data/wind_63_6.json
{"header": {"parameterUnit": "KT", "parameterCategory": 2, "nx": 256, "ny": 198, "lo1": 44.73521041870117, "la1": -3.236724853515625, "lo2": 111.26478576660156, "la2": 43.468475341796875, "dx": 0.2609002888202667, "dy": -0.23708222806453705, "refTime": "2025-02-21 15:00:00", "forecastTime": 0, "parameterNumber": 2, "parameterNumberName": "eastward_wind"}, "data":
[rows 20 to 39 of 198, columns 135 to 179 of 256]
-10.60255241394043,-10.07326889038086,-8.481364250183105,-7.56160306930542,-7.764947891235352,-7.656918048858643,-8.13507080078125,-8.648896217346191,-9.07762336730957,-9.775997161865234,-9.913232803344727,-8.038041114807129,-5.203606128692627,-3.8716681003570557,-5.78097677230835,-7.591004371643066,-8.08591079711914,-8.32557201385498,-9.644811630249023,-11.367692947387695,-11.707793235778809,-10.974407196044922,-11.733708381652832,-12.864477157592773,-13.207489013671875,-13.22514533996582,-13.889601707458496,-14.001676559448242,-14.504551887512207,-14.327320098876953,-12.118522644042969,-12.160635948181152,-13.213848114013672,-14.522540092468262,-18.007858276367188,-20.228900909423828,-20.289175033569336,-19.83560562133789,-19.257802963256836,-18.800357818603516,-18.33468246459961,-17.731420516967773,-16.835100173950195,-16.071094512939453,-16.906192779541016
-11.018590927124023,-9.224832534790039,-7.594449043273926,-7.513471603393555,-8.431859016418457,-8.494922637939453,-8.61085319519043,-8.599309921264648,-8.850383758544922,-9.006882667541504,-7.932555198669434,-5.148102283477783,-3.3168258666992188,-4.567927360534668,-7.105648040771484,-8.277297019958496,-8.018054008483887,-7.146350860595703,-8.122633934020996,-10.84094524383545,-11.80540657043457,-11.901084899902344,-12.85542106628418,-13.490872383117676,-13.398761749267578,-13.043224334716797,-13.441617012023926,-14.153223037719727,-14.763609886169434,-14.369850158691406,-13.089682579040527,-12.623138427734375,-13.570837020874023,-13.406387329101562,-15.418148040771484,-17.621475219726562,-18.612974166870117,-18.26993751525879,-17.185266494750977,-17.144603729248047,-17.616086959838867,-17.654695510864258,-17.476701736450195,-17.227039337158203,-17.214393615722656
-10.24078369140625,-8.366766929626465,-8.096573829650879,-9.003219604492188,-9.986326217651367,-10.09698486328125,-9.680948257446289,-8.78016471862793,-8.274336814880371,-7.539188385009766,-6.057260990142822,-5.357136249542236,-6.412885665893555,-7.522185802459717,-8.650598526000977,-8.996600151062012,-8.484114646911621,-7.479610443115234,-7.894021987915039,-10.428747177124023,-12.472320556640625,-13.57654094696045,-13.959342956542969,-13.816246032714844,-13.314505577087402,-12.829202651977539,-13.343759536743164,-14.184394836425781,-14.249937057495117,-14.208332061767578,-14.008152961730957,-13.516322135925293,-13.353008270263672,-12.254573822021484,-12.724020004272461,-13.520514488220215,-15.440977096557617,-16.96251106262207,-16.6591796875,-16.20225715637207,-16.86052131652832,-17.798046112060547,-18.906164169311523,-17.974336624145508,-17.159446716308594
-9.49712085723877,-8.943120002746582,-9.622303009033203,-10.798779487609863,-11.266446113586426,-11.247868537902832,-10.242718696594238,-9.07472038269043,-8.444550514221191,-7.748561859130859,-7.456955432891846,-8.301956176757812,-9.264999389648438,-9.636981964111328,-9.392361640930176,-9.098219871520996,-8.994096755981445,-9.036945343017578,-9.137401580810547,-10.617548942565918,-12.845739364624023,-14.014427185058594,-14.334107398986816,-13.909956932067871,-13.75794792175293,-13.029836654663086,-13.64052677154541,-14.409981727600098,-14.106949806213379,-14.087862968444824,-14.679211616516113,-14.280855178833008,-13.117768287658691,-12.721965789794922,-12.094555854797363,-11.716100692749023,-13.735224723815918,-15.998247146606445,-16.96420669555664,-16.398868560791016,-17.07837677001953,-18.338329315185547,-18.26344871520996,-17.140159606933594,-16.028196334838867
-9.590449333190918,-9.573115348815918,-10.338627815246582,-11.36044979095459,-11.78177261352539,-11.631393432617188,-10.514012336730957,-9.774870872497559,-9.243245124816895,-9.019624710083008,-9.462489128112793,-10.206367492675781,-10.53405475616455,-10.345782279968262,-9.500885009765625,-9.128033638000488,-9.325506210327148,-9.908865928649902,-10.458566665649414,-11.250528335571289,-12.840716361999512,-13.805501937866211,-14.42470645904541,-14.349469184875488,-14.334871292114258,-13.602803230285645,-13.565507888793945,-13.58853816986084,-13.735681533813477,-13.966833114624023,-14.392626762390137,-14.817939758300781,-14.748980522155762,-13.48189926147461,-12.027188301086426,-12.020454406738281,-14.163568496704102,-16.408321380615234,-17.948657989501953,-17.77006721496582,-17.149188995361328,-17.374408721923828,-17.01127052307129,-15.712133407592773,-15.41159439086914
-10.26666259765625,-9.802079200744629,-9.919048309326172,-11.434637069702148,-11.86782455444336,-11.747956275939941,-10.81821060180664,-10.263097763061523,-9.98483943939209,-10.03892707824707,-10.305416107177734,-10.88385009765625,-10.87436580657959,-10.213671684265137,-9.379520416259766,-9.36981201171875,-9.910964012145996,-10.768024444580078,-10.646010398864746,-11.436724662780762,-12.740120887756348,-13.446077346801758,-14.444866180419922,-15.049074172973633,-14.793721199035645,-13.865477561950684,-13.110782623291016,-12.431011199951172,-12.538057327270508,-13.531060218811035,-14.48056411743164,-15.348742485046387,-14.742466926574707,-13.309876441955566,-13.184964179992676,-13.204853057861328,-15.310648918151855,-17.699176788330078,-18.970251083374023,-18.4531192779541,-16.833051681518555,-16.608495712280273,-15.985352516174316,-14.548032760620117,-15.52121639251709
-10.610124588012695,-10.169013023376465,-9.564166069030762,-10.971843719482422,-11.774177551269531,-11.489398002624512,-10.949007034301758,-10.38427734375,-10.329033851623535,-10.34569263458252,-10.527105331420898,-10.899024963378906,-10.838705062866211,-10.032662391662598,-9.339244842529297,-9.533673286437988,-10.496687889099121,-11.145858764648438,-11.305015563964844,-11.55108642578125,-12.307785034179688,-13.726518630981445,-14.784915924072266,-14.927083969116211,-14.312837600708008,-13.10007381439209,-12.201581954956055,-11.64964771270752,-11.622536659240723,-13.204947471618652,-14.77319049835205,-15.127918243408203,-13.868863105773926,-13.612055778503418,-13.355327606201172,-13.512346267700195,-16.05699920654297,-18.34778594970703,-17.78743553161621,-17.546367645263672,-16.86900520324707,-17.06367301940918,-15.314669609069824,-13.744878768920898,-15.91090202331543
-10.410140991210938,-9.851451873779297,-10.07162094116211,-10.54808521270752,-10.895586967468262,-10.628155708312988,-10.793241500854492,-10.239496231079102,-10.161060333251953,-10.189406394958496,-10.378920555114746,-10.512913703918457,-10.315234184265137,-9.954217910766602,-9.646634101867676,-9.649856567382812,-10.119401931762695,-10.811788558959961,-11.711223602294922,-12.241704940795898,-12.493538856506348,-13.738155364990234,-14.661517143249512,-14.200257301330566,-13.273226737976074,-12.330636024475098,-11.861772537231445,-11.808693885803223,-11.8567533493042,-13.199793815612793,-14.432021141052246,-14.28701114654541,-12.083974838256836,-10.575925827026367,-10.63593578338623,-12.94831371307373,-16.323387145996094,-16.928749084472656,-17.104331970214844,-17.7085018157959,-16.623563766479492,-16.15508460998535,-14.410072326660156,-13.967683792114258,-16.59813117980957
-9.110090255737305,-9.821489334106445,-9.786467552185059,-10.525063514709473,-9.7481107711792,-9.86353588104248,-10.040823936462402,-10.088017463684082,-10.031925201416016,-9.796916961669922,-9.8058500289917,-9.705610275268555,-9.574260711669922,-9.327316284179688,-9.115744590759277,-9.536737442016602,-10.10143756866455,-10.623369216918945,-11.36455249786377,-11.972733497619629,-12.74506950378418,-13.92853832244873,-14.18026065826416,-13.525925636291504,-12.506559371948242,-12.457525253295898,-12.449494361877441,-12.506043434143066,-12.762308120727539,-13.291214942932129,-13.341927528381348,-12.068485260009766,-10.14991283416748,-8.496023178100586,-8.172026634216309,-11.038323402404785,-15.379913330078125,-16.238645553588867,-16.38589859008789,-16.65715217590332,-16.81539535522461,-17.154281616210938,-14.46282958984375,-14.942198753356934,-16.637086868286133
-7.772878170013428,-8.841960906982422,-9.65322208404541,-9.648143768310547,-9.268739700317383,-9.205179214477539,-9.216954231262207,-9.775774002075195,-9.872637748718262,-9.521370887756348,-9.048255920410156,-8.910954475402832,-8.68183708190918,-8.47033977508545,-8.538466453552246,-9.07982063293457,-9.789122581481934,-10.388981819152832,-10.922944068908691,-11.510143280029297,-12.541884422302246,-13.769887924194336,-13.867749214172363,-12.938465118408203,-12.390642166137695,-12.48747444152832,-13.032146453857422,-13.046281814575195,-12.775583267211914,-12.977008819580078,-12.287154197692871,-10.291740417480469,-9.664498329162598,-9.334749221801758,-8.917204856872559,-10.592897415161133,-13.623546600341797,-14.018694877624512,-14.908846855163574,-15.367655754089355,-14.27779769897461,-14.6300687789917,-15.690879821777344,-16.08632469177246,-16.565019607543945
-7.220139026641846,-7.907944202423096,-9.11269760131836,-9.542235374450684,-9.090474128723145,-8.43735408782959,-8.608720779418945,-9.048504829406738,-9.29035472869873,-9.366613388061523,-8.850549697875977,-8.375808715820312,-7.8684186935424805,-7.571306228637695,-7.7820143699646,-8.544648170471191,-9.469144821166992,-10.175379753112793,-10.677433967590332,-11.156454086303711,-11.895891189575195,-13.029037475585938,-13.412858009338379,-12.699054718017578,-12.266874313354492,-12.362159729003906,-12.958794593811035,-13.029903411865234,-12.463136672973633,-12.32060432434082,-11.125041007995605,-10.011369705200195,-10.140491485595703,-10.356912612915039,-10.259472846984863,-11.035538673400879,-12.593584060668945,-13.530557632446289,-14.20888900756836,-14.174384117126465,-14.16711139678955,-17.840473175048828,-20.583755493164062,-18.597442626953125,-16.8370304107666
-6.887571334838867,-7.938348293304443,-8.860225677490234,-9.011566162109375,-8.34782886505127,-7.82324743270874,-8.068547248840332,-8.543432235717773,-8.998955726623535,-9.064275741577148,-8.660576820373535,-8.060437202453613,-7.332462787628174,-6.964141845703125,-7.269322872161865,-8.157403945922852,-9.35361099243164,-10.138433456420898,-10.375838279724121,-10.617716789245605,-11.39134407043457,-12.535860061645508,-12.90964126586914,-12.167764663696289,-11.506711959838867,-11.952363014221191,-12.988373756408691,-13.320903778076172,-12.552350997924805,-11.769365310668945,-11.296106338500977,-11.298230171203613,-10.598716735839844,-10.394513130187988,-9.122217178344727,-8.947464942932129,-12.632377624511719,-13.399887084960938,-13.65754508972168,-13.860215187072754,-14.955307960510254,-18.190336227416992,-19.281356811523438,-16.99728012084961,-17.419973373413086
-7.056580543518066,-7.639841079711914,-8.004190444946289,-8.067203521728516,-7.779374599456787,-7.610980987548828,-7.848050117492676,-8.253694534301758,-8.590644836425781,-8.784635543823242,-8.780511856079102,-8.200809478759766,-7.32681941986084,-6.744821548461914,-7.053264617919922,-8.013739585876465,-9.350690841674805,-10.204633712768555,-10.225516319274902,-10.074151039123535,-10.668353080749512,-11.948408126831055,-12.69228458404541,-12.191697120666504,-11.53729248046875,-12.032471656799316,-12.63608455657959,-12.777326583862305,-12.348089218139648,-11.766613006591797,-11.443222999572754,-10.343744277954102,-7.875298976898193,-10.847718238830566,-9.603670120239258,-8.38907527923584,-11.41181468963623,-13.734498023986816,-13.107380867004395,-14.043511390686035,-15.05666732788086,-16.815534591674805,-17.725866317749023,-17.42823028564453,-19.150224685668945
-7.183020114898682,-7.468064308166504,-7.422666549682617,-7.308007717132568,-7.3250732421875,-7.615538120269775,-8.165848731994629,-8.366440773010254,-8.269479751586914,-8.511982917785645,-8.856292724609375,-8.699429512023926,-7.867041110992432,-6.767079830169678,-7.098531723022461,-8.168375015258789,-9.345181465148926,-10.115721702575684,-10.219803810119629,-10.066256523132324,-10.524604797363281,-11.586262702941895,-12.511490821838379,-12.319178581237793,-11.338264465332031,-11.656991004943848,-12.593021392822266,-12.595487594604492,-11.878421783447266,-11.499170303344727,-13.003985404968262,-14.756988525390625,-11.49636173248291,-11.971640586853027,-12.241975784301758,-9.407803535461426,-10.828679084777832,-13.349984169006348,-12.605607986450195,-13.888606071472168,-16.068464279174805,-16.159189224243164,-16.079984664916992,-16.185400009155273,-18.460973739624023
-7.273030757904053,-7.33900260925293,-6.968456268310547,-6.6648268699646,-7.154792308807373,-8.036803245544434,-8.593453407287598,-8.372846603393555,-8.007946014404297,-8.223525047302246,-8.523962020874023,-8.966216087341309,-8.77804183959961,-7.34368371963501,-7.415016174316406,-8.556268692016602,-9.312952041625977,-9.885479927062988,-10.074143409729004,-10.148433685302734,-10.678773880004883,-11.520339012145996,-12.279799461364746,-12.153139114379883,-11.259561538696289,-11.453479766845703,-12.340388298034668,-12.113429069519043,-11.133750915527344,-10.142484664916992,-9.775943756103516,-10.25713062286377,-12.51106071472168,-14.65894603729248,-14.482592582702637,-11.246617317199707,-10.035125732421875,-13.072623252868652,-12.810829162597656,-14.160573959350586,-16.320615768432617,-16.756450653076172,-16.11454963684082,-16.326467514038086,-17.329957962036133
-7.059800624847412,-6.910099029541016,-6.6371636390686035,-6.64685583114624,-7.449367046356201,-8.462353706359863,-8.824453353881836,-8.297152519226074,-7.752172946929932,-7.7591657638549805,-8.157342910766602,-8.874918937683105,-9.444165229797363,-8.329636573791504,-7.846011638641357,-8.819422721862793,-9.187494277954102,-9.703309059143066,-9.945512771606445,-10.398972511291504,-10.874144554138184,-11.415488243103027,-11.896636009216309,-12.150949478149414,-11.845922470092773,-11.678727149963379,-12.109396934509277,-11.422311782836914,-10.074577331542969,-8.941314697265625,-8.64857292175293,-8.384476661682129,-9.355633735656738,-12.770200729370117,-15.339621543884277,-12.529561996459961,-11.615400314331055,-12.910430908203125,-13.499329566955566,-15.111913681030273,-16.73752212524414,-18.06641387939453,-16.23674774169922,-15.42286205291748,-16.109527587890625
-6.47952127456665,-6.2344770431518555,-6.361850261688232,-6.972945690155029,-7.687412261962891,-8.524477005004883,-8.765026092529297,-8.158852577209473,-7.606305122375488,-7.6230387687683105,-8.229787826538086,-9.015369415283203,-9.629847526550293,-8.635628700256348,-8.46420669555664,-8.953104972839355,-8.826935768127441,-9.346531867980957,-9.982870101928711,-10.914163589477539,-11.10457706451416,-10.510597229003906,-11.57661247253418,-12.275979995727539,-12.246735572814941,-11.232479095458984,-11.518254280090332,-10.586099624633789,-8.881969451904297,-8.065899848937988,-8.401716232299805,-9.016963958740234,-9.468542098999023,-10.745281219482422,-12.361281394958496,-12.977940559387207,-14.075567245483398,-12.676671981811523,-13.67135238647461,-14.897184371948242,-15.6705322265625,-16.940471649169922,-15.942863464355469,-13.582039833068848,-15.437272071838379
-5.124453067779541,-5.5584845542907715,-6.25353479385376,-7.109955310821533,-7.577512264251709,-8.122384071350098,-8.232046127319336,-7.981378078460693,-8.006147384643555,-8.26059341430664,-8.422533988952637,-9.089583396911621,-8.904633522033691,-8.080177307128906,-8.775105476379395,-8.904531478881836,-8.337160110473633,-8.708759307861328,-9.906034469604492,-11.79736042022705,-13.314072608947754,-9.477937698364258,-10.062592506408691,-12.029424667358398,-12.199832916259766,-10.36734676361084,-10.043651580810547,-9.553887367248535,-8.513766288757324,-7.395130634307861,-7.223530292510986,-8.455621719360352,-9.571392059326172,-10.100471496582031,-10.797478675842285,-12.512595176696777,-13.224721908569336,-12.636210441589355,-13.199371337890625,-13.564958572387695,-14.451530456542969,-15.595809936523438,-16.62991714477539,-14.993465423583984,-14.935022354125977
-3.8632779121398926,-5.24613094329834,-5.969710826873779,-6.630208969116211,-7.364133358001709,-7.568752765655518,-7.44877290725708,-7.419649124145508,-7.504382133483887,-8.159628868103027,-8.885730743408203,-8.729554176330566,-8.156217575073242,-8.109431266784668,-8.607625007629395,-8.663997650146484,-8.1777982711792,-8.162848472595215,-9.478723526000977,-11.43387222290039,-12.56523609161377,-10.438407897949219,-8.888191223144531,-11.967467308044434,-11.211774826049805,-9.579530715942383,-9.358729362487793,-9.371106147766113,-8.948281288146973,-7.534946441650391,-6.950087547302246,-7.65662145614624,-9.068042755126953,-10.037200927734375,-10.541462898254395,-11.043182373046875,-11.297813415527344,-12.150125503540039,-12.8887357711792,-13.046907424926758,-13.50143814086914,-14.438889503479004,-15.710277557373047,-15.623700141906738,-14.254436492919922
-3.822972059249878,-4.765103816986084,-4.766180515289307,-6.1690521240234375,-7.413477420806885,-6.839494705200195,-6.523956775665283,-6.6196441650390625,-6.739101886749268,-7.541317462921143,-8.591732025146484,-8.33705997467041,-8.234648704528809,-8.160195350646973,-8.261409759521484,-8.429143905639648,-8.122642517089844,-7.9447712898254395,-9.191205978393555,-10.715720176696777,-11.362265586853027,-10.350186347961426,-9.61706829071045,-10.643102645874023,-10.736289024353027,-9.154918670654297,-9.27951717376709,-9.611092567443848,-9.20761489868164,-7.984365463256836,-7.2916460037231445,-7.87579870223999,-8.840533256530762,-9.472476959228516,-9.874557495117188,-10.193441390991211,-10.645151138305664,-11.814927101135254,-12.783108711242676,-13.12258529663086,-13.37370491027832,-14.42403507232666,-15.728057861328125,-13.783251762390137,-13.385231018066406
