data/wind_data/wind_58_4.json
{"header": {"parameterUnit": "KT", "parameterCategory": 2, "nx": 256, "ny": 198, "lo1": 44.73521041870117, "la1": -3.236724853515625, "lo2": 111.26478576660156, "la2": 43.468475341796875, "dx": 0.2609002888202667, "dy": -0.23708222806453705, "refTime": "2025-02-21 10:00:00", "forecastTime": 0, "parameterNumber": 2, "parameterNumberName": "eastward_wind"}, "data":
[rows 0 to 18 of 198, columns 176 to 219 of 256]
9.862181663513184,9.328413009643555,8.658699035644531,8.415329933166504,10.11749267578125,11.737528800964355,11.469991683959961,10.159941673278809,7.556789398193359,5.552999496459961,5.034063339233398,5.262603282928467,6.319395065307617,6.584412574768066,5.802122116088867,5.203133583068848,4.832294464111328,5.1463751792907715,6.0191521644592285,6.699863910675049,7.27284049987793,7.749213218688965,8.097404479980469,8.149886131286621,8.164759635925293,8.548186302185059,9.029081344604492,9.47718620300293,9.820548057556152,9.990804672241211,9.978693008422852,9.801783561706543,9.25882625579834,8.24040412902832,7.290669918060303,6.456878185272217,6.122380256652832,6.2642388343811035,6.232187747955322,6.091522216796875,5.9870734214782715,5.872696399688721,5.534186363220215,5.606005668640137
10.267914772033691,9.232458114624023,7.733576774597168,6.732606887817383,8.765018463134766,11.171028137207031,11.452682495117188,10.773560523986816,8.688827514648438,6.149814605712891,4.474545001983643,4.8608503341674805,7.499222278594971,8.316290855407715,6.5642409324646,5.198400497436523,4.625760078430176,4.666034698486328,5.39732551574707,6.9693145751953125,8.810184478759766,9.745981216430664,10.081040382385254,9.91714096069336,9.472786903381348,9.288673400878906,9.2459135055542,9.175712585449219,9.10412883758545,9.198715209960938,9.289868354797363,9.23788833618164,8.909187316894531,8.322016716003418,7.571628570556641,6.463955402374268,5.7581939697265625,5.560572147369385,5.621500015258789,5.972262859344482,6.065593719482422,5.854539394378662,5.731922626495361,6.967064380645752
8.98398208618164,8.556289672851562,8.334856986999512,8.179990768432617,8.792734146118164,9.677023887634277,9.748085021972656,9.560098648071289,9.749639511108398,9.052075386047363,6.863292694091797,6.540388584136963,8.768826484680176,9.588578224182129,8.039034843444824,6.454010486602783,4.926911354064941,4.638958930969238,6.2690839767456055,7.35717248916626,7.076649188995361,7.359203815460205,8.456568717956543,8.363804817199707,7.517781734466553,7.623155117034912,8.25813102722168,8.48293399810791,8.44536304473877,8.563931465148926,8.77292251586914,9.02064323425293,8.844945907592773,8.027981758117676,7.107733249664307,6.072799205780029,5.386900901794434,5.032751083374023,4.974097728729248,5.50429630279541,5.774866104125977,5.939362049102783,7.172022342681885,8.94680404663086
7.801292896270752,7.537787437438965,8.122031211853027,9.005464553833008,8.675601959228516,7.872161388397217,7.568634986877441,8.02630615234375,9.392374992370605,10.290048599243164,8.99379825592041,8.338942527770996,9.09703254699707,9.272259712219238,8.276920318603516,6.796360015869141,5.513611793518066,5.8422417640686035,7.506182670593262,7.563063144683838,5.815290451049805,5.493772029876709,6.740514755249023,6.824108123779297,6.269339084625244,6.534250259399414,7.519336700439453,7.765711307525635,7.903460502624512,8.317483901977539,8.68958854675293,9.200642585754395,9.290840148925781,8.110353469848633,6.834167957305908,5.907256126403809,5.371073246002197,4.835203170776367,4.793433666229248,6.0242695808410645,5.775816917419434,6.783524036407471,7.4651265144348145,8.30801773071289
7.065659523010254,6.42075777053833,6.623982906341553,6.882328987121582,6.227924823760986,6.0269775390625,6.353566646575928,7.248813152313232,7.701416492462158,8.810994148254395,8.566433906555176,8.339329719543457,7.797745704650879,5.7846503257751465,5.519656181335449,5.683382987976074,6.868287563323975,7.998134613037109,7.53862190246582,6.28577184677124,6.043201923370361,6.451345443725586,6.811535358428955,6.703693389892578,7.913548946380615,8.348203659057617,8.714188575744629,7.288743495941162,7.614412307739258,8.362899780273438,9.013097763061523,10.346717834472656,10.746025085449219,8.090214729309082,6.313529968261719,6.2856903076171875,6.344747066497803,5.425922393798828,5.736895561218262,8.365365028381348,6.034241676330566,9.08980941772461,4.29018497467041,6.678040504455566
6.885336875915527,6.239171504974365,6.735953330993652,7.996068477630615,7.042448043823242,5.635062217712402,5.822997570037842,7.141678810119629,8.259188652038574,9.13901138305664,9.187294960021973,8.641161918640137,9.384468078613281,7.803328990936279,7.756999492645264,6.5454559326171875,6.724817276000977,6.218595027923584,5.519169330596924,6.325611114501953,6.651967525482178,6.331315040588379,6.982053279876709,7.714531898498535,7.954680919647217,8.877166748046875,8.480871200561523,6.395894527435303,7.7334160804748535,7.976053237915039,8.475863456726074,10.203743934631348,9.927898406982422,6.087489604949951,5.011897563934326,5.511102676391602,5.541692733764648,5.862389087677002,6.421447277069092,6.564350128173828,3.825655460357666,4.14747953414917,7.890338897705078,9.314483642578125
6.355609893798828,6.120632648468018,6.221911430358887,6.326943874359131,5.728920936584473,5.375030994415283,5.1837944984436035,6.591933727264404,6.8871378898620605,7.181997299194336,7.8981475830078125,7.001402378082275,6.186804294586182,4.997661590576172,6.845278739929199,6.712898254394531,6.981448173522949,4.993262767791748,3.7165613174438477,4.945329189300537,7.206632614135742,7.058817386627197,6.72905969619751,8.187664985656738,6.947501182556152,8.165718078613281,8.371132850646973,7.200726509094238,9.438820838928223,9.001789093017578,8.752592086791992,8.381422996520996,8.344626426696777,6.1350417137146,5.875043869018555,7.050522327423096,7.3197407722473145,6.840975284576416,5.422077178955078,2.196333169937134,-3.5617387294769287,12.69532299041748,15.059117317199707,12.566326141357422
6.274785995483398,5.455235004425049,5.419155597686768,6.136988162994385,4.223122596740723,5.026241779327393,4.191269874572754,5.1217241287231445,4.749727725982666,5.965417861938477,6.122307777404785,4.579745769500732,5.532708644866943,5.795816421508789,4.496126651763916,6.175408363342285,6.3226823806762695,3.5554776191711426,3.1884264945983887,5.351013660430908,6.612220764160156,6.202014446258545,6.395023822784424,7.634388446807861,7.622321605682373,8.302557945251465,8.672100067138672,8.36065673828125,8.618241310119629,8.378242492675781,9.789460182189941,6.745859146118164,5.993851184844971,7.354584217071533,8.144050598144531,8.411269187927246,7.9340925216674805,6.1052985191345215,3.045121192932129,0.989764928817749,3.055161237716675,8.292441368103027,12.266463279724121,11.559642791748047
6.46004056930542,5.731817722320557,5.1107707023620605,4.883700847625732,4.627564907073975,5.138915538787842,5.338653564453125,4.808467864990234,4.594120979309082,4.651832103729248,4.226332664489746,3.2882277965545654,4.677309513092041,5.919680118560791,6.039730072021484,5.98067569732666,5.245337963104248,3.6685333251953125,4.0154852867126465,5.764761447906494,6.530669689178467,6.520746231079102,7.042501926422119,7.940645694732666,8.445931434631348,8.125992774963379,8.065729141235352,8.111234664916992,8.879339218139648,9.081951141357422,9.968753814697266,7.457943439483643,6.853633880615234,8.328393936157227,9.564462661743164,8.901359558105469,8.187654495239258,5.252715110778809,4.430230617523193,6.265730381011963,7.131115436553955,10.673563957214355,11.822917938232422,11.296623229980469
7.0772247314453125,6.2669782638549805,5.175705432891846,4.848695755004883,4.554468631744385,5.456401348114014,6.282934665679932,6.054076194763184,5.1803717613220215,3.6413094997406006,3.305988311767578,3.4741809368133545,5.2261152267456055,5.406846046447754,5.159237384796143,4.360145092010498,4.252046585083008,4.604237079620361,5.752642631530762,6.879348278045654,7.3561530113220215,7.525649547576904,7.861748695373535,8.567606925964355,8.81024169921875,8.03372859954834,7.976381301879883,8.744032859802246,9.839303016662598,9.357562065124512,8.273975372314453,8.82674789428711,8.371315956115723,7.323470592498779,7.807362079620361,7.422475337982178,7.757896900177002,5.509149074554443,4.116710662841797,8.306057929992676,11.559890747070312,12.919010162353516,12.046489715576172,10.57472038269043
6.061055660247803,5.225693225860596,3.7661054134368896,3.7743332386016846,4.328422546386719,5.228353500366211,6.954965114593506,7.170131683349609,6.328665256500244,4.892972469329834,3.913208484649658,4.183437347412109,4.494075298309326,3.9664864540100098,3.862154960632324,3.8706002235412598,4.12563419342041,5.329967498779297,6.971346855163574,8.001221656799316,8.081212997436523,7.811868667602539,8.046579360961914,8.41733455657959,8.095947265625,7.406210422515869,7.933193683624268,9.077103614807129,9.901030540466309,8.121115684509277,7.452711582183838,7.397456169128418,7.0146284103393555,6.906684398651123,6.951573371887207,6.224210262298584,6.786741256713867,5.198468208312988,4.234354496002197,7.925417900085449,8.93489933013916,8.805022239685059,8.49917984008789,8.070791244506836
3.5288808345794678,3.157945394515991,2.3155603408813477,2.846709728240967,3.3630573749542236,4.416176795959473,5.769134044647217,6.2496657371521,6.467979907989502,7.126382350921631,6.6621246337890625,5.4958367347717285,4.6003923416137695,3.869873285293579,4.588621616363525,5.0075578689575195,5.1298112869262695,6.029109001159668,7.207059860229492,8.084418296813965,7.824312210083008,7.409049987792969,7.790774345397949,7.988428115844727,7.518630027770996,6.870022773742676,7.144161224365234,8.556355476379395,8.59032154083252,5.7275519371032715,6.379882335662842,6.730772495269775,6.188982963562012,6.292069911956787,6.909273624420166,6.167911529541016,6.143530368804932,3.061246633529663,5.175470352172852,6.123440265655518,6.181990146636963,6.0246806144714355,5.902087211608887,6.103545665740967
2.274146556854248,3.3728365898132324,3.2987687587738037,2.6951637268066406,2.6372663974761963,3.2622292041778564,3.8203859329223633,4.694766998291016,5.30012845993042,6.417279243469238,7.248376846313477,6.069930076599121,4.913193225860596,4.904354572296143,5.886484622955322,5.701113700866699,6.095707416534424,6.678422451019287,7.435162544250488,7.789644718170166,7.418433666229248,7.428522109985352,7.789016246795654,7.742170810699463,7.163602352142334,6.409961223602295,5.963241100311279,6.984290599822998,6.784302711486816,5.260635852813721,6.067455291748047,6.197598934173584,5.932326793670654,6.001784324645996,6.481395244598389,3.8435628414154053,5.387805938720703,3.1569082736968994,4.191884517669678,4.31673002243042,4.9410271644592285,5.023207187652588,4.715604782104492,4.988586902618408
1.9045366048812866,4.017751216888428,4.957086563110352,3.9969613552093506,3.5691335201263428,3.614773988723755,3.3082118034362793,3.1898224353790283,3.527367353439331,4.848583698272705,5.1789937019348145,4.297516345977783,4.6646294593811035,5.917512893676758,5.956057548522949,6.182230472564697,6.925765514373779,7.243391990661621,7.57041597366333,7.521356105804443,7.528581619262695,7.827036380767822,7.924334526062012,7.660192012786865,6.561681270599365,6.2597880363464355,5.651924133300781,5.329503059387207,6.073126792907715,6.627074718475342,6.385129451751709,6.144244194030762,7.252981185913086,6.497971057891846,4.901889801025391,2.217047691345215,4.380626678466797,5.441864967346191,5.335759162902832,4.962375640869141,5.516130447387695,5.060658931732178,4.746857643127441,3.8837006092071533
2.1280388832092285,4.123138904571533,6.243798732757568,5.3127241134643555,4.090781211853027,4.1093549728393555,3.783473491668701,3.1157267093658447,3.3979625701904297,4.538137435913086,3.743262767791748,3.385941505432129,5.384143352508545,6.863977432250977,5.749734401702881,5.571746826171875,6.125225067138672,6.923734188079834,7.2297444343566895,7.3047404289245605,7.546490669250488,7.538844108581543,7.511231899261475,7.156745910644531,6.206029891967773,5.839003086090088,5.736777305603027,4.161626815795898,5.280040264129639,6.422372341156006,7.579813480377197,8.56082534790039,9.22073745727539,5.890226364135742,3.601243495941162,3.825644016265869,5.369454383850098,5.987859725952148,6.107607841491699,5.868412494659424,4.850118160247803,4.198296546936035,3.830432176589966,3.039327383041382
4.662549018859863,3.0827746391296387,5.321231365203857,5.426652431488037,3.9425930976867676,3.784222364425659,3.8781776428222656,4.0394134521484375,5.210758686065674,6.162264347076416,5.04356050491333,4.881094932556152,7.146337985992432,6.66878604888916,5.0056376457214355,5.277502536773682,6.025508403778076,6.853776931762695,6.957775115966797,7.033132076263428,7.1699748039245605,6.636955738067627,6.964115142822266,6.5065436363220215,6.171836853027344,4.066382884979248,3.6834323406219482,2.6664650440216064,4.788482189178467,7.949706077575684,9.224343299865723,9.651251792907715,7.329245090484619,5.3202056884765625,5.3264641761779785,7.7494096755981445,6.071839809417725,5.67966365814209,5.316761493682861,4.640457630157471,2.4219233989715576,2.231879472732544,2.4557363986968994,2.718907356262207
4.006868362426758,4.863218784332275,4.781725883483887,4.84411096572876,4.000403881072998,3.256669521331787,3.370565891265869,4.387038707733154,5.559038162231445,6.606760025024414,6.8610005378723145,6.91740083694458,7.348489284515381,7.453120231628418,4.54496431350708,5.9493021965026855,6.268295764923096,6.337625503540039,5.8080034255981445,6.617537021636963,7.549026966094971,6.7942986488342285,6.58889627456665,6.316132068634033,6.194332599639893,2.6544835567474365,3.410818338394165,3.2207939624786377,6.083610534667969,8.91104507446289,8.708368301391602,8.2186861038208,3.8685600757598877,3.117077350616455,5.164056777954102,5.7567057609558105,4.749556541442871,3.3437161445617676,3.0465312004089355,2.1693694591522217,1.5156573057174683,1.0587841272354126,1.4083445072174072,2.2714245319366455
4.218484878540039,4.411129474639893,5.061324596405029,5.21009635925293,6.021440505981445,5.105675220489502,4.370182514190674,4.532735824584961,4.643385410308838,5.524396896362305,7.163654804229736,7.677835464477539,5.704576015472412,8.41377067565918,7.27964448928833,5.496169567108154,5.12423849105835,5.306500434875488,3.789724349975586,6.695558547973633,7.3743767738342285,7.982611179351807,7.226315498352051,6.599677562713623,6.943842887878418,4.523566722869873,4.879746913909912,5.847939491271973,7.8770294189453125,8.021910667419434,6.697962760925293,4.72763204574585,0.9861220121383667,3.971193790435791,4.840367794036865,4.452120304107666,3.0926403999328613,1.627585530281067,0.10123468190431595,1.3042428493499756,1.6068235635757446,1.1957778930664062,1.2260808944702148,1.6735718250274658
4.458850860595703,1.0953680276870728,6.614230632781982,5.180042743682861,7.476353645324707,7.647646427154541,6.212750434875488,5.287416458129883,5.328603744506836,5.817968845367432,6.693963527679443,7.357019901275635,7.983287811279297,8.095394134521484,6.798266410827637,5.326086044311523,5.063684940338135,5.457218647003174,5.229943752288818,5.749391555786133,5.7808003425598145,7.651295185089111,7.31263542175293,6.946452617645264,6.5620551109313965,5.9146246910095215,6.089105129241943,6.65665340423584,6.442917823791504,5.462007999420166,4.832304954528809,5.144979953765869,2.779660224914551,3.263733148574829,4.575708389282227,3.693589925765991,1.669708490371704,0.7648609280586243,1.5018905401229858,1.440767765045166,2.5209319591522217,1.8889188766479492,1.3490018844604492,1.0175377130508423
