data/wind_data/wind_15_4.json
{"header": {"parameterUnit": "KT", "parameterCategory": 2, "nx": 256, "ny": 198, "lo1": 44.73521041870117, "la1": -3.236724853515625, "lo2": 111.26478576660156, "la2": 43.468475341796875, "dx": 0.2609002888202667, "dy": -0.23708222806453705, "refTime": "2025-02-19 15:00:00", "forecastTime": 0, "parameterNumber": 2, "parameterNumberName": "eastward_wind"}, "data":
[rows 0 to 18 of 198, columns 0 to 43 of 256]
-2.314769983291626,-2.5060789585113525,-2.3519866466522217,-1.8297926187515259,-1.0907645225524902,-0.20336991548538208,0.09511338919401169,0.044025324285030365,0.36194318532943726,0.9225682616233826,1.7615742683410645,2.7119593620300293,3.434654951095581,4.209775924682617,5.407727241516113,6.40982723236084,6.751157760620117,6.93945837020874,7.154201030731201,7.254807949066162,7.230153560638428,7.005838394165039,6.553110599517822,6.1954569816589355,5.943592548370361,5.592461585998535,5.197688102722168,5.2617011070251465,5.59236478805542,5.534490585327148,5.303035259246826,5.1932597160339355,5.112807750701904,5.06514310836792,4.901462078094482,4.33870267868042,3.8377139568328857,3.750671625137329,3.6600003242492676,3.4471147060394287,3.0178475379943848,2.244150161743164,1.9013724327087402,2.119743585586548
-2.7076618671417236,-2.9536144733428955,-2.711400270462036,-2.2344727516174316,-1.7238900661468506,-1.0936022996902466,-0.9136341214179993,-0.9569686055183411,-0.498675674200058,0.21949635446071625,0.9812991619110107,1.7143813371658325,2.2121286392211914,2.7700443267822266,3.760925531387329,4.641975402832031,5.053824424743652,5.516298770904541,5.98834228515625,6.138113975524902,6.143317699432373,6.014850616455078,5.652568340301514,5.216166973114014,4.76893424987793,4.539638042449951,4.360890865325928,4.452160835266113,4.82432746887207,4.697349548339844,4.3702850341796875,4.364427089691162,4.4398040771484375,4.556068420410156,4.506779193878174,4.091852188110352,3.866215705871582,3.86295223236084,3.7682862281799316,3.635364294052124,3.114030122756958,2.1946821212768555,1.9201774597167969,2.2925000190734863
-3.122575521469116,-3.548452377319336,-3.185971975326538,-2.6932995319366455,-2.208655834197998,-1.6463721990585327,-1.4465668201446533,-1.406766653060913,-0.9715555906295776,-0.31908291578292847,0.3490317165851593,0.9650631546974182,1.2748383283615112,1.5895589590072632,2.265211343765259,3.0071775913238525,3.7344777584075928,4.418841361999512,4.873147487640381,4.97918176651001,4.792054176330566,4.620741844177246,4.4744038581848145,4.128674507141113,3.675724506378174,3.6084835529327393,3.663301706314087,3.7964370250701904,4.083547115325928,3.970390558242798,3.7538905143737793,3.873363971710205,4.021683216094971,4.026894569396973,3.9136016368865967,3.736555337905884,3.738259792327881,3.801870107650757,3.7563657760620117,3.65301775932312,3.1678810119628906,2.349843978881836,2.0749053955078125,2.338829755783081
-3.3235924243927,-3.843623399734497,-3.566282033920288,-3.0184357166290283,-2.565819263458252,-1.9802892208099365,-1.7773644924163818,-1.719240427017212,-1.3644624948501587,-0.8222319483757019,-0.28888270258903503,0.17707915604114532,0.36290407180786133,0.5343747735023499,0.9490082859992981,1.5097061395645142,2.323373794555664,3.057987689971924,3.4501242637634277,3.5422873497009277,3.346728563308716,3.2724485397338867,3.268934965133667,2.9668312072753906,2.5561161041259766,2.5754568576812744,2.776669979095459,2.963212728500366,3.169703245162964,3.103558301925659,3.0307095050811768,3.208500385284424,3.3788094520568848,3.4039299488067627,3.438671827316284,3.5758414268493652,3.7329800128936768,3.799931764602661,3.783438205718994,3.657578229904175,3.213320255279541,2.5593783855438232,2.2602977752685547,2.3640310764312744
-3.096060276031494,-3.878150224685669,-3.79997181892395,-3.345642566680908,-3.2235050201416016,-2.7833173274993896,-2.616783618927002,-2.281615972518921,-1.7482755184173584,-1.0948748588562012,-0.5856191515922546,-0.43046799302101135,-0.49771013855934143,-0.5158787369728088,-0.28339123725891113,0.17024187743663788,0.6645886301994324,1.027321696281433,1.3978508710861206,1.7840982675552368,1.9413511753082275,2.118523120880127,2.259572744369507,2.137803792953491,1.9710499048233032,2.1102192401885986,2.2805051803588867,2.3627068996429443,2.3751060962677,2.1581480503082275,1.868524193763733,1.8261983394622803,2.073004722595215,2.3847529888153076,2.8315486907958984,3.3370890617370605,3.620049238204956,3.47477388381958,3.0731701850891113,3.0651116371154785,3.3260886669158936,3.3213682174682617,2.9999876022338867,2.742013454437256
-2.8845250606536865,-3.7945313453674316,-3.831986427307129,-3.583596706390381,-4.0495100021362305,-3.6736443042755127,-3.557990074157715,-3.116132974624634,-2.2714409828186035,-1.5650200843811035,-1.1945840120315552,-1.269225001335144,-1.6082332134246826,-1.835007905960083,-1.7048108577728271,-1.3131619691848755,-0.9620694518089294,-0.6814612150192261,-0.2617746889591217,0.21561117470264435,0.7141410112380981,1.143118977546692,1.2527596950531006,1.018972396850586,0.8958264589309692,1.1141434907913208,1.3469934463500977,1.387082576751709,1.3521549701690674,1.4273070096969604,1.542294979095459,1.6614980697631836,1.9169511795043945,2.2546098232269287,2.681231737136841,3.2294487953186035,3.6391148567199707,3.461566209793091,2.9530909061431885,2.8608038425445557,3.1806206703186035,3.1773087978363037,2.8161776065826416,2.6214842796325684
-2.8093135356903076,-3.524700880050659,-3.4954943656921387,-3.5461013317108154,-4.658229351043701,-4.008119106292725,-3.815114736557007,-3.492130994796753,-2.7376208305358887,-2.1753005981445312,-1.9580492973327637,-2.1387171745300293,-2.4950525760650635,-2.7404944896698,-2.789868116378784,-2.7290422916412354,-2.5921378135681152,-2.1528897285461426,-1.373077154159546,-0.5794200897216797,0.05134082958102226,0.36363086104393005,0.2690436840057373,-0.02176276408135891,-0.1493324190378189,-0.08491703122854233,0.1101926788687706,0.36832159757614136,0.487506240606308,0.6097280979156494,0.7970301508903503,1.0530891418457031,1.4539225101470947,1.8916051387786865,2.296813726425171,2.7450709342956543,3.0367841720581055,2.8207056522369385,2.476922035217285,2.2725000381469727,2.6979143619537354,2.8872056007385254,2.865751028060913,2.7371842861175537
-2.8909382820129395,-3.4408974647521973,-3.292177200317383,-3.4517288208007812,-4.711544990539551,-4.0251007080078125,-3.624201536178589,-3.4757375717163086,-2.9564614295959473,-2.557168960571289,-2.464250087738037,-2.7342207431793213,-2.999011754989624,-3.166044235229492,-3.4188549518585205,-3.745086908340454,-3.849669933319092,-3.3333778381347656,-2.2884650230407715,-1.3090934753417969,-0.7593932747840881,-0.5857172608375549,-0.6517132520675659,-0.8692591786384583,-1.1025028228759766,-1.212812900543213,-1.003051519393921,-0.6294907331466675,-0.4246620535850525,-0.23489931225776672,0.07891550660133362,0.47386157512664795,0.943107545375824,1.4309890270233154,1.766052484512329,1.894690990447998,1.9705851078033447,2.0966007709503174,2.0433154106140137,1.6516460180282593,1.9758542776107788,2.190767288208008,2.6598870754241943,2.7024595737457275
-3.1707239151000977,-3.551352024078369,-3.3389570713043213,-3.361375093460083,-4.281750679016113,-4.169931888580322,-3.6594350337982178,-3.4113519191741943,-2.9886844158172607,-2.770055055618286,-2.860158681869507,-3.2083425521850586,-3.3571977615356445,-3.4159328937530518,-3.8163864612579346,-4.3800249099731445,-4.588584899902344,-4.057119369506836,-2.9634909629821777,-2.0400044918060303,-1.597655177116394,-1.466793417930603,-1.5361684560775757,-1.812416911125183,-2.1062777042388916,-2.0992963314056396,-1.816428303718567,-1.6347779035568237,-1.6000646352767944,-1.4029914140701294,-0.9215493202209473,-0.34078291058540344,0.2574343681335449,0.7803071141242981,0.9736279249191284,0.9210728406906128,1.0509517192840576,2.041584014892578,1.7263988256454468,1.399825096130371,1.380791187286377,1.4462664127349854,2.133999824523926,2.425065040588379
-3.305941104888916,-3.641921281814575,-3.5178287029266357,-3.4138360023498535,-3.887282133102417,-4.422924041748047,-3.9293346405029297,-3.381784439086914,-3.046398878097534,-3.043963670730591,-3.360543727874756,-3.7412874698638916,-3.763911247253418,-3.7074692249298096,-4.138651371002197,-4.732539653778076,-4.883169651031494,-4.421894550323486,-3.5093953609466553,-2.6866180896759033,-2.2885870933532715,-2.2429027557373047,-2.4858953952789307,-2.853516101837158,-2.8864197731018066,-2.58693265914917,-2.45200252532959,-2.698755979537964,-2.9273581504821777,-2.672002077102661,-2.0090909004211426,-1.2503823041915894,-0.5901613235473633,-0.122090183198452,0.14664959907531738,0.3747566044330597,0.39309161901474,1.7610583305358887,1.1332083940505981,1.0435796976089478,0.7637184262275696,0.7435066103935242,1.4463109970092773,2.0646047592163086
-3.2650957107543945,-3.7962987422943115,-3.8790688514709473,-3.780399799346924,-3.8635354042053223,-4.462039470672607,-4.103920936584473,-3.452946424484253,-3.26345157623291,-3.353675603866577,-3.7730093002319336,-4.1298627853393555,-4.078339099884033,-3.990360975265503,-4.365415096282959,-4.8816375732421875,-5.052844524383545,-4.779806137084961,-4.044643402099609,-3.2662785053253174,-2.85817289352417,-2.91231107711792,-3.352935552597046,-3.6585135459899902,-3.4415838718414307,-3.169847249984741,-3.3913190364837646,-3.93381404876709,-4.121987342834473,-3.6273386478424072,-2.7601096630096436,-1.9585105180740356,-1.4596617221832275,-1.135340929031372,-0.7898446321487427,-0.364554226398468,0.028025193139910698,0.8737609386444092,0.5738914608955383,0.20838326215744019,0.05766711011528969,0.14168667793273926,0.8814192414283752,1.759821891784668
-3.6755926609039307,-4.187493801116943,-4.233341693878174,-4.075831890106201,-4.18094539642334,-4.220679759979248,-4.146337032318115,-3.7306902408599854,-3.52710223197937,-3.4865500926971436,-3.8834500312805176,-4.221816062927246,-4.207026481628418,-4.2280449867248535,-4.604318141937256,-5.106101036071777,-5.412308216094971,-5.280210971832275,-4.622429370880127,-3.836008310317993,-3.394211530685425,-3.5312256813049316,-4.006789207458496,-4.230385780334473,-4.112766742706299,-4.104092121124268,-4.484716892242432,-4.919166088104248,-4.783636569976807,-4.03321647644043,-3.0760843753814697,-2.3836753368377686,-2.144538164138794,-2.1042935848236084,-1.9306293725967407,-1.6466084718704224,-1.4328808784484863,-0.8972394466400146,-0.21661078929901123,-0.9013110995292664,-0.7302879095077515,-0.3823922872543335,0.41180115938186646,1.2696222066879272
-4.493594169616699,-4.798759460449219,-4.539626598358154,-4.085644245147705,-4.120100498199463,-3.9945597648620605,-4.304047584533691,-4.191253185272217,-3.8300132751464844,-3.5492186546325684,-3.83469295501709,-4.241631031036377,-4.414135456085205,-4.579108715057373,-5.008734703063965,-5.554240703582764,-5.939511299133301,-5.874729633331299,-5.234185695648193,-4.409870147705078,-3.9739632606506348,-4.128336429595947,-4.546842098236084,-4.851542949676514,-5.012644290924072,-5.165146350860596,-5.434741497039795,-5.543097019195557,-5.099640846252441,-4.24875020980835,-3.4506804943084717,-3.119959831237793,-3.237657308578491,-3.5158586502075195,-3.6202147006988525,-3.236847162246704,-2.6453495025634766,-2.3010365962982178,-2.0998475551605225,-2.0501222610473633,-1.503210186958313,-1.2025998830795288,-0.31346672773361206,0.4085749685764313
-5.2565789222717285,-5.205938339233398,-4.768364906311035,-4.240776538848877,-3.9078774452209473,-4.012872219085693,-4.664245128631592,-4.719086170196533,-4.281041145324707,-3.75788950920105,-3.924546003341675,-4.466701984405518,-4.872417449951172,-5.188663005828857,-5.716625213623047,-6.187620162963867,-6.440493106842041,-6.372862339019775,-5.779456615447998,-4.989593982696533,-4.608354091644287,-4.754961967468262,-5.134325981140137,-5.554770469665527,-5.825804233551025,-5.943159103393555,-6.014129161834717,-5.878381252288818,-5.367644786834717,-4.657132625579834,-4.190206050872803,-4.2595720291137695,-4.584173202514648,-4.741299629211426,-4.6189188957214355,-4.372678756713867,-4.242330551147461,-4.0771484375,-3.774538040161133,-3.1927380561828613,-2.468621253967285,-2.4824323654174805,-1.315781831741333,-0.7615681886672974
-5.914059638977051,-5.326502799987793,-4.9655022621154785,-4.680255889892578,-4.247675895690918,-4.325091361999512,-4.883230686187744,-4.956491470336914,-4.596536636352539,-4.097937107086182,-4.280597686767578,-4.966893196105957,-5.592094898223877,-6.05723237991333,-6.549033164978027,-6.77597188949585,-6.771969318389893,-6.67286491394043,-6.309823513031006,-5.722001552581787,-5.348242282867432,-5.400294780731201,-5.6944756507873535,-6.029427528381348,-6.241901874542236,-6.364049911499023,-6.403746128082275,-6.193979263305664,-5.704124450683594,-5.178469181060791,-4.942019939422607,-5.082538604736328,-5.343710422515869,-5.411536693572998,-5.204314231872559,-4.87352180480957,-4.889760971069336,-4.979943752288818,-5.332534313201904,-4.41826057434082,-3.8122096061706543,-3.734323024749756,-2.540275812149048,-2.1082968711853027
-5.935086250305176,-5.480287075042725,-5.429042339324951,-5.343733787536621,-5.306687355041504,-4.849160671234131,-4.8614888191223145,-4.8934407234191895,-4.718050479888916,-4.528862476348877,-4.80836296081543,-5.5654683113098145,-6.333876132965088,-6.856564044952393,-7.231916427612305,-7.270102500915527,-7.108534336090088,-7.044579029083252,-6.980239391326904,-6.615152835845947,-6.1433258056640625,-5.960229396820068,-6.016053199768066,-6.10134220123291,-6.289146900177002,-6.578928470611572,-6.714089870452881,-6.499849319458008,-6.045900821685791,-5.62698221206665,-5.454253673553467,-5.49990701675415,-5.709150791168213,-5.91659688949585,-5.748898983001709,-5.3565216064453125,-5.297098636627197,-5.680220127105713,-6.162489891052246,-5.272796630859375,-5.058703899383545,-4.760915279388428,-3.908036470413208,-3.5303449630737305
-5.500320911407471,-5.724461555480957,-5.973257541656494,-6.135983467102051,-6.698424816131592,-5.338122844696045,-4.772649765014648,-4.781330108642578,-4.805180549621582,-5.009504318237305,-5.418774604797363,-6.101284027099609,-6.908829212188721,-7.509828567504883,-7.844910621643066,-7.84436559677124,-7.673301696777344,-7.638575553894043,-7.736137390136719,-7.562917232513428,-6.97871208190918,-6.436130523681641,-6.184773921966553,-6.176980972290039,-6.4630584716796875,-6.876416206359863,-7.032700061798096,-6.842122554779053,-6.485715389251709,-6.204827308654785,-6.004265308380127,-5.991969108581543,-6.240350723266602,-6.499135971069336,-6.393023490905762,-6.073254108428955,-5.883382797241211,-5.9711198806762695,-6.371248722076416,-6.633678913116455,-5.663258075714111,-5.896723747253418,-5.255745887756348,-4.829589366912842
-4.769717216491699,-5.113133430480957,-5.608486652374268,-6.689335823059082,-8.158364295959473,-5.74846887588501,-4.712831974029541,-4.818570137023926,-5.121461391448975,-5.687703609466553,-6.25294828414917,-6.790694713592529,-7.478329658508301,-8.09217643737793,-8.458739280700684,-8.511296272277832,-8.371871948242188,-8.344717979431152,-8.508252143859863,-8.465426445007324,-7.868959903717041,-7.096871376037598,-6.6615142822265625,-6.705131530761719,-7.06430721282959,-7.423995494842529,-7.533698558807373,-7.392975807189941,-7.1451005935668945,-6.905770301818848,-6.715249061584473,-6.805967330932617,-7.259078025817871,-7.55339241027832,-7.425533771514893,-7.2398481369018555,-7.21326208114624,-7.106767654418945,-6.779885768890381,-6.508786201477051,-6.484381198883057,-6.999308109283447,-6.537054061889648,-5.931380271911621
-4.113176345825195,-4.292172908782959,-5.067821979522705,-7.128801345825195,-9.297260284423828,-6.23188591003418,-4.55027437210083,-4.970452308654785,-5.627573490142822,-6.524254322052002,-7.251321315765381,-7.693481922149658,-8.161120414733887,-8.66712474822998,-9.042530059814453,-9.131993293762207,-9.069694519042969,-9.142008781433105,-9.311216354370117,-9.228549003601074,-8.64146900177002,-7.847300052642822,-7.424851894378662,-7.5050578117370605,-7.7775726318359375,-8.065922737121582,-8.289677619934082,-8.359944343566895,-8.284462928771973,-8.137396812438965,-8.10171890258789,-8.383115768432617,-8.771621704101562,-8.887606620788574,-8.695305824279785,-8.538551330566406,-8.495105743408203,-8.337310791015625,-8.147486686706543,-8.108657836914062,-8.148618698120117,-8.055094718933105,-7.52244758605957,-6.71258020401001
