data/wind_data/wind_19_8.json
{"header": {"parameterUnit": "KT", "parameterCategory": 2, "nx": 256, "ny": 198, "lo1": 44.73521041870117, "la1": -3.236724853515625, "lo2": 111.26478576660156, "la2": 43.468475341796875, "dx": 0.2609002888202667, "dy": -0.23708222806453705, "refTime": "2025-02-19 19:00:00", "forecastTime": 0, "parameterNumber": 2, "parameterNumberName": "eastward_wind"}, "data":
[rows 76 to 94 of 198, columns 176 to 219 of 256]
4.3630051612854,4.268287181854248,4.12947940826416,4.128058910369873,4.173945903778076,3.9675936698913574,3.3817293643951416,2.653641700744629,2.1109659671783447,1.6607812643051147,1.210327386856079,1.2678579092025757,2.1238863468170166,3.398247480392456,4.75819206237793,5.837515354156494,6.402548789978027,6.638432025909424,6.62054967880249,6.032718658447266,4.988799095153809,4.585359573364258,5.770659446716309,7.431522369384766,8.910545349121094,10.691612243652344,11.387810707092285,9.940642356872559,8.392621040344238,8.24247932434082,8.26327133178711,7.059191703796387,5.909918308258057,6.459461212158203,8.203951835632324,9.54241943359375,10.003658294677734,10.866430282592773,10.670604705810547,9.829111099243164,10.898731231689453,12.013102531433105,11.689159393310547,10.960805892944336
4.083261013031006,4.069964408874512,3.9246437549591064,3.862940549850464,4.013289451599121,4.197973251342773,4.065378665924072,3.493591070175171,2.7189393043518066,1.957573652267456,1.2470128536224365,0.8985673785209656,1.4354660511016846,2.862562417984009,4.42378044128418,5.428217887878418,5.998324871063232,6.537210941314697,6.948312759399414,6.816773891448975,5.9269304275512695,4.984543800354004,5.181766986846924,6.479949474334717,8.482216835021973,10.686095237731934,11.83320140838623,11.054271697998047,9.765998840332031,9.439740180969238,9.364144325256348,8.137411117553711,6.500910758972168,6.520201206207275,7.608311176300049,8.612078666687012,9.76070499420166,11.223450660705566,10.895071029663086,9.775705337524414,9.858160018920898,9.975330352783203,9.647982597351074,9.680351257324219
3.9625065326690674,4.129348278045654,4.072881698608398,3.9182088375091553,3.8761184215545654,4.069356918334961,4.256410121917725,4.066323280334473,3.422927141189575,2.56211519241333,1.719078779220581,1.1303949356079102,1.348692774772644,2.679075002670288,4.336548805236816,5.448342323303223,6.027901649475098,6.444915294647217,6.79042911529541,6.986379623413086,6.629680633544922,5.644861698150635,4.9896464347839355,5.655301570892334,7.619351387023926,9.79695987701416,11.153656959533691,11.240361213684082,10.444571495056152,9.714967727661133,9.05690860748291,8.022253036499023,6.63904333114624,6.221543312072754,6.545054912567139,6.828092098236084,8.096646308898926,10.444245338439941,11.677203178405762,11.596551895141602,9.90452766418457,7.721493244171143,7.517885684967041,8.5870361328125
3.783846616744995,4.113197326660156,4.214214324951172,4.112186908721924,3.940204381942749,3.940300464630127,4.171284198760986,4.326773643493652,4.06490421295166,3.358020544052124,2.4877521991729736,1.8118633031845093,1.8024444580078125,2.7188162803649902,4.140488624572754,5.421245098114014,6.186594486236572,6.383363246917725,6.339486598968506,6.575019836425781,6.815227031707764,6.327001571655273,5.322622299194336,5.195530891418457,6.567470073699951,8.5311861038208,10.138569831848145,10.89799976348877,10.677203178405762,9.827857971191406,8.738865852355957,7.951855659484863,7.029300689697266,6.120462417602539,5.86915922164917,5.859536647796631,6.979453086853027,9.974876403808594,12.276632308959961,12.536458969116211,10.013675689697266,7.268043518066406,6.852938175201416,7.7569355964660645
3.67231822013855,3.9999608993530273,4.20398473739624,4.240055561065674,4.163828372955322,4.126718997955322,4.296456813812256,4.605815410614014,4.7370476722717285,4.3898186683654785,3.609865665435791,2.886488676071167,2.6565775871276855,3.0320076942443848,3.900298833847046,5.096158027648926,6.089526176452637,6.388560771942139,6.174779891967773,6.169798374176025,6.496860504150391,6.5604248046875,5.972693920135498,5.461466312408447,5.893368244171143,7.3122639656066895,9.177835464477539,10.594468116760254,10.81640625,9.951339721679688,8.793981552124023,8.380743980407715,8.195150375366211,7.114550590515137,6.378782749176025,6.514926910400391,7.763824939727783,10.442314147949219,12.183675765991211,12.52419376373291,10.514143943786621,7.652159214019775,6.407382965087891,6.704967021942139
4.018741607666016,4.107885360717773,4.231020450592041,4.334112167358398,4.44980525970459,4.609339714050293,4.8417277336120605,5.156371593475342,5.497664928436279,5.578100681304932,5.050357818603516,4.234169006347656,3.7200403213500977,3.5801146030426025,3.8303654193878174,4.681953430175781,5.785508632659912,6.408387660980225,6.345621109008789,6.123361110687256,6.180882453918457,6.326209545135498,6.237429618835449,6.025632858276367,6.003921985626221,6.660595417022705,8.412116050720215,10.523945808410645,11.2720308303833,10.204123497009277,8.997225761413574,8.944568634033203,9.413389205932617,8.72640609741211,7.984020709991455,8.292083740234375,9.379557609558105,11.109264373779297,12.568645477294922,13.661304473876953,11.43591022491455,7.2480034828186035,5.111453056335449,5.125942707061768
4.989604949951172,4.867117881774902,4.697188377380371,4.652006149291992,4.791592121124268,5.108676910400391,5.534753799438477,5.925395488739014,6.222714900970459,6.43424129486084,6.360561847686768,5.756877422332764,4.890528678894043,4.230384826660156,4.057189464569092,4.593307018280029,5.582498073577881,6.433647155761719,6.705305576324463,6.457467555999756,6.203455448150635,6.107519626617432,6.042099952697754,6.1585164070129395,6.366230010986328,6.733760356903076,8.233882904052734,10.648605346679688,11.82992935180664,10.622149467468262,9.258939743041992,9.426231384277344,10.150450706481934,10.011038780212402,9.755233764648438,10.088712692260742,10.615123748779297,11.619757652282715,13.750387191772461,16.052959442138672,12.944689750671387,6.75342321395874,3.5830297470092773,3.462023973464966
6.083136081695557,6.139984130859375,5.812690258026123,5.418030738830566,5.299290180206299,5.540163516998291,6.083353042602539,6.639085292816162,6.846782207489014,6.824309825897217,6.963423252105713,6.916031837463379,6.130655288696289,5.104536056518555,4.651359558105469,4.902189254760742,5.560141086578369,6.515818119049072,7.228205680847168,7.132460594177246,6.592434406280518,6.097800254821777,5.804074764251709,6.075060844421387,6.726428031921387,7.251556873321533,8.518599510192871,10.685738563537598,11.90369701385498,10.885085105895996,9.562603950500488,9.645769119262695,10.332022666931152,10.775595664978027,10.983990669250488,10.823906898498535,10.678313255310059,11.675963401794434,14.71835994720459,18.068456649780273,14.795337677001953,7.367786884307861,3.120743751525879,2.512263774871826
6.9224114418029785,7.239668369293213,7.145884037017822,6.638833522796631,6.165455341339111,6.110355854034424,6.549327850341797,7.156986236572266,7.3860764503479,7.192000865936279,7.111876487731934,7.172253608703613,6.830141544342041,6.105601787567139,5.643666744232178,5.605177879333496,5.640614032745361,6.310338497161865,7.583138942718506,8.115558624267578,7.416778564453125,6.316948413848877,5.787980079650879,6.364429950714111,7.399767875671387,7.97964334487915,8.790668487548828,10.326626777648926,11.256174087524414,10.799912452697754,9.81383991241455,9.561827659606934,10.173007011413574,10.87179183959961,11.03530502319336,10.499723434448242,10.793837547302246,12.193635940551758,15.184639930725098,18.625699996948242,15.96546459197998,8.307710647583008,3.2126169204711914,1.8771413564682007
7.6466383934021,7.796854019165039,7.9446845054626465,7.780362606048584,7.367364406585693,7.063669204711914,7.138514518737793,7.542184829711914,7.8925251960754395,7.912841796875,7.68332052230835,7.282496929168701,6.831453323364258,6.524947643280029,6.488205432891846,6.386139869689941,5.828521251678467,5.9950480461120605,7.6082539558410645,8.98640251159668,8.55579662322998,6.917205333709717,6.16203498840332,6.980688571929932,8.174039840698242,8.605687141418457,8.817559242248535,9.597722053527832,10.265392303466797,10.457756996154785,10.109506607055664,9.680170059204102,9.928963661193848,10.672046661376953,10.881108283996582,10.119073867797852,11.111968040466309,13.412894248962402,15.300220489501953,18.014869689941406,16.433387756347656,9.143306732177734,3.2634778022766113,1.3582886457443237
8.657220840454102,8.167093276977539,8.147372245788574,8.304965019226074,8.287647247314453,8.067243576049805,7.881556510925293,7.967859745025635,8.381878852844238,8.86832332611084,8.993385314941406,8.468011856079102,7.521193981170654,6.760586261749268,6.511221885681152,6.373302936553955,5.982952117919922,6.219365119934082,7.808823585510254,9.48181438446045,9.308770179748535,7.506738662719727,6.7015700340271,7.632536888122559,8.645299911499023,8.910202026367188,8.875463485717773,9.036258697509766,9.47848892211914,10.110025405883789,10.524409294128418,10.553618431091309,10.560182571411133,11.274039268493652,11.1203031539917,10.19755744934082,11.307333946228027,12.958267211914062,14.85080623626709,18.22069549560547,16.805091857910156,9.450194358825684,3.735363721847534,1.9628288745880127
10.0333833694458,8.868849754333496,8.277068138122559,8.363351821899414,8.636921882629395,8.689106941223145,8.493524551391602,8.317862510681152,8.621859550476074,9.501053810119629,10.297874450683594,10.365097045898438,9.574605941772461,8.115205764770508,6.52328634262085,5.648351669311523,6.017529487609863,7.206097602844238,8.631072998046875,9.619439125061035,9.17352294921875,7.736566066741943,7.247633934020996,8.12492561340332,9.043831825256348,9.229594230651855,9.107799530029297,9.049968719482422,9.290332794189453,9.948107719421387,10.658516883850098,11.429479598999023,11.94505500793457,12.773643493652344,12.244035720825195,10.752936363220215,10.679342269897461,11.661765098571777,14.015271186828613,17.794544219970703,17.495155334472656,10.41567611694336,4.552580833435059,2.8648552894592285
11.345593452453613,10.066737174987793,8.901130676269531,8.443452835083008,8.692405700683594,9.095821380615234,9.124067306518555,8.730366706848145,8.66141414642334,9.57075309753418,10.86186695098877,11.640007019042969,11.485509872436523,9.934789657592773,7.268313884735107,5.6979899406433105,6.822179794311523,8.779613494873047,9.72670841217041,9.595949172973633,8.782666206359863,8.108806610107422,8.280162811279297,8.919573783874512,9.567174911499023,9.70232105255127,9.309582710266113,9.31069564819336,9.597554206848145,10.027379989624023,10.714197158813477,11.836576461791992,12.835278511047363,13.798761367797852,13.70728588104248,11.732709884643555,10.159503936767578,10.673853874206543,13.036107063293457,16.29705238342285,17.694223403930664,12.004388809204102,5.632909774780273,3.591068983078003
12.132149696350098,11.311567306518555,10.128947257995605,9.064517974853516,8.8305025100708,9.396098136901855,9.791449546813965,9.354039192199707,8.9644136428833,9.712221145629883,11.147918701171875,12.295275688171387,12.462305068969727,10.893364906311035,8.026579856872559,6.7450056076049805,8.332706451416016,10.390898704528809,10.858064651489258,10.112910270690918,9.147188186645508,8.833148002624512,9.436190605163574,10.214038848876953,10.580483436584473,10.378525733947754,9.630166053771973,9.4201021194458,9.884515762329102,10.331576347351074,11.074963569641113,12.213614463806152,13.219536781311035,13.997960090637207,14.29194450378418,13.07647705078125,10.59124755859375,9.884527206420898,11.621896743774414,14.328490257263184,17.249696731567383,14.495781898498535,7.807151794433594,4.539109706878662
12.510604858398438,12.258662223815918,11.638564109802246,10.607601165771484,9.92458438873291,10.170809745788574,10.509883880615234,10.059353828430176,9.600016593933105,10.204922676086426,11.596233367919922,12.899788856506348,13.09743595123291,11.402849197387695,8.718652725219727,7.872844219207764,9.51929759979248,11.445182800292969,12.049466133117676,11.341043472290039,10.11923885345459,9.51949691772461,9.997929573059082,11.003948211669922,11.780364990234375,11.622014045715332,10.563136100769043,9.603801727294922,9.918630599975586,10.916472434997559,11.94225025177002,12.918929100036621,13.6726713180542,13.958532333374023,14.16068172454834,13.3070650100708,11.173408508300781,9.59048843383789,9.956504821777344,12.543909072875977,16.169694900512695,16.58329200744629,10.6347074508667,6.645484447479248
13.150416374206543,13.233054161071777,13.12502384185791,12.587442398071289,12.1223783493042,12.105502128601074,11.825989723205566,10.916875839233398,10.306096076965332,10.76026725769043,12.094063758850098,13.480372428894043,13.713465690612793,12.097884178161621,9.65810775756836,8.557337760925293,9.904390335083008,11.821062088012695,12.876188278198242,12.370718955993652,10.789121627807617,9.897558212280273,10.400333404541016,11.354292869567871,12.293156623840332,12.425086975097656,11.406991958618164,10.049568176269531,10.242594718933105,11.805235862731934,13.265915870666504,14.03917121887207,14.131443977355957,14.217432022094727,14.133403778076172,12.570564270019531,10.88256549835205,9.881193161010742,9.99306869506836,11.300321578979492,13.976217269897461,16.042455673217773,14.334149360656738,10.405192375183105
14.775174140930176,14.84673023223877,14.700636863708496,14.396042823791504,14.382107734680176,14.563446044921875,13.901226043701172,12.408897399902344,11.418776512145996,11.525824546813965,12.654789924621582,13.982507705688477,14.186793327331543,12.939163208007812,10.881003379821777,9.267929077148438,9.748554229736328,11.613999366760254,13.044331550598145,12.606703758239746,10.699006080627441,9.66870403289795,10.485058784484863,11.609171867370605,12.383246421813965,12.573513984680176,11.640393257141113,10.40377426147461,10.870795249938965,12.795821189880371,14.494199752807617,15.145989418029785,14.780704498291016,14.589664459228516,14.58602523803711,12.944130897521973,10.909994125366211,10.344829559326172,10.36482048034668,11.242386817932129,12.398565292358398,14.211333274841309,15.750460624694824,14.007351875305176
16.964868545532227,16.927663803100586,16.435104370117188,15.958784103393555,16.05961036682129,16.49938201904297,15.997980117797852,14.508285522460938,13.380415916442871,13.1322660446167,13.798711776733398,14.73192310333252,14.69322395324707,13.822698593139648,12.474629402160645,10.640521049499512,9.980247497558594,11.284171104431152,12.703377723693848,12.064436912536621,9.909817695617676,8.759344100952148,9.628153800964355,11.06120777130127,12.317957878112793,12.825921058654785,11.8985595703125,10.565529823303223,11.139055252075195,13.208298683166504,14.825946807861328,15.368401527404785,15.26894760131836,15.133949279785156,14.991045951843262,14.15428352355957,12.21155834197998,10.596643447875977,10.826765060424805,11.80986499786377,11.829229354858398,11.864530563354492,14.188287734985352,16.05381202697754
18.72220802307129,18.700439453125,18.181617736816406,17.476200103759766,17.298320770263672,17.683208465576172,17.43690299987793,16.284299850463867,15.369088172912598,15.185664176940918,15.638895988464355,16.17136573791504,15.72912311553955,14.802947044372559,14.14393138885498,12.88969898223877,11.568488121032715,11.584738731384277,12.312326431274414,11.491181373596191,9.29531478881836,8.217353820800781,8.973981857299805,10.256114959716797,11.670489311218262,12.763153076171875,12.241950988769531,10.84870719909668,11.084183692932129,12.936101913452148,14.434762954711914,14.789100646972656,14.748574256896973,14.984649658203125,14.839600563049316,14.487324714660645,13.680220603942871,11.796907424926758,11.175591468811035,11.793094635009766,10.720791816711426,9.726107597351074,12.869881629943848,15.990172386169434
