data/wind_data/wind_37_9.json
{"header": {"parameterUnit": "KT", "parameterCategory": 2, "nx": 256, "ny": 198, "lo1": 44.73521041870117, "la1": -3.236724853515625, "lo2": 111.26478576660156, "la2": 43.468475341796875, "dx": 0.2609002888202667, "dy": -0.23708222806453705, "refTime": "2025-02-20 13:00:00", "forecastTime": 0, "parameterNumber": 2, "parameterNumberName": "eastward_wind"}, "data":
[rows 95 to 113 of 198, columns 86 to 128 of 256]
3.9435880184173584,6.498654365539551,9.570229530334473,11.851880073547363,12.510614395141602,11.704811096191406,9.91130256652832,7.490786552429199,4.786444187164307,2.342775344848633,1.1062967777252197,1.522923231124878,3.1328275203704834,5.540165424346924,8.119782447814941,9.590362548828125,10.015521049499512,10.75028133392334,12.077446937561035,12.945626258850098,12.876984596252441,12.297296524047852,11.589466094970703,10.594647407531738,8.860397338867188,6.919355869293213,5.8187103271484375,6.463314056396484,8.656539916992188,10.157928466796875,9.569933891296387,6.953885078430176,3.8978099822998047,1.9405663013458252,0.8921991586685181,0.06135623902082443,-0.8194053173065186,-1.3700430393218994,-1.0358738899230957,0.34864407777786255,1.4783732891082764,2.1386606693267822,3.211170196533203
5.18615198135376,7.975050449371338,10.981740951538086,12.904683113098145,12.986259460449219,11.418601036071777,8.8003511428833,5.723361968994141,2.8201100826263428,0.565537691116333,-0.5271123647689819,0.009504894725978374,1.8094055652618408,4.163906097412109,6.611963748931885,8.438064575195312,9.203917503356934,9.829582214355469,11.103402137756348,11.884712219238281,11.183245658874512,10.10212230682373,9.71596622467041,9.693756103515625,8.992752075195312,7.691089153289795,6.619746685028076,6.483624458312988,8.018101692199707,10.024596214294434,10.584708213806152,9.048028945922852,6.346271514892578,4.26771354675293,2.969724655151367,1.9164674282073975,0.6477237343788147,-0.9666533470153809,-1.9054651260375977,-1.5663195848464966,-0.21894031763076782,0.5336194038391113,1.3433187007904053
6.660154342651367,9.269591331481934,11.769705772399902,12.95947265625,12.170397758483887,9.856317520141602,6.981932640075684,4.080524921417236,1.600218653678894,0.14397569000720978,-0.01818118803203106,1.016540765762329,2.695815324783325,4.237720966339111,5.564044952392578,6.860562324523926,7.761399745941162,8.426864624023438,10.151971817016602,11.873502731323242,9.878434181213379,6.375008583068848,5.444451332092285,6.933471202850342,8.201203346252441,8.025073051452637,7.517012119293213,7.441631317138672,8.249956130981445,9.681214332580566,10.571078300476074,9.890813827514648,7.799317359924316,6.017107963562012,5.1655802726745605,4.230775833129883,2.593759059906006,0.3533517122268677,-1.5965956449508667,-2.431469202041626,-1.7237509489059448,-1.0484915971755981,-0.42450496554374695
8.356780052185059,10.354209899902344,11.91921615600586,12.071606636047363,10.465093612670898,7.893301010131836,5.381816387176514,3.1208479404449463,1.3377110958099365,0.7828247547149658,1.6191022396087646,3.3430373668670654,5.125185489654541,6.133325576782227,6.293114185333252,6.2548909187316895,6.35900354385376,6.415856838226318,7.533174514770508,10.704072952270508,10.85348129272461,5.4082865715026855,1.17791748046875,1.8044241666793823,4.915666103363037,7.393041610717773,8.415671348571777,8.876983642578125,9.30091381072998,9.905827522277832,10.495259284973145,10.34773063659668,8.80447769165039,6.912123203277588,6.201912879943848,5.846220970153809,4.404668807983398,1.7512725591659546,-0.9477826952934265,-2.6349079608917236,-2.908759832382202,-1.9423904418945312,-0.7727729082107544
10.49155330657959,11.495034217834473,11.815091133117676,10.955506324768066,8.963600158691406,6.629661560058594,4.6219563484191895,2.8110880851745605,1.5145939588546753,1.73480224609375,3.4201583862304688,5.633691310882568,7.513474941253662,8.5029878616333,8.165888786315918,6.78491735458374,5.46515417098999,4.629889011383057,4.682518005371094,6.935647010803223,10.181224822998047,8.425310134887695,2.82985258102417,-0.0033511684741824865,1.3837106227874756,4.30253791809082,7.096074104309082,9.177491188049316,10.224933624267578,10.67008113861084,11.032931327819824,11.08555793762207,9.950204849243164,7.755974769592285,6.580408096313477,6.538762092590332,5.700520992279053,3.148705005645752,-0.14677046239376068,-2.4973888397216797,-3.364593029022217,-2.472184658050537,-0.7895209789276123
12.491029739379883,12.285386085510254,11.386013984680176,9.817172050476074,7.819041728973389,6.00985860824585,4.832120895385742,3.757493257522583,2.7310523986816406,3.016818046569824,4.963573455810547,7.386247634887695,9.303506851196289,10.400317192077637,10.12880802154541,8.147034645080566,5.627397060394287,3.907960891723633,3.2259488105773926,4.124157905578613,6.960738182067871,9.246674537658691,7.011240482330322,3.368016481399536,1.8125706911087036,2.4427523612976074,4.369385242462158,6.96865701675415,9.29257583618164,10.5715913772583,11.230958938598633,11.523066520690918,10.8701810836792,8.798517227172852,6.971930503845215,6.636789798736572,6.058813571929932,3.899198055267334,0.6865200400352478,-2.1429250240325928,-3.2107393741607666,-2.625011920928955,-1.075043797492981
13.500946044921875,12.157744407653809,10.390159606933594,8.532426834106445,6.885469436645508,5.945660591125488,5.960990905761719,6.0307416915893555,5.381101131439209,5.018217086791992,6.157097339630127,8.243380546569824,10.229888916015625,11.577881813049316,11.796170234680176,10.41097354888916,7.836064338684082,5.336320877075195,3.5814874172210693,3.1367645263671875,4.625669479370117,7.537785530090332,9.025981903076172,7.527195453643799,5.432199954986572,3.9642398357391357,3.5176939964294434,4.60689115524292,6.725569248199463,8.301332473754883,9.306730270385742,10.350690841674805,10.686092376708984,9.322538375854492,7.330976486206055,6.4012250900268555,5.584832668304443,3.4145548343658447,0.6668535470962524,-1.5955477952957153,-2.5534257888793945,-2.107022762298584,-0.845740020275116
13.400860786437988,11.47343635559082,9.646464347839355,8.224077224731445,7.341425895690918,7.17680025100708,7.855984210968018,8.565053939819336,8.0249662399292,6.854439735412598,6.994197845458984,8.581670761108398,10.460888862609863,11.87069320678711,12.536893844604492,12.21438980102539,10.596734046936035,8.011028289794922,5.433282375335693,3.8131861686706543,3.9706690311431885,5.947287559509277,8.513879776000977,9.490190505981445,8.6547269821167,6.950597763061523,4.687364101409912,3.188816785812378,3.2901387214660645,3.9121923446655273,5.316161155700684,7.451314926147461,8.932310104370117,8.740155220031738,7.360788345336914,6.108766078948975,4.7778143882751465,2.2286484241485596,-0.5622295141220093,-1.9338830709457397,-1.8594862222671509,-1.1408576965332031,-0.20600755512714386
13.279269218444824,11.238936424255371,9.820348739624023,9.173491477966309,9.193156242370605,9.603962898254395,10.411615371704102,11.048949241638184,10.110690116882324,8.038656234741211,7.1938042640686035,8.492423057556152,10.787667274475098,12.394001960754395,12.624313354492188,12.119081497192383,11.37300968170166,10.0623140335083,8.037386894226074,5.8604326248168945,4.562570095062256,5.074760913848877,7.040791988372803,8.885149002075195,9.28648853302002,8.07988452911377,5.718552589416504,2.990351676940918,0.405720978975296,-0.7920284867286682,1.069811463356018,4.389023303985596,6.802865505218506,7.435072422027588,6.768817901611328,5.715698719024658,4.336063385009766,1.5347018241882324,-2.031081199645996,-3.7667927742004395,-2.624239206314087,-0.9993999004364014,0.0999283418059349
13.6703519821167,11.43433952331543,10.003239631652832,9.580211639404297,10.297111511230469,11.827836990356445,13.285994529724121,13.434560775756836,11.80769157409668,9.811989784240723,8.276500701904297,8.073480606079102,10.204387664794922,12.978711128234863,13.388809204101562,11.71753978729248,10.357343673706055,9.948131561279297,9.512060165405273,8.180980682373047,6.198983192443848,4.6978325843811035,4.631085395812988,5.921248435974121,7.2082719802856445,6.982759475708008,5.1771440505981445,3.047945976257324,0.46978649497032166,-1.0372374057769775,0.29980212450027466,2.9506585597991943,5.036636829376221,5.751296520233154,5.677304744720459,5.117282867431641,4.058813571929932,1.5491604804992676,-2.4871606826782227,-5.4209370613098145,-5.00638484954834,-2.731236219406128,-0.7528605461120605
13.61550521850586,10.946544647216797,9.14954948425293,8.700155258178711,10.152170181274414,13.199764251708984,15.907737731933594,15.502646446228027,13.146166801452637,11.952871322631836,10.824114799499512,9.12278938293457,9.117740631103516,11.641913414001465,13.729933738708496,13.04813003540039,10.905875205993652,9.315095901489258,8.767765998840332,8.318209648132324,6.890785217285156,4.289278030395508,2.071388006210327,2.193549633026123,4.085321426391602,5.438034534454346,4.916004180908203,3.623124599456787,2.588834762573242,2.359344959259033,2.845738172531128,3.6818230152130127,3.9947192668914795,3.677002429962158,3.922658681869507,4.202295303344727,3.6384551525115967,1.62180495262146,-2.0694360733032227,-5.382588863372803,-6.06709098815918,-4.268514633178711,-1.96598219871521
12.824907302856445,9.699295997619629,7.655605792999268,7.526363372802734,9.965834617614746,14.519163131713867,17.885269165039062,16.76371955871582,14.402068138122559,13.472009658813477,12.617408752441406,11.219414710998535,10.238264083862305,10.954009056091309,12.662324905395508,13.528888702392578,12.644248962402344,10.668538093566895,8.57898235321045,6.67732048034668,4.7480974197387695,2.766160011291504,1.3733984231948853,1.805234670639038,3.827949047088623,5.769407749176025,6.043330669403076,5.035729885101318,4.538193702697754,4.787062644958496,4.819434642791748,4.648303985595703,3.6075682640075684,2.0616986751556396,1.8004556894302368,2.7759902477264404,2.951374053955078,1.315144419670105,-1.6618540287017822,-4.129870891571045,-4.589545249938965,-3.5719423294067383,-2.033597707748413
11.76076889038086,8.160070419311523,6.349092483520508,7.099043846130371,10.495211601257324,15.97659683227539,18.791259765625,17.178508758544922,14.789348602294922,13.479273796081543,13.047680854797363,12.676304817199707,11.950848579406738,11.581406593322754,12.081768989562988,12.813227653503418,12.604893684387207,11.110546112060547,8.996373176574707,6.716848850250244,4.557828426361084,3.0948214530944824,2.637425184249878,3.421555995941162,5.275790691375732,7.124703407287598,7.479714870452881,6.431863307952881,5.68791389465332,5.59451961517334,5.148497104644775,4.334702968597412,3.0698816776275635,1.388493537902832,0.3808682858943939,0.9654430150985718,1.8982517719268799,0.9266703128814697,-1.887712836265564,-3.7966301441192627,-3.01676344871521,-1.6275187730789185,-0.8410950303077698
10.416372299194336,6.703198432922363,5.831462860107422,7.872125148773193,12.185586929321289,17.25797462463379,18.796573638916016,16.85472297668457,13.980072975158691,12.419319152832031,12.823089599609375,13.16342830657959,12.027463912963867,10.778586387634277,10.580055236816406,11.244708061218262,11.527543067932129,10.530892372131348,8.82519817352295,7.4886908531188965,6.952733039855957,6.718515872955322,5.9601969718933105,4.981454372406006,4.985585689544678,5.966202259063721,6.540163516998291,6.017027378082275,5.367585182189941,5.449904918670654,5.156596660614014,3.6724321842193604,2.1779990196228027,1.260118842124939,0.2195235788822174,-0.11475927382707596,0.6238894462585449,0.35791537165641785,-2.597752571105957,-4.563689231872559,-2.4921329021453857,0.34492695331573486,1.5781680345535278
8.705495834350586,5.862310409545898,6.377758502960205,9.617966651916504,14.204020500183105,17.87598419189453,18.443754196166992,16.252933502197266,13.296396255493164,11.92495059967041,12.514018058776855,12.274595260620117,10.06443977355957,8.036625862121582,7.688789367675781,8.768813133239746,10.018916130065918,10.289238929748535,9.470768928527832,8.452210426330566,8.055817604064941,8.020844459533691,7.351451873779297,5.6420063972473145,3.9066975116729736,3.2320735454559326,3.2696709632873535,3.0033795833587646,2.8818247318267822,4.182897567749023,4.836108684539795,3.3458526134490967,1.5735862255096436,1.0135254859924316,0.18331874907016754,-0.5310187339782715,-0.46283143758773804,-0.7845746874809265,-3.3288207054138184,-4.692531585693359,-1.9981472492218018,1.6123096942901611,3.729398250579834
7.1134114265441895,6.197546005249023,8.320844650268555,11.886835098266602,15.028765678405762,17.152141571044922,17.775720596313477,16.42034339904785,14.11607551574707,12.595296859741211,11.99264144897461,10.53223991394043,7.787225246429443,5.699626445770264,5.510787010192871,6.848913192749023,8.665966987609863,9.876047134399414,9.893366813659668,8.68052864074707,6.846332550048828,5.589941024780273,5.1417646408081055,4.051961421966553,2.1918511390686035,0.9267207384109497,0.43512383103370667,-0.0452212393283844,0.5931295156478882,2.641930103302002,3.747891664505005,2.550584554672241,0.783093273639679,0.023483015596866608,-0.7208098769187927,-1.3602728843688965,-1.510006070137024,-1.878861904144287,-3.1245310306549072,-3.587285280227661,-0.8211580514907837,2.441800355911255,4.5011773109436035
6.3795013427734375,7.505953311920166,11.013254165649414,13.770479202270508,14.567669868469238,15.344911575317383,16.753631591796875,17.07599639892578,15.656490325927734,13.659263610839844,11.834015846252441,9.849406242370605,7.636605262756348,6.008330821990967,5.456777572631836,5.897967338562012,6.993130207061768,8.02434253692627,8.058770179748535,6.370662689208984,3.513777017593384,1.7568931579589844,1.7118210792541504,1.4978716373443604,0.2098076045513153,-1.101203441619873,-1.9044888019561768,-2.005645513534546,-0.631995677947998,0.6333922743797302,1.1830238103866577,0.5107045769691467,-0.6689662337303162,-1.617784857749939,-2.5406486988067627,-2.881824254989624,-2.572211742401123,-2.443323850631714,-2.2681076526641846,-1.8257709741592407,0.594170093536377,3.018134832382202,4.009868621826172
6.505754470825195,8.876734733581543,12.735945701599121,14.152800559997559,13.297597885131836,13.295408248901367,15.378643989562988,16.85010528564453,16.007381439208984,14.041680335998535,12.220966339111328,10.682930946350098,9.243874549865723,7.954690933227539,6.741998195648193,5.515525817871094,4.67921257019043,4.554240703582764,4.301291465759277,2.9434256553649902,0.6701509952545166,-0.8733987808227539,-1.1500118970870972,-1.0456241369247437,-1.9443567991256714,-3.693124294281006,-4.755396842956543,-3.917266607284546,-2.4276111125946045,-1.6796901226043701,-1.5868427753448486,-1.7894519567489624,-2.156658172607422,-2.842684745788574,-3.9092650413513184,-4.440117835998535,-3.8322489261627197,-2.643717050552368,-1.112161636352539,0.5669047236442566,2.5134193897247314,3.3806779384613037,2.8296711444854736
7.075328826904297,9.843802452087402,12.8110990524292,13.034119606018066,11.598479270935059,11.580363273620605,13.830127716064453,15.571892738342285,15.180604934692383,13.735159873962402,12.358235359191895,11.214465141296387,10.279297828674316,9.305652618408203,7.727299213409424,5.2853288650512695,2.8251233100891113,1.6907870769500732,1.5609551668167114,1.275565266609192,-0.0024005314335227013,-1.8127461671829224,-2.9613189697265625,-3.359771728515625,-4.5628767013549805,-6.8402252197265625,-7.831545829772949,-6.398397445678711,-4.564481258392334,-3.406414747238159,-3.4030234813690186,-3.263145685195923,-2.781933069229126,-3.182305097579956,-4.667581081390381,-5.672272205352783,-4.917133808135986,-2.810415267944336,-0.2868916988372803,2.4762394428253174,3.982759475708008,3.7803802490234375,2.460458278656006
