data/wind_data/wind_20_4.json
{"header": {"parameterUnit": "KT", "parameterCategory": 2, "nx": 256, "ny": 198, "lo1": 44.73521041870117, "la1": -3.236724853515625, "lo2": 111.26478576660156, "la2": 43.468475341796875, "dx": 0.2609002888202667, "dy": -0.23708222806453705, "refTime": "2025-02-19 20:00:00", "forecastTime": 0, "parameterNumber": 2, "parameterNumberName": "eastward_wind"}, "data":
[rows 38 to 56 of 198, columns 88 to 131 of 256]
-21.335262298583984,-21.059192657470703,-20.7203369140625,-20.28569793701172,-19.787572860717773,-19.245403289794922,-18.718042373657227,-18.31005859375,-17.967384338378906,-17.5502872467041,-17.175655364990234,-17.008472442626953,-16.768205642700195,-16.486583709716797,-16.1821346282959,-15.922914505004883,-15.563887596130371,-15.256999969482422,-14.96865177154541,-14.400097846984863,-13.719890594482422,-13.198339462280273,-12.674559593200684,-12.268227577209473,-12.198284149169922,-12.166306495666504,-12.047308921813965,-11.757695198059082,-11.343045234680176,-10.795312881469727,-10.106186866760254,-9.473608016967773,-9.085655212402344,-8.8596830368042,-8.563597679138184,-8.049997329711914,-7.379143714904785,-6.834159851074219,-6.669188022613525,-6.854228973388672,-7.216771602630615,-7.465864181518555,-7.576897144317627,-7.957250118255615
-22.100627899169922,-21.935970306396484,-21.565690994262695,-20.970947265625,-20.21982765197754,-19.45004653930664,-18.756330490112305,-18.22755241394043,-17.925642013549805,-17.694425582885742,-17.395795822143555,-17.20070457458496,-16.850994110107422,-16.437353134155273,-16.158504486083984,-15.794154167175293,-15.297115325927734,-14.855162620544434,-14.537497520446777,-14.177964210510254,-13.789844512939453,-13.283946990966797,-12.681568145751953,-12.283913612365723,-12.155917167663574,-12.08840274810791,-12.035013198852539,-11.88525390625,-11.641139030456543,-11.238581657409668,-10.673117637634277,-10.045788764953613,-9.481961250305176,-9.02119255065918,-8.660061836242676,-8.271615028381348,-7.6970601081848145,-7.166414260864258,-7.150671005249023,-7.468961238861084,-7.711696624755859,-7.78385066986084,-7.494075775146484,-7.322174072265625
-22.96442413330078,-22.79999542236328,-22.517942428588867,-21.939584732055664,-21.14381980895996,-20.386457443237305,-19.70920181274414,-19.113311767578125,-18.718778610229492,-18.47960090637207,-18.15806007385254,-17.71340560913086,-17.290416717529297,-16.919464111328125,-16.378379821777344,-15.9199800491333,-15.509499549865723,-14.966052055358887,-14.50672435760498,-14.301036834716797,-14.158470153808594,-13.8068208694458,-13.212813377380371,-12.776044845581055,-12.575677871704102,-12.525568962097168,-12.687928199768066,-12.836722373962402,-12.680314064025879,-12.212628364562988,-11.5873384475708,-10.865245819091797,-10.109378814697266,-9.422107696533203,-9.034448623657227,-8.993520736694336,-8.886259078979492,-8.652082443237305,-8.836711883544922,-9.367989540100098,-9.794061660766602,-10.090598106384277,-9.890996932983398,-9.23740005493164
-23.185543060302734,-22.99156951904297,-22.839889526367188,-22.4984188079834,-21.966707229614258,-21.53281021118164,-21.174654006958008,-20.63715171813965,-20.031845092773438,-19.59142303466797,-19.21493148803711,-18.669944763183594,-18.171171188354492,-17.815479278564453,-17.322818756103516,-16.62238883972168,-16.191810607910156,-15.738558769226074,-15.236645698547363,-14.798238754272461,-14.570103645324707,-14.360067367553711,-13.888737678527832,-13.428373336791992,-13.160186767578125,-13.1652193069458,-13.621944427490234,-14.105687141418457,-13.91964340209961,-13.131882667541504,-12.157938003540039,-11.169417381286621,-10.226198196411133,-9.419590950012207,-9.08578872680664,-9.437860488891602,-9.783790588378906,-9.804544448852539,-10.284014701843262,-11.22597599029541,-11.93713092803955,-12.09510326385498,-11.493326187133789,-10.380928039550781
-22.730052947998047,-22.445030212402344,-22.370500564575195,-22.13578987121582,-21.91546630859375,-21.779891967773438,-21.74184226989746,-21.58807945251465,-21.0026912689209,-20.37920379638672,-19.938684463500977,-19.6876277923584,-19.372983932495117,-18.796916961669922,-18.307498931884766,-17.684383392333984,-17.188236236572266,-16.78346824645996,-16.261110305786133,-15.595719337463379,-15.094182968139648,-14.755864143371582,-14.329300880432129,-13.97380256652832,-13.761974334716797,-13.803176879882812,-14.312139511108398,-14.778876304626465,-14.495269775390625,-13.458982467651367,-12.134525299072266,-10.896636962890625,-9.846691131591797,-9.055015563964844,-8.854159355163574,-9.464298248291016,-9.997163772583008,-10.124610900878906,-10.911810874938965,-12.24487590789795,-13.171612739562988,-13.121382713317871,-12.071427345275879,-10.830962181091309
-21.81324005126953,-21.62765121459961,-21.5079288482666,-21.484310150146484,-21.264263153076172,-21.20419692993164,-21.35595703125,-21.519760131835938,-21.06252670288086,-20.35296058654785,-20.108932495117188,-20.2573299407959,-20.09062385559082,-19.461288452148438,-18.718656539916992,-18.126094818115234,-17.554269790649414,-17.1787052154541,-16.901287078857422,-16.24186897277832,-15.611830711364746,-15.22729206085205,-14.777260780334473,-14.514946937561035,-14.41745376586914,-14.392741203308105,-14.481318473815918,-14.514037132263184,-14.141919136047363,-13.173519134521484,-11.81053352355957,-10.449954986572266,-9.322427749633789,-8.581656455993652,-8.560519218444824,-9.383216857910156,-10.031174659729004,-10.101717948913574,-10.913188934326172,-12.283894538879395,-13.463573455810547,-13.712064743041992,-12.631731033325195,-11.3283109664917
-21.054176330566406,-20.814525604248047,-20.818635940551758,-20.793899536132812,-20.666439056396484,-20.673404693603516,-20.8284969329834,-20.98181915283203,-20.624103546142578,-19.87566375732422,-19.59021759033203,-19.94178009033203,-19.88640594482422,-19.07242774963379,-18.156604766845703,-17.42331886291504,-16.7653865814209,-16.652618408203125,-16.717283248901367,-16.179378509521484,-15.733064651489258,-15.397873878479004,-14.97819995880127,-14.851009368896484,-14.856954574584961,-14.794827461242676,-14.502246856689453,-13.981535911560059,-13.300594329833984,-12.412494659423828,-11.298559188842773,-10.085906982421875,-9.01960277557373,-8.364285469055176,-8.51817512512207,-9.558161735534668,-10.006577491760254,-9.760313034057617,-10.75832462310791,-12.135594367980957,-13.276284217834473,-13.749359130859375,-12.812882423400879,-11.582136154174805
-20.246257781982422,-20.219676971435547,-20.350996017456055,-20.333961486816406,-19.904678344726562,-19.879812240600586,-20.503173828125,-20.480281829833984,-20.166929244995117,-19.431915283203125,-18.747421264648438,-18.882793426513672,-19.07416343688965,-18.35399055480957,-17.17444610595703,-16.162302017211914,-15.424431800842285,-15.52185344696045,-15.605169296264648,-15.272842407226562,-15.183755874633789,-14.954187393188477,-14.610368728637695,-14.650002479553223,-14.761251449584961,-14.686286926269531,-14.293695449829102,-13.498014450073242,-12.44702434539795,-11.419097900390625,-10.448770523071289,-9.533370971679688,-8.697893142700195,-8.32027530670166,-8.857747077941895,-9.820679664611816,-9.508755683898926,-9.41614818572998,-10.930083274841309,-12.107120513916016,-13.019807815551758,-13.506577491760254,-12.715498924255371,-11.706625938415527
-19.2951602935791,-19.620798110961914,-19.76336669921875,-19.943323135375977,-19.62700080871582,-18.877607345581055,-19.0582275390625,-19.56699562072754,-19.223201751708984,-18.57209587097168,-17.818538665771484,-17.693391799926758,-18.043184280395508,-17.82671356201172,-16.85409927368164,-15.418684959411621,-14.303885459899902,-14.202112197875977,-14.248933792114258,-14.100655555725098,-14.046154975891113,-13.956278800964355,-13.776962280273438,-13.973550796508789,-14.13904857635498,-13.990622520446777,-13.623860359191895,-12.953827857971191,-11.81539535522461,-10.500801086425781,-9.279190063476562,-8.369078636169434,-7.786184310913086,-7.863821983337402,-8.922396659851074,-9.567825317382812,-8.760704040527344,-9.68207836151123,-11.487384796142578,-12.196464538574219,-13.053268432617188,-13.63734245300293,-12.859220504760742,-11.854694366455078
-17.953996658325195,-17.996355056762695,-18.224123001098633,-18.595731735229492,-18.616947174072266,-18.246055603027344,-17.920244216918945,-18.106473922729492,-18.097681045532227,-17.260419845581055,-16.666231155395508,-16.58765983581543,-16.68279457092285,-16.91141128540039,-16.87401580810547,-15.5201416015625,-13.624987602233887,-13.087250709533691,-13.25696086883545,-13.22761344909668,-12.945223808288574,-12.961662292480469,-13.06189250946045,-13.201461791992188,-13.235742568969727,-13.099302291870117,-12.892528533935547,-12.4768648147583,-11.58543586730957,-10.102524757385254,-8.453827857971191,-7.214428901672363,-6.6066999435424805,-7.183586120605469,-9.012433052062988,-9.610406875610352,-8.579239845275879,-9.78468132019043,-11.658668518066406,-11.991798400878906,-12.984341621398926,-13.8427152633667,-13.097478866577148,-11.955224990844727
-17.431962966918945,-16.853574752807617,-16.629873275756836,-16.952255249023438,-16.969024658203125,-16.7702693939209,-16.837175369262695,-17.187545776367188,-17.236772537231445,-16.400609970092773,-15.657400131225586,-15.613765716552734,-15.906136512756348,-16.144359588623047,-15.949201583862305,-14.882891654968262,-13.235296249389648,-12.494473457336426,-12.6097993850708,-12.484907150268555,-12.256218910217285,-12.25147533416748,-12.502998352050781,-12.66033935546875,-12.583581924438477,-12.393462181091309,-12.208523750305176,-12.020153999328613,-11.489665985107422,-10.14990234375,-8.393349647521973,-7.005308151245117,-6.440871715545654,-6.7405266761779785,-8.781535148620605,-9.286203384399414,-7.522796630859375,-8.546339988708496,-11.404280662536621,-11.797953605651855,-12.68699836730957,-13.758600234985352,-13.003609657287598,-11.660295486450195
-16.733135223388672,-16.00519371032715,-15.695831298828125,-16.03609275817871,-16.12064552307129,-16.034290313720703,-16.06304168701172,-16.253934860229492,-16.352046966552734,-15.769037246704102,-15.055116653442383,-15.255805015563965,-15.843613624572754,-15.845678329467773,-14.828716278076172,-13.48991870880127,-12.88437557220459,-12.575424194335938,-12.006368637084961,-11.699748992919922,-11.664859771728516,-11.47964859008789,-11.54902458190918,-12.03515625,-12.349282264709473,-12.028731346130371,-11.465620040893555,-10.885018348693848,-10.324376106262207,-9.262662887573242,-7.890285968780518,-6.845553874969482,-6.51558780670166,-7.065601348876953,-8.025125503540039,-7.620491981506348,-6.38438606262207,-7.473614692687988,-11.076979637145996,-11.612903594970703,-12.144791603088379,-13.187252044677734,-12.47960090637207,-11.09870719909668
-16.203763961791992,-15.84231948852539,-15.692675590515137,-15.489809036254883,-15.568371772766113,-15.67176342010498,-15.764002799987793,-15.843611717224121,-15.784500122070312,-15.510345458984375,-15.15514850616455,-15.181819915771484,-15.497298240661621,-15.171424865722656,-14.233197212219238,-13.308758735656738,-12.673168182373047,-12.134912490844727,-11.731339454650879,-11.442395210266113,-10.998147010803223,-10.564785957336426,-10.443634033203125,-10.987491607666016,-11.840056419372559,-11.985315322875977,-11.27982234954834,-10.486228942871094,-9.932121276855469,-9.106240272521973,-7.808581829071045,-6.815353870391846,-6.821460723876953,-7.89641809463501,-8.144776344299316,-5.5461602210998535,-4.799349308013916,-7.224331378936768,-10.92663288116455,-11.427053451538086,-11.64649486541748,-12.346668243408203,-11.635245323181152,-10.321568489074707
-16.115806579589844,-15.73361873626709,-15.501458168029785,-15.41116714477539,-15.440308570861816,-15.42711353302002,-15.413137435913086,-15.426666259765625,-15.297883987426758,-15.283316612243652,-15.357040405273438,-15.25924301147461,-15.08250904083252,-14.608979225158691,-13.89401626586914,-13.198074340820312,-12.515719413757324,-12.141154289245605,-11.867112159729004,-11.422869682312012,-10.851754188537598,-10.35454273223877,-10.140353202819824,-10.39972972869873,-11.05907917022705,-11.484481811523438,-11.018098831176758,-10.183629035949707,-9.73227310180664,-9.538405418395996,-8.980393409729004,-8.109941482543945,-7.915463924407959,-9.25890064239502,-8.932989120483398,-4.452611923217773,-1.86098313331604,-4.7086968421936035,-9.456693649291992,-11.069015502929688,-11.19580364227295,-11.639183044433594,-10.845878601074219,-9.5084867477417
-15.891932487487793,-15.54195499420166,-15.396044731140137,-15.35595703125,-15.268415451049805,-15.18913745880127,-15.242716789245605,-15.304240226745605,-15.219111442565918,-15.206597328186035,-15.133630752563477,-14.838994026184082,-14.373652458190918,-14.003746032714844,-13.61979866027832,-13.169875144958496,-12.533148765563965,-12.035832405090332,-11.750807762145996,-11.422046661376953,-11.04759407043457,-10.624131202697754,-10.306289672851562,-10.219459533691406,-10.213558197021484,-10.209839820861816,-10.024364471435547,-9.2091646194458,-8.22539234161377,-8.2874174118042,-8.882417678833008,-9.055413246154785,-9.144344329833984,-8.953145980834961,-7.603803634643555,-4.516050815582275,-3.052368402481079,-4.2143330574035645,-7.7214202880859375,-10.451730728149414,-11.108588218688965,-11.282370567321777,-10.381257057189941,-8.89660358428955
-15.478913307189941,-15.24174976348877,-14.959118843078613,-15.022974014282227,-15.15262508392334,-14.915740966796875,-15.015549659729004,-15.228157043457031,-15.186402320861816,-15.0571870803833,-14.77648639678955,-14.470553398132324,-14.036415100097656,-13.566267967224121,-13.04216480255127,-12.619477272033691,-12.310086250305176,-11.841530799865723,-11.43344497680664,-11.05732250213623,-10.755830764770508,-10.463290214538574,-10.178555488586426,-9.907958030700684,-9.496955871582031,-8.9635648727417,-8.628421783447266,-7.799566745758057,-6.322883605957031,-5.834792137145996,-6.177755832672119,-6.958171844482422,-7.776453018188477,-8.663715362548828,-7.874173641204834,-7.063940525054932,-7.244000434875488,-7.615767955780029,-8.807865142822266,-10.338791847229004,-11.296526908874512,-11.446118354797363,-10.370254516601562,-8.63892650604248
-15.107365608215332,-14.893533706665039,-14.666918754577637,-14.640203475952148,-14.756827354431152,-14.769286155700684,-14.803874015808105,-14.797002792358398,-14.716496467590332,-14.56367301940918,-14.241602897644043,-13.887314796447754,-13.538643836975098,-13.138492584228516,-12.538076400756836,-12.09213924407959,-11.80512523651123,-11.509795188903809,-11.092955589294434,-10.594260215759277,-10.139543533325195,-9.816122055053711,-9.54574966430664,-9.236806869506836,-8.732369422912598,-8.072993278503418,-7.45499849319458,-6.626810550689697,-5.402414321899414,-3.5042335987091064,-4.568496227264404,-5.8480706214904785,-6.182404518127441,-7.296044826507568,-7.7227277755737305,-8.487825393676758,-9.266066551208496,-9.472900390625,-9.401010513305664,-10.047700881958008,-11.098428726196289,-11.396957397460938,-10.272050857543945,-8.517168045043945
-14.59853744506836,-14.49571704864502,-14.404411315917969,-14.318326950073242,-14.423983573913574,-14.413169860839844,-14.348809242248535,-14.248601913452148,-14.041864395141602,-13.888426780700684,-13.780110359191895,-13.567360877990723,-13.04937744140625,-12.369088172912598,-11.820354461669922,-11.392977714538574,-11.024925231933594,-10.721328735351562,-10.385455131530762,-9.956948280334473,-9.472747802734375,-9.059518814086914,-8.738086700439453,-8.314255714416504,-7.653232097625732,-6.996463298797607,-6.34495210647583,-5.375161170959473,-4.280918121337891,-4.234310150146484,-5.201000690460205,-5.07296085357666,-6.015045166015625,-4.9887824058532715,-2.5059852600097656,-5.001010894775391,-8.667272567749023,-10.27772331237793,-9.434947967529297,-9.536478042602539,-9.946579933166504,-10.232090950012207,-9.49177074432373,-8.095694541931152
-13.950187683105469,-13.915487289428711,-13.887650489807129,-13.968973159790039,-14.060670852661133,-14.062093734741211,-14.031879425048828,-13.885568618774414,-13.729215621948242,-13.506309509277344,-13.200292587280273,-12.859026908874512,-12.393193244934082,-11.807812690734863,-11.181968688964844,-10.605350494384766,-10.125919342041016,-9.805492401123047,-9.564935684204102,-9.281630516052246,-8.832097053527832,-8.39261245727539,-8.01013469696045,-7.440636157989502,-6.629473686218262,-5.745485782623291,-4.997661590576172,-4.525976657867432,-4.626561164855957,-4.862232685089111,-4.727184772491455,-5.030753135681152,-6.087757587432861,-4.511643409729004,2.3185689449310303,0.6830807328224182,-7.249434471130371,-10.621382713317871,-9.56591796875,-9.220552444458008,-8.710417747497559,-8.47259521484375,-8.133042335510254,-7.346646308898926
