data/wind_data/wind_55_7.json
{"header": {"parameterUnit": "KT", "parameterCategory": 2, "nx": 256, "ny": 198, "lo1": 44.73521041870117, "la1": -3.236724853515625, "lo2": 111.26478576660156, "la2": 43.468475341796875, "dx": 0.2609002888202667, "dy": -0.23708222806453705, "refTime": "2025-02-21 07:00:00", "forecastTime": 0, "parameterNumber": 2, "parameterNumberName": "eastward_wind"}, "data":
[rows 0 to 19 of 198, columns 132 to 175 of 256]
-16.751468658447266,-17.612138748168945,-18.654115676879883,-19.438085556030273,-18.60397720336914,-17.38619041442871,-17.509384155273438,-17.94917869567871,-17.993558883666992,-18.248140335083008,-19.14402198791504,-19.88964080810547,-20.21419906616211,-20.11110496520996,-19.49993896484375,-18.785324096679688,-17.992969512939453,-17.678462982177734,-17.8370418548584,-17.773700714111328,-17.544445037841797,-17.330169677734375,-17.138010025024414,-17.112821578979492,-17.12544822692871,-16.821578979492188,-16.526599884033203,-16.741806030273438,-17.04218101501465,-17.178913116455078,-17.02383804321289,-16.285451889038086,-15.657854080200195,-15.397017478942871,-15.5108642578125,-16.2108211517334,-15.75786304473877,-13.85000228881836,-12.584933280944824,-12.019161224365234,-12.205904960632324,-13.059747695922852,-14.146873474121094,-15.262581825256348
-17.637022018432617,-18.264236450195312,-19.079689025878906,-19.408052444458008,-18.805025100708008,-18.303325653076172,-18.68288230895996,-19.052074432373047,-18.975839614868164,-19.151426315307617,-19.66741943359375,-19.881759643554688,-19.974424362182617,-19.757061004638672,-19.087894439697266,-18.443925857543945,-17.637460708618164,-17.11918830871582,-17.327491760253906,-17.678678512573242,-17.657142639160156,-16.879026412963867,-16.047805786132812,-16.1461124420166,-16.45158576965332,-15.806657791137695,-15.385946273803711,-16.75645637512207,-18.01852798461914,-17.92012596130371,-17.46289825439453,-16.872053146362305,-16.421628952026367,-16.25863265991211,-16.457002639770508,-17.23624610900879,-16.3276424407959,-13.908120155334473,-13.415136337280273,-14.029382705688477,-14.171772003173828,-14.771546363830566,-16.063472747802734,-17.299625396728516
-18.206708908081055,-18.941680908203125,-19.693281173706055,-19.849517822265625,-19.51165771484375,-19.411531448364258,-19.712690353393555,-20.061447143554688,-20.479095458984375,-20.686256408691406,-20.314239501953125,-19.942529678344727,-19.86886215209961,-19.574039459228516,-19.214345932006836,-18.96795082092285,-18.336570739746094,-17.41701889038086,-16.856887817382812,-16.809886932373047,-16.843034744262695,-16.91295051574707,-17.025924682617188,-17.035242080688477,-17.066129684448242,-16.737682342529297,-16.5024471282959,-17.24555015563965,-17.582582473754883,-16.744844436645508,-16.35548210144043,-16.87371063232422,-17.062400817871094,-16.941965103149414,-16.79261016845703,-16.463401794433594,-15.472471237182617,-14.459399223327637,-14.76179313659668,-14.791857719421387,-13.835116386413574,-14.017892837524414,-15.262313842773438,-16.38857078552246
-18.58643341064453,-19.44295883178711,-20.2531681060791,-20.477630615234375,-20.383398056030273,-20.381954193115234,-20.516300201416016,-20.99080467224121,-21.661088943481445,-21.660480499267578,-20.782421112060547,-20.343969345092773,-20.037878036499023,-19.541419982910156,-19.562742233276367,-19.687604904174805,-19.114765167236328,-17.944433212280273,-16.72107696533203,-16.152029037475586,-16.30686378479004,-17.069791793823242,-17.768657684326172,-17.621280670166016,-17.439355850219727,-17.420543670654297,-17.319808959960938,-17.190914154052734,-16.494792938232422,-15.283638000488281,-15.315703392028809,-16.67231559753418,-17.09804916381836,-16.778215408325195,-16.267807006835938,-15.399545669555664,-14.66185188293457,-14.756253242492676,-15.162546157836914,-14.079001426696777,-12.562828063964844,-12.661495208740234,-13.788488388061523,-14.97600269317627
-19.65102767944336,-20.467166900634766,-20.847688674926758,-20.786684036254883,-20.962038040161133,-21.758451461791992,-22.612184524536133,-21.96152114868164,-21.398109436035156,-21.446001052856445,-20.896528244018555,-21.083330154418945,-20.887466430664062,-20.68313980102539,-20.56733512878418,-20.417654037475586,-19.717849731445312,-18.877376556396484,-18.095748901367188,-17.51467514038086,-17.37737274169922,-17.588706970214844,-17.318157196044922,-16.569990158081055,-16.57693099975586,-16.956764221191406,-16.809280395507812,-16.156002044677734,-14.996726989746094,-14.299915313720703,-15.254467964172363,-16.089527130126953,-15.801315307617188,-15.945657730102539,-15.870013236999512,-14.430198669433594,-11.547152519226074,-11.201087951660156,-13.395256042480469,-12.719110488891602,-10.431739807128906,-8.455025672912598,-8.291089057922363,-7.633608818054199
-19.338695526123047,-19.705673217773438,-20.276216506958008,-20.81275177001953,-21.57171058654785,-22.580982208251953,-22.59279441833496,-21.23945426940918,-20.515642166137695,-20.370939254760742,-20.758888244628906,-20.879596710205078,-21.59760093688965,-21.26584815979004,-20.62606430053711,-20.392438888549805,-19.6715030670166,-19.258716583251953,-19.2098331451416,-18.870040893554688,-18.172637939453125,-17.301658630371094,-15.962621688842773,-14.839347839355469,-15.007848739624023,-15.774181365966797,-16.001893997192383,-15.858067512512207,-15.393033981323242,-14.971901893615723,-15.282966613769531,-15.669920921325684,-15.82838249206543,-15.991225242614746,-15.990691184997559,-14.803593635559082,-11.912276268005371,-11.05016803741455,-12.688329696655273,-12.846391677856445,-12.746618270874023,-12.190237045288086,-12.549224853515625,-11.44753360748291
-18.483272552490234,-18.81293296813965,-19.60715103149414,-20.677295684814453,-21.729446411132812,-22.221052169799805,-21.133752822875977,-19.77275848388672,-20.04843521118164,-20.79583740234375,-21.156511306762695,-21.007352828979492,-21.4326229095459,-21.199359893798828,-19.9766902923584,-19.413610458374023,-18.988656997680664,-18.772640228271484,-19.243408203125,-19.14761734008789,-18.236082077026367,-16.390872955322266,-14.43474006652832,-13.593375205993652,-14.236172676086426,-15.279535293579102,-15.597122192382812,-15.700545310974121,-15.4137601852417,-14.902867317199707,-15.001806259155273,-15.290382385253906,-15.425087928771973,-15.359576225280762,-15.327103614807129,-14.34162425994873,-12.94472885131836,-13.218063354492188,-14.285284042358398,-14.412431716918945,-14.6251802444458,-15.014731407165527,-15.740182876586914,-15.419102668762207
-18.37683868408203,-18.706636428833008,-19.3387451171875,-20.220273971557617,-21.04511833190918,-20.83591651916504,-19.658395767211914,-19.252708435058594,-20.308622360229492,-20.720321655273438,-20.382280349731445,-20.632251739501953,-21.094207763671875,-20.104650497436523,-18.870698928833008,-18.326438903808594,-18.1048583984375,-18.0753116607666,-18.341632843017578,-18.111488342285156,-17.11524772644043,-14.920341491699219,-13.076735496520996,-13.2177152633667,-14.329313278198242,-14.997511863708496,-14.798588752746582,-14.462620735168457,-14.076786994934082,-13.730218887329102,-13.478498458862305,-13.552817344665527,-14.053060531616211,-14.617124557495117,-14.37843132019043,-13.764132499694824,-13.447096824645996,-14.068476676940918,-14.30462646484375,-13.40424633026123,-13.256087303161621,-14.129129409790039,-15.186399459838867,-15.244722366333008
-19.17490577697754,-19.07115364074707,-19.110660552978516,-19.460840225219727,-19.590362548828125,-19.236604690551758,-19.123531341552734,-19.166194915771484,-19.619653701782227,-20.100990295410156,-19.017847061157227,-19.561044692993164,-19.9094181060791,-18.581846237182617,-17.608762741088867,-17.51499366760254,-17.19881248474121,-16.73725700378418,-16.265079498291016,-15.774520874023438,-14.852624893188477,-13.305537223815918,-12.21634578704834,-12.747384071350098,-13.422271728515625,-13.086121559143066,-12.105112075805664,-11.514498710632324,-11.76756477355957,-12.493949890136719,-12.169953346252441,-10.975007057189941,-11.558131217956543,-13.02302360534668,-12.962362289428711,-12.879260063171387,-13.333134651184082,-13.05930233001709,-12.276328086853027,-10.846020698547363,-11.04823112487793,-12.274857521057129,-13.273106575012207,-13.19921588897705
-19.551193237304688,-18.74917984008789,-18.570072174072266,-19.040149688720703,-19.29721450805664,-18.903352737426758,-18.29108238220215,-17.939186096191406,-18.684396743774414,-18.435304641723633,-17.85995864868164,-18.13773536682129,-17.824260711669922,-16.662826538085938,-16.077882766723633,-16.296077728271484,-15.668974876403809,-14.6914701461792,-13.639796257019043,-13.458263397216797,-12.796165466308594,-12.05131721496582,-11.5739107131958,-11.657408714294434,-11.290437698364258,-10.262983322143555,-9.165777206420898,-8.756991386413574,-9.44742488861084,-10.82094669342041,-10.862985610961914,-9.99842357635498,-10.370915412902832,-11.295839309692383,-11.161888122558594,-12.169265747070312,-12.946300506591797,-12.56770133972168,-11.39294719696045,-10.400593757629395,-10.461485862731934,-11.104927062988281,-11.048907279968262,-10.77589225769043
-18.425981521606445,-18.260622024536133,-18.224281311035156,-18.93689727783203,-18.827524185180664,-18.38503074645996,-17.632768630981445,-16.91364097595215,-17.509395599365234,-17.43587875366211,-16.059301376342773,-15.578352928161621,-15.406270027160645,-14.939967155456543,-14.262029647827148,-14.620990753173828,-14.01538372039795,-12.959943771362305,-11.870368957519531,-11.800987243652344,-11.639719009399414,-11.499417304992676,-11.304403305053711,-10.626932144165039,-9.86815071105957,-9.638663291931152,-9.385965347290039,-8.50625228881836,-7.281025409698486,-6.747659206390381,-8.34217357635498,-9.57353401184082,-10.425143241882324,-10.742056846618652,-10.676935195922852,-11.914163589477539,-12.520452499389648,-12.797687530517578,-12.502951622009277,-12.12331485748291,-11.507916450500488,-10.675044059753418,-9.125642776489258,-9.331869125366211
-17.478696823120117,-17.965303421020508,-18.60923194885254,-18.046344757080078,-17.11739158630371,-16.907529830932617,-17.08124542236328,-16.79360008239746,-16.75417137145996,-15.803420066833496,-14.368843078613281,-13.491606712341309,-13.160237312316895,-12.719541549682617,-12.535914421081543,-12.739473342895508,-12.318757057189941,-11.921387672424316,-11.337911605834961,-11.060624122619629,-11.178589820861816,-12.113747596740723,-12.995950698852539,-12.959210395812988,-11.74027156829834,-10.115689277648926,-9.796076774597168,-8.64230728149414,-6.447646141052246,-4.083739757537842,-5.483554363250732,-8.883871078491211,-10.223028182983398,-10.66388988494873,-11.339200973510742,-12.094897270202637,-12.450947761535645,-13.435327529907227,-13.985041618347168,-13.008533477783203,-10.980952262878418,-9.568802833557129,-9.475828170776367,-10.460208892822266
-17.742971420288086,-18.203243255615234,-18.513687133789062,-17.363449096679688,-15.925658226013184,-15.631786346435547,-16.282588958740234,-16.624340057373047,-15.809548377990723,-14.236307144165039,-13.194518089294434,-11.807904243469238,-10.547439575195312,-10.728498458862305,-11.608715057373047,-11.689202308654785,-11.076995849609375,-11.114405632019043,-10.889422416687012,-10.506633758544922,-11.6648588180542,-13.974486351013184,-15.324291229248047,-13.673707962036133,-9.919407844543457,-8.025107383728027,-7.915291786193848,-6.9854912757873535,-5.225009918212891,-5.429034233093262,-7.060149669647217,-8.709939956665039,-9.899494171142578,-10.503233909606934,-11.796433448791504,-12.79388427734375,-13.269675254821777,-12.940397262573242,-12.975998878479004,-13.042123794555664,-11.72518253326416,-10.270666122436523,-9.808659553527832,-12.147677421569824
-17.810989379882812,-17.984968185424805,-17.5653018951416,-16.60979461669922,-15.411731719970703,-15.033044815063477,-15.3607759475708,-15.04858112335205,-13.61318588256836,-12.07193660736084,-11.686990737915039,-11.251592636108398,-9.654850006103516,-9.688733100891113,-11.296977043151855,-11.336915969848633,-10.258646965026855,-10.07082748413086,-10.077838897705078,-10.428077697753906,-12.627274513244629,-14.66730785369873,-14.015056610107422,-10.615131378173828,-7.55299186706543,-6.422867298126221,-6.115414619445801,-5.027063369750977,-4.073753356933594,-5.493451118469238,-7.8702168464660645,-10.057345390319824,-9.630533218383789,-10.587257385253906,-11.703714370727539,-13.747685432434082,-13.991096496582031,-12.774653434753418,-13.07578182220459,-13.805049896240234,-13.088621139526367,-11.924220085144043,-11.600024223327637,-13.59565544128418
-17.388824462890625,-17.149499893188477,-16.42389488220215,-15.085220336914062,-14.409076690673828,-14.53437328338623,-13.995953559875488,-13.001646041870117,-11.907371520996094,-10.660261154174805,-10.222339630126953,-11.654354095458984,-10.773258209228516,-9.519478797912598,-10.45680046081543,-10.467350006103516,-9.385214805603027,-9.016486167907715,-10.11067008972168,-10.952469825744629,-12.161727905273438,-12.735285758972168,-11.691937446594238,-9.541156768798828,-5.4252166748046875,-5.039497375488281,-4.35307502746582,-4.0253496170043945,-4.255882263183594,-5.054356098175049,-6.925416946411133,-9.49543571472168,-9.789909362792969,-10.842090606689453,-12.129302024841309,-14.838852882385254,-14.7287015914917,-14.048083305358887,-14.818102836608887,-16.2286319732666,-15.50778579711914,-13.685651779174805,-15.054931640625,-16.957714080810547
-15.880363464355469,-15.688916206359863,-15.158538818359375,-14.41030502319336,-14.866998672485352,-14.436063766479492,-12.304975509643555,-12.204379081726074,-12.285859107971191,-12.089434623718262,-11.884284019470215,-11.955842971801758,-11.522322654724121,-9.628203392028809,-9.000717163085938,-8.757721900939941,-8.34375286102295,-8.864330291748047,-10.161820411682129,-10.372166633605957,-10.30378532409668,-10.436349868774414,-10.02464771270752,-7.801673889160156,-5.015591621398926,-5.04339075088501,-2.629929542541504,-3.4637043476104736,-4.228636264801025,-5.275761127471924,-6.384481430053711,-8.09532642364502,-9.969191551208496,-11.3762788772583,-13.127683639526367,-15.626705169677734,-15.858809471130371,-16.142574310302734,-17.398788452148438,-17.952253341674805,-16.2564697265625,-14.534355163574219,-14.34154224395752,-16.53636932373047
-13.253204345703125,-13.376219749450684,-13.412968635559082,-13.591693878173828,-14.214400291442871,-12.432544708251953,-10.800786018371582,-11.80673885345459,-12.197789192199707,-10.71668529510498,-10.053071022033691,-11.002028465270996,-11.725866317749023,-9.966741561889648,-9.130411148071289,-7.287975311279297,-7.172006130218506,-8.300105094909668,-9.113530158996582,-8.714156150817871,-8.459419250488281,-8.070840835571289,-6.925724983215332,-6.753922462463379,-6.0013957023620605,-5.026498317718506,-3.1536660194396973,-3.2849326133728027,-3.9909448623657227,-4.655195713043213,-5.467304229736328,-7.169636249542236,-9.779659271240234,-12.033616065979004,-13.959919929504395,-15.447403907775879,-16.34781265258789,-16.928876876831055,-17.373411178588867,-17.852508544921875,-16.9199161529541,-14.742490768432617,-14.224979400634766,-15.72769832611084
-10.848444938659668,-10.893798828125,-10.503277778625488,-11.032182693481445,-12.905674934387207,-10.985644340515137,-12.289610862731934,-12.187186241149902,-12.36232852935791,-9.729191780090332,-8.243372917175293,-8.022631645202637,-11.29619312286377,-10.60409164428711,-8.393278121948242,-6.457167625427246,-6.30436372756958,-7.41035270690918,-6.579648494720459,-6.59442138671875,-7.361719131469727,-6.33535623550415,-4.5771965980529785,-6.294897079467773,-5.6388630867004395,-4.711655616760254,-3.2468950748443604,-3.793659210205078,-3.7638611793518066,-3.586437940597534,-4.329157829284668,-6.4512104988098145,-9.622954368591309,-12.763998031616211,-14.541908264160156,-14.783721923828125,-15.901273727416992,-17.247591018676758,-16.874433517456055,-16.8637752532959,-19.30813980102539,-20.632925033569336,-22.044157028198242,-21.9285831451416
-9.303622245788574,-8.922621726989746,-8.472766876220703,-8.848045349121094,-11.854514122009277,-14.376262664794922,-14.143860816955566,-12.66812801361084,-12.22060489654541,-10.546298027038574,-10.739555358886719,-5.286436557769775,-8.692024230957031,-9.526043891906738,-7.593139171600342,-6.379220008850098,-5.890021800994873,-5.893215179443359,-4.024506568908691,-3.67655348777771,-6.426882743835449,-5.385803699493408,-2.5488085746765137,-5.857672214508057,-7.358753204345703,-4.492759704589844,-3.603825569152832,-3.73291277885437,-3.844494581222534,-3.9549379348754883,-4.802107810974121,-6.839746475219727,-10.798818588256836,-13.994344711303711,-15.045724868774414,-14.82174015045166,-15.809685707092285,-17.755430221557617,-16.868059158325195,-15.838332176208496,-21.70061683654785,-25.321025848388672,-25.265413284301758,-24.6396541595459
-8.146652221679688,-7.984396457672119,-7.897049427032471,-8.202651023864746,-10.827218055725098,-14.597333908081055,-13.868620872497559,-12.016691207885742,-10.343986511230469,-7.215836048126221,-6.715884208679199,-5.610146999359131,-7.850805759429932,-7.670107364654541,-7.499429225921631,-6.591519832611084,-6.434177875518799,-8.535828590393066,1.685620665550232,0.1452355831861496,-5.7875542640686035,-5.754356384277344,-2.4988574981689453,-6.259555816650391,-8.1943941116333,-4.102880477905273,-3.3557379245758057,-2.6955013275146484,-4.655550003051758,-6.5600738525390625,-8.266895294189453,-9.589509010314941,-13.09579086303711,-15.581501960754395,-16.017114639282227,-16.357852935791016,-17.06407356262207,-18.142663955688477,-17.28141212463379,-17.174114227294922,-23.567306518554688,-27.443782806396484,-27.11046028137207,-26.442127227783203
