data/wind_data/wind_23_5.json
{"header": {"parameterUnit": "KT", "parameterCategory": 2, "nx": 256, "ny": 198, "lo1": 44.73521041870117, "la1": -3.236724853515625, "lo2": 111.26478576660156, "la2": 43.468475341796875, "dx": 0.2609002888202667, "dy": -0.23708222806453705, "refTime": "2025-02-19 23:00:00", "forecastTime": 0, "parameterNumber": 2, "parameterNumberName": "eastward_wind"}, "data":
[rows 57 to 75 of 198, columns 176 to 219 of 256]
7.98590612411499,8.4434232711792,8.734309196472168,8.854015350341797,8.841552734375,8.672012329101562,8.841432571411133,9.36815071105957,9.375115394592285,9.075721740722656,9.227095603942871,9.411566734313965,9.115939140319824,8.854574203491211,8.721365928649902,8.280488967895508,7.582334995269775,7.027004241943359,7.052219390869141,7.1805596351623535,6.848457336425781,6.181125640869141,5.528955936431885,4.772327899932861,3.9650492668151855,3.35359787940979,3.11081862449646,3.3446462154388428,3.65537166595459,3.788745880126953,3.9694929122924805,4.30960750579834,4.587571620941162,4.470453262329102,3.958536148071289,3.469409704208374,2.982773542404175,2.3652164936065674,1.8471287488937378,1.0390726327896118,-0.2160222977399826,-1.071692943572998,-1.9214239120483398,-2.3359858989715576
7.785377025604248,8.118616104125977,8.249554634094238,8.290882110595703,8.586278915405273,8.867570877075195,8.866230964660645,9.096360206604004,9.647882461547852,9.896891593933105,10.071331977844238,9.923019409179688,9.378060340881348,9.264286994934082,9.72270679473877,9.88914966583252,9.48693561553955,8.859907150268555,8.486804962158203,8.4315185546875,8.175487518310547,7.642295837402344,6.981624126434326,6.085074424743652,5.1093668937683105,4.250980377197266,3.5578994750976562,3.2900772094726562,3.3581604957580566,3.535355567932129,3.6311254501342773,3.6773719787597656,3.755319833755493,3.9218807220458984,3.77368426322937,3.296546459197998,2.9599270820617676,2.7855985164642334,2.7745587825775146,2.4217259883880615,1.3891918659210205,0.06948506832122803,-1.175679326057434,-1.471662163734436
7.315088748931885,8.095662117004395,8.522021293640137,8.346088409423828,8.25516414642334,8.616403579711914,8.799257278442383,8.798909187316895,9.46004867553711,10.361292839050293,10.851883888244629,10.707045555114746,10.071681022644043,9.812047958374023,10.300213813781738,10.849249839782715,10.8337984085083,10.506799697875977,10.216965675354004,10.10849666595459,9.706212043762207,9.030659675598145,8.30173397064209,7.351707458496094,6.334476947784424,5.539956092834473,4.808708190917969,4.091197490692139,3.6522789001464844,3.564558506011963,3.5469417572021484,3.3891513347625732,3.1865158081054688,3.0913712978363037,3.2211146354675293,2.884856700897217,2.6463186740875244,2.6836225986480713,3.357046604156494,3.9540414810180664,3.209606885910034,1.6752980947494507,0.06417930126190186,-0.2867923080921173
6.989630699157715,7.575131893157959,8.395700454711914,8.791719436645508,8.537120819091797,8.400650024414062,8.532160758972168,8.616533279418945,9.111409187316895,10.323659896850586,11.242108345031738,11.41645622253418,11.005415916442871,10.619791030883789,10.73766040802002,11.191250801086426,11.362797737121582,11.222819328308105,11.064542770385742,11.158844947814941,11.117636680603027,10.583024978637695,9.766210556030273,8.730151176452637,7.542474746704102,6.6802659034729,6.195483684539795,5.639496326446533,4.89262580871582,4.3325419425964355,3.940319299697876,3.6146860122680664,3.4214251041412354,2.9429104328155518,2.946570634841919,2.731395721435547,2.5250864028930664,2.640228748321533,3.5362071990966797,4.596031665802002,4.718069076538086,2.837508201599121,0.7214690446853638,-0.4129372239112854
7.629565238952637,7.705905437469482,8.109809875488281,8.606060028076172,8.633932113647461,8.413326263427734,8.499147415161133,8.63533878326416,8.871062278747559,9.839142799377441,11.01813793182373,11.634964942932129,11.648015975952148,11.363216400146484,11.273136138916016,11.516898155212402,11.76188850402832,11.690112113952637,11.455512046813965,11.432018280029297,11.674431800842285,11.673277854919434,11.195633888244629,10.33769702911377,9.271293640136719,8.213898658752441,7.574634075164795,7.164934158325195,6.489591121673584,5.632220268249512,4.960896968841553,4.699458599090576,4.7530341148376465,4.034056186676025,3.2674338817596436,2.7869491577148438,2.168260335922241,2.1555333137512207,3.17917537689209,4.3030805587768555,4.927352428436279,3.9065821170806885,1.926636815071106,-0.04895900934934616
8.770380973815918,8.554701805114746,8.563955307006836,8.730652809143066,8.717403411865234,8.345701217651367,8.380757331848145,8.816512107849121,9.051847457885742,9.54165267944336,10.570486068725586,11.428328514099121,11.803436279296875,11.828126907348633,11.84154224395752,12.086297035217285,12.426915168762207,12.440269470214844,12.15317440032959,11.89394760131836,12.022673606872559,12.303290367126465,12.25639820098877,11.759262084960938,11.142007827758789,10.386088371276855,9.430930137634277,8.72138500213623,8.04378604888916,6.909377098083496,6.085384368896484,6.241065502166748,6.801333904266357,6.053999423980713,4.34271764755249,3.2924063205718994,2.4402246475219727,1.8757799863815308,2.4727938175201416,3.678774833679199,4.496331691741943,4.321246147155762,2.4530835151672363,1.8982906341552734
10.095187187194824,9.645088195800781,9.32579517364502,9.198404312133789,9.1467924118042,8.79106330871582,8.46181869506836,8.851420402526855,9.38139533996582,9.613687515258789,10.240076065063477,11.099516868591309,11.673972129821777,11.997934341430664,12.262279510498047,12.653729438781738,13.114216804504395,13.310775756835938,13.071791648864746,12.736571311950684,12.657224655151367,12.920766830444336,13.182071685791016,13.059348106384277,12.646673202514648,12.373228073120117,11.764495849609375,10.605463981628418,9.51905632019043,8.29415512084961,7.350013256072998,7.709113597869873,8.502267837524414,8.009078025817871,6.3105926513671875,4.808604717254639,3.8951215744018555,2.6633267402648926,2.018512487411499,2.5946474075317383,3.8970792293548584,4.381685256958008,3.060286283493042,1.7656358480453491
11.059080123901367,10.740554809570312,10.259748458862305,9.790393829345703,9.552229881286621,9.436565399169922,9.022093772888184,8.963754653930664,9.590399742126465,9.846896171569824,9.972562789916992,10.652847290039062,11.37825870513916,11.847296714782715,12.30964183807373,12.887918472290039,13.536494255065918,13.991583824157715,13.971269607543945,13.65578842163086,13.433856010437012,13.565933227539062,13.964715003967285,14.290494918823242,14.217669486999512,13.946253776550293,13.562644004821777,12.439332962036133,10.855912208557129,9.647806167602539,9.192273139953613,9.499116897583008,9.471227645874023,8.923605918884277,8.035768508911133,6.9880290031433105,6.1069560050964355,4.367938041687012,2.586592435836792,2.2108347415924072,3.1187777519226074,3.9518282413482666,4.157430171966553,2.995094060897827
11.223078727722168,11.198845863342285,10.952848434448242,10.502359390258789,10.069340705871582,9.987261772155762,9.836933135986328,9.375703811645508,9.55202865600586,10.019442558288574,9.922588348388672,10.157557487487793,10.929069519042969,11.496685981750488,11.904463768005371,12.574894905090332,13.525918006896973,14.41491413116455,14.801133155822754,14.62226390838623,14.33314323425293,14.293471336364746,14.555329322814941,15.088460922241211,15.596992492675781,15.577042579650879,14.918525695800781,13.759014129638672,12.302910804748535,11.468697547912598,11.684243202209473,11.843017578125,10.57464599609375,9.135117530822754,8.504014015197754,8.323995590209961,7.9104084968566895,6.495054721832275,4.195541858673096,2.888399124145508,3.3381314277648926,3.864365339279175,4.6161675453186035,7.7021355628967285
11.078652381896973,11.141026496887207,11.17542552947998,10.995081901550293,10.648853302001953,10.486366271972656,10.583410263061523,10.24349308013916,9.76944637298584,9.967257499694824,10.052390098571777,10.015250205993652,10.517814636230469,11.15598201751709,11.427611351013184,11.812978744506836,12.839093208312988,14.188861846923828,15.23591423034668,15.540820121765137,15.261041641235352,15.11611270904541,15.31248664855957,15.77146053314209,16.37561798095703,16.71316146850586,16.2382755279541,15.004313468933105,13.674144744873047,13.260971069335938,13.81467056274414,14.011266708374023,12.780118942260742,10.53804874420166,9.007451057434082,8.412015914916992,8.320935249328613,7.981070518493652,6.22458028793335,4.298633575439453,4.288500785827637,4.829593181610107,5.179892539978027,8.836231231689453
11.192631721496582,11.017022132873535,11.099617958068848,11.174954414367676,11.047670364379883,10.880491256713867,11.029672622680664,11.085677146911621,10.535015106201172,10.147377967834473,10.167425155639648,10.14787483215332,10.393599510192871,10.936286926269531,11.280891418457031,11.397394180297852,11.961278915405273,13.256120681762695,14.734487533569336,15.70068645477295,15.932206153869629,15.783318519592285,15.980656623840332,16.58747673034668,17.039249420166016,17.235435485839844,17.191692352294922,16.40819549560547,15.216187477111816,14.63637924194336,14.81105899810791,15.391730308532715,15.306386947631836,13.78416919708252,11.404550552368164,8.911985397338867,7.861318588256836,8.231246948242188,7.732754707336426,6.292850017547607,5.9987688064575195,6.031153678894043,6.336475372314453,9.435429573059082
11.83685302734375,11.333441734313965,11.110547065734863,11.161301612854004,11.220486640930176,11.10008716583252,11.14132308959961,11.427668571472168,11.275769233703613,10.812857627868652,10.594869613647461,10.498993873596191,10.537692070007324,10.909873962402344,11.33978271484375,11.576590538024902,11.853403091430664,12.606512069702148,13.811612129211426,14.978018760681152,15.702625274658203,16.059772491455078,16.5031681060791,17.16638946533203,17.634904861450195,17.715063095092773,17.73016357421875,17.52291488647461,16.997516632080078,16.382814407348633,15.858890533447266,16.649492263793945,17.203384399414062,16.5190372467041,14.520753860473633,11.298677444458008,8.774380683898926,8.614137649536133,9.048649787902832,9.088038444519043,9.280116081237793,8.417484283447266,7.540136337280273,9.57301139831543
12.735568046569824,12.077486991882324,11.564766883850098,11.364925384521484,11.424595832824707,11.39393138885498,11.25841999053955,11.369743347167969,11.478161811828613,11.319357872009277,11.220198631286621,11.160558700561523,10.977594375610352,11.000672340393066,11.409669876098633,11.876200675964355,12.253734588623047,12.722426414489746,13.405818939208984,14.199549674987793,14.978782653808594,15.76087474822998,16.683483123779297,17.60995101928711,18.050596237182617,18.100034713745117,18.13100814819336,18.272022247314453,18.2373104095459,17.88936424255371,17.45001983642578,18.388931274414062,18.558923721313477,18.223447799682617,16.4851131439209,13.66653060913086,11.11661434173584,9.903029441833496,10.68648910522461,12.03778076171875,12.972098350524902,11.583906173706055,9.46148681640625,10.170942306518555
13.656915664672852,12.964929580688477,12.335782051086426,11.857325553894043,11.670554161071777,11.675139427185059,11.527441024780273,11.382168769836426,11.379008293151855,11.352460861206055,11.407146453857422,11.601308822631836,11.606369018554688,11.398771286010742,11.460261344909668,11.923445701599121,12.515087127685547,13.05589485168457,13.504547119140625,13.881364822387695,14.375136375427246,15.286328315734863,16.568819046020508,17.669775009155273,18.369129180908203,18.48183250427246,18.401222229003906,18.7496395111084,19.075721740722656,19.022607803344727,19.216419219970703,20.420652389526367,20.73554039001465,19.476940155029297,16.923357009887695,15.502354621887207,13.06874942779541,11.616751670837402,12.520036697387695,14.204841613769531,15.248291015625,13.706811904907227,11.726302146911621,12.00817584991455
14.08920669555664,13.547889709472656,12.946700096130371,12.42599868774414,11.989412307739258,11.719547271728516,11.518445014953613,11.311474800109863,11.239439010620117,11.232735633850098,11.305112838745117,11.52344799041748,11.767927169799805,11.814065933227539,11.709044456481934,11.852758407592773,12.391754150390625,13.133645057678223,13.767688751220703,14.075299263000488,14.27131175994873,14.965581893920898,16.287385940551758,17.53244972229004,18.37132453918457,18.73822784423828,18.720617294311523,18.90178108215332,19.412979125976562,19.876728057861328,20.75054359436035,21.878829956054688,22.431304931640625,20.27553939819336,18.210769653320312,17.460548400878906,15.580772399902344,14.312636375427246,14.568872451782227,15.347153663635254,15.671290397644043,14.614251136779785,14.033036231994629,14.280282020568848
13.77676010131836,13.43361759185791,12.922111511230469,12.484285354614258,12.147454261779785,11.8300199508667,11.517982482910156,11.188437461853027,11.006348609924316,11.068999290466309,11.23449420928955,11.445706367492676,11.658113479614258,11.790432929992676,11.852004051208496,11.95791244506836,12.26732349395752,12.88591480255127,13.75649642944336,14.463288307189941,14.760998725891113,15.144556999206543,16.19341468811035,17.403118133544922,18.245141983032227,18.700857162475586,18.925037384033203,19.168846130371094,19.58578872680664,20.32095718383789,21.530275344848633,22.818208694458008,23.334640502929688,21.74245834350586,19.534225463867188,18.994577407836914,17.60394287109375,16.71474266052246,16.167381286621094,15.712496757507324,15.189013481140137,14.818172454833984,15.506146430969238,16.360998153686523
13.618512153625488,13.150616645812988,12.634711265563965,12.215285301208496,12.00211238861084,11.89065170288086,11.752269744873047,11.50307846069336,11.213078498840332,11.143689155578613,11.381318092346191,11.74673843383789,11.984606742858887,11.969432830810547,11.955416679382324,12.175085067749023,12.532938957214355,12.93667984008789,13.53176498413086,14.354942321777344,15.043967247009277,15.57334041595459,16.422119140625,17.47150993347168,18.183792114257812,18.6296443939209,18.995464324951172,19.36429786682129,19.65114402770996,20.462854385375977,22.060279846191406,23.708126068115234,23.96609878540039,22.070646286010742,19.825286865234375,18.52751922607422,18.397701263427734,18.123035430908203,16.689863204956055,15.492390632629395,15.186311721801758,15.639263153076172,16.6376895904541,18.097686767578125
14.16120719909668,13.557978630065918,12.900666236877441,12.398472785949707,12.124489784240723,12.022271156311035,11.961600303649902,11.844837188720703,11.646682739257812,11.471549034118652,11.53720474243164,11.903533935546875,12.320621490478516,12.499650955200195,12.525129318237305,12.674975395202637,13.020546913146973,13.408148765563965,13.751749992370605,14.175399780273438,14.729716300964355,15.403899192810059,16.302553176879883,17.27186393737793,18.09992790222168,18.793947219848633,19.202655792236328,19.575714111328125,19.86265754699707,20.992733001708984,23.071643829345703,24.61046600341797,24.31452178955078,22.08823013305664,19.739505767822266,18.445436477661133,18.687007904052734,18.06175422668457,15.642940521240234,14.487039566040039,14.79882526397705,15.928359985351562,16.95718002319336,19.046493530273438
14.374805450439453,13.989043235778809,13.42226791381836,12.88388442993164,12.534560203552246,12.356148719787598,12.22789478302002,12.058701515197754,11.866409301757812,11.674723625183105,11.511979103088379,11.461843490600586,11.642523765563965,12.038040161132812,12.546796798706055,13.021135330200195,13.394852638244629,13.653162956237793,13.866334915161133,14.149462699890137,14.440230369567871,14.741170883178711,15.239951133728027,16.056699752807617,17.414939880371094,18.803266525268555,19.52657699584961,19.978389739990234,20.585474014282227,22.031084060668945,24.34309959411621,25.41994285583496,24.668380737304688,22.0192928314209,19.661272048950195,18.449411392211914,18.717042922973633,18.214672088623047,16.020246505737305,14.669512748718262,15.125054359436035,16.095840454101562,16.882789611816406,18.14921760559082
