data/wind_data/wind_24_8.json
{"header": {"parameterUnit": "KT", "parameterCategory": 2, "nx": 256, "ny": 198, "lo1": 44.73521041870117, "la1": -3.236724853515625, "lo2": 111.26478576660156, "la2": 43.468475341796875, "dx": 0.2609002888202667, "dy": -0.23708222806453705, "refTime": "2025-02-20 00:00:00", "forecastTime": 0, "parameterNumber": 2, "parameterNumberName": "eastward_wind"}, "data":
[rows 152 to 170 of 198, columns 88 to 131 of 256]
28.679712295532227,29.6389102935791,32.73686981201172,35.71403121948242,37.873695373535156,39.307464599609375,38.817169189453125,36.70707321166992,34.77880859375,33.835391998291016,33.43901443481445,32.5703010559082,31.45182991027832,31.356603622436523,32.5042610168457,34.08453369140625,34.794864654541016,34.378517150878906,34.197750091552734,35.2526741027832,37.49722671508789,39.66482925415039,40.060970306396484,39.24043273925781,39.46377944946289,40.87459182739258,42.48158264160156,43.72557830810547,43.77334976196289,42.17861557006836,40.030818939208984,38.93221664428711,38.51485061645508,37.65008544921875,37.817989349365234,39.66680145263672,40.747215270996094,40.14390182495117,39.739898681640625,40.870479583740234,42.447509765625,43.16341018676758,43.20280075073242,43.459468841552734
31.007265090942383,30.13180923461914,31.401004791259766,33.529945373535156,35.7568473815918,37.49103927612305,37.83334732055664,36.85685729980469,35.31528091430664,33.90943908691406,32.73548889160156,31.282804489135742,30.11625862121582,30.68745231628418,32.684326171875,34.717689514160156,35.69949722290039,35.50303268432617,35.3671760559082,36.405879974365234,38.6474494934082,40.3350715637207,39.76948928833008,38.65711212158203,39.07268524169922,40.223236083984375,41.0069465637207,41.33443832397461,41.203426361083984,39.89701843261719,38.19459915161133,37.28358840942383,36.815284729003906,36.78202438354492,38.22427749633789,40.271026611328125,40.96966552734375,40.51466751098633,40.83917236328125,42.2730712890625,43.126991271972656,42.999481201171875,42.861270904541016,42.83858108520508
33.91383361816406,32.132415771484375,31.877941131591797,32.70358657836914,34.089561462402344,35.2564811706543,35.537384033203125,35.340362548828125,34.94278335571289,33.9659423828125,32.483795166015625,30.75786590576172,29.870529174804688,30.8475284576416,32.9286994934082,34.803531646728516,35.61234664916992,35.69554901123047,36.11512756347656,37.38100814819336,39.301761627197266,40.38101577758789,39.66083908081055,38.55811309814453,38.13691329956055,38.29462814331055,38.711273193359375,39.37641525268555,39.54634094238281,38.8036994934082,37.53630065917969,36.44410705566406,36.284645080566406,37.19632339477539,38.91040802001953,40.58218765258789,41.290287017822266,41.31637191772461,41.70286560058594,42.36809158325195,42.343448638916016,41.85477828979492,41.77450942993164,41.019813537597656
36.47346878051758,34.69382095336914,33.85866165161133,33.59952926635742,33.68605422973633,33.55474090576172,33.19755172729492,33.633907318115234,34.551265716552734,34.51286315917969,33.120643615722656,31.151273727416992,30.17938804626465,30.984006881713867,32.7048454284668,34.230037689208984,35.02851104736328,35.582523345947266,36.48879623413086,37.71322250366211,39.011409759521484,39.58659362792969,39.24053955078125,38.07209014892578,36.964111328125,36.98587417602539,37.71007537841797,38.072265625,38.120094299316406,38.065879821777344,37.30555725097656,36.39372634887695,36.34327697753906,37.00335693359375,37.99338912963867,39.33720016479492,40.683223724365234,41.51272201538086,41.702964782714844,41.33662033081055,40.404972076416016,39.43196487426758,38.455650329589844,36.41761016845703
37.74849319458008,36.40994644165039,36.11270523071289,35.57010269165039,34.43919372558594,32.9520378112793,32.075721740722656,32.65005874633789,34.00425720214844,34.65985870361328,33.61758804321289,31.67482566833496,30.684375762939453,31.227205276489258,32.586124420166016,33.875099182128906,34.662899017333984,35.47895050048828,36.626014709472656,37.5209846496582,38.091983795166016,38.47354507446289,38.31792068481445,37.19049072265625,36.27219009399414,36.26097869873047,36.45793533325195,36.54171371459961,37.00396728515625,37.50495529174805,37.2840461730957,36.57487106323242,35.84238815307617,35.4893913269043,36.15179443359375,37.875709533691406,39.87028121948242,41.26955795288086,41.096046447753906,39.628753662109375,38.05824661254883,36.85927963256836,35.74363327026367,34.1431999206543
37.97765350341797,37.311954498291016,37.652931213378906,37.38587188720703,35.869422912597656,33.6600227355957,32.29148864746094,32.44424057006836,33.324867248535156,33.72725296020508,32.86106872558594,31.371904373168945,30.7227783203125,31.226219177246094,32.468544006347656,33.838077545166016,34.74394226074219,35.725948333740234,36.8990364074707,37.30345153808594,37.21030044555664,37.3343620300293,37.247276306152344,36.473426818847656,35.661739349365234,35.26799392700195,35.402320861816406,36.2008171081543,36.97071838378906,37.204620361328125,36.9533805847168,36.303958892822266,35.484554290771484,35.23222351074219,35.99971389770508,37.41212844848633,38.98762130737305,39.71356964111328,38.82602310180664,37.28639221191406,36.30427932739258,36.155426025390625,36.215171813964844,35.6387825012207
37.672218322753906,37.87332534790039,38.55994415283203,38.35493469238281,37.06782913208008,35.148033142089844,33.60908508300781,32.99453353881836,32.876285552978516,32.62666320800781,31.899982452392578,31.00679588317871,30.405517578125,30.681089401245117,32.03270721435547,33.55247116088867,34.63205337524414,35.94831085205078,37.199485778808594,37.07731628417969,36.37435531616211,36.51515197753906,36.75107955932617,35.96077346801758,34.60870361328125,34.15419006347656,35.42981719970703,37.18608474731445,37.641700744628906,36.84177017211914,35.988731384277344,35.7198486328125,36.028934478759766,36.42369079589844,36.38689041137695,36.32917785644531,36.88907241821289,37.098419189453125,36.433223724365234,35.924354553222656,36.38484573364258,37.25304412841797,37.17539596557617,36.39349365234375
37.268409729003906,38.13947677612305,39.26408004760742,38.85371398925781,37.371768951416016,36.15968322753906,35.29981994628906,34.072139739990234,32.78953170776367,32.026695251464844,31.468265533447266,30.752216339111328,30.154102325439453,30.36206817626953,31.57367515563965,33.15306091308594,34.577110290527344,35.85729217529297,36.80820846557617,36.41584014892578,35.580081939697266,36.136436462402344,36.92697525024414,35.84874725341797,33.8918571472168,33.69907760620117,35.556148529052734,37.105567932128906,36.98617172241211,35.79804611206055,35.20952606201172,35.929325103759766,37.12902069091797,37.23120880126953,35.864105224609375,34.988895416259766,35.48528289794922,35.791847229003906,35.42823028564453,35.83201217651367,37.4019660949707,38.14456558227539,36.907447814941406,35.81672668457031
37.47054672241211,38.3062744140625,39.418373107910156,38.98394775390625,37.3812370300293,36.56250762939453,36.47931671142578,35.10891342163086,32.92262268066406,31.873945236206055,31.4304256439209,30.46706199645996,29.94722557067871,30.474214553833008,31.207124710083008,32.507789611816406,34.45573806762695,35.65299987792969,36.04001235961914,35.62202453613281,34.87332534790039,35.62113952636719,36.97126388549805,36.29960250854492,34.279754638671875,33.743656158447266,34.84415817260742,35.15300369262695,34.26887512207031,33.96959686279297,35.322898864746094,37.33673095703125,38.049869537353516,36.666839599609375,34.996009826660156,35.22772216796875,35.917293548583984,35.237525939941406,34.64174270629883,36.1201171875,38.21221160888672,38.41699981689453,36.800662994384766,35.598304748535156
37.91896057128906,38.575172424316406,39.282752990722656,38.681861877441406,37.30303192138672,36.89933776855469,37.25752258300781,35.973915100097656,33.25712203979492,31.871431350708008,31.572288513183594,30.45722007751465,29.81422996520996,30.82954216003418,31.35601806640625,31.764081954956055,33.69310760498047,35.33257293701172,35.57361602783203,35.17046356201172,34.634246826171875,35.3772087097168,36.82193374633789,36.53108215332031,34.79505920410156,33.528533935546875,32.9754753112793,32.119632720947266,31.67620849609375,33.261474609375,36.28679656982422,38.483001708984375,37.60977554321289,35.461219787597656,35.21355056762695,36.28074645996094,35.779239654541016,34.31148147583008,34.62992858886719,36.867130279541016,39.137088775634766,39.23915100097656,36.80178451538086,35.16945266723633
38.17525863647461,38.689640045166016,39.11088180541992,38.34040832519531,37.136592864990234,36.99995422363281,37.613075256347656,36.70777893066406,33.96782684326172,32.09773254394531,31.790557861328125,30.894855499267578,30.002037048339844,31.119403839111328,32.171043395996094,31.56772804260254,32.302249908447266,34.47200012207031,35.54362869262695,35.271942138671875,34.90107727050781,35.56486892700195,36.57586669921875,36.208126068115234,34.714420318603516,32.8753776550293,31.264766693115234,30.666189193725586,31.798025131225586,34.46587371826172,37.14081573486328,37.460323333740234,36.29532241821289,36.42964553833008,37.538692474365234,37.02870178222656,35.364131927490234,35.1229133605957,36.665985107421875,38.75889587402344,39.9691162109375,38.18485641479492,35.11506271362305,34.22052764892578
38.43613052368164,38.63437271118164,38.81571578979492,38.05105972290039,37.03670883178711,36.951541900634766,37.65201187133789,37.2453498840332,34.83419418334961,32.528682708740234,32.00717544555664,31.598182678222656,30.669260025024414,31.457805633544922,33.12661361694336,32.059326171875,30.874027252197266,33.133705139160156,35.855587005615234,35.93104934692383,34.99811935424805,35.184539794921875,35.96842956542969,35.84213638305664,34.24263000488281,32.036415100097656,30.71478271484375,31.09040069580078,32.980384826660156,35.16798782348633,35.633338928222656,35.028564453125,36.39019012451172,39.26749801635742,39.62921142578125,37.68285369873047,36.60782241821289,37.18610763549805,38.3397331237793,39.36165237426758,38.70224380493164,35.93716049194336,33.52457046508789,32.65987014770508
38.856624603271484,38.67722702026367,38.496978759765625,37.732261657714844,36.93799591064453,36.927249908447266,37.730621337890625,37.71367645263672,35.6182746887207,33.11874008178711,32.3763542175293,32.31377029418945,31.515989303588867,31.7297420501709,33.2662467956543,32.67989730834961,30.649974822998047,31.833831787109375,35.42807388305664,36.712791442871094,35.23012924194336,34.15549850463867,34.530357360839844,34.94709777832031,33.958946228027344,32.05375289916992,30.915027618408203,31.511873245239258,33.30095672607422,34.11140060424805,33.683807373046875,35.07068634033203,38.98929977416992,41.26872634887695,40.38645553588867,39.019405364990234,38.289493560791016,37.765968322753906,37.650577545166016,37.717071533203125,36.7164421081543,34.815582275390625,33.22785949707031,31.59461212158203
39.18484115600586,38.7783317565918,38.184593200683594,37.30666732788086,36.795894622802734,37.06365966796875,38.01340103149414,38.202816009521484,36.295833587646484,33.76467514038086,32.95168685913086,33.111366271972656,32.33102035522461,31.792911529541016,32.860023498535156,33.13444519042969,31.368074417114258,30.768617630004883,33.60795211791992,36.747257232666016,36.10417556762695,33.56528091430664,32.8987922668457,33.84600067138672,33.886749267578125,32.46245193481445,31.20237159729004,31.488277435302734,32.40920639038086,32.88515853881836,34.261295318603516,37.78553009033203,40.75114822387695,41.123077392578125,40.79127502441406,40.28092956542969,38.44353103637695,36.50318145751953,36.14699172973633,36.633548736572266,36.40446472167969,35.207828521728516,33.30718231201172,31.357934951782227
39.13072967529297,38.68138885498047,37.98122787475586,37.04240036010742,36.701778411865234,37.23843765258789,38.2828369140625,38.569496154785156,36.93236541748047,34.511470794677734,33.60564041137695,33.9898567199707,33.341033935546875,31.95754623413086,32.095802307128906,32.942317962646484,32.182735443115234,30.679964065551758,31.66533088684082,35.12618637084961,36.70543670654297,34.82273483276367,33.08147430419922,33.33668899536133,33.506343841552734,32.268470764160156,31.027374267578125,30.843521118164062,31.495271682739258,33.30038833618164,36.551307678222656,39.32488250732422,40.15185546875,40.261512756347656,40.52516174316406,39.535301208496094,37.24070358276367,35.818233489990234,36.07927703857422,36.5263671875,35.94990158081055,34.07784652709961,31.805736541748047,31.189050674438477
38.76778793334961,38.41022872924805,38.10640335083008,37.23514175415039,36.76591873168945,37.36716842651367,38.46202850341797,38.77726745605469,37.42185592651367,35.21192169189453,34.223594665527344,34.73672866821289,34.42518615722656,32.54023742675781,31.364423751831055,31.924604415893555,32.285400390625,31.434852600097656,31.03837013244629,33.00074768066406,35.806175231933594,36.456790924072266,34.86733627319336,33.326778411865234,32.27600860595703,31.146717071533203,30.273244857788086,30.338478088378906,31.72548484802246,34.36517333984375,37.215309143066406,38.82174301147461,39.18535232543945,39.049842834472656,38.4136848449707,37.20734786987305,36.25461196899414,36.25364685058594,36.304840087890625,35.32103729248047,33.328887939453125,31.420574188232422,31.012453079223633,32.10837173461914
38.483612060546875,38.23104476928711,38.53841018676758,37.868595123291016,37.036659240722656,37.40413284301758,38.46158981323242,38.75660705566406,37.66426086425781,35.79778289794922,34.76624298095703,35.28174591064453,35.33932113647461,33.31124496459961,30.95952033996582,30.66774559020996,31.64472007751465,31.934797286987305,31.487407684326172,31.989913940429688,34.19573211669922,36.286109924316406,35.894412994384766,33.4447135925293,31.000802993774414,29.580209732055664,29.211427688598633,30.1209716796875,32.07774353027344,34.43122863769531,36.41056823730469,37.62803268432617,37.97513961791992,37.02546691894531,35.67936706542969,35.255592346191406,35.878021240234375,36.392269134521484,35.30707550048828,32.62336730957031,30.5394229888916,30.890422821044922,32.49714660644531,33.6738166809082
38.400352478027344,38.209442138671875,38.9227294921875,38.57738494873047,37.52657699584961,37.39488983154297,38.135047912597656,38.47083282470703,37.67692947387695,36.16209030151367,35.20712661743164,35.57865524291992,35.80438232421875,34.06655502319336,31.318523406982422,30.10604476928711,30.781652450561523,31.757129669189453,32.149471282958984,32.203407287597656,32.824737548828125,34.364715576171875,35.34080123901367,34.0070686340332,31.216075897216797,28.859230041503906,28.12504768371582,29.513734817504883,31.911970138549805,33.77716827392578,34.7981071472168,35.9243049621582,36.79553985595703,35.8369140625,34.42048645019531,34.590858459472656,35.576358795166016,35.37355422973633,32.99803161621094,29.782194137573242,29.37694549560547,31.823331832885742,34.16522979736328,34.76344680786133
38.56078338623047,38.274620056152344,39.14729309082031,39.111751556396484,37.949153900146484,37.16446304321289,37.45355987548828,38.038673400878906,37.5869255065918,36.27991485595703,35.46037292480469,35.78132247924805,36.053462982177734,34.71877670288086,32.1154899597168,30.288381576538086,30.303895950317383,31.443435668945312,32.55652618408203,32.56709289550781,31.907556533813477,32.33811569213867,34.09087371826172,34.60538101196289,32.70797348022461,29.77463150024414,28.1109676361084,29.26963996887207,31.478012084960938,32.73576736450195,33.486244201660156,35.12858581542969,36.45756530761719,35.77818298339844,34.45900344848633,34.19523620605469,34.30191421508789,33.41264343261719,30.719472885131836,28.698583602905273,29.95319366455078,32.96644973754883,35.01407241821289,34.936553955078125
