data/wind_data/wind_39_1.json
{"header": {"parameterUnit": "KT", "parameterCategory": 2, "nx": 256, "ny": 198, "lo1": 44.73521041870117, "la1": -3.236724853515625, "lo2": 111.26478576660156, "la2": 43.468475341796875, "dx": 0.2609002888202667, "dy": -0.23708222806453705, "refTime": "2025-02-20 15:00:00", "forecastTime": 0, "parameterNumber": 2, "parameterNumberName": "eastward_wind"}, "data":
[rows 19 to 37 of 198, columns 129 to 171 of 256]
-7.000027656555176,-6.171874046325684,-7.1541666984558105,-5.790175437927246,-3.255099058151245,-4.657412528991699,-2.9973044395446777,-2.960785388946533,-4.8858819007873535,-7.992259979248047,-6.999755859375,-5.318451404571533,-6.4147233963012695,-6.9485321044921875,-6.640916347503662,-5.5385050773620605,-6.087360858917236,-6.179864883422852,-3.899897813796997,-3.152973175048828,-2.608027219772339,-5.588781356811523,-5.62051248550415,-5.899117469787598,-6.082421779632568,-6.905261516571045,-7.459191799163818,-6.5387043952941895,-4.560571193695068,-4.024871349334717,-2.1774818897247314,-6.251538276672363,-8.70833969116211,-13.018573760986328,-7.079259395599365,0.8920803070068359,-0.7105872631072998,-8.760972023010254,-5.064457893371582,-2.9868476390838623,-3.540865898132324,-3.3573997020721436,-3.904857635498047
-6.240993976593018,-7.806248664855957,-6.989832878112793,-4.586801528930664,-4.618434429168701,-4.574079990386963,-3.25592303276062,-4.03941535949707,-4.9943037033081055,-6.234868049621582,-7.342765808105469,-5.410915851593018,-4.750964641571045,-5.862249851226807,-7.109229564666748,-5.8775529861450195,-5.483134746551514,-6.507122993469238,-5.026611328125,-4.526693820953369,-3.919647693634033,-4.9612650871276855,-5.305209636688232,-5.459105968475342,-6.94266414642334,-7.999537944793701,-7.714691638946533,-5.755094051361084,-4.35040283203125,-4.2762980461120605,-2.0163733959198,-9.426413536071777,-7.637955188751221,-12.09904956817627,-7.400714874267578,-4.882940292358398,-3.8202404975891113,-8.379940032958984,-2.646257162094116,-4.201910018920898,-3.021503448486328,-3.5723938941955566,-3.9722087383270264
-7.417147159576416,-7.084651470184326,-7.559269905090332,-6.14406681060791,-4.849216938018799,-4.012538909912109,-4.754838943481445,-6.5413994789123535,-5.42615270614624,-5.836872100830078,-6.961480617523193,-6.329586982727051,-4.652352809906006,-5.842071533203125,-7.014807224273682,-6.469160079956055,-5.513662338256836,-7.681656837463379,-7.094717979431152,-5.940808296203613,-4.730884075164795,-4.302681922912598,-4.796412467956543,-6.50051736831665,-7.799840450286865,-7.876948833465576,-6.73842191696167,-6.186399936676025,-6.408514499664307,-6.664239406585693,-8.671540260314941,-9.010405540466309,-6.160078048706055,-11.09070873260498,-7.174544334411621,-5.583573818206787,-7.258592128753662,-6.318709373474121,-3.389166831970215,-5.046788692474365,-4.023318290710449,-4.450798988342285,-6.101377964019775
-7.755590915679932,-6.707486152648926,-6.7841105461120605,-6.569430351257324,-4.016960620880127,-2.8562185764312744,-10.320963859558105,-8.177526473999023,-6.347201347351074,-6.325259208679199,-6.446667194366455,-7.222963809967041,-5.731283664703369,-6.980814456939697,-7.101018905639648,-5.983822345733643,-6.112790107727051,-7.8724541664123535,-7.813838481903076,-7.213561058044434,-6.165990352630615,-4.866267681121826,-5.720539569854736,-6.751494884490967,-7.707042217254639,-6.366129398345947,-6.819492340087891,-8.188604354858398,-6.190591812133789,-7.042056083679199,-9.849956512451172,-9.358405113220215,-7.549319267272949,-8.57767105102539,-8.651666641235352,-7.300069332122803,-7.0846028327941895,-5.632316589355469,-4.952358245849609,-5.047870635986328,-5.667180061340332,-5.736994743347168,-6.685819625854492
-6.456042289733887,-7.032201290130615,-6.699301719665527,-5.834389686584473,-3.6748149394989014,-7.477003574371338,-11.863347053527832,-8.313990592956543,-7.048900127410889,-6.781085968017578,-7.016894340515137,-6.990736484527588,-6.794528961181641,-7.730772972106934,-7.682401180267334,-5.37859582901001,-6.838958740234375,-8.89474105834961,-8.538322448730469,-7.700667381286621,-7.198637962341309,-6.06180477142334,-6.143553733825684,-7.327831268310547,-7.311089515686035,-5.892661094665527,-8.59776496887207,-7.695035457611084,-3.240863561630249,-3.7635843753814697,-8.69714641571045,-9.176007270812988,-7.537139892578125,-8.662124633789062,-8.185274124145508,-7.037733554840088,-5.602629661560059,-6.472768306732178,-6.5321245193481445,-6.764247894287109,-7.057117938995361,-6.87127685546875,-6.462911128997803
-3.7033934593200684,-7.335458278656006,-7.140204429626465,-6.756560325622559,-6.937630653381348,-8.088253021240234,-8.071664810180664,-7.635810852050781,-7.800283432006836,-6.9743428230285645,-7.367978096008301,-7.234725475311279,-7.693974494934082,-8.703695297241211,-8.462279319763184,-6.689912796020508,-6.729516983032227,-8.274961471557617,-8.285178184509277,-7.705544948577881,-6.265225887298584,-7.2451605796813965,-7.839903354644775,-7.734341621398926,-7.289639472961426,-7.6958394050598145,-9.493871688842773,-5.561893463134766,-1.0023577213287354,-2.8999409675598145,-10.424711227416992,-8.347878456115723,-6.414252758026123,-6.883450031280518,-7.598396301269531,-8.405424118041992,-6.517124652862549,-7.19176721572876,-7.36497688293457,-7.169036388397217,-6.6840596199035645,-6.154151439666748,-5.1685709953308105
-4.498971462249756,-6.666345119476318,-8.37813663482666,-7.322123050689697,-7.301510334014893,-5.8794074058532715,-5.633301734924316,-5.924901485443115,-7.207427501678467,-6.169112205505371,-6.202486038208008,-6.247753143310547,-8.266377449035645,-10.274876594543457,-10.52112102508545,-8.398027420043945,-7.329693794250488,-7.580086708068848,-7.904692649841309,-7.251119136810303,-5.834962844848633,-8.183311462402344,-9.913064002990723,-7.964944362640381,-8.152822494506836,-8.424858093261719,-6.332985877990723,-3.7906692028045654,-4.542832851409912,-8.771402359008789,-9.345512390136719,-8.343568801879883,-5.84617280960083,-1.406391978263855,-4.286406517028809,-11.924809455871582,-9.11155891418457,-7.1530256271362305,-7.023712158203125,-5.580488204956055,-5.155550479888916,-4.166440010070801,-3.798218011856079
-5.450014591217041,-6.826150417327881,-7.612663269042969,-7.444652080535889,-7.038632869720459,-6.521938323974609,-6.475585460662842,-6.266549110412598,-5.306884288787842,-3.173820734024048,-2.6334147453308105,-5.6753458976745605,-10.635293960571289,-12.748302459716797,-11.430184364318848,-8.898643493652344,-8.642304420471191,-8.227534294128418,-7.481673717498779,-7.499017715454102,-7.689139366149902,-9.088330268859863,-9.914484977722168,-8.789741516113281,-8.105929374694824,-6.693557262420654,-3.245945453643799,-5.381600856781006,-11.578393936157227,-10.82249927520752,-7.522617340087891,-8.102432250976562,-5.211491107940674,-1.012386679649353,-5.995436668395996,-12.70848560333252,-10.303511619567871,-6.127356052398682,-5.4504547119140625,-4.725930213928223,-3.42986798286438,-4.091063976287842,-6.511965274810791
-4.918851852416992,-6.847577095031738,-6.717829704284668,-7.095862865447998,-6.880781650543213,-6.910518169403076,-6.878102779388428,-6.109899520874023,-4.816703796386719,-2.6314547061920166,0.4688725471496582,-11.644285202026367,-15.611663818359375,-12.763937950134277,-11.118557929992676,-9.43897533416748,-9.199512481689453,-9.471879005432129,-8.092264175415039,-7.9940571784973145,-9.39142894744873,-9.98348617553711,-9.602039337158203,-8.749099731445312,-8.019482612609863,-6.115833282470703,-5.938002586364746,-10.611343383789062,-12.216561317443848,-8.2581787109375,-6.926687240600586,-8.17412281036377,-5.0541486740112305,-4.576390743255615,-10.326861381530762,-10.694226264953613,-6.194624900817871,-3.3944194316864014,-3.838454246520996,-4.798501014709473,-2.242872714996338,-6.966728210449219,-8.229232788085938
-3.471879005432129,-5.751904487609863,-6.403774261474609,-6.7386579513549805,-7.265486717224121,-6.5819172859191895,-5.833410739898682,-5.6904706954956055,-5.689594268798828,-5.554587364196777,-4.939541816711426,-11.633692741394043,-14.104840278625488,-11.76717758178711,-10.004631042480469,-8.986968994140625,-9.328012466430664,-10.736247062683105,-9.079143524169922,-8.455334663391113,-9.331708908081055,-9.745033264160156,-9.805451393127441,-9.384305000305176,-8.21102237701416,-8.089584350585938,-9.782855033874512,-11.045171737670898,-8.884824752807617,-5.575112819671631,-8.575047492980957,-9.496183395385742,-6.469776153564453,-7.643082618713379,-8.289424896240234,-6.845747947692871,-3.1281726360321045,-2.744725465774536,-7.418633460998535,-8.676873207092285,-7.440731048583984,-12.342350006103516,-9.463340759277344
-1.1125942468643188,-5.3005595207214355,-7.094660758972168,-6.387201309204102,-6.40733003616333,-6.5618696212768555,-5.816010475158691,-6.153224945068359,-7.212080001831055,-7.857462406158447,-6.599105358123779,-8.470671653747559,-12.680777549743652,-11.612239837646484,-9.598088264465332,-9.75027084350586,-10.195158004760742,-9.904420852661133,-8.750496864318848,-7.903120517730713,-9.150385856628418,-10.278387069702148,-10.06551742553711,-9.692510604858398,-9.181626319885254,-9.8323974609375,-10.295778274536133,-8.744290351867676,-7.387608051300049,-7.77220344543457,-11.374635696411133,-9.510224342346191,-7.251814365386963,-5.828132152557373,-3.5337846279144287,-5.347414493560791,-7.236025810241699,-7.5295562744140625,-10.094582557678223,-10.675946235656738,-12.36349868774414,-12.749405860900879,-10.021439552307129
-1.7055829763412476,-3.893949031829834,-6.87890625,-5.161902904510498,-5.531487941741943,-5.787419319152832,-5.9725260734558105,-6.396544456481934,-7.7654008865356445,-9.219696044921875,-9.459471702575684,-10.478144645690918,-10.75867748260498,-10.431185722351074,-9.899157524108887,-10.195199012756348,-9.646590232849121,-8.897111892700195,-7.502789497375488,-6.702636241912842,-9.676666259765625,-11.218100547790527,-9.942159652709961,-10.234188079833984,-10.499820709228516,-10.057377815246582,-10.056648254394531,-8.825113296508789,-8.681127548217773,-11.70875072479248,-11.851934432983398,-8.84489917755127,-7.342513084411621,-3.998677968978882,-2.211782693862915,-9.84992790222168,-10.626264572143555,-6.71555233001709,-9.23743724822998,-8.067534446716309,-7.158838748931885,-10.723983764648438,-10.778973579406738
-2.8280110359191895,-2.0802767276763916,-3.892895221710205,-4.895900726318359,-4.380687713623047,-4.782916069030762,-5.493856430053711,-6.506752014160156,-8.645279884338379,-10.390776634216309,-11.386955261230469,-11.646812438964844,-10.446349143981934,-9.971684455871582,-10.468424797058105,-10.105199813842773,-9.658363342285156,-8.963218688964844,-7.939448356628418,-7.779011249542236,-10.882936477661133,-10.927536010742188,-9.978128433227539,-10.61695671081543,-10.931692123413086,-10.480364799499512,-10.412261962890625,-9.649466514587402,-8.48521900177002,-11.396211624145508,-12.313923835754395,-9.005959510803223,-7.178253650665283,-4.3424906730651855,-5.128241539001465,-9.183052062988281,-8.594474792480469,-5.517537593841553,-9.16214370727539,-6.088768005371094,-1.0623338222503662,-11.047062873840332,-13.52088737487793
-2.4720025062561035,-0.9856610894203186,-0.8458818197250366,-2.7948012351989746,-2.423217535018921,-3.5447304248809814,-4.417396545410156,-5.8897318840026855,-9.085686683654785,-11.049458503723145,-11.326308250427246,-11.590449333190918,-11.134383201599121,-10.145980834960938,-10.41705322265625,-10.606449127197266,-9.31086254119873,-8.95905876159668,-9.308964729309082,-9.937346458435059,-9.9555082321167,-8.880964279174805,-10.204696655273438,-11.05988883972168,-11.45538330078125,-11.207707405090332,-10.53134536743164,-9.572221755981445,-7.49847412109375,-10.077664375305176,-12.055932998657227,-9.125252723693848,-6.085582733154297,-5.77212381362915,-8.961989402770996,-6.741508483886719,-7.711962699890137,-10.539276123046875,-8.344423294067383,-4.2995924949646,-6.283426284790039,-12.17235279083252,-12.005538940429688
-2.3185698986053467,-2.0175833702087402,-0.6704385876655579,-0.3000851571559906,-0.815014123916626,-1.7477762699127197,-3.4030418395996094,-5.696747303009033,-9.843149185180664,-11.602280616760254,-11.60361099243164,-11.960399627685547,-11.979379653930664,-10.516738891601562,-10.001362800598145,-10.925975799560547,-9.700765609741211,-9.07873249053955,-9.199104309082031,-8.283124923706055,-7.109389305114746,-6.955420017242432,-10.51294994354248,-11.888278007507324,-11.673779487609863,-11.375029563903809,-10.481708526611328,-9.346440315246582,-8.594927787780762,-10.639317512512207,-10.337367057800293,-8.587939262390137,-6.045713901519775,-8.31514835357666,-10.775111198425293,-6.644379138946533,-7.461035251617432,-8.26205062866211,-4.985805988311768,-4.105042934417725,-11.52213191986084,-11.47497844696045,-8.970372200012207
-2.4754254817962646,-2.092709541320801,-1.3408277034759521,-1.3840612173080444,0.39897117018699646,-0.36661574244499207,-2.304328203201294,-6.100255489349365,-10.755353927612305,-12.14689826965332,-11.999216079711914,-11.816254615783691,-11.95127010345459,-10.541443824768066,-9.70152473449707,-11.180418968200684,-10.890445709228516,-8.989998817443848,-8.461592674255371,-7.087129592895508,-5.122805595397949,-7.517566204071045,-12.608414649963379,-12.351633071899414,-11.583847999572754,-11.062760353088379,-9.70036792755127,-8.9850492477417,-10.836681365966797,-12.085661888122559,-8.48670482635498,-6.241339206695557,-7.284005165100098,-10.299257278442383,-9.600629806518555,-6.320465087890625,-4.409529685974121,-1.4503397941589355,-4.893284320831299,-10.024670600891113,-11.313945770263672,-8.967432975769043,-7.002691745758057
-2.8880438804626465,-2.609137535095215,-1.8412550687789917,-1.3429285287857056,0.042820341885089874,-0.859156608581543,-0.3192111551761627,-5.5031418800354,-11.064013481140137,-12.148059844970703,-10.989011764526367,-11.378630638122559,-11.738282203674316,-10.680563926696777,-10.100984573364258,-10.476984024047852,-11.576635360717773,-9.221668243408203,-8.139796257019043,-8.263723373413086,-7.624037265777588,-10.77868938446045,-13.271167755126953,-12.539783477783203,-11.095690727233887,-10.187052726745605,-9.506919860839844,-10.05573558807373,-12.347797393798828,-11.079778671264648,-7.753241539001465,-7.233644485473633,-9.696125984191895,-10.111470222473145,-8.317702293395996,-6.157800674438477,-4.182224750518799,-2.2316653728485107,-11.536192893981934,-16.302173614501953,-11.877016067504883,-8.593031883239746,-11.173287391662598
-2.5792417526245117,-2.35835599899292,-1.6405634880065918,-1.6423215866088867,1.0295268297195435,-1.1826468706130981,1.9290316104888916,0.6919054388999939,-2.7433900833129883,-6.665951728820801,-5.935702800750732,-8.954352378845215,-10.080110549926758,-10.920130729675293,-10.894537925720215,-9.274471282958984,-10.658821105957031,-9.999364852905273,-8.42645263671875,-9.19814395904541,-9.671098709106445,-11.10185432434082,-12.2178316116333,-11.698637008666992,-10.065230369567871,-10.036458969116211,-11.012175559997559,-11.763238906860352,-11.28768253326416,-8.773807525634766,-7.570530414581299,-9.76219367980957,-10.478273391723633,-7.463621139526367,-5.362292289733887,-5.585586071014404,-8.591773986816406,-10.784065246582031,-14.556431770324707,-14.509016990661621,-10.266210556030273,-8.856513023376465,-12.055537223815918
-2.5612597465515137,-2.367699384689331,-0.666579008102417,-1.434112548828125,1.222978949546814,-0.6243274211883545,1.1381916999816895,-1.045870304107666,3.831228256225586,-2.504650592803955,-7.599153995513916,-4.635509014129639,-2.821726083755493,-10.349518775939941,-11.071625709533691,-7.350832939147949,-10.014480590820312,-11.854896545410156,-9.263650894165039,-8.64651107788086,-9.481098175048828,-9.503918647766113,-9.498221397399902,-9.518503189086914,-9.000082015991211,-11.811697959899902,-11.453058242797852,-11.099459648132324,-9.681182861328125,-6.289772033691406,-8.776792526245117,-11.992480278015137,-9.254240036010742,-4.052966117858887,-2.717560291290283,-9.08003044128418,-13.259712219238281,-10.721480369567871,-10.140135765075684,-9.866421699523926,-4.656551837921143,-6.922337055206299,-13.601293563842773
