data/wind_data/wind_21_6.json
{"header": {"parameterUnit": "KT", "parameterCategory": 2, "nx": 256, "ny": 198, "lo1": 44.73521041870117, "la1": -3.236724853515625, "lo2": 111.26478576660156, "la2": 43.468475341796875, "dx": 0.2609002888202667, "dy": -0.23708222806453705, "refTime": "2025-02-19 21:00:00", "forecastTime": 0, "parameterNumber": 2, "parameterNumberName": "eastward_wind"}, "data":
[rows 80 to 99 of 198, columns 45 to 89 of 256]
42.30644226074219,42.40496826171875,42.539222717285156,42.680572509765625,42.774208068847656,42.79208755493164,42.75424575805664,42.71561813354492,42.70010757446289,42.658958435058594,42.52323913574219,42.2990608215332,42.0543212890625,41.853973388671875,41.695594787597656,41.52584457397461,41.32009506225586,41.11857986450195,40.9840087890625,40.94321060180664,40.975582122802734,41.04053497314453,41.11067199707031,41.17909240722656,41.26366424560547,41.41011047363281,41.666343688964844,42.068946838378906,42.597869873046875,43.179813385009766,43.74003982543945,44.22883987426758,44.64330291748047,45.027347564697266,45.42527770996094,45.81060028076172,46.096370697021484,46.22462463378906,46.228790283203125,46.17583084106445,46.101985931396484,46.04220962524414,46.06564712524414,46.26713562011719,46.69378662109375
45.284915924072266,44.95061492919922,44.688087463378906,44.65472412109375,44.89167785644531,45.262332916259766,45.56423568725586,45.696800231933594,45.664764404296875,45.497398376464844,45.21699142456055,44.866966247558594,44.498451232910156,44.139949798583984,43.79075241088867,43.45645523071289,43.178131103515625,43.01576232910156,42.992469787597656,43.078704833984375,43.218017578125,43.3505859375,43.42305374145508,43.42219161987305,43.37322235107422,43.34662628173828,43.43672180175781,43.724124908447266,44.236480712890625,44.924530029296875,45.67398452758789,46.31366729736328,46.74334716796875,46.99905014038086,47.179317474365234,47.339332580566406,47.47036361694336,47.57609176635742,47.696632385253906,47.842769622802734,48.00101089477539,48.19015121459961,48.4629020690918,48.86529541015625,49.39838790893555
48.80474090576172,48.51962661743164,48.064048767089844,47.56767272949219,47.25419616699219,47.294925689697266,47.665306091308594,48.152992248535156,48.52727508544922,48.63273239135742,48.408348083496094,47.907352447509766,47.25626754760742,46.567481994628906,45.91460037231445,45.36196517944336,44.98808288574219,44.86735916137695,45.00297546386719,45.31243133544922,45.66411209106445,45.92464065551758,46.001277923583984,45.88975524902344,45.67802047729492,45.50674819946289,45.486778259277344,45.67997360229492,46.08525848388672,46.67964172363281,47.36861038208008,47.98838806152344,48.43102264404297,48.701324462890625,48.85322952270508,48.91950607299805,48.921295166015625,48.91374588012695,48.97169494628906,49.148681640625,49.46422576904297,49.915714263916016,50.468589782714844,51.088008880615234,51.75642395019531
51.380859375,51.33567428588867,51.117576599121094,50.78567886352539,50.39268112182617,49.93449020385742,49.64414978027344,49.803524017333984,50.3431510925293,50.89790725708008,51.1256217956543,50.92055130004883,50.349327087402344,49.55552291870117,48.71315383911133,48.003787994384766,47.57334899902344,47.48123550415039,47.67417526245117,48.04232406616211,48.45063400268555,48.755699157714844,48.845916748046875,48.72193908691406,48.500511169433594,48.32521057128906,48.284423828125,48.398719787597656,48.64811325073242,48.99493408203125,49.357486724853516,49.641353607177734,49.81903839111328,49.927040100097656,50.012123107910156,50.096778869628906,50.195274353027344,50.313907623291016,50.447425842285156,50.62097930908203,50.9007682800293,51.34299850463867,51.91122055053711,52.535247802734375,53.1795768737793
52.72947692871094,52.7094841003418,52.646183013916016,52.54944610595703,52.5625,52.63323974609375,52.55429458618164,52.301326751708984,52.18216323852539,52.374732971191406,52.65064239501953,52.710350036621094,52.467063903808594,52.0101203918457,51.486507415771484,51.08469009399414,50.92740249633789,50.99921417236328,51.19335174560547,51.40895462036133,51.586769104003906,51.69403839111328,51.698692321777344,51.60608673095703,51.47892379760742,51.39922332763672,51.417259216308594,51.52705764770508,51.675636291503906,51.80613708496094,51.862831115722656,51.806060791015625,51.646881103515625,51.455379486083984,51.31312561035156,51.275367736816406,51.3582878112793,51.535804748535156,51.76781463623047,52.058475494384766,52.463497161865234,52.997440338134766,53.586063385009766,54.12254333496094,54.55643844604492
53.841556549072266,53.74229431152344,53.69988250732422,53.67989730834961,53.760406494140625,54.04692840576172,54.46271896362305,54.798282623291016,54.88362121582031,54.773494720458984,54.579010009765625,54.25680923461914,53.8099365234375,53.39429473876953,53.19853973388672,53.339454650878906,53.78219223022461,54.32380676269531,54.72138595581055,54.836524963378906,54.70123291015625,54.4786376953125,54.312870025634766,54.25204086303711,54.271018981933594,54.33396530151367,54.423980712890625,54.52585983276367,54.59126281738281,54.57699966430664,54.447757720947266,54.19868850708008,53.88205337524414,53.5732536315918,53.3314208984375,53.21566390991211,53.27659225463867,53.490543365478516,53.77147674560547,54.06936264038086,54.41737747192383,54.870357513427734,55.40862274169922,55.916969299316406,56.27813720703125
55.9084358215332,55.73313903808594,55.482723236083984,55.2018928527832,55.0770263671875,55.24760055541992,55.725624084472656,56.38246536254883,56.9727668762207,57.24302673339844,57.07595443725586,56.615936279296875,56.090576171875,55.656822204589844,55.413124084472656,55.477943420410156,55.961647033691406,56.70793533325195,57.33906555175781,57.57234191894531,57.41925811767578,57.130252838134766,56.957054138183594,56.989051818847656,57.15998077392578,57.3314323425293,57.40067672729492,57.364383697509766,57.27571487426758,57.153507232666016,56.93595886230469,56.56501388549805,56.11409378051758,55.73617935180664,55.527523040771484,55.51134490966797,55.70186996459961,56.063255310058594,56.490718841552734,56.88832092285156,57.24622344970703,57.61532974243164,58.00669479370117,58.34104919433594,58.54209518432617
58.17207717895508,58.07015609741211,57.70235061645508,57.14397048950195,56.74522018432617,56.77614212036133,57.23092269897461,57.91246032714844,58.55121994018555,58.933815002441406,58.98206329345703,58.8237190246582,58.61488723754883,58.4543571472168,58.421913146972656,58.61052322387695,58.985816955566406,59.35989761352539,59.5155143737793,59.42234420776367,59.24345779418945,59.16755294799805,59.299354553222656,59.622215270996094,60.01096725463867,60.2769660949707,60.28733444213867,60.074851989746094,59.7869987487793,59.510032653808594,59.19558334350586,58.77205276489258,58.28635025024414,57.89433670043945,57.72393798828125,57.82811737060547,58.198020935058594,58.73766326904297,59.284427642822266,59.737266540527344,60.13007354736328,60.54037857055664,60.947757720947266,61.24254608154297,61.37369155883789
59.66313171386719,59.75149917602539,59.52598571777344,58.986915588378906,58.55683135986328,58.63295364379883,59.181190490722656,59.88651657104492,60.439910888671875,60.63487243652344,60.527400970458984,60.33745193481445,60.207862854003906,60.237361907958984,60.553524017333984,61.190582275390625,61.85380554199219,62.16096115112305,61.985347747802734,61.592254638671875,61.31980895996094,61.34739685058594,61.64385223388672,62.08512496948242,62.49736785888672,62.699764251708984,62.60288619995117,62.328857421875,62.02919387817383,61.74127960205078,61.385589599609375,60.949920654296875,60.5330810546875,60.261077880859375,60.21349334716797,60.43902587890625,60.93558120727539,61.57698059082031,62.16063690185547,62.59223556518555,62.964500427246094,63.4021110534668,63.85843276977539,64.16766357421875,64.26575469970703
60.978275299072266,61.130348205566406,61.01324462890625,60.577938079833984,60.2855339050293,60.543296813964844,61.293514251708984,62.1316032409668,62.73273849487305,62.92185592651367,62.805816650390625,62.60791015625,62.49787902832031,62.603004455566406,63.15069580078125,64.0289306640625,64.78245544433594,65.01232147216797,64.82022094726562,64.54644775390625,64.3963623046875,64.3790512084961,64.47083282470703,64.64014434814453,64.76138305664062,64.69068145751953,64.43782806396484,64.16200256347656,64.00178527832031,63.889984130859375,63.68239974975586,63.365665435791016,63.05302810668945,62.888160705566406,62.94599914550781,63.25529098510742,63.79979705810547,64.4583969116211,65.04241943359375,65.48173522949219,65.88292694091797,66.367919921875,66.8883285522461,67.27114868164062,67.42375946044922
62.886959075927734,62.951210021972656,62.966922760009766,62.72751998901367,62.618656158447266,62.98297882080078,63.712711334228516,64.43507385253906,64.90457916259766,65.01094818115234,64.84563446044922,64.61891174316406,64.56116485595703,64.8745346069336,65.7143325805664,66.78008270263672,67.46527862548828,67.56310272216797,67.40424346923828,67.29078674316406,67.22650146484375,67.13294982910156,67.06512451171875,67.09432983398438,67.1275863647461,66.99906921386719,66.71427154541016,66.43672943115234,66.30570983886719,66.29850769042969,66.23957061767578,66.04181671142578,65.78668212890625,65.6237564086914,65.66158294677734,65.91890716552734,66.3762435913086,66.95477294921875,67.52407836914062,68.02703857421875,68.53135681152344,69.10562896728516,69.70244598388672,70.19725799560547,70.5171890258789
65.89765930175781,65.48294067382812,65.41032409667969,65.40769958496094,65.49542236328125,65.80464172363281,66.31925964355469,66.82081604003906,67.081787109375,66.96324920654297,66.58273315429688,66.27009582519531,66.31359100341797,66.91505432128906,68.03910064697266,69.17045593261719,69.70369720458984,69.69269561767578,69.56888580322266,69.5276107788086,69.43882751464844,69.22957611083984,69.0220718383789,68.95252227783203,69.01724243164062,69.06462860107422,69.01774597167969,68.9428482055664,68.93631744384766,68.96941375732422,68.93841552734375,68.79610443115234,68.5965805053711,68.43315124511719,68.37592315673828,68.45289611816406,68.71121215820312,69.14601135253906,69.67922973632812,70.23825073242188,70.82160186767578,71.4466323852539,72.08458709716797,72.6758041381836,73.18519592285156
68.78030395507812,68.06243896484375,67.8422622680664,67.9834213256836,68.20637512207031,68.42918395996094,68.74919891357422,69.16227722167969,69.35330963134766,69.03790283203125,68.43893432617188,68.12153625488281,68.44329833984375,69.48564147949219,70.84429168701172,71.81622314453125,72.05596160888672,71.89289855957031,71.76425170898438,71.68450164794922,71.49031066894531,71.20816802978516,71.00035095214844,70.99246215820312,71.11543273925781,71.22699737548828,71.25648498535156,71.24169921875,71.26519012451172,71.32927703857422,71.35630798339844,71.28883361816406,71.1457748413086,71.00810241699219,70.96896362304688,71.07061004638672,71.32616424560547,71.71089935302734,72.15287780761719,72.60743713378906,73.07911682128906,73.60334777832031,74.2079086303711,74.87629699707031,75.56011199951172
70.95056915283203,70.33597564697266,70.20919799804688,70.54533386230469,70.8805923461914,70.89864349365234,70.86878204345703,71.12635040283203,71.32396697998047,70.94639587402344,70.2957534790039,70.11102294921875,70.83114624023438,72.14136505126953,73.35140991210938,73.95823669433594,73.98624420166016,73.83883666992188,73.75672912597656,73.61730194091797,73.32132720947266,72.9953842163086,72.89588928222656,73.1018295288086,73.44461059570312,73.70447540283203,73.76383209228516,73.71994018554688,73.70038604736328,73.71581268310547,73.70867919921875,73.6515884399414,73.55558013916016,73.46014404296875,73.44621276855469,73.6003189086914,73.9580078125,74.44727325439453,74.92803192138672,75.30570220947266,75.59889221191406,75.92223358154297,76.3784408569336,77.03853607177734,77.83563995361328
73.06816101074219,72.4582748413086,72.46955108642578,72.97749328613281,73.43694305419922,73.36133575439453,72.99736785888672,72.92117309570312,72.93911743164062,72.61566925048828,72.30445861816406,72.70445251464844,73.6939697265625,74.71693420410156,75.41918182373047,75.77005004882812,75.9087142944336,75.95712280273438,75.89338684082031,75.64396667480469,75.27738189697266,74.97355651855469,74.96817779541016,75.35218811035156,75.93354797363281,76.39717864990234,76.60052490234375,76.59801483154297,76.52012634277344,76.43011474609375,76.330078125,76.2333755493164,76.15284729003906,76.094482421875,76.10581970214844,76.28316497802734,76.69110107421875,77.27132415771484,77.8606948852539,78.31102752685547,78.58877563476562,78.80284118652344,79.1032943725586,79.63056945800781,80.4000015258789
75.48491668701172,74.80623626708984,74.72222137451172,75.17291259765625,75.54487609863281,75.44527435302734,75.09528350830078,74.90447998046875,74.67512512207031,74.42082214355469,74.82666015625,75.70057678222656,76.4636459350586,76.99059295654297,77.41304016113281,77.8929214477539,78.3637466430664,78.54886627197266,78.33196258544922,77.87369537353516,77.42871856689453,77.22364807128906,77.43394470214844,78.00789642333984,78.68785858154297,79.22222900390625,79.4594497680664,79.41858673095703,79.25393676757812,79.1129379272461,79.02994537353516,78.9876708984375,78.97138214111328,78.96449279785156,79.00725555419922,79.2066650390625,79.64122009277344,80.26712036132812,80.92677307128906,81.46175384521484,81.8077621459961,82.03231048583984,82.27696990966797,82.70051574707031,83.37515258789062
77.77570343017578,77.38351440429688,77.11119079589844,77.1299819946289,77.10214233398438,76.88082122802734,76.8095932006836,76.87671661376953,76.71856689453125,76.92548370361328,77.48941802978516,77.94029235839844,78.29267883300781,78.62482452392578,79.12480163574219,79.88623809814453,80.5625228881836,80.70301055908203,80.28147888183594,79.64415740966797,79.1611099243164,79.12022399902344,79.58675384521484,80.34893798828125,81.12181854248047,81.6668472290039,81.84303283691406,81.69886779785156,81.45142364501953,81.31209564208984,81.32256317138672,81.40544128417969,81.48310852050781,81.52998352050781,81.60706329345703,81.8432388305664,82.31907653808594,82.97766876220703,83.65579223632812,84.21797180175781,84.62486267089844,84.92760467529297,85.2225341796875,85.63610076904297,86.23917388916016
79.70035552978516,79.68727111816406,79.3421859741211,78.93705749511719,78.44376373291016,78.01854705810547,78.06481170654297,78.46351623535156,78.90059661865234,79.13324737548828,79.2625503540039,79.4007568359375,79.5218734741211,79.65531921386719,80.1279525756836,80.96520233154297,81.63916778564453,81.64444732666016,81.08735656738281,80.46675109863281,80.22821044921875,80.53630065917969,81.23212432861328,82.07402038574219,82.86075592041016,83.42499542236328,83.634033203125,83.48224639892578,83.1540298461914,82.89664459228516,82.83048248291016,82.90508270263672,83.02054595947266,83.14203643798828,83.31695556640625,83.6415786743164,84.18169403076172,84.89103698730469,85.62272644042969,86.24907684326172,86.74485778808594,87.1592025756836,87.5565185546875,88.0100326538086,88.5586929321289
81.57879638671875,81.6588363647461,81.493896484375,80.7556381225586,79.81949615478516,79.24552917480469,79.2987060546875,79.66131591796875,80.10347747802734,80.46636962890625,80.53853607177734,80.44105529785156,80.34485626220703,80.41460418701172,80.84443664550781,81.6073989868164,82.16897583007812,82.02568054199219,81.41683959960938,81.01786041259766,81.16712188720703,81.7319564819336,82.4472885131836,83.1574478149414,83.83753967285156,84.44937133789062,84.83236694335938,84.83598327636719,84.5189208984375,84.12385559082031,83.87728881835938,83.82891845703125,83.90829467773438,84.07038879394531,84.34840393066406,84.8094253540039,85.47361755371094,86.27658081054688,87.09029388427734,87.81668090820312,88.44754028320312,89.01512145996094,89.53050994873047,89.99646759033203,90.41727447509766
84.05435180664062,83.55496978759766,83.3072738647461,82.57862091064453,81.566650390625,80.89643859863281,80.75377655029297,80.90951538085938,81.18170166015625,81.45672607421875,81.55300903320312,81.563232421875,81.5426025390625,81.61026763916016,82.05306243896484,82.90238189697266,83.47613525390625,83.19256591796875,82.4770278930664,82.15359497070312,82.461181640625,83.1057357788086,83.7558822631836,84.32841491699219,84.9306411743164,85.578857421875,86.07384490966797,86.191650390625,85.92274475097656,85.48916625976562,85.15868377685547,85.05200958251953,85.1322021484375,85.33841705322266,85.70391845703125,86.29838562011719,87.09908294677734,87.98945617675781,88.85005950927734,89.61774444580078,90.2961196899414,90.90248107910156,91.41368103027344,91.78363800048828,91.9993896484375
