data/wind_data/wind_32_8.json
{"header": {"parameterUnit": "KT", "parameterCategory": 2, "nx": 256, "ny": 198, "lo1": 44.73521041870117, "la1": -3.236724853515625, "lo2": 111.26478576660156, "la2": 43.468475341796875, "dx": 0.2609002888202667, "dy": -0.23708222806453705, "refTime": "2025-02-20 08:00:00", "forecastTime": 0, "parameterNumber": 2, "parameterNumberName": "eastward_wind"}, "data":
[rows 0 to 18 of 198, columns 44 to 87 of 256]
-4.584224700927734,-3.7816286087036133,-3.304595708847046,-3.073436737060547,-2.564113140106201,-1.961524486541748,-2.0292470455169678,-2.2143123149871826,-1.081305980682373,0.2602267861366272,0.2865261435508728,-0.11054172366857529,-0.46297746896743774,-0.6857502460479736,-0.6071125268936157,-0.300729900598526,0.2259696125984192,1.0102617740631104,2.1522862911224365,2.8308117389678955,2.8870227336883545,3.370366334915161,4.297119617462158,4.825510501861572,5.1148362159729,6.483120918273926,8.33517837524414,8.507407188415527,7.861210823059082,7.689881801605225,7.725778102874756,8.168292999267578,8.464395523071289,7.808734893798828,7.2819013595581055,7.659494876861572,7.979742527008057,7.855442047119141,7.809263229370117,8.008639335632324,7.818595886230469,7.137844562530518,6.454655170440674,5.794322490692139
-5.654685974121094,-4.892172813415527,-3.772153854370117,-2.1536481380462646,-0.5000599026679993,0.5276545882225037,0.2019168734550476,-0.4294373393058777,-0.3113451302051544,-0.2659252882003784,-0.88270103931427,-1.4090502262115479,-1.4017624855041504,-1.2278245687484741,-0.585923433303833,0.15995173156261444,0.585990846157074,1.0058534145355225,1.6725267171859741,2.2261011600494385,2.4333455562591553,2.7864327430725098,3.5582656860351562,4.370412349700928,5.11563777923584,6.538216590881348,7.930132865905762,8.050439834594727,7.493375301361084,6.928200721740723,6.4677629470825195,6.237343788146973,6.273824691772461,6.613974094390869,6.929839134216309,7.291256427764893,7.790555477142334,8.16015338897705,8.257933616638184,7.944795608520508,7.3774566650390625,6.763578414916992,6.164058208465576,5.846045970916748
-6.867915153503418,-5.7002129554748535,-4.149645805358887,-2.3924193382263184,-1.2073105573654175,-0.8849706649780273,-0.9081743955612183,-0.9505826234817505,-1.3112250566482544,-1.7614554166793823,-1.7730821371078491,-1.5174777507781982,-1.4671812057495117,-1.574889063835144,-1.2910475730895996,-0.6419569253921509,0.07791564613580704,0.3825607895851135,0.5671054124832153,0.9916123747825623,1.3953373432159424,1.9423004388809204,2.6738157272338867,3.648353338241577,4.933629512786865,6.022225379943848,6.398681640625,6.201681613922119,5.893992900848389,5.69064998626709,5.67701530456543,5.775724411010742,5.864099025726318,5.959773063659668,6.104526042938232,6.7347869873046875,7.517622947692871,7.721187114715576,7.464732646942139,6.827878475189209,6.15090274810791,5.745760917663574,5.448625564575195,5.512532711029053
-7.482244491577148,-6.094420433044434,-4.594618320465088,-3.2086760997772217,-2.8001463413238525,-3.0297210216522217,-2.4368114471435547,-1.7212140560150146,-2.3934519290924072,-3.2388265132904053,-2.705103635787964,-1.792577862739563,-1.7126575708389282,-1.9467523097991943,-1.9480655193328857,-1.6690964698791504,-1.0407378673553467,-0.7655857801437378,-0.714854896068573,-0.3897378146648407,0.0760396271944046,0.7703882455825806,1.4591425657272339,2.1116816997528076,3.1076433658599854,3.767202138900757,3.699101448059082,3.5998613834381104,3.660153388977051,3.617536783218384,3.659452438354492,3.7287614345550537,3.6926333904266357,3.676290273666382,3.907888174057007,4.7114577293396,5.639256477355957,5.753682613372803,5.278822422027588,4.736576080322266,4.271815299987793,3.95247745513916,3.7759101390838623,3.9465646743774414
-8.603515625,-7.040738582611084,-5.891066074371338,-5.305299758911133,-4.506527423858643,-3.297528028488159,-2.7962443828582764,-3.4740068912506104,-4.0260396003723145,-3.3584625720977783,-2.477048397064209,-2.0211565494537354,-2.185790538787842,-2.958092212677002,-4.077334403991699,-5.0439629554748535,-5.662696361541748,-5.739309787750244,-5.014653205871582,-4.246926307678223,-3.441545009613037,-2.3021483421325684,-1.5019426345825195,-1.548970341682434,-1.6822662353515625,-1.3421674966812134,-0.7658145427703857,-0.013873932883143425,0.5452392101287842,0.47237950563430786,-0.01140588615089655,-0.6910371780395508,-1.172196388244629,-0.6963614225387573,0.288521409034729,0.699855625629425,1.1298308372497559,1.658934473991394,1.9009894132614136,2.4116055965423584,2.3935773372650146,1.542151927947998,0.7238941788673401,0.2888866364955902
-10.957005500793457,-9.356372833251953,-8.175165176391602,-7.162875175476074,-5.771820545196533,-4.823564052581787,-5.456879138946533,-6.193044185638428,-5.638974189758301,-4.981032371520996,-5.1313252449035645,-5.2264404296875,-5.445678234100342,-6.220350742340088,-7.349312782287598,-7.997309684753418,-7.9347991943359375,-7.133364200592041,-5.949563026428223,-4.938610076904297,-3.8523972034454346,-2.6322736740112305,-1.6004095077514648,-0.8755784034729004,-0.2783997654914856,0.41226649284362793,1.1632659435272217,1.6769157648086548,1.935068130493164,2.1147844791412354,1.9108468294143677,1.3837974071502686,1.630906581878662,2.9090237617492676,4.105385780334473,4.466628074645996,4.169794082641602,3.926501750946045,4.083306312561035,4.353758811950684,4.139599800109863,4.121127605438232,4.496011257171631,4.28765344619751
-13.001673698425293,-11.500761032104492,-10.199265480041504,-9.061813354492188,-8.237464904785156,-8.260780334472656,-8.826457023620605,-8.934234619140625,-8.794717788696289,-9.156279563903809,-9.391403198242188,-9.230907440185547,-9.095827102661133,-9.388062477111816,-9.66801929473877,-9.424622535705566,-8.810628890991211,-7.8897271156311035,-6.871956825256348,-5.9358229637146,-4.910871505737305,-3.8683712482452393,-3.004033327102661,-2.5208377838134766,-2.105203151702881,-1.3051844835281372,-0.31557324528694153,0.32064467668533325,0.5467354655265808,0.7225747108459473,0.6901232600212097,0.4558424949645996,1.1057933568954468,2.790959358215332,3.8933627605438232,3.814486265182495,3.174669027328491,2.518044948577881,2.1371874809265137,2.0909698009490967,2.2578277587890625,2.5235209465026855,2.965444803237915,2.822587728500366
-14.110302925109863,-13.151453971862793,-12.191105842590332,-11.394580841064453,-11.062233924865723,-11.226655960083008,-11.465349197387695,-11.553287506103516,-11.959716796875,-12.37541389465332,-12.22382926940918,-11.889994621276855,-11.574653625488281,-11.246376991271973,-10.724079132080078,-9.960515022277832,-9.218088150024414,-8.38424015045166,-7.370383262634277,-6.276127815246582,-5.146612167358398,-4.079746723175049,-3.29895281791687,-2.813626766204834,-2.1592884063720703,-1.0817970037460327,-0.19474133849143982,0.07489532232284546,-0.1168975979089737,-0.1043216660618782,0.4846080541610718,0.9973835349082947,1.6975908279418945,3.2628493309020996,4.596412181854248,4.764886856079102,3.7186801433563232,2.1871554851531982,1.3327033519744873,1.2647391557693481,2.0625529289245605,3.275657892227173,3.987977981567383,4.038653373718262
-14.446701049804688,-14.35041332244873,-14.139419555664062,-13.667892456054688,-13.241815567016602,-13.158563613891602,-13.244685173034668,-13.09432601928711,-12.880146980285645,-12.626742362976074,-12.24333667755127,-11.915335655212402,-11.56939697265625,-11.13674259185791,-10.46996021270752,-9.539278030395508,-8.567811965942383,-7.601560592651367,-6.728111743927002,-5.852818965911865,-4.922035217285156,-4.0198750495910645,-3.325507402420044,-2.7745487689971924,-1.989699125289917,-0.9298980236053467,-0.2932250499725342,-0.5048776268959045,-1.0742624998092651,-1.104682207107544,-0.3455870449542999,0.19643647968769073,0.6425113081932068,1.9500768184661865,3.313124656677246,3.3225269317626953,2.0059425830841064,0.3250066041946411,-0.24832138419151306,0.178169384598732,1.0887563228607178,2.344101905822754,2.5846521854400635,2.6503348350524902
-14.08757495880127,-14.460429191589355,-14.825677871704102,-14.772083282470703,-14.328718185424805,-13.901029586791992,-13.534080505371094,-12.950379371643066,-12.05793285369873,-11.06853199005127,-10.402786254882812,-10.012636184692383,-9.745356559753418,-9.468883514404297,-8.952534675598145,-8.134268760681152,-7.203524589538574,-6.298573970794678,-5.571319103240967,-5.072634220123291,-4.525852680206299,-3.8321168422698975,-3.1412878036499023,-2.45072078704834,-1.5039368867874146,-0.6823301911354065,-0.4495523273944855,-1.010758638381958,-1.6890982389450073,-1.6913155317306519,-1.2369450330734253,-0.7768959403038025,-0.33837586641311646,0.6960639953613281,1.6263071298599243,1.1801953315734863,-0.13021518290042877,-0.9007331728935242,-0.615257978439331,-0.5426586270332336,-0.21945524215698242,1.6282374858856201,1.7742199897766113,2.021801471710205
-13.288926124572754,-13.403698921203613,-13.759696006774902,-14.012410163879395,-13.791041374206543,-13.221181869506836,-12.558237075805664,-11.698832511901855,-10.719953536987305,-9.563176155090332,-8.649346351623535,-8.093477249145508,-7.795656204223633,-7.461931228637695,-6.972058296203613,-6.338914394378662,-5.691789150238037,-5.078890800476074,-4.599795818328857,-4.333185195922852,-3.909712791442871,-3.280860185623169,-2.5836963653564453,-1.8643813133239746,-1.18474280834198,-0.9858385920524597,-1.215881586074829,-1.6324743032455444,-2.019357204437256,-2.2280290126800537,-2.3434903621673584,-1.9826639890670776,-1.6042214632034302,-0.8791702389717102,-0.08902177214622498,-0.6365370154380798,-1.6927900314331055,-1.591218113899231,-0.870069146156311,-1.2009589672088623,-1.4607748985290527,-0.13716468214988708,-0.11730916798114777,0.6949324607849121
-12.249188423156738,-12.113027572631836,-12.022377014160156,-12.018322944641113,-11.934974670410156,-11.543002128601074,-10.908020973205566,-10.096035957336426,-9.239187240600586,-8.214916229248047,-7.25029182434082,-6.586518287658691,-6.2241435050964355,-5.867643356323242,-5.295105457305908,-4.608898639678955,-3.9651694297790527,-3.5931131839752197,-3.4259192943573,-3.201280355453491,-2.845427989959717,-2.3582990169525146,-1.7446308135986328,-1.150250792503357,-1.0325735807418823,-1.5847485065460205,-2.0684545040130615,-2.2700090408325195,-2.4483280181884766,-2.9145524501800537,-3.315182685852051,-3.058260679244995,-2.6164662837982178,-2.140653371810913,-1.532217025756836,-1.5862785577774048,-2.274505615234375,-2.1101438999176025,-1.4281702041625977,-1.2651824951171875,-1.4408172369003296,-1.122334361076355,-1.270132064819336,-0.22978033125400543
-11.342097282409668,-10.946722984313965,-10.5357027053833,-10.12522029876709,-9.843035697937012,-9.556793212890625,-8.998734474182129,-8.149115562438965,-7.376138210296631,-6.340801239013672,-5.3924055099487305,-4.657681941986084,-4.3302483558654785,-4.092670440673828,-3.608548164367676,-2.7474610805511475,-1.8911052942276,-1.6383894681930542,-1.894916296005249,-2.0187973976135254,-1.926140546798706,-1.6420314311981201,-1.1679916381835938,-0.8011765480041504,-1.0110201835632324,-1.8964974880218506,-2.5811104774475098,-2.5326976776123047,-2.549349069595337,-3.1130053997039795,-3.7262377738952637,-3.636085033416748,-3.1712288856506348,-2.830559253692627,-2.174964427947998,-1.831972360610962,-2.534876823425293,-2.7838497161865234,-1.7238651514053345,-1.1598868370056152,-1.5376757383346558,-1.2797365188598633,-1.0332591533660889,-0.23920594155788422
-10.89927864074707,-10.240618705749512,-9.598282814025879,-8.959429740905762,-8.361250877380371,-7.850124359130859,-7.071365833282471,-6.0802083015441895,-5.09569787979126,-4.049185276031494,-3.084937334060669,-2.285115957260132,-1.8674123287200928,-1.7739794254302979,-1.5181106328964233,-0.7063236236572266,0.20767676830291748,0.4126371145248413,-0.21087773144245148,-0.9040370583534241,-1.3869414329528809,-1.4334335327148438,-1.0107530355453491,-0.6909763216972351,-1.035412311553955,-1.7223999500274658,-2.1848840713500977,-1.9654781818389893,-1.7599154710769653,-2.3997318744659424,-3.3694345951080322,-3.7303383350372314,-3.4099278450012207,-2.987818717956543,-2.775294542312622,-2.6626291275024414,-2.7985148429870605,-2.711793899536133,-1.8034337759017944,-1.435006022453308,-1.4282430410385132,-1.2737727165222168,-0.7624098062515259,0.06942024827003479
-10.906600952148438,-10.292991638183594,-9.614032745361328,-8.779738426208496,-7.787726879119873,-6.843712329864502,-5.7671732902526855,-4.593979358673096,-3.621549367904663,-2.4333627223968506,-1.330685019493103,-0.4667445719242096,-0.0803465023636818,-0.10034521669149399,0.020906811580061913,0.606465756893158,1.3613766431808472,1.5704948902130127,0.9184471368789673,-0.0350920595228672,-0.8434076309204102,-1.1601184606552124,-1.0399119853973389,-0.825495719909668,-0.9686353206634521,-1.2363840341567993,-1.2824541330337524,-0.9428229331970215,-0.70360267162323,-1.3699924945831299,-2.4527151584625244,-3.203536033630371,-3.21573543548584,-3.1606733798980713,-3.631971597671509,-3.694079875946045,-2.9744749069213867,-2.382596254348755,-2.134655475616455,-2.1461853981018066,-2.12837553024292,-1.6058130264282227,-0.4716797471046448,0.46704623103141785
-10.990995407104492,-10.617416381835938,-10.056112289428711,-9.095049858093262,-7.807004451751709,-6.633905410766602,-5.66128396987915,-4.74369478225708,-3.853482484817505,-2.6500942707061768,-1.3683834075927734,-0.5314450263977051,-0.07269077748060226,0.16049759089946747,0.4611247777938843,0.9931710362434387,1.75382661819458,2.1010184288024902,1.584963321685791,0.49259355664253235,-0.4854842722415924,-0.985602617263794,-1.1670035123825073,-1.159124493598938,-1.1198234558105469,-1.148321270942688,-1.0242185592651367,-0.5550614595413208,-0.007991124875843525,-0.5059000253677368,-1.7186706066131592,-2.522740602493286,-2.6944525241851807,-2.909337282180786,-3.992699146270752,-4.191508769989014,-2.8579399585723877,-2.2629916667938232,-2.888756513595581,-2.817565441131592,-2.9200878143310547,-2.376333475112915,-0.8498438000679016,0.5910196900367737
-10.821756362915039,-10.473730087280273,-9.904504776000977,-8.873663902282715,-7.487793922424316,-6.2259416580200195,-5.468102931976318,-5.014593601226807,-4.480200290679932,-3.533822536468506,-2.2025253772735596,-1.1124038696289062,-0.46910837292671204,-0.03143758326768875,0.5653108358383179,1.2790439128875732,2.0021376609802246,2.3667681217193604,1.8714500665664673,0.8050998449325562,-0.25494396686553955,-0.8618409633636475,-1.1251250505447388,-1.3189798593521118,-1.3681483268737793,-1.2690757513046265,-1.2522250413894653,-1.0122296810150146,-0.3827354609966278,-0.7391707301139832,-1.7346307039260864,-2.031864643096924,-2.2012970447540283,-2.7706220149993896,-3.5961110591888428,-3.4690771102905273,-2.356374979019165,-2.2778358459472656,-3.1444849967956543,-2.7262487411499023,-2.6701114177703857,-2.489652156829834,-1.421351671218872,-0.17595942318439484
-10.442240715026855,-10.0451021194458,-9.320130348205566,-8.291757583618164,-6.838623523712158,-5.244090557098389,-4.21799373626709,-3.86490797996521,-3.689448118209839,-3.0091893672943115,-1.975024700164795,-0.9714702367782593,-0.23942746222019196,0.15113307535648346,0.6121111512184143,1.3090623617172241,2.0550458431243896,2.3840343952178955,2.0505847930908203,1.244345784187317,0.28618094325065613,-0.3916599452495575,-0.8574864268302917,-1.3108620643615723,-1.4728648662567139,-1.2952042818069458,-1.2820178270339966,-1.36258864402771,-1.214681625366211,-1.4131842851638794,-1.682431697845459,-1.4364887475967407,-1.5318305492401123,-2.236629009246826,-2.7384979724884033,-3.0194931030273438,-2.4394030570983887,-1.8348852396011353,-2.3210983276367188,-2.3910324573516846,-1.8527106046676636,-1.7515869140625,-2.002624988555908,-1.2603538036346436
-9.834882736206055,-9.313879013061523,-8.312751770019531,-7.553746700286865,-6.444040775299072,-4.747230529785156,-2.9579086303710938,-2.2401435375213623,-2.192232608795166,-1.8224536180496216,-1.1841193437576294,-0.6624593138694763,-0.19945880770683289,0.15355339646339417,0.6398949027061462,1.3671780824661255,2.045447826385498,2.328399419784546,2.1946396827697754,1.686372995376587,0.9873993992805481,0.1518525928258896,-0.5760962963104248,-1.1778104305267334,-1.2876057624816895,-1.1125459671020508,-1.1496782302856445,-1.1577869653701782,-1.3575348854064941,-1.4925434589385986,-1.283359408378601,-1.1555323600769043,-1.2789381742477417,-1.7807121276855469,-2.4027700424194336,-2.308479070663452,-1.7926325798034668,-1.181670904159546,-1.0548365116119385,-1.5048044919967651,-1.2140713930130005,-1.4108465909957886,-2.2033116817474365,-1.5956498384475708
