data/wind_data/wind_61_4.json
{"header": {"parameterUnit": "KT", "parameterCategory": 2, "nx": 256, "ny": 198, "lo1": 44.73521041870117, "la1": -3.236724853515625, "lo2": 111.26478576660156, "la2": 43.468475341796875, "dx": 0.2609002888202667, "dy": -0.23708222806453705, "refTime": "2025-02-21 13:00:00", "forecastTime": 0, "parameterNumber": 2, "parameterNumberName": "eastward_wind"}, "data":
[rows 19 to 37 of 198, columns 88 to 131 of 256]
-10.840271949768066,-10.611611366271973,-10.377431869506836,-10.47572135925293,-10.244193077087402,-9.681168556213379,-9.362696647644043,-9.421741485595703,-9.578306198120117,-9.813166618347168,-9.663996696472168,-9.437448501586914,-9.274707794189453,-9.186728477478027,-9.171034812927246,-8.66077995300293,-8.09447193145752,-8.064706802368164,-8.070770263671875,-7.747918605804443,-7.566473484039307,-7.626522064208984,-8.141890525817871,-8.515254020690918,-7.857029914855957,-7.306610584259033,-8.456116676330566,-9.678248405456543,-10.236270904541016,-9.10232925415039,-8.09046459197998,-8.922080039978027,-9.265276908874512,-7.5872883796691895,-8.035667419433594,-8.083406448364258,-7.8456010818481445,-7.27282190322876,-5.729565620422363,-5.58231782913208,-5.716769218444824,-7.051150321960449,-8.312381744384766,-7.20637321472168
-11.240890502929688,-11.023324966430664,-10.932759284973145,-10.878881454467773,-10.571322441101074,-9.981572151184082,-9.807778358459473,-9.992644309997559,-10.272323608398438,-10.462502479553223,-10.496050834655762,-10.204706192016602,-9.763976097106934,-9.61640739440918,-9.832188606262207,-9.691370010375977,-9.125961303710938,-8.756027221679688,-8.938053131103516,-9.050397872924805,-8.44054126739502,-7.968571186065674,-7.916714191436768,-7.675601482391357,-7.361141681671143,-7.077924728393555,-7.682480812072754,-8.330633163452148,-8.271527290344238,-7.320932865142822,-8.952133178710938,-7.728666305541992,-9.968385696411133,-7.909702301025391,-8.640979766845703,-8.279288291931152,-7.754663467407227,-7.1411542892456055,-5.446683883666992,-6.461961269378662,-6.344604969024658,-5.682135581970215,-4.54347562789917,-4.540322303771973
-11.727372169494629,-11.391741752624512,-11.297101974487305,-11.24188232421875,-11.007344245910645,-10.672100067138672,-10.558920860290527,-10.588313102722168,-10.906917572021484,-11.262296676635742,-11.2368745803833,-10.86363410949707,-10.417837142944336,-10.251262664794922,-10.436882019042969,-10.511356353759766,-10.303916931152344,-10.057140350341797,-10.063863754272461,-10.212747573852539,-10.096121788024902,-9.675158500671387,-9.283727645874023,-8.842985153198242,-8.504615783691406,-8.183293342590332,-8.234277725219727,-8.510639190673828,-9.223466873168945,-9.154047012329102,-6.914055824279785,-5.4859395027160645,-9.637511253356934,-8.11164665222168,-9.072320938110352,-8.740301132202148,-8.543440818786621,-7.329619884490967,-6.921543598175049,-7.189791679382324,-6.4568681716918945,-5.888904094696045,-4.801085948944092,-4.202119827270508
-12.222482681274414,-11.961586952209473,-11.687416076660156,-11.549882888793945,-11.59133243560791,-11.622475624084473,-11.477675437927246,-11.369891166687012,-11.519556045532227,-11.756505012512207,-11.805814743041992,-11.477313041687012,-11.154672622680664,-11.117934226989746,-11.223737716674805,-11.347088813781738,-11.339765548706055,-11.323043823242188,-11.317425727844238,-11.507566452026367,-11.645024299621582,-11.443990707397461,-10.952874183654785,-10.466777801513672,-10.171445846557617,-9.955731391906738,-9.62574577331543,-9.11241626739502,-8.164682388305664,-7.4909348487854,-7.581235885620117,-7.916061878204346,-8.748558044433594,-9.313741683959961,-10.093634605407715,-9.472220420837402,-8.811732292175293,-8.709002494812012,-8.661561012268066,-8.493618965148926,-7.936590671539307,-7.17397928237915,-6.869904041290283,-7.0382914543151855
-12.798776626586914,-12.66584587097168,-12.404523849487305,-12.29194164276123,-12.416125297546387,-12.497573852539062,-12.273687362670898,-11.98608112335205,-11.858675956726074,-11.998231887817383,-12.124723434448242,-11.899537086486816,-11.65744400024414,-11.745203018188477,-11.80607795715332,-12.023441314697266,-12.134247779846191,-12.364311218261719,-12.488758087158203,-12.649467468261719,-12.963031768798828,-12.878448486328125,-12.44766616821289,-11.999431610107422,-11.785377502441406,-11.389649391174316,-10.839158058166504,-10.538912773132324,-10.271472930908203,-9.753127098083496,-9.410573959350586,-9.277006149291992,-9.390734672546387,-10.222424507141113,-10.924269676208496,-10.342028617858887,-9.968390464782715,-9.974748611450195,-9.979796409606934,-9.541933059692383,-8.832561492919922,-8.264243125915527,-8.041144371032715,-8.427593231201172
-13.589561462402344,-13.613222122192383,-13.34138298034668,-13.115091323852539,-13.016912460327148,-12.892411231994629,-12.62558650970459,-12.379965782165527,-12.211736679077148,-12.140888214111328,-12.141234397888184,-12.154592514038086,-11.945172309875488,-11.938838958740234,-12.128965377807617,-12.620588302612305,-12.878411293029785,-13.098893165588379,-13.162750244140625,-13.217851638793945,-13.5360689163208,-13.658130645751953,-13.382619857788086,-12.78833293914795,-12.290104866027832,-11.905860900878906,-11.477550506591797,-11.200801849365234,-11.373595237731934,-11.021513938903809,-10.216717720031738,-9.817517280578613,-10.147931098937988,-11.172935485839844,-11.274417877197266,-10.675078392028809,-10.66264533996582,-11.043517112731934,-10.941011428833008,-10.227396965026855,-9.389215469360352,-8.697906494140625,-8.461786270141602,-8.740918159484863
-14.198507308959961,-14.31927490234375,-14.001489639282227,-13.649604797363281,-13.273536682128906,-12.947423934936523,-12.642534255981445,-12.526294708251953,-12.591833114624023,-12.51285457611084,-12.34056568145752,-12.278675079345703,-12.370957374572754,-12.509716987609863,-12.840173721313477,-13.227628707885742,-13.562287330627441,-13.716049194335938,-13.642047882080078,-13.642693519592285,-13.687013626098633,-13.771758079528809,-13.520370483398438,-12.917389869689941,-12.329994201660156,-11.932693481445312,-11.472323417663574,-11.090025901794434,-10.926926612854004,-10.688217163085938,-10.213878631591797,-10.163040161132812,-10.57136058807373,-11.075889587402344,-10.8894681930542,-10.481770515441895,-10.699455261230469,-11.140105247497559,-11.06609058380127,-10.205822944641113,-9.384472846984863,-8.948811531066895,-8.912290573120117,-9.223128318786621
-14.343886375427246,-14.607006072998047,-14.451459884643555,-14.113760948181152,-13.74073600769043,-13.25986385345459,-12.722756385803223,-12.653181076049805,-13.072602272033691,-13.612289428710938,-13.507539749145508,-13.130742073059082,-13.33858871459961,-13.841912269592285,-14.333209991455078,-14.545860290527344,-14.7044095993042,-14.801223754882812,-14.655088424682617,-14.252851486206055,-13.82209587097168,-13.60775089263916,-13.427567481994629,-12.928380966186523,-12.34657096862793,-11.979761123657227,-11.556097030639648,-10.941999435424805,-10.414970397949219,-10.179909706115723,-9.864418029785156,-9.537656784057617,-9.661992073059082,-9.903287887573242,-10.151124000549316,-10.222665786743164,-10.404739379882812,-10.60767936706543,-10.370012283325195,-9.607834815979004,-8.975183486938477,-8.822554588317871,-9.047592163085938,-9.255411148071289
-14.304370880126953,-14.694701194763184,-14.998806953430176,-14.969255447387695,-14.783185005187988,-14.43642807006836,-13.873125076293945,-13.703341484069824,-14.293845176696777,-15.071388244628906,-15.267230033874512,-14.98656177520752,-15.108992576599121,-15.692633628845215,-16.241039276123047,-16.43333625793457,-16.423179626464844,-16.287681579589844,-15.977019309997559,-15.368084907531738,-14.613581657409668,-14.135607719421387,-13.98279094696045,-13.668153762817383,-13.137147903442383,-12.546830177307129,-11.969000816345215,-11.343186378479004,-10.73106861114502,-10.192381858825684,-9.55665111541748,-9.004514694213867,-8.752877235412598,-8.897378921508789,-9.41601276397705,-9.81551742553711,-9.937541961669922,-9.898350715637207,-9.721760749816895,-9.265719413757324,-8.811999320983887,-8.659331321716309,-8.864259719848633,-9.186849594116211
-15.1100435256958,-15.296785354614258,-15.909469604492188,-16.41081428527832,-16.587366104125977,-16.307994842529297,-15.754097938537598,-15.590280532836914,-16.231098175048828,-16.971418380737305,-17.13704490661621,-16.989843368530273,-17.01118278503418,-17.501375198364258,-18.153766632080078,-18.386829376220703,-18.245019912719727,-17.756011962890625,-17.239166259765625,-16.632678985595703,-15.997791290283203,-15.525858879089355,-15.294097900390625,-15.022244453430176,-14.488595962524414,-13.781438827514648,-13.060471534729004,-12.200713157653809,-11.354090690612793,-10.741740226745605,-10.292047500610352,-9.779744148254395,-9.345519065856934,-9.186534881591797,-9.306203842163086,-9.536776542663574,-9.580812454223633,-9.493948936462402,-9.551515579223633,-9.485825538635254,-9.21556282043457,-8.959356307983398,-9.044193267822266,-9.428382873535156
-16.6425724029541,-16.711183547973633,-17.314220428466797,-18.03791618347168,-18.305500030517578,-17.929128646850586,-17.383657455444336,-17.32832908630371,-17.903961181640625,-18.485591888427734,-18.661705017089844,-18.544780731201172,-18.47016716003418,-18.826993942260742,-19.309921264648438,-19.629837036132812,-19.361051559448242,-19.01812171936035,-18.62652587890625,-18.1635684967041,-17.501522064208984,-16.96781349182129,-16.674278259277344,-16.423433303833008,-15.94542407989502,-15.209257125854492,-14.38501262664795,-13.575244903564453,-12.805403709411621,-12.12755012512207,-11.661030769348145,-11.369820594787598,-11.105591773986816,-10.821858406066895,-10.526670455932617,-10.224159240722656,-10.080278396606445,-9.858519554138184,-9.914999008178711,-10.14529800415039,-10.250341415405273,-10.280535697937012,-10.20682144165039,-10.188326835632324
-18.136119842529297,-18.05831527709961,-18.49223518371582,-19.112812042236328,-19.383377075195312,-18.915674209594727,-18.124242782592773,-17.991010665893555,-18.615480422973633,-19.286548614501953,-19.519643783569336,-19.393659591674805,-19.326906204223633,-19.67328643798828,-19.936553955078125,-19.95093536376953,-19.846160888671875,-20.013471603393555,-19.955495834350586,-19.543359756469727,-18.71993637084961,-18.003089904785156,-17.628583908081055,-17.334287643432617,-16.90291976928711,-16.26442527770996,-15.538174629211426,-14.86279010772705,-14.2552490234375,-13.678285598754883,-13.2720947265625,-13.126581192016602,-13.073575973510742,-12.882123947143555,-12.418366432189941,-11.785160064697266,-11.36262035369873,-11.140915870666504,-11.096874237060547,-11.344654083251953,-11.589605331420898,-11.66309928894043,-11.5752592086792,-11.472740173339844
-18.861425399780273,-18.603525161743164,-18.93044090270996,-19.574037551879883,-19.772727966308594,-19.250585556030273,-18.3321475982666,-17.959348678588867,-18.763219833374023,-19.816225051879883,-20.062564849853516,-19.72296142578125,-19.691120147705078,-20.1076717376709,-20.211978912353516,-19.95724868774414,-19.86851692199707,-20.12314224243164,-20.202062606811523,-19.781816482543945,-18.93056297302246,-18.091035842895508,-17.68950653076172,-17.455936431884766,-17.041051864624023,-16.45943832397461,-15.97541618347168,-15.68659782409668,-15.331725120544434,-14.762447357177734,-14.239455223083496,-14.00858211517334,-13.969398498535156,-13.897354125976562,-13.616823196411133,-12.960472106933594,-12.302532196044922,-12.075240135192871,-12.150469779968262,-12.263941764831543,-12.543618202209473,-12.603699684143066,-12.451643943786621,-12.311286926269531
-19.07890510559082,-18.81898307800293,-19.204763412475586,-19.740497589111328,-19.74958038330078,-19.29469871520996,-18.51516342163086,-18.097753524780273,-18.91915512084961,-20.068811416625977,-20.291351318359375,-19.81200408935547,-19.770654678344727,-20.201648712158203,-20.21898651123047,-19.74690055847168,-19.320016860961914,-19.34457778930664,-19.476411819458008,-19.25495147705078,-18.456541061401367,-17.52485466003418,-17.11624526977539,-17.060001373291016,-16.808589935302734,-16.19668960571289,-15.658321380615234,-15.488320350646973,-15.349496841430664,-14.942120552062988,-14.425482749938965,-14.128570556640625,-14.000693321228027,-13.840057373046875,-13.365768432617188,-12.608328819274902,-12.017032623291016,-11.87143325805664,-12.132840156555176,-12.338350296020508,-12.530731201171875,-12.676985740661621,-12.655130386352539,-12.473051071166992
-19.459115982055664,-19.343990325927734,-19.528427124023438,-19.669723510742188,-19.46303367614746,-19.10696029663086,-18.7923583984375,-18.676729202270508,-19.245691299438477,-19.90774917602539,-20.008533477783203,-19.671701431274414,-19.745100021362305,-20.127485275268555,-20.22266960144043,-19.5672607421875,-18.648826599121094,-18.20756721496582,-18.313385009765625,-18.3765811920166,-17.772058486938477,-16.917097091674805,-16.56839942932129,-16.621166229248047,-16.465545654296875,-15.864930152893066,-15.248055458068848,-15.033647537231445,-14.961899757385254,-14.73018741607666,-14.325511932373047,-13.972884178161621,-13.769438743591309,-13.409919738769531,-12.383910179138184,-11.450090408325195,-11.401595115661621,-11.619192123413086,-11.88974380493164,-12.03213119506836,-12.073623657226562,-12.161051750183105,-12.165374755859375,-12.113866806030273
-19.880756378173828,-19.636985778808594,-19.799638748168945,-19.879125595092773,-19.263269424438477,-18.852706909179688,-18.991912841796875,-19.316722869873047,-19.396244049072266,-19.416240692138672,-19.3857364654541,-19.36530303955078,-19.626718521118164,-20.007774353027344,-20.045074462890625,-19.350666046142578,-18.223676681518555,-17.386531829833984,-17.105863571166992,-17.11260414123535,-16.902875900268555,-16.50902557373047,-16.328744888305664,-16.205913543701172,-15.950738906860352,-15.406094551086426,-14.882990837097168,-14.695574760437012,-14.583633422851562,-14.536421775817871,-14.484538078308105,-14.035286903381348,-13.303735733032227,-12.472939491271973,-11.792662620544434,-11.353110313415527,-11.581299781799316,-11.684562683105469,-11.580998420715332,-11.80338191986084,-11.753388404846191,-11.864399909973145,-11.645666122436523,-11.602299690246582
-20.09349822998047,-19.956661224365234,-20.035388946533203,-19.74698829650879,-19.157875061035156,-19.000768661499023,-19.429651260375977,-19.58938980102539,-19.004016876220703,-18.787425994873047,-19.059511184692383,-19.111282348632812,-19.232688903808594,-19.632349014282227,-19.577611923217773,-19.00192642211914,-18.062206268310547,-16.985326766967773,-16.17813491821289,-16.064743041992188,-16.250783920288086,-16.320602416992188,-15.991111755371094,-15.486733436584473,-15.051334381103516,-14.816983222961426,-14.615318298339844,-14.266748428344727,-14.28339672088623,-14.29507064819336,-14.553797721862793,-14.231340408325195,-13.359076499938965,-12.414007186889648,-12.15372085571289,-11.874199867248535,-11.749045372009277,-11.232911109924316,-11.57883071899414,-11.461334228515625,-11.366063117980957,-11.651693344116211,-11.4462308883667,-11.266454696655273
-20.701791763305664,-20.318241119384766,-19.7615966796875,-19.310699462890625,-19.163637161254883,-19.45829200744629,-19.792762756347656,-19.426589965820312,-18.599700927734375,-18.4305419921875,-19.190004348754883,-19.28644371032715,-18.68425178527832,-18.619815826416016,-18.748367309570312,-18.516881942749023,-18.037246704101562,-17.131549835205078,-16.153879165649414,-16.019615173339844,-16.268718719482422,-16.274621963500977,-15.437522888183594,-14.651126861572266,-14.36184024810791,-14.32114028930664,-14.022917747497559,-13.746254920959473,-14.068473815917969,-13.798456192016602,-14.422006607055664,-14.492295265197754,-14.204195976257324,-13.190042495727539,-12.708226203918457,-12.111242294311523,-11.689061164855957,-11.234986305236816,-11.19337272644043,-11.115876197814941,-11.229449272155762,-11.300090789794922,-11.58626651763916,-11.350486755371094
-20.332468032836914,-20.091936111450195,-19.57673454284668,-19.28679847717285,-19.608850479125977,-19.954124450683594,-19.63141632080078,-19.016963958740234,-18.889345169067383,-19.099912643432617,-19.133974075317383,-19.214611053466797,-18.616073608398438,-17.74601936340332,-17.949947357177734,-18.213167190551758,-17.949514389038086,-17.259963989257812,-16.505258560180664,-16.525388717651367,-16.47439193725586,-15.982429504394531,-14.995002746582031,-14.401968002319336,-14.121988296508789,-13.617700576782227,-13.189045906066895,-13.146198272705078,-13.157486915588379,-13.407927513122559,-14.272296905517578,-15.022605895996094,-14.85979175567627,-14.012275695800781,-13.571565628051758,-12.673888206481934,-11.725296020507812,-11.103255271911621,-11.137123107910156,-11.11614990234375,-11.064760208129883,-11.118903160095215,-11.483221054077148,-11.607243537902832
