data/wind_data/wind_30_2.json
{"header": {"parameterUnit": "KT", "parameterCategory": 2, "nx": 256, "ny": 198, "lo1": 44.73521041870117, "la1": -3.236724853515625, "lo2": 111.26478576660156, "la2": 43.468475341796875, "dx": 0.2609002888202667, "dy": -0.23708222806453705, "refTime": "2025-02-20 06:00:00", "forecastTime": 0, "parameterNumber": 2, "parameterNumberName": "eastward_wind"}, "data":
[rows 19 to 37 of 198, columns 86 to 128 of 256]
-7.675815105438232,-4.4769439697265625,-5.003036022186279,-6.400426864624023,-6.466249942779541,-4.556931495666504,-7.91146183013916,-12.876715660095215,-10.569993019104004,-6.188409328460693,-5.9364142417907715,-4.990476608276367,-5.901110649108887,-7.233299732208252,-7.450140953063965,-10.326371192932129,-12.718816757202148,-8.004067420959473,-6.143573760986328,-6.204514503479004,-7.761044025421143,-8.513666152954102,-11.247734069824219,-12.44916820526123,-8.603344917297363,-10.325008392333984,-11.5994291305542,-8.261411666870117,-3.5575830936431885,-5.50795316696167,-11.709050178527832,-10.068746566772461,-6.484133243560791,-3.665869951248169,-3.3184702396392822,-10.403873443603516,-6.276771545410156,-3.466676712036133,-3.671177387237549,-4.76975679397583,-4.889448642730713,-3.0516433715820312,-1.741876482963562
-8.648336410522461,-8.284690856933594,-5.850591659545898,-6.212409496307373,-9.370824813842773,-8.59825611114502,-10.893437385559082,-10.696918487548828,-9.63552188873291,-9.088218688964844,-7.018580913543701,-4.414790153503418,-5.582817554473877,-8.915306091308594,-10.253771781921387,-10.28772258758545,-9.996627807617188,-8.287848472595215,-6.930365085601807,-8.001688003540039,-9.324662208557129,-10.970784187316895,-12.032011985778809,-12.383686065673828,-10.387744903564453,-10.352387428283691,-10.132855415344238,-7.940298557281494,-6.297664642333984,-6.461350440979004,-8.725606918334961,-7.695957660675049,-7.918558120727539,-8.28416633605957,-8.38065242767334,-8.020912170410156,-2.049179792404175,-0.4892808496952057,-6.63301944732666,-7.236968040466309,-4.12470006942749,-4.797743320465088,0.001794334501028061
-6.6681437492370605,-3.61370849609375,-4.329690933227539,-5.886536598205566,-7.463281154632568,-6.893102645874023,-9.552580833435059,-8.72584056854248,-9.213785171508789,-9.41331958770752,-6.937055587768555,-5.4597249031066895,-5.795629024505615,-8.463345527648926,-9.774584770202637,-9.582331657409668,-9.393135070800781,-8.778481483459473,-8.669355392456055,-9.497824668884277,-10.625184059143066,-12.852678298950195,-13.740213394165039,-12.499235153198242,-10.944082260131836,-7.965819358825684,-5.7674384117126465,-5.076143741607666,-5.533547401428223,-5.928866386413574,-4.412472724914551,-6.845237731933594,-9.755989074707031,-8.345415115356445,-8.41096019744873,-7.018847465515137,-4.4369282722473145,-5.262348175048828,-6.431698799133301,-6.780384063720703,-4.059426784515381,-6.510750770568848,-7.026083946228027
-5.5535383224487305,-6.435670375823975,-8.42728328704834,-8.075491905212402,-5.144015789031982,-6.582170009613037,-10.25074291229248,-8.853590965270996,-7.954941272735596,-9.07215690612793,-7.044404983520508,-6.472628593444824,-6.454251289367676,-8.31220817565918,-9.75535774230957,-10.035690307617188,-8.957273483276367,-7.5722527503967285,-7.675184726715088,-10.434357643127441,-13.386076927185059,-14.058942794799805,-12.886250495910645,-12.206791877746582,-9.50436019897461,-6.0409135818481445,-5.309390544891357,-7.675567150115967,-8.912920951843262,-8.535518646240234,-8.053072929382324,-6.687555313110352,-7.555903434753418,-5.772795677185059,-3.529458999633789,-9.003238677978516,-7.0257368087768555,-6.925008773803711,-5.274156093597412,-2.48946213722229,-4.90433406829834,-4.139860153198242,-7.500412464141846
-3.6314330101013184,-7.547914981842041,-10.055754661560059,-6.737209320068359,-8.37753677368164,-9.393414497375488,-10.087427139282227,-8.722779273986816,-8.088263511657715,-9.300813674926758,-7.284534931182861,-7.095290660858154,-7.019993782043457,-8.797207832336426,-10.16353702545166,-9.152362823486328,-7.2066450119018555,-5.501026153564453,-6.011482238769531,-9.312935829162598,-12.239933967590332,-12.527569770812988,-12.342323303222656,-12.205509185791016,-9.669816970825195,-7.028192043304443,-5.114026069641113,-7.857999324798584,-10.098821640014648,-9.790077209472656,-6.53666877746582,-6.512034893035889,-7.632707118988037,-5.240929126739502,-6.157747745513916,-9.124174118041992,-5.792534828186035,-6.305643081665039,-9.391399383544922,-4.648116588592529,-1.696036696434021,-5.9947829246521,-11.162294387817383
-6.98935079574585,-8.116673469543457,-7.978349208831787,-8.194908142089844,-10.866005897521973,-7.557441234588623,-8.85427188873291,-10.222906112670898,-9.116257667541504,-9.24337387084961,-8.031044006347656,-7.844232082366943,-7.976424217224121,-9.10991382598877,-9.757306098937988,-8.822793006896973,-7.753606796264648,-7.048047065734863,-7.363381862640381,-8.788444519042969,-10.47421646118164,-11.574462890625,-11.851125717163086,-11.526891708374023,-9.80143928527832,-7.9428019523620605,-5.603945732116699,-7.153764724731445,-10.566397666931152,-9.687297821044922,-5.738641738891602,-5.4488372802734375,-7.845767974853516,-6.3794660568237305,-8.846516609191895,-9.416549682617188,-8.145660400390625,-10.22327709197998,-9.617595672607422,-6.211970806121826,-3.9927849769592285,-6.057441711425781,-11.715302467346191
-9.822436332702637,-7.71245002746582,-8.177144050598145,-10.817934036254883,-9.918961524963379,-8.340153694152832,-8.467371940612793,-10.509702682495117,-10.631011009216309,-9.119203567504883,-8.320600509643555,-8.52892017364502,-8.992132186889648,-9.154314994812012,-9.566117286682129,-9.102226257324219,-8.24219799041748,-8.018204689025879,-8.627281188964844,-9.189005851745605,-9.42205810546875,-9.816302299499512,-10.221558570861816,-9.842204093933105,-8.501694679260254,-7.755281925201416,-6.753262519836426,-7.526689052581787,-10.608412742614746,-9.873096466064453,-8.461099624633789,-7.746224403381348,-8.540781021118164,-8.31807804107666,-10.149310111999512,-9.557571411132812,-6.74997615814209,-6.682693958282471,-6.740777015686035,-4.378511428833008,-8.15273666381836,-7.337157249450684,-8.910785675048828
-9.682944297790527,-11.412674903869629,-11.568399429321289,-9.745405197143555,-8.189173698425293,-8.881525039672852,-8.478277206420898,-10.289312362670898,-11.822409629821777,-10.337756156921387,-9.01276683807373,-9.16731071472168,-9.743675231933594,-8.506156921386719,-9.299887657165527,-9.50613021850586,-8.621073722839355,-8.581494331359863,-8.736940383911133,-10.287105560302734,-9.764963150024414,-9.179311752319336,-9.939719200134277,-10.184792518615723,-9.422455787658691,-8.251753807067871,-7.734879970550537,-8.7373685836792,-9.71844482421875,-10.048060417175293,-10.015681266784668,-8.962913513183594,-8.537285804748535,-9.654685974121094,-10.764348983764648,-9.658098220825195,-7.7050395011901855,-6.637130260467529,-4.726351737976074,-4.208430290222168,-6.287202835083008,-4.9072041511535645,-7.8465986251831055
-11.461706161499023,-13.996254920959473,-12.4721097946167,-8.671167373657227,-6.519372463226318,-8.089613914489746,-10.63648796081543,-8.614686965942383,-9.382746696472168,-11.23514175415039,-10.443498611450195,-10.120707511901855,-10.111006736755371,-8.45019245147705,-8.990355491638184,-9.205782890319824,-8.535951614379883,-9.388843536376953,-10.090716361999512,-12.30760383605957,-11.171928405761719,-10.69083023071289,-13.094297409057617,-12.844344139099121,-11.103845596313477,-9.506770133972168,-9.156447410583496,-9.6590576171875,-9.519075393676758,-9.490889549255371,-8.902498245239258,-7.165981769561768,-6.594817638397217,-8.009699821472168,-9.376786231994629,-9.477876663208008,-7.474395751953125,-7.121525764465332,-7.150670528411865,-7.300000190734863,-4.340063095092773,-2.057053804397583,-4.369457244873047
-11.302993774414062,-13.966217041015625,-12.717005729675293,-9.082137107849121,-6.734884262084961,-9.947103500366211,-11.6973876953125,-8.774989128112793,-9.251702308654785,-11.442753791809082,-10.779623985290527,-10.344101905822754,-9.723419189453125,-9.493471145629883,-9.757341384887695,-8.604270935058594,-8.483659744262695,-10.541714668273926,-12.078886032104492,-13.777398109436035,-13.147848129272461,-14.550311088562012,-16.514606475830078,-14.644862174987793,-12.733160972595215,-10.914776802062988,-10.314116477966309,-10.635783195495605,-9.946111679077148,-9.055273056030273,-8.629963874816895,-7.737758636474609,-6.566635608673096,-6.4449782371521,-7.363672256469727,-7.762373447418213,-6.135660648345947,-5.47105073928833,-5.346207141876221,-6.494197368621826,-5.986256122589111,-3.5530154705047607,-3.8730356693267822
-10.085348129272461,-11.073832511901855,-11.847977638244629,-10.253070831298828,-9.587807655334473,-10.22504711151123,-10.477170944213867,-10.028522491455078,-9.971182823181152,-10.465127944946289,-11.229910850524902,-10.5955228805542,-10.003984451293945,-10.208651542663574,-9.86147403717041,-7.522847652435303,-8.02217960357666,-11.578678131103516,-11.980749130249023,-12.791563987731934,-14.812934875488281,-16.224258422851562,-15.901968955993652,-14.388432502746582,-12.931488990783691,-11.668262481689453,-11.194961547851562,-11.083251953125,-10.65239143371582,-10.235130310058594,-10.16092586517334,-9.454221725463867,-8.698410034179688,-7.7161478996276855,-7.539621353149414,-7.7744035720825195,-6.401293754577637,-4.854617595672607,-4.045673370361328,-4.561779022216797,-5.534367084503174,-4.1737589836120605,0.47535088658332825
-9.131271362304688,-8.59729290008545,-12.115225791931152,-12.902542114257812,-10.865886688232422,-10.05383014678955,-12.159271240234375,-11.741881370544434,-9.6139497756958,-9.394474983215332,-10.119789123535156,-10.06536865234375,-9.334999084472656,-9.353978157043457,-8.959474563598633,-6.962273597717285,-7.355823993682861,-11.740498542785645,-9.744903564453125,-9.342061042785645,-13.17595100402832,-14.102482795715332,-14.089292526245117,-13.299745559692383,-12.615555763244629,-12.221199035644531,-11.413273811340332,-11.443106651306152,-12.029548645019531,-12.266793251037598,-12.373469352722168,-11.782939910888672,-11.069046974182129,-10.195428848266602,-9.121787071228027,-7.337403774261475,-5.201308727264404,-5.524394989013672,-3.8294641971588135,-3.993130683898926,-4.851824760437012,-2.958220958709717,1.0392125844955444
-10.907483100891113,-8.943964958190918,-9.837224006652832,-11.478113174438477,-12.229523658752441,-10.985930442810059,-11.417369842529297,-11.899978637695312,-10.147378921508789,-8.616114616394043,-8.766352653503418,-9.894972801208496,-8.164305686950684,-7.638095378875732,-8.421934127807617,-8.553304672241211,-8.323851585388184,-9.917108535766602,-9.277626037597656,-8.12282943725586,-10.08128547668457,-13.163431167602539,-13.657122611999512,-11.138815879821777,-10.456377983093262,-12.072083473205566,-10.5481538772583,-11.762110710144043,-12.793280601501465,-13.335186958312988,-12.8438081741333,-11.202615737915039,-9.985264778137207,-10.664366722106934,-8.622727394104004,-6.143770694732666,-3.563446521759033,-6.580029010772705,-3.5040128231048584,-4.592403888702393,-2.999009370803833,-3.100444793701172,-3.6856422424316406
-12.746682167053223,-11.610921859741211,-9.004398345947266,-9.201031684875488,-12.2042236328125,-11.485642433166504,-10.664308547973633,-11.885287284851074,-10.448464393615723,-8.224509239196777,-7.759963512420654,-9.12808895111084,-7.53980827331543,-7.454655170440674,-8.363924026489258,-9.843276977539062,-7.994070053100586,-6.993190288543701,-10.087967872619629,-9.952108383178711,-9.3454008102417,-12.379252433776855,-11.803611755371094,-6.3430891036987305,-5.425899982452393,-9.940863609313965,-6.412069320678711,-9.871532440185547,-9.127445220947266,-12.047096252441406,-10.812037467956543,-6.898772239685059,-4.835190773010254,-8.082073211669922,-5.695881366729736,-5.705252170562744,-3.090989351272583,-4.907885551452637,-2.335233211517334,-6.056446552276611,-3.8013432025909424,-4.94944429397583,-4.504349708557129
-12.04193115234375,-12.527799606323242,-11.443227767944336,-9.965704917907715,-11.039718627929688,-12.510442733764648,-10.902541160583496,-11.265105247497559,-10.314828872680664,-8.532341957092285,-8.444522857666016,-8.915721893310547,-7.861605644226074,-7.994503021240234,-7.128292560577393,-7.011087417602539,-6.644245624542236,-6.4743733406066895,-9.538052558898926,-11.207671165466309,-10.677864074707031,-10.50153636932373,-9.365626335144043,-4.17487907409668,-3.9122135639190674,-7.06510591506958,-1.92344069480896,-8.12374210357666,-2.448469400405884,-8.121719360351562,-6.9077911376953125,-3.7905709743499756,-3.234064817428589,-5.438262939453125,-3.8019168376922607,-5.592958450317383,-2.240116834640503,-3.673143148422241,-2.5963454246520996,-7.252857208251953,-6.25916051864624,-5.519678115844727,-3.284632921218872
-10.79793930053711,-11.801652908325195,-11.348320007324219,-10.680045127868652,-11.34967041015625,-11.20913028717041,-10.867157936096191,-11.244813919067383,-11.511791229248047,-10.120216369628906,-9.340093612670898,-9.853721618652344,-9.77149772644043,-8.359526634216309,-6.267110347747803,-5.559117317199707,-6.74062967300415,-8.74987506866455,-10.957498550415039,-9.289721488952637,-9.534934997558594,-8.169395446777344,-7.915964603424072,-5.465472221374512,-7.800394535064697,-5.907406330108643,-3.8091578483581543,-8.940170288085938,-1.5402379035949707,-4.084521293640137,-4.753055572509766,-3.1449530124664307,-5.170070648193359,-4.488555431365967,-4.300446510314941,-5.021907329559326,-1.5015872716903687,-4.822895050048828,-2.2377967834472656,-6.736223220825195,-4.802336692810059,-3.811258554458618,-2.9424257278442383
-10.215368270874023,-10.348620414733887,-10.142038345336914,-10.631171226501465,-11.200298309326172,-11.520817756652832,-10.34582233428955,-11.106677055358887,-12.326489448547363,-12.069442749023438,-10.224098205566406,-9.45104694366455,-9.876446723937988,-8.484148025512695,-5.4197306632995605,-5.813899517059326,-9.3654203414917,-8.032793998718262,-9.27899169921875,-8.358301162719727,-6.416990280151367,-5.561385154724121,-8.250139236450195,-10.176417350769043,-7.998376846313477,-6.857320785522461,-6.679950714111328,-6.514685153961182,-3.4647865295410156,-2.219827651977539,-2.445441484451294,-3.943599224090576,-5.976288795471191,-4.184922218322754,-4.432537078857422,-4.175569534301758,-2.5040550231933594,-6.181313991546631,-0.5183411240577698,-2.451185941696167,1.75471031665802,-1.1496385335922241,-3.781343936920166
-9.990138053894043,-9.797476768493652,-9.849973678588867,-9.957409858703613,-10.574702262878418,-11.646825790405273,-11.591399192810059,-10.055656433105469,-10.576639175415039,-11.286310195922852,-10.959066390991211,-8.441337585449219,-9.163450241088867,-8.332623481750488,-5.790389060974121,-6.768508434295654,-9.316704750061035,-8.72380542755127,-5.292013168334961,-5.706626892089844,-5.979381084442139,-7.034150123596191,-3.2834036350250244,-7.375527858734131,-4.2144246101379395,-4.677842140197754,-5.145135879516602,-3.9742159843444824,-3.193554162979126,-1.4106346368789673,-4.615911483764648,-1.6216763257980347,-4.691280364990234,-4.308272838592529,-3.247633695602417,-1.8995283842086792,-4.7507147789001465,-1.7350809574127197,-1.2681000232696533,-0.5911540985107422,-1.959753155708313,-5.243768215179443,-3.1856677532196045
-9.142436027526855,-10.236875534057617,-10.457498550415039,-9.24188232421875,-9.890594482421875,-10.460370063781738,-11.045343399047852,-10.651407241821289,-7.851640701293945,-7.090451240539551,-9.836938858032227,-8.580829620361328,-6.609638214111328,-6.875920295715332,-9.348553657531738,-7.729822635650635,-6.1418232917785645,-9.568251609802246,-2.5776450634002686,-6.219682216644287,-4.295857906341553,-6.538798809051514,-3.1914291381835938,-4.809859752655029,-3.8600664138793945,-2.0127665996551514,-2.089156150817871,-2.330376625061035,-3.4678502082824707,-1.6962947845458984,-4.579680442810059,-0.30509722232818604,-4.805366516113281,-2.621279239654541,-3.5283043384552,0.04813048616051674,-7.991055965423584,-0.0694681704044342,-4.337248802185059,-2.217801570892334,-5.354092597961426,-4.1792778968811035,-2.6292874813079834
