data/wind_data/wind_63_3.json
{"header": {"parameterUnit": "KT", "parameterCategory": 2, "nx": 256, "ny": 198, "lo1": 44.73521041870117, "la1": -3.236724853515625, "lo2": 111.26478576660156, "la2": 43.468475341796875, "dx": 0.2609002888202667, "dy": -0.23708222806453705, "refTime": "2025-02-21 15:00:00", "forecastTime": 0, "parameterNumber": 2, "parameterNumberName": "eastward_wind"}, "data":
[rows 133 to 151 of 198, columns 0 to 43 of 256]
19.962738037109375,20.29055404663086,20.064748764038086,20.249107360839844,20.584442138671875,19.963659286499023,19.093181610107422,20.014217376708984,19.535921096801758,18.438827514648438,17.47307014465332,16.60065460205078,16.339853286743164,16.25927734375,13.894685745239258,12.109830856323242,11.495898246765137,7.870871067047119,3.9354286193847656,2.9592432975769043,3.127096176147461,3.399468421936035,4.942027568817139,7.333737373352051,9.317992210388184,12.283064842224121,17.863130569458008,25.344131469726562,30.657657623291016,30.51500129699707,29.489999771118164,30.949928283691406,32.4821891784668,32.93782043457031,35.635643005371094,36.601322174072266,33.42628479003906,26.946680068969727,24.56376075744629,26.47918128967285,29.582128524780273,31.329126358032227,32.51407241821289,32.29485321044922
20.86568832397461,21.40423011779785,21.111682891845703,20.963655471801758,21.159360885620117,20.10655403137207,20.260082244873047,21.060739517211914,20.121139526367188,18.52938461303711,17.8839168548584,18.046707153320312,17.78291893005371,16.511428833007812,13.16411304473877,11.28653335571289,10.12747859954834,7.389158725738525,3.6703662872314453,2.478402853012085,2.2060210704803467,3.2596590518951416,5.358367919921875,9.494073867797852,13.93779182434082,17.868560791015625,23.31321907043457,29.761369705200195,33.003726959228516,32.28843688964844,33.54252243041992,35.720924377441406,35.73564147949219,35.54054260253906,36.17607879638672,31.136648178100586,23.53567123413086,21.818389892578125,25.48072052001953,30.480213165283203,34.33588409423828,33.717002868652344,28.861164093017578,24.83753204345703
21.558862686157227,22.355937957763672,22.099464416503906,21.641803741455078,21.34587860107422,21.11676025390625,21.77350616455078,21.34392738342285,19.37735939025879,18.194223403930664,18.248607635498047,18.609140396118164,18.47019386291504,17.370290756225586,13.816010475158691,12.397603034973145,8.287766456604004,4.788491725921631,3.5190939903259277,2.157001256942749,1.857680082321167,4.361887454986572,7.886565208435059,13.368582725524902,22.012632369995117,28.599300384521484,31.562719345092773,33.55394744873047,33.912635803222656,34.1608772277832,36.72340774536133,38.42475509643555,37.35874938964844,35.75007247924805,29.964223861694336,21.073204040527344,17.633342742919922,21.485517501831055,27.204174041748047,33.58393096923828,32.63225173950195,26.831201553344727,22.36322784423828,21.80750846862793
22.406776428222656,23.335105895996094,23.08341407775879,22.493911743164062,22.49232292175293,22.66158676147461,22.134578704833984,20.315698623657227,18.52686882019043,17.7780818939209,17.807138442993164,17.832612991333008,17.56536102294922,16.23542594909668,13.449630737304688,11.08649730682373,5.865694999694824,3.437649965286255,3.399384021759033,2.1906516551971436,3.0330724716186523,7.507235527038574,12.313399314880371,17.978717803955078,27.90498924255371,33.67970275878906,34.69194030761719,34.577301025390625,34.6375846862793,36.33924102783203,38.71180725097656,38.12834548950195,34.596614837646484,28.375152587890625,21.39107894897461,17.78558921813965,19.253482818603516,23.94025230407715,29.937454223632812,31.05394744873047,26.09113883972168,22.0797061920166,19.988048553466797,21.0282039642334
23.2230167388916,24.05255889892578,23.74103355407715,23.23731803894043,23.170673370361328,22.887989044189453,21.63417625427246,19.555925369262695,17.35146141052246,16.581939697265625,15.217766761779785,15.079268455505371,15.13652229309082,13.95069694519043,11.90939998626709,8.371639251708984,2.618556499481201,2.633948564529419,4.253598213195801,2.9896974563598633,5.77766227722168,14.63451862335205,21.28742790222168,25.765960693359375,31.225194931030273,34.59512710571289,34.80754470825195,35.474021911621094,36.917579650878906,38.361698150634766,37.57575607299805,33.50703811645508,27.105865478515625,21.735618591308594,19.109107971191406,19.481786727905273,23.024181365966797,28.1684627532959,30.369964599609375,26.63906478881836,22.34034538269043,20.06524658203125,20.341798782348633,20.866235733032227
23.876277923583984,24.556283950805664,24.06705093383789,23.661897659301758,23.26490020751953,22.541397094726562,21.45310401916504,19.852500915527344,17.158905029296875,15.937063217163086,15.925779342651367,14.399569511413574,14.076004981994629,12.376433372497559,9.143791198730469,2.398344039916992,1.7594550848007202,4.470264434814453,5.326115131378174,3.9438295364379883,9.062715530395508,21.165197372436523,29.061708450317383,31.80219841003418,32.8815803527832,34.26784133911133,36.11698532104492,38.32485580444336,39.69938659667969,37.61489486694336,32.743431091308594,27.366615295410156,22.362171173095703,19.098520278930664,18.016822814941406,21.532867431640625,27.551799774169922,31.609350204467773,28.061779022216797,22.544294357299805,19.286136627197266,18.195035934448242,18.596506118774414,21.731216430664062
24.317739486694336,24.961164474487305,24.495071411132812,24.093692779541016,23.359590530395508,22.46872901916504,21.108972549438477,19.858440399169922,18.296661376953125,16.757108688354492,17.404420852661133,16.83965492248535,12.921099662780762,9.148451805114746,3.527116060256958,-0.4946250319480896,1.4248583316802979,6.400085926055908,6.031793117523193,6.0357513427734375,12.276131629943848,23.58292579650879,30.763036727905273,31.485824584960938,32.61525344848633,36.53865432739258,40.46592330932617,42.50706481933594,39.65129470825195,33.09627151489258,26.92010498046875,22.924362182617188,20.078353881835938,16.702903747558594,17.697729110717773,25.085887908935547,31.990867614746094,29.984548568725586,22.596452713012695,19.45802116394043,16.5014591217041,14.603120803833008,16.166969299316406,20.520212173461914
24.30128288269043,25.327238082885742,25.007875442504883,24.27490997314453,23.389556884765625,22.295896530151367,20.642311096191406,18.911277770996094,17.62360382080078,16.5556697845459,17.36750602722168,17.37282943725586,15.028346061706543,9.703672409057617,5.344127178192139,0.9446001648902893,4.195137977600098,6.703588485717773,5.628493309020996,7.408849716186523,14.284891128540039,23.1164493560791,28.94453239440918,33.634376525878906,38.43074417114258,41.96998596191406,43.726646423339844,42.01895523071289,35.37214279174805,28.638803482055664,23.632537841796875,19.88786506652832,17.463520050048828,17.483877182006836,23.172433853149414,29.46282386779785,29.720731735229492,22.496566772460938,19.086618423461914,19.04578971862793,16.221954345703125,12.422053337097168,15.372822761535645,22.882572174072266
23.972169876098633,25.225831985473633,24.89838981628418,23.686153411865234,22.481060028076172,21.19849967956543,19.721067428588867,17.429584503173828,15.973193168640137,15.735307693481445,17.147811889648438,17.8573055267334,16.68226432800293,14.391528129577637,8.700703620910645,-0.44249027967453003,5.3811516761779785,6.812241077423096,6.053150653839111,7.724569320678711,15.980436325073242,27.707965850830078,35.9068603515625,40.95033264160156,44.626800537109375,45.34444046020508,42.09480285644531,36.2545166015625,30.6117000579834,26.46207046508789,21.128219604492188,15.77511978149414,14.057424545288086,18.90936279296875,25.4333553314209,25.94356346130371,19.86177635192871,16.8509464263916,18.171537399291992,19.594064712524414,15.550399780273438,12.988056182861328,17.772130966186523,23.330236434936523
23.858444213867188,24.23712730407715,23.295997619628906,21.662689208984375,20.37493324279785,19.148359298706055,17.99714469909668,16.166484832763672,13.820272445678711,13.24336051940918,13.812173843383789,15.434325218200684,14.15065860748291,12.115598678588867,9.462646484375,-1.4499952793121338,5.54740571975708,6.768212795257568,6.497841835021973,11.138031959533691,23.598876953125,36.465980529785156,42.86014175415039,44.808372497558594,45.589332580566406,43.74859619140625,38.40814971923828,32.63975143432617,28.205461502075195,25.501941680908203,18.761064529418945,11.155932426452637,10.892655372619629,15.619410514831543,18.389558792114258,18.70560073852539,19.26456642150879,19.671527862548828,22.396114349365234,21.070362091064453,14.682403564453125,13.974818229675293,17.92013931274414,19.438825607299805
23.776071548461914,22.366098403930664,20.184383392333984,18.14453887939453,16.90900993347168,15.659207344055176,14.864047050476074,14.862771987915039,13.23177433013916,13.306217193603516,12.970742225646973,13.530372619628906,12.198022842407227,6.09748649597168,7.957344055175781,1.472712755203247,7.764225006103516,10.200013160705566,14.703049659729004,23.55633544921875,34.146202087402344,43.0095329284668,46.201351165771484,44.72303009033203,42.505958557128906,38.786476135253906,34.07903289794922,29.901195526123047,25.64301109313965,23.68080711364746,19.69055938720703,12.51607608795166,12.159355163574219,15.98809814453125,18.343549728393555,17.0374698638916,18.416545867919922,18.112239837646484,21.510385513305664,16.087635040283203,11.054121971130371,11.752528190612793,14.65708065032959,15.98547649383545
21.637550354003906,19.34026336669922,16.305009841918945,14.034934997558594,12.639799118041992,10.744050979614258,9.274847030639648,9.380327224731445,9.03266716003418,9.721893310546875,12.81325912475586,15.027202606201172,13.327555656433105,6.784916400909424,3.2217509746551514,-0.6625671982765198,11.343123435974121,19.57652473449707,28.044506072998047,36.23398208618164,42.47922134399414,46.99082565307617,46.319454193115234,43.282623291015625,39.95412826538086,36.2473030090332,32.61617660522461,29.051061630249023,25.602882385253906,23.584484100341797,22.837892532348633,22.17393684387207,16.17674446105957,15.148893356323242,19.794841766357422,18.480791091918945,15.990565299987793,15.370479583740234,14.028395652770996,12.43649959564209,11.36528205871582,12.274499893188477,12.255858421325684,12.837879180908203
16.4352970123291,14.46613883972168,11.323664665222168,9.085724830627441,8.078313827514648,7.6564764976501465,7.2718353271484375,7.2365851402282715,10.026220321655273,14.66581916809082,19.79448127746582,21.958223342895508,18.29456329345703,14.165311813354492,12.68209457397461,8.017690658569336,18.378084182739258,29.191247940063477,36.56715774536133,42.26150131225586,46.932716369628906,48.592689514160156,45.35045623779297,42.29454803466797,39.7154655456543,35.69704055786133,31.165584564208984,28.184959411621094,26.380481719970703,27.359384536743164,27.835378646850586,29.65554428100586,21.09265899658203,15.39803409576416,19.0318603515625,20.92597198486328,19.37527084350586,15.553434371948242,12.050785064697266,12.86565113067627,15.366443634033203,17.77374267578125,16.914094924926758,15.369301795959473
11.994460105895996,10.465730667114258,7.1748127937316895,4.824891567230225,3.7432525157928467,5.49092960357666,7.752217769622803,12.30683422088623,19.550893783569336,26.41124725341797,28.906023025512695,28.001890182495117,24.638681411743164,24.803213119506836,28.31694793701172,28.00745391845703,29.109708786010742,35.89366149902344,42.74396896362305,46.82659149169922,48.51210403442383,47.83479690551758,44.5496940612793,41.34348678588867,38.387508392333984,34.039772033691406,29.5554256439209,27.999408721923828,28.961044311523438,30.95009422302246,29.97163200378418,29.211668014526367,21.78876304626465,16.286327362060547,18.391834259033203,20.60164451599121,22.11225700378418,20.454742431640625,18.294340133666992,19.75169563293457,23.1552791595459,24.384571075439453,22.893442153930664,20.60694694519043
10.705265998840332,9.006963729858398,5.396759510040283,2.9372096061706543,1.2135993242263794,5.257931709289551,12.286702156066895,22.490915298461914,31.21995735168457,34.543880462646484,28.386091232299805,25.53607749938965,26.824434280395508,30.96410369873047,35.50648498535156,37.507633209228516,38.25882339477539,42.68714141845703,47.12741470336914,48.0099983215332,47.56313705444336,46.065311431884766,43.14064025878906,39.98653793334961,36.799163818359375,33.39663314819336,31.936086654663086,32.494659423828125,32.432342529296875,29.549169540405273,28.57425308227539,24.68592643737793,20.852243423461914,19.5916690826416,20.4490909576416,17.252260208129883,17.925373077392578,19.91389274597168,22.18227195739746,24.495594024658203,25.615507125854492,23.651748657226562,21.876726150512695,22.859222412109375
10.265788078308105,8.221969604492188,4.910935878753662,2.7754833698272705,3.0453546047210693,7.856869220733643,19.342952728271484,30.094924926757812,34.86800765991211,33.383914947509766,24.45528221130371,25.16543960571289,30.79018211364746,32.50532150268555,33.13627243041992,36.72166061401367,41.897003173828125,45.533241271972656,45.872833251953125,45.553749084472656,46.308223724365234,44.71360397338867,40.60795974731445,38.36779022216797,36.625831604003906,35.95740509033203,36.3638916015625,34.06346130371094,26.25319480895996,21.222232818603516,20.19900894165039,19.84665870666504,21.67167091369629,20.883644104003906,22.945714950561523,19.445077896118164,16.16654396057129,18.129690170288086,21.605998992919922,22.098569869995117,18.08571434020996,14.467619895935059,16.089712142944336,20.301305770874023
8.603259086608887,7.132488250732422,4.50248908996582,2.745155096054077,6.620231628417969,14.330981254577637,24.72661781311035,33.61811447143555,35.218505859375,31.461227416992188,27.849275588989258,29.65407371520996,33.52792739868164,35.42770767211914,38.131526947021484,41.651641845703125,43.45089340209961,43.88319396972656,44.911399841308594,46.20877456665039,45.77214431762695,42.60881423950195,38.84428405761719,37.04766845703125,37.97541427612305,39.25689697265625,35.84115982055664,25.349872589111328,19.4166316986084,16.326568603515625,16.8651065826416,18.185951232910156,22.525821685791016,23.131492614746094,23.700023651123047,20.785263061523438,17.145177841186523,17.03156280517578,19.067384719848633,19.18531608581543,13.842033386230469,9.01828384399414,9.291333198547363,12.524824142456055
6.727204322814941,6.316135883331299,4.256827354431152,2.71988844871521,8.86430549621582,17.910491943359375,26.208843231201172,30.90491485595703,33.868797302246094,33.54085159301758,33.87500762939453,34.78169631958008,35.78758239746094,40.156219482421875,45.54988098144531,47.3058967590332,45.461883544921875,45.81504821777344,47.69940948486328,46.83578872680664,43.33420181274414,40.2020263671875,37.57023239135742,36.54902648925781,38.48466873168945,36.244911193847656,25.572664260864258,18.679481506347656,18.455347061157227,17.26215934753418,17.127460479736328,21.10176658630371,24.366971969604492,24.403440475463867,23.650846481323242,22.6412410736084,21.78898811340332,20.685152053833008,19.95670509338379,22.218303680419922,20.099472045898438,15.354602813720703,12.769404411315918,13.295233726501465
6.844692707061768,6.7513251304626465,4.726614952087402,3.0815179347991943,9.621316909790039,19.45760154724121,27.196632385253906,30.272600173950195,31.588178634643555,31.07830238342285,34.335880279541016,37.12734603881836,38.795005798339844,42.178096771240234,45.19155502319336,45.331016540527344,45.51905822753906,47.59098815917969,47.3995246887207,42.40361022949219,37.19301986694336,35.808406829833984,34.158042907714844,34.76976013183594,36.42323684692383,28.786300659179688,19.893800735473633,18.79703140258789,19.740825653076172,18.994009017944336,17.9426326751709,19.518537521362305,21.144575119018555,22.779924392700195,23.85439109802246,24.423498153686523,24.872900009155273,25.354373931884766,24.55122184753418,25.081932067871094,25.452373504638672,22.948963165283203,18.196754455566406,17.291854858398438
