data/wind_data/wind_68_0.json
{"header": {"parameterUnit": "KT", "parameterCategory": 2, "nx": 255, "ny": 198, "lo1": 44.73521041870117, "la1": -3.236724853515625, "lo2": 111.26478576660156, "la2": 43.468475341796875, "dx": 0.26192745566368103, "dy": -0.23708222806453705, "refTime": "2025-02-21 20:00:00", "forecastTime": 0, "parameterNumber": 3, "parameterNumberName": "northward_wind"}, "data":
[rows 0 to 18 of 198, columns 43 to 85 of 255]
-4.895949840545654,-4.751454830169678,-4.517232418060303,-3.9547853469848633,-3.4254040718078613,-2.944460868835449,-2.572096586227417,-2.37024188041687,-2.401313066482544,-2.6881186962127686,-2.77514910697937,-2.6445796489715576,-2.402700185775757,-2.0541787147521973,-2.5398030281066895,-3.615278482437134,-4.529757022857666,-5.355895042419434,-5.915586471557617,-6.176860332489014,-5.856865406036377,-5.261183738708496,-4.549164772033691,-3.966750144958496,-3.836820602416992,-3.809723377227783,-3.7551109790802,-3.6198620796203613,-3.3518869876861572,-3.061155080795288,-2.8290274143218994,-2.666574716567993,-2.5688347816467285,-2.764582395553589,-3.1858129501342773,-3.3177149295806885,-3.19138765335083,-3.084625244140625,-2.9715402126312256,-2.9786386489868164,-2.981570243835449,-2.7466957569122314,-2.457881450653076
-4.144060134887695,-4.070549488067627,-3.9802334308624268,-3.4211437702178955,-2.9709770679473877,-2.595754623413086,-2.3131446838378906,-2.1179709434509277,-2.233114719390869,-2.735562324523926,-3.170847177505493,-3.428554058074951,-3.544468402862549,-3.4959893226623535,-3.81455659866333,-4.383485317230225,-5.195026874542236,-6.129859447479248,-6.542116641998291,-6.541950702667236,-6.137286186218262,-5.674337387084961,-5.455069065093994,-5.330260753631592,-5.351704120635986,-5.115230560302734,-4.366445064544678,-3.741272449493408,-3.376683235168457,-3.155203104019165,-3.1375081539154053,-3.081334114074707,-2.9715535640716553,-2.993152379989624,-3.0686533451080322,-2.968970775604248,-2.720890760421753,-2.661153554916382,-2.68904185295105,-2.6987414360046387,-2.6483473777770996,-2.4680421352386475,-2.288154363632202
-4.0458879470825195,-3.744173049926758,-3.6055374145507812,-3.2267682552337646,-2.9997708797454834,-2.8038671016693115,-2.627901554107666,-2.6051907539367676,-2.8973629474639893,-3.4501850605010986,-3.9964020252227783,-4.420310974121094,-4.69779109954834,-5.1334614753723145,-5.456302165985107,-5.374532222747803,-5.600098133087158,-6.172281265258789,-6.6277875900268555,-6.625131130218506,-5.943909168243408,-5.21914005279541,-4.9838056564331055,-4.847330093383789,-4.650264739990234,-4.177353382110596,-3.4578065872192383,-2.9115097522735596,-2.5828864574432373,-2.496227502822876,-2.5497071743011475,-2.314539909362793,-1.986113429069519,-2.0163347721099854,-2.1583917140960693,-2.1086583137512207,-1.8527004718780518,-1.7091865539550781,-1.6380658149719238,-1.532908320426941,-1.23856782913208,-1.2136223316192627,-1.4140981435775757
-5.56011438369751,-4.8033599853515625,-4.258347511291504,-4.042312145233154,-5.041657447814941,-5.753774642944336,-5.4072651863098145,-5.371687412261963,-5.9247612953186035,-6.637723922729492,-6.799983501434326,-6.818797588348389,-6.89846658706665,-7.698734760284424,-8.40416431427002,-7.671804904937744,-6.8044514656066895,-6.649913311004639,-7.074075698852539,-7.102702617645264,-6.910778045654297,-6.493310451507568,-5.845887660980225,-5.208302974700928,-4.406976699829102,-3.2748634815216064,-2.28413987159729,-1.771786093711853,-1.7922710180282593,-2.0157203674316406,-1.98586106300354,-1.0160861015319824,0.3370128870010376,-0.5803561806678772,-1.9886739253997803,-2.9822754859924316,-3.130678176879883,-3.0274734497070312,-2.362898588180542,-2.378929853439331,-1.1897085905075073,-0.47558286786079407,-1.4377206563949585
-2.1966803073883057,-2.167739152908325,-2.2164440155029297,-1.8595939874649048,-5.273556709289551,-6.8651509284973145,-6.2523417472839355,-6.184357643127441,-6.372757434844971,-6.605541229248047,-6.4049272537231445,-6.564600467681885,-6.480215072631836,-7.075797080993652,-6.89576530456543,-5.944004058837891,-4.965538501739502,-4.410290718078613,-5.038167476654053,-5.543841361999512,-5.973742961883545,-6.03590202331543,-5.340999126434326,-4.5489702224731445,-3.598790407180786,-2.2362773418426514,-0.9676626920700073,-0.4186294972896576,-0.7158631086349487,-1.3388453722000122,-1.0805027484893799,1.318516492843628,3.712913751602173,0.3960486948490143,-1.954522967338562,-2.889653444290161,-1.3879305124282837,-1.6344715356826782,-3.3734257221221924,-2.514967679977417,0.17784178256988525,1.1523144245147705,-1.797655701637268
-0.8315914273262024,-3.3656861782073975,-4.4386091232299805,-3.4229331016540527,-4.031980991363525,-4.606695652008057,-4.607781887054443,-4.3967180252075195,-4.413943767547607,-4.521649360656738,-4.249181270599365,-3.9300661087036133,-3.778316020965576,-3.772084951400757,-3.205958843231201,-3.0051827430725098,-3.081361770629883,-2.4978485107421875,-2.7527499198913574,-3.3478128910064697,-3.3663442134857178,-3.3578813076019287,-3.2294867038726807,-2.781803846359253,-2.1863949298858643,-1.318208932876587,0.10539890080690384,1.2234725952148438,0.8374528884887695,-0.6192855834960938,-0.4739209711551666,0.9809755682945251,-0.019105657935142517,-3.3959145545959473,-3.4275195598602295,-2.5874881744384766,-1.9063327312469482,-1.5249406099319458,-2.005398750305176,0.15979860723018646,0.8919214010238647,0.4741465449333191,-0.6816456317901611
-5.862490653991699,-6.87966251373291,-6.6293559074401855,-6.2204813957214355,-4.011345386505127,-3.6256253719329834,-3.6037418842315674,-2.320432186126709,-2.6532511711120605,-4.0138444900512695,-3.8509573936462402,-2.392519950866699,-1.689316987991333,-1.817125678062439,-2.5258495807647705,-3.118285894393921,-3.262251377105713,-2.25308895111084,-1.840730905532837,-1.6976560354232788,-0.881982684135437,-1.1261264085769653,-2.3548243045806885,-2.0501677989959717,-1.2265346050262451,0.43584033846855164,2.665992498397827,3.3479747772216797,-0.41657862067222595,-2.7336199283599854,-2.5289547443389893,-2.5443780422210693,-4.758642673492432,-4.564242362976074,-2.87760329246521,-2.600216865539551,-4.094911575317383,-3.3463144302368164,-1.5601046085357666,-0.8982728123664856,-1.2999684810638428,-1.8918232917785645,-1.1383734941482544
-8.036616325378418,-5.726165771484375,-4.259403228759766,-4.4389142990112305,-3.6475441455841064,-3.2069809436798096,-3.315544366836548,-2.93277645111084,-2.6422109603881836,-2.9448020458221436,-3.11357045173645,-2.419710636138916,-1.6345146894454956,-1.6960445642471313,-2.1713294982910156,-2.0675783157348633,-1.1989926099777222,-0.48842862248420715,-0.5919122099876404,-0.35449811816215515,0.034761544317007065,-0.9735680222511292,-2.5879886150360107,-3.048301935195923,-3.310652017593384,-1.8783670663833618,0.18049024045467377,-0.2912496328353882,-3.6631150245666504,-4.463181972503662,-3.9283499717712402,-4.274967670440674,-3.312072277069092,-0.6736215949058533,-1.1424932479858398,-1.6690057516098022,-1.885715126991272,-1.5321166515350342,-1.8931187391281128,-3.9067234992980957,-3.554429292678833,-2.920306921005249,-3.7387967109680176
-5.281901836395264,-6.780031681060791,-7.61565637588501,-5.684366226196289,-2.99172043800354,-2.558119773864746,-3.8831326961517334,-4.311541557312012,-2.8545024394989014,-1.6396657228469849,-2.718728542327881,-2.845245122909546,-2.538938045501709,-2.6535580158233643,-2.710937738418579,-2.0987181663513184,-0.5059979557991028,0.9130492210388184,0.8126639127731323,-0.422269731760025,-1.5773446559906006,-2.524771213531494,-3.881502866744995,-5.204511642456055,-6.375856399536133,-6.936082363128662,-6.058588027954102,-5.701291084289551,-5.088773727416992,-4.011679172515869,-3.674694776535034,-4.121291160583496,-3.2376110553741455,-1.0887166261672974,-1.1614222526550293,-1.7880938053131104,-2.6922457218170166,-3.393292188644409,-4.765285015106201,-5.361227035522461,-5.88544225692749,-6.531497001647949,-5.8866400718688965
-3.005507707595825,-6.987267017364502,-8.5581693649292,-6.180726051330566,-3.1085381507873535,-2.9186856746673584,-4.074868202209473,-3.724473714828491,-2.2498090267181396,-1.5038752555847168,-1.6207424402236938,-2.0356409549713135,-2.783076286315918,-3.4127962589263916,-3.226677894592285,-2.5586111545562744,-1.0253921747207642,1.5671489238739014,2.4252560138702393,1.3548672199249268,-0.13787050545215607,-2.4753775596618652,-4.931456565856934,-6.016761302947998,-5.731754779815674,-6.373157024383545,-6.902629852294922,-6.406214714050293,-5.39117431640625,-4.5092034339904785,-4.353436470031738,-4.074100971221924,-3.7152528762817383,-2.3906614780426025,0.652843177318573,-2.2525534629821777,-4.59600305557251,-6.2392659187316895,-7.451716899871826,-6.758081912994385,-7.834456920623779,-8.793771743774414,-6.921462535858154
-2.9184346199035645,-3.0995306968688965,-3.9247567653656006,-4.557797431945801,-3.7587344646453857,-3.057230234146118,-2.4433438777923584,-2.939704656600952,-3.426659345626831,-2.5243146419525146,-1.1634272336959839,-2.003124237060547,-3.1433701515197754,-3.8183484077453613,-3.8002142906188965,-3.939697504043579,-4.410961151123047,-4.061089992523193,-2.807823657989502,-0.3908942639827728,0.9674410820007324,-2.530412197113037,-5.633842945098877,-6.039849758148193,-4.964829921722412,-5.272861957550049,-6.517073154449463,-6.982778549194336,-6.17353630065918,-4.996932506561279,-4.039187431335449,-3.157430648803711,-3.4155046939849854,-2.9455912113189697,-0.9396858215332031,-3.487586259841919,-5.098223686218262,-6.681857585906982,-7.488580226898193,-7.763561725616455,-8.40462875366211,-8.119030952453613,-6.982875823974609
-2.4826362133026123,-0.5963525176048279,-1.9041534662246704,-4.544740200042725,-4.031985759735107,-2.112428903579712,-1.2183241844177246,-2.2103357315063477,-3.0878686904907227,-2.286656141281128,-1.6359950304031372,-1.7431749105453491,-2.160978078842163,-3.120089292526245,-4.7675461769104,-6.448453903198242,-8.317647933959961,-10.271004676818848,-10.337011337280273,-8.239829063415527,-4.623320579528809,-4.024631500244141,-5.851731300354004,-5.321715354919434,-5.1025004386901855,-5.835631370544434,-6.829807281494141,-7.190040588378906,-6.538701057434082,-5.207406520843506,-4.3677978515625,-3.0350756645202637,-1.9126503467559814,-2.2564895153045654,-2.8656599521636963,-4.185879707336426,-5.505957126617432,-7.307766914367676,-8.531575202941895,-8.531685829162598,-7.530789852142334,-7.636370658874512,-7.992049694061279
-3.719883441925049,-2.1079204082489014,-1.921744465827942,-2.7722651958465576,-2.5870578289031982,-1.6308075189590454,-3.085893392562866,-2.8819289207458496,-2.123483419418335,-2.268301010131836,-1.2954559326171875,0.5393674969673157,0.31368908286094666,-2.2509005069732666,-5.2360944747924805,-6.8941850662231445,-8.539924621582031,-10.442239761352539,-10.85230827331543,-10.9759521484375,-10.387415885925293,-8.329262733459473,-6.620890140533447,-4.4867777824401855,-4.800189018249512,-6.002602577209473,-6.655811309814453,-6.131759166717529,-5.77548360824585,-6.089224815368652,-7.317814826965332,-7.646785736083984,-6.360942363739014,-4.617461681365967,-4.500295162200928,-5.301691055297852,-6.545059680938721,-7.685464382171631,-8.084952354431152,-7.98666524887085,-7.253726959228516,-6.601382255554199,-6.194759845733643
-4.939156532287598,-4.359594345092773,-1.8870195150375366,-0.7830349206924438,-1.7054108381271362,-1.9965697526931763,-2.9675285816192627,-3.109496831893921,-4.013767719268799,-4.2828216552734375,-2.8098580837249756,-0.22796551883220673,0.9136125445365906,-3.1792075634002686,-6.054497241973877,-7.1197710037231445,-8.336077690124512,-9.121068954467773,-9.301750183105469,-9.478434562683105,-10.696013450622559,-10.589876174926758,-8.939315795898438,-6.349541187286377,-4.9555511474609375,-5.766997814178467,-6.490478515625,-5.910623073577881,-6.456491947174072,-8.101128578186035,-9.95916748046875,-12.20030403137207,-12.150423049926758,-9.281558990478516,-8.223039627075195,-7.174071311950684,-7.025957107543945,-7.651238441467285,-7.606770992279053,-7.528085231781006,-7.617328643798828,-6.7447943687438965,-5.32264518737793
-3.646873712539673,-3.862884998321533,-2.6088321208953857,-2.6665635108947754,-3.8889896869659424,-3.807149648666382,-3.0265262126922607,-3.9416308403015137,-6.710883617401123,-7.923793315887451,-7.92957878112793,-6.142670631408691,-4.120221138000488,-5.473307132720947,-7.301084518432617,-7.910158634185791,-8.298012733459473,-8.596989631652832,-9.008530616760254,-9.173312187194824,-9.009500503540039,-8.666977882385254,-8.603199005126953,-7.485933303833008,-5.760268211364746,-5.715035438537598,-6.587948799133301,-7.498762607574463,-8.4967041015625,-8.831210136413574,-9.800248146057129,-12.330655097961426,-12.031383514404297,-10.174720764160156,-9.105026245117188,-8.275334358215332,-8.17591381072998,-8.447147369384766,-7.982372760772705,-7.710344314575195,-7.915781021118164,-8.111983299255371,-7.647811412811279
-1.5906482934951782,-1.829790711402893,-2.9906585216522217,-3.917891263961792,-5.822502136230469,-6.800535202026367,-6.120660305023193,-5.255733013153076,-7.011805057525635,-9.265836715698242,-10.582849502563477,-10.51688003540039,-9.074432373046875,-7.088195323944092,-7.865635871887207,-8.263240814208984,-8.372941970825195,-8.874908447265625,-9.082403182983398,-8.838653564453125,-7.917369842529297,-7.128076553344727,-6.886307239532471,-7.0180745124816895,-7.08954381942749,-6.914164066314697,-6.4412689208984375,-6.861564636230469,-7.448487758636475,-7.588102340698242,-8.478239059448242,-10.391469955444336,-10.216124534606934,-9.695457458496094,-8.979364395141602,-9.477640151977539,-9.870905876159668,-9.347786903381348,-8.184629440307617,-7.93187952041626,-8.64856243133545,-9.021293640136719,-8.627670288085938
-2.080711841583252,-1.7507288455963135,-2.295757532119751,-2.9494400024414062,-4.99827766418457,-6.563009262084961,-6.557397842407227,-6.418900489807129,-7.321201801300049,-8.030193328857422,-8.76482105255127,-10.36782455444336,-9.827173233032227,-8.11738395690918,-8.178378105163574,-8.571866035461426,-8.72928524017334,-8.739486694335938,-8.912651062011719,-8.41991901397705,-7.7950029373168945,-7.122082710266113,-7.031357288360596,-7.989894390106201,-8.998826026916504,-8.690732955932617,-7.274290084838867,-5.941700458526611,-6.054769039154053,-7.630444049835205,-8.92751693725586,-9.556662559509277,-9.267287254333496,-9.427281379699707,-9.466753005981445,-9.788100242614746,-9.668983459472656,-9.110817909240723,-8.358646392822266,-8.458409309387207,-9.093421936035156,-9.357755661010742,-9.137044906616211
-3.189908504486084,-2.697849750518799,-3.5827629566192627,-3.819427013397217,-3.9534237384796143,-5.225184917449951,-6.79233980178833,-7.587124824523926,-7.336757659912109,-7.199100494384766,-7.527011394500732,-8.293426513671875,-8.559243202209473,-8.576947212219238,-8.866182327270508,-8.84188175201416,-8.769445419311523,-8.242521286010742,-7.716314792633057,-7.759637832641602,-7.836370944976807,-7.814377784729004,-7.960996627807617,-8.262191772460938,-8.39915943145752,-8.729231834411621,-8.494925498962402,-7.517326354980469,-7.783627033233643,-9.193901062011719,-9.973028182983398,-9.550301551818848,-9.189465522766113,-9.09217357635498,-9.366679191589355,-9.161459922790527,-8.791240692138672,-8.708361625671387,-8.662790298461914,-8.627092361450195,-8.556138038635254,-8.637035369873047,-8.602389335632324
-2.102933645248413,-4.012019634246826,-6.041943073272705,-5.375370979309082,-5.162619590759277,-6.657483100891113,-7.426316738128662,-6.846078395843506,-6.818253993988037,-7.491582870483398,-7.876032829284668,-7.659487247467041,-7.769891738891602,-8.51275634765625,-9.073430061340332,-8.9869966506958,-8.657739639282227,-8.334938049316406,-7.327913284301758,-7.08834981918335,-7.7440714836120605,-8.467917442321777,-8.604130744934082,-8.046165466308594,-7.444421768188477,-8.005462646484375,-8.638409614562988,-8.762537002563477,-9.262434005737305,-9.576406478881836,-9.105804443359375,-8.450039863586426,-8.874481201171875,-8.98275089263916,-8.847051620483398,-8.573137283325195,-8.870976448059082,-9.103341102600098,-8.94149398803711,-8.727718353271484,-8.538237571716309,-8.470562934875488,-8.296442031860352
