data/wind_data/wind_13_2.json
{"header": {"parameterUnit": "KT", "parameterCategory": 2, "nx": 256, "ny": 198, "lo1": 44.73521041870117, "la1": -3.236724853515625, "lo2": 111.26478576660156, "la2": 43.468475341796875, "dx": 0.2609002888202667, "dy": -0.23708222806453705, "refTime": "2025-02-19 13:00:00", "forecastTime": 0, "parameterNumber": 2, "parameterNumberName": "eastward_wind"}, "data":
[rows 0 to 18 of 198, columns 86 to 128 of 256]
0.3987691104412079,0.5978558659553528,0.7109504342079163,0.7471786141395569,0.707366943359375,0.6366485357284546,0.7665264010429382,0.9623337984085083,0.9273865222930908,0.8583210706710815,1.0153597593307495,1.210716962814331,1.312233567237854,1.370405912399292,1.3706707954406738,1.4020678997039795,1.492395043373108,1.700683355331421,2.0826504230499268,2.303457736968994,2.31032133102417,2.3204457759857178,2.3472201824188232,2.6739614009857178,3.2228715419769287,3.4508891105651855,3.4631073474884033,3.4291489124298096,3.363727331161499,3.373293161392212,3.4315803050994873,3.5528135299682617,3.6860551834106445,3.778430700302124,3.8505213260650635,3.8855443000793457,3.972818613052368,4.187717914581299,4.297816276550293,4.233292102813721,4.147014141082764,4.055428504943848,3.932425022125244
-0.09691814333200455,0.09148995578289032,0.1973448544740677,0.2719234228134155,0.27436885237693787,0.25995582342147827,0.39663344621658325,0.5324714183807373,0.4317912757396698,0.34012314677238464,0.488457590341568,0.7576320171356201,1.0860751867294312,1.2600289583206177,1.2170655727386475,1.248873233795166,1.362650752067566,1.455851674079895,1.6416963338851929,1.8170466423034668,1.8735015392303467,1.8296350240707397,1.8205852508544922,2.169769763946533,2.601569890975952,2.677682399749756,2.6425204277038574,2.622210741043091,2.6288349628448486,2.754460573196411,2.863588571548462,2.976682186126709,3.118206739425659,3.249091386795044,3.348081350326538,3.334522008895874,3.4390227794647217,3.6918134689331055,3.7861011028289795,3.68654465675354,3.5628833770751953,3.4914233684539795,3.3846442699432373
-0.9230514764785767,-0.7623763680458069,-0.6214491128921509,-0.4772932827472687,-0.394879549741745,-0.3141098618507385,-0.08999086171388626,0.08038927614688873,0.021377909928560257,-0.009002503007650375,0.15071068704128265,0.45035505294799805,0.8448657989501953,1.1127961874008179,1.1651012897491455,1.2573541402816772,1.3852330446243286,1.366556167602539,1.4028240442276,1.5848520994186401,1.7628860473632812,1.7041003704071045,1.5796080827713013,1.8747360706329346,2.2041170597076416,2.1129772663116455,1.9597810506820679,2.0723185539245605,2.3077282905578613,2.468601942062378,2.460801124572754,2.2690541744232178,2.164951801300049,2.3651294708251953,2.5579137802124023,2.623225688934326,2.735947370529175,2.840205192565918,2.866619348526001,2.790412664413452,2.7496604919433594,2.795443534851074,2.7518482208251953
-1.8292055130004883,-1.6258666515350342,-1.6314510107040405,-1.516894817352295,-1.4382946491241455,-1.2764896154403687,-0.9359191060066223,-0.6888555884361267,-0.6543502807617188,-0.664117157459259,-0.5696405172348022,-0.291244775056839,0.1656636893749237,0.5314521193504333,0.9618303775787354,1.3925992250442505,1.2785388231277466,0.8879973888397217,0.8810909390449524,1.0908247232437134,1.4290248155593872,1.4010884761810303,1.3263999223709106,1.7488467693328857,1.9023832082748413,1.7286113500595093,1.5206745862960815,1.6152421236038208,1.7881884574890137,1.8046694993972778,1.7105951309204102,1.466482162475586,1.4227405786514282,1.6808511018753052,1.764878273010254,1.7794177532196045,1.8389673233032227,1.8065484762191772,1.7987231016159058,1.803210973739624,1.9293797016143799,2.023787260055542,1.9042799472808838
-2.679537057876587,-1.9492310285568237,-2.832430601119995,-3.062753677368164,-3.310912609100342,-3.0936131477355957,-2.7197070121765137,-2.4570701122283936,-2.2300925254821777,-2.1849305629730225,-2.2173516750335693,-2.0645642280578613,-1.7171330451965332,-1.258302092552185,0.1308993101119995,1.4717530012130737,0.6850343942642212,-0.6844163537025452,-0.2903454005718231,0.1119856908917427,0.10667585581541061,-0.03288773447275162,0.5797866582870483,1.4826576709747314,1.239791989326477,1.499226450920105,1.7820450067520142,1.3614273071289062,0.8731693625450134,0.4785844087600708,0.08340870589017868,0.2527860105037689,1.2226507663726807,1.750925898551941,1.4628994464874268,1.3011558055877686,1.1614856719970703,0.8497485518455505,0.6309322714805603,0.550286054611206,0.8510767221450806,0.880120038986206,0.5085777044296265
-3.992288589477539,-3.0706801414489746,-3.245434522628784,-3.4654247760772705,-3.6083874702453613,-3.0766477584838867,-2.5445635318756104,-2.354196786880493,-2.333160400390625,-2.3115363121032715,-2.2059824466705322,-1.8062105178833008,-1.2808563709259033,-0.656473696231842,-0.31433746218681335,-0.6521756649017334,-0.9477478861808777,-0.5349235534667969,0.0147822555154562,0.43456608057022095,0.6621864438056946,0.5917381644248962,0.5380885601043701,0.09641586244106293,-0.2712496221065521,0.028757242485880852,1.2411624193191528,1.3451446294784546,1.1735498905181885,0.5962807536125183,0.06995347887277603,0.0038545101415365934,-0.005358832888305187,0.19046470522880554,0.2675000727176666,0.28897446393966675,0.10103736817836761,0.348717600107193,0.40139374136924744,0.5525922179222107,0.663342297077179,0.6971940398216248,0.6209786534309387
-4.314131736755371,-4.472963333129883,-4.263383388519287,-4.35395622253418,-4.452459812164307,-3.96730637550354,-3.327826738357544,-3.3617913722991943,-3.7299282550811768,-3.739356517791748,-3.659158229827881,-3.375002861022949,-2.8700830936431885,-2.4238932132720947,-1.9502933025360107,-1.7219935655593872,-1.7931300401687622,-2.117680072784424,-2.0212626457214355,-1.7156580686569214,-1.0834323167800903,-0.3587074279785156,-0.5212209820747375,-0.9139620661735535,-1.0716947317123413,-1.373004674911499,-0.9551520943641663,0.4461516737937927,0.46416419744491577,0.10831588506698608,-0.4988965094089508,-0.8714309930801392,-0.5316343903541565,-0.3847179114818573,-0.1296907514333725,-0.17456825077533722,-0.2254790961742401,0.025747762992978096,0.07032516598701477,0.23258085548877716,0.2175365388393402,0.20520585775375366,-0.41324618458747864
-2.6451449394226074,-5.61496114730835,-5.40837287902832,-5.024302005767822,-4.655083179473877,-4.008882522583008,-3.4881973266601562,-3.8202619552612305,-4.362245082855225,-4.286665439605713,-3.9370524883270264,-3.243415117263794,-2.5800559520721436,-2.368642807006836,-2.4529476165771484,-2.290181875228882,-1.8126386404037476,-1.6492029428482056,-2.134341239929199,-2.3586716651916504,-1.9427340030670166,-0.8135469555854797,-0.27826377749443054,-0.6773097515106201,-0.6111522912979126,-0.3970969617366791,-1.0536820888519287,-1.0653456449508667,-0.41645264625549316,-0.7399017214775085,-1.4566562175750732,-1.8741008043289185,-1.3493387699127197,-0.7196137309074402,-0.780386745929718,-0.5992534160614014,-0.5890732407569885,-0.31924089789390564,-0.16220322251319885,-0.038350895047187805,-0.039323143661022186,0.13106735050678253,0.2758996784687042
-2.45914363861084,-6.808953285217285,-6.753356456756592,-5.657932281494141,-4.2001471519470215,-4.145412921905518,-4.392215251922607,-4.994780540466309,-5.481107234954834,-5.546316623687744,-5.38142204284668,-4.635951042175293,-3.902949333190918,-3.5915744304656982,-3.250467538833618,-2.511925220489502,-1.3162355422973633,-0.5429738759994507,-1.0060052871704102,-1.7221360206604004,-2.1674020290374756,-1.0527024269104004,0.6703984141349792,0.2830503582954407,0.6969325542449951,0.9144870638847351,-0.21741242706775665,-0.640582799911499,-1.8640549182891846,-3.492771625518799,-3.106837749481201,-2.992774248123169,-2.775618314743042,-0.5332524180412292,-1.4336974620819092,-0.8514105677604675,-1.0708039999008179,-0.6973572373390198,-0.7083054780960083,-0.5472497344017029,-0.4269077479839325,-0.10233510285615921,0.02479298785328865
-4.23776388168335,-8.584678649902344,-7.920868873596191,-5.912358283996582,-3.2345025539398193,-4.829570293426514,-5.953898906707764,-6.02254581451416,-6.230013370513916,-6.555708408355713,-6.424885272979736,-5.446366310119629,-4.4042463302612305,-3.9340851306915283,-2.9375526905059814,-1.3740179538726807,0.5828031301498413,1.0966570377349854,0.35304874181747437,0.03402942791581154,-1.5210777521133423,-0.706800639629364,1.3831214904785156,-0.5578671097755432,0.19046300649642944,1.7147482633590698,0.10335276275873184,-0.14880941808223724,0.34234797954559326,-3.1105055809020996,-3.8660085201263428,-0.44253280758857727,-2.7770161628723145,-1.6176655292510986,-1.8064032793045044,-1.5173020362854004,-1.6334240436553955,-1.1537574529647827,-1.5362944602966309,-1.2670702934265137,-1.046349048614502,-0.5707840919494629,-0.35452210903167725
-1.9152153730392456,-11.591388702392578,-6.877568244934082,-6.839812278747559,-4.915754318237305,-6.108536720275879,-7.12906551361084,-6.082489490509033,-5.999038219451904,-6.318742752075195,-5.816446304321289,-4.3331685066223145,-3.2241716384887695,-3.2777175903320312,-1.904587984085083,-0.48795822262763977,1.3504546880722046,2.2022831439971924,-0.4691317677497864,-0.4865639805793762,-2.267010450363159,-0.7344194650650024,-0.9623256325721741,-1.6858075857162476,-2.8901288509368896,-1.7897975444793701,-0.37979018688201904,-1.363978385925293,3.7540030479431152,-5.905856132507324,-2.206723690032959,-2.1140778064727783,-2.716299057006836,-2.2141129970550537,-2.481606960296631,-2.792388439178467,-2.0818581581115723,-2.204288959503174,-2.0386388301849365,-1.8823912143707275,-1.4841396808624268,-1.1797689199447632,-0.42399081587791443
-6.539690971374512,-8.047785758972168,-5.157971382141113,-6.868929386138916,-7.911093711853027,-7.360214710235596,-6.398941516876221,-4.699825286865234,-4.486381530761719,-4.7863616943359375,-3.533177137374878,-1.6817501783370972,-2.0301527976989746,-3.7473881244659424,-2.9155585765838623,-2.7662501335144043,-2.5676004886627197,-0.8125203251838684,-0.15914686024188995,-4.041409015655518,-1.9138602018356323,-1.0921072959899902,-2.254431962966919,-2.5067896842956543,-0.8062842488288879,-1.6001112461090088,-2.197523832321167,-1.9593416452407837,1.3625566959381104,-3.2722983360290527,-4.024699687957764,-2.1527881622314453,-4.018172264099121,-2.603170156478882,-3.41849684715271,-3.213444232940674,-3.129575252532959,-3.2601561546325684,-2.4531912803649902,-2.3183956146240234,-2.1505954265594482,-1.304179310798645,-0.7773407697677612
-6.8087592124938965,-7.7249956130981445,-3.6220614910125732,-5.672318935394287,-6.752965450286865,-5.865568161010742,-4.388678550720215,-2.899233102798462,-4.345766067504883,-5.243391513824463,-3.045030117034912,-1.1728546619415283,-3.9605979919433594,-6.775638580322266,-4.488481521606445,-3.7625253200531006,-2.793376922607422,-1.6325517892837524,0.7883994579315186,0.6384935975074768,2.2578704357147217,-0.9774722456932068,-5.149951457977295,-5.874349594116211,-2.374086380004883,-0.136919304728508,-2.02876615524292,-3.7672619819641113,-3.8824462890625,-1.4730676412582397,-2.267507314682007,-1.7521753311157227,-7.78300142288208,-3.4450418949127197,-3.5808804035186768,-3.297917604446411,-4.888864517211914,-4.33065128326416,-2.7992160320281982,-3.3886234760284424,-3.6357014179229736,-2.7317633628845215,-1.9136096239089966
-7.653239727020264,-5.968681812286377,-2.624077558517456,-3.999814987182617,-4.340027332305908,-3.830711603164673,-2.910980463027954,-2.002981662750244,-7.771225929260254,-7.823119163513184,-6.156364440917969,-6.788404941558838,-6.151798725128174,-6.444647312164307,-3.4570014476776123,-1.1540411710739136,-1.7796540260314941,-3.776944637298584,-1.4916244745254517,0.5573998689651489,3.820189952850342,-1.8919498920440674,-5.282341957092285,-5.496326446533203,-2.576120376586914,-2.9607174396514893,-4.569644451141357,-4.762665271759033,-4.0738420486450195,-4.145699977874756,-4.224345684051514,-3.861476421356201,-4.0428080558776855,-4.703766822814941,-5.047908782958984,-2.789874315261841,-5.524357318878174,-5.729276657104492,-4.531713485717773,-4.645010948181152,-4.495440483093262,-3.6109559535980225,-3.2427353858947754
-6.402797222137451,-2.948640823364258,-3.065253734588623,-4.988847732543945,-6.56178617477417,-6.7606353759765625,-6.54341459274292,-4.346434593200684,-5.001608848571777,-7.107141494750977,-5.528916358947754,-5.859388828277588,-3.405726909637451,-1.5787467956542969,-3.808279275894165,-2.2787058353424072,-4.039217948913574,-2.8215479850769043,-3.839127540588379,-2.0206480026245117,-2.383765697479248,-2.913644790649414,-8.355152130126953,-7.529078006744385,-3.347075939178467,-5.461497783660889,-6.415459156036377,-6.034530162811279,-4.464944839477539,-3.708902597427368,-4.903348922729492,-4.409494400024414,-4.300245761871338,-4.211771011352539,-3.94468092918396,-2.7894139289855957,-5.776162624359131,-6.6307501792907715,-6.178985118865967,-5.298704147338867,-4.316192150115967,-3.5829343795776367,-2.4839110374450684
-5.0484700202941895,-5.185148239135742,-8.03682804107666,-8.350833892822266,-8.435314178466797,-9.406578063964844,-7.21792459487915,-5.2615509033203125,-6.54172420501709,-6.612213611602783,-5.136576175689697,-4.85040807723999,-2.2602860927581787,-5.34760046005249,-5.008188724517822,-2.4488131999969482,-6.321486473083496,-7.535061359405518,-6.914711952209473,-6.201460361480713,-6.501899242401123,-4.087911605834961,-7.730867385864258,-7.523372650146484,-4.285584926605225,-5.654186248779297,-7.528016567230225,-7.306976795196533,-5.39670467376709,-4.12058687210083,-5.383193016052246,-4.07771635055542,-4.859696388244629,-3.8838863372802734,-3.1434860229492188,-3.1874630451202393,-5.940280914306641,-6.241959571838379,-5.810334205627441,-5.694561958312988,-4.707829475402832,-3.349510431289673,-3.7149970531463623
-6.2073564529418945,-8.7927827835083,-9.842164993286133,-7.8684539794921875,-8.102272987365723,-7.44855260848999,-4.558548927307129,-4.096125602722168,-7.916395664215088,-8.501021385192871,-6.662049770355225,-6.479759216308594,-6.482748031616211,-7.210474014282227,-6.98841667175293,-5.160544395446777,-4.042476654052734,-3.0777840614318848,-3.8838469982147217,-4.607980728149414,-5.870309352874756,-6.695433616638184,-7.5546112060546875,-6.049795150756836,-7.484415054321289,-6.811765670776367,-8.44167423248291,-7.625014305114746,-5.89191198348999,-4.771105766296387,-5.6453070640563965,-2.581319808959961,-3.762399673461914,-3.8848423957824707,-2.720329523086548,0.4726795554161072,-6.726760387420654,-6.4138898849487305,-4.7120361328125,-5.259212970733643,-5.573221206665039,-4.318103313446045,-4.2294230461120605
-8.979354858398438,-9.182464599609375,-8.274477005004883,-9.444616317749023,-8.816252708435059,-5.195079326629639,-6.779106140136719,-7.310564994812012,-7.23802375793457,-7.548144817352295,-7.6302947998046875,-5.480520248413086,-4.75732946395874,-6.476144313812256,-6.370914459228516,-3.7833099365234375,-1.147892951965332,-0.17767171561717987,-5.086518287658691,-4.680355072021484,-2.6293745040893555,-5.571522235870361,-7.879148483276367,-7.633133411407471,-8.210640907287598,-9.241905212402344,-8.188238143920898,-7.81242036819458,-6.653293609619141,-5.354976654052734,-4.012350559234619,-2.2747700214385986,-3.7299692630767822,-3.908334970474243,-2.8798952102661133,-1.0118465423583984,-8.034608840942383,-7.163049221038818,-3.8151731491088867,-3.496028184890747,-7.434283256530762,-4.211099147796631,-4.428469657897949
-10.202740669250488,-9.700132369995117,-9.856287956237793,-9.422342300415039,-8.16452407836914,-8.739218711853027,-9.591453552246094,-9.128691673278809,-8.740681648254395,-8.677433967590332,-6.691070079803467,-4.115656852722168,-4.503633975982666,-7.337802886962891,-5.286844253540039,-3.7774996757507324,-2.8500185012817383,-1.0677688121795654,-7.534563064575195,-5.921146869659424,-3.40047025680542,-7.671096324920654,-8.911471366882324,-8.410012245178223,-7.863563537597656,-8.421440124511719,-6.974331855773926,-8.2555513381958,-8.74376392364502,-6.888733386993408,-3.499805450439453,-1.7552496194839478,-9.107609748840332,-4.980572700500488,-4.3724365234375,-5.573034286499023,-4.850020885467529,-6.497225761413574,-6.303624153137207,-4.185716152191162,-6.151239395141602,-4.160831451416016,-4.048855781555176
