data/wind_data/wind_56_3.json
{"header": {"parameterUnit": "KT", "parameterCategory": 2, "nx": 256, "ny": 198, "lo1": 44.73521041870117, "la1": -3.236724853515625, "lo2": 111.26478576660156, "la2": 43.468475341796875, "dx": 0.2609002888202667, "dy": -0.23708222806453705, "refTime": "2025-02-21 08:00:00", "forecastTime": 0, "parameterNumber": 2, "parameterNumberName": "eastward_wind"}, "data":
[rows 133 to 151 of 198, columns 44 to 87 of 256]
28.925283432006836,25.72940444946289,25.388996124267578,26.013540267944336,29.786291122436523,27.130653381347656,30.560836791992188,27.25274658203125,24.245370864868164,23.20940589904785,21.619714736938477,19.973365783691406,19.820659637451172,21.207178115844727,24.883995056152344,30.572912216186523,35.93013381958008,29.569936752319336,26.72372055053711,26.2683048248291,22.881654739379883,21.169261932373047,21.644826889038086,22.49656867980957,22.53211784362793,21.738039016723633,20.85130500793457,19.614200592041016,16.371278762817383,11.171061515808105,7.728809833526611,7.375946998596191,6.276072978973389,9.180038452148438,9.99093246459961,6.8177289962768555,6.363165855407715,5.509274959564209,5.386749267578125,7.532195568084717,12.240058898925781,16.11199188232422,20.98910903930664,24.566946029663086
25.31755256652832,25.773334503173828,25.959802627563477,26.368988037109375,31.48652458190918,29.391481399536133,29.527681350708008,27.059062957763672,24.14890480041504,21.31533432006836,18.60649299621582,17.2497501373291,17.760623931884766,20.14055633544922,24.098705291748047,29.405431747436523,31.874826431274414,24.253984451293945,27.565780639648438,25.062929153442383,21.17681121826172,19.449003219604492,19.304655075073242,19.922683715820312,20.638269424438477,20.540756225585938,19.95615577697754,17.880430221557617,14.10237979888916,10.79157543182373,9.316742897033691,10.23241138458252,11.324751853942871,11.515161514282227,9.016439437866211,6.038539409637451,5.545592784881592,5.678708553314209,6.5863542556762695,9.966914176940918,15.18415641784668,19.264272689819336,21.77008056640625,23.948205947875977
24.192331314086914,25.43174171447754,24.676517486572266,27.97447967529297,29.293750762939453,26.12297248840332,25.618013381958008,21.882524490356445,21.111289978027344,19.729400634765625,17.120285034179688,15.83896255493164,16.453176498413086,18.17122459411621,21.770708084106445,26.23625373840332,26.162504196166992,22.454187393188477,27.498096466064453,23.36448097229004,20.187076568603516,19.348377227783203,18.686559677124023,18.64618682861328,19.15898323059082,19.25985336303711,18.708097457885742,16.338380813598633,13.762177467346191,12.052066802978516,11.323002815246582,12.291714668273926,13.928260803222656,12.888163566589355,9.176175117492676,6.1451826095581055,5.887796878814697,7.871734142303467,9.95622444152832,13.716951370239258,18.46561622619629,21.22110366821289,23.104055404663086,24.178611755371094
23.24593734741211,24.70888328552246,26.266321182250977,31.116233825683594,23.475624084472656,24.695541381835938,23.59682273864746,19.109716415405273,17.78948974609375,17.887413024902344,17.77918243408203,17.8950252532959,18.247337341308594,19.035293579101562,21.76285743713379,24.218210220336914,21.529659271240234,24.868247985839844,24.505590438842773,20.589021682739258,19.251367568969727,18.984098434448242,18.26407241821289,17.912185668945312,17.95594024658203,17.93671417236328,16.829296112060547,14.929093360900879,13.753679275512695,13.289738655090332,12.827603340148926,12.96740436553955,14.473725318908691,14.001335144042969,9.697530746459961,6.489433765411377,7.37964391708374,10.718381881713867,13.344107627868652,16.412267684936523,20.924877166748047,23.880306243896484,25.298688888549805,25.779056549072266
24.197433471679688,27.130887985229492,30.997325897216797,27.84622573852539,20.908126831054688,24.077207565307617,23.744041442871094,22.137861251831055,20.509069442749023,19.61338233947754,19.81001853942871,20.592266082763672,20.908184051513672,21.579021453857422,23.259662628173828,24.83746910095215,23.854677200317383,23.11305046081543,20.421058654785156,18.806840896606445,18.30257225036621,18.107419967651367,17.71887969970703,17.495025634765625,17.189512252807617,16.10858917236328,14.525590896606445,13.59011173248291,13.344661712646484,13.333112716674805,13.140008926391602,12.902559280395508,14.467047691345215,13.561807632446289,8.777409553527832,7.04110050201416,9.524876594543457,13.21710205078125,15.530542373657227,18.74932289123535,21.99810028076172,25.09467124938965,27.315452575683594,27.9779109954834
26.682443618774414,31.960241317749023,30.3482723236084,20.940542221069336,22.33283233642578,23.986948013305664,21.685306549072266,20.253408432006836,19.868724822998047,20.350128173828125,21.464740753173828,22.84827423095703,23.71157455444336,24.424314498901367,25.568225860595703,26.36781120300293,25.104856491088867,21.32264518737793,18.843626022338867,17.72590446472168,16.964975357055664,17.028390884399414,17.042848587036133,16.624832153320312,15.480709075927734,13.809484481811523,12.676183700561523,12.185321807861328,11.65797233581543,11.795533180236816,11.859750747680664,11.412692070007324,11.855051040649414,10.018001556396484,7.616690158843994,8.469162940979004,11.710789680480957,14.947234153747559,17.32919692993164,20.328372955322266,22.733551025390625,25.02246856689453,26.74812126159668,27.859533309936523
30.424354553222656,31.2740535736084,24.675466537475586,18.835084915161133,24.412691116333008,22.599098205566406,20.331058502197266,20.365371704101562,20.774606704711914,21.72797393798828,23.3772029876709,25.178518295288086,26.51165771484375,27.144193649291992,27.599010467529297,27.685165405273438,25.5510196685791,21.5062313079834,19.103078842163086,17.26023292541504,15.732441902160645,15.72492790222168,15.802878379821777,14.736641883850098,12.980490684509277,11.720799446105957,11.139848709106445,10.023591995239258,9.465096473693848,10.248023986816406,10.200089454650879,8.860050201416016,7.723813056945801,7.704401969909668,8.561403274536133,10.736922264099121,13.249698638916016,15.624890327453613,18.52496910095215,20.983909606933594,22.41696548461914,23.747358322143555,25.18134307861328,26.181427001953125
30.524036407470703,25.80520248413086,18.78861427307129,21.82981300354004,23.17757225036621,20.478782653808594,20.3109130859375,21.383222579956055,22.0986385345459,23.434953689575195,25.50675392150879,27.679180145263672,29.126850128173828,29.830120086669922,30.086030960083008,28.700048446655273,25.425817489624023,21.84576988220215,19.57114028930664,17.208786010742188,14.771886825561523,13.992319107055664,13.51856517791748,12.088391304016113,10.66104507446289,9.596243858337402,8.410097122192383,7.456488609313965,8.023736000061035,8.748177528381348,8.194722175598145,6.843453407287598,6.2397942543029785,7.495072841644287,10.127079010009766,13.066950798034668,15.517870903015137,17.5225830078125,19.7976016998291,21.76685333251953,22.698373794555664,23.50545883178711,24.509523391723633,24.74578094482422
26.9503173828125,19.639339447021484,20.23436164855957,23.361143112182617,22.513235092163086,21.213794708251953,21.336055755615234,22.34956169128418,23.612655639648438,25.12981414794922,26.954269409179688,29.04997444152832,30.860960006713867,32.18375015258789,31.97690773010254,29.170597076416016,24.968486785888672,21.869699478149414,19.86198616027832,17.722450256347656,15.044855117797852,13.048678398132324,11.47740650177002,10.120287895202637,9.205224990844727,8.033958435058594,6.200419902801514,6.377225399017334,7.804548263549805,8.288130760192871,7.435388088226318,7.18018102645874,7.55562686920166,8.899433135986328,12.060783386230469,15.536519050598145,18.158042907714844,19.65015411376953,20.812908172607422,22.033754348754883,22.317384719848633,22.256187438964844,22.602062225341797,22.993545532226562
21.796762466430664,17.879602432250977,21.415809631347656,23.88802719116211,22.0994930267334,21.485872268676758,21.961069107055664,22.965328216552734,24.299955368041992,25.670316696166992,27.453933715820312,29.805042266845703,31.971242904663086,33.64888000488281,32.898311614990234,29.727487564086914,25.77262306213379,22.40498924255371,19.863933563232422,18.19000816345215,15.691217422485352,12.915752410888672,10.665239334106445,9.798321723937988,9.525447845458984,9.384828567504883,6.580417633056641,4.055934906005859,4.86891508102417,6.821108341217041,7.465385437011719,7.17284631729126,7.57021951675415,9.489913940429688,12.805022239685059,17.138025283813477,20.178390502929688,21.390029907226562,21.86952018737793,21.9344425201416,21.246448516845703,20.4401798248291,20.34331703186035,20.841054916381836
18.237531661987305,19.332935333251953,22.335538864135742,22.184459686279297,20.4249210357666,21.25695037841797,21.98716926574707,22.8365535736084,24.36101531982422,25.784774780273438,27.51222038269043,29.843379974365234,32.034523010253906,34.09477996826172,34.34446334838867,31.528108596801758,28.09339141845703,23.57970428466797,19.903303146362305,18.077129364013672,15.991910934448242,13.198807716369629,10.630163192749023,9.474202156066895,10.89068603515625,12.768421173095703,12.096200942993164,9.240503311157227,5.883020877838135,6.759033203125,10.914222717285156,12.45157527923584,11.003426551818848,10.467705726623535,12.85959243774414,16.334692001342773,20.416160583496094,22.106447219848633,22.57938003540039,22.52412986755371,21.032838821411133,19.21609115600586,18.221529006958008,18.410179138183594
17.511642456054688,20.126873016357422,21.263391494750977,20.004159927368164,20.185850143432617,22.520524978637695,23.01801300048828,22.62282943725586,22.954803466796875,23.334421157836914,24.456247329711914,26.860319137573242,29.92819595336914,32.70661544799805,34.37956237792969,32.843055725097656,29.35877799987793,23.850889205932617,19.452211380004883,17.84387969970703,16.891632080078125,14.530599594116211,11.831205368041992,10.460114479064941,9.57819652557373,12.162698745727539,16.42212677001953,17.31693458557129,14.115426063537598,12.127551078796387,14.352103233337402,16.035112380981445,14.906865119934082,13.511598587036133,15.546512603759766,17.838747024536133,18.969736099243164,19.900550842285156,21.1474552154541,23.139238357543945,23.007368087768555,20.688432693481445,18.2862491607666,16.521570205688477
17.70126724243164,19.704755783081055,19.166351318359375,19.469615936279297,19.8000431060791,20.88011360168457,21.209548950195312,20.46562957763672,19.847929000854492,19.88804054260254,20.925270080566406,23.03955078125,26.355539321899414,29.160383224487305,30.16891860961914,29.300634384155273,28.58855628967285,23.775577545166016,19.561330795288086,18.560808181762695,18.613588333129883,17.022563934326172,14.534533500671387,13.909846305847168,11.773380279541016,9.714853286743164,12.290109634399414,15.270201683044434,17.434755325317383,18.824289321899414,19.7376708984375,20.64105987548828,19.09992218017578,17.534168243408203,19.394033432006836,20.19759750366211,19.272512435913086,19.640857696533203,20.620758056640625,22.050186157226562,24.155996322631836,24.759267807006836,20.540058135986328,15.982451438903809
17.824466705322266,18.01265525817871,18.627958297729492,18.524696350097656,18.153087615966797,19.187910079956055,19.48703384399414,18.270401000976562,16.94895362854004,16.966552734375,17.75861930847168,18.870376586914062,21.56415367126465,23.50811004638672,23.08261489868164,23.676271438598633,25.81062126159668,22.378704071044922,19.507949829101562,19.56937599182129,20.462074279785156,20.096576690673828,17.688812255859375,16.787437438964844,17.07921600341797,15.326774597167969,14.437727928161621,15.59150218963623,19.17051887512207,22.901105880737305,24.40056610107422,25.848682403564453,24.75923728942871,22.73469352722168,23.298236846923828,22.925378799438477,21.568130493164062,21.28423500061035,21.56112289428711,22.111928939819336,23.446115493774414,24.67902183532715,22.714540481567383,17.732566833496094
16.50398063659668,17.48041534423828,16.62184715270996,15.043265342712402,16.204181671142578,17.744157791137695,17.05977439880371,16.690805435180664,17.06378746032715,17.628684997558594,17.78357696533203,18.01512336730957,18.9724063873291,18.593456268310547,16.446887969970703,16.689224243164062,22.208566665649414,19.441396713256836,18.264257431030273,19.763105392456055,21.228849411010742,22.514537811279297,21.56502342224121,19.7192440032959,19.864822387695312,20.465103149414062,20.55154037475586,20.01274299621582,19.44899559020996,20.81237030029297,23.68492317199707,26.796072006225586,27.97280502319336,27.158235549926758,25.804012298583984,23.94420051574707,22.68425178527832,22.157695770263672,22.0416202545166,22.22915267944336,22.786701202392578,22.20978546142578,21.632976531982422,20.679105758666992
16.30082893371582,15.627123832702637,13.785436630249023,13.293134689331055,15.3865385055542,14.935359001159668,14.223984718322754,15.842761039733887,17.558940887451172,17.756752014160156,18.227943420410156,18.615530014038086,16.97928810119629,14.607372283935547,11.362859725952148,16.389570236206055,22.988759994506836,20.18915367126465,18.38567352294922,19.89520263671875,20.301450729370117,21.246919631958008,22.663677215576172,22.28938102722168,22.182205200195312,23.644676208496094,25.243741989135742,26.02341079711914,25.442333221435547,25.148874282836914,26.76447296142578,29.249616622924805,30.090246200561523,28.906856536865234,27.531845092773438,25.918407440185547,24.743791580200195,24.395307540893555,22.87639045715332,19.498210906982422,18.871204376220703,19.80840301513672,21.081228256225586,22.31218147277832
13.424195289611816,11.791426658630371,10.723020553588867,11.589552879333496,12.280516624450684,12.10350513458252,12.78559398651123,15.480972290039062,17.122278213500977,18.609601974487305,19.562583923339844,18.764888763427734,16.0990047454834,14.216106414794922,10.584728240966797,18.447954177856445,22.480356216430664,21.36835479736328,20.850784301757812,23.089262008666992,23.430326461791992,21.557382583618164,21.79383087158203,23.94854736328125,25.98773765563965,26.89113426208496,27.247608184814453,27.051219940185547,26.510709762573242,26.568809509277344,27.558637619018555,28.40186882019043,28.175060272216797,26.799646377563477,25.883460998535156,25.87721824645996,25.35822105407715,24.480188369750977,22.857315063476562,18.96251106262207,16.929380416870117,17.71646499633789,20.362937927246094,22.512556076049805
9.007214546203613,8.209139823913574,8.7765474319458,9.819426536560059,10.842809677124023,11.528393745422363,12.619924545288086,14.535555839538574,16.742225646972656,19.478988647460938,19.57858657836914,19.162630081176758,16.350614547729492,15.818948745727539,14.407805442810059,18.429243087768555,20.307044982910156,21.062084197998047,21.634920120239258,23.064002990722656,25.53253173828125,25.04058074951172,23.26134490966797,27.159116744995117,32.23421096801758,33.33588409423828,31.683326721191406,29.31599998474121,28.018192291259766,27.42023277282715,26.66397476196289,25.964075088500977,25.904205322265625,24.97270965576172,24.2164249420166,24.201292037963867,24.188257217407227,23.19148063659668,22.430818557739258,21.136524200439453,20.027246475219727,18.10968017578125,17.90436363220215,19.432039260864258
6.132242679595947,6.2465105056762695,7.987654209136963,9.316102981567383,10.540478706359863,12.11645793914795,12.267278671264648,14.066924095153809,17.922096252441406,19.145225524902344,19.32082176208496,18.689945220947266,17.916318893432617,18.277462005615234,16.841873168945312,18.04584312438965,17.688383102416992,16.48172378540039,16.52458953857422,18.457813262939453,20.693378448486328,25.24942398071289,21.587522506713867,18.282052993774414,22.363101959228516,27.595104217529297,29.88321304321289,31.049808502197266,31.960519790649414,32.092689514160156,31.641645431518555,30.63548469543457,29.476381301879883,28.261363983154297,26.839736938476562,25.913305282592773,25.624732971191406,24.97772789001465,24.61458396911621,23.23725128173828,21.546249389648438,16.7739200592041,13.023250579833984,12.405710220336914
