data/wind_data/wind_31_6.json
{"header": {"parameterUnit": "KT", "parameterCategory": 2, "nx": 256, "ny": 198, "lo1": 44.73521041870117, "la1": -3.236724853515625, "lo2": 111.26478576660156, "la2": 43.468475341796875, "dx": 0.2609002888202667, "dy": -0.23708222806453705, "refTime": "2025-02-20 07:00:00", "forecastTime": 0, "parameterNumber": 2, "parameterNumberName": "eastward_wind"}, "data":
[rows 120 to 139 of 198, columns 180 to 224 of 256]
81.72026824951172,81.7966079711914,81.34125518798828,81.17356872558594,81.83971405029297,82.94695281982422,83.34718322753906,83.26757049560547,83.47669982910156,83.6860122680664,83.68433380126953,83.68330383300781,83.8371810913086,84.09496307373047,84.29354858398438,84.28610229492188,84.32185363769531,85.1064224243164,86.24918365478516,87.51515197753906,87.38782501220703,86.24159240722656,86.45553588867188,87.33753204345703,87.79402160644531,87.9903564453125,88.63934326171875,88.9139633178711,89.23634338378906,89.74870300292969,89.11006927490234,88.00768280029297,88.14295959472656,89.51882934570312,89.95084381103516,90.250244140625,93.03491973876953,95.231201171875,94.81748962402344,94.1293716430664,94.64452362060547,95.04820251464844,93.79890441894531,93.29655456542969,93.91446685791016
79.46250915527344,79.09697723388672,77.28755950927734,77.09187316894531,78.48765563964844,79.91851043701172,80.0538330078125,80.10576629638672,80.7732162475586,80.75146484375,80.46031188964844,80.56072998046875,81.12229919433594,81.74250030517578,81.96424865722656,81.95571899414062,82.42436218261719,83.59114837646484,85.0419692993164,86.1390609741211,85.56137084960938,84.53903198242188,84.99671936035156,86.1038589477539,87.24774932861328,88.12042236328125,88.50386047363281,88.61250305175781,88.88787841796875,89.16576385498047,88.61500549316406,87.23158264160156,87.21449279785156,89.30068969726562,89.93304443359375,89.653564453125,93.49669647216797,96.75920104980469,95.31867980957031,94.3309326171875,95.44540405273438,96.03841400146484,94.79798126220703,94.13731384277344,94.61094665527344
76.768798828125,77.84486389160156,76.54356384277344,74.23661041259766,75.33404541015625,77.74641418457031,78.05245971679688,76.98545837402344,76.78837585449219,77.6541519165039,78.41344451904297,78.79681396484375,79.13082885742188,79.71304321289062,79.89173126220703,79.7410888671875,79.98078918457031,81.09659576416016,82.73445129394531,83.88736724853516,83.56986999511719,83.3369140625,84.11205291748047,85.1077651977539,86.40575408935547,87.46240234375,87.70499420166016,87.88970184326172,88.09489440917969,88.18054962158203,87.88705444335938,86.56507873535156,86.4980697631836,88.44630432128906,90.01231384277344,89.5353012084961,91.9832763671875,97.86824798583984,97.63661193847656,94.7610092163086,95.3487319946289,96.55381774902344,95.99136352539062,95.411865234375,95.5839614868164
74.80035400390625,74.986572265625,76.25228881835938,77.09683990478516,74.56160736083984,73.05108642578125,74.18535614013672,75.24314880371094,75.31361389160156,75.4912109375,76.34239959716797,77.2360610961914,77.81328582763672,78.33206939697266,78.33895874023438,77.97244262695312,77.87883758544922,78.63249206542969,80.14053344726562,81.53739929199219,82.25927734375,82.85311889648438,83.75667572021484,84.7393798828125,85.76382446289062,86.363037109375,86.63699340820312,87.11248779296875,87.36609649658203,87.45974731445312,87.4951400756836,86.51673889160156,86.03070831298828,87.41686248779297,89.36509704589844,89.89258575439453,90.783203125,96.60041809082031,99.51260375976562,96.41175079345703,95.49224853515625,96.47933959960938,96.43474578857422,96.37541198730469,96.6822509765625
71.73670959472656,72.39501953125,71.30970001220703,72.01929473876953,76.0818862915039,74.25370788574219,72.59917449951172,72.62625885009766,73.17683410644531,73.83180236816406,74.72123718261719,75.60626220703125,76.41702270507812,76.95913696289062,76.92411041259766,76.81442260742188,77.097412109375,77.57231140136719,78.21663665771484,79.51016235351562,81.28376770019531,82.43143463134766,83.4763412475586,84.65283203125,85.32653045654297,85.49722290039062,86.11744689941406,86.81208801269531,87.04776000976562,87.10978698730469,87.27984619140625,86.77940368652344,85.8122329711914,86.26660919189453,88.45061492919922,89.2430419921875,90.4967041015625,96.19251251220703,99.65811920166016,97.47470092773438,95.86918640136719,96.30672454833984,96.65104675292969,96.52835083007812,96.80968475341797
67.47173309326172,67.77747344970703,67.33979797363281,68.01427459716797,72.92452239990234,73.5451889038086,71.73412322998047,70.16590118408203,70.07005310058594,71.25871276855469,72.5714340209961,73.46154022216797,74.32649993896484,75.13387298583984,75.28070831298828,75.49601745605469,76.42532348632812,77.3784408569336,77.69890594482422,78.54206085205078,79.50424194335938,81.20890808105469,84.4814453125,84.63483428955078,84.38715362548828,84.75717163085938,85.78495025634766,86.47748565673828,86.80306243896484,86.8471450805664,86.8939208984375,86.67333984375,86.04513549804688,85.00440979003906,87.2080307006836,87.9775390625,88.55563354492188,95.9619369506836,100.01673126220703,99.22627258300781,97.16400146484375,96.00230407714844,96.13741302490234,96.58409118652344,97.00426483154297
65.54292297363281,63.7032356262207,63.73157501220703,63.108055114746094,68.61389923095703,72.02092742919922,70.497802734375,68.56019592285156,67.84894561767578,68.60144805908203,69.6731948852539,70.49534606933594,71.5837631225586,73.02814483642578,73.6207504272461,73.80888366699219,74.9757308959961,76.61332702636719,77.270751953125,77.65257263183594,78.57848358154297,80.641357421875,82.98924255371094,83.42181396484375,82.93931579589844,83.75759887695312,85.23943328857422,85.73786163330078,85.76568603515625,86.22417449951172,86.58250427246094,86.54559326171875,86.03681182861328,84.4565200805664,86.01412200927734,86.57263946533203,86.23396301269531,93.29271697998047,98.49858856201172,99.80110931396484,98.27668762207031,96.2853775024414,96.14136505126953,97.08818054199219,97.7432632446289
60.40452194213867,58.48264694213867,58.37069320678711,59.74901580810547,62.405269622802734,67.87298583984375,70.60209655761719,70.54891967773438,67.94563293457031,65.92346954345703,65.92615509033203,67.01634216308594,68.7910385131836,70.8399429321289,71.73941040039062,72.1307144165039,73.30477905273438,74.86052703857422,75.82738494873047,76.82942199707031,77.9640884399414,79.10865020751953,80.57588195800781,80.81745147705078,80.35981750488281,81.6200180053711,83.61834716796875,84.5865478515625,84.90126037597656,85.56356048583984,86.2643051147461,86.7660140991211,86.35600280761719,85.1445083618164,84.64161682128906,85.84248352050781,85.63926696777344,88.6942367553711,96.61426544189453,99.78600311279297,98.3314437866211,95.76634216308594,95.31195068359375,96.04109954833984,96.64041137695312
61.14733123779297,61.90961837768555,61.80120086669922,61.75215530395508,62.525760650634766,66.22993469238281,68.83265686035156,67.53099822998047,65.16156768798828,63.49396514892578,63.12761688232422,63.78411865234375,65.65208435058594,68.23544311523438,69.86927795410156,70.80072784423828,72.07612609863281,73.26058959960938,74.53845977783203,76.62162017822266,77.49361419677734,77.38699340820312,77.81837463378906,77.70089721679688,78.68802642822266,80.60006713867188,81.87832641601562,83.13505554199219,84.42122650146484,85.22164154052734,85.71600341796875,86.48828125,86.7296142578125,85.93426513671875,84.93798828125,85.00984954833984,86.10662078857422,87.11894226074219,91.79045104980469,98.2860107421875,98.74897766113281,96.34172058105469,94.78319549560547,94.5780258178711,94.9613265991211
57.73982620239258,57.78098678588867,58.533260345458984,59.258216857910156,59.533687591552734,60.49228286743164,62.906734466552734,63.69929122924805,62.20718765258789,60.474220275878906,60.10175323486328,61.099037170410156,62.87058639526367,65.18189239501953,67.47916412353516,69.09942626953125,70.38542938232422,71.4380111694336,73.56244659423828,76.21282196044922,75.87742614746094,74.7029800415039,74.98284912109375,75.89990234375,77.4208984375,79.15406799316406,81.00605773925781,82.58707427978516,83.4239730834961,83.92176818847656,84.35433197021484,84.95951080322266,85.59188079833984,85.58090209960938,85.01158142089844,84.5334701538086,86.15062713623047,88.33228302001953,89.43993377685547,93.06855773925781,96.01146697998047,96.3658676147461,95.63094329833984,95.0027084350586,94.80945587158203
54.27825164794922,54.808349609375,55.99324035644531,57.07182693481445,56.8821907043457,55.893463134765625,57.25812530517578,60.19139862060547,60.144737243652344,58.94450759887695,59.0476188659668,60.187713623046875,60.958290100097656,61.991294860839844,64.12974548339844,66.0699462890625,67.02197265625,68.18936920166016,71.23062896728516,72.98176574707031,71.89737701416016,71.71365356445312,72.79963684082031,74.74657440185547,75.4362564086914,75.51031494140625,77.85462951660156,81.60369110107422,83.06986236572266,82.71511840820312,82.3564224243164,82.7127685546875,83.39817810058594,83.85685729980469,84.2927474975586,84.30883026123047,85.42772674560547,88.30783081054688,89.37171936035156,91.00667572021484,93.22541046142578,94.00982666015625,93.92158508300781,93.87933349609375,93.9524154663086
51.22696304321289,51.74808120727539,52.643409729003906,53.954742431640625,53.919376373291016,52.76274871826172,53.756309509277344,57.164310455322266,59.207794189453125,58.0741081237793,57.822505950927734,59.32575225830078,59.00558090209961,58.37245178222656,60.21188735961914,62.18488693237305,63.0349006652832,64.67505645751953,67.50211334228516,68.59703826904297,67.98602294921875,68.28944396972656,69.93749237060547,72.22430419921875,72.46883392333984,72.16442108154297,74.5085678100586,79.11492919921875,81.92806243896484,81.98760986328125,81.22942352294922,81.23466491699219,81.70466613769531,82.43348693847656,83.44026184082031,83.68824768066406,84.2511215209961,87.07943725585938,88.57337188720703,90.20809173583984,91.41143035888672,91.61100006103516,91.35926055908203,91.48477172851562,91.76985931396484
47.60512161254883,49.04129409790039,50.122894287109375,50.54719543457031,50.54484939575195,50.89579772949219,52.699363708496094,54.58619689941406,55.62812423706055,55.71458053588867,56.07272720336914,56.43536376953125,55.513797760009766,55.14289855957031,56.796939849853516,58.585384368896484,59.7999267578125,61.69158172607422,63.317832946777344,63.50416564941406,63.61812973022461,65.1517333984375,67.52945709228516,69.27932739257812,69.22293853759766,69.53288269042969,72.05856323242188,75.74461364746094,78.813720703125,80.36605072021484,80.07569885253906,79.6292953491211,79.73284149169922,80.35954284667969,81.32073974609375,81.84441375732422,82.98052978515625,85.8089599609375,87.83877563476562,89.45758056640625,89.07971954345703,88.65093994140625,88.3905029296875,88.39270782470703,88.73847198486328
46.86119079589844,46.889305114746094,47.96915054321289,48.64627456665039,49.139732360839844,50.101463317871094,51.07908248901367,51.67613220214844,52.23720169067383,53.14984130859375,54.054100036621094,54.16413879394531,53.81260299682617,54.25675964355469,55.355960845947266,56.301456451416016,57.07357406616211,57.95417022705078,57.93604278564453,58.46023941040039,60.4910888671875,62.74552917480469,64.29501342773438,65.01140594482422,66.262939453125,67.67241668701172,69.10941314697266,71.20843505859375,73.89766693115234,77.17135620117188,77.74395751953125,76.52601623535156,75.7636489868164,76.04464721679688,77.1165542602539,78.67720031738281,80.91738891601562,83.20861053466797,85.15314483642578,87.40744018554688,87.72733306884766,86.89620208740234,85.74544525146484,84.8007583618164,84.87044525146484
46.63444519042969,48.018890380859375,48.48568344116211,48.74875259399414,48.531768798828125,48.73963928222656,49.04143524169922,49.1996955871582,49.32254409790039,50.28391647338867,51.60683822631836,52.63676071166992,53.08167266845703,53.25078582763672,53.44823455810547,53.48101043701172,53.1463623046875,52.84908676147461,53.58556365966797,56.027530670166016,59.390357971191406,61.016971588134766,60.54690933227539,60.34388732910156,61.99287796020508,64.3756103515625,65.01000213623047,65.3207015991211,69.0130615234375,75.0090103149414,76.04441833496094,73.61360168457031,71.85749053955078,72.15763092041016,73.7466049194336,75.55475616455078,77.3978500366211,79.79862976074219,82.21095275878906,84.3241958618164,86.54039764404297,86.62651062011719,84.91728973388672,82.26630401611328,81.10005187988281
45.57981491088867,48.66794967651367,50.387359619140625,50.34630584716797,48.8515625,47.65060806274414,47.62519454956055,48.37052536010742,48.406028747558594,48.41917037963867,49.623531341552734,51.063133239746094,51.36710739135742,50.27598571777344,48.82079315185547,48.16104507446289,48.175567626953125,49.43941879272461,51.57271194458008,54.48938751220703,55.372406005859375,55.091434478759766,55.866024017333984,59.293434143066406,60.717830657958984,61.00880432128906,61.45865249633789,61.01690673828125,64.85014343261719,72.41863250732422,75.1135025024414,72.94902801513672,70.43296813964844,70.076904296875,70.86235046386719,71.97819519042969,73.75845336914062,76.3174057006836,79.5226058959961,80.79812622070312,82.2129898071289,85.61336517333984,85.08370971679688,80.98153686523438,78.61461639404297
45.359710693359375,47.36289978027344,50.229862213134766,49.61678695678711,47.36946487426758,45.491634368896484,44.59767532348633,45.99778747558594,48.03438949584961,48.16000747680664,48.054107666015625,48.82332992553711,49.414119720458984,49.62830352783203,49.3688850402832,49.868404388427734,50.721832275390625,51.46397399902344,52.73698043823242,53.30337905883789,52.84380340576172,53.1704216003418,55.524871826171875,58.04538345336914,58.3218994140625,58.78562927246094,60.08994674682617,60.503570556640625,62.54288864135742,66.60902404785156,70.24742126464844,70.89772033691406,69.0955810546875,68.03680419921875,68.31841278076172,69.40253448486328,71.9019546508789,74.66617584228516,76.10987854003906,76.57215118408203,78.40335083007812,84.38421630859375,85.73777770996094,80.10343170166016,77.0805435180664
43.30181121826172,42.58428192138672,48.40673828125,48.53989791870117,44.320804595947266,42.82550048828125,42.574989318847656,43.347721099853516,46.3748664855957,50.1722297668457,50.87697982788086,47.848167419433594,47.56056594848633,48.77407455444336,49.708229064941406,50.99204635620117,51.93422317504883,51.93553161621094,51.28652572631836,49.84846878051758,47.86079788208008,51.331844329833984,53.47529220581055,54.006744384765625,54.52482986450195,55.93739318847656,57.638275146484375,58.30179977416992,59.259735107421875,61.824310302734375,65.30023193359375,68.2497329711914,68.48773956298828,68.08000183105469,68.75981140136719,69.84236145019531,72.08065795898438,73.83524322509766,73.0228271484375,73.43241119384766,76.19598388671875,82.09234619140625,85.01117706298828,79.64289093017578,75.67335510253906
41.107810974121094,42.793487548828125,44.84537124633789,44.50706481933594,43.57897186279297,43.41365051269531,43.74726867675781,44.35703659057617,45.798160552978516,48.179134368896484,50.660804748535156,51.96129608154297,52.238670349121094,50.51487731933594,49.408775329589844,49.899635314941406,50.44021987915039,50.00413513183594,48.721527099609375,47.808074951171875,49.288917541503906,51.45021057128906,51.957855224609375,52.26340103149414,53.783203125,55.454959869384766,56.204063415527344,57.597984313964844,60.312164306640625,63.475093841552734,66.32721710205078,68.3167495727539,69.33462524414062,69.79740142822266,69.69163513183594,70.16461181640625,72.19796752929688,73.69265747070312,72.3663330078125,72.14008331298828,74.97525024414062,79.62751770019531,81.40338897705078,78.36288452148438,75.81713104248047
39.752784729003906,41.03985595703125,44.02781677246094,44.96238327026367,43.22975540161133,43.55405807495117,45.186283111572266,45.24029541015625,46.14270782470703,47.94236755371094,49.553279876708984,50.8559455871582,52.1270751953125,51.855491638183594,51.02522659301758,50.921695709228516,50.788116455078125,49.73064422607422,49.18730926513672,50.12735366821289,52.499595642089844,53.856285095214844,54.72526550292969,55.806880950927734,57.52823257446289,58.745567321777344,59.81404113769531,61.17021560668945,62.764801025390625,65.82532501220703,68.63164520263672,69.99000549316406,70.29352569580078,70.38317108154297,70.76008605957031,71.36865997314453,72.70120239257812,73.88127136230469,73.28799438476562,73.30229949951172,75.67701721191406,78.86123657226562,78.14303588867188,75.17509460449219,76.09912109375
