data/wind_data/wind_59_3.json
{"header": {"parameterUnit": "KT", "parameterCategory": 2, "nx": 256, "ny": 198, "lo1": 44.73521041870117, "la1": -3.236724853515625, "lo2": 111.26478576660156, "la2": 43.468475341796875, "dx": 0.2609002888202667, "dy": -0.23708222806453705, "refTime": "2025-02-21 11:00:00", "forecastTime": 0, "parameterNumber": 2, "parameterNumberName": "eastward_wind"}, "data":
[rows 95 to 113 of 198, columns 44 to 87 of 256]
8.877238273620605,8.835575103759766,9.869231224060059,10.483809471130371,9.96340274810791,9.01698112487793,8.900161743164062,9.827422142028809,10.802383422851562,10.931937217712402,10.45382022857666,10.298744201660156,10.594184875488281,10.707679748535156,11.036601066589355,11.962926864624023,12.616620063781738,12.230912208557129,11.026268005371094,9.738039016723633,8.773831367492676,7.879632949829102,7.064786911010742,6.679579734802246,6.814151287078857,7.216133117675781,7.541930198669434,7.627396106719971,7.61906099319458,7.745899677276611,7.972033500671387,8.136765480041504,8.208930969238281,8.256282806396484,8.264504432678223,8.172218322753906,7.9820356369018555,7.719239234924316,7.420144557952881,7.168614387512207,7.040024280548096,7.022340774536133,7.07002592086792,7.025561809539795
8.537251472473145,8.985267639160156,10.298457145690918,10.725478172302246,10.31545352935791,9.878582000732422,10.076175689697266,10.592559814453125,10.918110847473145,10.491347312927246,10.054611206054688,10.127642631530762,10.586529731750488,11.04253101348877,11.373296737670898,11.973119735717773,12.253074645996094,11.813558578491211,11.201619148254395,10.827075958251953,10.306965827941895,9.272932052612305,8.270475387573242,7.929441452026367,8.199198722839355,8.597172737121582,8.6627779006958,8.413930892944336,8.260735511779785,8.496931076049805,8.876432418823242,9.029926300048828,8.918432235717773,8.807619094848633,8.782286643981934,8.67864990234375,8.398078918457031,7.9753618240356445,7.568551540374756,7.295036315917969,7.143982410430908,7.047685146331787,7.032413482666016,7.031633377075195
8.847090721130371,9.936402320861816,10.960229873657227,11.056861877441406,11.007758140563965,11.310635566711426,11.89781379699707,11.921229362487793,11.11734390258789,10.072070121765137,9.781200408935547,10.327496528625488,10.960592269897461,11.211348533630371,11.629026412963867,12.09127140045166,11.896355628967285,11.273517608642578,11.18764591217041,11.736637115478516,11.623337745666504,10.422140121459961,9.38768196105957,9.251045227050781,9.619209289550781,9.82187557220459,9.577652931213379,9.14676284790039,9.012333869934082,9.322548866271973,9.643904685974121,9.579299926757812,9.291375160217285,9.178696632385254,9.174663543701172,8.978874206542969,8.505868911743164,7.925228118896484,7.500619888305664,7.282614231109619,7.108558654785156,6.902003765106201,6.790230751037598,6.824794292449951
9.998772621154785,11.267058372497559,11.757631301879883,11.633211135864258,11.86812686920166,12.727372169494629,13.721084594726562,13.387420654296875,11.639143943786621,10.17887020111084,9.990124702453613,10.745827674865723,11.623055458068848,11.4832763671875,11.28110408782959,11.700936317443848,11.679169654846191,11.4279146194458,11.657343864440918,12.302873611450195,12.177568435668945,11.181296348571777,10.511409759521484,10.595157623291016,10.85678768157959,10.756346702575684,10.329583168029785,9.945291519165039,9.954874992370605,10.217755317687988,10.235149383544922,9.894168853759766,9.581257820129395,9.502861022949219,9.391114234924316,8.976741790771484,8.263805389404297,7.563221454620361,7.189314842224121,7.074014186859131,6.921579837799072,6.667964935302734,6.5229644775390625,6.629777431488037
11.735377311706543,12.5995512008667,12.637223243713379,12.495251655578613,12.990817070007324,14.290559768676758,15.3064546585083,14.3980712890625,12.21365737915039,10.81433391571045,10.871504783630371,11.603407859802246,12.316207885742188,11.798048973083496,10.801901817321777,10.933629035949707,11.473620414733887,12.133269309997559,12.661750793457031,12.525081634521484,11.80935287475586,11.376745223999023,11.55579948425293,11.880904197692871,11.836371421813965,11.408019065856934,10.926971435546875,10.721900939941406,10.890223503112793,11.06182861328125,10.840009689331055,10.360599517822266,9.957366943359375,9.678768157958984,9.3079195022583,8.63594913482666,7.728840351104736,7.005589008331299,6.771622180938721,6.8470778465271,6.854885578155518,6.674625873565674,6.550139904022217,6.684902667999268
13.52871322631836,13.934916496276855,13.812562942504883,13.871167182922363,14.696227073669434,16.17295265197754,16.543336868286133,14.791560173034668,12.668115615844727,11.27875804901123,11.720459938049316,12.547117233276367,12.16079044342041,11.067743301391602,10.369277000427246,10.054550170898438,10.926901817321777,12.154539108276367,12.641225814819336,12.05655574798584,11.349753379821777,11.565886497497559,12.396241188049316,12.87109375,12.575362205505371,11.969766616821289,11.552756309509277,11.502480506896973,11.718923568725586,11.81917667388916,11.537630081176758,10.972442626953125,10.311202049255371,9.641240119934082,8.919037818908691,8.003767013549805,7.049754619598389,6.4990553855896,6.534883975982666,6.893097400665283,7.128454208374023,7.068347930908203,6.962560176849365,7.022881507873535
15.492966651916504,15.413652420043945,15.480816841125488,16.056570053100586,17.250499725341797,18.287864685058594,17.292783737182617,15.179627418518066,12.9026460647583,11.816455841064453,12.81921672821045,15.45791244506836,10.792709350585938,8.971609115600586,8.462942123413086,8.48381519317627,10.142704963684082,11.690043449401855,12.046124458312988,11.745187759399414,11.69837760925293,12.199433326721191,12.851897239685059,13.108675956726074,12.898475646972656,12.592155456542969,12.438080787658691,12.45939826965332,12.495577812194824,12.313115119934082,11.815580368041992,11.107733726501465,10.284225463867188,9.353302001953125,8.318123817443848,7.284054279327393,6.52020788192749,6.263655185699463,6.529491901397705,7.0413055419921875,7.399684429168701,7.479142189025879,7.502873420715332,7.618661403656006
17.391948699951172,17.02999496459961,17.25446128845215,18.661418914794922,20.824481964111328,21.35272789001465,19.490339279174805,15.485487937927246,12.410640716552734,12.357003211975098,13.87608528137207,14.48974609375,8.305412292480469,9.931266784667969,8.753857612609863,8.123112678527832,9.529173851013184,11.09221363067627,11.776874542236328,12.149944305419922,12.55745792388916,12.875645637512207,12.973896026611328,12.930421829223633,12.98536205291748,13.17420482635498,13.329927444458008,13.29820728302002,12.90891170501709,12.18945598602295,11.37873649597168,10.673501968383789,9.832008361816406,8.68193531036377,7.473324298858643,6.590363502502441,6.185171127319336,6.2382073402404785,6.663139343261719,7.183849334716797,7.549644470214844,7.789275646209717,8.070258140563965,8.368943214416504
19.014978408813477,18.817615509033203,19.503053665161133,21.957935333251953,24.60627555847168,24.976289749145508,20.838613510131836,14.987981796264648,11.100022315979004,12.486517906188965,14.258170127868652,10.40219783782959,9.66189193725586,10.29024600982666,9.834771156311035,9.275042533874512,9.797830581665039,11.087096214294434,12.10857105255127,12.858831405639648,13.300084114074707,13.342745780944824,13.184270858764648,13.048698425292969,13.220478057861328,13.625578880310059,13.890586853027344,13.675077438354492,12.868965148925781,11.782371520996094,10.829392433166504,10.031962394714355,8.965298652648926,7.662187099456787,6.599191188812256,6.076279640197754,6.025229454040527,6.35697603225708,6.981433391571045,7.582923412322998,7.993259429931641,8.395788192749023,8.839385032653809,9.12651538848877
20.162960052490234,20.67414665222168,22.31940460205078,24.737533569335938,25.20477867126465,22.17620849609375,16.39397621154785,8.650120735168457,6.342639446258545,4.910758972167969,12.602917671203613,12.871745109558105,12.238370895385742,11.62343978881836,10.332804679870605,9.83434772491455,10.156533241271973,11.505321502685547,12.880616188049316,13.838828086853027,14.127031326293945,13.889618873596191,13.559073448181152,13.360249519348145,13.46725845336914,13.788983345031738,14.038738250732422,13.881763458251953,13.105466842651367,11.819265365600586,10.455989837646484,9.221969604492188,8.06551456451416,6.986166477203369,6.278110027313232,5.982910633087158,6.038858413696289,6.518045425415039,7.27957820892334,7.943094730377197,8.466893196105957,9.030670166015625,9.492732048034668,9.571784019470215
21.280366897583008,23.539623260498047,25.69308853149414,24.711193084716797,18.115751266479492,16.625028610229492,14.022649765014648,9.219149589538574,5.819634914398193,11.70787525177002,14.164619445800781,14.289653778076172,13.855201721191406,12.29189682006836,10.2957763671875,10.210060119628906,10.931413650512695,12.14444351196289,13.353254318237305,14.090606689453125,14.226482391357422,13.98780632019043,13.72154426574707,13.650775909423828,13.810453414916992,14.252164840698242,14.696136474609375,14.487173080444336,13.228315353393555,11.275908470153809,9.547029495239258,8.47516918182373,7.797072410583496,7.260504722595215,6.841550350189209,6.308428764343262,5.955509662628174,6.248865127563477,7.006843566894531,7.754922389984131,8.37436580657959,8.964624404907227,9.24968147277832,8.88105297088623
22.44635009765625,25.026424407958984,24.14729118347168,21.590410232543945,21.511018753051758,18.363862991333008,14.893421173095703,12.931445121765137,12.392570495605469,15.266175270080566,16.538291931152344,16.60845184326172,15.387809753417969,12.699888229370117,9.809016227722168,10.116169929504395,11.724589347839355,13.000943183898926,13.713838577270508,14.035983085632324,14.10454273223877,14.16706371307373,14.334561347961426,14.621481895446777,14.99101448059082,15.391100883483887,15.44040584564209,14.674182891845703,12.958547592163086,10.921459197998047,9.441557884216309,8.573200225830078,8.3419828414917,8.500286102294922,8.496255874633789,7.932353973388672,7.090382099151611,6.640451431274414,6.8894853591918945,7.435929775238037,7.800604820251465,7.901060104370117,7.782955169677734,7.370329856872559
20.37815284729004,21.559484481811523,21.982439041137695,22.811206817626953,22.60424041748047,20.262128829956055,16.727466583251953,14.868979454040527,15.079859733581543,16.44721031188965,17.487150192260742,17.753761291503906,16.78630828857422,14.623673439025879,11.587541580200195,10.790498733520508,12.203306198120117,13.690006256103516,14.390506744384766,14.657933235168457,14.914578437805176,15.27698802947998,15.72922134399414,16.16002655029297,16.40481185913086,16.36396598815918,15.888293266296387,14.807533264160156,13.097951889038086,11.370382308959961,9.943038940429688,8.813051223754883,8.370064735412598,8.545299530029297,9.135636329650879,9.267247200012207,8.661144256591797,7.981011390686035,7.507756233215332,7.442884922027588,7.651092052459717,7.647404670715332,7.36469030380249,7.273771286010742
20.952075958251953,25.17024040222168,25.58449363708496,23.528324127197266,22.378620147705078,21.269765853881836,18.66916275024414,15.918758392333984,14.934944152832031,15.416326522827148,16.834306716918945,18.251649856567383,18.188751220703125,16.885391235351562,14.916526794433594,13.587166786193848,13.8167724609375,14.459159851074219,14.746524810791016,15.117920875549316,15.885083198547363,16.79109001159668,17.481111526489258,17.83980941772461,17.78104591369629,17.229000091552734,16.319433212280273,15.081879615783691,13.50716781616211,11.824047088623047,10.267987251281738,9.205414772033691,8.67237377166748,8.269946098327637,7.871016502380371,7.662840366363525,7.622525215148926,7.564898490905762,6.9618940353393555,5.9083380699157715,6.098457336425781,8.807997703552246,10.937374114990234,11.024190902709961
23.105022430419922,27.162960052490234,26.244977951049805,23.826650619506836,22.53713035583496,21.992084503173828,20.063955307006836,17.141284942626953,15.54472541809082,15.421956062316895,16.43037986755371,17.681915283203125,17.759119033813477,16.775238037109375,16.339550018310547,16.588241577148438,16.86156463623047,16.77302360534668,16.580997467041016,16.83318328857422,17.751976013183594,18.906021118164062,19.45414924621582,19.186128616333008,18.480327606201172,17.630374908447266,16.792722702026367,15.709410667419434,14.167646408081055,12.429198265075684,10.988129615783691,9.88691234588623,9.100289344787598,8.530160903930664,8.030009269714355,7.653794765472412,7.145802974700928,6.295907974243164,5.229852676391602,4.514068603515625,4.7408294677734375,5.865713596343994,7.646325588226318,10.199414253234863
24.69365119934082,25.347379684448242,24.562068939208984,23.60914421081543,23.185129165649414,22.859066009521484,21.317716598510742,18.01587677001953,16.272266387939453,16.581483840942383,16.989013671875,17.124040603637695,17.477895736694336,17.89473533630371,18.82455062866211,20.244186401367188,20.24689292907715,18.585895538330078,17.20282745361328,17.00027847290039,17.534669876098633,18.126224517822266,18.300128936767578,18.391799926757812,18.254791259765625,17.827533721923828,17.135862350463867,15.931004524230957,14.345071792602539,12.701459884643555,11.428328514099121,10.407210350036621,9.409125328063965,8.510299682617188,7.8716959953308105,7.56510066986084,7.4195451736450195,6.769956111907959,5.744162559509277,5.358798503875732,5.930028915405273,7.787337303161621,10.438006401062012,13.554692268371582
26.088438034057617,25.10564613342285,24.20539665222168,24.03295135498047,24.02052116394043,23.562517166137695,22.1102294921875,19.743366241455078,17.969743728637695,17.42797088623047,17.443115234375,17.614280700683594,18.035348892211914,18.209381103515625,17.841596603393555,17.312255859375,17.022953033447266,17.63465690612793,18.405580520629883,18.08362579345703,17.376699447631836,17.412147521972656,17.854848861694336,18.0512752532959,18.202632904052734,18.29540252685547,17.660085678100586,16.339950561523438,14.415146827697754,12.618083953857422,11.44336986541748,10.604759216308594,9.80345630645752,9.115050315856934,8.694916725158691,8.526795387268066,8.279603958129883,7.60041618347168,7.172680377960205,8.158385276794434,9.755550384521484,12.268539428710938,13.564148902893066,17.653966903686523
25.169309616088867,24.574420928955078,24.10358428955078,24.505451202392578,24.960988998413086,24.61764907836914,23.27863883972168,21.274141311645508,19.610334396362305,18.701274871826172,18.58232307434082,18.897884368896484,18.970069885253906,18.35212516784668,16.756214141845703,14.920836448669434,14.510554313659668,15.774593353271484,17.24986457824707,17.652427673339844,17.384185791015625,17.724079132080078,18.631061553955078,19.079748153686523,18.796541213989258,17.84197235107422,16.624481201171875,15.32208251953125,13.871127128601074,12.655133247375488,11.844673156738281,11.194379806518555,10.597278594970703,10.284207344055176,10.378626823425293,10.255119323730469,9.613781929016113,8.843804359436035,9.48462200164795,11.338801383972168,13.533946990966797,12.589434623718262,8.486845016479492,14.891986846923828
24.353200912475586,23.509801864624023,23.316287994384766,24.1228084564209,24.99663734436035,25.273574829101562,24.850461959838867,23.51163673400879,21.69791603088379,20.152421951293945,19.540128707885742,19.754013061523438,19.87775421142578,19.56195068359375,18.515562057495117,16.618328094482422,15.526906967163086,16.19331169128418,17.405773162841797,18.079782485961914,18.29905128479004,18.869001388549805,19.524110794067383,19.978097915649414,19.976713180541992,18.3004093170166,16.332210540771484,15.34107780456543,14.4628324508667,13.715560913085938,13.403347969055176,12.888193130493164,12.584647178649902,12.662673950195312,13.150869369506836,13.007600784301758,12.739962577819824,13.089288711547852,14.94167709350586,15.488112449645996,14.198883056640625,9.226150512695312,13.920644760131836,20.89295196533203
