data/wind_data/wind_Surface_38.json
{"header": {"parameterUnit": "KT", "parameterCategory": 2, "nx": 255, "ny": 198, "lo1": 44.73521041870117, "la1": -3.236724853515625, "lo2": 111.26478576660156, "la2": 43.468475341796875, "dx": 0.26192745566368103, "dy": -0.23708222806453705, "refTime": "2025-02-20 14:00:00", "forecastTime": 0, "parameterNumber": 3, "parameterNumberName": "northward_wind"}, "data":
[rows 19 to 37 of 198, columns 0 to 42 of 255]
1.295902967453003,-0.05361553654074669,-2.7583606243133545,-5.0210394859313965,-6.571782112121582,-8.70234489440918,-8.943133354187012,-9.033476829528809,-9.11542797088623,-9.137974739074707,-9.06126880645752,-8.293251991271973,-8.592253684997559,-10.057969093322754,-11.624604225158691,-12.548920631408691,-12.585904121398926,-11.982803344726562,-10.537863731384277,-11.194178581237793,-12.249558448791504,-13.360231399536133,-13.181533813476562,-12.262266159057617,-12.118288040161133,-12.442461013793945,-11.983674049377441,-11.956450462341309,-12.0031156539917,-11.343711853027344,-8.015778541564941,-2.977064609527588,-3.1339612007141113,-5.1695556640625,-4.565401077270508,-3.0577266216278076,-1.7975683212280273,-1.415343165397644,-2.625565528869629,-2.7776927947998047,-1.6423773765563965,-1.1326286792755127,-1.4871221780776978
3.3817858695983887,1.861283302307129,-0.4839879274368286,-3.0810630321502686,-5.535982608795166,-7.321455478668213,-7.941090106964111,-7.996452331542969,-8.70869255065918,-9.107872009277344,-9.016283988952637,-8.201738357543945,-8.204808235168457,-9.213167190551758,-11.04153823852539,-12.121352195739746,-12.728713989257812,-12.474101066589355,-11.439523696899414,-11.435718536376953,-11.530386924743652,-12.602946281433105,-12.295065879821777,-11.477481842041016,-11.581411361694336,-11.347212791442871,-10.938343048095703,-11.274953842163086,-11.847373962402344,-11.883624076843262,-10.838773727416992,-5.501735210418701,-1.767515778541565,-2.9495856761932373,-3.582996129989624,-2.9311089515686035,-2.4484634399414062,-1.9487934112548828,-1.435965895652771,-1.9340877532958984,-1.6048732995986938,-0.8022063970565796,-0.7955141663551331
3.0631489753723145,2.5060102939605713,1.4645769596099854,0.054695382714271545,-3.0767617225646973,-5.629296779632568,-6.5642313957214355,-6.6926984786987305,-7.886876583099365,-9.68910026550293,-10.796924591064453,-10.601334571838379,-9.745849609375,-9.40886402130127,-10.51304817199707,-11.937785148620605,-12.582481384277344,-12.187097549438477,-11.03210735321045,-10.156153678894043,-10.188483238220215,-11.574167251586914,-12.221175193786621,-12.35783863067627,-12.028992652893066,-11.105779647827148,-10.738886833190918,-11.223189353942871,-11.823488235473633,-13.118595123291016,-13.386469841003418,-8.920650482177734,-4.79054594039917,-4.913326740264893,-5.856083393096924,-4.781587600708008,-2.6429591178894043,-0.8101458549499512,-0.9358391165733337,-1.662246584892273,-1.6978825330734253,-0.8000064492225647,0.21913404762744904
0.8726685047149658,1.220848798751831,1.99202299118042,1.2112401723861694,-0.7379813194274902,-3.1170482635498047,-5.789619445800781,-7.285805702209473,-7.8842034339904785,-8.718029022216797,-10.309109687805176,-11.297125816345215,-11.169713973999023,-10.307157516479492,-10.214669227600098,-11.756307601928711,-12.281798362731934,-12.02256965637207,-11.246028900146484,-10.220174789428711,-9.81977653503418,-11.285632133483887,-12.64561939239502,-13.258703231811523,-12.529265403747559,-11.463212966918945,-10.964949607849121,-11.396832466125488,-12.162216186523438,-13.373185157775879,-13.905659675598145,-12.696106910705566,-10.275653839111328,-9.314146995544434,-9.777406692504883,-9.501809120178223,-7.30126428604126,-3.122934579849243,-1.3869104385375977,-1.9972714185714722,-2.328986883163452,-1.6635006666183472,-0.2002647966146469
-1.6944372653961182,-1.6207141876220703,0.1861388236284256,-0.05304328352212906,-1.6268563270568848,-1.6654223203659058,-4.114513874053955,-6.787980556488037,-7.818169593811035,-7.204339027404785,-8.023235321044922,-9.310755729675293,-9.858728408813477,-9.922684669494629,-10.509392738342285,-12.094649314880371,-12.64075756072998,-12.44997787475586,-11.854551315307617,-10.705317497253418,-10.687297821044922,-11.919486999511719,-12.495471954345703,-12.603915214538574,-12.264679908752441,-11.869075775146484,-11.482497215270996,-12.075358390808105,-12.801575660705566,-12.947962760925293,-12.905715942382812,-13.04312801361084,-11.41472053527832,-9.895419120788574,-10.42493724822998,-11.968276023864746,-12.068694114685059,-9.011319160461426,-2.947544574737549,-1.2383160591125488,-2.7921600341796875,-3.7702903747558594,-3.7462525367736816
-3.745908498764038,-4.238643169403076,-2.3284614086151123,-2.3437204360961914,-4.2561116218566895,-2.4662084579467773,-2.4299447536468506,-3.433422088623047,-6.121360778808594,-6.93589448928833,-7.14604377746582,-8.039281845092773,-8.3427152633667,-8.96385383605957,-10.577545166015625,-12.222006797790527,-12.706870079040527,-11.69660472869873,-10.479732513427734,-10.175973892211914,-11.085030555725098,-11.707645416259766,-11.83113956451416,-11.848527908325195,-11.642119407653809,-11.664238929748535,-11.988136291503906,-12.432528495788574,-12.190430641174316,-11.97937297821045,-12.262085914611816,-12.23529052734375,-11.121612548828125,-9.763218879699707,-9.949846267700195,-11.476652145385742,-13.0015230178833,-12.545050621032715,-6.5837907791137695,-1.5419198274612427,-3.12671160697937,-5.711114883422852,-6.63478422164917
-4.259842872619629,-4.987185478210449,-4.282909393310547,-4.515495777130127,-5.57314920425415,-3.3606503009796143,-2.116129159927368,-1.9224185943603516,-4.162261009216309,-6.6847453117370605,-7.6636552810668945,-7.571194648742676,-7.921370029449463,-9.062740325927734,-10.461297988891602,-11.407413482666016,-11.384203910827637,-9.948229789733887,-9.818984031677246,-10.813126564025879,-11.14008617401123,-10.907930374145508,-11.079484939575195,-11.522026062011719,-11.965658187866211,-11.516032218933105,-11.476394653320312,-11.365236282348633,-10.965595245361328,-11.20627498626709,-12.019378662109375,-12.20434856414795,-11.374226570129395,-10.278613090515137,-10.342203140258789,-11.364444732666016,-12.66623592376709,-13.157936096191406,-10.807807922363281,-5.798790454864502,-4.759055137634277,-5.894000053405762,-6.968776226043701
-3.9847888946533203,-4.635378837585449,-5.120240211486816,-5.441333293914795,-5.313304424285889,-3.6113698482513428,-2.221210479736328,-1.747234582901001,-3.4700875282287598,-5.528894424438477,-7.452029228210449,-7.599308967590332,-7.612365245819092,-9.420517921447754,-10.799376487731934,-10.6394624710083,-9.704909324645996,-9.377564430236816,-10.586640357971191,-12.047480583190918,-11.784159660339355,-11.018797874450684,-11.113893508911133,-12.1182222366333,-13.232821464538574,-12.009028434753418,-10.860401153564453,-10.765010833740234,-11.230074882507324,-11.218326568603516,-11.376776695251465,-11.750889778137207,-11.116534233093262,-10.487592697143555,-10.691397666931152,-11.363700866699219,-12.271815299987793,-12.708993911743164,-11.491408348083496,-8.901556968688965,-7.243075370788574,-6.961937427520752,-7.813859462738037
-3.728208541870117,-4.21409273147583,-4.915261268615723,-5.464970111846924,-5.2449517250061035,-4.061318397521973,-2.924905300140381,-2.1397976875305176,-2.974759101867676,-3.713103771209717,-5.093460559844971,-7.300222873687744,-7.954674243927002,-8.901904106140137,-10.405147552490234,-10.207860946655273,-9.341254234313965,-9.749543190002441,-9.995304107666016,-11.45923137664795,-12.0703763961792,-11.540299415588379,-11.866023063659668,-12.675758361816406,-13.308586120605469,-12.13543701171875,-11.056280136108398,-11.893494606018066,-12.791288375854492,-11.976720809936523,-10.80449390411377,-10.618721961975098,-10.61054515838623,-11.017403602600098,-11.248948097229004,-12.003838539123535,-12.673667907714844,-12.027961730957031,-9.758581161499023,-8.230718612670898,-8.245918273925781,-8.306851387023926,-8.093170166015625
-3.655139684677124,-3.969169855117798,-4.349550724029541,-5.036805152893066,-5.293469429016113,-4.66093111038208,-4.433115482330322,-3.689429521560669,-2.7353923320770264,-1.7567236423492432,-2.8828065395355225,-5.9363789558410645,-8.72805118560791,-8.889312744140625,-8.656041145324707,-9.766053199768066,-10.727298736572266,-11.427434921264648,-10.452019691467285,-10.209043502807617,-10.857328414916992,-11.063859939575195,-11.645706176757812,-12.058581352233887,-11.67321491241455,-11.060894012451172,-11.25718879699707,-12.5867919921875,-13.284673690795898,-12.170360565185547,-10.857096672058105,-10.209073066711426,-10.881481170654297,-11.301265716552734,-11.202170372009277,-11.977725982666016,-12.633347511291504,-10.896232604980469,-8.281899452209473,-7.392942428588867,-7.786098003387451,-8.670955657958984,-8.511445045471191
-3.7736196517944336,-3.8685872554779053,-3.9846415519714355,-4.458907604217529,-4.7954888343811035,-4.568979740142822,-4.911185264587402,-3.9630773067474365,-2.2721471786499023,-0.47017404437065125,-1.100488305091858,-4.221991539001465,-8.218137741088867,-9.42552375793457,-7.838925838470459,-9.317998886108398,-11.566254615783691,-12.338088035583496,-11.6221342086792,-10.009201049804688,-9.326371192932129,-9.63603687286377,-10.500186920166016,-10.881163597106934,-10.465078353881836,-10.165731430053711,-10.87458610534668,-11.518474578857422,-11.743237495422363,-11.113739967346191,-10.77680778503418,-11.1211519241333,-11.282294273376465,-10.328692436218262,-9.77769660949707,-11.050195693969727,-11.778172492980957,-10.016860961914062,-8.18257999420166,-7.9733428955078125,-8.253883361816406,-8.876564979553223,-8.517738342285156
-3.4382548332214355,-3.6846580505371094,-3.7701635360717773,-4.018799304962158,-3.728647470474243,-3.398909091949463,-4.0431742668151855,-3.201028347015381,-2.3986051082611084,-1.151157021522522,-0.8991965651512146,-2.2129788398742676,-4.86845588684082,-7.980809211730957,-8.939312934875488,-9.362740516662598,-10.08336353302002,-10.319879531860352,-10.3331937789917,-10.322564125061035,-10.418018341064453,-10.000906944274902,-9.898889541625977,-9.499211311340332,-9.72563648223877,-9.95398235321045,-10.163082122802734,-10.04166316986084,-10.183937072753906,-10.08977222442627,-10.482989311218262,-12.092134475708008,-11.843962669372559,-9.911611557006836,-8.571619987487793,-9.349935531616211,-10.670833587646484,-10.158510208129883,-9.076750755310059,-8.555874824523926,-8.70678997039795,-8.134031295776367,-7.659198760986328
-2.7355635166168213,-3.4615485668182373,-3.696599245071411,-3.734119415283203,-2.920358896255493,-2.3843483924865723,-3.2719969749450684,-3.0249557495117188,-3.295250177383423,-2.7903833389282227,-1.8062118291854858,-1.0894958972930908,-2.1551895141601562,-5.3481059074401855,-9.909527778625488,-11.014230728149414,-9.347338676452637,-8.111418724060059,-8.57768726348877,-10.757486343383789,-12.633883476257324,-11.771183967590332,-10.000996589660645,-9.060598373413086,-9.673380851745605,-10.184441566467285,-9.794441223144531,-9.500471115112305,-9.613092422485352,-10.017972946166992,-10.732637405395508,-12.220022201538086,-11.898880004882812,-10.441987037658691,-9.23416519165039,-8.170340538024902,-9.465956687927246,-10.318826675415039,-10.262603759765625,-10.442764282226562,-10.242886543273926,-7.478095531463623,-6.21136999130249
-2.590794563293457,-3.4453580379486084,-3.5832107067108154,-3.2908146381378174,-2.0353920459747314,-1.6032711267471313,-2.660217046737671,-2.9197845458984375,-3.5828468799591064,-3.3209545612335205,-1.8868110179901123,0.09064323455095291,-0.36015039682388306,-3.416710138320923,-8.697037696838379,-12.098456382751465,-10.467792510986328,-8.06507682800293,-9.07408618927002,-11.322575569152832,-12.507183074951172,-11.15123176574707,-9.293861389160156,-9.862197875976562,-11.314900398254395,-10.734139442443848,-9.611626625061035,-9.686155319213867,-9.49875259399414,-9.88988208770752,-10.582836151123047,-11.562003135681152,-11.330683708190918,-10.916654586791992,-11.198917388916016,-9.93883991241455,-8.7012357711792,-8.53117847442627,-9.190049171447754,-10.634644508361816,-10.759105682373047,-7.626377582550049,-5.49536657333374
-2.805976152420044,-3.3242504596710205,-3.2715096473693848,-2.8624603748321533,-1.5890272855758667,-0.878631055355072,-1.5509308576583862,-1.6879324913024902,-2.6601786613464355,-3.52593731880188,-3.689629554748535,-1.8372514247894287,-0.32827988266944885,-1.9145923852920532,-5.6081061363220215,-10.03361988067627,-10.094602584838867,-8.315174102783203,-9.52021312713623,-11.011836051940918,-10.903979301452637,-9.709610939025879,-9.240981101989746,-11.065267562866211,-12.718951225280762,-11.287654876708984,-9.041595458984375,-9.44283676147461,-9.429539680480957,-9.836546897888184,-10.252758026123047,-10.350811004638672,-10.156379699707031,-10.55462646484375,-11.814811706542969,-11.216899871826172,-8.633102416992188,-7.0387701988220215,-7.6397294998168945,-8.701513290405273,-8.707843780517578,-7.248279094696045,-5.983397006988525
-2.17415452003479,-2.5600619316101074,-2.588338851928711,-2.3163273334503174,-1.3336750268936157,-0.6086394786834717,-1.1430995464324951,-0.8468376994132996,-1.3927114009857178,-2.1553423404693604,-3.5239531993865967,-3.9102680683135986,-2.7782349586486816,-2.556950092315674,-4.065464973449707,-6.772782325744629,-8.565890312194824,-8.171844482421875,-8.775854110717773,-9.75787353515625,-9.68111515045166,-9.595263481140137,-10.260910034179688,-11.765746116638184,-12.96924877166748,-12.058934211730957,-9.612483978271484,-8.961053848266602,-9.26656436920166,-9.77696418762207,-9.981232643127441,-9.496220588684082,-8.769549369812012,-9.29736042022705,-10.241455078125,-9.740058898925781,-8.029240608215332,-6.9728193283081055,-6.867903709411621,-7.123318672180176,-7.016592502593994,-6.445282459259033,-6.366391658782959
-1.015051245689392,-1.468346118927002,-1.6756900548934937,-1.7396807670593262,-1.3705170154571533,-0.7760348320007324,-1.3308261632919312,-1.0270880460739136,-1.2368570566177368,-0.9087204337120056,-1.0312970876693726,-1.5224618911743164,-2.080526828765869,-2.315385103225708,-2.6757192611694336,-4.259860038757324,-6.955521106719971,-8.434011459350586,-8.581584930419922,-9.030290603637695,-9.098823547363281,-9.197993278503418,-10.02996826171875,-10.690901756286621,-11.571457862854004,-11.891594886779785,-10.635196685791016,-9.178779602050781,-8.63196849822998,-9.077474594116211,-9.88544750213623,-9.294683456420898,-7.507345199584961,-7.8921332359313965,-8.459136009216309,-8.03865909576416,-7.365617752075195,-7.688409805297852,-6.852046012878418,-5.796908855438232,-6.031983852386475,-6.23767614364624,-6.3277974128723145
-0.731094241142273,-1.0650943517684937,-1.0504478216171265,-1.020249366760254,-0.8703492879867554,-0.5273481607437134,-1.2532483339309692,-0.9872474074363708,-1.3108125925064087,-0.8131759166717529,-0.2472754716873169,-0.2662131190299988,-1.2311193943023682,-2.0224053859710693,-2.189065456390381,-2.874770164489746,-5.406125068664551,-8.782061576843262,-9.602725982666016,-8.887182235717773,-8.236798286437988,-7.805205345153809,-8.732640266418457,-9.516469955444336,-10.347418785095215,-11.00688362121582,-10.219408988952637,-8.561554908752441,-7.666333198547363,-8.103938102722168,-8.934505462646484,-8.701493263244629,-6.940507411956787,-6.468813419342041,-7.277608871459961,-7.6868767738342285,-7.906110763549805,-9.322382926940918,-8.560293197631836,-5.985198497772217,-5.623683452606201,-6.380395412445068,-5.996657848358154
-1.0459727048873901,-1.227953553199768,-0.8689444065093994,-0.6715208888053894,-0.7124472856521606,-0.2592792510986328,-0.9893147349357605,-0.8360186219215393,-1.2495558261871338,-0.808733344078064,-0.058236412703990936,0.7205002903938293,0.6398034691810608,0.4649883806705475,0.3565694987773895,-0.8368708491325378,-3.9465556144714355,-7.906739234924316,-9.760099411010742,-8.275932312011719,-7.1239824295043945,-6.726420879364014,-8.028563499450684,-9.718238830566406,-10.347432136535645,-10.585201263427734,-9.21566104888916,-7.530857086181641,-7.338475704193115,-7.76182222366333,-7.313967227935791,-6.301710605621338,-5.9877190589904785,-6.161635875701904,-6.577253341674805,-7.3281426429748535,-7.885034084320068,-8.814118385314941,-8.093955993652344,-6.421902656555176,-6.449954986572266,-6.659040927886963,-5.617177486419678
