data/wind_data/wind_38_2.json
{"header": {"parameterUnit": "KT", "parameterCategory": 2, "nx": 256, "ny": 198, "lo1": 44.73521041870117, "la1": -3.236724853515625, "lo2": 111.26478576660156, "la2": 43.468475341796875, "dx": 0.2609002888202667, "dy": -0.23708222806453705, "refTime": "2025-02-20 14:00:00", "forecastTime": 0, "parameterNumber": 2, "parameterNumberName": "eastward_wind"}, "data":
[rows 76 to 94 of 198, columns 86 to 128 of 256]
-13.866843223571777,-14.35781478881836,-14.78139877319336,-14.840808868408203,-14.570871353149414,-14.110815048217773,-13.455194473266602,-12.575359344482422,-11.641230583190918,-10.805495262145996,-10.108330726623535,-9.513894081115723,-8.99852180480957,-8.468238830566406,-7.761949062347412,-6.643739700317383,-4.951603412628174,-2.7199316024780273,-0.29221147298812866,1.9307115077972412,3.844454288482666,5.631321430206299,6.9314751625061035,7.018626689910889,6.9815778732299805,5.976888179779053,6.877541542053223,5.903607368469238,-1.4812781810760498,-8.105792999267578,-6.69291353225708,-7.254761695861816,-5.700185298919678,-6.943325042724609,-5.86240291595459,-6.2158331871032715,-5.23939323425293,-6.212428569793701,-5.4963884353637695,-5.3207621574401855,-4.26622200012207,-3.5050344467163086,-4.203934192657471
-13.936763763427734,-14.491854667663574,-14.844887733459473,-14.79446029663086,-14.471821784973145,-14.005659103393555,-13.324298858642578,-12.433155059814453,-11.465301513671875,-10.574542999267578,-9.891741752624512,-9.405067443847656,-9.001703262329102,-8.564308166503906,-7.930967330932617,-6.884974002838135,-5.299574851989746,-3.180603504180908,-0.7281749248504639,1.7159090042114258,3.8284828662872314,5.9940972328186035,7.0433244705200195,6.0606770515441895,5.969392776489258,7.154728889465332,6.666746616363525,1.857457160949707,-6.865384578704834,-6.220353603363037,-6.010975360870361,-6.713665008544922,-5.689260005950928,-6.094831943511963,-4.977205276489258,-4.9407429695129395,-5.181652545928955,-4.767657279968262,-3.420295000076294,-4.342719554901123,-3.4505507946014404,-2.7089595794677734,-5.5802130699157715
-13.837438583374023,-14.381672859191895,-14.720131874084473,-14.74085807800293,-14.498017311096191,-14.03215217590332,-13.314095497131348,-12.409605979919434,-11.421158790588379,-10.455975532531738,-9.665306091308594,-9.098959922790527,-8.703278541564941,-8.416339874267578,-8.0127534866333,-7.16938591003418,-5.705852031707764,-3.6945292949676514,-1.3741421699523926,1.1205403804779053,3.4923977851867676,5.7377238273620605,7.017595291137695,6.203520774841309,6.231927394866943,7.7958149909973145,6.163711071014404,-7.193875789642334,-5.0761308670043945,-5.5344462394714355,-6.531454563140869,-5.064091205596924,-5.629871845245361,-4.8155999183654785,-4.667425632476807,-4.580924034118652,-4.8510613441467285,-5.2247538566589355,-3.651923179626465,-3.624239444732666,-3.01340651512146,-2.2644662857055664,-3.0559442043304443
-13.43415641784668,-13.821544647216797,-14.024842262268066,-14.118913650512695,-14.117363929748535,-13.882329940795898,-13.24176025390625,-12.33250617980957,-11.394725799560547,-10.499797821044922,-9.728286743164062,-9.045775413513184,-8.405577659606934,-7.939274311065674,-7.662041664123535,-7.1788153648376465,-6.04172945022583,-4.183853626251221,-1.9158097505569458,0.522575318813324,3.1217610836029053,5.370008945465088,7.19931697845459,7.303055286407471,6.403104305267334,6.8423590660095215,4.471661567687988,-8.317767143249512,-6.217031002044678,-5.383564472198486,-5.887758731842041,-4.1331024169921875,-4.389097213745117,-4.077792167663574,-4.002837181091309,-3.772773027420044,-4.366787433624268,-4.7702836990356445,-4.65677547454834,-4.279788970947266,-3.9509499073028564,-3.942301034927368,-4.032013416290283
-12.969512939453125,-13.171180725097656,-13.16964340209961,-13.217183113098145,-13.385798454284668,-13.366372108459473,-12.831600189208984,-11.969891548156738,-11.129988670349121,-10.398947715759277,-9.823994636535645,-9.234560012817383,-8.425477027893066,-7.505141258239746,-6.863639831542969,-6.522754192352295,-5.908452033996582,-4.547473430633545,-2.4379847049713135,0.1004677414894104,3.0059149265289307,5.0653276443481445,7.506946086883545,7.018327236175537,6.618951797485352,6.857987403869629,3.072812557220459,-6.837013244628906,-6.649047374725342,-6.227562427520752,-4.244368076324463,-3.912658929824829,-4.093215465545654,-3.712700605392456,-3.796269178390503,-1.9660227298736572,-4.443967342376709,-4.201968669891357,-4.334293842315674,-4.858362197875977,-4.223659992218018,-4.974540710449219,-3.89282488822937
-12.448420524597168,-12.529091835021973,-12.441729545593262,-12.491755485534668,-12.75379467010498,-12.858226776123047,-12.392560005187988,-11.565461158752441,-10.783904075622559,-10.169610977172852,-9.70398998260498,-9.182452201843262,-8.393264770507812,-7.322020530700684,-6.212972164154053,-5.426473617553711,-5.043900489807129,-4.489217281341553,-3.1313421726226807,-0.8270875811576843,2.1869895458221436,4.110658645629883,6.1509552001953125,6.393991947174072,7.241238594055176,5.849879741668701,-1.6474785804748535,-6.610628604888916,-6.011606693267822,-4.061979293823242,-4.674278736114502,-2.761303663253784,-4.604146957397461,-3.9899110794067383,-4.565104007720947,-3.4884989261627197,-3.878490924835205,-2.810886859893799,-3.336895227432251,-2.814816474914551,-2.5972461700439453,-2.883089780807495,-2.853522300720215
-11.67595100402832,-11.697798728942871,-11.668357849121094,-11.837008476257324,-12.210640907287598,-12.463351249694824,-12.187301635742188,-11.478922843933105,-10.713231086730957,-10.041224479675293,-9.490094184875488,-8.916508674621582,-8.164297103881836,-7.201023578643799,-6.025964736938477,-4.819736003875732,-4.034936428070068,-3.7720460891723633,-3.5258681774139404,-2.4747872352600098,-0.22159670293331146,1.7776895761489868,4.112849235534668,6.069170951843262,6.235371112823486,2.9980361461639404,-8.519330978393555,-6.087189674377441,-4.081079483032227,-3.261147975921631,-3.2609641551971436,-1.6194645166397095,-3.0549533367156982,-4.717993259429932,-5.0427937507629395,-4.697661876678467,-3.1239371299743652,-1.7906771898269653,-1.675189733505249,-0.4657834470272064,-0.7492403388023376,-0.13219109177589417,0.3774411082267761
-10.783781051635742,-10.75075912475586,-10.774271965026855,-10.978424072265625,-11.332584381103516,-11.701922416687012,-11.776691436767578,-11.395187377929688,-10.7582368850708,-10.037879943847656,-9.321520805358887,-8.614588737487793,-7.8525567054748535,-7.015634536743164,-5.975497245788574,-4.7499098777771,-3.588834762573242,-2.832467555999756,-3.011153221130371,-3.7042670249938965,-3.41317081451416,-1.7330446243286133,1.0808703899383545,3.793572187423706,3.4082963466644287,0.9292128086090088,-9.313395500183105,-5.760697841644287,-2.890125274658203,-2.646890640258789,-0.7346750497817993,-2.5196831226348877,-1.3272069692611694,-3.2307851314544678,-4.222794055938721,-4.508947372436523,-3.0641047954559326,-3.051985025405884,-1.414223074913025,0.41657429933547974,0.7344545722007751,0.45570459961891174,2.762584924697876
-10.075353622436523,-9.978641510009766,-9.936225891113281,-10.019430160522461,-10.222662925720215,-10.563484191894531,-10.87472915649414,-10.851947784423828,-10.463732719421387,-9.871735572814941,-9.1694974899292,-8.405556678771973,-7.5468339920043945,-6.684030055999756,-5.730501174926758,-4.67090368270874,-3.51938796043396,-2.3195648193359375,-1.8186519145965576,-2.861668348312378,-4.250053882598877,-3.9969053268432617,-2.085841655731201,2.3386194705963135,1.723332166671753,-1.4852803945541382,-6.591585636138916,-3.993645429611206,-3.1639792919158936,-4.149555683135986,-0.9890368580818176,-1.9624242782592773,-0.28895995020866394,-1.4220579862594604,-1.403956413269043,-1.6344780921936035,-0.8102040886878967,-1.5917149782180786,-1.530128836631775,-0.3101208209991455,0.6275436282157898,1.0699774026870728,2.0379836559295654
-9.556605339050293,-9.435077667236328,-9.239458084106445,-9.127731323242188,-9.186481475830078,-9.460960388183594,-9.820049285888672,-9.987101554870605,-9.79624080657959,-9.337759017944336,-8.830595016479492,-8.19591999053955,-7.245190143585205,-6.200137138366699,-5.261656284332275,-4.421365737915039,-3.4655094146728516,-2.3571579456329346,-1.0784177780151367,-0.7519644498825073,-1.78523588180542,-3.063915729522705,-3.422663927078247,1.8671873807907104,2.440570116043091,-1.324343204498291,-4.754318714141846,-3.754615306854248,-0.5203443169593811,-3.771803617477417,0.4696864187717438,-1.5335750579833984,-0.8547317981719971,-1.3141264915466309,-1.153220295906067,-1.3743022680282593,-0.29939553141593933,0.237253338098526,-0.9425143599510193,-0.6596259474754333,-0.9674310684204102,0.7248783111572266,1.3564809560775757
-8.929725646972656,-8.870912551879883,-8.606441497802734,-8.37270736694336,-8.337117195129395,-8.552902221679688,-8.833785057067871,-9.011919021606445,-8.95847225189209,-8.629457473754883,-8.196992874145508,-7.662057399749756,-6.729143142700195,-5.542400360107422,-4.5984601974487305,-3.9728376865386963,-3.30157470703125,-2.5197930335998535,-1.2421127557754517,0.22916319966316223,0.5201070308685303,-1.0984394550323486,-2.944711446762085,0.6642845869064331,3.8705503940582275,-0.6042386293411255,-9.395793914794922,-4.454306125640869,-3.8749492168426514,-2.453429937362671,-1.5330727100372314,-2.0658557415008545,-1.370664358139038,-0.7259606122970581,0.15531016886234283,0.4129005968570709,-0.7176786065101624,0.0010447431122884154,0.8149445652961731,1.3447351455688477,1.1779340505599976,2.0981571674346924,1.6580840349197388
-7.978766441345215,-7.936619281768799,-7.691651821136475,-7.508101940155029,-7.542257785797119,-7.80589485168457,-7.993968486785889,-7.972651481628418,-7.898026466369629,-7.7510151863098145,-7.30040168762207,-6.665342807769775,-5.901559352874756,-4.7293877601623535,-3.7649385929107666,-3.307300567626953,-2.888756036758423,-2.2442171573638916,-1.4371309280395508,0.05522751808166504,0.8429744839668274,-0.6009886860847473,-3.011324644088745,-0.10612515360116959,4.03085994720459,-3.012385129928589,-10.6050386428833,-5.348079681396484,-4.847992897033691,-3.0090367794036865,-2.0705859661102295,-0.8192947506904602,-2.148563861846924,-0.43555131554603577,-0.008228959515690804,0.38407471776008606,-1.7305548191070557,0.08370755612850189,1.8516414165496826,1.9926317930221558,1.6217374801635742,3.197359085083008,3.775883436203003
-6.912168979644775,-6.70039701461792,-6.389736652374268,-6.2614240646362305,-6.447453022003174,-6.861337661743164,-7.168268203735352,-7.158965110778809,-6.991887092590332,-6.743556976318359,-6.1486921310424805,-5.252774238586426,-4.6728010177612305,-3.7077014446258545,-2.844456195831299,-2.57706618309021,-2.3045270442962646,-1.4705393314361572,-0.9657379388809204,-0.1570960432291031,0.2644409239292145,-1.521309733390808,-3.4893746376037598,-0.11887653917074203,1.4491956233978271,-5.366397380828857,-10.228978157043457,-6.468842506408691,-4.409970760345459,-2.539097547531128,-1.3145089149475098,-0.018849419429898262,-2.0060391426086426,0.24379737675189972,-0.04816196858882904,0.7073864936828613,-1.0004489421844482,0.5789485573768616,2.469435214996338,2.577601194381714,2.659200668334961,2.6765143871307373,4.127449989318848
-5.895210266113281,-5.422495365142822,-4.971627712249756,-4.8098931312561035,-5.026470184326172,-5.52583646774292,-6.0613627433776855,-6.3371148109436035,-6.246556758880615,-5.786200523376465,-5.062169075012207,-3.940612316131592,-2.9662232398986816,-2.000537157058716,-1.6484525203704834,-1.8127622604370117,-1.603234887123108,-0.5506002306938171,0.1618758738040924,0.3349508047103882,0.07426796108484268,-1.6169943809509277,-2.6183876991271973,-1.561423420906067,-3.002537965774536,-7.784653186798096,-9.148533821105957,-7.317319869995117,-4.768990993499756,-2.4483723640441895,-0.7214356064796448,-0.20295004546642303,-1.729386568069458,0.26085591316223145,-0.3640873432159424,0.5545622706413269,-0.5995980501174927,1.4041310548782349,2.9580800533294678,2.8656134605407715,2.7071478366851807,3.0503690242767334,4.742386341094971
-4.8813886642456055,-4.180321216583252,-3.587350606918335,-3.3325271606445312,-3.4873809814453125,-4.031588077545166,-4.681149005889893,-5.06180477142334,-5.002355098724365,-4.523547649383545,-3.8846042156219482,-3.1360061168670654,-1.2810815572738647,0.5261698961257935,0.059296999126672745,-0.9134349226951599,-0.6688694357872009,0.2536720335483551,1.401768445968628,1.6398382186889648,0.8818454146385193,-0.49071335792541504,-2.0672523975372314,-2.968282699584961,-4.877336025238037,-5.338125228881836,-7.118566036224365,-7.6958699226379395,-4.138720512390137,-3.5612618923187256,-1.4808095693588257,-0.6211292147636414,-0.9516965746879578,1.0462186336517334,0.22280532121658325,1.3802751302719116,0.2888656258583069,1.9445595741271973,3.353238105773926,3.6487717628479004,3.637331247329712,3.8689615726470947,4.743893146514893
-3.688952922821045,-2.904094696044922,-2.288728713989258,-1.9776561260223389,-2.0642735958099365,-2.5805463790893555,-3.1872174739837646,-3.4620320796966553,-3.3119723796844482,-2.8362009525299072,-2.1974565982818604,-2.1004014015197754,-0.6334373950958252,2.70340895652771,2.1543567180633545,0.24777168035507202,0.38273853063583374,0.7520476579666138,1.667751669883728,2.7993369102478027,2.0798332691192627,-0.3364405333995819,-2.278834819793701,-2.8832719326019287,-2.9413535594940186,-3.0101001262664795,-4.300832748413086,-6.510541915893555,-3.391831398010254,-2.8970019817352295,-1.664321780204773,-0.6719849109649658,-0.21298032999038696,1.586118221282959,1.255932331085205,1.2491389513015747,1.0541765689849854,2.4136903285980225,3.9733033180236816,5.610012531280518,5.375600337982178,4.5361504554748535,5.002556324005127
-2.311701536178589,-1.564470648765564,-1.005144715309143,-0.7373916506767273,-0.8478670120239258,-1.2907909154891968,-1.6960382461547852,-1.8044813871383667,-1.5845322608947754,-1.1585135459899902,-0.7262962460517883,-0.6844788193702698,-0.17167024314403534,3.079927444458008,4.396091938018799,2.001460313796997,1.5139060020446777,1.0503343343734741,0.4584861099720001,2.4453985691070557,2.806082248687744,0.2690396010875702,-2.0353453159332275,-1.6170954704284668,-1.1187251806259155,-1.728834629058838,-2.176578998565674,-4.681551456451416,-2.789168119430542,-1.86313796043396,-1.0083940029144287,0.4864141345024109,1.25291907787323,2.216010570526123,2.287447690963745,1.8794337511062622,1.4366205930709839,3.1649138927459717,4.512844085693359,6.350652694702148,7.199101448059082,5.539083957672119,5.291601181030273
-1.0495306253433228,-0.39342981576919556,0.10050453990697861,0.3027682602405548,0.1372930109500885,-0.2908197343349457,-0.48250797390937805,-0.46111857891082764,-0.20590820908546448,0.04512981325387955,0.14678318798542023,0.9388102293014526,1.7036738395690918,3.6086249351501465,6.421925067901611,4.523831844329834,2.494797468185425,0.7531410455703735,-1.2845836877822876,0.7922516465187073,2.3434789180755615,0.8118939399719238,-1.6825170516967773,0.3543223440647125,1.6131508350372314,0.06327398121356964,-0.05777144432067871,-1.1008317470550537,-1.3699651956558228,-0.7913522720336914,0.3728228211402893,2.149113893508911,3.3079257011413574,4.494974136352539,4.405039310455322,2.8780133724212646,2.288663864135742,3.729769229888916,5.0881667137146,7.675146102905273,9.889406204223633,7.268299579620361,4.902710437774658
-0.45085257291793823,0.09762882441282272,0.5091201663017273,0.654112696647644,0.4392296075820923,-0.038712725043296814,-0.13714078068733215,-0.14761579036712646,-0.06181155890226364,-0.12944389879703522,0.297252893447876,1.788464069366455,4.320535182952881,5.433182716369629,6.237374305725098,4.880812644958496,2.146848678588867,-0.27873286604881287,-2.4862420558929443,-0.1709984540939331,0.9416512846946716,1.3666980266571045,-0.026618776842951775,2.0927772521972656,3.4693315029144287,2.2275822162628174,1.9168061017990112,1.4796103239059448,0.8832491040229797,0.6753616333007812,2.171828508377075,3.854701280593872,5.050471782684326,7.296303749084473,6.825286865234375,3.752183198928833,2.974687337875366,4.56830358505249,5.678946018218994,8.750150680541992,11.046663284301758,10.222887992858887,6.713860034942627
