data/wind_data/wind_69_5.json
{"header": {"parameterUnit": "KT", "parameterCategory": 2, "nx": 256, "ny": 198, "lo1": 44.73521041870117, "la1": -3.236724853515625, "lo2": 111.26478576660156, "la2": 43.468475341796875, "dx": 0.2609002888202667, "dy": -0.23708222806453705, "refTime": "2025-02-21 21:00:00", "forecastTime": 0, "parameterNumber": 2, "parameterNumberName": "eastward_wind"}, "data":
[rows 76 to 94 of 198, columns 0 to 43 of 256]
20.942134857177734,20.982473373413086,21.391780853271484,20.98887062072754,20.310453414916992,20.949344635009766,20.65566062927246,19.42654037475586,17.91456413269043,16.90443992614746,15.877758026123047,14.945318222045898,14.513326644897461,14.489144325256348,14.535683631896973,15.2874174118042,15.94433879852295,15.634424209594727,14.857084274291992,15.471226692199707,17.346479415893555,18.393991470336914,17.630977630615234,15.885527610778809,14.556951522827148,14.465003967285156,13.962165832519531,12.936285972595215,12.06713581085205,11.350893020629883,11.250799179077148,11.37074089050293,11.33205509185791,11.33210277557373,11.701761245727539,12.345419883728027,12.734254837036133,12.778085708618164,12.680954933166504,12.707630157470703,12.834555625915527,12.902339935302734,12.755531311035156,12.492376327514648
22.24437713623047,22.682605743408203,23.04352378845215,22.28293228149414,21.5471134185791,22.050294876098633,21.49764633178711,19.622859954833984,17.904396057128906,16.91495704650879,16.193378448486328,15.608612060546875,15.458475112915039,15.843279838562012,16.098125457763672,17.018157958984375,17.473249435424805,17.555068969726562,17.256383895874023,18.161102294921875,20.192020416259766,21.026241302490234,20.146869659423828,18.47749137878418,16.911314010620117,16.35079574584961,16.327003479003906,15.993837356567383,15.371454238891602,14.699773788452148,14.531903266906738,14.342223167419434,13.5059814453125,12.3665771484375,11.672207832336426,11.82116413116455,12.452744483947754,12.903989791870117,12.766023635864258,12.628378868103027,12.850385665893555,13.185430526733398,13.405807495117188,13.319451332092285
23.01024055480957,24.555400848388672,24.537578582763672,23.02191162109375,22.46772003173828,23.18597412109375,22.418851852416992,20.30547523498535,18.49156951904297,17.511978149414062,17.032861709594727,16.726850509643555,16.552249908447266,16.573755264282227,16.4307861328125,16.630578994750977,17.961952209472656,19.356361389160156,19.98164176940918,21.198532104492188,22.530475616455078,22.387849807739258,20.996685028076172,19.911434173583984,19.205724716186523,18.49386215209961,18.160274505615234,18.210954666137695,18.037059783935547,17.55612564086914,17.27919578552246,17.186607360839844,16.826114654541016,15.755162239074707,14.101517677307129,12.41887378692627,11.674982070922852,11.934754371643066,12.650598526000977,13.043954849243164,13.140798568725586,13.26286506652832,13.526585578918457,13.674452781677246
23.091442108154297,25.735702514648438,25.63921546936035,24.20188331604004,23.22422981262207,23.548494338989258,23.077686309814453,21.58252716064453,20.042314529418945,19.05101776123047,18.415912628173828,17.76036262512207,17.091136932373047,16.729549407958984,16.85051727294922,17.43889045715332,18.621530532836914,20.275562286376953,21.82252311706543,23.241025924682617,23.887271881103516,22.796905517578125,20.926795959472656,20.246896743774414,20.535192489624023,20.501314163208008,20.037939071655273,19.65773582458496,19.26617431640625,18.566373825073242,17.74566078186035,17.057697296142578,16.65684700012207,16.36799430847168,15.955490112304688,14.882094383239746,13.174433708190918,11.944694519042969,12.75722599029541,13.97430419921875,14.068180084228516,13.801389694213867,14.043562889099121,14.510528564453125
23.383499145507812,25.04012680053711,25.403820037841797,25.037845611572266,23.9372615814209,23.64253044128418,23.402170181274414,22.658857345581055,21.721559524536133,21.043790817260742,20.461082458496094,19.391206741333008,18.12215805053711,17.746980667114258,18.45737075805664,19.10357093811035,19.44195556640625,20.25555992126465,21.523788452148438,22.29549789428711,22.831798553466797,22.549428939819336,21.59061622619629,21.13440704345703,21.51584815979004,21.736427307128906,21.256847381591797,20.411535263061523,19.53069496154785,18.613706588745117,17.672670364379883,16.871137619018555,16.329370498657227,15.878266334533691,15.248649597167969,14.606986999511719,13.856653213500977,13.484111785888672,14.089760780334473,14.888448715209961,14.782876968383789,13.428548812866211,13.002392768859863,14.14065170288086
25.372013092041016,26.412643432617188,26.288711547851562,25.802339553833008,24.865808486938477,24.174150466918945,23.683799743652344,23.34916877746582,23.237960815429688,23.272357940673828,22.861948013305664,21.720184326171875,20.39529037475586,19.90985870361328,20.349695205688477,20.656482696533203,20.26505470275879,19.812095642089844,19.707523345947266,20.479141235351562,21.50237464904785,21.99524688720703,22.065168380737305,21.90155029296875,21.737510681152344,21.684839248657227,21.443082809448242,20.71355628967285,19.627836227416992,18.575090408325195,17.669189453125,16.73395347595215,15.953641891479492,15.382734298706055,14.75191593170166,14.009869575500488,13.177620887756348,12.7200927734375,13.04802131652832,13.540111541748047,13.90867805480957,14.09115982055664,13.273086547851562,13.407166481018066
28.108972549438477,28.889892578125,28.26019287109375,26.987855911254883,26.261947631835938,25.432424545288086,24.259645462036133,23.594097137451172,23.90896224975586,24.684066772460938,25.02092170715332,24.459983825683594,23.52552604675293,22.873720169067383,22.575942993164062,22.19316864013672,21.338518142700195,20.154191970825195,19.232933044433594,19.344425201416016,21.135997772216797,21.73597526550293,21.784164428710938,22.008615493774414,21.79430389404297,21.17266845703125,20.735244750976562,20.27013397216797,19.389484405517578,18.33438491821289,17.365530014038086,16.21906089782715,14.99454116821289,14.279585838317871,14.086148262023926,13.807660102844238,13.275599479675293,12.698341369628906,12.661904335021973,12.878046989440918,13.362061500549316,13.958174705505371,14.259217262268066,13.929166793823242
29.807947158813477,30.536693572998047,30.319196701049805,29.302600860595703,28.03339958190918,26.80084800720215,25.04266357421875,23.614620208740234,23.633102416992188,24.684307098388672,25.957368850708008,26.57210922241211,26.261486053466797,25.493087768554688,24.65593147277832,23.731121063232422,22.624317169189453,21.353374481201172,20.26898956298828,19.743846893310547,21.30166244506836,22.460025787353516,22.01087760925293,21.594022750854492,21.507080078125,21.046913146972656,20.435571670532227,19.833637237548828,18.945932388305664,17.79518699645996,16.483394622802734,15.140323638916016,14.062446594238281,13.434410095214844,13.222336769104004,12.952775955200195,12.915624618530273,13.093746185302734,13.250113487243652,13.192047119140625,13.156573295593262,13.620354652404785,14.225271224975586,14.80974006652832
30.909385681152344,31.804197311401367,32.355133056640625,32.29686737060547,30.423904418945312,28.3889217376709,26.248249053955078,24.033092498779297,23.007551193237305,23.570402145385742,24.876283645629883,26.126840591430664,26.578144073486328,26.13734245300293,25.41621971130371,24.7741641998291,24.06322479248047,23.044795989990234,21.902225494384766,21.141347885131836,21.518508911132812,23.273897171020508,23.476015090942383,22.27534294128418,21.3905086517334,21.1796817779541,20.81551742553711,19.973007202148438,18.912015914916992,17.641542434692383,15.823334693908691,14.081600189208984,13.198471069335938,12.87100601196289,12.579985618591309,12.171319961547852,12.150945663452148,12.875094413757324,14.155843734741211,14.559805870056152,13.964872360229492,13.575993537902832,13.952410697937012,14.509068489074707
31.951091766357422,32.86345672607422,33.466087341308594,33.4755744934082,31.99295425415039,30.026199340820312,28.016237258911133,25.359695434570312,22.867473602294922,21.99244499206543,22.58492660522461,23.600147247314453,24.512128829956055,24.913753509521484,24.937946319580078,25.01782989501953,25.054065704345703,24.608104705810547,23.543014526367188,22.43869972229004,22.015352249145508,23.15335464477539,24.385154724121094,23.899036407470703,22.404949188232422,21.559423446655273,21.315696716308594,20.456789016723633,19.032705307006836,17.66746711730957,16.075214385986328,14.423684120178223,13.578019142150879,13.342333793640137,12.857568740844727,11.939695358276367,11.842348098754883,12.61690902709961,14.29085636138916,15.521167755126953,15.634673118591309,14.866838455200195,14.507476806640625,14.506672859191895
32.99140548706055,33.342750549316406,33.40796661376953,32.716976165771484,31.49416160583496,30.272075653076172,28.850360870361328,26.734981536865234,23.98005485534668,21.831344604492188,21.305194854736328,21.759111404418945,22.44390869140625,23.27468490600586,24.043745040893555,24.71149253845215,25.27806854248047,25.459989547729492,25.01384735107422,24.021381378173828,23.17485809326172,23.315040588378906,24.27780532836914,24.583389282226562,23.613895416259766,22.374801635742188,21.692670822143555,20.848051071166992,19.295137405395508,17.787445068359375,16.51357650756836,15.174408912658691,14.221332550048828,13.724969863891602,12.954798698425293,11.400045394897461,11.393603324890137,12.760180473327637,14.443695068359375,15.678802490234375,16.20941734313965,16.102516174316406,15.743637084960938,15.352439880371094
34.37136459350586,33.12413024902344,32.14547348022461,31.035324096679688,29.8543701171875,29.097646713256836,28.1513729095459,26.821401596069336,24.926555633544922,22.603055953979492,21.098350524902344,20.86865234375,21.271818161010742,22.074039459228516,23.16358757019043,24.206157684326172,25.051616668701172,25.5821590423584,25.74099349975586,25.455276489257812,24.878028869628906,24.444366455078125,24.481563568115234,24.73117446899414,24.40718650817871,23.31707763671875,22.22297477722168,21.011859893798828,19.378416061401367,18.0502986907959,17.020103454589844,15.318361282348633,13.656878471374512,13.110992431640625,12.890275001525879,11.893965721130371,11.617368698120117,13.217883110046387,14.941861152648926,16.04593849182129,16.4056339263916,16.556726455688477,16.41441535949707,15.9649019241333
35.486026763916016,32.52350616455078,30.28430938720703,28.834611892700195,27.390949249267578,26.91474723815918,26.536279678344727,25.635570526123047,24.248689651489258,22.400920867919922,20.675933837890625,19.93757438659668,20.208608627319336,21.0686092376709,22.22170639038086,23.351377487182617,24.295862197875977,25.017431259155273,25.494415283203125,25.733081817626953,25.711713790893555,25.461013793945312,25.18964958190918,25.26313018798828,25.333314895629883,24.607378005981445,23.30370330810547,21.71346092224121,19.93207359313965,18.485197067260742,17.391189575195312,15.741830825805664,14.122597694396973,13.685446739196777,14.108633041381836,13.76644229888916,12.583377838134766,13.563333511352539,15.261415481567383,16.372339248657227,16.539079666137695,16.45509910583496,16.24190330505371,15.95648193359375
34.4499397277832,30.595138549804688,27.979551315307617,26.547012329101562,24.690425872802734,24.440547943115234,24.6879825592041,23.92616844177246,22.40589141845703,20.915796279907227,19.706069946289062,19.100997924804688,19.305519104003906,20.12360191345215,21.224851608276367,22.31732177734375,23.317996978759766,24.22758674621582,24.881635665893555,25.31229591369629,25.580427169799805,25.502429962158203,25.13676643371582,25.182262420654297,25.822921752929688,25.814916610717773,24.6572208404541,23.11835479736328,21.534250259399414,20.137746810913086,19.15300941467285,17.88827896118164,16.09193229675293,15.018759727478027,15.037055969238281,14.939775466918945,13.869860649108887,13.878669738769531,15.333699226379395,16.56491470336914,16.802766799926758,16.422683715820312,16.027572631835938,16.023906707763672
31.915624618530273,28.046937942504883,25.539325714111328,24.34881591796875,22.323434829711914,22.233627319335938,22.837297439575195,22.24254035949707,20.61469268798828,19.15020179748535,18.44961166381836,18.348386764526367,18.63679313659668,19.308229446411133,20.2862548828125,21.35284423828125,22.467727661132812,23.48685646057129,24.19759178161621,24.63834571838379,24.958898544311523,24.971595764160156,24.544269561767578,24.348085403442383,25.079811096191406,25.757579803466797,25.283048629760742,24.07271957397461,22.931564331054688,21.89621353149414,20.85449981689453,19.792949676513672,18.599945068359375,17.368656158447266,16.394458770751953,15.750494003295898,15.216530799865723,14.73710823059082,15.62274169921875,17.075416564941406,17.63802146911621,17.19402503967285,16.59992027282715,16.639406204223633
29.234743118286133,25.45758819580078,23.063079833984375,22.035146713256836,20.138893127441406,20.07755470275879,20.79555320739746,20.606964111328125,19.308853149414062,17.81023406982422,16.99427032470703,17.047531127929688,17.606142044067383,18.395158767700195,19.334442138671875,20.422996520996094,21.649860382080078,22.79685401916504,23.527141571044922,23.913490295410156,24.253591537475586,24.405885696411133,24.149728775024414,23.84212303161621,24.285240173339844,25.19784164428711,25.300167083740234,24.358009338378906,23.172361373901367,22.386428833007812,21.755104064941406,20.964616775512695,20.197479248046875,19.621706008911133,18.851947784423828,17.692367553710938,16.612199783325195,16.059476852416992,16.45844078063965,17.7904109954834,18.923166275024414,18.982675552368164,18.409446716308594,18.230958938598633
26.40761375427246,22.791603088378906,20.493785858154297,19.540937423706055,18.073570251464844,18.226713180541992,19.01702117919922,19.203899383544922,18.411304473876953,17.029211044311523,15.852760314941406,15.581847190856934,16.125577926635742,17.047359466552734,18.119840621948242,19.364952087402344,20.728153228759766,22.080127716064453,23.038352966308594,23.47037696838379,23.75876808166504,23.98777961730957,23.9509334564209,23.829111099243164,24.05177879333496,24.82208251953125,25.30717658996582,24.781885147094727,23.447446823120117,22.127368927001953,21.539737701416016,21.370779037475586,21.064796447753906,20.635740280151367,20.312171936035156,19.845746994018555,18.8875675201416,17.964248657226562,17.83028221130371,18.785551071166992,20.13581657409668,20.758914947509766,20.516639709472656,20.322568893432617
24.34217643737793,21.18202781677246,19.104827880859375,18.17526626586914,16.91482925415039,17.202680587768555,17.989852905273438,18.271377563476562,17.850399017333984,16.848474502563477,15.68561840057373,15.040572166442871,15.15976333618164,15.915228843688965,17.090383529663086,18.531490325927734,20.0150146484375,21.475831985473633,22.728252410888672,23.43231201171875,23.75428009033203,23.9505615234375,23.93601417541504,23.85707664489746,24.08759117126465,24.730182647705078,25.323171615600586,25.21879005432129,24.153249740600586,22.57284164428711,21.357261657714844,21.11971092224121,21.237926483154297,20.964292526245117,20.62510108947754,20.672607421875,20.763015747070312,20.410137176513672,19.977994918823242,20.369157791137695,21.467227935791016,22.25006675720215,22.269685745239258,22.204776763916016
22.929414749145508,20.562332153320312,18.90345001220703,17.936315536499023,16.671567916870117,16.827392578125,17.457740783691406,17.620929718017578,17.385515213012695,16.946508407592773,16.372835159301758,15.830670356750488,15.609103202819824,15.961759567260742,16.93979835510254,18.343765258789062,19.80741310119629,21.198240280151367,22.45857048034668,23.380144119262695,23.949121475219727,24.267210006713867,24.285259246826172,24.15129852294922,24.307886123657227,24.89521026611328,25.5401554107666,25.713518142700195,25.075475692749023,23.762088775634766,22.340438842773438,21.420270919799805,21.241308212280273,21.031963348388672,20.630632400512695,20.71980094909668,21.427204132080078,22.060348510742188,22.17565155029297,22.304330825805664,22.928695678710938,23.63343048095703,23.933349609375,24.05790901184082
