data/wind_data/wind_68_2.json
{"header": {"parameterUnit": "KT", "parameterCategory": 2, "nx": 256, "ny": 198, "lo1": 44.73521041870117, "la1": -3.236724853515625, "lo2": 111.26478576660156, "la2": 43.468475341796875, "dx": 0.2609002888202667, "dy": -0.23708222806453705, "refTime": "2025-02-21 20:00:00", "forecastTime": 0, "parameterNumber": 2, "parameterNumberName": "eastward_wind"}, "data":
[rows 19 to 37 of 198, columns 86 to 128 of 256]
-12.656131744384766,-12.407833099365234,-11.603520393371582,-11.517365455627441,-13.283857345581055,-14.335163116455078,-13.152971267700195,-11.233116149902344,-9.776185035705566,-8.525397300720215,-8.245231628417969,-8.27231216430664,-9.226726531982422,-8.596648216247559,-7.472084045410156,-7.466469764709473,-8.106223106384277,-8.4690523147583,-8.713038444519043,-8.65285587310791,-8.315966606140137,-9.782004356384277,-10.618036270141602,-9.916817665100098,-11.20667839050293,-11.187438011169434,-8.421814918518066,-13.223065376281738,-16.741910934448242,-9.526572227478027,-7.6769633293151855,-7.7612385749816895,-9.920659065246582,-11.622589111328125,-12.96121883392334,-13.495195388793945,-13.82359504699707,-13.778985023498535,-13.247888565063477,-12.258949279785156,-11.711174011230469,-11.1001615524292,-11.321377754211426
-14.353859901428223,-12.875407218933105,-12.246525764465332,-13.408013343811035,-14.753435134887695,-13.929945945739746,-11.64955997467041,-9.791296005249023,-9.725444793701172,-10.782331466674805,-9.53328800201416,-8.279623985290527,-8.267041206359863,-8.003786087036133,-8.090206146240234,-8.821405410766602,-9.036882400512695,-9.038716316223145,-9.991907119750977,-9.912178039550781,-8.954704284667969,-8.625120162963867,-9.328322410583496,-10.3660306930542,-10.623846054077148,-9.875774383544922,-9.654838562011719,-12.327461242675781,-14.025945663452148,-12.512933731079102,-9.359387397766113,-7.191368103027344,-10.27158260345459,-12.72154712677002,-13.067737579345703,-13.446486473083496,-14.13287353515625,-14.502312660217285,-13.488876342773438,-13.051786422729492,-12.866021156311035,-12.77673053741455,-11.99977970123291
-15.296568870544434,-13.969687461853027,-13.406033515930176,-14.087940216064453,-13.861883163452148,-12.261591911315918,-10.87263011932373,-9.62109375,-8.703068733215332,-9.077723503112793,-7.883487224578857,-7.370469570159912,-6.994734764099121,-7.511749267578125,-9.483455657958984,-9.72513484954834,-8.932743072509766,-8.792790412902832,-10.194231986999512,-10.658180236816406,-9.892184257507324,-8.505961418151855,-8.134286880493164,-9.955164909362793,-10.849251747131348,-10.212915420532227,-10.215795516967773,-10.627202033996582,-10.7549467086792,-11.996373176574707,-10.560375213623047,-7.065299987792969,-10.152068138122559,-12.277904510498047,-12.351163864135742,-13.73230266571045,-14.804581642150879,-15.601777076721191,-15.14463996887207,-14.124780654907227,-12.461942672729492,-11.74300479888916,-12.241320610046387
-13.440394401550293,-13.066155433654785,-13.925089836120605,-13.960906028747559,-13.040422439575195,-11.538289070129395,-10.593307495117188,-10.301933288574219,-9.672271728515625,-9.06436538696289,-8.734516143798828,-7.6880879402160645,-7.752620697021484,-8.316973686218262,-9.235306739807129,-9.082772254943848,-9.24334716796875,-9.363344192504883,-9.82405948638916,-10.564051628112793,-10.112545013427734,-8.56442642211914,-9.059425354003906,-10.906004905700684,-10.176847457885742,-9.00917911529541,-10.770061492919922,-10.570839881896973,-8.21182632446289,-9.272307395935059,-10.45410442352295,-9.13847827911377,-8.96353816986084,-11.31121826171875,-13.432124137878418,-14.986377716064453,-15.513187408447266,-15.007162094116211,-14.537964820861816,-13.765257835388184,-12.437784194946289,-11.966797828674316,-11.98422908782959
-11.758155822753906,-11.778185844421387,-13.060726165771484,-12.233464241027832,-12.037817001342773,-11.639752388000488,-10.093317031860352,-9.321955680847168,-10.013800621032715,-11.077008247375488,-9.990466117858887,-8.377851486206055,-9.245851516723633,-10.211329460144043,-8.501635551452637,-7.868803024291992,-9.635830879211426,-9.738323211669922,-9.531835556030273,-10.437254905700684,-10.655516624450684,-9.934666633605957,-10.649422645568848,-11.301520347595215,-9.914810180664062,-8.404662132263184,-8.510836601257324,-9.616960525512695,-9.921191215515137,-8.917524337768555,-10.650280952453613,-10.674544334411621,-8.74136734008789,-11.342981338500977,-15.430435180664062,-15.672738075256348,-15.585286140441895,-16.28857421875,-16.988399505615234,-15.406454086303711,-12.9773588180542,-12.344239234924316,-12.671428680419922
-12.844706535339355,-12.819978713989258,-12.330044746398926,-12.072914123535156,-12.204533576965332,-12.04605770111084,-10.785542488098145,-9.90024185180664,-11.394963264465332,-10.824993133544922,-10.721102714538574,-12.166779518127441,-11.823917388916016,-10.443634033203125,-8.414081573486328,-7.820481300354004,-9.462142944335938,-9.544598579406738,-9.77810287475586,-10.27133846282959,-10.97896957397461,-11.39238166809082,-11.357206344604492,-10.25332260131836,-9.49278450012207,-9.394311904907227,-8.62628173828125,-8.349199295043945,-9.372091293334961,-11.625617027282715,-11.92609691619873,-10.071533203125,-10.587074279785156,-14.103495597839355,-15.038681030273438,-14.833003044128418,-16.464197158813477,-18.411645889282227,-18.334402084350586,-15.51382827758789,-12.524928092956543,-12.900213241577148,-15.967726707458496
-13.569920539855957,-13.577091217041016,-13.0885009765625,-13.376651763916016,-12.772046089172363,-12.251496315002441,-12.77995491027832,-12.55466365814209,-10.252433776855469,-9.045333862304688,-13.031110763549805,-13.731431007385254,-10.473381996154785,-9.306075096130371,-8.988059043884277,-9.32706069946289,-8.544733047485352,-8.10404109954834,-9.346056938171387,-10.286654472351074,-10.641031265258789,-11.244832992553711,-11.569092750549316,-10.150437355041504,-8.494086265563965,-8.457709312438965,-9.482348442077637,-9.890597343444824,-11.224928855895996,-12.959687232971191,-11.493302345275879,-10.292234420776367,-12.882122993469238,-15.20830249786377,-14.241756439208984,-14.796892166137695,-17.793811798095703,-18.291162490844727,-15.756315231323242,-13.399096488952637,-13.66348648071289,-16.96689796447754,-17.140954971313477
-12.281580924987793,-13.449519157409668,-14.094146728515625,-13.630546569824219,-13.115474700927734,-13.164166450500488,-13.016253471374512,-12.550630569458008,-10.529424667358398,-10.38972282409668,-13.228988647460938,-10.51891803741455,-8.929308891296387,-10.133505821228027,-11.128273963928223,-11.308144569396973,-9.803182601928711,-8.109214782714844,-8.635522842407227,-9.993352890014648,-10.242639541625977,-11.666592597961426,-11.527936935424805,-9.181022644042969,-7.089808940887451,-7.641726970672607,-9.911223411560059,-11.252720832824707,-12.040701866149902,-10.97403335571289,-10.194768905639648,-11.384320259094238,-13.316662788391113,-14.768230438232422,-14.927061080932617,-14.858220100402832,-16.80670928955078,-16.946754455566406,-14.81205940246582,-12.735363960266113,-14.21813678741455,-20.37390899658203,-19.069881439208984
-13.319294929504395,-14.045851707458496,-13.824129104614258,-13.820520401000977,-12.895133018493652,-12.299846649169922,-12.15283203125,-12.244946479797363,-12.435799598693848,-13.233160972595215,-11.902070045471191,-10.443814277648926,-10.612658500671387,-11.846346855163574,-12.967422485351562,-12.860690116882324,-11.791961669921875,-10.015438079833984,-9.194729804992676,-9.505560874938965,-10.162934303283691,-11.286637306213379,-10.350800514221191,-8.4082612991333,-7.6927876472473145,-8.690075874328613,-10.256847381591797,-10.181763648986816,-9.53538990020752,-9.732560157775879,-11.025605201721191,-12.722515106201172,-12.494492530822754,-12.100995063781738,-14.70541000366211,-15.190309524536133,-14.791158676147461,-17.11771011352539,-17.07503318786621,-14.18953800201416,-14.434304237365723,-19.20606231689453,-20.525922775268555
-14.424205780029297,-14.72410774230957,-13.71330451965332,-14.334054946899414,-13.466302871704102,-13.085126876831055,-14.302140235900879,-14.876664161682129,-14.2849702835083,-12.663586616516113,-11.406229972839355,-12.025481224060059,-12.548789024353027,-11.531606674194336,-12.53905200958252,-14.047568321228027,-14.63221263885498,-14.556746482849121,-13.123577117919922,-11.326935768127441,-12.15256118774414,-12.630322456359863,-11.19472599029541,-10.19529914855957,-10.734341621398926,-10.558573722839355,-10.21061897277832,-9.982245445251465,-9.925934791564941,-10.18812084197998,-11.068392753601074,-12.931093215942383,-12.337089538574219,-9.523933410644531,-13.05769157409668,-15.811355590820312,-13.303032875061035,-15.653255462646484,-17.906047821044922,-17.35674476623535,-17.278656005859375,-17.177663803100586,-17.268451690673828
-14.189849853515625,-13.394475936889648,-12.691866874694824,-14.652910232543945,-13.920560836791992,-13.45386791229248,-15.775777816772461,-14.178735733032227,-11.99195384979248,-12.43809700012207,-12.651403427124023,-12.79224967956543,-12.12651252746582,-11.361363410949707,-11.249467849731445,-14.466268539428711,-17.354833602905273,-16.729211807250977,-15.522162437438965,-14.914251327514648,-15.58787727355957,-16.05144500732422,-14.403203964233398,-13.023822784423828,-12.555126190185547,-12.502264976501465,-12.019258499145508,-10.519891738891602,-10.0518217086792,-10.297024726867676,-10.741211891174316,-11.61935043334961,-11.567293167114258,-11.18848705291748,-13.019892692565918,-13.8648681640625,-14.277708053588867,-16.359012603759766,-18.089990615844727,-18.33632469177246,-16.788759231567383,-15.200910568237305,-14.955430030822754
-14.946834564208984,-11.182893753051758,-11.037405014038086,-13.871521949768066,-14.478860855102539,-11.905019760131836,-12.997347831726074,-12.52946949005127,-11.391463279724121,-12.317035675048828,-13.276623725891113,-11.986323356628418,-11.221501350402832,-11.283357620239258,-11.137052536010742,-13.145547866821289,-14.863571166992188,-15.854330062866211,-16.36137580871582,-17.195873260498047,-17.934288024902344,-16.77555274963379,-14.78222370147705,-12.896431922912598,-12.136131286621094,-12.504327774047852,-12.469474792480469,-10.40513801574707,-8.72000503540039,-8.970690727233887,-9.80187702178955,-10.86343002319336,-10.935100555419922,-12.736855506896973,-13.325550079345703,-13.032242774963379,-13.969788551330566,-14.685810089111328,-15.916524887084961,-17.47783851623535,-17.028133392333984,-15.44314193725586,-15.159823417663574
-13.554216384887695,-11.493154525756836,-12.215535163879395,-15.124563217163086,-14.80569076538086,-12.415042877197266,-14.226335525512695,-13.50347900390625,-12.193605422973633,-10.323871612548828,-12.3629789352417,-12.491226196289062,-11.602821350097656,-11.469810485839844,-10.851075172424316,-12.56801700592041,-13.493913650512695,-11.444908142089844,-13.134639739990234,-16.861461639404297,-14.96242904663086,-12.381567001342773,-10.24062728881836,-8.589035987854004,-8.002748489379883,-10.134397506713867,-12.71478271484375,-13.374711990356445,-11.491744041442871,-9.743352890014648,-10.357600212097168,-11.297798156738281,-10.847256660461426,-10.141108512878418,-13.112724304199219,-13.977434158325195,-12.65315055847168,-11.520686149597168,-11.150422096252441,-13.148401260375977,-14.482515335083008,-14.702466011047363,-14.881696701049805
-11.295685768127441,-11.337971687316895,-12.466740608215332,-12.854084968566895,-13.702659606933594,-12.893147468566895,-13.225217819213867,-13.925423622131348,-12.762346267700195,-11.530550956726074,-11.081997871398926,-12.341991424560547,-12.11549186706543,-11.151037216186523,-10.412151336669922,-10.217299461364746,-11.753725051879883,-10.109211921691895,-9.215930938720703,-11.683852195739746,-11.224967956542969,-7.838754177093506,-3.81264066696167,-5.666133403778076,-5.046725273132324,-7.514512538909912,-11.529501914978027,-13.283186912536621,-13.068544387817383,-12.697399139404297,-12.265869140625,-12.053145408630371,-12.747443199157715,-14.505980491638184,-13.799047470092773,-13.62672233581543,-13.698114395141602,-13.162261009216309,-12.755247116088867,-14.058150291442871,-13.738777160644531,-13.143946647644043,-13.614228248596191
-11.360794067382812,-10.108162879943848,-10.611306190490723,-8.775552749633789,-8.765966415405273,-10.953882217407227,-11.91006088256836,-11.041584968566895,-9.50373363494873,-11.591301918029785,-10.900639533996582,-9.894421577453613,-11.200268745422363,-11.304729461669922,-10.922754287719727,-9.832694053649902,-10.117424964904785,-9.333456039428711,-8.35136890411377,-7.53536319732666,-6.814264297485352,-6.792490482330322,-6.104875087738037,-7.158787727355957,-8.42678451538086,-5.471219539642334,-10.237760543823242,-11.16956901550293,-11.37830924987793,-12.783190727233887,-13.5202054977417,-11.426431655883789,-10.589998245239258,-11.672096252441406,-12.415055274963379,-12.185653686523438,-13.356609344482422,-13.805519104003906,-13.135041236877441,-13.739471435546875,-12.818436622619629,-11.49500846862793,-10.532065391540527
-9.349431991577148,-10.022924423217773,-8.486494064331055,-6.131589889526367,-4.7636895179748535,-4.502452373504639,-7.4732818603515625,-9.780888557434082,-7.525778770446777,-10.303428649902344,-10.937945365905762,-10.263437271118164,-11.060909271240234,-10.465422630310059,-9.614927291870117,-9.615007400512695,-10.58160400390625,-9.86644172668457,-7.8853936195373535,-6.319663047790527,-6.750901222229004,-8.264175415039062,-12.093510627746582,-14.04752254486084,-11.398704528808594,-9.402125358581543,-7.774040699005127,-10.146379470825195,-10.748926162719727,-12.411126136779785,-14.215271949768066,-11.530180931091309,-10.846312522888184,-10.615594863891602,-8.790833473205566,-8.62838363647461,-12.454181671142578,-15.2756929397583,-15.276830673217773,-14.465015411376953,-12.32274341583252,-10.677224159240723,-9.736865997314453
-6.125712871551514,-9.435918807983398,-9.538458824157715,-5.8853230476379395,-5.366318225860596,-9.762454986572266,-10.886523246765137,-9.101574897766113,-8.558148384094238,-8.343563079833984,-8.143786430358887,-10.662055969238281,-9.943120956420898,-10.129453659057617,-9.257892608642578,-8.626693725585938,-10.833444595336914,-10.841727256774902,-8.50297737121582,-7.118743896484375,-8.80943775177002,-9.359541893005371,-10.781153678894043,-12.015469551086426,-12.601325988769531,-11.273772239685059,-9.820055961608887,-11.342394828796387,-12.64464282989502,-13.250033378601074,-13.0983247756958,-11.11749267578125,-10.52697467803955,-12.101680755615234,-11.945723533630371,-13.113685607910156,-14.193282127380371,-16.17884635925293,-15.718894004821777,-13.70666217803955,-11.344049453735352,-9.653573036193848,-8.153209686279297
-8.659948348999023,-10.265825271606445,-9.82806396484375,-8.093509674072266,-9.218990325927734,-15.240388870239258,-15.552943229675293,-11.7216157913208,-8.700577735900879,-6.701339244842529,-8.581172943115234,-9.411192893981934,-7.473723411560059,-9.121419906616211,-10.0743989944458,-8.309893608093262,-7.827070713043213,-8.850543975830078,-8.599621772766113,-7.984074592590332,-8.296523094177246,-7.959768772125244,-8.209314346313477,-11.149399757385254,-13.690107345581055,-12.773263931274414,-11.446797370910645,-10.943089485168457,-12.749664306640625,-13.462974548339844,-12.230777740478516,-12.050192832946777,-13.419405937194824,-14.468181610107422,-15.837648391723633,-16.580787658691406,-16.437681198120117,-15.487663269042969,-13.744043350219727,-11.879402160644531,-10.921144485473633,-9.471532821655273,-7.789951324462891
-9.053339958190918,-12.253671646118164,-11.808905601501465,-10.254592895507812,-8.587811470031738,-11.270785331726074,-12.155708312988281,-9.039848327636719,-8.286633491516113,-8.27851676940918,-8.659191131591797,-8.9693603515625,-9.020099639892578,-6.9811906814575195,-10.784385681152344,-10.014549255371094,-8.816242218017578,-7.832624435424805,-8.242240905761719,-8.021598815917969,-7.032951354980469,-7.368891716003418,-7.455233573913574,-8.645193099975586,-9.821309089660645,-12.247422218322754,-12.238495826721191,-10.902870178222656,-11.165549278259277,-12.645160675048828,-13.10854434967041,-13.505043029785156,-14.511876106262207,-15.274468421936035,-15.343832969665527,-15.042226791381836,-14.723960876464844,-13.448315620422363,-12.78687572479248,-11.630692481994629,-10.851089477539062,-10.087026596069336,-9.158228874206543
