data/wind_data/wind_39_4.json
{"header": {"parameterUnit": "KT", "parameterCategory": 2, "nx": 256, "ny": 198, "lo1": 44.73521041870117, "la1": -3.236724853515625, "lo2": 111.26478576660156, "la2": 43.468475341796875, "dx": 0.2609002888202667, "dy": -0.23708222806453705, "refTime": "2025-02-20 15:00:00", "forecastTime": 0, "parameterNumber": 2, "parameterNumberName": "eastward_wind"}, "data":
[rows 133 to 151 of 198, columns 44 to 87 of 256]
45.10363006591797,45.08721923828125,45.50017547607422,47.969078063964844,49.99200439453125,47.525299072265625,41.97243881225586,40.626277923583984,40.961387634277344,42.15398406982422,42.373043060302734,42.433563232421875,43.237640380859375,44.16492462158203,45.19039535522461,45.86696243286133,47.572715759277344,45.77215576171875,45.3005256652832,47.256690979003906,49.031436920166016,49.023216247558594,43.336647033691406,33.21121597290039,24.002092361450195,18.315141677856445,16.454227447509766,16.579439163208008,18.68505096435547,21.543264389038086,23.925323486328125,24.85384178161621,24.45783805847168,23.729764938354492,22.634870529174805,21.4429931640625,20.561107635498047,20.791879653930664,22.308307647705078,23.70463752746582,24.536771774291992,26.007205963134766,26.030492782592773,25.206668853759766
41.88711929321289,44.34021759033203,45.612640380859375,47.996681213378906,46.87685012817383,42.8272819519043,37.315792083740234,35.50215530395508,36.39286422729492,37.66325378417969,38.52955627441406,39.717655181884766,41.5848274230957,42.84389114379883,43.966854095458984,44.392486572265625,44.15195846557617,39.66149139404297,38.958072662353516,40.85525894165039,40.86915588378906,38.375423431396484,34.15542984008789,27.025657653808594,19.096940994262695,15.396761894226074,15.573454856872559,17.30272674560547,19.020904541015625,20.503137588500977,22.035144805908203,23.353515625,23.991153717041016,22.97341537475586,20.525693893432617,18.984655380249023,18.617931365966797,19.685731887817383,20.99201774597168,22.022167205810547,23.74288558959961,26.10239601135254,28.207754135131836,27.622486114501953
41.87773513793945,44.40728759765625,45.087833404541016,46.37638854980469,43.262733459472656,35.43525695800781,30.373403549194336,30.540864944458008,31.465795516967773,32.3427848815918,34.08982849121094,36.76294708251953,39.281219482421875,40.84439468383789,41.478145599365234,41.2896728515625,38.75377655029297,33.48754119873047,33.24339294433594,33.31863784790039,32.84553146362305,31.250993728637695,26.303504943847656,19.665721893310547,16.15238380432129,16.80072021484375,18.363494873046875,18.678640365600586,18.186256408691406,18.551252365112305,20.571399688720703,22.54779815673828,22.140859603881836,19.620906829833984,18.203895568847656,18.083118438720703,18.388744354248047,19.633888244628906,20.505687713623047,21.958919525146484,24.181535720825195,25.82858657836914,27.583499908447266,29.341135025024414
36.88114929199219,39.02628707885742,41.624961853027344,40.45161819458008,34.21443176269531,25.10923957824707,24.118362426757812,24.854997634887695,25.9024715423584,27.680713653564453,30.730745315551758,34.46171188354492,36.72010040283203,37.43401336669922,36.559452056884766,36.11639404296875,33.00331115722656,30.99458885192871,29.581998825073242,27.977977752685547,26.010791778564453,20.74250030517578,15.88577938079834,15.946980476379395,18.957433700561523,19.674238204956055,18.344196319580078,17.34418296813965,16.556671142578125,17.85051918029785,20.43433380126953,19.905200958251953,18.03429412841797,17.808900833129883,18.397174835205078,18.84119415283203,19.24981689453125,19.929424285888672,20.27811622619629,21.89739418029785,24.50749969482422,26.001962661743164,26.930206298828125,28.86893081665039
32.360260009765625,36.50894546508789,36.517066955566406,32.06256866455078,23.399551391601562,17.5772647857666,18.44487762451172,20.855438232421875,22.820175170898438,24.741621017456055,27.72682762145996,30.54273796081543,31.36771583557129,31.728492736816406,32.53459930419922,32.564971923828125,31.680723190307617,29.62260627746582,26.567289352416992,22.889793395996094,18.57215690612793,15.532825469970703,16.004507064819336,18.33124351501465,18.361921310424805,15.889626502990723,14.966739654541016,15.219454765319824,15.905914306640625,18.173681259155273,18.030017852783203,16.127016067504883,16.880870819091797,18.561891555786133,19.768470764160156,20.432409286499023,20.479280471801758,20.14314842224121,19.765230178833008,20.9755859375,23.38641357421875,24.89788818359375,26.507827758789062,29.087520599365234
29.114994049072266,26.59825897216797,20.7656192779541,18.108034133911133,14.729879379272461,14.149215698242188,16.081716537475586,18.86171531677246,20.86131477355957,22.480518341064453,24.348031997680664,26.22226333618164,28.064998626708984,30.080318450927734,32.32756805419922,33.593563079833984,31.652542114257812,27.353557586669922,22.750364303588867,18.149200439453125,15.965568542480469,16.237485885620117,16.42390251159668,14.970040321350098,12.430225372314453,12.164617538452148,13.050764083862305,14.047737121582031,15.978923797607422,17.35973358154297,15.94153118133545,15.569087982177734,16.932600021362305,18.64920425415039,19.762434005737305,19.666847229003906,19.109609603881836,18.752885818481445,19.192365646362305,20.30491828918457,21.484106063842773,23.6468563079834,26.778127670288086,29.86998748779297
13.150824546813965,11.738969802856445,12.76004409790039,13.452512741088867,13.646053314208984,13.977478981018066,14.931395530700684,16.784101486206055,18.7445068359375,20.720792770385742,22.782217025756836,25.380462646484375,28.199220657348633,30.523698806762695,31.96937370300293,32.135597229003906,28.306373596191406,22.642337799072266,17.133291244506836,12.8291015625,12.093006134033203,11.973526000976562,10.596710205078125,9.627548217773438,10.236743927001953,11.499075889587402,13.413914680480957,16.2243709564209,17.227563858032227,15.692687034606934,15.008624076843262,15.580855369567871,16.672609329223633,17.704994201660156,18.017086029052734,17.66035270690918,17.34312629699707,17.992061614990234,19.023235321044922,19.092023849487305,19.655851364135742,22.54150390625,26.25193977355957,29.074565887451172
10.321680068969727,11.881503105163574,11.701168060302734,13.009750366210938,14.895254135131836,15.819414138793945,15.543952941894531,16.14818000793457,18.187711715698242,20.161645889282227,22.509674072265625,25.463462829589844,27.961305618286133,29.494190216064453,29.53081512451172,28.31221580505371,24.0699462890625,16.29983139038086,9.13244342803955,7.027819633483887,7.582376956939697,8.28548526763916,9.265046119689941,11.026361465454102,13.38686752319336,15.527341842651367,16.329225540161133,15.813055992126465,14.817425727844238,14.336729049682617,14.61742115020752,15.132177352905273,15.94094467163086,16.386157989501953,16.33234977722168,16.65789222717285,17.700788497924805,18.255788803100586,17.846923828125,17.36871910095215,18.80036163330078,22.254741668701172,25.542818069458008,27.836942672729492
15.399153709411621,14.604897499084473,12.427470207214355,12.351856231689453,14.433591842651367,16.089815139770508,16.31876564025879,17.221921920776367,18.74927520751953,20.52851676940918,22.796062469482422,25.44822120666504,27.457843780517578,28.29963493347168,27.43616485595703,26.34763526916504,19.559856414794922,8.851461410522461,5.199680805206299,5.963921070098877,8.01030445098877,10.481856346130371,12.42357063293457,14.233077049255371,15.753982543945312,15.370002746582031,14.077229499816895,13.300695419311523,13.350627899169922,13.69933795928955,14.210819244384766,15.200658798217773,15.848873138427734,15.435304641723633,16.180864334106445,18.485435485839844,19.234333038330078,17.660001754760742,16.129112243652344,16.673871994018555,18.932151794433594,21.745159149169922,24.745019912719727,27.77051544189453
18.320999145507812,17.295400619506836,14.912781715393066,12.931526184082031,12.937532424926758,13.841084480285645,15.96375560760498,17.092103958129883,18.790807723999023,21.023681640625,22.498634338378906,24.421781539916992,26.95086097717285,28.375320434570312,25.917966842651367,21.12549591064453,12.470643043518066,6.369813442230225,6.003583908081055,7.16991662979126,9.89848804473877,12.635467529296875,14.20810317993164,15.051477432250977,14.000518798828125,12.441076278686523,12.15303897857666,12.13398551940918,11.935978889465332,12.854423522949219,14.753170013427734,15.90337085723877,15.504439353942871,15.372506141662598,16.754737854003906,18.144472122192383,18.18022346496582,17.176868438720703,16.816404342651367,17.78504180908203,19.236814498901367,20.939966201782227,24.051755905151367,27.683725357055664
18.552534103393555,17.356746673583984,17.111026763916016,15.730278015136719,13.69644546508789,13.065277099609375,14.942829132080078,16.544921875,18.83063507080078,21.205154418945312,22.683712005615234,24.115976333618164,25.82977294921875,26.792552947998047,25.173898696899414,18.093639373779297,9.821141242980957,7.876678943634033,7.62713098526001,7.364570140838623,9.994311332702637,10.800490379333496,9.854389190673828,10.869115829467773,12.085368156433105,12.759108543395996,12.949188232421875,12.492382049560547,13.034819602966309,15.008761405944824,16.701154708862305,16.946619033813477,16.609895706176758,16.307422637939453,15.651473999023438,15.872258186340332,17.004985809326172,17.89141273498535,18.82769775390625,19.142114639282227,19.692485809326172,20.86482048034668,23.67688751220703,26.56044578552246
17.864248275756836,17.11087989807129,16.89738655090332,15.420919418334961,11.271416664123535,10.112125396728516,12.584938049316406,15.37545108795166,17.912342071533203,20.11693572998047,21.425878524780273,22.419790267944336,23.600727081298828,24.522083282470703,23.377016067504883,15.473637580871582,9.344285011291504,7.9378557205200195,6.748394966125488,7.429836273193359,8.9155855178833,9.131999969482422,9.24876880645752,10.000680923461914,11.67119026184082,13.377164840698242,13.585607528686523,13.560393333435059,14.636916160583496,15.666067123413086,16.74280548095703,17.98542594909668,17.735013961791992,15.815766334533691,15.143322944641113,15.595695495605469,15.871615409851074,16.7568416595459,18.800310134887695,20.872882843017578,21.978965759277344,22.712947845458984,23.75593376159668,24.61741828918457
16.353452682495117,16.593769073486328,17.52523422241211,11.223372459411621,5.451716423034668,7.64039421081543,11.662625312805176,13.34270191192627,14.443426132202148,15.683568000793457,17.26878547668457,19.329954147338867,19.896089553833008,19.136825561523438,15.328959465026855,8.100749015808105,6.701087474822998,6.806069374084473,6.2047576904296875,8.207625389099121,8.379980087280273,8.06154727935791,9.31705379486084,10.169137954711914,11.890917778015137,12.49514102935791,13.268946647644043,15.166325569152832,15.61039924621582,14.687110900878906,15.395432472229004,17.38429832458496,17.35108757019043,16.142234802246094,17.00364875793457,16.415271759033203,15.310025215148926,15.94579792022705,18.106624603271484,22.418033599853516,26.440462112426758,28.434492111206055,26.13374900817871,22.528728485107422
14.571406364440918,16.24080467224121,15.541101455688477,7.438650608062744,4.528191566467285,8.919540405273438,12.36937141418457,11.329438209533691,9.464336395263672,9.541692733764648,11.893333435058594,14.868680953979492,16.37297248840332,13.87741756439209,6.822269439697266,1.914364218711853,4.867092609405518,7.644363880157471,8.305035591125488,9.41259479522705,8.961453437805176,8.038628578186035,9.204633712768555,10.204822540283203,11.403912544250488,13.05073356628418,15.385150909423828,16.700944900512695,16.494855880737305,16.14842987060547,16.690967559814453,16.847238540649414,17.948074340820312,17.967533111572266,17.426311492919922,15.952323913574219,14.94261360168457,15.678048133850098,18.779321670532227,23.39567756652832,28.097564697265625,30.323474884033203,29.691194534301758,24.1040096282959
13.596159934997559,14.962733268737793,11.578797340393066,6.776162624359131,6.832167625427246,9.680500984191895,10.28877067565918,6.8105878829956055,4.523820400238037,5.45494270324707,7.219484806060791,9.666236877441406,12.553186416625977,13.341924667358398,5.888787269592285,-0.8831096887588501,6.759809970855713,10.29403018951416,10.197993278503418,10.017279624938965,9.645988464355469,8.896734237670898,9.32988166809082,10.499883651733398,12.220454216003418,14.42386531829834,14.237398147583008,15.225269317626953,15.948311805725098,14.976727485656738,14.707147598266602,16.410276412963867,19.105239868164062,19.926538467407227,17.908300399780273,15.984580993652344,15.283289909362793,16.41872787475586,19.600440979003906,23.669832229614258,27.199806213378906,28.931241989135742,28.93245506286621,26.796154022216797
12.307826042175293,13.145801544189453,11.248443603515625,7.365111351013184,6.247772693634033,6.5559163093566895,4.913299083709717,2.4802420139312744,2.816657066345215,4.117762088775635,5.1368303298950195,6.292980194091797,8.321627616882324,6.977115631103516,1.2043650150299072,3.421330690383911,8.060467720031738,9.664860725402832,9.616975784301758,9.572192192077637,9.071211814880371,8.528829574584961,9.917341232299805,11.812649726867676,13.120884895324707,13.663496971130371,13.386829376220703,14.727418899536133,15.434054374694824,14.800068855285645,15.0565767288208,16.55791664123535,18.77831268310547,19.730627059936523,17.832143783569336,16.71307945251465,16.509538650512695,18.589820861816406,20.107791900634766,20.08809471130371,22.233999252319336,24.51081085205078,25.592071533203125,26.37929344177246
10.968314170837402,12.168913841247559,12.061575889587402,7.925213813781738,6.394779205322266,5.212574481964111,3.6420350074768066,2.573838472366333,3.4027016162872314,4.129525184631348,4.420608043670654,4.778886318206787,2.7106544971466064,0.0738723874092102,2.1234796047210693,7.076214790344238,8.09139347076416,8.619584083557129,8.723648071289062,8.504121780395508,8.171656608581543,8.568432807922363,10.950691223144531,13.186432838439941,13.655227661132812,12.643758773803711,12.478018760681152,13.815767288208008,15.3074369430542,15.765867233276367,16.023447036743164,16.753217697143555,17.511266708374023,17.90266990661621,17.37976837158203,17.962804794311523,18.962888717651367,21.12407112121582,21.10554313659668,18.29850196838379,17.394094467163086,18.800233840942383,21.178293228149414,23.555940628051758
9.962251663208008,10.499114990234375,10.646832466125488,7.407244682312012,7.649855613708496,8.07917308807373,6.249761581420898,4.37998628616333,4.181336402893066,4.417709827423096,4.267770767211914,2.8545734882354736,0.9179785847663879,2.4537811279296875,5.309203147888184,7.675953388214111,7.665932655334473,8.329517364501953,8.448811531066895,8.091042518615723,8.259106636047363,9.490819931030273,10.887688636779785,12.475397109985352,12.699182510375977,11.992728233337402,12.503761291503906,14.180499076843262,15.785429000854492,17.022531509399414,17.717315673828125,17.376070022583008,16.24679946899414,16.01506233215332,17.363595962524414,19.53244972229004,21.621898651123047,22.509599685668945,21.003564834594727,18.532550811767578,16.960145950317383,16.640682220458984,18.070701599121094,20.52825355529785
8.994982719421387,9.043984413146973,9.265400886535645,7.90431547164917,8.540251731872559,9.161389350891113,9.043663024902344,6.70074462890625,5.37000036239624,4.905745029449463,4.474785327911377,2.946298360824585,3.480926752090454,4.961550712585449,6.283817768096924,7.120776653289795,8.094369888305664,8.926241874694824,8.560868263244629,8.157588958740234,8.851853370666504,9.751928329467773,9.876029968261719,10.22254753112793,10.52612590789795,10.894940376281738,12.084824562072754,13.729004859924316,15.123709678649902,15.837421417236328,15.405515670776367,14.196693420410156,14.030585289001465,15.95179557800293,18.718006134033203,21.12645149230957,22.458547592163086,22.154531478881836,19.650178909301758,17.03868293762207,16.47241973876953,16.502897262573242,16.869592666625977,18.60501480102539
