data/wind_data/wind_17_2.json
{"header": {"parameterUnit": "KT", "parameterCategory": 2, "nx": 256, "ny": 198, "lo1": 44.73521041870117, "la1": -3.236724853515625, "lo2": 111.26478576660156, "la2": 43.468475341796875, "dx": 0.2609002888202667, "dy": -0.23708222806453705, "refTime": "2025-02-19 17:00:00", "forecastTime": 0, "parameterNumber": 2, "parameterNumberName": "eastward_wind"}, "data":
[rows 57 to 75 of 198, columns 43 to 85 of 256]
-14.967245101928711,-14.670828819274902,-14.760433197021484,-15.10865306854248,-14.543573379516602,-13.966400146484375,-13.816903114318848,-13.79806900024414,-12.76226806640625,-12.191828727722168,-12.250519752502441,-12.605862617492676,-12.626152992248535,-12.388479232788086,-12.408940315246582,-12.674623489379883,-12.917135238647461,-12.922202110290527,-12.582070350646973,-12.532297134399414,-13.08179759979248,-12.7617826461792,-12.314932823181152,-11.872608184814453,-11.956720352172852,-12.513863563537598,-12.541152954101562,-11.70383071899414,-10.649319648742676,-10.33773136138916,-10.510909080505371,-10.481890678405762,-11.327083587646484,-10.909395217895508,-10.451713562011719,-9.750741004943848,-9.246700286865234,-8.919779777526855,-8.6541748046875,-8.600391387939453,-7.811689853668213,-6.188304901123047,-5.9316558837890625
-14.60552978515625,-14.753822326660156,-14.670866966247559,-14.414102554321289,-14.383275032043457,-14.257389068603516,-14.011733055114746,-13.511096000671387,-13.065207481384277,-12.783076286315918,-12.678277015686035,-12.73605728149414,-12.599528312683105,-12.3374605178833,-12.261151313781738,-12.53659725189209,-12.873809814453125,-13.038215637207031,-13.201408386230469,-13.144691467285156,-12.843043327331543,-12.550643920898438,-12.430362701416016,-12.146435737609863,-11.911750793457031,-11.642630577087402,-10.982853889465332,-11.021162986755371,-11.394972801208496,-11.081647872924805,-11.34856128692627,-10.905904769897461,-10.762402534484863,-10.650522232055664,-10.554561614990234,-10.051719665527344,-9.663832664489746,-8.939935684204102,-8.234610557556152,-8.087498664855957,-8.131927490234375,-7.95270299911499,-7.924279689788818
-14.352361679077148,-14.430660247802734,-14.452339172363281,-14.356757164001465,-14.201332092285156,-13.918862342834473,-13.71506404876709,-13.568216323852539,-13.231088638305664,-12.990026473999023,-12.782750129699707,-12.628543853759766,-12.590604782104492,-12.59608268737793,-12.599159240722656,-12.503878593444824,-12.338631629943848,-12.39599323272705,-12.830575942993164,-13.051767349243164,-13.008779525756836,-12.656700134277344,-12.532424926757812,-12.654838562011719,-12.12747859954834,-11.576885223388672,-11.086648941040039,-10.381277084350586,-10.574481964111328,-11.250621795654297,-11.389053344726562,-11.216842651367188,-11.650877952575684,-10.95401668548584,-9.801362037658691,-9.471626281738281,-9.353316307067871,-8.857125282287598,-8.200299263000488,-8.472914695739746,-8.265663146972656,-6.769346714019775,-6.621591567993164
-14.00838851928711,-14.003830909729004,-13.963899612426758,-13.741254806518555,-13.607972145080566,-13.467196464538574,-13.36396312713623,-13.195927619934082,-13.091201782226562,-12.923365592956543,-12.714546203613281,-12.54240608215332,-12.474370002746582,-12.50162410736084,-12.6215181350708,-12.762663841247559,-12.873686790466309,-12.863471031188965,-12.73694133758545,-12.839160919189453,-13.027959823608398,-12.97924518585205,-12.652134895324707,-12.01778793334961,-11.555121421813965,-11.612958908081055,-11.289447784423828,-11.297865867614746,-11.587162017822266,-11.540122985839844,-11.060006141662598,-11.130448341369629,-10.976919174194336,-10.086788177490234,-9.440519332885742,-9.928857803344727,-9.709036827087402,-9.08432388305664,-8.671347618103027,-9.210587501525879,-9.296560287475586,-8.04321002960205,-7.182147026062012
-13.574605941772461,-13.377685546875,-13.29041576385498,-13.112665176391602,-13.015063285827637,-12.984930992126465,-12.970967292785645,-12.961353302001953,-12.866293907165527,-12.668533325195312,-12.379082679748535,-12.118396759033203,-12.049660682678223,-12.196977615356445,-12.458161354064941,-12.696786880493164,-12.883400917053223,-13.023365020751953,-13.10647201538086,-13.058284759521484,-13.014397621154785,-12.999290466308594,-12.85082721710205,-12.524667739868164,-11.967738151550293,-11.319771766662598,-10.739047050476074,-11.15249252319336,-12.208609580993652,-12.208884239196777,-11.091273307800293,-10.265361785888672,-10.665170669555664,-10.652685165405273,-10.000834465026855,-10.241806030273438,-10.08942985534668,-9.841861724853516,-9.520099639892578,-9.690645217895508,-9.535238265991211,-9.338313102722168,-9.221701622009277
-13.079926490783691,-12.834136962890625,-12.693113327026367,-12.538837432861328,-12.43716049194336,-12.44499397277832,-12.538570404052734,-12.64338493347168,-12.634169578552246,-12.394791603088379,-12.028922080993652,-11.713134765625,-11.6083402633667,-11.754436492919922,-12.039393424987793,-12.366754531860352,-12.707866668701172,-13.012901306152344,-13.230708122253418,-13.316950798034668,-13.252711296081543,-13.143689155578613,-13.07974624633789,-12.687647819519043,-12.07823657989502,-11.767670631408691,-11.547162055969238,-11.242342948913574,-10.853739738464355,-11.160294532775879,-11.263567924499512,-10.947919845581055,-11.37897777557373,-11.351285934448242,-10.576205253601074,-10.009781837463379,-9.849047660827637,-9.853372573852539,-10.114368438720703,-10.276288032531738,-10.409350395202637,-10.596963882446289,-10.793535232543945
-12.544523239135742,-12.35221004486084,-12.218727111816406,-12.137901306152344,-12.07209300994873,-12.048032760620117,-12.111642837524414,-12.200889587402344,-12.258095741271973,-12.144186973571777,-11.854531288146973,-11.556514739990234,-11.426448822021484,-11.507882118225098,-11.72414493560791,-12.0175142288208,-12.362822532653809,-12.69982624053955,-12.991693496704102,-13.161131858825684,-13.230574607849121,-13.244990348815918,-13.12075138092041,-12.877057075500488,-12.570216178894043,-12.188644409179688,-11.702569961547852,-11.380541801452637,-11.104305267333984,-10.744608879089355,-10.771994590759277,-11.67852783203125,-12.256305694580078,-11.829950332641602,-10.870429039001465,-10.357637405395508,-10.494832992553711,-10.371940612792969,-10.362481117248535,-10.41333293914795,-10.659989356994629,-11.191156387329102,-11.715709686279297
-11.984704971313477,-11.823710441589355,-11.697075843811035,-11.64274787902832,-11.663212776184082,-11.69721508026123,-11.756431579589844,-11.807415962219238,-11.837388038635254,-11.823824882507324,-11.722683906555176,-11.58273983001709,-11.501262664794922,-11.520764350891113,-11.640800476074219,-11.837332725524902,-12.101323127746582,-12.384378433227539,-12.652729988098145,-12.88066577911377,-13.026259422302246,-13.081805229187012,-13.121514320373535,-13.132120132446289,-13.014857292175293,-12.692705154418945,-12.203132629394531,-11.741948127746582,-11.459396362304688,-11.326990127563477,-11.431597709655762,-11.56272029876709,-11.693690299987793,-11.985252380371094,-11.426522254943848,-10.818930625915527,-10.906956672668457,-10.648696899414062,-10.639327049255371,-10.82080364227295,-11.177953720092773,-11.631742477416992,-12.035322189331055
-11.307350158691406,-11.265511512756348,-11.16307258605957,-11.063756942749023,-11.067521095275879,-11.15634822845459,-11.29145336151123,-11.390378952026367,-11.399291038513184,-11.3743314743042,-11.353743553161621,-11.373408317565918,-11.40165901184082,-11.441829681396484,-11.529500961303711,-11.683550834655762,-11.900538444519043,-12.160186767578125,-12.432229042053223,-12.697189331054688,-12.909416198730469,-13.036273956298828,-13.063277244567871,-12.985949516296387,-12.852502822875977,-12.682204246520996,-12.423956871032715,-12.10128402709961,-11.835896492004395,-11.787447929382324,-11.9254150390625,-12.008387565612793,-12.112388610839844,-12.281342506408691,-11.915691375732422,-11.427780151367188,-11.39709758758545,-11.310481071472168,-11.331900596618652,-11.578083992004395,-11.99239730834961,-12.413111686706543,-12.684017181396484
-10.606181144714355,-10.698681831359863,-10.685676574707031,-10.599987983703613,-10.544350624084473,-10.568538665771484,-10.702705383300781,-10.859978675842285,-10.904338836669922,-10.863271713256836,-10.841629981994629,-10.894505500793457,-10.992892265319824,-11.098137855529785,-11.233907699584961,-11.432672500610352,-11.713180541992188,-12.05515193939209,-12.389860153198242,-12.6793851852417,-12.85612964630127,-12.906478881835938,-12.832174301147461,-12.649238586425781,-12.466022491455078,-12.364961624145508,-12.273636817932129,-12.111440658569336,-11.89780044555664,-11.735590934753418,-11.807459831237793,-12.21207046508789,-12.545186042785645,-12.462804794311523,-12.441195487976074,-12.392861366271973,-12.256240844726562,-12.27945327758789,-12.449953079223633,-12.722504615783691,-12.981762886047363,-13.162078857421875,-13.21638011932373
-9.880865097045898,-10.08483600616455,-10.211956977844238,-10.224287986755371,-10.188798904418945,-10.16733455657959,-10.211810111999512,-10.337522506713867,-10.4185791015625,-10.423931121826172,-10.417829513549805,-10.456628799438477,-10.541688919067383,-10.653352737426758,-10.834879875183105,-11.102202415466309,-11.452999114990234,-11.872146606445312,-12.297341346740723,-12.651714324951172,-12.823122024536133,-12.770939826965332,-12.562115669250488,-12.27342700958252,-12.044595718383789,-11.950277328491211,-11.93249225616455,-11.880413055419922,-11.763269424438477,-11.657021522521973,-11.673386573791504,-11.88377857208252,-12.341706275939941,-12.884954452514648,-13.1653470993042,-13.267814636230469,-13.442231178283691,-13.690268516540527,-13.875968933105469,-13.821504592895508,-13.565423011779785,-13.348431587219238,-13.146100044250488
-9.095673561096191,-9.368369102478027,-9.67292308807373,-9.895145416259766,-9.976990699768066,-9.951984405517578,-9.913695335388184,-9.954578399658203,-10.038166999816895,-10.103927612304688,-10.142452239990234,-10.192403793334961,-10.25158405303955,-10.332777976989746,-10.49584674835205,-10.769448280334473,-11.118926048278809,-11.509428024291992,-11.907929420471191,-12.246172904968262,-12.426230430603027,-12.397178649902344,-12.207769393920898,-11.95356559753418,-11.775876998901367,-11.741107940673828,-11.770933151245117,-11.762063026428223,-11.707195281982422,-11.659631729125977,-11.725202560424805,-12.010017395019531,-12.490004539489746,-13.001335144042969,-13.467336654663086,-13.972282409667969,-14.541622161865234,-14.97368049621582,-14.954898834228516,-14.458431243896484,-13.783974647521973,-13.276962280273438,-12.864304542541504
-8.274727821350098,-8.612557411193848,-9.021866798400879,-9.412614822387695,-9.668057441711426,-9.720473289489746,-9.672048568725586,-9.65798568725586,-9.733206748962402,-9.845301628112793,-9.937932968139648,-9.995318412780762,-10.045954704284668,-10.135261535644531,-10.289173126220703,-10.507250785827637,-10.780645370483398,-11.068405151367188,-11.338007926940918,-11.558306694030762,-11.680426597595215,-11.685981750488281,-11.611736297607422,-11.519599914550781,-11.494254112243652,-11.583822250366211,-11.718976020812988,-11.793665885925293,-11.786162376403809,-11.80091667175293,-11.965826988220215,-12.324325561523438,-12.806248664855957,-13.30660629272461,-13.84329891204834,-14.513050079345703,-15.162080764770508,-15.379781723022461,-15.026541709899902,-14.381233215332031,-13.761140823364258,-13.328536033630371,-12.96572494506836
-7.431623935699463,-7.840192794799805,-8.360723495483398,-8.86038875579834,-9.176610946655273,-9.263130187988281,-9.23216438293457,-9.248167037963867,-9.371537208557129,-9.56084156036377,-9.717698097229004,-9.792190551757812,-9.839773178100586,-9.906746864318848,-10.02518081665039,-10.20334243774414,-10.394268035888672,-10.563775062561035,-10.698349952697754,-10.805268287658691,-10.879392623901367,-10.900468826293945,-10.906830787658691,-10.937297821044922,-11.059408187866211,-11.293017387390137,-11.577948570251465,-11.814091682434082,-11.9536771774292,-12.067171096801758,-12.285375595092773,-12.661367416381836,-13.102298736572266,-13.555580139160156,-14.11572551727295,-14.734094619750977,-15.0747709274292,-14.898136138916016,-14.372031211853027,-13.81583023071289,-13.39798641204834,-13.172874450683594,-13.054856300354004
-6.602112293243408,-7.10808801651001,-7.707407474517822,-8.257301330566406,-8.574891090393066,-8.663748741149902,-8.67508602142334,-8.749256134033203,-8.906967163085938,-9.135139465332031,-9.378495216369629,-9.543184280395508,-9.617202758789062,-9.648641586303711,-9.69100284576416,-9.786009788513184,-9.874188423156738,-9.946852684020996,-10.018885612487793,-10.083871841430664,-10.146536827087402,-10.189197540283203,-10.228407859802246,-10.324519157409668,-10.545929908752441,-10.90420913696289,-11.328705787658691,-11.719079971313477,-12.01820182800293,-12.269740104675293,-12.560672760009766,-12.92886734008789,-13.303533554077148,-13.657519340515137,-14.042262077331543,-14.358657836914062,-14.380505561828613,-14.070013999938965,-13.620811462402344,-13.20145320892334,-12.882136344909668,-12.769830703735352,-12.823965072631836
-5.6584296226501465,-6.320676803588867,-6.997488021850586,-7.549832820892334,-7.860018253326416,-8.002090454101562,-8.121152877807617,-8.298208236694336,-8.50733757019043,-8.711753845214844,-8.938631057739258,-9.166502952575684,-9.317916870117188,-9.365391731262207,-9.360302925109863,-9.363809585571289,-9.345393180847168,-9.336311340332031,-9.367593765258789,-9.413911819458008,-9.470582008361816,-9.512784004211426,-9.55704116821289,-9.67289924621582,-9.946927070617676,-10.418837547302246,-11.005084991455078,-11.555486679077148,-11.986957550048828,-12.313106536865234,-12.603913307189941,-12.91412353515625,-13.214489936828613,-13.446427345275879,-13.572402954101562,-13.557756423950195,-13.396891593933105,-13.151527404785156,-12.875175476074219,-12.566339492797852,-12.27175521850586,-12.214208602905273,-12.378695487976074
-4.642065525054932,-5.451299667358398,-6.198367118835449,-6.762759685516357,-7.086260795593262,-7.286128044128418,-7.521833896636963,-7.815456867218018,-8.107022285461426,-8.335688591003418,-8.518708229064941,-8.716151237487793,-8.92757797241211,-9.021073341369629,-8.98351001739502,-8.923502922058105,-8.857359886169434,-8.812884330749512,-8.79824161529541,-8.79782772064209,-8.828498840332031,-8.873430252075195,-8.940278053283691,-9.07888126373291,-9.374639511108398,-9.877666473388672,-10.523978233337402,-11.183402061462402,-11.72640609741211,-12.099305152893066,-12.341506958007812,-12.548201560974121,-12.729763984680176,-12.826136589050293,-12.769583702087402,-12.598459243774414,-12.41382884979248,-12.25623893737793,-12.074967384338379,-11.799559593200684,-11.492705345153809,-11.404999732971191,-11.573183059692383
-3.6071670055389404,-4.542553901672363,-5.403282165527344,-6.017308235168457,-6.409090518951416,-6.696946620941162,-7.018499374389648,-7.361306190490723,-7.6860527992248535,-7.95348596572876,-8.167525291442871,-8.337428092956543,-8.475726127624512,-8.53185749053955,-8.472912788391113,-8.405044555664062,-8.363372802734375,-8.330821990966797,-8.273322105407715,-8.20102596282959,-8.223352432250977,-8.330303192138672,-8.47623062133789,-8.66854190826416,-8.956920623779297,-9.404741287231445,-9.96949577331543,-10.578938484191895,-11.13689136505127,-11.523836135864258,-11.727104187011719,-11.851142883300781,-11.923684120178223,-11.930998802185059,-11.819963455200195,-11.637540817260742,-11.476007461547852,-11.348437309265137,-11.184267044067383,-10.93619441986084,-10.632898330688477,-10.493836402893066,-10.557317733764648
-2.4721248149871826,-3.5281777381896973,-4.533565998077393,-5.2963762283325195,-5.8661394119262695,-6.351393699645996,-6.769614219665527,-7.093087196350098,-7.3426618576049805,-7.587727069854736,-7.8512396812438965,-8.053627967834473,-8.105798721313477,-8.025763511657715,-7.886861801147461,-7.78170108795166,-7.758679389953613,-7.762701988220215,-7.732122898101807,-7.679708003997803,-7.744834899902344,-7.937546253204346,-8.174577713012695,-8.411918640136719,-8.679259300231934,-9.029801368713379,-9.44241714477539,-9.880122184753418,-10.318653106689453,-10.66153335571289,-10.83786678314209,-10.901077270507812,-10.896927833557129,-10.880946159362793,-10.821146965026855,-10.723265647888184,-10.617330551147461,-10.501121520996094,-10.34521484375,-10.122711181640625,-9.863149642944336,-9.716450691223145,-9.725882530212402
