data/wind_data/wind_53_8.json
{"header": {"parameterUnit": "KT", "parameterCategory": 2, "nx": 256, "ny": 198, "lo1": 44.73521041870117, "la1": -3.236724853515625, "lo2": 111.26478576660156, "la2": 43.468475341796875, "dx": 0.2609002888202667, "dy": -0.23708222806453705, "refTime": "2025-02-21 05:00:00", "forecastTime": 0, "parameterNumber": 2, "parameterNumberName": "eastward_wind"}, "data":
[rows 0 to 18 of 198, columns 132 to 175 of 256]
13.164230346679688,12.776249885559082,12.843735694885254,13.204520225524902,14.048127174377441,14.885078430175781,14.755863189697266,14.580784797668457,15.269883155822754,15.882930755615234,15.818359375,15.855852127075195,16.37705421447754,16.529827117919922,16.036224365234375,15.809479713439941,15.979353904724121,15.888322830200195,15.526928901672363,15.17756175994873,14.781536102294922,13.793365478515625,12.590031623840332,12.662652015686035,13.30217456817627,13.29679012298584,13.121786117553711,13.040146827697754,13.185120582580566,13.925006866455078,14.65121841430664,14.956446647644043,15.23141860961914,15.58133602142334,15.965991020202637,16.315710067749023,17.320819854736328,19.110559463500977,20.650842666625977,21.916440963745117,23.083444595336914,24.04178237915039,23.792789459228516,22.8021183013916
13.036726951599121,12.912806510925293,12.791705131530762,12.962713241577148,13.470123291015625,14.04064655303955,14.269407272338867,14.580292701721191,15.38498592376709,16.070032119750977,16.17627716064453,16.2995548248291,16.868633270263672,17.175325393676758,17.03487205505371,17.168930053710938,17.38941192626953,16.969959259033203,16.273828506469727,15.812512397766113,15.564553260803223,15.186338424682617,14.3045072555542,13.891100883483887,14.286600112915039,14.471596717834473,14.126253128051758,13.638175964355469,13.362348556518555,13.406557083129883,13.726595878601074,14.220324516296387,14.338268280029297,14.202176094055176,14.883009910583496,15.900897026062012,17.02191162109375,18.806005477905273,20.50579261779785,21.498563766479492,21.992694854736328,22.73185920715332,23.514741897583008,23.745765686035156
11.062138557434082,11.01823616027832,11.254042625427246,11.566699028015137,11.733904838562012,12.298577308654785,13.24526596069336,14.032892227172852,14.577726364135742,15.037697792053223,15.596673965454102,15.98279094696045,15.861639976501465,15.69343090057373,16.304880142211914,17.028745651245117,16.547422409057617,15.670272827148438,15.541767120361328,15.638630867004395,15.693183898925781,15.469401359558105,14.433769226074219,13.329479217529297,12.653851509094238,12.206454277038574,11.88901138305664,11.713593482971191,11.806717872619629,12.316118240356445,12.95958423614502,13.086597442626953,13.037056922912598,13.701375007629395,14.791740417480469,15.643537521362305,16.918569564819336,18.75636100769043,20.08856201171875,20.847209930419922,20.94943618774414,20.861616134643555,21.619293212890625,22.56822395324707
5.400872707366943,5.236189365386963,5.268608570098877,5.199298858642578,5.395938873291016,6.530663013458252,7.77827787399292,8.481449127197266,8.728397369384766,8.6582670211792,8.882367134094238,9.367897033691406,9.15655517578125,8.934643745422363,10.099605560302734,11.761381149291992,11.571329116821289,10.702011108398438,10.607278823852539,10.672930717468262,10.482568740844727,9.777247428894043,8.18645191192627,6.225601673126221,4.421435832977295,3.381416082382202,3.2231860160827637,3.6230483055114746,4.414543151855469,5.213201522827148,5.608867645263672,5.635293960571289,6.0621442794799805,7.441068649291992,9.110892295837402,10.415238380432129,11.85991382598877,13.537149429321289,14.823246002197266,15.941228866577148,16.615346908569336,16.769989013671875,17.51491928100586,18.57097625732422
-5.398544788360596,-6.235523700714111,-6.886423587799072,-6.555585861206055,-4.935591697692871,-3.4203953742980957,-3.488539934158325,-3.959707736968994,-4.354242324829102,-4.921043395996094,-5.842025279998779,-6.377470016479492,-6.715256690979004,-6.577583312988281,-6.186485767364502,-5.029309272766113,-4.448957443237305,-4.74616003036499,-5.724884033203125,-6.181134223937988,-6.2274065017700195,-6.4161810874938965,-7.135125637054443,-8.45938491821289,-9.480758666992188,-9.208008766174316,-8.41330337524414,-7.9150896072387695,-7.670028209686279,-7.7879743576049805,-7.925522804260254,-7.542575359344482,-7.159544467926025,-7.29358434677124,-6.838187217712402,-5.02886438369751,-2.926389217376709,-1.2054156064987183,0.18412040174007416,1.0327290296554565,2.1798367500305176,4.639867782592773,7.135843276977539,7.8915510177612305
-2.62196946144104,-3.918898820877075,-3.1737418174743652,-1.2034152746200562,0.36160722374916077,0.9421653747558594,1.212396502494812,1.1069415807724,0.8771160244941711,0.9688723683357239,1.0005435943603516,0.37329530715942383,-1.2644113302230835,-2.5569469928741455,-2.629138469696045,-1.654207706451416,-0.7914319634437561,-0.7083035707473755,-1.505730152130127,-2.285512924194336,-2.787508726119995,-3.1816022396087646,-3.7901041507720947,-4.620048522949219,-5.049018383026123,-4.482210159301758,-3.655674457550049,-3.7482645511627197,-4.211867809295654,-3.730677843093872,-2.5579285621643066,-2.067337989807129,-2.036668539047241,-2.692361354827881,-3.5462284088134766,-3.849987030029297,-3.120612144470215,-1.9604166746139526,-1.7212235927581787,-1.944651484489441,-1.7026028633117676,-0.16953116655349731,1.5885413885116577,2.7265255451202393
-5.4184699058532715,-6.0840325355529785,-4.398490905761719,-2.8011960983276367,-2.3575658798217773,-2.6747453212738037,-2.515713691711426,-2.372357130050659,-2.830432415008545,-2.0357577800750732,-1.815001368522644,-2.491133451461792,-3.4896116256713867,-4.618660926818848,-5.212985992431641,-4.160813331604004,-3.7764432430267334,-4.630923748016357,-4.869075775146484,-5.06104850769043,-5.874980449676514,-7.093694686889648,-8.296160697937012,-8.703271865844727,-8.418947219848633,-7.590771198272705,-6.835461616516113,-7.108462333679199,-7.787763595581055,-6.970745086669922,-5.5886616706848145,-5.299748420715332,-5.046855449676514,-5.189502239227295,-5.253337383270264,-5.375659942626953,-4.680540084838867,-3.7693145275115967,-3.595027446746826,-3.4925692081451416,-3.4869587421417236,-2.717442274093628,-1.1973412036895752,-0.3042846918106079
-3.821385622024536,-4.130370616912842,-2.476900100708008,-1.789526343345642,-1.8662962913513184,-1.673600673675537,-0.7504642009735107,-0.9412903785705566,-1.5059833526611328,-0.8607653379440308,-0.2462586611509323,-0.33518439531326294,-1.079094648361206,-2.4975459575653076,-3.9793753623962402,-4.073070049285889,-4.402784824371338,-5.0697526931762695,-4.200490474700928,-3.2669196128845215,-3.8668582439422607,-5.7699198722839355,-7.717993259429932,-8.319680213928223,-7.699887275695801,-6.535898685455322,-5.479592800140381,-5.1696295738220215,-5.054869651794434,-4.4514479637146,-3.9030141830444336,-4.32944917678833,-4.719542980194092,-4.727391719818115,-3.8177201747894287,-4.694042682647705,-5.417858600616455,-4.644545555114746,-3.796445846557617,-2.9302120208740234,-2.2350499629974365,-1.5880405902862549,-1.6407514810562134,-1.8872867822647095
-4.148058891296387,-4.106120586395264,-3.155672550201416,-3.180443525314331,-2.8521900177001953,-2.1538829803466797,-1.4347200393676758,-2.0002338886260986,-2.5385749340057373,-2.1628997325897217,-1.3096487522125244,-0.31643998622894287,-0.6930664777755737,-2.3075830936431885,-4.756587505340576,-6.05403995513916,-6.28831672668457,-6.188011169433594,-5.116998672485352,-4.1428093910217285,-5.110949993133545,-7.5455474853515625,-9.387274742126465,-9.659220695495605,-9.060979843139648,-8.253012657165527,-7.714688777923584,-7.1275739669799805,-6.105872631072998,-5.505011081695557,-5.03239107131958,-4.725647449493408,-5.2373785972595215,-4.635210990905762,-2.931053876876831,-2.937110424041748,-3.947499990463257,-3.5374910831451416,-3.2496755123138428,-2.8908917903900146,-1.1612595319747925,-1.0244746208190918,-2.033902883529663,-2.113572120666504
-3.440595865249634,-3.5217103958129883,-3.310034990310669,-3.333211898803711,-2.5232431888580322,-1.620572805404663,-1.2984892129898071,-1.8107821941375732,-2.86020827293396,-2.1903984546661377,-0.7070267200469971,0.29877200722694397,0.023893684148788452,-1.800405740737915,-4.800743579864502,-6.239572048187256,-5.887219429016113,-5.313536643981934,-4.621191501617432,-4.229362964630127,-5.294800281524658,-7.259299278259277,-8.772584915161133,-8.611026763916016,-8.125141143798828,-8.264717102050781,-8.547183990478516,-8.075535774230957,-6.968203544616699,-6.313094615936279,-5.901192665100098,-5.23685884475708,-5.044651985168457,-4.369626045227051,-3.4203882217407227,-2.5941271781921387,-2.0617339611053467,-1.940839171409607,-2.819456100463867,-3.1789333820343018,-2.5067391395568848,-3.449699640274048,-4.73505973815918,-3.688013792037964
-4.250627040863037,-4.312561988830566,-3.9657042026519775,-3.988131284713745,-3.2258217334747314,-2.1175050735473633,-2.1999456882476807,-3.386733055114746,-3.8822333812713623,-2.7263543605804443,-1.1916887760162354,-0.7764291763305664,-0.8563390970230103,-2.4356508255004883,-5.058262348175049,-6.731649875640869,-6.010558605194092,-5.189420700073242,-4.9024763107299805,-5.957150936126709,-7.235721111297607,-7.863553047180176,-8.655346870422363,-8.402679443359375,-8.198235511779785,-8.908191680908203,-9.43588924407959,-8.926187515258789,-8.184748649597168,-7.477781295776367,-6.940263271331787,-6.343964099884033,-5.827983856201172,-5.408878326416016,-4.505311012268066,-3.5145528316497803,-2.1165499687194824,-1.492032766342163,-2.3767354488372803,-3.291231393814087,-4.070828437805176,-6.2927069664001465,-8.219949722290039,-6.821506023406982
-4.515079021453857,-5.118417263031006,-3.838273286819458,-3.5663344860076904,-3.2643356323242188,-2.9758307933807373,-3.552978754043579,-4.547063827514648,-4.415285110473633,-3.4144999980926514,-2.1478965282440186,-1.0576363801956177,-0.4733583629131317,-2.235767364501953,-4.912855625152588,-6.831525802612305,-5.834014415740967,-4.517985820770264,-4.930300235748291,-7.029333591461182,-8.650288581848145,-8.274222373962402,-8.328601837158203,-8.538301467895508,-8.418694496154785,-8.491124153137207,-8.502620697021484,-7.863814830780029,-7.821218967437744,-7.706462383270264,-7.175835609436035,-7.314750671386719,-7.389739036560059,-6.622111797332764,-5.1408586502075195,-4.289952754974365,-3.836451530456543,-2.5010478496551514,-2.164768934249878,-3.88895583152771,-5.667788982391357,-7.3622260093688965,-9.157912254333496,-8.419184684753418
-4.6421217918396,-5.496394157409668,-3.6192092895507812,-2.5004196166992188,-3.1794583797454834,-4.501428127288818,-5.2626752853393555,-5.264948844909668,-5.235536575317383,-4.667580604553223,-2.5522525310516357,-0.5874592065811157,0.09293479472398758,-2.409579277038574,-5.150149345397949,-6.728758335113525,-5.480708599090576,-3.69730544090271,-5.402682304382324,-7.855899810791016,-8.785280227661133,-8.368751525878906,-8.880910873413086,-9.762469291687012,-9.081331253051758,-7.997523784637451,-7.4670939445495605,-6.860642433166504,-6.689934253692627,-6.873987674713135,-6.915003299713135,-7.4345197677612305,-7.429090976715088,-7.220442295074463,-6.323318004608154,-4.284120082855225,-2.8227832317352295,-2.1484224796295166,-2.1221659183502197,-4.323622703552246,-6.446183204650879,-7.250650405883789,-8.577315330505371,-8.680712699890137
-5.064153671264648,-4.84673547744751,-3.0700106620788574,-2.228955030441284,-4.140819072723389,-5.58246374130249,-5.553777694702148,-5.536508083343506,-5.951300621032715,-5.1388983726501465,-1.9745893478393555,-0.437246173620224,-0.5324856638908386,-3.156412124633789,-5.698439598083496,-5.449021339416504,-4.802314281463623,-3.6550254821777344,-5.997366428375244,-7.407961368560791,-7.071629524230957,-7.298293113708496,-9.20150375366211,-10.400642395019531,-9.566527366638184,-8.337603569030762,-7.386465549468994,-7.029047012329102,-6.460849761962891,-6.557570457458496,-6.007302284240723,-6.133641719818115,-5.842536449432373,-6.423355579376221,-6.4721360206604,-4.6115593910217285,-2.7561047077178955,-2.269887924194336,-2.659377098083496,-4.476510047912598,-7.177768707275391,-8.071743965148926,-8.559611320495605,-8.185186386108398
-5.222020149230957,-4.343987941741943,-2.6077444553375244,-2.8443198204040527,-5.3229241371154785,-5.948723316192627,-5.211483001708984,-5.21850061416626,-5.87286376953125,-5.336196422576904,-2.700870990753174,-1.613889455795288,-1.969663143157959,-3.988605499267578,-7.122339725494385,-4.301842212677002,-3.72532057762146,-4.751208305358887,-5.687427520751953,-5.810248374938965,-5.988496780395508,-7.24901819229126,-9.342750549316406,-10.08825397491455,-9.698297500610352,-9.33285140991211,-8.355289459228516,-8.05531120300293,-7.60666036605835,-6.784786701202393,-4.929516792297363,-4.3220062255859375,-4.986940383911133,-5.799352645874023,-6.234011650085449,-5.007556915283203,-4.185444355010986,-4.4886274337768555,-5.373521327972412,-7.143375873565674,-9.415925025939941,-9.465323448181152,-8.666340827941895,-8.284375190734863
-5.531712055206299,-4.437902927398682,-2.391599416732788,-3.402916669845581,-5.9825897216796875,-6.148255825042725,-5.001169204711914,-4.501882076263428,-5.42760705947876,-5.9051513671875,-4.729773998260498,-3.6695778369903564,-2.971310615539551,-4.455719947814941,-7.325073719024658,-4.625530242919922,-3.810438394546509,-4.541337490081787,-4.6344523429870605,-5.12214469909668,-6.3077874183654785,-8.19868278503418,-9.402776718139648,-8.585859298706055,-9.57590103149414,-10.330821990966797,-9.081929206848145,-8.231658935546875,-7.804133892059326,-6.003336429595947,-3.7139997482299805,-2.464547634124756,-5.035881519317627,-7.046900272369385,-6.614366054534912,-5.426889896392822,-5.840329170227051,-6.57017707824707,-7.173940658569336,-9.012048721313477,-11.461989402770996,-11.694570541381836,-10.692496299743652,-8.941069602966309
-5.367949962615967,-4.042984962463379,-2.594090223312378,-4.015995025634766,-6.2542290687561035,-6.6799726486206055,-5.054227352142334,-4.3318023681640625,-5.296540260314941,-6.717951774597168,-6.662349700927734,-5.266965389251709,-3.609138250350952,-4.759183406829834,-6.205348014831543,-6.039515495300293,-4.622916221618652,-3.6435482501983643,-4.201634883880615,-6.2186689376831055,-6.788197040557861,-8.102520942687988,-8.17856502532959,-7.3593597412109375,-9.89556884765625,-11.150452613830566,-9.702827453613281,-8.213094711303711,-7.3376970291137695,-4.934637069702148,-2.549750328063965,-1.5928592681884766,-4.836128234863281,-8.154425621032715,-7.551624774932861,-5.830526828765869,-6.388497829437256,-7.193304061889648,-7.208919048309326,-8.697354316711426,-11.02914810180664,-11.608036994934082,-10.857733726501465,-9.994954109191895
-5.179900169372559,-4.0943284034729,-3.0483853816986084,-4.150720119476318,-6.213985443115234,-7.196295261383057,-5.653197288513184,-4.103227615356445,-4.823796272277832,-6.784993648529053,-6.89885139465332,-5.828246116638184,-4.166363716125488,-3.7562930583953857,-5.731241226196289,-7.657902240753174,-6.74005126953125,-3.7014591693878174,-3.457110643386841,-5.622593879699707,-5.968839645385742,-7.1902899742126465,-7.031210422515869,-8.25955581665039,-9.67566967010498,-10.971671104431152,-9.757598876953125,-7.929738998413086,-6.521615505218506,-4.779240608215332,-2.55466365814209,-1.3675867319107056,-3.910003900527954,-7.32039213180542,-7.090458869934082,-5.468094348907471,-5.911375045776367,-6.952186107635498,-6.853183746337891,-7.491405010223389,-9.181985855102539,-10.975165367126465,-11.866103172302246,-10.784871101379395
-4.432466983795166,-4.041625499725342,-3.420034408569336,-3.7369656562805176,-5.1467204093933105,-6.2809977531433105,-5.479272842407227,-3.8807263374328613,-4.51266622543335,-5.961859226226807,-6.168689250946045,-5.203641891479492,-4.215420722961426,-4.119046211242676,-6.576566219329834,-8.870829582214355,-7.660822868347168,-3.6390058994293213,-2.884965181350708,-5.037654399871826,-5.773087024688721,-5.730443954467773,-6.048705101013184,-8.2111177444458,-10.005134582519531,-10.493914604187012,-9.030083656311035,-7.24022912979126,-5.85062837600708,-5.041822910308838,-2.715883493423462,-2.09677791595459,-3.834015130996704,-5.825668811798096,-5.18419885635376,-3.9799673557281494,-4.594340801239014,-5.856705665588379,-6.190871238708496,-6.300276279449463,-7.276941776275635,-9.308442115783691,-10.989164352416992,-10.64468765258789
