data/wind_data/wind_30_6.json
{"header": {"parameterUnit": "KT", "parameterCategory": 2, "nx": 256, "ny": 198, "lo1": 44.73521041870117, "la1": -3.236724853515625, "lo2": 111.26478576660156, "la2": 43.468475341796875, "dx": 0.2609002888202667, "dy": -0.23708222806453705, "refTime": "2025-02-20 06:00:00", "forecastTime": 0, "parameterNumber": 2, "parameterNumberName": "eastward_wind"}, "data":
[rows 100 to 119 of 198, columns 45 to 89 of 256]
82.05497741699219,81.60893249511719,81.05330657958984,80.67144012451172,80.7990493774414,81.5738525390625,82.75762176513672,83.92111206054688,84.79425048828125,85.15076446533203,84.69747161865234,84.07190704345703,84.3645248413086,85.05665588378906,85.12334442138672,84.70306396484375,84.22501373291016,83.86071014404297,83.59012603759766,83.27489471435547,82.797607421875,82.32904052734375,82.15648651123047,82.27310180664062,82.47457122802734,82.57780456542969,82.54934692382812,82.44685363769531,82.32609558105469,82.21414184570312,82.10088348388672,81.9512710571289,81.76397705078125,81.5291519165039,81.21886444091797,80.83841705322266,80.48916625976562,80.30167388916016,80.34247589111328,80.5886459350586,80.97066497802734,81.4035873413086,81.77974700927734,82.020751953125,82.05162048339844
83.55062103271484,82.99922180175781,82.3033676147461,81.8492431640625,82.13563537597656,83.17816162109375,84.5043716430664,85.62091827392578,86.34965515136719,86.54576873779297,85.77799987792969,84.97539520263672,85.44100189208984,85.9822006225586,85.74114990234375,85.199951171875,84.73210906982422,84.47901153564453,84.39260864257812,84.27620697021484,84.0059814453125,83.66183471679688,83.43670654296875,83.42607116699219,83.52340698242188,83.53330993652344,83.3379898071289,82.9615707397461,82.50579833984375,82.06961059570312,81.6988525390625,81.41505432128906,81.2369384765625,81.16161346435547,81.12834167480469,81.0486068725586,80.89620971679688,80.75347137451172,80.74777221679688,80.95858001708984,81.38734436035156,81.93412017822266,82.4422607421875,82.77587890625,82.79998779296875
85.03368377685547,84.35407257080078,83.54212951660156,83.11143493652344,83.52654266357422,84.5443344116211,85.73779296875,86.72157287597656,87.29849243164062,87.30874633789062,86.54476165771484,85.96424102783203,86.1799087524414,86.0440902709961,85.4482192993164,84.89055633544922,84.62300109863281,84.64997100830078,84.79080963134766,84.8498764038086,84.72689819335938,84.4688491821289,84.25125885009766,84.19157409667969,84.19175720214844,84.06269836425781,83.70123291015625,83.10757446289062,82.35254669189453,81.57744598388672,80.96835327148438,80.6517333984375,80.6086654663086,80.72503662109375,80.88751220703125,81.02256774902344,81.09800720214844,81.13800048828125,81.23724365234375,81.5226821899414,82.05296325683594,82.72920989990234,83.37265014648438,83.78607940673828,83.77739715576172
86.24724578857422,85.51182556152344,84.82447052001953,84.60491943359375,85.23579406738281,86.06893157958984,86.87452697753906,87.5851058959961,87.80136108398438,87.6366958618164,87.21133422851562,86.73246765136719,86.35186767578125,85.73738861083984,84.99475860595703,84.50811004638672,84.4635238647461,84.65364074707031,84.79788970947266,84.80062103271484,84.72980499267578,84.65374755859375,84.54214477539062,84.3479995727539,84.0740966796875,83.75399780273438,83.40384674072266,82.94415283203125,82.2699966430664,81.46834564208984,80.82889556884766,80.55038452148438,80.5680923461914,80.70524597167969,80.85118865966797,81.00495910644531,81.21110534667969,81.51118469238281,81.94166564941406,82.51844024658203,83.19060516357422,83.82252502441406,84.31661224365234,84.60321807861328,84.60600280761719
87.11103057861328,86.47761535644531,86.24378967285156,86.46810150146484,87.07909393310547,87.47915649414062,87.75540161132812,87.93887329101562,87.72438049316406,87.39009857177734,87.13591003417969,86.81846618652344,86.2011947631836,85.27323150634766,84.4367446899414,84.11608123779297,84.22981262207031,84.37960052490234,84.3892822265625,84.3729248046875,84.4477310180664,84.51275634765625,84.36750030517578,83.99214935302734,83.58226776123047,83.33882141113281,83.2777099609375,83.14921569824219,82.67703247070312,81.95553588867188,81.340087890625,81.02619934082031,80.9676513671875,81.06018829345703,81.23741912841797,81.47350311279297,81.78327941894531,82.22943115234375,82.86077880859375,83.61454010009766,84.30481719970703,84.76264953613281,84.97332000732422,85.07218933105469,85.14144134521484
87.37345886230469,86.91641235351562,87.08855438232422,87.44298553466797,87.85002899169922,87.94009399414062,87.68025970458984,87.41858673095703,87.25574493408203,87.15835571289062,86.91537475585938,86.33431243896484,85.38744354248047,84.4159927368164,83.90576171875,83.92462921142578,84.04639434814453,84.02684020996094,83.9566421508789,83.99125671386719,84.11356353759766,84.16992950439453,84.04295349121094,83.78337097167969,83.56385040283203,83.52925872802734,83.64096069335938,83.63727569580078,83.33676147460938,82.857177734375,82.40570831298828,82.07788848876953,81.91091918945312,81.92405700683594,82.10552215576172,82.4214859008789,82.83493041992188,83.34402465820312,83.9489517211914,84.55897521972656,84.99990844726562,85.2157974243164,85.30503845214844,85.3909912109375,85.51644897460938
87.54397583007812,87.05512237548828,87.0963134765625,87.10807037353516,87.13062286376953,87.12747955322266,87.0405044555664,86.94187927246094,86.91016387939453,86.87225341796875,86.56683349609375,85.86972045898438,85.06288146972656,84.5439224243164,84.42843627929688,84.44426727294922,84.33673858642578,84.14534759521484,84.02412414550781,84.01712036132812,84.06036376953125,84.0775146484375,84.03353118896484,83.94610595703125,83.8801498413086,83.93937683105469,84.1009750366211,84.20069122314453,84.18505096435547,84.06661224365234,83.84642028808594,83.58300018310547,83.34107971191406,83.17024993896484,83.12979125976562,83.2657699584961,83.57123565673828,84.01353454589844,84.53823852539062,85.0025863647461,85.25286865234375,85.3451156616211,85.41446685791016,85.48361206054688,85.57148742675781
87.3890609741211,86.64070129394531,86.26297760009766,85.96798706054688,85.85066986083984,85.95198059082031,86.14237976074219,86.33135223388672,86.49278259277344,86.5447998046875,86.32315826416016,85.91946411132812,85.67646789550781,85.66290283203125,85.65974426269531,85.51364135742188,85.2689208984375,85.04338073730469,84.89936828613281,84.82157135009766,84.75293731689453,84.6204833984375,84.39043426513672,84.1233901977539,83.96530151367188,84.02404022216797,84.2784652709961,84.57969665527344,84.7785415649414,84.83650970458984,84.77763366699219,84.63497161865234,84.43045043945312,84.1818618774414,83.94449615478516,83.8050765991211,83.83404541015625,84.07301330566406,84.4862289428711,84.89690399169922,85.1446762084961,85.28182220458984,85.3746109008789,85.39759063720703,85.39765167236328
85.82032775878906,85.54450988769531,85.39376068115234,85.17744445800781,85.1673812866211,85.43864440917969,85.85604095458984,86.2003402709961,86.293701171875,86.12934875488281,85.85504150390625,85.72113037109375,85.851806640625,86.03892517089844,86.03279113769531,85.86821746826172,85.7309799194336,85.679931640625,85.62879943847656,85.49266815185547,85.25235748291016,84.89472961425781,84.44425964355469,84.01384735107422,83.81210327148438,83.91768646240234,84.23661804199219,84.61029815673828,84.92278289794922,85.10456085205078,85.13546752929688,85.04811096191406,84.86634826660156,84.59549713134766,84.27140045166016,83.96468353271484,83.78162384033203,83.82416534423828,84.07079315185547,84.36380767822266,84.68464660644531,85.0455551147461,85.33643341064453,85.44876098632812,85.43317413330078
84.44123077392578,84.47398376464844,84.4200439453125,84.39273834228516,84.58863067626953,84.9582748413086,85.3423080444336,85.58589935302734,85.53208923339844,85.19729614257812,84.85250854492188,84.78692626953125,84.96897888183594,85.14628601074219,85.19100952148438,85.21139526367188,85.3101806640625,85.39131164550781,85.2889633178711,85.00398254394531,84.6303482055664,84.21171569824219,83.81331634521484,83.58668518066406,83.64620971679688,83.9283218383789,84.27798461914062,84.59514617919922,84.85023498535156,85.02313995361328,85.0668716430664,84.93408966064453,84.63555908203125,84.27136993408203,83.93507385253906,83.666259765625,83.52105712890625,83.55465698242188,83.72134399414062,84.00578308105469,84.4869155883789,85.09578704833984,85.61234283447266,85.84579467773438,85.83712768554688
83.3677749633789,83.24185943603516,83.33592224121094,83.42760467529297,83.53881072998047,83.73554992675781,84.01963806152344,84.29646301269531,84.4405746459961,84.34791564941406,84.1384048461914,84.00248718261719,83.95899963378906,83.9693603515625,84.00611877441406,84.10126495361328,84.23754119873047,84.2122802734375,83.91170501708984,83.47069549560547,83.05741119384766,82.79151153564453,82.73448181152344,82.91167449951172,83.29924774169922,83.7730941772461,84.17376708984375,84.4349594116211,84.5638198852539,84.5594253540039,84.41466522216797,84.11302947998047,83.70787048339844,83.38150787353516,83.22782135009766,83.22666931152344,83.35914611816406,83.60421752929688,83.9629135131836,84.49254608154297,85.20699310302734,85.95895385742188,86.45053100585938,86.50732421875,86.32633972167969
83.01738739013672,83.14582061767578,83.29609680175781,83.2927474975586,83.24771881103516,83.31616973876953,83.47875213623047,83.58491516113281,83.56135559082031,83.43889617919922,83.27288818359375,83.05476379394531,82.75161743164062,82.48619842529297,82.34701538085938,82.28626251220703,82.2184829711914,82.0575942993164,81.78524780273438,81.47806549072266,81.28250885009766,81.3143310546875,81.55531311035156,81.94725036621094,82.48359680175781,83.06188201904297,83.52903747558594,83.81230163574219,83.85770416259766,83.70140838623047,83.45530700683594,83.15447235107422,82.89105987548828,82.8123779296875,82.89790344238281,83.09728240966797,83.4756851196289,84.02863311767578,84.72346496582031,85.58258056640625,86.43553161621094,87.13817596435547,87.47553253173828,87.25929260253906,86.88365936279297
83.12397766113281,83.27662658691406,83.44914245605469,83.42991638183594,83.29295349121094,83.1247787475586,82.86649322509766,82.4188003540039,81.94161224365234,81.67394256591797,81.55062866210938,81.34381866455078,80.98257446289062,80.6168441772461,80.37688446044922,80.22560119628906,80.14836883544922,80.17699432373047,80.23112487792969,80.2771987915039,80.38607788085938,80.60958862304688,80.8762435913086,81.21995544433594,81.7716293334961,82.39933013916016,82.91932678222656,83.22850799560547,83.22468566894531,83.03485107421875,82.83619689941406,82.65653228759766,82.5607681274414,82.70429229736328,83.0717544555664,83.49018096923828,83.92628479003906,84.55941772460938,85.5381088256836,86.678955078125,87.63700866699219,88.23033142089844,88.36305236816406,88.00255584716797,87.6609115600586
82.62163543701172,82.69000244140625,82.84937286376953,82.82425689697266,82.65402221679688,82.32251739501953,81.72344970703125,80.88932037353516,80.14476776123047,79.79501342773438,79.82865905761719,79.98358154296875,79.93536376953125,79.65889739990234,79.41266632080078,79.29164123535156,79.33869171142578,79.57742309570312,79.89692687988281,80.23794555664062,80.57746124267578,80.8735580444336,81.08677673339844,81.373779296875,81.98126983642578,82.67710876464844,83.11603546142578,83.2708740234375,83.13188171386719,82.89596557617188,82.80903625488281,82.8084487915039,82.7912826538086,82.93897247314453,83.50006866455078,84.32038116455078,84.90526580810547,85.39942169189453,86.34766387939453,87.60311889648438,88.65190124511719,89.1675033569336,89.08080291748047,88.72341918945312,88.7725601196289
81.94033813476562,81.90423583984375,81.96460723876953,81.8335952758789,81.60767364501953,81.20631408691406,80.58890533447266,79.90760803222656,79.41932678222656,79.29768371582031,79.56651306152344,79.97272491455078,80.11119842529297,79.9276123046875,79.77330017089844,79.76715850830078,79.86004638671875,80.05628204345703,80.34325408935547,80.70921325683594,81.05235290527344,81.285888671875,81.49983215332031,81.90386962890625,82.61040496826172,83.3011703491211,83.6203384399414,83.65031433105469,83.47229766845703,83.20850372314453,83.17366027832031,83.36048126220703,83.44490051269531,83.56597137451172,84.06086730957031,84.96617126464844,85.94898223876953,86.7890625,87.68441009521484,88.73397827148438,89.64906311035156,89.98438262939453,89.6783218383789,89.4909896850586,90.04393768310547
81.21343231201172,81.21781158447266,81.35514831542969,81.26659393310547,81.11288452148438,80.86820220947266,80.67124938964844,80.46383666992188,80.2694320678711,80.2339096069336,80.44293212890625,80.69348907470703,80.73057556152344,80.61582946777344,80.6199722290039,80.80569458007812,81.02095031738281,81.130615234375,81.205078125,81.35626220703125,81.49542999267578,81.60086059570312,81.85501098632812,82.35979461669922,83.02916717529297,83.64795684814453,84.04434967041016,84.1874771118164,84.1006851196289,83.86933135986328,83.78768157958984,83.97744750976562,84.20730590820312,84.47917175292969,84.94715118408203,85.66260528564453,86.68896484375,87.97621154785156,89.23535919189453,90.31354522705078,90.96060180664062,90.84187316894531,90.27784729003906,90.40071105957031,91.34552764892578
80.9957046508789,81.3024673461914,81.62291717529297,81.73858642578125,81.73568725585938,81.33622741699219,81.1787109375,81.25059509277344,81.41289520263672,81.455078125,81.40084075927734,81.33142852783203,81.24617004394531,81.30321502685547,81.50035858154297,81.76644134521484,82.07588958740234,82.22528076171875,82.27737426757812,82.39942932128906,82.47447204589844,82.55984497070312,82.83209991455078,83.2054672241211,83.5728759765625,84.01535034179688,84.47671508789062,84.78437805175781,84.85337829589844,84.65181732177734,84.37350463867188,84.31204223632812,84.68099212646484,85.45153045654297,86.28485870361328,87.0234603881836,87.94259643554688,89.07585906982422,90.22762298583984,91.32311248779297,91.99169158935547,91.78728485107422,91.3034896850586,91.6690902709961,92.665283203125
80.71231842041016,81.18131256103516,81.892578125,82.47929382324219,82.81661987304688,82.38613891601562,81.74362182617188,81.71369934082031,82.0693588256836,82.32471466064453,82.31249237060547,82.0960693359375,82.0716323852539,82.42220306396484,82.79093170166016,83.00363159179688,83.1689224243164,83.23635864257812,83.38956451416016,83.70062255859375,83.89105224609375,84.01624298095703,84.20690155029297,84.29218292236328,84.31040954589844,84.57022857666016,84.99285888671875,85.2822494506836,85.31269073486328,85.08351135253906,84.71341705322266,84.57148742675781,85.0728988647461,86.40660858154297,87.92581176757812,88.91313934326172,89.56979370117188,90.28925323486328,91.08597564697266,92.03298950195312,92.84184265136719,92.8990249633789,92.76204681396484,93.28662109375,94.02796936035156
80.54525756835938,81.2700424194336,81.97618103027344,82.69515228271484,83.45650482177734,83.28433990478516,82.44296264648438,82.28374481201172,82.62818145751953,82.85515594482422,83.01435852050781,83.09571075439453,83.25821685791016,83.68321228027344,84.01412963867188,84.02111053466797,83.917724609375,83.93319702148438,84.25420379638672,84.72521209716797,84.98778533935547,85.14098358154297,85.24401092529297,85.16970825195312,85.11639404296875,85.31651306152344,85.6374740600586,85.8065414428711,85.69702911376953,85.458740234375,85.32783508300781,85.4657974243164,85.96601104736328,87.211669921875,88.84825897216797,89.92195892333984,90.1873550415039,90.51950073242188,91.49119567871094,93.02825927734375,94.31946563720703,94.39964294433594,94.16098022460938,94.52033996582031,94.8111343383789
80.5580062866211,81.08119201660156,81.66661834716797,82.3291015625,83.17919921875,83.27626037597656,82.65689849853516,82.69172668457031,82.92778015136719,82.99544525146484,83.3877182006836,83.94660186767578,84.2778549194336,84.40232849121094,84.32986450195312,84.1357192993164,84.12264251708984,84.48401641845703,85.009521484375,85.38131713867188,85.50770568847656,85.5799560546875,85.70227813720703,85.8323974609375,86.00386810302734,86.18315887451172,86.31072998046875,86.35987091064453,86.34785461425781,86.43360900878906,86.67755889892578,87.00167846679688,87.27594757080078,87.48049926757812,88.06439971923828,88.85501861572266,89.4457015991211,90.12619018554688,91.52336883544922,93.97117614746094,95.97303009033203,95.87455749511719,95.06586456298828,94.9289321899414,94.80699157714844
