data/wind_data/wind_69_8.json
{"header": {"parameterUnit": "KT", "parameterCategory": 2, "nx": 256, "ny": 198, "lo1": 44.73521041870117, "la1": -3.236724853515625, "lo2": 111.26478576660156, "la2": 43.468475341796875, "dx": 0.2609002888202667, "dy": -0.23708222806453705, "refTime": "2025-02-21 21:00:00", "forecastTime": 0, "parameterNumber": 2, "parameterNumberName": "eastward_wind"}, "data":
[rows 114 to 132 of 198, columns 0 to 43 of 256]
69.67935180664062,68.90943145751953,70.04069519042969,72.01013946533203,75.10921478271484,76.80657958984375,77.13462829589844,76.59867858886719,75.66232299804688,75.37506103515625,76.00418853759766,76.71977233886719,76.22844696044922,73.88754272460938,70.09951782226562,66.12583923339844,63.22803497314453,61.739688873291016,61.156028747558594,61.494571685791016,63.09861755371094,65.25895690917969,66.48493957519531,65.97235870361328,64.0042495727539,61.797874450683594,60.89677429199219,61.630271911621094,62.77791213989258,63.05759048461914,62.31719207763672,60.90131759643555,59.06318664550781,57.385528564453125,56.44802474975586,56.0892219543457,55.477725982666016,54.07987594604492,52.265567779541016,50.572509765625,49.010154724121094,47.99668884277344,47.85600280761719,48.21939468383789
69.50838470458984,70.49595642089844,71.73939514160156,73.10225677490234,75.73538970947266,77.65945434570312,78.38729858398438,78.1150894165039,77.36981201171875,77.00244903564453,77.40491485595703,78.19174194335938,77.97197723388672,75.38361358642578,71.18304443359375,67.55821228027344,65.34603881835938,63.82643127441406,62.7860221862793,62.93119812011719,64.49082946777344,66.5155029296875,67.74176025390625,67.609130859375,66.27098083496094,64.65160369873047,64.0403060913086,64.75821685791016,65.70182800292969,65.64740753173828,64.43541717529297,62.649627685546875,60.966732025146484,59.781070709228516,59.09576416015625,58.735538482666016,58.1783447265625,56.681251525878906,54.44671630859375,52.270118713378906,50.28407287597656,48.65398406982422,48.059322357177734,48.526268005371094
69.78209686279297,71.1256103515625,72.76126098632812,74.31304168701172,76.72370147705078,78.58634185791016,79.38903045654297,79.13776397705078,78.49402618408203,78.1574478149414,78.6087646484375,79.57791900634766,79.1588134765625,76.05500030517578,72.0328598022461,69.25269317626953,67.52732849121094,66.05743408203125,65.10419464111328,65.23178100585938,66.37797546386719,67.82855987548828,68.75211334228516,68.74748992919922,67.98297882080078,67.12628173828125,67.09649658203125,68.13150024414062,69.19598388671875,69.13008880615234,67.75059509277344,65.75975036621094,64.07723999023438,62.986968994140625,62.074745178222656,61.162986755371094,60.3824577331543,59.21813201904297,57.1912727355957,54.74638748168945,52.32504653930664,50.25629425048828,49.15824890136719,49.284603118896484
70.2658920288086,70.53450775146484,72.71234130859375,75.39141845703125,78.25779724121094,79.91840362548828,80.48503112792969,80.10189819335938,79.3731689453125,79.10906219482422,79.96533203125,81.13157653808594,80.36016845703125,77.07057189941406,73.32232666015625,70.95378875732422,69.82349395751953,69.04660034179688,68.36580657958984,68.02647399902344,68.25399780273438,69.0317611694336,69.92407989501953,70.3189926147461,70.04142761230469,69.53499603271484,69.59980773925781,70.71858978271484,72.17572021484375,72.6270980834961,71.56196594238281,69.6808853149414,67.99181365966797,66.68791198730469,65.23131561279297,63.56816101074219,62.229827880859375,61.182411193847656,59.688446044921875,57.4383430480957,54.81846237182617,52.62124252319336,51.47262191772461,51.20942306518555
71.21609497070312,70.9530258178711,73.2540054321289,76.35255432128906,79.55775451660156,81.15130615234375,81.66259002685547,81.31224822998047,80.5460205078125,80.44622802734375,81.70153045654297,82.96967315673828,82.08319091796875,78.84188079833984,75.16218566894531,72.83846282958984,72.09320068359375,72.04114532470703,71.78109741210938,71.00932312011719,70.16984558105469,70.06089782714844,70.90035247802734,71.87356567382812,72.12852478027344,71.78126525878906,71.72613525390625,72.7378158569336,74.45711517333984,75.41876983642578,74.74356079101562,73.10285949707031,71.5290298461914,70.000244140625,68.02449798583984,65.86119079589844,64.21513366699219,63.06665802001953,61.73401641845703,59.830474853515625,57.52589797973633,55.46767044067383,54.426124572753906,53.91971206665039
72.46275329589844,73.0978775024414,75.09556579589844,77.38090515136719,80.2752456665039,81.92066955566406,82.7940902709961,82.94174194335938,82.48543548583984,82.56281280517578,83.78726196289062,84.82361602783203,83.9579849243164,81.02285766601562,77.43284606933594,74.99903869628906,74.40028381347656,74.71810913085938,74.59822845458984,73.62608337402344,72.35438537597656,71.65534210205078,72.03168487548828,73.01322937011719,73.61148834228516,73.57823181152344,73.64301300048828,74.60966491699219,76.33489227294922,77.48330688476562,77.00724792480469,75.50293731689453,73.99600982666016,72.29922485351562,70.05406951904297,67.92461395263672,66.43608093261719,65.18769073486328,63.70204162597656,62.08551025390625,60.41939926147461,58.54270553588867,56.927120208740234,55.71635818481445
72.57368469238281,74.25030517578125,76.1922378540039,77.93073272705078,80.34786987304688,81.69609832763672,82.7938003540039,83.74401092529297,84.17091369628906,84.66529846191406,85.55902099609375,86.14261627197266,85.53069305419922,83.2204818725586,79.94683074951172,77.61189270019531,77.11663818359375,77.35853576660156,77.01383209228516,76.02531433105469,74.91161346435547,73.99187469482422,73.64088439941406,74.00614929199219,74.51406860351562,74.65538787841797,74.88532257080078,75.98831176757812,77.86282348632812,79.21340942382812,78.92053985595703,77.38032531738281,75.52326965332031,73.44998931884766,71.26679992675781,69.6496810913086,68.54009246826172,67.28341674804688,65.90386962890625,64.71045684814453,63.469791412353516,61.45863342285156,58.570533752441406,55.646297454833984
71.58590698242188,73.71575927734375,75.83788299560547,77.7301025390625,79.9210205078125,80.64535522460938,81.45214080810547,82.86747741699219,84.02812194824219,84.97946166992188,85.93441772460938,86.57948303222656,86.45841217041016,84.77655792236328,81.9782943725586,79.99711608886719,79.571533203125,79.54237365722656,79.02821350097656,78.22210693359375,77.35075378417969,76.34100341796875,75.43489837646484,75.06121826171875,75.04595947265625,74.9225845336914,75.07479095458984,76.40413665771484,78.753173828125,80.57296752929688,80.5555419921875,78.8907241821289,76.52173614501953,74.08502197265625,72.05416870117188,70.76057434082031,69.79227447509766,68.75914764404297,67.95355224609375,67.17610931396484,65.80618286132812,63.383811950683594,59.584877014160156,55.180660247802734
70.83058166503906,72.71306610107422,74.81458282470703,76.8403091430664,79.10072326660156,79.69891357421875,80.26014709472656,81.37078094482422,82.24139404296875,83.28607940673828,84.89208984375,86.3242416381836,86.64900207519531,85.19673156738281,82.85551452636719,81.35256958007812,80.90286254882812,80.56881713867188,80.0096664428711,79.498046875,78.98301696777344,78.17637634277344,77.11894226074219,76.17300415039062,75.49708557128906,74.97998809814453,75.02647399902344,76.5395278930664,79.32672882080078,81.51478576660156,81.62718963623047,79.88480377197266,77.42059326171875,75.0765609741211,73.18226623535156,71.70828247070312,70.49302673339844,69.70694732666016,69.32688903808594,68.40857696533203,66.39508819580078,63.481849670410156,59.46022415161133,54.83551788330078
70.44351196289062,71.12831115722656,72.95915222167969,74.92057800292969,77.42198181152344,78.77886962890625,79.67884063720703,80.1410903930664,80.0816421508789,80.93268585205078,83.32837677001953,85.76155853271484,86.38275909423828,84.80007934570312,82.67266845703125,81.52574157714844,81.0766830444336,80.61956024169922,80.19995880126953,80.04116821289062,79.94229125976562,79.45891571044922,78.47144317626953,77.31180572509766,76.34896850585938,75.7138442993164,75.78237915039062,77.28956604003906,80.14266967773438,82.2880630493164,82.09660339355469,80.28012084960938,78.29083251953125,76.47274780273438,74.75807189941406,73.13723754882812,71.72120666503906,70.94258117675781,70.39315795898438,68.68502807617188,65.62281799316406,61.98102569580078,57.908546447753906,54.000728607177734
70.09343719482422,69.91053771972656,71.46514129638672,73.28009796142578,75.82952117919922,77.97354888916016,79.36233520507812,79.33207702636719,78.45600128173828,79.09785461425781,82.07440948486328,85.15428924560547,85.82025909423828,83.97090911865234,81.78189849853516,80.76504516601562,80.5056381225586,80.33384704589844,80.2669677734375,80.368896484375,80.3768081665039,79.9573745727539,79.07550048828125,78.14688110351562,77.55857849121094,77.36752319335938,77.6675033569336,78.99151611328125,81.36136627197266,82.80794525146484,81.98466491699219,80.34408569335938,79.1559066772461,77.89905548095703,76.33500671386719,74.8289566040039,73.61455535888672,72.82048034667969,71.70198059082031,68.94353485107422,64.73168182373047,60.470603942871094,56.5087890625,53.951881408691406
69.6088638305664,69.59919738769531,71.17552947998047,73.00057220458984,75.40911102294922,77.86530303955078,79.4222640991211,79.0620346069336,77.6498031616211,78.04400634765625,81.30422973632812,84.71635437011719,85.09220886230469,82.62996673583984,80.11331939697266,79.2450180053711,79.56290435791016,80.0703125,80.30465698242188,80.22091674804688,79.85802459716797,79.20297241210938,78.43335723876953,78.05577850341797,78.31810760498047,78.92903900146484,79.67945098876953,80.95606994628906,82.5637435913086,82.88362121582031,81.64002227783203,80.63520050048828,80.24050903320312,79.22315979003906,77.68679809570312,76.51679229736328,75.6435775756836,74.62862396240234,72.76051330566406,69.02198028564453,64.04793548583984,59.37527084350586,56.258155822753906,56.32201385498047
69.45796203613281,69.62159729003906,71.4606704711914,73.64854431152344,76.40460205078125,79.0631332397461,80.43362426757812,79.72144317626953,77.9317855834961,77.97025299072266,81.13719940185547,84.43260192871094,84.17823791503906,80.98200988769531,78.16407775878906,77.50858306884766,78.42215728759766,79.470947265625,79.7191390991211,79.21881103515625,78.49317169189453,77.69302368164062,77.00086212158203,77.18370056152344,78.35992431640625,79.61107635498047,80.60112762451172,81.78156280517578,82.6850357055664,82.38081359863281,81.47590637207031,81.25508117675781,81.22036743164062,80.25589752197266,79.0106201171875,78.17228698730469,77.15169525146484,75.35658264160156,72.42584991455078,68.0863265991211,62.76943588256836,58.42119598388672,57.432071685791016,62.605857849121094
70.29557800292969,70.72148895263672,72.52936553955078,75.01403045654297,78.62895202636719,81.5197525024414,82.49568939208984,81.54845428466797,79.79377746582031,79.5365982055664,81.91844177246094,84.26520538330078,83.29174041748047,79.87239074707031,77.20789337158203,76.77692413330078,77.79117584228516,78.6924057006836,78.58233642578125,77.84302520751953,77.17742919921875,76.46548461914062,75.77239227294922,76.27023315429688,78.0586929321289,79.52731323242188,80.26089477539062,80.94386291503906,81.24798583984375,81.03805541992188,81.04847717285156,81.42713928222656,81.3781509399414,80.69034576416016,80.01283264160156,79.15445709228516,77.34107208251953,74.30496215820312,70.19831848144531,65.2146224975586,60.32371520996094,58.043617248535156,62.784645080566406,70.68313598632812
71.00009155273438,71.6260986328125,73.23351287841797,75.5900650024414,79.85475158691406,82.94815063476562,83.66121673583984,83.03404998779297,82.16436004638672,81.91618347167969,82.88411712646484,83.74745178222656,82.44584655761719,79.55941772460938,77.49657440185547,77.31140899658203,78.03227996826172,78.28681945800781,77.73272705078125,77.0126953125,76.52618408203125,75.83490753173828,75.04488372802734,75.65705871582031,77.76821899414062,79.24794006347656,79.45611572265625,79.41166687011719,79.1419448852539,79.09031677246094,79.90978240966797,80.66608428955078,80.6231460571289,80.371826171875,80.14419555664062,78.83984375,75.78616333007812,71.44241333007812,65.93124389648438,60.521446228027344,57.99513626098633,62.77644348144531,70.94966125488281,75.08851623535156
69.92086029052734,70.48827362060547,72.02447509765625,73.74935913085938,78.0727310180664,81.34107208251953,82.24009704589844,82.416748046875,82.59805297851562,82.51261138916016,82.4650650024414,82.3597412109375,81.19969177246094,79.13671875,77.70675659179688,77.70447540283203,78.2816390991211,78.22740936279297,77.3925552368164,76.51734161376953,75.99860382080078,75.4214859008789,74.8649673461914,75.60095977783203,77.62142181396484,78.94083404541016,78.96653747558594,78.5127944946289,77.76746368408203,77.64142608642578,78.6861343383789,79.50614166259766,79.62821197509766,79.7103271484375,79.22689819335938,76.87354278564453,72.57105255126953,66.76817321777344,60.75474548339844,57.1663932800293,61.90489959716797,70.71885681152344,75.22796630859375,73.6390609741211
68.31816101074219,68.85324096679688,70.03285217285156,70.5320816040039,74.14652252197266,77.44451904296875,78.8158950805664,79.53954315185547,80.03907775878906,80.04188537597656,79.98184204101562,79.9403305053711,79.12770080566406,77.55915832519531,76.4619369506836,76.65753936767578,77.47957611083984,77.5605239868164,76.55907440185547,75.36425018310547,74.77932739257812,74.62741088867188,74.65564727783203,75.48609161376953,77.11409759521484,78.31243133544922,78.51887512207031,77.87675476074219,76.90994262695312,76.88868713378906,77.79277801513672,78.37254333496094,78.77086639404297,78.89990997314453,77.25196075439453,73.31102752685547,67.84101104736328,61.3514518737793,57.43724822998047,61.264259338378906,69.26748657226562,73.99918365478516,72.91944885253906,68.40017700195312
68.62020111083984,69.35923767089844,70.1779556274414,69.44376373291016,71.27603149414062,73.76010131835938,75.2115249633789,75.91417694091797,76.12165069580078,76.0705337524414,76.41254425048828,77.0109634399414,76.66121673583984,75.12770080566406,73.93377685546875,74.299560546875,75.46493530273438,75.7743911743164,74.86392974853516,73.74551391601562,73.35214233398438,73.56954956054688,73.96331787109375,74.80947875976562,76.15340423583984,77.25743865966797,77.41092681884766,76.42422485351562,75.42906951904297,75.89839935302734,77.06563568115234,77.66407012939453,77.90943145751953,77.0722885131836,73.88844299316406,68.64665222167969,62.02090072631836,57.229042053222656,60.27507400512695,67.43757629394531,71.23419952392578,70.28752136230469,66.43326568603516,62.213775634765625
70.15637969970703,70.89881896972656,71.87090301513672,70.79681396484375,70.88681030273438,71.9648208618164,72.90687561035156,73.27627563476562,72.9765396118164,72.50211334228516,73.00585174560547,74.35396575927734,74.52684783935547,72.79953002929688,71.2238998413086,71.44107055664062,72.5960693359375,73.17139434814453,72.8934555053711,72.45758056640625,72.412109375,72.65909576416016,73.106689453125,74.06015014648438,75.29635620117188,76.17378234863281,75.835693359375,74.31604766845703,73.85240173339844,75.41206359863281,76.78585052490234,76.90019989013672,76.45649719238281,75.0155029296875,70.55894470214844,63.13557434082031,57.005001068115234,58.956302642822266,65.75463104248047,69.30076599121094,67.86711120605469,64.0465087890625,59.262840270996094,58.36206817626953
