data/wind_data/wind_2025-02-21_08.json
{"header": {"parameterUnit": "KT", "parameterCategory": 2, "nx": 255, "ny": 198, "lo1": 44.73521041870117, "la1": -3.236724853515625, "lo2": 111.26478576660156, "la2": 43.468475341796875, "dx": 0.26192745566368103, "dy": -0.23708222806453705, "refTime": "2025-02-21 08:00:00", "forecastTime": 0, "parameterNumber": 3, "parameterNumberName": "northward_wind"}, "data":
[rows 0 to 18 of 198, columns 172 to 214 of 255]
-0.29062309861183167,-0.7236064672470093,-1.2705966234207153,-2.1935479640960693,-3.8179855346679688,-5.234786510467529,-6.149323463439941,-6.038128852844238,-4.8023858070373535,-3.795283079147339,-3.153550386428833,-2.545234441757202,-1.9818315505981445,-1.4503856897354126,-1.03030526638031,-0.8574842214584351,-0.7874525785446167,-0.3920651376247406,0.27133363485336304,1.3615176677703857,2.461259365081787,3.356898546218872,3.512263298034668,2.0458571910858154,1.0860663652420044,1.3169270753860474,2.0118298530578613,3.1337344646453857,3.690774917602539,3.6351237297058105,3.781015634536743,3.97322416305542,4.131991386413574,4.285345077514648,4.478001117706299,4.63822603225708,4.525883674621582,4.2781081199646,4.053253650665283,3.810267686843872,3.346160888671875,3.2090790271759033,3.6077308654785156
-1.4369041919708252,-1.5161775350570679,-0.9061694741249084,-1.5317912101745605,-4.775175094604492,-7.283068656921387,-8.237813949584961,-7.985579967498779,-6.449632167816162,-5.1529951095581055,-4.3585205078125,-3.9119443893432617,-3.689502000808716,-3.5014116764068604,-3.334975242614746,-3.09411358833313,-2.7046055793762207,-1.4886966943740845,-0.04512226581573486,1.127495527267456,1.949135184288025,2.05550217628479,1.6981531381607056,1.0267388820648193,0.9696623086929321,1.867447853088379,2.9930622577667236,4.116716384887695,4.776373386383057,4.9831366539001465,5.4012932777404785,5.947266101837158,6.041343688964844,5.669795989990234,5.3877973556518555,5.183104038238525,4.72807502746582,4.219526767730713,3.9194085597991943,3.618785858154297,2.2843122482299805,2.4223973751068115,3.3172693252563477
-2.143873691558838,-2.615313768386841,-1.9951969385147095,-2.059739112854004,-3.9330191612243652,-5.014005184173584,-4.573971748352051,-4.0842390060424805,-3.798391580581665,-3.3738932609558105,-2.5555930137634277,-1.699126124382019,-0.8123720288276672,-0.7057176828384399,-0.9744330644607544,-0.8416169285774231,-0.3522525429725647,0.36441028118133545,1.0266602039337158,1.4343775510787964,1.5132114887237549,1.3874576091766357,1.4576592445373535,2.091277599334717,2.703195095062256,3.286820650100708,3.945582151412964,4.768477439880371,5.437392234802246,5.852007865905762,6.388420104980469,7.262088298797607,7.508955955505371,6.920929908752441,6.30875301361084,5.489020824432373,4.587177276611328,3.7423572540283203,3.4001998901367188,3.174858570098877,2.4254705905914307,2.113886833190918,3.5911450386047363
-2.992398500442505,-3.170133113861084,-2.2886106967926025,-1.5706757307052612,-0.02680295519530773,2.4735920429229736,4.166318416595459,4.5702362060546875,3.512007236480713,2.851044178009033,3.7577648162841797,4.846823692321777,6.446352005004883,6.299036026000977,6.011491775512695,5.587191104888916,5.220911502838135,4.632716655731201,3.079061269760132,1.8398162126541138,1.0224114656448364,2.0624589920043945,4.1351165771484375,4.80121374130249,4.528737545013428,4.097509384155273,4.181345462799072,4.683834075927734,5.5864644050598145,6.104975700378418,6.741482734680176,7.725108623504639,8.275115966796875,7.559515953063965,6.1779584884643555,5.654938220977783,4.317314147949219,3.2713077068328857,2.918999433517456,3.323692560195923,3.550558567047119,3.2873690128326416,5.195676326751709
-3.8451364040374756,-2.744987964630127,-1.304734706878662,-0.5909367799758911,0.20844095945358276,3.2866904735565186,4.671278953552246,6.431864261627197,6.139974117279053,5.274984359741211,5.629456043243408,7.067681789398193,8.958426475524902,10.741961479187012,11.681741714477539,10.795994758605957,9.553175926208496,8.107136726379395,4.966080665588379,2.826883316040039,1.3987407684326172,2.4840216636657715,4.251319408416748,4.813571453094482,4.46348762512207,3.694715738296509,3.8600897789001465,3.8586626052856445,5.176784038543701,6.479599475860596,7.607387065887451,8.357431411743164,7.8341593742370605,7.437158584594727,5.539192199707031,4.318197727203369,4.281869888305664,2.6864991188049316,2.2819647789001465,0.8000814318656921,1.0662637948989868,2.722843885421753,4.598800182342529
-3.789524555206299,-1.3286449909210205,-0.23612287640571594,-0.8901675939559937,-1.8453892469406128,-1.0370172262191772,-0.14114291965961456,2.2663753032684326,2.7833714485168457,2.319995403289795,1.944887638092041,3.10310697555542,5.015615940093994,7.962840557098389,10.64021110534668,10.932177543640137,9.425907135009766,6.6593427658081055,4.2172393798828125,2.4384257793426514,2.4973456859588623,3.6609997749328613,3.681697130203247,3.3371875286102295,3.7701799869537354,3.7285447120666504,3.453204393386841,3.264490842819214,6.100715160369873,7.722590446472168,9.227025985717773,7.449617862701416,6.005105018615723,5.11721134185791,2.9242665767669678,5.22596549987793,3.690340995788574,1.6731199026107788,1.0322564840316772,-0.613716721534729,0.222331702709198,0.6343249678611755,2.611931562423706
-2.591193914413452,-1.6267889738082886,-1.3621327877044678,-1.8372454643249512,-1.4866187572479248,-0.5434798002243042,-0.8687134981155396,0.09652672708034515,1.6800771951675415,1.1631587743759155,1.4843016862869263,2.5730957984924316,2.9854671955108643,2.208134651184082,3.800692558288574,5.16868257522583,3.2689056396484375,2.1059017181396484,2.945725202560425,3.423372983932495,3.8805155754089355,4.775021076202393,4.431825160980225,2.9985198974609375,2.868523597717285,3.210625410079956,2.9423296451568604,3.4736928939819336,3.5844810009002686,4.2484283447265625,3.3946757316589355,2.7428438663482666,2.973663806915283,2.0037729740142822,3.423551321029663,2.2365922927856445,0.40076401829719543,1.5749293565750122,-0.5713598728179932,0.4198092520236969,1.7764188051223755,0.1446439027786255,1.5745207071304321
-2.3965768814086914,-2.8524272441864014,-2.2298099994659424,-1.4622342586517334,-1.2861589193344116,-1.044159173965454,1.3486268520355225,2.1928906440734863,1.304868221282959,0.47011348605155945,1.1449952125549316,2.2713675498962402,2.2188777923583984,0.4055900275707245,-0.9001441597938538,-0.7184979319572449,-0.3603084683418274,1.8563997745513916,3.2400691509246826,4.631307601928711,4.543381690979004,3.804478645324707,3.0627453327178955,2.7599079608917236,2.427464008331299,2.5851635932922363,2.4319300651550293,1.8821617364883423,-0.22884438931941986,-0.058981407433748245,-1.757885217666626,0.14559486508369446,1.4420700073242188,1.599298119544983,3.7131941318511963,-0.5992466807365417,-1.9492368698120117,1.2760142087936401,2.7984704971313477,2.230069398880005,1.2135632038116455,-0.6576906442642212,1.792669415473938
-2.0470526218414307,-1.9949800968170166,-0.9283508658409119,-0.48177334666252136,-0.6197507381439209,-1.0325171947479248,0.8853484392166138,1.2869688272476196,-0.3058518171310425,-0.1963607668876648,1.4970406293869019,2.04191255569458,2.5893990993499756,3.270720958709717,2.2224128246307373,1.4592819213867188,2.968627452850342,4.902011871337891,4.61062479019165,3.852205991744995,4.686494827270508,3.5471034049987793,2.583531618118286,2.7788076400756836,2.836946725845337,2.9742183685302734,2.3333632946014404,0.9602439999580383,0.8131548166275024,0.8576177358627319,0.5299641489982605,0.9902656078338623,1.612809181213379,1.7632229328155518,0.38159897923469543,0.35616424679756165,-2.590414047241211,0.45136284828186035,3.462451219558716,2.8555917739868164,2.410034418106079,1.2534233331680298,-1.5406664609909058
-1.089415192604065,-1.2704799175262451,-1.437477707862854,-1.5496711730957031,-1.5538474321365356,-1.5092509984970093,-1.6511387825012207,-0.8106167912483215,-0.5194783806800842,0.20506562292575836,1.5237361192703247,1.9600965976715088,2.0949018001556396,4.426045894622803,5.026419639587402,4.3181071281433105,4.285734176635742,4.63373327255249,4.209766864776611,3.9615814685821533,3.979058027267456,3.227294921875,2.8674490451812744,2.8013718128204346,2.673781156539917,2.3665380477905273,1.7520055770874023,1.8193246126174927,1.9087077379226685,1.7116533517837524,1.5220072269439697,1.894999623298645,1.4659398794174194,0.9814091920852661,-0.2954519987106323,-2.0598840713500977,-3.629390001296997,-1.6383541822433472,0.13560566306114197,0.6266745328903198,1.521610975265503,0.8879813551902771,-7.51570463180542
-2.04272198677063,-1.678489089012146,-0.6342086791992188,-0.49318990111351013,-1.1207103729248047,-1.8613171577453613,-0.7516482472419739,-0.40754473209381104,0.7764816284179688,1.171432375907898,2.6153082847595215,2.930328369140625,2.9541335105895996,3.888009548187256,4.58351469039917,4.156566619873047,3.714932680130005,3.088674545288086,2.9759647846221924,2.4399638175964355,2.8961288928985596,3.4244577884674072,3.4445393085479736,3.416001558303833,3.204162120819092,2.5372707843780518,2.141840934753418,2.5900115966796875,2.6863832473754883,2.46010160446167,2.7122209072113037,2.8912782669067383,2.917039155960083,1.3960095643997192,0.2923445999622345,-2.1981112957000732,-1.7033274173736572,-0.646435558795929,1.297241449356079,0.5304532647132874,-0.4247967004776001,-2.976341485977173,-6.887722492218018
-2.101593017578125,-1.8657535314559937,-0.9360703229904175,-0.39114856719970703,-0.7668564319610596,0.4049815535545349,0.620911180973053,-0.06587374210357666,2.687187671661377,2.535681962966919,3.4485864639282227,4.188269138336182,3.891493320465088,3.3972978591918945,3.3462531566619873,2.9041595458984375,2.835610866546631,3.462475299835205,2.8710074424743652,2.015308380126953,3.3277359008789062,3.7960457801818848,3.711740016937256,3.904153823852539,3.7956204414367676,3.2840874195098877,2.960500717163086,3.0173287391662598,3.1155972480773926,3.149756908416748,3.241196870803833,4.253505229949951,3.059070587158203,1.3741295337677002,-1.859660267829895,-0.13667795062065125,1.5211529731750488,3.063852548599243,4.087048530578613,1.7640395164489746,1.0453211069107056,-4.102783679962158,-5.569364547729492
-0.9558529853820801,0.3700280785560608,0.29721108078956604,-1.496483564376831,-1.968052625656128,-0.9390894174575806,0.1871146261692047,0.6974636912345886,2.4216625690460205,3.1446239948272705,2.615708351135254,2.5648560523986816,3.69619083404541,3.1627888679504395,2.877758026123047,2.933079719543457,3.3048455715179443,3.924816131591797,2.545677423477173,2.7760250568389893,3.2424988746643066,3.6943509578704834,4.117149829864502,4.318460941314697,4.365811347961426,4.13507604598999,4.163368225097656,4.2313232421875,3.7999632358551025,3.243446111679077,3.162200689315796,2.5426371097564697,3.3251054286956787,3.0650970935821533,1.4620048999786377,2.126394033432007,2.470353603363037,3.5791714191436768,5.010328769683838,2.4908087253570557,-1.7435462474822998,-4.746275901794434,-6.25965690612793
-1.7136268615722656,-0.3811463415622711,0.4515632688999176,-0.2059614658355713,-0.6230917572975159,-1.4508614540100098,-1.8677181005477905,-1.6816695928573608,0.8147119879722595,2.7537312507629395,2.5998988151550293,2.8540570735931396,1.2872223854064941,1.8691216707229614,2.759772777557373,3.7632594108581543,4.240532398223877,4.328911781311035,4.033763408660889,3.362570285797119,3.3621444702148438,4.0409698486328125,4.435861110687256,4.433478355407715,4.30959415435791,4.304777145385742,4.6393351554870605,4.561795234680176,4.4908223152160645,4.29691743850708,0.9503284692764282,-1.4607712030410767,1.5414127111434937,1.9775480031967163,4.820744514465332,3.212970733642578,2.5332021713256836,1.4674392938613892,3.124413013458252,-0.6759183406829834,-5.2969841957092285,-4.246524333953857,-4.367530822753906
-2.4531712532043457,-0.46114927530288696,0.8081396222114563,1.2726942300796509,-0.13121965527534485,1.8339227437973022,-0.8666227459907532,-2.8539793491363525,-0.41720256209373474,1.119948387145996,1.721351146697998,2.182668447494507,0.4107007086277008,0.9428050518035889,1.2873125076293945,2.944986581802368,4.475155353546143,4.8529052734375,5.540293216705322,4.863266944885254,4.569819927215576,4.765530109405518,4.966672420501709,5.247910976409912,5.247208595275879,5.798048973083496,6.250375747680664,4.954657077789307,3.9998621940612793,2.328538179397583,0.974023699760437,0.10179875046014786,-0.5067163705825806,0.36642417311668396,2.1564269065856934,2.595364809036255,1.9073383808135986,1.0865461826324463,0.41131165623664856,-5.027688026428223,-4.017938137054443,-3.184751033782959,-2.9526731967926025
-2.5839648246765137,0.01986587606370449,0.20653153955936432,-0.3903544843196869,-1.926447868347168,-1.3624387979507446,-2.4143855571746826,-2.353820562362671,-0.051187217235565186,0.35843122005462646,1.4476665258407593,0.99754798412323,0.9240738153457642,1.377347707748413,1.5240824222564697,2.7303950786590576,4.084418296813965,4.317103862762451,5.066048622131348,4.802448749542236,5.230773448944092,4.978764533996582,5.601483345031738,6.588963985443115,6.598971843719482,4.815525054931641,3.408663511276245,4.300597190856934,4.536740303039551,4.588506698608398,3.642817497253418,1.0396502017974854,1.0393280982971191,2.2312517166137695,3.357595682144165,6.1884870529174805,3.8713881969451904,0.13748525083065033,-3.7377002239227295,-5.825591087341309,-4.228104114532471,-3.499500274658203,-3.0594842433929443
-4.207210540771484,-2.917422294616699,-3.868377447128296,-3.981278896331787,-3.040022134780884,-3.1379339694976807,-2.530944585800171,-2.616609811782837,-1.5235108137130737,-0.20721794664859772,0.908302903175354,1.1639995574951172,-0.03531922399997711,-0.4172983467578888,-1.3465940952301025,2.0658273696899414,4.148486614227295,2.336714029312134,2.433649778366089,3.0050995349884033,4.171397686004639,5.051598072052002,6.315663814544678,5.7700676918029785,4.865257740020752,3.4633920192718506,1.173454999923706,2.113858222961426,4.5084123611450195,6.8115997314453125,4.251420497894287,0.9564915299415588,2.071540117263794,3.24611496925354,5.1174845695495605,6.904979705810547,0.7456308007240295,-3.5480592250823975,-5.059174060821533,-6.325103282928467,-6.153825759887695,-4.605917930603027,-5.189611434936523
-4.607004165649414,-2.9031827449798584,-4.065337181091309,-5.271453857421875,-4.044679164886475,0.5843079090118408,0.34413230419158936,-2.0558581352233887,-3.4022133350372314,-2.610332727432251,-1.3619768619537354,-1.0614923238754272,-0.9153792262077332,0.039026401937007904,-1.2410714626312256,2.215383529663086,1.5501922369003296,1.1522547006607056,1.4387545585632324,2.58551287651062,2.8553507328033447,3.702596664428711,3.620957374572754,2.7787177562713623,3.455751419067383,1.3028631210327148,2.073024034500122,2.853480815887451,2.617361307144165,1.918404459953308,0.6953370571136475,2.291517972946167,2.617617607116699,3.853285312652588,4.461935043334961,1.4994539022445679,-1.62835693359375,-5.4104180335998535,-6.719949245452881,-6.835892677307129,-6.523928642272949,-4.308460712432861,-4.79187536239624
-5.5357770919799805,-5.3375115394592285,-5.120168685913086,-5.248645305633545,-5.349309921264648,-1.5384336709976196,0.12826381623744965,-0.4523206651210785,-1.8947688341140747,-3.045548677444458,-3.3104348182678223,-2.5311033725738525,-1.2674192190170288,1.406076431274414,3.531097888946533,0.8527713418006897,-2.2581722736358643,-0.13940395414829254,0.18394216895103455,1.0395629405975342,1.8001278638839722,1.5105583667755127,0.6945381164550781,1.5728145837783813,2.4917898178100586,0.7671186327934265,0.9860031604766846,2.5987565517425537,1.3004651069641113,0.08621454238891602,-0.9875758290290833,3.2523250579833984,4.401401996612549,4.200683116912842,0.8411238789558411,0.16699934005737305,0.14673209190368652,-3.250005006790161,-5.344784736633301,-3.750133752822876,-4.6550140380859375,-4.796568393707275,-1.1719012260437012
