data/wind_data/wind_35_2.json
{"header": {"parameterUnit": "KT", "parameterCategory": 2, "nx": 256, "ny": 198, "lo1": 44.73521041870117, "la1": -3.236724853515625, "lo2": 111.26478576660156, "la2": 43.468475341796875, "dx": 0.2609002888202667, "dy": -0.23708222806453705, "refTime": "2025-02-20 11:00:00", "forecastTime": 0, "parameterNumber": 2, "parameterNumberName": "eastward_wind"}, "data":
[rows 95 to 113 of 198, columns 129 to 171 of 256]
3.1538357734680176,6.3167948722839355,2.8069264888763428,3.407165765762329,3.7320518493652344,3.997866630554199,3.827284812927246,5.5222907066345215,6.002813816070557,5.238438606262207,5.006760597229004,4.672726631164551,5.69398832321167,4.936843395233154,6.698593616485596,5.3409833908081055,7.138463497161865,5.178572654724121,6.7911577224731445,2.9897866249084473,4.608614444732666,2.92168927192688,3.1410834789276123,-3.029531955718994,-5.760059833526611,-5.4951348304748535,-0.6100979447364807,-0.6329079270362854,-1.4625252485275269,-3.5478124618530273,-9.652600288391113,-4.8413543701171875,-1.936071753501892,-3.896946668624878,-4.7053070068359375,-4.991324424743652,-5.841228485107422,-6.10921573638916,-5.0864057540893555,-4.370705604553223,-4.36077880859375,-4.703298091888428,-5.083645820617676
4.0654826164245605,3.524515151977539,5.862514972686768,3.949846029281616,2.6687989234924316,4.070281505584717,3.8066835403442383,6.238199234008789,5.0935492515563965,6.724027633666992,3.3871941566467285,3.9587855339050293,3.6427204608917236,4.290710926055908,4.119822025299072,4.650075435638428,5.347370624542236,4.326589584350586,5.907836437225342,3.8515841960906982,3.6786975860595703,-1.0267304182052612,6.0503058433532715,1.7155205011367798,-5.620636940002441,-4.007514476776123,0.9717098474502563,1.4673303365707397,-0.7638863325119019,-5.6276092529296875,-9.439884185791016,-4.473610877990723,-0.21910478174686432,-2.9501142501831055,-3.5735390186309814,-4.525449275970459,-5.552243232727051,-5.232886791229248,-4.397089004516602,-4.002047061920166,-4.276632308959961,-4.727921962738037,-4.791515827178955
5.787028789520264,7.118650913238525,5.493863582611084,4.046090602874756,4.955378532409668,3.7404801845550537,3.037111282348633,5.37714147567749,4.2131733894348145,8.03109073638916,3.253713369369507,4.402404308319092,3.9955451488494873,1.802917718887329,4.4519944190979,2.035513162612915,3.844831943511963,4.5532073974609375,4.437199115753174,5.096873760223389,3.2290329933166504,2.0622494220733643,6.5532989501953125,5.583433151245117,-1.1920521259307861,-1.410287857055664,2.7321853637695312,3.898378849029541,3.4870963096618652,-1.7488868236541748,-6.26688289642334,-6.089768886566162,-1.6055985689163208,-2.162497043609619,-3.166748523712158,-5.243947982788086,-7.124307632446289,-7.106886863708496,-6.234455585479736,-6.037501335144043,-5.701257705688477,-5.15994930267334,-3.9278979301452637
9.919724464416504,9.35538101196289,7.501571178436279,4.126615047454834,4.400055408477783,5.341566562652588,2.6199162006378174,3.648092746734619,4.252749919891357,7.0061774253845215,3.159337282180786,5.333373546600342,2.6348459720611572,2.546031951904297,2.393563985824585,3.777986526489258,3.267237663269043,5.6807942390441895,2.9428610801696777,6.654110908508301,1.4241890907287598,1.1371617317199707,7.3551859855651855,4.6948957443237305,1.4563634395599365,4.0462188720703125,5.552429676055908,7.061304092407227,3.0019376277923584,5.811054229736328,-1.4734541177749634,-7.007301330566406,0.221597358584404,1.3658080101013184,-2.3795266151428223,-6.969788074493408,-9.05803394317627,-10.06185531616211,-8.462124824523926,-5.54160213470459,-4.408538818359375,-2.188602924346924,-2.7917258739471436
9.888202667236328,9.66374397277832,8.837847709655762,6.47192907333374,3.4675581455230713,4.187108516693115,3.965198040008545,4.122254848480225,3.6301159858703613,5.95722770690918,4.4830474853515625,3.2315142154693604,3.391737937927246,2.777451992034912,2.371504306793213,1.3634765148162842,0.5478670597076416,1.812799096107483,1.9369990825653076,2.9033775329589844,0.9509791135787964,2.5895001888275146,2.3500990867614746,2.0121240615844727,1.1020734310150146,0.07892526686191559,-6.417447090148926,-3.179860830307007,-1.744246482849121,7.1331562995910645,7.0876007080078125,-3.1859517097473145,-1.08354651927948,-1.9296796321868896,-4.116666793823242,-7.2293596267700195,-9.291391372680664,-8.2191162109375,-5.753387451171875,-3.2031307220458984,-2.090726375579834,-1.6579421758651733,-2.350463628768921
10.378173828125,9.148539543151855,8.424910545349121,9.280797004699707,4.087747573852539,6.041296482086182,1.6541720628738403,7.178736209869385,1.9602500200271606,9.349565505981445,3.3013200759887695,4.704681396484375,1.307695984840393,3.6287386417388916,3.015273332595825,1.616866946220398,0.7329017519950867,0.813330888748169,-2.941112756729126,0.13412778079509735,-1.894516944885254,-0.5840845704078674,-4.108769416809082,-5.202510356903076,-4.339804649353027,-1.657967209815979,-0.77569180727005,1.7003209590911865,-1.0135829448699951,0.12155219167470932,7.286813735961914,6.318336486816406,2.9294984340667725,-4.558810234069824,-7.6707587242126465,-7.586489677429199,-6.919389247894287,-4.419506549835205,-3.653240442276001,-1.738435983657837,-2.013909339904785,-0.5595863461494446,-0.07880166172981262
9.165369033813477,9.127599716186523,8.636859893798828,8.808109283447266,5.101413726806641,5.513941764831543,1.1482739448547363,7.2824225425720215,1.9457930326461792,7.890159606933594,4.398492336273193,0.07420124113559723,-0.5103082060813904,1.6068137884140015,-2.1189393997192383,-4.294742107391357,-1.785783290863037,-0.40467220544815063,0.11583023518323898,2.876953601837158,0.6670379638671875,-1.038305401802063,0.42664834856987,0.657284140586853,2.0847723484039307,3.9962756633758545,2.4342572689056396,-0.2936396896839142,-4.32631778717041,-0.3114061653614044,0.730238676071167,4.891034126281738,13.367259979248047,7.618135929107666,-4.522982120513916,-7.5023512840271,-5.427043437957764,-4.217970371246338,-3.8659110069274902,-2.1605470180511475,-2.277365207672119,-0.9188902378082275,-0.1688787192106247
9.637211799621582,8.78954029083252,7.900935649871826,8.380562782287598,7.537852764129639,5.747028350830078,1.504932165145874,7.086343765258789,1.9238899946212769,6.3365092277526855,1.832127571105957,2.980048656463623,-2.416232109069824,0.04573402553796768,0.5683859586715698,0.8714309334754944,1.0860974788665771,-4.664899826049805,-5.502427577972412,-1.2158509492874146,-4.266556739807129,0.10180143266916275,-0.5339452028274536,-1.425446629524231,-3.0032501220703125,-2.2073259353637695,0.7201065421104431,-0.6456182599067688,-7.4654927253723145,-9.955031394958496,3.07417631149292,13.483024597167969,13.33066463470459,12.60398006439209,7.857207775115967,-5.516556739807129,-5.858210563659668,-5.094550132751465,-4.135433673858643,-1.993708610534668,-1.549952745437622,-1.1643205881118774,-0.11754797399044037
7.3877692222595215,7.815985202789307,6.928483009338379,7.055924892425537,3.584097146987915,4.78134298324585,2.01928973197937,4.89348840713501,3.110074520111084,2.031813859939575,1.3568000793457031,-3.924248456954956,2.0204598903656006,-1.85469651222229,1.9863457679748535,0.6611504554748535,-3.6741676330566406,-1.8095604181289673,-3.889313220977783,-3.4535460472106934,-0.1882563978433609,-4.106567859649658,-0.7204725742340088,-0.9883136749267578,-2.316370725631714,-1.4151332378387451,-4.632839679718018,-8.016085624694824,-11.665839195251465,-6.338019847869873,1.4186697006225586,3.974330425262451,-0.03563150763511658,1.56996750831604,3.9235846996307373,2.1793031692504883,-4.175052165985107,-4.78428840637207,-2.9288320541381836,-1.3190126419067383,-0.6957941651344299,-0.3972606360912323,0.6250157952308655
9.023237228393555,8.983182907104492,7.377222061157227,6.372295379638672,3.5795626640319824,4.785835266113281,1.0946382284164429,4.717423915863037,1.35342538356781,1.3797773122787476,1.11135995388031,-1.2742615938186646,3.1917123794555664,0.5329974293708801,1.939489722251892,1.0175213813781738,-2.285860538482666,0.4455117881298065,-1.8656724691390991,-2.6935343742370605,-2.4399805068969727,-1.7753490209579468,-3.0008928775787354,-1.1644415855407715,-1.9747848510742188,-0.41085875034332275,-0.9170141816139221,-3.2542595863342285,-5.268543720245361,-4.781604290008545,0.5247322916984558,0.5076248645782471,-7.521631240844727,-4.305100917816162,5.949194431304932,7.900846004486084,-2.3686811923980713,-4.095070838928223,-2.227151870727539,-0.622236430644989,0.49648264050483704,1.466060757637024,2.244223117828369
8.218399047851562,6.560367107391357,5.841042995452881,4.904106616973877,3.6435885429382324,3.366912841796875,3.45365571975708,0.6614786982536316,2.0172922611236572,-2.313654899597168,2.1929566860198975,1.0076911449432373,3.7834694385528564,-2.674494504928589,-0.74658203125,-1.7331128120422363,-2.4432966709136963,1.1639459133148193,0.8076429963111877,3.5531115531921387,1.4556050300598145,0.034197986125946045,0.10750534385442734,1.788924217224121,0.7843733429908752,-0.4723031520843506,-0.7409875392913818,-1.0898215770721436,-3.5718164443969727,-3.7394473552703857,-1.688979148864746,-3.2003042697906494,-3.9397947788238525,-1.901314616203308,0.883030116558075,2.3465163707733154,2.2340097427368164,-1.93804132938385,-1.810254454612732,-0.32415810227394104,1.6131106615066528,2.3459560871124268,2.9854750633239746
9.740128517150879,7.927027225494385,6.114660739898682,5.236565113067627,4.698666572570801,4.1614298820495605,3.8177974224090576,-0.7783389091491699,1.708824872970581,0.17925141751766205,1.0680065155029297,1.331285834312439,2.14041805267334,-1.176724910736084,0.5483666658401489,0.7959005832672119,-0.4569428563117981,4.391972064971924,-1.49660325050354,-1.1661698818206787,1.0736024379730225,-1.1537507772445679,0.2295794039964676,3.647348642349243,4.086781978607178,3.1892282962799072,1.970743179321289,1.0488437414169312,-2.7974865436553955,-2.648979902267456,-1.8478846549987793,-2.4099650382995605,-0.3629392385482788,0.8119696378707886,1.575994849205017,2.2025294303894043,8.144450187683105,4.483603000640869,-0.9003725051879883,0.5115704536437988,2.1385741233825684,3.4254443645477295,3.4681644439697266
9.51442813873291,9.561367988586426,7.717294692993164,5.778153419494629,5.02082633972168,2.1829686164855957,4.388899326324463,-2.9061131477355957,5.280259132385254,-1.7862497568130493,-0.7098758220672607,1.25443696975708,-0.9932149648666382,-0.5807182192802429,1.688219428062439,0.44560742378234863,-0.9372850656509399,0.7143797278404236,0.19724006950855255,-0.8963217735290527,0.9867154359817505,0.36788472533226013,1.376814603805542,1.476817011833191,2.9856772422790527,2.3500635623931885,2.322120189666748,1.6559653282165527,-0.46857669949531555,-2.1886067390441895,-3.5531399250030518,0.3544033467769623,-0.02760021574795246,6.498721599578857,8.015336990356445,8.35881233215332,14.064579010009766,2.172248363494873,1.1240233182907104,0.44163990020751953,3.941861152648926,5.085676193237305,4.798248767852783
9.725298881530762,8.557610511779785,8.456647872924805,4.329441547393799,6.041726112365723,2.2155978679656982,2.8814682960510254,-0.3719651401042938,4.329900741577148,-0.8279417157173157,1.2925548553466797,4.929108619689941,-5.461494445800781,0.010233827866613865,1.475488305091858,-0.19066528975963593,-0.8569794297218323,0.5375039577484131,1.439855933189392,1.0962135791778564,-0.3335321843624115,0.5834974050521851,1.663718581199646,-1.7157706022262573,1.3918933868408203,-0.7761338949203491,0.10285665094852448,-0.9137445688247681,-0.18995852768421173,-1.1863752603530884,-0.9832885265350342,0.04626902937889099,2.459217071533203,4.7836527824401855,7.060726642608643,10.342907905578613,4.093617916107178,6.563308238983154,2.822847366333008,1.9497040510177612,2.569247007369995,3.9704675674438477,6.333240032196045
9.231907844543457,8.80152416229248,9.505416870117188,5.468430519104004,5.723381996154785,3.4919824600219727,2.9980506896972656,0.8944475650787354,1.7879561185836792,-0.18737885355949402,0.01522959303110838,1.3637217283248901,-2.9786012172698975,2.858881950378418,-3.1410152912139893,-0.8560567498207092,1.6424524784088135,-0.3145013153553009,0.5799250602722168,-0.3478144407272339,-1.8619698286056519,-1.016350507736206,-1.5177648067474365,-1.4597305059432983,0.08786813169717789,-0.4844542145729065,1.8818551301956177,2.71630597114563,3.5144290924072266,1.6247788667678833,-0.31471383571624756,2.522721290588379,5.254584312438965,6.434544086456299,8.727773666381836,2.4317562580108643,4.366919994354248,7.5544610023498535,3.094507932662964,2.351578950881958,3.108375072479248,5.433239936828613,6.8521928787231445
8.244526863098145,8.119972229003906,8.645615577697754,6.6976728439331055,3.756540060043335,6.104224681854248,-0.3519691526889801,3.8358824253082275,1.281724452972412,0.6325461268424988,0.1937524825334549,-0.8723125457763672,-1.2282047271728516,-2.4844512939453125,0.1380496621131897,-1.1738075017929077,-0.1193326786160469,-1.069831371307373,-0.256722092628479,-2.326289415359497,0.6614797115325928,-2.5665152072906494,0.27675381302833557,0.24249902367591858,0.960015058517456,2.772390842437744,3.3704636096954346,4.957053184509277,5.62585973739624,4.9630913734436035,4.679136276245117,7.0303168296813965,5.137173652648926,9.877291679382324,4.586862087249756,5.816016674041748,5.723156452178955,7.05433464050293,7.200376510620117,5.5935235023498535,5.744265556335449,6.942275047302246,7.75080680847168
9.138916015625,7.141790390014648,9.014968872070312,5.875678539276123,3.799138069152832,6.697414875030518,0.7816216349601746,3.2265169620513916,0.9171797037124634,1.5919886827468872,-0.7352375984191895,-1.113767385482788,-1.1087067127227783,-1.4407414197921753,-1.089693546295166,-2.959113121032715,-0.7215848565101624,-4.595845699310303,0.2911594808101654,-2.1446115970611572,0.44781580567359924,-0.5122758150100708,1.1782373189926147,0.6564483642578125,2.0746021270751953,3.4770755767822266,4.2432355880737305,4.814216613769531,5.076532363891602,5.391531944274902,5.992618560791016,6.984573841094971,6.482437610626221,5.016749382019043,7.165024757385254,4.236729145050049,4.371354103088379,6.009908676147461,7.040235996246338,6.182445526123047,5.928234100341797,6.605513095855713,7.044979572296143
9.9346284866333,6.710649013519287,9.220115661621094,6.029416561126709,4.786203861236572,6.104339599609375,2.455784559249878,1.921927809715271,1.3528963327407837,1.4394117593765259,-1.2068487405776978,-0.8694910407066345,-1.4649035930633545,-2.8379178047180176,-1.6473006010055542,-1.1809711456298828,-0.5983020067214966,-0.3376189172267914,0.4600226879119873,0.2110670953989029,1.241066813468933,1.4380728006362915,2.252749443054199,2.469877243041992,3.0440971851348877,2.835277795791626,1.8869013786315918,3.0284438133239746,3.3869545459747314,4.720841407775879,4.631760597229004,2.7295103073120117,2.1542372703552246,2.5506651401519775,4.604478359222412,1.6962367296218872,2.666008472442627,4.462558269500732,6.0310187339782715,6.213146686553955,6.407874584197998,6.5661492347717285,7.052970886230469
9.860186576843262,7.432894229888916,9.140588760375977,6.461293697357178,5.506120681762695,5.1383280754089355,2.284991502761841,1.9420080184936523,1.339089274406433,1.5281784534454346,-0.85744309425354,2.0320992469787598,-5.169427394866943,-2.1811349391937256,3.180084228515625,-2.346646547317505,1.4081062078475952,-0.5785396695137024,1.1568939685821533,1.155056118965149,1.7871618270874023,2.2305827140808105,2.162114143371582,2.5548129081726074,2.789649724960327,1.0091150999069214,0.9217867255210876,2.5781290531158447,4.416788101196289,3.3421199321746826,-0.1008806899189949,-0.2541760504245758,1.494908332824707,2.636557102203369,2.9642722606658936,2.087280035018921,3.075308084487915,4.285200595855713,6.254452228546143,5.950328826904297,6.638681888580322,6.131105899810791,6.646681785583496
