data/wind_data/wind_69_9.json
{"header": {"parameterUnit": "KT", "parameterCategory": 2, "nx": 256, "ny": 198, "lo1": 44.73521041870117, "la1": -3.236724853515625, "lo2": 111.26478576660156, "la2": 43.468475341796875, "dx": 0.2609002888202667, "dy": -0.23708222806453705, "refTime": "2025-02-21 21:00:00", "forecastTime": 0, "parameterNumber": 2, "parameterNumberName": "eastward_wind"}, "data":
[rows 57 to 75 of 198, columns 176 to 219 of 256]
25.859323501586914,25.983488082885742,24.628116607666016,23.986169815063477,24.123456954956055,24.44865608215332,24.24720001220703,23.74578094482422,24.036678314208984,25.163410186767578,25.901256561279297,25.50206184387207,24.767953872680664,25.094877243041992,25.820377349853516,24.929826736450195,23.677059173583984,23.64527702331543,25.454519271850586,26.408037185668945,24.866201400756836,22.836952209472656,22.221454620361328,22.127355575561523,22.324920654296875,22.043556213378906,21.664230346679688,22.087785720825195,23.10870933532715,23.141910552978516,22.542991638183594,21.91629409790039,21.586336135864258,21.668498992919922,22.171846389770508,23.090686798095703,23.39304542541504,21.82155418395996,19.04528045654297,16.989124298095703,17.95467185974121,20.32347297668457,21.204200744628906,21.64572525024414
25.064512252807617,25.690370559692383,24.97080421447754,24.422048568725586,24.555322647094727,24.64598846435547,24.4957332611084,23.887165069580078,23.67462730407715,24.445539474487305,25.371204376220703,25.38497543334961,24.296836853027344,23.681438446044922,24.5676212310791,24.404024124145508,23.02393341064453,22.434621810913086,23.575876235961914,25.086286544799805,24.973739624023438,23.424955368041992,22.231334686279297,21.631916046142578,21.484468460083008,20.895700454711914,20.4298152923584,20.585050582885742,21.700925827026367,22.545595169067383,22.367633819580078,21.662639617919922,20.983213424682617,21.180540084838867,21.60196876525879,21.904245376586914,22.307796478271484,21.747846603393555,19.51065444946289,16.952529907226562,16.943899154663086,19.14141082763672,20.67254638671875,21.003620147705078
23.8212947845459,24.59485626220703,24.84556770324707,24.602771759033203,24.778522491455078,24.924625396728516,24.819059371948242,24.46146011352539,23.984352111816406,23.95504379272461,24.471454620361328,24.72010040283203,23.854949951171875,22.63272476196289,22.48904037475586,23.454622268676758,23.06983184814453,21.92185401916504,21.9366512298584,23.28334617614746,24.33698844909668,23.889995574951172,22.639665603637695,21.55768585205078,20.54755973815918,19.52695655822754,19.391874313354492,19.548799514770508,20.080062866210938,21.137290954589844,21.401166915893555,20.52836036682129,19.37140464782715,19.259075164794922,19.7995662689209,19.975215911865234,20.750408172607422,21.420894622802734,19.89542579650879,16.795440673828125,15.535534858703613,17.24093246459961,19.74936866760254,20.7530574798584
22.912113189697266,23.16936683654785,23.905237197875977,24.24866485595703,24.46943473815918,24.522716522216797,24.580583572387695,24.863183975219727,24.734771728515625,24.09023666381836,23.716175079345703,23.637409210205078,23.00276756286621,22.00354766845703,21.3071231842041,22.27240753173828,23.125858306884766,22.02528190612793,21.14512062072754,22.03400993347168,23.38568878173828,23.595613479614258,22.75492286682129,21.66283416748047,20.112070083618164,18.789520263671875,18.42174530029297,18.288373947143555,17.854040145874023,18.538658142089844,19.652877807617188,19.38629150390625,17.89763832092285,16.84697151184082,17.12996482849121,17.675037384033203,18.769147872924805,20.19080924987793,19.45079231262207,16.607206344604492,15.281288146972656,16.6430721282959,18.995311737060547,20.147855758666992
22.13116455078125,21.748184204101562,22.257417678833008,23.114933013916016,23.500587463378906,23.277542114257812,23.399003982543945,24.313142776489258,24.925037384033203,24.508970260620117,23.56734848022461,22.880468368530273,22.18444061279297,21.310325622558594,20.66477394104004,21.21758460998535,22.53687286376953,22.48416519165039,21.474369049072266,21.403287887573242,22.172115325927734,22.530620574951172,22.03910255432129,21.236364364624023,20.0313777923584,18.382972717285156,17.32650375366211,16.725282669067383,15.764755249023438,15.912420272827148,17.51787567138672,18.573766708374023,17.33637237548828,15.29939079284668,14.753644943237305,15.072833061218262,15.99710750579834,18.000593185424805,18.71152114868164,16.921213150024414,15.81368637084961,16.703466415405273,18.072126388549805,18.407278060913086
20.88926887512207,20.347930908203125,20.476787567138672,21.35823631286621,22.005558013916016,21.934173583984375,21.720964431762695,22.50107765197754,23.814756393432617,24.354215621948242,23.885995864868164,22.97892951965332,21.97348976135254,20.990615844726562,20.335296630859375,20.6143741607666,21.272966384887695,22.18873405456543,21.974720001220703,21.122575759887695,20.928464889526367,21.335695266723633,21.276079177856445,20.31043815612793,19.025917053222656,17.737667083740234,16.347875595092773,15.564078330993652,14.884530067443848,14.490387916564941,15.356303215026855,16.917715072631836,16.847278594970703,14.532608985900879,13.218119621276855,12.963582038879395,13.632572174072266,15.698033332824707,17.763959884643555,17.43925666809082,16.372779846191406,16.31604766845703,16.600833892822266,16.09430503845215
19.583322525024414,19.17578125,19.19196891784668,19.661949157714844,20.35818862915039,20.964702606201172,20.766016006469727,20.697458267211914,21.71998405456543,23.04292106628418,23.74275016784668,23.52623748779297,22.51288604736328,21.14626693725586,20.2625732421875,20.52002716064453,20.719881057739258,21.20615005493164,21.612831115722656,20.922775268554688,20.116905212402344,20.36073112487793,20.52313232421875,19.265581130981445,17.552684783935547,16.342397689819336,15.299471855163574,14.906408309936523,14.743999481201172,14.287303924560547,14.117368698120117,14.811208724975586,15.295063018798828,13.768909454345703,12.153522491455078,11.606427192687988,12.70830249786377,14.704841613769531,16.710899353027344,17.21649742126465,16.196826934814453,15.45514965057373,14.961481094360352,13.991413116455078
18.83674430847168,18.57980728149414,18.69168472290039,19.015827178955078,19.609882354736328,20.510597229003906,20.98650360107422,20.5800724029541,20.50884246826172,21.37877082824707,22.574628829956055,23.424713134765625,23.28813934326172,21.78087043762207,20.321208953857422,20.26995849609375,20.925613403320312,21.24754524230957,20.93316078186035,20.37263298034668,19.70576286315918,19.443103790283203,19.377927780151367,18.149526596069336,16.18507194519043,14.764802932739258,13.708125114440918,13.346835136413574,13.67659854888916,14.283390045166016,14.332688331604004,13.688393592834473,13.085809707641602,12.07410717010498,10.649444580078125,10.433051109313965,12.273953437805176,14.79973316192627,16.034347534179688,15.93410587310791,15.081754684448242,14.478970527648926,13.837789535522461,12.447772026062012
18.55152702331543,18.257720947265625,18.4261474609375,19.06851577758789,19.839298248291016,20.64962387084961,21.48784065246582,21.51374053955078,20.81905174255371,20.55453872680664,21.24809455871582,22.47254753112793,23.309633255004883,22.54618263244629,20.7093505859375,19.81774139404297,20.724212646484375,21.71052360534668,21.183216094970703,19.918548583984375,19.05881118774414,18.538240432739258,18.321998596191406,17.498550415039062,15.669437408447266,13.8822603225708,12.098668098449707,11.052665710449219,11.884072303771973,13.861867904663086,14.934004783630371,13.853947639465332,11.65880298614502,9.943656921386719,9.314598083496094,10.162845611572266,11.707530975341797,13.788970947265625,14.994836807250977,14.726456642150879,14.046462059020996,13.352153778076172,12.436949729919434,11.10962963104248
17.588470458984375,17.301342010498047,17.352947235107422,18.268991470336914,19.411117553710938,20.317432403564453,21.114845275878906,21.577774047851562,21.24803924560547,20.60701560974121,20.681983947753906,21.690980911254883,22.912376403808594,23.109699249267578,21.607006072998047,20.012165069580078,20.031509399414062,20.916234970092773,21.105541229248047,19.99256706237793,18.589773178100586,17.784513473510742,17.59185791015625,17.32869529724121,16.106077194213867,14.382600784301758,12.206398010253906,10.306580543518066,10.954684257507324,13.449572563171387,14.878837585449219,13.704266548156738,11.421854972839355,9.786706924438477,9.618063926696777,10.835341453552246,11.515798568725586,11.70706558227539,12.48745346069336,13.141622543334961,12.532458305358887,11.447705268859863,10.988775253295898,10.644288063049316
15.655290603637695,15.692276000976562,15.789422035217285,16.50740623474121,17.762779235839844,18.9825382232666,19.747713088989258,20.235456466674805,20.530925750732422,20.363967895507812,20.272096633911133,21.012792587280273,22.37832260131836,23.309608459472656,22.58106231689453,20.870128631591797,19.77716827392578,19.612934112548828,19.909360885620117,19.724666595458984,18.80371856689453,18.016704559326172,17.7419376373291,17.441011428833008,16.551410675048828,14.95672607421875,13.040084838867188,11.27510929107666,11.42747974395752,13.25886344909668,14.078307151794434,12.685911178588867,11.032322883605957,10.73870849609375,11.238903999328613,11.940793991088867,12.121015548706055,10.823037147521973,9.59891128540039,9.491412162780762,9.45439624786377,9.222044944763184,9.832588195800781,10.43747615814209
14.089221000671387,14.220142364501953,14.440228462219238,14.887802124023438,15.88279914855957,17.18243408203125,18.03270149230957,18.410701751708984,18.921972274780273,19.41948699951172,19.607725143432617,20.17537498474121,21.52366828918457,22.8951473236084,23.007978439331055,21.81431007385254,20.249797821044922,19.143728256225586,18.972997665405273,19.32711410522461,19.42195701599121,19.115041732788086,18.731130599975586,17.97121238708496,16.809295654296875,15.040908813476562,13.280525207519531,12.207109451293945,12.220370292663574,13.07725715637207,13.04649543762207,11.502787590026855,10.254927635192871,10.722973823547363,12.23531436920166,13.165083885192871,12.788874626159668,11.177505493164062,8.564007759094238,5.971918106079102,5.3239569664001465,6.514034271240234,8.311613082885742,10.031256675720215
13.456546783447266,13.204543113708496,13.287775993347168,13.672656059265137,14.395763397216797,15.53351879119873,16.475271224975586,16.90511131286621,17.299678802490234,17.977346420288086,18.72893524169922,19.586334228515625,20.783613204956055,22.002901077270508,22.39130210876465,21.82646369934082,20.694501876831055,19.512126922607422,19.085126876831055,19.57488250732422,20.065793991088867,19.82904815673828,19.15874481201172,18.204471588134766,17.0224666595459,15.28966999053955,13.3577299118042,12.189566612243652,12.10657787322998,12.774893760681152,12.682158470153809,11.21201229095459,9.942306518554688,10.333033561706543,12.323686599731445,13.759531021118164,12.828932762145996,10.576730728149414,8.169833183288574,5.121851444244385,3.6196231842041016,4.916671276092529,7.190396308898926,9.04749870300293
12.944578170776367,12.293760299682617,11.970096588134766,12.258435249328613,12.940756797790527,13.946242332458496,14.997598648071289,15.730627059936523,16.139175415039062,16.562572479248047,17.3418025970459,18.42620849609375,19.686634063720703,20.865610122680664,21.266979217529297,20.793197631835938,20.001239776611328,19.295286178588867,19.099748611450195,19.575170516967773,19.853960037231445,19.31021499633789,18.350929260253906,17.587995529174805,16.91139793395996,15.766968727111816,13.921634674072266,11.996539115905762,11.221489906311035,12.06595230102539,12.87793254852295,12.17986011505127,10.931864738464355,11.011273384094238,12.408164024353027,13.260078430175781,11.89555835723877,9.032642364501953,6.672364711761475,4.942259311676025,4.341532230377197,5.732039928436279,7.697303295135498,8.515440940856934
11.76075267791748,11.039328575134277,10.44625473022461,10.551166534423828,11.23936653137207,12.172627449035645,13.216156959533691,14.184880256652832,14.807744979858398,15.149271011352539,15.676661491394043,16.624557495117188,17.872432708740234,19.13203239440918,19.89672088623047,19.658432006835938,18.978670120239258,18.65299415588379,18.780588150024414,19.06477165222168,18.875324249267578,18.13433837890625,17.264698028564453,16.71316146850586,16.396644592285156,15.868765830993652,14.471136093139648,12.307446479797363,10.818702697753906,11.297913551330566,12.721147537231445,13.304566383361816,13.22976016998291,13.24247932434082,12.890499114990234,12.007750511169434,10.326826095581055,7.573188304901123,4.973251819610596,3.817594528198242,4.3321213722229,6.306583404541016,8.382707595825195,8.698324203491211
9.912940979003906,9.422385215759277,8.950211524963379,8.984587669372559,9.640854835510254,10.586134910583496,11.560882568359375,12.542584419250488,13.267475128173828,13.560752868652344,13.694758415222168,14.327313423156738,15.584800720214844,16.88395881652832,17.795438766479492,18.150699615478516,18.182435989379883,18.34990882873535,18.702640533447266,18.7591552734375,18.20154571533203,17.540475845336914,16.734111785888672,15.946141242980957,15.548137664794922,15.470357894897461,14.73634147644043,12.85839557647705,11.005902290344238,10.590828895568848,11.69503402709961,13.574207305908203,15.315625190734863,15.396584510803223,13.584789276123047,11.294349670410156,9.2442626953125,6.640192031860352,4.011963367462158,3.037580728530884,3.8546833992004395,5.708031177520752,7.30595064163208,7.654827117919922
8.281614303588867,7.878946304321289,7.711671352386475,7.833205699920654,8.409791946411133,9.309928894042969,10.310254096984863,11.325766563415527,12.245253562927246,12.678245544433594,12.580504417419434,12.640706062316895,13.576759338378906,14.967981338500977,16.098318099975586,16.786069869995117,17.32884979248047,17.946508407592773,18.6887264251709,18.836925506591797,18.16722297668457,17.49746322631836,16.4090576171875,15.118803024291992,14.51853084564209,14.762289047241211,14.713547706604004,13.224043846130371,10.881664276123047,9.517315864562988,10.37524127960205,13.484659194946289,16.045148849487305,15.86340045928955,13.91691780090332,11.524158477783203,9.194811820983887,6.3795318603515625,3.8044915199279785,3.097386598587036,3.984673261642456,5.154630184173584,5.628634929656982,5.603435039520264
7.730435848236084,7.050153732299805,6.90894889831543,7.083101749420166,7.5152153968811035,8.166690826416016,9.05672836303711,10.14057445526123,11.30100154876709,12.179376602172852,12.475887298583984,12.571002960205078,13.247437477111816,14.53765869140625,15.7582368850708,16.321922302246094,16.58591651916504,17.158002853393555,18.10256576538086,18.383153915405273,18.17683219909668,17.247419357299805,15.79572868347168,14.383573532104492,13.71983814239502,13.970198631286621,14.114266395568848,12.804923057556152,9.933488845825195,7.881998538970947,9.511929512023926,13.972700119018555,16.178096771240234,15.18133544921875,13.519969940185547,11.753387451171875,9.707536697387695,6.878843784332275,4.185548305511475,3.6001930236816406,4.543834209442139,5.178976535797119,4.730847358703613,4.112175464630127
8.321474075317383,7.2972612380981445,6.850680828094482,6.790788650512695,6.944085597991943,7.2649641036987305,7.846843242645264,8.827764511108398,10.087605476379395,11.26749324798584,12.044099807739258,12.647806167602539,13.594305038452148,14.875073432922363,15.99096393585205,16.317974090576172,16.10360336303711,16.24985694885254,16.971149444580078,17.494312286376953,17.435827255249023,16.522279739379883,14.950000762939453,13.908085823059082,13.403922080993652,13.465683937072754,13.33267879486084,11.843315124511719,8.493424415588379,5.817004203796387,8.799617767333984,15.14449691772461,17.05571937561035,14.830000877380371,12.785304069519043,11.256649017333984,9.627099990844727,7.332146167755127,4.910366058349609,4.289320945739746,5.274677276611328,5.927346229553223,5.2301716804504395,4.169260501861572
