data/wind_data/wind_60_8.json
{"header": {"parameterUnit": "KT", "parameterCategory": 2, "nx": 256, "ny": 198, "lo1": 44.73521041870117, "la1": -3.236724853515625, "lo2": 111.26478576660156, "la2": 43.468475341796875, "dx": 0.2609002888202667, "dy": -0.23708222806453705, "refTime": "2025-02-21 12:00:00", "forecastTime": 0, "parameterNumber": 2, "parameterNumberName": "eastward_wind"}, "data":
[rows 114 to 132 of 198, columns 0 to 43 of 256]
69.50489044189453,70.416259765625,72.16305541992188,73.3738784790039,73.91691589355469,72.69762420654297,70.85441589355469,68.9149169921875,66.82440948486328,65.16480255126953,64.7948226928711,65.47486877441406,66.08889770507812,66.16058349609375,66.07373046875,66.0465087890625,66.02735137939453,65.89685821533203,65.30026245117188,64.26966094970703,63.76219177246094,64.16089630126953,64.18987274169922,62.76823425292969,60.87052917480469,60.366844177246094,61.4010124206543,62.39329528808594,62.22623062133789,61.075408935546875,59.69294357299805,58.6478385925293,57.96792984008789,57.346343994140625,56.49110794067383,55.47925567626953,54.63555145263672,54.04491424560547,53.404170989990234,52.8389778137207,53.09623718261719,54.591636657714844,56.596595764160156,57.93213653564453
70.02322387695312,70.07719421386719,72.07843017578125,73.9381103515625,75.1532211303711,74.65353393554688,73.28007507324219,71.46479797363281,69.21794128417969,67.24237823486328,66.57315826416016,67.2672348022461,68.17786407470703,68.43260192871094,68.17598724365234,67.77240753173828,67.38451385498047,67.14744567871094,66.7604751586914,66.11238098144531,65.88711547851562,66.25253295898438,66.5062026977539,66.06339263916016,65.04751586914062,64.26909637451172,64.32879638671875,64.74755096435547,64.56645965576172,63.210933685302734,60.92733383178711,58.76775360107422,57.64352798461914,57.56855773925781,57.92325973510742,58.01676559448242,57.60595703125,56.944576263427734,55.94742202758789,54.412540435791016,53.51475524902344,54.52491760253906,56.79233169555664,58.686256408691406
71.22427368164062,70.52381896972656,72.309814453125,74.18370056152344,75.78582000732422,75.9594955444336,75.06465148925781,73.4468002319336,71.43672180175781,69.6960220336914,68.83529663085938,69.05826568603516,69.90940856933594,70.63153076171875,70.79303741455078,70.4438705444336,69.7661361694336,68.9135513305664,68.10618591308594,67.44937133789062,67.27690887451172,67.41512298583984,67.63577270507812,68.00212097167969,68.18716430664062,67.95641326904297,67.7094497680664,67.57879638671875,67.15316009521484,65.81990814208984,63.37070083618164,60.47618103027344,58.38336944580078,57.83202362060547,58.37311553955078,59.1817741394043,60.00766372680664,60.3851432800293,59.79090118408203,57.92668533325195,55.69788360595703,55.02326202392578,56.252593994140625,57.968631744384766
72.8229751586914,71.4774398803711,72.79081726074219,74.25929260253906,75.95423889160156,76.53273010253906,75.91980743408203,74.5284423828125,72.93241882324219,71.69390106201172,71.02481842041016,70.94844818115234,71.45155334472656,72.29351043701172,73.06449890136719,73.4702377319336,73.22677612304688,72.05489349365234,70.29036712646484,68.75172424316406,68.07550811767578,68.08345794677734,68.36943054199219,68.9529800415039,69.68011474609375,70.19093322753906,70.40837860107422,70.32180786132812,69.84620666503906,68.69003295898438,66.5625,63.715030670166016,61.059871673583984,59.41791534423828,58.926063537597656,59.427978515625,60.839332580566406,62.39142608642578,62.89145278930664,62.059722900390625,59.96508026123047,57.79533004760742,56.945335388183594,57.2735481262207
74.4180679321289,73.12873077392578,74.30257415771484,75.51821899414062,77.04926300048828,77.48948669433594,76.71482849121094,75.41490173339844,74.1993408203125,73.30734252929688,72.72306060791016,72.48171997070312,72.68778991699219,73.34909057617188,74.42548370361328,75.80501556396484,76.69183349609375,75.92603302001953,73.46098327636719,70.739013671875,69.32655334472656,69.29722595214844,69.5487289428711,69.73554992675781,70.25017547607422,71.10784912109375,71.9048843383789,72.30790710449219,72.24022674560547,71.57872772216797,70.04961395263672,67.71604919433594,64.9940414428711,62.34911346435547,60.53910827636719,60.3437614440918,61.49806594848633,63.04117202758789,64.06189727783203,64.44464874267578,64.01937866210938,62.41465759277344,60.361480712890625,58.726295471191406
76.03103637695312,75.37113189697266,76.76846313476562,78.10828399658203,79.68852996826172,79.84745025634766,78.76443481445312,77.4280014038086,76.31224822998047,75.49211883544922,74.89137268066406,74.42855834960938,74.19035339355469,74.30716705322266,75.22371673583984,77.19774627685547,79.10323333740234,78.9294204711914,76.2579116821289,73.08319091796875,71.50332641601562,71.24263763427734,71.05029296875,70.78984069824219,70.9974136352539,71.71345520019531,72.51888275146484,73.13716125488281,73.5521469116211,73.64381408691406,73.0218734741211,71.42587280273438,68.98838806152344,66.09156036376953,63.609344482421875,62.56985855102539,62.984920501708984,63.92580032348633,64.73993682861328,65.33704376220703,65.90676879882812,65.83634185791016,64.68717956542969,62.61606216430664
77.20867919921875,77.010986328125,78.47314453125,80.00917053222656,82.017333984375,82.36412048339844,81.27591705322266,79.99244689941406,79.0053939819336,78.29010009765625,77.74984741210938,77.25672912597656,76.67711639404297,76.08961486816406,76.47176361083984,78.5247802734375,80.78348541259766,80.74781036376953,78.09223937988281,75.2276382446289,73.90380096435547,73.39790344238281,72.85295104980469,72.47467803955078,72.47077178955078,72.68998718261719,72.93177795410156,73.26033020019531,73.90711212158203,74.64087677001953,74.81407928466797,73.90926361083984,72.07514953613281,69.75982666015625,67.56360626220703,66.16312408447266,65.76461029052734,65.93950653076172,66.14079284667969,66.35050201416016,66.90061950683594,67.66057586669922,67.66350555419922,66.00321197509766
77.96669006347656,77.86376953125,79.10530090332031,80.61717224121094,82.91868591308594,83.61886596679688,82.84902954101562,81.81295013427734,81.01387786865234,80.5425033569336,80.32707977294922,80.04305267333984,79.34798431396484,78.42620849609375,78.60771942138672,80.58013916015625,82.5450439453125,82.22661590576172,79.63933563232422,77.03131103515625,75.8893051147461,75.55747985839844,75.17796325683594,74.79487609863281,74.46388244628906,74.12030029296875,73.7263412475586,73.68583679199219,74.27630615234375,75.16715240478516,75.59553527832031,75.1561508178711,74.0584945678711,72.62345886230469,71.2015151977539,70.10714721679688,69.2582778930664,68.65624237060547,68.34547424316406,68.26074981689453,68.62261199951172,69.15168762207031,68.85990142822266,67.02935791015625
78.66145324707031,77.95333099365234,79.07310485839844,80.4967269897461,82.662353515625,83.51934051513672,83.11367797851562,82.44256591796875,81.95521545410156,81.77894592285156,81.92475128173828,82.02462768554688,81.4376449584961,80.45120239257812,80.7649154663086,82.94657135009766,84.81187438964844,84.39199829101562,81.9026107788086,79.16178131103516,77.83268737792969,77.6507797241211,77.52476501464844,77.15328216552734,76.58137512207031,75.84750366210938,75.10736083984375,74.81414031982422,75.1299057006836,75.72040557861328,75.9020004272461,75.4016342163086,74.8310317993164,74.39852142333984,73.76659393310547,73.11846160888672,72.55754852294922,71.79087829589844,70.76913452148438,70.11219787597656,70.4532241821289,70.65177917480469,69.1202163696289,66.68225860595703
79.32337951660156,77.5098876953125,78.63572692871094,79.96981048583984,81.67432403564453,82.50753021240234,82.35259246826172,81.89677429199219,81.61395263671875,81.60551452636719,81.89994049072266,82.43245697021484,82.43087005615234,81.69316864013672,82.02977752685547,84.38574981689453,86.65718078613281,86.96273803710938,85.32135772705078,82.76876068115234,80.82128143310547,80.05452728271484,79.79776000976562,79.34064483642578,78.48509979248047,77.4314956665039,76.5738296508789,76.19495391845703,76.34622192382812,76.68769073486328,76.359130859375,75.27108764648438,74.71891784667969,74.98918151855469,75.12310028076172,75.06610107421875,75.05648803710938,74.49356842041016,73.07280731201172,71.85504150390625,71.91382598876953,71.79171752929688,69.2651596069336,65.86012268066406
79.92577362060547,76.817626953125,77.82854461669922,78.95430755615234,79.9906997680664,80.6360855102539,80.63557434082031,80.20940399169922,79.75068664550781,79.48019409179688,79.70646667480469,80.5918197631836,81.34048461914062,81.31330108642578,81.85482788085938,84.10846710205078,86.68746185302734,88.04776000976562,87.89667510986328,86.57331085205078,84.88666534423828,83.47406768798828,82.3774185180664,81.32315063476562,80.0794906616211,78.76768493652344,77.81502532958984,77.39329528808594,77.58814239501953,77.98262023925781,77.44798278808594,75.90714263916016,75.10904693603516,75.54610443115234,76.16551971435547,76.61744689941406,76.93154907226562,76.1431884765625,74.4290542602539,73.7406005859375,74.03357696533203,73.10900115966797,69.42377471923828,65.2105484008789
80.7166519165039,76.31617736816406,76.91789245605469,77.58634948730469,77.7539291381836,78.09503936767578,78.20368957519531,77.72180938720703,76.85437774658203,76.03422546386719,76.02668762207031,77.10491943359375,78.19715118408203,78.58747863769531,79.54434204101562,82.03565979003906,84.72877502441406,86.42882537841797,87.27185821533203,87.447021484375,87.06265258789062,86.2426986694336,84.94410705566406,83.19034576416016,81.32493591308594,79.68844604492188,78.63671112060547,78.30406951904297,78.85610961914062,79.44660949707031,78.94954681396484,77.55696868896484,76.89256286621094,77.13733673095703,77.5682601928711,78.13252258300781,78.42843627929688,77.21424865722656,75.44735717773438,75.20161437988281,75.91289520263672,74.66242218017578,70.01496124267578,64.92552947998047
80.79325103759766,76.06187438964844,76.2372055053711,76.34837341308594,75.71302795410156,75.59671783447266,75.57234954833984,74.97798156738281,73.82268524169922,72.59188842773438,72.33871459960938,73.4152603149414,74.42364501953125,74.61766815185547,75.71762084960938,78.80738830566406,81.89549255371094,83.38221740722656,84.06539916992188,84.84236907958984,85.5511245727539,85.68795013427734,84.9453125,83.4944839477539,81.86917114257812,80.40666198730469,79.48926544189453,79.4594955444336,80.38739776611328,80.93925476074219,80.35257720947266,79.50462341308594,79.12389373779297,78.80006408691406,78.7005615234375,79.35163879394531,79.73892974853516,78.67195129394531,77.06146240234375,76.78162384033203,77.0288314819336,75.0812759399414,70.52772521972656,66.46000671386719
79.1285171508789,75.18622589111328,75.30072021484375,75.12642669677734,74.10718536376953,73.4109115600586,72.97813415527344,72.32498168945312,71.25189971923828,69.99388885498047,69.50012969970703,70.22684478759766,71.0863037109375,71.29844665527344,72.3735580444336,75.6821060180664,79.2007827758789,80.54496002197266,80.47792053222656,80.73081970214844,81.50767517089844,82.07492065429688,81.94398498535156,81.31511688232422,80.51751708984375,79.7374496459961,79.46238708496094,80.26322174072266,81.67228698730469,82.30918884277344,81.9513931274414,81.69384002685547,80.80691528320312,79.40747833251953,79.26033782958984,80.66497802734375,81.59797668457031,80.76427459716797,79.27875518798828,78.19398498535156,76.748779296875,74.7410659790039,72.4698486328125,70.1376724243164
77.20480346679688,74.50180053710938,74.50790405273438,74.03019714355469,72.64710235595703,71.29188537597656,70.46277618408203,69.96893310546875,69.3258056640625,68.36799621582031,67.65624237060547,67.79009246826172,68.53533172607422,69.46232604980469,71.11473846435547,74.34239959716797,77.56385803222656,78.47400665283203,77.63563537597656,76.94206237792969,77.00402069091797,77.37752532958984,77.59027099609375,77.7083969116211,77.59815216064453,77.24642944335938,77.4971694946289,79.10578918457031,81.11300659179688,82.37079620361328,83.37142181396484,83.361328125,81.47899627685547,79.98174285888672,80.96719360351562,82.7834701538086,83.10548400878906,82.18058776855469,81.04802703857422,79.17501831054688,76.77035522460938,75.42047119140625,74.95809936523438,73.80287170410156
76.65011596679688,74.25516510009766,73.89015197753906,72.9375,70.88876342773438,68.99308776855469,67.9955062866211,67.80673217773438,67.6632080078125,66.97865295410156,66.0904312133789,65.9161148071289,66.82952880859375,68.6585922241211,71.33332061767578,74.91416931152344,77.56078338623047,77.49995422363281,75.74697875976562,74.0968017578125,73.26514434814453,73.19060516357422,73.51883697509766,74.00874328613281,74.21479034423828,73.97545623779297,74.43380737304688,76.30191040039062,78.62693786621094,81.00360870361328,83.28779602050781,82.8377685546875,80.82936096191406,81.0136947631836,83.56172943115234,85.20618438720703,84.28144073486328,82.87004852294922,81.76319885253906,79.84312438964844,77.36528778076172,76.48875427246094,76.9634780883789,77.22042846679688
76.6759033203125,73.02033996582031,72.4132080078125,71.19823455810547,68.65351867675781,66.70198059082031,65.87259674072266,65.82809448242188,65.71112823486328,64.99799346923828,64.14730834960938,64.13331604003906,65.34750366210938,67.67940521240234,71.20037841796875,75.47791290283203,77.99396514892578,77.2885513305664,74.81426239013672,72.40880584716797,70.8831558227539,70.38749694824219,70.58645629882812,71.00129699707031,71.1529541015625,71.0770263671875,71.62120056152344,73.3691177368164,75.97620391845703,79.48707580566406,81.71311950683594,80.83309173583984,79.89848327636719,81.69577026367188,84.886962890625,85.78170776367188,84.2917709350586,82.61470794677734,81.1744384765625,79.3893051147461,78.0566177368164,78.17984771728516,78.94419860839844,79.22673797607422
76.53939056396484,71.72216796875,70.9116439819336,69.4510726928711,66.77865600585938,65.28961944580078,64.84227752685547,64.67103576660156,64.1956787109375,63.37578201293945,62.68364334106445,62.74509048461914,63.89445877075195,66.25647735595703,70.08473205566406,74.48622131347656,76.99457550048828,76.43180084228516,73.91378784179688,71.21271514892578,69.44612121582031,68.82950592041016,68.91665649414062,69.10234069824219,69.03469848632812,68.86854553222656,69.27427673339844,70.96612548828125,74.40984344482422,78.78759002685547,80.60607147216797,79.58058166503906,79.41638946533203,81.63484191894531,83.66976165771484,84.16948699951172,83.45160675048828,81.15022277832031,78.38465881347656,77.32542419433594,78.5565185546875,80.09127807617188,80.26494598388672,77.90408325195312
76.37032318115234,71.23054504394531,70.17230987548828,68.4012222290039,65.72260284423828,64.84854888916016,64.7999496459961,64.43480682373047,63.73945617675781,63.09163284301758,62.6070442199707,62.508087158203125,63.21975326538086,65.2691421508789,68.88583374023438,72.68861389160156,74.6622314453125,74.24380493164062,72.10916900634766,69.55726623535156,67.77670288085938,67.16127014160156,67.36768341064453,67.71314239501953,67.52259826660156,67.1022720336914,67.4543685913086,69.44508361816406,74.3990249633789,79.91974639892578,80.85223388671875,78.87879180908203,79.07110595703125,80.83728790283203,81.60693359375,82.27720642089844,81.38780975341797,77.26876831054688,74.03670501708984,75.31404876708984,78.59599304199219,80.5011978149414,77.65151977539062,70.35183715820312
