data/wind_data/wind_2025-02-20_11.json
{"header": {"parameterUnit": "KT", "parameterCategory": 2, "nx": 255, "ny": 198, "lo1": 44.73521041870117, "la1": -3.236724853515625, "lo2": 111.26478576660156, "la2": 43.468475341796875, "dx": 0.26192745566368103, "dy": -0.23708222806453705, "refTime": "2025-02-20 11:00:00", "forecastTime": 0, "parameterNumber": 3, "parameterNumberName": "northward_wind"}, "data":
[rows 133 to 151 of 198, columns 172 to 214 of 255]
-1.039680004119873,-1.1539521217346191,2.027512788772583,5.811299800872803,3.029583215713501,5.177162170410156,8.837676048278809,8.044747352600098,6.3473968505859375,6.063667297363281,5.2002339363098145,4.4618730545043945,2.361353635787964,-3.328068494796753,-1.9437475204467773,2.0939724445343018,4.526183605194092,3.904705286026001,0.2958002984523773,-1.7969695329666138,-1.9252735376358032,-0.42135173082351685,2.176412582397461,2.237492084503174,4.24691915512085,6.320855617523193,10.338814735412598,6.547591686248779,2.138561487197876,4.27975606918335,5.550447463989258,5.577991008758545,5.69594144821167,6.665866851806641,7.557735443115234,6.783763885498047,7.664079666137695,10.342891693115234,11.252004623413086,9.946601867675781,8.289122581481934,5.434247970581055,1.3402544260025024
-2.937626838684082,-2.9638333320617676,-4.485918045043945,5.293280601501465,11.176775932312012,7.544315338134766,5.787569522857666,6.373210430145264,6.834667205810547,7.738393783569336,7.9733428955078125,3.3668363094329834,0.6919726133346558,0.04147319123148918,2.231593132019043,6.299811363220215,5.45216178894043,3.3992249965667725,2.501112937927246,3.8751096725463867,3.506497383117676,4.212195873260498,6.972349643707275,7.825708866119385,8.491172790527344,8.73853588104248,8.275761604309082,3.7970800399780273,3.2747602462768555,5.570063591003418,5.987457752227783,4.5675249099731445,4.36253023147583,5.216141223907471,6.342940330505371,6.200338363647461,5.582997798919678,9.1302490234375,11.496678352355957,9.9819974899292,7.9928364753723145,1.2831493616104126,-4.59329080581665
-2.6150877475738525,-0.9283083081245422,-3.8448848724365234,-3.3917675018310547,-1.5942670106887817,-2.963834762573242,-2.2759034633636475,3.16276478767395,4.513284683227539,3.3332748413085938,4.243074417114258,3.8975274562835693,4.379405498504639,5.359878063201904,5.399553298950195,6.621014595031738,9.35897445678711,8.879776000976562,6.987295150756836,9.928781509399414,10.815284729003906,9.268911361694336,10.446327209472656,11.768926620483398,10.7379150390625,9.634298324584961,8.326371192932129,6.713354587554932,5.993681907653809,5.245323181152344,4.232725620269775,4.222536087036133,4.825461387634277,3.8512988090515137,3.4199976921081543,4.828731536865234,2.7565643787384033,5.029860496520996,4.722075462341309,4.943364143371582,4.706880569458008,2.1418421268463135,-0.8724369406700134
-10.060319900512695,-7.432013034820557,-10.169344902038574,-12.512805938720703,-14.742473602294922,-8.589543342590332,-5.349414825439453,-0.08246319741010666,3.7508411407470703,2.752821683883667,2.8261215686798096,3.4907233715057373,3.7830092906951904,5.900210380554199,6.37219762802124,4.652504920959473,8.316915512084961,10.739729881286621,11.038694381713867,14.362996101379395,15.52597713470459,14.758383750915527,14.412698745727539,13.156907081604004,10.301827430725098,9.194472312927246,8.62180233001709,7.866266250610352,6.765207767486572,4.134247779846191,1.9697754383087158,2.968585729598999,1.7292793989181519,-2.7607827186584473,-4.993717670440674,-0.36046698689460754,0.7598330974578857,4.341290473937988,6.662215709686279,6.993871212005615,3.475332498550415,1.6288357973098755,-0.9968647360801697
-8.218574523925781,-6.791787147521973,-8.795467376708984,-9.058197021484375,-8.158578872680664,-5.178471565246582,-4.357335567474365,-4.0720086097717285,-1.8963961601257324,0.8789033889770508,0.8571670651435852,0.045013923197984695,2.5011942386627197,3.899155855178833,7.799660682678223,5.591940879821777,5.500216007232666,8.755521774291992,11.630008697509766,13.772032737731934,14.383371353149414,13.790238380432129,12.063139915466309,10.896546363830566,9.914251327514648,9.327219009399414,9.311230659484863,8.156567573547363,6.216297626495361,3.2561702728271484,2.0930163860321045,1.4644380807876587,-3.01019549369812,-6.674593448638916,-7.118289470672607,-2.834892511367798,0.4556621313095093,0.45842844247817993,4.770698547363281,7.246309757232666,4.157011985778809,0.6445708870887756,-2.169335126876831
-2.0237553119659424,-4.558160781860352,-4.520498275756836,-3.160961627960205,-2.031724691390991,-3.8047096729278564,-5.900798320770264,-6.7788543701171875,-5.979549407958984,-4.863008975982666,-4.347516059875488,-2.766732931137085,-0.1634538322687149,-0.03258844092488289,4.6602396965026855,8.760160446166992,6.716643333435059,6.06215238571167,7.159865379333496,7.307305335998535,7.000856876373291,6.992075443267822,6.227580547332764,8.807326316833496,10.082356452941895,10.130931854248047,10.074939727783203,9.297532081604004,7.028102874755859,4.531437397003174,3.73595929145813,2.1076157093048096,-0.8491614460945129,-0.2347581833600998,2.3714118003845215,1.4598559141159058,-0.8014022707939148,-3.7212142944335938,-1.400179386138916,0.5885883569717407,1.323561668395996,0.35145023465156555,-1.5467395782470703
-0.8546965718269348,-4.278608798980713,-4.657519817352295,-4.4763898849487305,-5.456142902374268,-6.461964130401611,-6.8005828857421875,-6.3831939697265625,-5.7722392082214355,-5.526551723480225,-5.2774338722229,-4.9903564453125,-4.489570140838623,-3.6647744178771973,-0.34117811918258667,5.751752853393555,7.2723588943481445,5.45235013961792,3.9151902198791504,3.4572198390960693,3.7071964740753174,3.9050750732421875,4.043905735015869,5.61658239364624,7.311727046966553,9.039340019226074,9.047337532043457,7.884647369384766,6.584275245666504,6.1420087814331055,4.7735466957092285,3.2155728340148926,3.5716073513031006,5.405050277709961,5.464859962463379,3.184300422668457,-2.898427724838257,-2.595027446746826,-1.8570094108581543,-3.0510618686676025,-3.443439483642578,-3.3335859775543213,-3.7874972820281982
-1.687534213066101,-1.8387569189071655,-2.278552532196045,-4.2046074867248535,-5.46032190322876,-5.490541934967041,-5.504604339599609,-6.268123149871826,-6.913811206817627,-6.715280532836914,-6.429886341094971,-6.134670257568359,-6.441194534301758,-5.580169677734375,-5.2515482902526855,-2.055988311767578,3.5456440448760986,6.131949424743652,5.282367706298828,4.846307754516602,6.053314685821533,7.507323265075684,6.9455952644348145,6.763145923614502,8.058541297912598,9.202075958251953,8.85239315032959,7.139118194580078,6.581231117248535,6.431272983551025,4.131436347961426,2.527585983276367,3.3627614974975586,4.061121940612793,0.23152223229408264,-1.983725905418396,-4.75861930847168,-2.5120203495025635,-2.12654185295105,-1.8616342544555664,-2.2572009563446045,-3.1394879817962646,-3.3716301918029785
0.3420768976211548,-0.14132128655910492,0.2315937876701355,0.595613420009613,-0.8930373191833496,-2.8870835304260254,-4.540390968322754,-5.838512897491455,-6.554593563079834,-6.902401447296143,-7.075066566467285,-6.90764045715332,-6.69784688949585,-6.586620807647705,-6.6427812576293945,-6.517849922180176,-3.292032241821289,2.6909546852111816,5.593944549560547,4.782323360443115,8.348526954650879,10.12398910522461,10.749059677124023,9.83580493927002,10.297810554504395,10.5416259765625,9.607901573181152,8.097442626953125,6.691153526306152,4.0159149169921875,1.451399803161621,2.1868062019348145,2.3715357780456543,0.25282925367355347,-2.04451060295105,-3.251309633255005,-3.822164535522461,-3.2259976863861084,-3.2478580474853516,-2.829024076461792,-3.320368766784668,-3.6147170066833496,-3.8216397762298584
-0.7448456287384033,-3.0292038917541504,-4.021111011505127,-2.033090829849243,-0.42036089301109314,-0.8224469423294067,-1.5015811920166016,-2.180246114730835,-3.215061902999878,-4.264806747436523,-4.826566219329834,-5.501811981201172,-5.574297904968262,-5.864968776702881,-6.388348579406738,-6.507200717926025,-5.729156970977783,-2.8754220008850098,0.5089958310127258,2.240384578704834,5.014168739318848,7.908323287963867,10.908270835876465,12.044751167297363,11.983819007873535,10.831130027770996,9.03923225402832,7.526839256286621,6.318484306335449,4.54638671875,3.6890954971313477,4.616873264312744,4.014852046966553,1.5935372114181519,1.40966796875,0.6496308445930481,-1.8138338327407837,-3.6669459342956543,-4.038139820098877,-3.4596025943756104,-3.020390748977661,-2.181335687637329,-1.140223503112793
-6.703784465789795,-6.606248378753662,-5.160337924957275,-2.0891904830932617,1.8205018043518066,2.8969926834106445,1.486424446105957,-0.3600045144557953,-2.2491655349731445,-4.015158176422119,-5.302793979644775,-6.082447052001953,-6.510688304901123,-6.274032115936279,-6.51067590713501,-6.478400230407715,-5.522964000701904,-4.906797885894775,-4.622406959533691,-3.010634660720825,0.8655512928962708,5.058535099029541,9.019164085388184,9.46300220489502,8.161067962646484,8.052572250366211,7.339780330657959,6.1622467041015625,5.496008396148682,3.797461986541748,1.8522863388061523,3.0209991931915283,3.056692123413086,1.7445298433303833,0.38158220052719116,-1.3626354932785034,-3.4598352909088135,-4.309484004974365,-3.8265316486358643,-3.061919689178467,-2.1313891410827637,-0.7250083684921265,0.26692265272140503
0.4848853647708893,4.5915751457214355,6.874725818634033,6.574958324432373,4.406365394592285,1.6692224740982056,-1.695884108543396,-4.844898700714111,-6.187160968780518,-6.799657344818115,-7.360127925872803,-7.6801838874816895,-7.579241752624512,-7.1762309074401855,-6.976108551025391,-5.979474067687988,-6.328113555908203,-6.277022838592529,-6.71121072769165,-6.89065408706665,-1.8880977630615234,2.9291036128997803,3.6327733993530273,1.8275320529937744,-0.8636054396629333,0.21544356644153595,1.081181287765503,1.111162781715393,1.1118574142456055,-2.039515256881714,-5.809891700744629,-2.186093330383301,-1.3413138389587402,-2.9005720615386963,-3.9168856143951416,-4.363130569458008,-4.296826362609863,-2.6708219051361084,-0.6955523490905762,0.08113021403551102,0.35036107897758484,0.5028692483901978,-0.5117957592010498
7.867544651031494,9.61500358581543,8.110258102416992,3.5411670207977295,-2.105426788330078,-5.293929576873779,-6.748040676116943,-8.76933765411377,-7.780913352966309,-7.375826835632324,-7.181987762451172,-7.245156764984131,-7.476393699645996,-7.352969646453857,-7.136404991149902,-6.0649542808532715,-4.628006458282471,-4.899078845977783,-6.9067254066467285,-7.664933681488037,-6.6842942237854,-2.1705377101898193,-0.6851416826248169,0.6168515682220459,0.7029736638069153,0.8786430954933167,0.37142887711524963,-0.901158332824707,0.09794244170188904,-0.43749871850013733,-1.422022819519043,-0.5477431416511536,-2.3786463737487793,-3.646967887878418,-2.9838125705718994,-2.6650736331939697,-1.7950798273086548,-0.05282663553953171,1.5029730796813965,2.550130844116211,1.9813491106033325,0.12887640297412872,-2.571338176727295
-1.5076655149459839,-1.8548228740692139,-2.417919874191284,-5.03742790222168,-7.803645133972168,-8.185830116271973,-6.806623935699463,-6.747116565704346,-6.282386779785156,-5.844166278839111,-5.512946128845215,-5.43347692489624,-5.817803859710693,-5.994730472564697,-5.330109596252441,-5.718877792358398,-4.734309196472168,-4.303417205810547,-7.324090003967285,-8.323515892028809,-8.87018871307373,-6.619551658630371,-5.250374794006348,-1.8618699312210083,2.953192949295044,2.9366278648376465,3.724543571472168,2.6871423721313477,2.8623390197753906,4.865175247192383,5.76600456237793,4.237700462341309,2.060281991958618,1.577131986618042,1.513751745223999,1.4209643602371216,1.7057859897613525,1.7871030569076538,1.5565077066421509,1.6115293502807617,1.4818650484085083,0.22254273295402527,-1.045256495475769
-2.4265427589416504,-3.1159586906433105,-4.484266757965088,-5.708412170410156,-6.468077659606934,-6.9017744064331055,-4.696972370147705,-4.446602821350098,-4.593391418457031,-3.9914450645446777,-4.048240661621094,-4.441386699676514,-5.296168804168701,-6.010214805603027,-5.866504669189453,-6.757946968078613,-7.522067070007324,-5.255125522613525,-3.3149983882904053,-2.739964485168457,-2.246735095977783,-2.6703763008117676,-4.178681373596191,-4.377443790435791,-2.105058431625366,-0.9723080396652222,2.558387517929077,5.197780132293701,4.563961505889893,5.205660820007324,5.854551792144775,5.138463497161865,4.438541889190674,4.519766330718994,4.649580001831055,4.256049156188965,3.82881498336792,3.4176759719848633,2.966176748275757,2.4750993251800537,2.508963108062744,2.223001003265381,2.0569851398468018
0.14561358094215393,-2.0243961811065674,-4.362035274505615,-4.679656505584717,-3.403278350830078,-3.713756799697876,-1.1491584777832031,-2.8049092292785645,-3.836430788040161,-4.587464332580566,-5.652220249176025,-6.853189945220947,-7.819369316101074,-8.373251914978027,-8.311676979064941,-7.731391429901123,-7.575679779052734,-4.7541937828063965,-1.2832640409469604,-0.6423799991607666,-0.7016463875770569,2.823263645172119,4.637685775756836,3.570611000061035,0.1425214409828186,-0.9666338562965393,-0.4635713994503021,3.9836864471435547,4.6049275398254395,2.8376145362854004,2.66180419921875,4.02628231048584,4.910157680511475,5.086089611053467,4.95607852935791,4.92604923248291,4.5946550369262695,4.307382583618164,4.096645355224609,3.6570932865142822,3.3937227725982666,2.8596031665802,2.692493438720703
-0.9191937446594238,-2.8663110733032227,-3.2876057624816895,-3.6256120204925537,-2.8141865730285645,-2.6787240505218506,-2.7225890159606934,-4.058187007904053,-5.2482500076293945,-6.21462869644165,-6.900763511657715,-7.552786827087402,-7.8573384284973145,-7.632183074951172,-7.535948753356934,-7.242063999176025,-6.9268975257873535,-6.958423614501953,-7.728762149810791,-6.297952175140381,-7.219684600830078,-3.039383888244629,2.1836087703704834,2.938810110092163,0.1577036827802658,-2.4419384002685547,-4.564190864562988,-3.4015750885009766,-0.7014611959457397,0.01940171979367733,1.1104199886322021,2.199817419052124,4.035762786865234,4.663571357727051,4.621355056762695,4.516356468200684,4.227865695953369,3.7573015689849854,3.640540838241577,3.5992746353149414,3.3249826431274414,2.4593398571014404,1.9442967176437378
-0.1879679262638092,-1.3908308744430542,-1.9927682876586914,-2.7034871578216553,-3.1674699783325195,-3.4164140224456787,-4.3295793533325195,-4.357780933380127,-4.983806610107422,-5.620545864105225,-6.2661542892456055,-7.0270771980285645,-7.257393836975098,-6.608644485473633,-6.404449462890625,-6.5874481201171875,-6.469870090484619,-6.1285834312438965,-6.051051139831543,-5.114727973937988,-4.538451194763184,-3.4775264263153076,-1.8790589570999146,-2.7857284545898438,-4.128884315490723,-2.348588466644287,-2.213221788406372,-2.336026191711426,0.302642285823822,1.7811470031738281,3.086885452270508,3.4460647106170654,4.075891017913818,4.637775897979736,3.82639479637146,3.2086613178253174,3.039252281188965,2.8817150592803955,2.8243961334228516,1.7965362071990967,0.4886992275714874,-1.0889194011688232,-1.5842902660369873
0.14165808260440826,-1.1146186590194702,-1.570738434791565,-1.9360527992248535,-2.28318190574646,-2.9237303733825684,-3.5793561935424805,-4.533792018890381,-5.108612537384033,-5.573271751403809,-6.015754699707031,-6.980810165405273,-6.945586681365967,-5.9331583976745605,-5.562748432159424,-4.9232330322265625,-4.497762680053711,-3.6963272094726562,-2.9166653156280518,-3.02750825881958,-2.3393704891204834,-1.4297538995742798,-1.9445998668670654,-2.954843282699585,-2.022118330001831,0.6839629411697388,3.97640061378479,4.789724826812744,6.08109712600708,6.639251232147217,6.567346096038818,5.922451972961426,5.092207908630371,4.476158142089844,4.097467422485352,3.6741745471954346,3.0417017936706543,2.2021350860595703,-0.09913285076618195,-2.5299887657165527,-3.9245059490203857,-4.067241191864014,-2.9107093811035156
