data/wind_data/wind_32_9.json
{"header": {"parameterUnit": "KT", "parameterCategory": 2, "nx": 256, "ny": 198, "lo1": 44.73521041870117, "la1": -3.236724853515625, "lo2": 111.26478576660156, "la2": 43.468475341796875, "dx": 0.2609002888202667, "dy": -0.23708222806453705, "refTime": "2025-02-20 08:00:00", "forecastTime": 0, "parameterNumber": 2, "parameterNumberName": "eastward_wind"}, "data":
[rows 114 to 132 of 198, columns 172 to 214 of 256]
4.0204010009765625,3.6813836097717285,3.973860502243042,5.100749492645264,5.9013471603393555,5.40302848815918,4.885390281677246,4.9640421867370605,4.829592704772949,3.2959115505218506,1.9979660511016846,1.7674299478530884,1.1538976430892944,0.11900988221168518,-0.8845804929733276,-1.3485897779464722,-1.2027921676635742,-0.5116698145866394,-0.3852429986000061,-1.2405083179473877,-1.0143394470214844,-0.704216718673706,-0.9703356027603149,-1.4386107921600342,-2.92571759223938,-3.1880202293395996,-1.606905460357666,0.078660748898983,1.3627197742462158,2.411026954650879,3.185788869857788,3.398733615875244,2.715334415435791,1.5225335359573364,1.4408693313598633,2.6994705200195312,4.047026634216309,4.018930912017822,3.1698594093322754,2.7580363750457764,3.231186866760254,3.5002527236938477,2.7008352279663086
5.387638568878174,4.8462724685668945,4.41933536529541,4.920381546020508,5.629940032958984,5.315748691558838,4.887566089630127,5.149994850158691,5.185794830322266,3.7849481105804443,2.0988786220550537,1.5248591899871826,0.7996249198913574,-0.31793421506881714,-1.2628135681152344,-1.2829885482788086,-0.31102877855300903,0.8935831189155579,1.2558996677398682,0.09956143796443939,-0.8545754551887512,0.22626405954360962,-0.005001051351428032,-1.0736703872680664,-2.2057197093963623,-2.910367727279663,-1.21559739112854,0.25218409299850464,0.718397855758667,1.3350727558135986,2.450251817703247,3.4953439235687256,3.622046709060669,2.303579568862915,1.5492923259735107,2.9914090633392334,4.702381134033203,3.9785208702087402,2.2955408096313477,1.324865460395813,1.8720245361328125,3.1376471519470215,3.0865488052368164
5.526777267456055,4.857722282409668,3.949352502822876,3.989546775817871,4.395444869995117,4.531452178955078,4.803783893585205,5.428065776824951,5.587597370147705,4.529312610626221,2.848301649093628,2.071810007095337,1.5894067287445068,0.7755127549171448,-0.16035252809524536,-0.48417362570762634,0.3628791570663452,1.7866253852844238,2.585216760635376,2.063406467437744,0.27187901735305786,0.2832143008708954,0.8928929567337036,-1.0954031944274902,-2.6045756340026855,-3.1587047576904297,-1.0441726446151733,1.2213717699050903,1.1733620166778564,0.6466104388237,1.335781216621399,2.7218258380889893,3.8009655475616455,3.167603015899658,2.135327100753784,3.1086831092834473,4.702278137207031,3.9146058559417725,2.1234591007232666,0.9905607104301453,1.2264211177825928,1.9535136222839355,1.4070323705673218
3.4152915477752686,2.5239200592041016,2.1980555057525635,2.7653768062591553,2.8614084720611572,3.0245554447174072,4.582586288452148,6.266555309295654,6.341783046722412,5.352667808532715,4.099498748779297,3.431429386138916,2.89044189453125,2.0143344402313232,0.8647717237472534,0.05415176972746849,0.5400712490081787,1.7974172830581665,2.8437154293060303,3.055544853210449,1.8743222951889038,0.25436529517173767,1.2764357328414917,-0.3362728953361511,-2.6784379482269287,-3.998065948486328,-1.892791748046875,1.3361223936080933,2.0131335258483887,0.981441080570221,0.7798071503639221,1.3790867328643799,2.5577585697174072,3.069762706756592,2.2908551692962646,2.576117992401123,4.0199689865112305,3.919720411300659,3.0590081214904785,2.023698091506958,1.327736258506775,1.0031272172927856,-0.20091688632965088
0.1814216524362564,-0.1202494204044342,1.0307186841964722,2.4061036109924316,2.552243232727051,2.335200071334839,4.540185928344727,7.613216876983643,7.647977352142334,6.282748699188232,5.212746620178223,4.348371505737305,3.205612897872925,1.8937441110610962,0.4423103928565979,-0.15672972798347473,0.5201249718666077,1.403091311454773,1.8803753852844238,1.853087306022644,1.4525353908538818,0.6389052271842957,1.1524378061294556,0.4733318090438843,-1.499652624130249,-2.413625478744507,-2.077826738357544,-0.07804927229881287,1.025156855583191,0.4176510274410248,0.5648687481880188,0.9016314148902893,0.7656015753746033,1.3166275024414062,1.5641565322875977,2.221074104309082,3.7573251724243164,3.989886999130249,3.7289865016937256,3.4248151779174805,2.3427159786224365,1.350846529006958,-0.38452503085136414
-1.1870298385620117,-0.35183480381965637,1.8468934297561646,3.605104446411133,4.0707244873046875,3.882473945617676,5.377512454986572,8.052214622497559,8.139442443847656,6.369899749755859,4.765517234802246,3.546863317489624,2.2083146572113037,0.5542435050010681,-0.41536596417427063,-0.03694916516542435,0.8320686221122742,1.297934651374817,1.0372734069824219,0.48969897627830505,0.24704450368881226,0.3376084864139557,0.6598049402236938,1.4104888439178467,0.47632238268852234,-0.5494878888130188,-1.3011069297790527,-1.2268445491790771,-0.8908311128616333,-1.09995436668396,-0.4283788204193115,0.23896373808383942,-0.22854721546173096,0.0512026771903038,1.3201169967651367,2.6863021850585938,4.090003490447998,4.430186748504639,3.8477728366851807,3.523934841156006,3.370342254638672,2.8398773670196533,1.1217912435531616
-0.8320538997650146,1.0882961750030518,4.184368133544922,6.095536708831787,6.499406814575195,5.528858184814453,5.347030162811279,6.907455921173096,6.580713748931885,4.515867710113525,2.9760334491729736,2.056544542312622,1.2115987539291382,0.6479946374893188,1.152785062789917,2.0567941665649414,2.2752339839935303,1.6745498180389404,0.9424884915351868,0.19540387392044067,-0.3697850704193115,-0.3698686957359314,0.18946537375450134,1.5849552154541016,2.0060746669769287,1.1947633028030396,0.5371971130371094,-0.615242063999176,-1.9416861534118652,-2.2981209754943848,-1.820219874382019,-0.5968747735023499,0.07453137636184692,0.7557727098464966,2.180067300796509,3.7012007236480713,4.894345760345459,5.316922187805176,4.735124111175537,3.4396300315856934,3.3001668453216553,3.397306442260742,2.449373245239258
-0.04457322135567665,2.129793167114258,5.156168460845947,6.44257926940918,4.305729389190674,1.9730443954467773,2.805466651916504,4.651915073394775,4.027045249938965,2.533623695373535,2.492356300354004,2.697774648666382,2.606966733932495,3.019076108932495,3.528149127960205,3.6224308013916016,2.9004385471343994,1.676378607749939,0.7480568885803223,0.3600442707538605,0.47036680579185486,0.8887457251548767,1.4306199550628662,2.316925525665283,2.758204460144043,2.4592981338500977,1.878017783164978,0.923578679561615,-0.517950177192688,-1.6091843843460083,-1.96835458278656,-0.9482825994491577,0.726809561252594,1.6631861925125122,2.784420967102051,4.29571533203125,5.508288860321045,6.097598075866699,5.863133430480957,4.421756267547607,3.4011659622192383,3.1211845874786377,2.631843328475952
-1.1559447050094604,0.17004846036434174,1.3581615686416626,0.07502004504203796,-2.95668888092041,-2.218827247619629,1.3976258039474487,3.2828023433685303,2.8694815635681152,2.71205735206604,3.7762300968170166,3.820378541946411,3.9386885166168213,4.112317085266113,3.2149055004119873,2.5436387062072754,2.2133893966674805,1.8540773391723633,1.8914774656295776,2.3661112785339355,3.1118433475494385,3.7425382137298584,3.843501567840576,3.625990867614746,3.4528067111968994,3.1223926544189453,2.8078153133392334,2.350883960723877,1.4617558717727661,0.260716050863266,-0.7495162487030029,-0.40746164321899414,0.5500567555427551,1.046140432357788,2.061166763305664,3.754237651824951,5.34443998336792,6.588188171386719,6.869114398956299,5.447679042816162,3.8075294494628906,2.777153253555298,1.9562655687332153
-1.303790807723999,-2.6935672760009766,-4.854649066925049,-6.727550506591797,-5.396426677703857,-0.8949211239814758,2.2926998138427734,3.2733962535858154,4.283108711242676,4.562756061553955,3.344447612762451,3.361494302749634,3.633636236190796,2.250687599182129,1.51993727684021,2.637712001800537,3.5445010662078857,3.915902614593506,4.391350269317627,5.394411087036133,6.568442344665527,6.735711574554443,5.504798412322998,3.941711664199829,3.333893060684204,3.42220401763916,3.7961513996124268,3.996126413345337,3.3264503479003906,1.8413115739822388,0.5527452230453491,0.09246359765529633,-0.4405028820037842,-0.4756993353366852,1.011595606803894,3.082443952560425,5.254517078399658,7.184624195098877,7.350640296936035,5.253908634185791,3.460681438446045,2.4245827198028564,1.0980498790740967
-1.1995831727981567,-3.5292952060699463,-4.199342727661133,-3.7556145191192627,-1.5646952390670776,0.5398907661437988,1.6191942691802979,3.5553388595581055,5.445606231689453,4.651013374328613,2.8308093547821045,2.9533305168151855,2.4817099571228027,1.6278440952301025,2.886432647705078,4.415006160736084,5.067194938659668,5.618481636047363,6.429508686065674,7.619339942932129,8.133727073669434,6.66373872756958,4.430552959442139,3.245617151260376,3.364121198654175,3.9903175830841064,5.0664825439453125,5.458073139190674,4.713562488555908,3.371504068374634,1.5791102647781372,-0.34902799129486084,-1.7703416347503662,-0.7087004780769348,1.5044078826904297,3.2792346477508545,5.318742752075195,7.2893757820129395,7.195154190063477,4.560331344604492,2.5151071548461914,1.7377848625183105,0.5182813405990601
-1.0809191465377808,-3.03998064994812,-0.9218647480010986,2.1332035064697266,2.0087826251983643,-0.9552047252655029,-0.816864013671875,1.7898298501968384,4.052737236022949,4.139840602874756,4.062335014343262,3.9824533462524414,2.3353025913238525,2.2349066734313965,4.1248698234558105,5.1033101081848145,5.087072849273682,6.156266212463379,7.47265625,7.519375801086426,6.311798572540283,4.24083948135376,2.733377695083618,3.2955503463745117,4.406515121459961,5.213988304138184,6.161857604980469,6.352149486541748,5.8030619621276855,4.242002964019775,1.2638851404190063,-0.9418247938156128,-1.2516849040985107,0.32918137311935425,1.7304956912994385,2.8484878540039062,4.360219478607178,5.962015628814697,6.302757263183594,4.228704929351807,1.8205384016036987,0.9409986734390259,0.10745726525783539
0.42465415596961975,-1.4978774785995483,0.4453362822532654,2.7149105072021484,1.2177273035049438,-2.90980863571167,-3.1841397285461426,-1.0774086713790894,1.9438462257385254,4.388595104217529,5.6307783126831055,5.244439125061035,3.7902073860168457,3.2413980960845947,3.44164776802063,4.20769739151001,5.361392498016357,6.862316131591797,7.492806434631348,5.634937286376953,3.57053542137146,2.1073460578918457,1.9260536432266235,3.8313679695129395,5.737942218780518,6.614266872406006,7.200623035430908,7.122178077697754,6.300168514251709,4.41143798828125,1.3237642049789429,-0.4451475143432617,0.33785125613212585,1.032591462135315,1.0631567239761353,1.701410174369812,2.9958744049072266,4.310996055603027,5.121456146240234,4.252661228179932,1.696805477142334,0.31356489658355713,-0.295084148645401
2.211075782775879,0.6539463400840759,-0.8982924222946167,-1.9419569969177246,-1.8563988208770752,-3.207747220993042,-3.2255873680114746,-1.4745855331420898,1.587335467338562,4.647543430328369,6.25142240524292,6.7483696937561035,7.244273662567139,5.698615550994873,2.3226053714752197,2.5748841762542725,5.396878242492676,6.5486063957214355,4.964867115020752,2.41729474067688,1.012161135673523,0.7937609553337097,1.969545602798462,4.696564674377441,6.956240653991699,7.6954498291015625,8.013440132141113,7.731237888336182,6.3682966232299805,4.664911270141602,1.856819748878479,1.17876136302948,2.4778218269348145,1.5399025678634644,0.700994610786438,1.3280680179595947,3.105695962905884,4.539923667907715,4.944510459899902,4.528942584991455,2.350501298904419,0.4720386564731598,-0.49116891622543335
3.27201247215271,1.3878980875015259,-1.2351785898208618,-2.7078492641448975,-1.9927616119384766,-1.732240080833435,-1.7243461608886719,-0.47802072763442993,2.213254690170288,5.29086971282959,7.27890157699585,8.427403450012207,9.519821166992188,7.850547790527344,3.941941022872925,2.388000965118408,4.4783244132995605,4.082494735717773,1.8471366167068481,0.03938673064112663,-0.20805902779102325,1.4507745504379272,4.093867778778076,6.618492603302002,7.746699810028076,7.433097839355469,6.8412957191467285,6.152517795562744,5.639553546905518,5.102753639221191,3.5242416858673096,3.7095415592193604,4.096935272216797,2.6838576793670654,1.8183122873306274,2.3504631519317627,4.172145843505859,6.042031288146973,6.219122886657715,5.006467819213867,3.044318199157715,1.1023037433624268,-0.1331167221069336
3.8938796520233154,1.7123268842697144,0.4838997721672058,0.3077341616153717,0.4416905343532562,0.27044442296028137,-0.28877612948417664,0.41945552825927734,2.8695943355560303,6.409004211425781,8.923932075500488,9.328458786010742,9.047860145568848,8.430511474609375,6.714651107788086,4.0758891105651855,3.851302146911621,3.605144739151001,2.486680030822754,1.5639272928237915,1.5689468383789062,3.430039405822754,6.267710208892822,7.586451530456543,7.2069268226623535,5.960007667541504,4.177762985229492,3.1974356174468994,4.800278663635254,6.704533100128174,5.796274185180664,4.926517963409424,4.0027852058410645,3.0143585205078125,3.393223524093628,4.069399356842041,4.943140029907227,6.800629138946533,7.52559757232666,5.966458797454834,3.4022302627563477,1.216600775718689,-0.27506640553474426
6.347293376922607,3.75348162651062,2.533643960952759,2.487464666366577,2.5138213634490967,1.9400886297225952,1.0931564569473267,1.6622785329818726,3.915172576904297,6.856589317321777,9.081764221191406,8.971895217895508,7.988580226898193,8.616466522216797,8.2434663772583,4.8531293869018555,3.354708194732666,5.142546653747559,5.5665483474731445,4.567886829376221,3.7280941009521484,4.761833190917969,6.602854251861572,6.768828868865967,6.142235279083252,4.916790962219238,3.32531476020813,2.9207077026367188,5.692840576171875,9.224528312683105,7.356135845184326,4.289705276489258,1.658169150352478,1.463959813117981,3.0845139026641846,4.361663341522217,4.912971496582031,6.334043502807617,7.3830180168151855,6.125627517700195,3.46386981010437,0.9728370308876038,-1.0877127647399902
9.365309715270996,6.937004089355469,4.711269378662109,3.431723117828369,3.3517813682556152,3.110762357711792,2.9325037002563477,4.19381046295166,6.382049083709717,7.704317569732666,8.114457130432129,7.72121000289917,7.3694634437561035,8.461676597595215,7.978975772857666,5.094236850738525,4.214710712432861,6.349132061004639,6.319353103637695,4.931543350219727,4.06792688369751,4.619844913482666,5.508368492126465,5.832061767578125,5.543985366821289,4.829643726348877,3.939692258834839,4.207334995269775,7.4774580001831055,9.378582954406738,5.7468671798706055,1.4441710710525513,-0.5694626569747925,0.04716676473617554,1.3272989988327026,2.3328776359558105,3.3096461296081543,4.819636344909668,5.669947624206543,5.088956356048584,3.2375574111938477,0.7460713982582092,-1.7113035917282104
9.593094825744629,8.95775032043457,6.5304131507873535,4.694620609283447,4.6960649490356445,5.003293514251709,5.894986629486084,7.460289478302002,8.525582313537598,8.12215518951416,6.827184200286865,6.255882740020752,6.797357559204102,7.807808876037598,7.361565589904785,6.165539741516113,5.998398303985596,5.913279056549072,4.442991733551025,3.2004568576812744,2.758639097213745,3.253628730773926,4.150361061096191,5.0521626472473145,5.422495365142822,4.78602409362793,3.7038791179656982,3.833230495452881,5.823337078094482,5.791210174560547,3.291059732437134,1.109008550643921,0.06512738019227982,-0.346747487783432,-0.1964598000049591,0.2860056459903717,1.7027860879898071,3.1480889320373535,4.176968097686768,4.292117595672607,3.13097882270813,1.116166591644287,-1.3215138912200928
