data/wind_data/wind_39_7.json
{"header": {"parameterUnit": "KT", "parameterCategory": 2, "nx": 256, "ny": 198, "lo1": 44.73521041870117, "la1": -3.236724853515625, "lo2": 111.26478576660156, "la2": 43.468475341796875, "dx": 0.2609002888202667, "dy": -0.23708222806453705, "refTime": "2025-02-20 15:00:00", "forecastTime": 0, "parameterNumber": 2, "parameterNumberName": "eastward_wind"}, "data":
[rows 20 to 39 of 198, columns 44 to 87 of 256]
2.460442304611206,2.994694471359253,2.9644172191619873,2.5499930381774902,2.4615697860717773,2.620431661605835,2.8848655223846436,3.534019708633423,3.7542564868927,3.222766399383545,3.0309929847717285,3.072251319885254,2.6391441822052,2.356292247772217,2.4981472492218018,2.8647408485412598,3.261976480484009,3.891936779022217,4.680661678314209,5.144195079803467,5.3824920654296875,5.784071445465088,6.227120876312256,6.283820629119873,5.965171813964844,5.624121189117432,5.3505167961120605,5.204442977905273,5.222692966461182,4.814108848571777,3.978412389755249,3.5661392211914062,3.575587272644043,3.643059253692627,3.9551784992218018,4.121969699859619,3.7719342708587646,2.840371608734131,1.6374051570892334,1.172277808189392,1.6933552026748657,2.6422970294952393,3.278092384338379,3.7591400146484375
-0.09090438485145569,0.6472581028938293,0.8318522572517395,0.8906856179237366,1.3584322929382324,1.7805501222610474,2.077515125274658,2.2891323566436768,2.635685443878174,2.282824993133545,2.0002665519714355,2.1592864990234375,1.6811927556991577,1.451709508895874,1.7866835594177246,2.2949838638305664,2.9239165782928467,3.668207883834839,4.406756401062012,4.806705474853516,5.006934642791748,5.445554256439209,6.026165008544922,5.9466023445129395,5.185365200042725,4.494843006134033,4.156734466552734,3.978429079055786,3.570221185684204,2.7856695652008057,1.9135795831680298,1.4664188623428345,1.2282124757766724,1.5003676414489746,2.3341963291168213,3.028095006942749,2.901303291320801,1.7308813333511353,0.7451657652854919,0.8381219506263733,1.1393053531646729,1.8162256479263306,2.643942356109619,2.782499074935913
-2.3322927951812744,-1.399182915687561,0.04496069252490997,-0.21413755416870117,0.009908225387334824,0.27226874232292175,1.1522455215454102,1.3236192464828491,1.4746757745742798,1.657718539237976,1.2524527311325073,1.3410394191741943,1.3558295965194702,1.361027717590332,1.6789827346801758,1.9294580221176147,2.4723262786865234,3.221311569213867,4.025012493133545,4.4942121505737305,4.50333309173584,4.588318824768066,4.877364635467529,4.741513729095459,4.0083208084106445,3.46606707572937,3.2696571350097656,2.8780319690704346,2.084242820739746,1.4365636110305786,0.7856925129890442,0.0866483673453331,-0.2750357687473297,0.007294973824173212,0.8449918031692505,1.6648668050765991,1.556420087814331,0.8843719959259033,0.8233836889266968,0.8600602746009827,1.1660823822021484,1.6678553819656372,1.4724926948547363,0.7825352549552917
-2.4341647624969482,-2.27786922454834,-0.872871458530426,-1.29678213596344,-1.3448184728622437,-1.6796386241912842,-0.24938304722309113,0.8212710618972778,0.5011651515960693,0.7424917817115784,0.7770100831985474,0.7047809362411499,1.2303742170333862,1.6861119270324707,1.9088208675384521,1.789749264717102,1.9984111785888672,2.6049726009368896,3.400585889816284,3.8784759044647217,3.716167688369751,3.3297531604766846,3.1260385513305664,3.0325326919555664,2.74855637550354,2.2853739261627197,1.9794154167175293,1.5299901962280273,1.0346181392669678,0.5626453161239624,-0.3385090231895447,-1.1803251504898071,-1.5528053045272827,-1.3590023517608643,-0.5953637957572937,0.4683420658111572,0.948815643787384,0.8493095636367798,0.7198924422264099,0.7485076189041138,1.2587833404541016,1.167173147201538,0.5841796398162842,-0.23871338367462158
-2.1971471309661865,-2.2277538776397705,-2.184999704360962,-2.6390225887298584,-2.1523568630218506,-2.321732521057129,-1.7665284872055054,-0.3923608362674713,-0.2482745498418808,-0.19806526601314545,0.23451481759548187,0.623907208442688,1.0488170385360718,1.6955910921096802,2.006909132003784,1.6118199825286865,1.5736284255981445,1.9432719945907593,2.2802486419677734,2.421052932739258,2.286975145339966,1.7899606227874756,1.4206525087356567,1.181104302406311,0.7734571695327759,0.17343340814113617,-0.12301146984100342,0.07597773522138596,0.11674979329109192,-0.6204668283462524,-1.4460065364837646,-2.074075937271118,-2.367893934249878,-2.209601879119873,-1.716429352760315,-1.0543460845947266,-0.5903634428977966,-0.4936935007572174,-0.2519198954105377,0.3742627203464508,0.9074780941009521,0.9726603627204895,0.5658867955207825,-0.18683062493801117
-3.2593929767608643,-2.903865337371826,-3.0988457202911377,-3.369202136993408,-3.140108585357666,-3.1521856784820557,-1.7579199075698853,-1.1914072036743164,-1.3203113079071045,-0.336181640625,0.08897045999765396,0.3697584569454193,0.7329511046409607,1.1472580432891846,1.6427208185195923,1.3086265325546265,1.038626790046692,0.9569450616836548,0.8477822542190552,0.7734575867652893,0.6718963980674744,0.30443111062049866,-0.19565512239933014,-0.9014008641242981,-1.7807531356811523,-2.303609848022461,-2.2687695026397705,-1.9787321090698242,-1.960846185684204,-2.228898048400879,-2.485053777694702,-2.8832716941833496,-3.062445878982544,-3.07956600189209,-2.9635794162750244,-2.5176124572753906,-2.1809866428375244,-2.1104953289031982,-1.722999930381775,-0.8788789510726929,0.0638263076543808,0.8599563837051392,0.7084924578666687,-0.14718656241893768
-4.796766757965088,-4.122830390930176,-4.409539699554443,-4.217311859130859,-3.635820150375366,-2.743389844894409,-2.0222222805023193,-2.2019317150115967,-1.794229507446289,-0.8232150673866272,-0.2631170153617859,-0.22363822162151337,0.0010093161836266518,0.11893283575773239,0.5329135656356812,0.2689543068408966,-0.14696809649467468,-0.31636103987693787,-0.23118525743484497,-0.2653849720954895,-0.5898086428642273,-1.181952714920044,-1.7930998802185059,-2.6680333614349365,-3.6690831184387207,-4.289684295654297,-4.295816898345947,-3.878610610961914,-3.3654184341430664,-3.1948978900909424,-3.7533302307128906,-4.324120044708252,-4.054376602172852,-3.473045587539673,-3.12791109085083,-2.9752910137176514,-2.961066961288452,-3.1750993728637695,-3.2424142360687256,-2.6575944423675537,-1.4158339500427246,-0.08771694451570511,0.11644463986158371,-0.5164743661880493
-5.606786251068115,-5.3315253257751465,-5.155405044555664,-4.741898059844971,-4.238874435424805,-3.5808427333831787,-3.0583741664886475,-2.679100751876831,-2.0843822956085205,-1.6231269836425781,-1.3458327054977417,-1.347726583480835,-1.103500247001648,-1.2635306119918823,-1.1272447109222412,-1.6888614892959595,-1.7209243774414062,-1.2788835763931274,-0.8244179487228394,-1.0223429203033447,-1.6830379962921143,-2.5916588306427,-3.488973379135132,-4.226332187652588,-4.672176837921143,-4.827097415924072,-4.6438775062561035,-4.209225654602051,-3.884889602661133,-4.164827823638916,-4.878927230834961,-5.01055383682251,-4.271656513214111,-3.4980759620666504,-3.2504160404205322,-3.644925117492676,-4.1007866859436035,-4.313018321990967,-4.352644443511963,-3.9484055042266846,-2.980318546295166,-1.7631255388259888,-0.9722562432289124,-0.8780278563499451
-5.735042572021484,-5.683313846588135,-5.402665615081787,-5.255733966827393,-5.144889831542969,-4.753135681152344,-4.161564350128174,-3.5698647499084473,-2.9066054821014404,-2.7304446697235107,-2.4500725269317627,-2.698697566986084,-2.5412936210632324,-2.42204213142395,-2.5963430404663086,-3.1220359802246094,-2.947007417678833,-2.15343976020813,-1.6441107988357544,-2.0943756103515625,-3.0496199131011963,-4.144959449768066,-4.883776664733887,-4.97885799407959,-4.90370512008667,-5.018592834472656,-4.970909118652344,-4.745759010314941,-4.5554399490356445,-4.541122913360596,-4.5969085693359375,-4.4275312423706055,-3.9480092525482178,-3.5376081466674805,-3.6720175743103027,-4.275254249572754,-4.845877170562744,-4.944521903991699,-5.022012710571289,-4.948768615722656,-4.354123115539551,-3.4018547534942627,-2.354539155960083,-1.7984610795974731
-5.134487152099609,-5.224795341491699,-5.3012375831604,-5.488852500915527,-5.434353351593018,-5.133334636688232,-4.793231010437012,-4.477313041687012,-4.2402024269104,-4.424475193023682,-4.231593608856201,-3.7936322689056396,-3.1792852878570557,-3.0762617588043213,-3.3059353828430176,-3.8076417446136475,-3.567547559738159,-2.894526481628418,-2.675630569458008,-3.399137020111084,-4.267711162567139,-4.9243927001953125,-5.247801780700684,-5.2543511390686035,-5.109598636627197,-4.911450386047363,-4.912346839904785,-5.056926727294922,-4.954100131988525,-4.511059761047363,-3.9097673892974854,-3.450819253921509,-3.2744598388671875,-3.4293112754821777,-4.000626564025879,-4.699037551879883,-4.999643802642822,-5.025885105133057,-5.4563703536987305,-5.6946516036987305,-5.466680526733398,-4.813226699829102,-3.885601758956909,-3.0217831134796143
-4.318245887756348,-4.763676643371582,-4.99207067489624,-5.1170806884765625,-5.003045082092285,-4.917720317840576,-4.771578311920166,-5.156313896179199,-5.3437700271606445,-5.6820878982543945,-5.722581386566162,-4.976068019866943,-4.106372356414795,-3.3790440559387207,-3.512413740158081,-3.806894063949585,-3.7747859954833984,-3.605372428894043,-3.775214195251465,-4.640732765197754,-5.105116367340088,-4.9623823165893555,-4.804835319519043,-4.81902551651001,-4.775033473968506,-4.580498695373535,-4.688434600830078,-4.819797992706299,-4.750678539276123,-4.4720540046691895,-4.087145805358887,-3.718240737915039,-3.573883056640625,-3.809258222579956,-4.329451560974121,-4.7339863777160645,-4.823666572570801,-4.9183349609375,-5.157608509063721,-5.324483394622803,-5.400957107543945,-5.403514862060547,-5.03534460067749,-4.2407636642456055
-3.6953067779541016,-4.361556529998779,-4.705531597137451,-4.779686450958252,-4.771570682525635,-4.870621204376221,-4.969531536102295,-5.329125881195068,-5.63435697555542,-5.905746936798096,-5.951766014099121,-5.749677658081055,-5.0471038818359375,-3.9949564933776855,-3.8743081092834473,-3.6172635555267334,-3.639310121536255,-4.06069278717041,-4.65261173248291,-5.341098308563232,-5.578046798706055,-4.878543853759766,-4.582282543182373,-4.612067222595215,-4.7886962890625,-4.620700836181641,-4.563701629638672,-4.594974517822266,-4.550553321838379,-4.475470542907715,-4.491229057312012,-4.500364303588867,-4.513794422149658,-4.650802135467529,-4.906307697296143,-5.186614036560059,-5.3314738273620605,-5.148258686065674,-4.750209808349609,-4.643265247344971,-4.97179651260376,-5.470914363861084,-5.650643825531006,-5.177646636962891
-3.3501904010772705,-4.025397300720215,-4.342901229858398,-4.419436931610107,-4.546454429626465,-4.904664516448975,-5.312008857727051,-5.451788425445557,-5.330571174621582,-5.391596794128418,-5.373319149017334,-5.404001712799072,-5.030608177185059,-4.621534824371338,-4.378693103790283,-4.096104145050049,-3.630281925201416,-3.881497859954834,-5.1143574714660645,-5.5361104011535645,-5.6340837478637695,-4.8030686378479,-4.593867778778076,-4.984242916107178,-5.261782646179199,-4.990662097930908,-4.382717609405518,-4.153038024902344,-4.23221492767334,-4.335522174835205,-4.478150844573975,-4.643734455108643,-4.7762579917907715,-4.932790279388428,-5.255988597869873,-5.756039619445801,-5.9493408203125,-5.5287933349609375,-4.861539363861084,-4.509002685546875,-4.669848918914795,-5.2690043449401855,-5.949123382568359,-6.02276611328125
-3.0309267044067383,-3.680123805999756,-4.166560649871826,-4.491654872894287,-4.6683807373046875,-4.804464817047119,-5.030924320220947,-5.204404354095459,-5.204542636871338,-5.0593743324279785,-4.637834548950195,-4.428430080413818,-4.429812908172607,-4.7599711418151855,-4.916857719421387,-4.335376739501953,-3.770477533340454,-4.31920862197876,-4.922497749328613,-5.3689141273498535,-5.22357177734375,-4.563468933105469,-4.667132377624512,-5.13329553604126,-5.39521598815918,-5.091233253479004,-4.322891712188721,-3.7783608436584473,-3.8574280738830566,-4.08737850189209,-4.184621810913086,-4.2601799964904785,-4.354074954986572,-4.62363862991333,-5.085760116577148,-5.668548583984375,-5.918492794036865,-5.434201717376709,-4.695376396179199,-4.189879417419434,-4.239106178283691,-4.817811489105225,-5.70518684387207,-6.161853313446045
-2.9066150188446045,-3.6378917694091797,-4.094029903411865,-4.361947536468506,-4.573089599609375,-4.6028618812561035,-4.565772533416748,-4.586225509643555,-4.596049785614014,-4.341976165771484,-3.9881865978240967,-3.963571071624756,-4.143672943115234,-4.447546005249023,-4.628070831298828,-4.254865646362305,-4.234349727630615,-4.7630295753479,-4.8408284187316895,-5.085400104522705,-4.68709659576416,-4.369116306304932,-4.507562160491943,-4.741684913635254,-4.975897789001465,-4.672748565673828,-4.109698295593262,-3.595754623413086,-3.4717092514038086,-3.7487058639526367,-3.9277584552764893,-3.996142625808716,-3.9754421710968018,-4.214944839477539,-4.786075592041016,-5.174394607543945,-5.333141326904297,-4.880014896392822,-4.195735931396484,-3.829482078552246,-3.9613687992095947,-4.449141502380371,-5.269329071044922,-5.9056172370910645
-2.7548584938049316,-3.4227771759033203,-3.9147791862487793,-4.08928108215332,-4.081429958343506,-4.132542610168457,-4.138079643249512,-3.975435733795166,-3.61906099319458,-3.4456446170806885,-3.531372547149658,-3.6548821926116943,-3.87310528755188,-4.075155258178711,-4.205315589904785,-4.074258804321289,-4.278573513031006,-4.846077919006348,-5.013062000274658,-5.0269575119018555,-4.730754375457764,-4.559326171875,-4.482077598571777,-4.3672285079956055,-4.324389457702637,-4.210577011108398,-3.802082061767578,-3.199559450149536,-3.210130453109741,-3.6895296573638916,-4.0740966796875,-4.162801742553711,-4.154109954833984,-4.188726425170898,-4.633004188537598,-4.827259063720703,-4.784616470336914,-4.465269088745117,-4.030516147613525,-3.8207457065582275,-3.9617955684661865,-4.412867546081543,-5.13845682144165,-5.876563549041748
-2.8016512393951416,-3.2329611778259277,-3.5211925506591797,-3.7079222202301025,-3.5611202716827393,-3.3736109733581543,-3.347414016723633,-3.2123212814331055,-2.986062526702881,-2.7974116802215576,-2.9146435260772705,-3.270045518875122,-3.5575594902038574,-3.79862642288208,-3.8569769859313965,-3.860269784927368,-4.196589946746826,-4.597273349761963,-4.924745082855225,-5.102972030639648,-4.798559188842773,-4.6296539306640625,-4.437651634216309,-4.2432403564453125,-4.092741012573242,-3.954693078994751,-3.575343132019043,-3.3147382736206055,-3.3757588863372803,-3.81132435798645,-4.303494453430176,-4.420203685760498,-4.4571919441223145,-4.427221298217773,-4.521938800811768,-4.672007083892822,-4.787073135375977,-4.728144645690918,-4.4746222496032715,-4.274953365325928,-4.352330684661865,-4.605633735656738,-4.832887649536133,-5.129095554351807
-2.7255287170410156,-3.0599846839904785,-3.1227498054504395,-3.1820321083068848,-3.071800708770752,-2.8199901580810547,-2.5817272663116455,-2.3189828395843506,-2.176729917526245,-2.1777732372283936,-2.372298240661621,-2.7895734310150146,-3.109605312347412,-3.3491897583007812,-3.4948761463165283,-3.6623222827911377,-3.872864007949829,-4.150896072387695,-4.577439308166504,-4.634914875030518,-4.4212470054626465,-4.2230401039123535,-3.9188787937164307,-3.650907516479492,-3.6404833793640137,-3.716257095336914,-3.76239275932312,-3.9291632175445557,-4.128912448883057,-4.355260372161865,-4.306844711303711,-4.363305568695068,-4.4552507400512695,-4.402405738830566,-4.583898067474365,-4.414755344390869,-4.779723644256592,-5.164796352386475,-5.164947986602783,-4.906851768493652,-4.820550918579102,-4.867679119110107,-4.7057671546936035,-4.452595233917236
-2.195054054260254,-2.654978036880493,-2.800631284713745,-2.6927826404571533,-2.492098808288574,-2.265594959259033,-1.864936113357544,-1.5062848329544067,-1.5012457370758057,-1.7292126417160034,-1.917132019996643,-2.0056700706481934,-2.1780850887298584,-2.454324245452881,-2.742133855819702,-3.0374252796173096,-3.306525468826294,-3.630552053451538,-3.8173999786376953,-3.7430460453033447,-3.6052749156951904,-3.4997713565826416,-3.339017391204834,-3.211923837661743,-3.162055730819702,-3.28885817527771,-3.6612281799316406,-4.216705322265625,-4.785244941711426,-4.809491157531738,-4.485692024230957,-4.275990009307861,-4.063891887664795,-4.304989337921143,-4.3639655113220215,-4.162637710571289,-4.426834583282471,-4.890063762664795,-5.248281478881836,-5.248967170715332,-5.081289768218994,-4.974242687225342,-4.821472644805908,-4.470403671264648
-1.501554012298584,-2.005345582962036,-2.3309900760650635,-2.359051465988159,-2.0818798542022705,-1.6421716213226318,-1.1105905771255493,-0.8147638440132141,-0.9503547549247742,-1.2620859146118164,-1.4123271703720093,-1.4398322105407715,-1.7199796438217163,-2.2278833389282227,-2.521071434020996,-2.510082483291626,-2.4707205295562744,-2.6650941371917725,-2.8821494579315186,-2.9045655727386475,-2.7610585689544678,-2.658480405807495,-2.6754744052886963,-2.827645778656006,-2.969770908355713,-3.108752965927124,-3.4499318599700928,-3.941843271255493,-4.383534908294678,-4.566798686981201,-4.410828113555908,-4.131143093109131,-4.053344249725342,-4.086400032043457,-3.90677547454834,-3.9297313690185547,-4.000547409057617,-4.149544715881348,-4.546360969543457,-5.061662197113037,-5.396550178527832,-5.397115707397461,-5.244024276733398,-4.802676677703857
