data/wind_data/wind_40_9.json
{"header": {"parameterUnit": "KT", "parameterCategory": 2, "nx": 256, "ny": 198, "lo1": 44.73521041870117, "la1": -3.236724853515625, "lo2": 111.26478576660156, "la2": 43.468475341796875, "dx": 0.2609002888202667, "dy": -0.23708222806453705, "refTime": "2025-02-20 16:00:00", "forecastTime": 0, "parameterNumber": 2, "parameterNumberName": "eastward_wind"}, "data":
[rows 114 to 132 of 198, columns 86 to 128 of 256]
6.932587146759033,5.451991081237793,2.484499454498291,2.36421275138855,3.119436740875244,2.4467811584472656,0.9788255095481873,0.49266424775123596,1.107446312904358,1.5095760822296143,1.281276822090149,1.5006723403930664,2.3587682247161865,3.2777159214019775,3.873910427093506,4.130723476409912,3.582037925720215,2.3994243144989014,1.6665806770324707,1.433722734451294,1.4403737783432007,1.3223810195922852,1.0989007949829102,1.0814496278762817,2.216468334197998,4.030237674713135,5.329039096832275,5.785752296447754,6.099534034729004,7.3917412757873535,9.47610855102539,9.900359153747559,7.913548946380615,5.125840187072754,2.1347508430480957,0.18109387159347534,0.22570571303367615,1.0998775959014893,2.265109062194824,4.885464191436768,8.516258239746094,11.385340690612793,12.72876262664795
6.060030937194824,2.6909215450286865,-0.22944554686546326,1.2259316444396973,1.3219660520553589,-1.095491647720337,-2.6801412105560303,-2.0636794567108154,-1.3831274509429932,-1.1176584959030151,-1.4021103382110596,-0.8239374756813049,1.1171705722808838,3.1175150871276855,4.570623874664307,5.788950443267822,6.155795097351074,5.0345306396484375,3.209195852279663,1.8998786211013794,1.315005898475647,1.0229997634887695,0.6621294617652893,0.4283149242401123,1.262242317199707,3.0786359310150146,4.3756537437438965,4.5452046394348145,4.157392978668213,4.475528240203857,6.007326126098633,7.241574764251709,6.339887619018555,4.0966973304748535,1.2514331340789795,-1.134054183959961,-1.6196962594985962,-0.26837071776390076,2.0480403900146484,5.365355491638184,9.218538284301758,12.506773948669434,14.437843322753906
3.9773247241973877,-0.78204345703125,-3.7019786834716797,-4.5792012214660645,-7.300745010375977,-9.579582214355469,-8.108152389526367,-6.642646789550781,-6.253082275390625,-5.164682865142822,-4.326050758361816,-3.3335282802581787,-1.1227879524230957,1.5065808296203613,3.4680187702178955,4.936282157897949,5.822995662689209,5.587824821472168,4.083593845367432,2.6400182247161865,1.9444406032562256,1.569366216659546,1.2375984191894531,1.167625069618225,1.6863062381744385,2.869302749633789,3.468931198120117,3.2069482803344727,2.344827175140381,1.0582987070083618,1.0002738237380981,2.3526337146759033,3.1457412242889404,2.250077247619629,0.37200987339019775,-1.328210711479187,-1.6602143049240112,-0.18994273245334625,2.5648958683013916,6.2033257484436035,9.89753532409668,13.096532821655273,15.303512573242188
1.4520392417907715,-3.3398098945617676,-7.504499912261963,-13.154414176940918,-17.160362243652344,-15.82433032989502,-12.268084526062012,-11.938200950622559,-11.429595947265625,-9.689261436462402,-7.613437652587891,-5.689162254333496,-3.299123525619507,-0.4614485502243042,1.6774252653121948,2.9658148288726807,3.7428784370422363,4.146080017089844,3.4931979179382324,2.287522554397583,1.5985254049301147,1.495050311088562,1.747564673423767,2.457444429397583,3.212100028991699,3.690692186355591,3.3304855823516846,2.2242116928100586,0.8627137541770935,-1.4314284324645996,-3.3017616271972656,-3.2975804805755615,-2.484851598739624,-2.544180154800415,-2.920405626296997,-2.8799052238464355,-1.8563438653945923,0.3626052141189575,3.39860463142395,7.046648979187012,10.400229454040527,13.23709487915039,15.664270401000977
-0.05007682740688324,-4.196369647979736,-8.182165145874023,-12.709364891052246,-14.206335067749023,-13.550627708435059,-13.974054336547852,-14.490133285522461,-13.984718322753906,-13.20178508758545,-11.002016067504883,-8.328144073486328,-5.544284820556641,-2.7638866901397705,-0.7591619491577148,0.313152939081192,0.8320373892784119,1.3104363679885864,1.5695282220840454,1.0159211158752441,0.4851051867008209,0.583278238773346,1.3653028011322021,2.9391961097717285,4.407902240753174,4.682880878448486,3.559049367904663,1.6324548721313477,-0.23460187017917633,-2.461723804473877,-5.156167507171631,-6.67784309387207,-6.8717756271362305,-6.567046642303467,-5.663613796234131,-4.059325218200684,-1.7710888385772705,1.3360084295272827,4.936244964599609,8.450685501098633,11.60927963256836,14.028084754943848,15.494043350219727
-0.143708735704422,-3.7528133392333984,-4.905697822570801,-5.111124038696289,-5.016592502593994,-7.9269304275512695,-12.301274299621582,-13.262073516845703,-13.804156303405762,-14.32337474822998,-12.954801559448242,-10.524036407470703,-7.8557868003845215,-5.457154750823975,-3.8872365951538086,-2.9755749702453613,-2.425541400909424,-1.7868249416351318,-0.8430578112602234,-0.5357702970504761,-0.7017723917961121,-0.47282758355140686,0.7005743384361267,2.8238494396209717,4.6419548988342285,4.906559467315674,3.415440320968628,0.9340000748634338,-1.336395025253296,-2.993133783340454,-4.724583148956299,-6.113879680633545,-6.310826778411865,-5.259448528289795,-3.419804573059082,-1.3890560865402222,0.6822815537452698,3.6169159412384033,7.512440204620361,11.03369426727295,13.616924285888672,15.171699523925781,14.998810768127441
-0.5865926742553711,-3.6039206981658936,-3.772212505340576,-1.6796603202819824,-1.5895273685455322,-5.991578578948975,-11.53140926361084,-13.128252983093262,-13.589898109436035,-14.154228210449219,-13.587983131408691,-11.493438720703125,-9.004278182983398,-7.189496040344238,-6.340559005737305,-5.702604293823242,-4.90913200378418,-4.184875965118408,-3.2779011726379395,-2.4855446815490723,-2.1602323055267334,-1.5791666507720947,0.13744564354419708,2.7875585556030273,4.696893215179443,4.634910583496094,2.7718892097473145,0.06994817405939102,-2.2835543155670166,-3.4872283935546875,-3.7938718795776367,-3.6861748695373535,-2.8899495601654053,-1.0171637535095215,1.104426622390747,2.592879295349121,4.1073713302612305,6.650238990783691,10.143272399902344,13.541535377502441,14.83657169342041,13.990405082702637,12.908218383789062
-2.448023796081543,-4.756250381469727,-5.500916481018066,-4.368858814239502,-4.832632064819336,-8.662405967712402,-12.833402633666992,-14.741044044494629,-14.922816276550293,-14.435111045837402,-13.817206382751465,-12.136602401733398,-9.559849739074707,-7.239237308502197,-6.302221775054932,-6.258000373840332,-6.072902202606201,-5.7245001792907715,-5.247735500335693,-4.4129862785339355,-3.6595704555511475,-2.6085431575775146,-0.49728909134864807,2.353332042694092,4.452485084533691,4.412153244018555,2.3040478229522705,-0.5386411547660828,-2.6106085777282715,-3.4009482860565186,-2.961764335632324,-1.7771070003509521,-0.1731695532798767,1.589785099029541,2.9604287147521973,4.108786106109619,6.027521133422852,8.948370933532715,12.11297607421875,14.101998329162598,12.901291847229004,10.38623332977295,9.977045059204102
-4.506290435791016,-6.477782249450684,-7.41132116317749,-8.571067810058594,-10.452716827392578,-12.150368690490723,-13.2157621383667,-15.303576469421387,-16.250089645385742,-15.127323150634766,-13.786890029907227,-11.99622917175293,-9.384820938110352,-6.20890474319458,-4.247257709503174,-5.010497093200684,-5.9401631355285645,-5.863142490386963,-5.519509792327881,-4.797016143798828,-3.614899158477783,-2.2368595600128174,-0.6642482876777649,1.1118032932281494,2.7589221000671387,3.3410279750823975,2.292790174484253,0.1759210228919983,-2.034334897994995,-2.9254086017608643,-2.372295379638672,-0.9068816304206848,0.818578839302063,2.24550724029541,3.504504919052124,5.265668869018555,7.9443440437316895,11.338116645812988,14.043684005737305,13.75733757019043,9.750146865844727,6.755288124084473,8.678464889526367
-5.31998348236084,-7.666611194610596,-9.833854675292969,-12.028048515319824,-13.414599418640137,-12.877821922302246,-12.709187507629395,-14.975507736206055,-15.659733772277832,-14.314019203186035,-12.461347579956055,-10.429959297180176,-7.880306720733643,-4.661239147186279,-1.7372877597808838,-2.1851086616516113,-4.634393215179443,-5.681365013122559,-5.419593334197998,-4.364651679992676,-2.4220468997955322,-0.6514515280723572,-0.016236035153269768,0.03657061606645584,0.6066247224807739,1.7150347232818604,2.2290215492248535,1.570339322090149,-0.6147250533103943,-2.4699151515960693,-2.2535839080810547,-0.7426754236221313,1.124421238899231,2.8992607593536377,4.7668914794921875,7.081250190734863,9.974124908447266,13.617958068847656,15.839917182922363,14.13907241821289,9.003305435180664,6.439037322998047,9.882630348205566
-4.923762798309326,-7.864139080047607,-11.487709045410156,-14.132339477539062,-13.899494171142578,-12.16199016571045,-12.197343826293945,-13.800564765930176,-13.981245994567871,-12.78000545501709,-10.894209861755371,-8.69995403289795,-5.896748065948486,-2.910039186477661,-0.44785964488983154,0.8775166273117065,-1.6953620910644531,-4.412010669708252,-5.04611349105835,-3.747213125228882,-1.079363226890564,0.27835768461227417,-0.06351064890623093,-0.7872190475463867,-0.6072593331336975,0.7448514699935913,1.9706530570983887,1.6788825988769531,0.08086292445659637,-1.8277111053466797,-1.828808307647705,-0.1634572148323059,2.1654744148254395,4.535970687866211,6.796990394592285,9.016963005065918,11.771930694580078,15.135761260986328,17.02657699584961,15.80555534362793,12.046239852905273,9.86138916015625,11.881840705871582
-4.624295234680176,-6.930298805236816,-9.785277366638184,-11.30389404296875,-10.856246948242188,-10.608813285827637,-11.089452743530273,-11.481164932250977,-11.754735946655273,-11.279315948486328,-10.125375747680664,-8.222697257995605,-5.535016059875488,-2.7399158477783203,-0.9249035716056824,1.1942088603973389,0.8723951578140259,-2.1563198566436768,-3.192183017730713,-2.158527135848999,-0.4978954493999481,-0.7444424033164978,-1.7170658111572266,-1.8589125871658325,-0.8661456108093262,0.7221634387969971,1.9324941635131836,1.5311758518218994,0.49973979592323303,-0.2777576148509979,-0.10285937786102295,1.5623453855514526,4.023078918457031,6.465435981750488,8.600323677062988,10.66403579711914,13.390955924987793,16.042070388793945,16.949039459228516,15.877721786499023,13.941719055175781,12.516146659851074,12.370404243469238
-5.078012943267822,-5.862438201904297,-7.141543865203857,-7.458562850952148,-7.6432013511657715,-8.674440383911133,-8.78373908996582,-8.50674057006836,-9.36156177520752,-9.735971450805664,-8.845004081726074,-7.406494617462158,-5.843573093414307,-4.174670696258545,-3.972959518432617,-3.78747820854187,-2.8658180236816406,-2.980084180831909,-1.491693377494812,0.38032108545303345,0.06655410677194595,-2.0823028087615967,-3.2756149768829346,-2.440493583679199,-0.6531206965446472,0.8290035128593445,1.555773377418518,1.4031002521514893,0.9263877272605896,0.9477695822715759,1.2618329524993896,2.430305004119873,4.379085063934326,6.379905700683594,8.667305946350098,11.464661598205566,14.545239448547363,16.786230087280273,16.947004318237305,15.55346393585205,14.327445030212402,13.186108589172363,11.617833137512207
-5.875892162322998,-6.103976726531982,-7.035149097442627,-7.113382339477539,-7.37669038772583,-7.911299705505371,-7.094388961791992,-6.529382228851318,-8.173583030700684,-9.070784568786621,-7.220914840698242,-5.5464348793029785,-4.992258548736572,-4.555476665496826,-5.760645389556885,-8.75767993927002,-8.755851745605469,-6.387491703033447,-2.6151859760284424,0.16470693051815033,-0.6087513566017151,-2.6053006649017334,-3.356409788131714,-2.405280113220215,-1.134873628616333,-0.4094792306423187,-0.01644795387983322,0.5956138968467712,1.0000579357147217,1.3037047386169434,1.7553666830062866,2.4714064598083496,3.1903200149536133,4.1201300621032715,7.168884754180908,11.252251625061035,14.202953338623047,15.65282917022705,15.736818313598633,14.99360179901123,14.10661792755127,12.418835639953613,10.038374900817871
-6.687668800354004,-7.043052673339844,-8.572089195251465,-9.358541488647461,-9.270512580871582,-8.5081787109375,-6.9462409019470215,-6.310652732849121,-8.31081771850586,-9.464842796325684,-6.901022434234619,-4.584193706512451,-3.7277722358703613,-4.3831400871276855,-4.159860610961914,-7.253087997436523,-9.02690601348877,-7.3275861740112305,-3.9334681034088135,-1.878954529762268,-2.5822501182556152,-3.2239127159118652,-2.3208677768707275,-1.6723886728286743,-2.060668706893921,-2.5671160221099854,-2.08158278465271,-0.42142611742019653,1.1106466054916382,1.9048370122909546,2.3488314151763916,2.641752243041992,2.385838747024536,2.755596399307251,6.103030681610107,10.04251766204834,11.416082382202148,11.902837753295898,12.807923316955566,13.241996765136719,12.076430320739746,9.823690414428711,8.25101089477539
-7.453248977661133,-6.796925067901611,-8.202515602111816,-10.451542854309082,-10.8928861618042,-9.038955688476562,-7.001484394073486,-6.625550270080566,-8.572722434997559,-9.883995056152344,-7.9170331954956055,-4.923707008361816,-2.334901809692383,-5.385311603546143,-3.9959542751312256,-2.4847309589385986,-4.944443702697754,-5.7865777015686035,-4.058390140533447,-3.0552585124969482,-2.2286272048950195,-1.5061770677566528,-0.4554351270198822,-0.451241135597229,-2.190643787384033,-3.6425528526306152,-3.045985460281372,-0.8891773819923401,0.9303495287895203,2.1585514545440674,2.8880364894866943,2.7505736351013184,2.086461305618286,2.918187379837036,5.853710174560547,7.45358419418335,6.887441158294678,7.587738037109375,9.750746726989746,9.565333366394043,6.681395053863525,4.9640350341796875,4.73365592956543
-8.942001342773438,-6.791536331176758,-6.842010021209717,-9.146808624267578,-10.62596321105957,-9.136210441589355,-6.817784309387207,-6.6054887771606445,-8.240951538085938,-9.250112533569336,-8.566868782043457,-5.4792070388793945,-0.09434903413057327,-4.802887916564941,-6.485040664672852,-3.7135837078094482,-2.6791069507598877,-4.244103908538818,-3.5064504146575928,-3.7097721099853516,-1.0329610109329224,1.7989903688430786,2.0367276668548584,0.6102602481842041,-1.3908178806304932,-2.7459850311279297,-2.485569477081299,-1.1198762655258179,0.14696311950683594,1.3568241596221924,2.218226432800293,1.9415383338928223,1.9656264781951904,3.6054441928863525,4.802951335906982,3.864481210708618,3.838618516921997,5.944981098175049,7.170611381530762,4.997009754180908,1.6876260042190552,0.40681758522987366,2.453585147857666
-10.85499382019043,-8.890727996826172,-7.24521017074585,-7.846450328826904,-9.202902793884277,-9.263524055480957,-7.737752914428711,-7.49654483795166,-8.586455345153809,-8.567091941833496,-7.997701644897461,-4.996799468994141,0.18649131059646606,-1.6569595336914062,-6.695065975189209,-7.388391494750977,-5.482456684112549,-3.934187889099121,-2.961304187774658,-3.0570216178894043,-0.6994373202323914,3.115433692932129,3.179724931716919,1.09629225730896,-0.08035970479249954,-0.7289177775382996,-1.5581719875335693,-1.5346089601516724,-0.42332977056503296,0.8353955745697021,1.6192626953125,1.8917666673660278,2.964933156967163,4.095268726348877,3.132255792617798,2.155174732208252,3.808445453643799,5.702216148376465,5.253098964691162,2.361415147781372,0.03499486669898033,0.20956102013587952,2.3114497661590576
-11.653669357299805,-12.157604217529297,-9.751285552978516,-8.066274642944336,-8.125349044799805,-8.545682907104492,-8.635417938232422,-8.83967399597168,-9.274357795715332,-8.192716598510742,-7.1405792236328125,-5.022828578948975,-1.6526236534118652,-2.16041898727417,-6.599213600158691,-7.67119836807251,-4.023514747619629,-2.3999855518341064,-1.9978671073913574,-1.5070643424987793,-0.3128356635570526,1.7525185346603394,1.7323729991912842,0.6414298415184021,0.9466760754585266,0.855434775352478,-1.1137287616729736,-2.4939169883728027,-1.5129293203353882,0.2961938977241516,1.6878924369812012,2.7615623474121094,4.013767719268799,3.8091228008270264,1.7795411348342896,1.9091426134109497,4.238760948181152,5.050656318664551,3.543377637863159,1.4290781021118164,-0.17080307006835938,0.7316649556159973,2.4177632331848145
