data/wind_data/wind_54_0.json
{"header": {"parameterUnit": "KT", "parameterCategory": 2, "nx": 255, "ny": 198, "lo1": 44.73521041870117, "la1": -3.236724853515625, "lo2": 111.26478576660156, "la2": 43.468475341796875, "dx": 0.26192745566368103, "dy": -0.23708222806453705, "refTime": "2025-02-21 06:00:00", "forecastTime": 0, "parameterNumber": 3, "parameterNumberName": "northward_wind"}, "data":
[rows 76 to 94 of 198, columns 172 to 214 of 255]
-8.087644577026367,-8.647377014160156,-9.159721374511719,-9.647075653076172,-10.021712303161621,-10.395357131958008,-10.891332626342773,-11.471793174743652,-12.104575157165527,-12.64633560180664,-13.01789665222168,-12.816563606262207,-12.214752197265625,-11.211664199829102,-10.479126930236816,-9.773430824279785,-9.5068359375,-9.343095779418945,-3.5588953495025635,-2.6115453243255615,-2.569413900375366,-2.3609681129455566,-3.3135366439819336,-2.5697476863861084,1.9995216131210327,3.9204843044281006,2.3153841495513916,1.257344365119934,2.422830820083618,1.5291905403137207,-0.45482322573661804,-0.46273180842399597,-0.06923825293779373,1.4192649126052856,1.45001220703125,2.8210349082946777,2.356234312057495,1.0664269924163818,-1.1635280847549438,-1.6539114713668823,-1.7222912311553955,-2.9562597274780273,-4.6553449630737305
-7.458540916442871,-7.760345458984375,-8.082188606262207,-8.35900592803955,-8.454727172851562,-8.568310737609863,-9.252089500427246,-10.038789749145508,-10.87987995147705,-11.660257339477539,-12.488614082336426,-12.784963607788086,-12.500249862670898,-11.525282859802246,-10.603728294372559,-9.752142906188965,-9.18258285522461,-8.006329536437988,-3.0887551307678223,-2.50521183013916,-2.216397762298584,-2.1663477420806885,-2.074873447418213,-1.9493048191070557,0.30739814043045044,4.08584451675415,3.8669614791870117,3.495800733566284,3.645530939102173,2.6533756256103516,-0.08637060970067978,0.2893012762069702,0.07406102120876312,0.3233093023300171,0.8727712035179138,2.5684523582458496,2.9302313327789307,0.9182480573654175,-1.7533612251281738,-1.0572339296340942,-0.5100847482681274,-1.810261607170105,-2.355546712875366
-7.095792770385742,-7.1536126136779785,-7.3171563148498535,-7.408243656158447,-7.423592567443848,-7.483875751495361,-7.779260635375977,-8.491087913513184,-9.229608535766602,-10.164377212524414,-11.268622398376465,-12.056021690368652,-12.40006160736084,-11.787514686584473,-10.479382514953613,-9.550931930541992,-8.997162818908691,-8.531022071838379,-5.006812572479248,-1.8967242240905762,-1.3632367849349976,-1.58102548122406,-1.3054171800613403,-1.1844953298568726,0.20434610545635223,1.7625223398208618,3.457948684692383,4.519176006317139,3.468649387359619,1.2811565399169922,2.34497332572937,2.211155652999878,0.573104202747345,0.2933173179626465,1.8892978429794312,3.6509828567504883,3.3005592823028564,1.3604274988174438,0.2788086235523224,0.788322925567627,0.47139647603034973,-1.6696680784225464,-1.9585903882980347
-7.112189292907715,-6.945567607879639,-6.87014102935791,-7.045444965362549,-7.237072944641113,-7.374968528747559,-7.303839683532715,-7.560244560241699,-8.01302433013916,-8.641077041625977,-9.599944114685059,-10.397469520568848,-11.263018608093262,-11.505905151367188,-10.417245864868164,-9.257333755493164,-8.1632080078125,-7.3644795417785645,-3.924919843673706,-1.005114197731018,-0.4014338254928589,-1.8311859369277954,-1.0780842304229736,0.07828032970428467,1.0256388187408447,2.774624824523926,3.1216981410980225,3.6784701347351074,3.8604230880737305,1.676110029220581,2.868894100189209,2.3400981426239014,2.049978256225586,2.4864652156829834,2.292818784713745,2.2071924209594727,2.2227985858917236,1.1820138692855835,0.7588403224945068,0.4170990288257599,0.3879128694534302,0.11813978105783463,-1.0324815511703491
-7.582703113555908,-7.300185203552246,-6.931669235229492,-7.240811347961426,-7.561676979064941,-7.588503837585449,-7.484825611114502,-7.506385326385498,-7.683513641357422,-7.902143478393555,-8.32034683227539,-8.788458824157715,-9.440296173095703,-10.330023765563965,-10.216231346130371,-9.237527847290039,-7.542296886444092,-7.953309059143066,-2.3695297241210938,-0.38588088750839233,-0.4807570278644562,-1.1147961616516113,-0.7847614884376526,0.2653266191482544,0.9538673758506775,1.8392661809921265,3.21464204788208,2.861851453781128,1.709567904472351,1.6174958944320679,2.517895460128784,1.3572190999984741,1.6176553964614868,2.0516116619110107,1.9435677528381348,3.554492473602295,3.8875694274902344,2.730830430984497,2.174652099609375,1.4331138134002686,0.463528573513031,-1.3472533226013184,-0.7906171083450317
-8.01348876953125,-7.739209175109863,-7.361118793487549,-7.8769402503967285,-8.149380683898926,-7.999217510223389,-8.048555374145508,-8.176471710205078,-8.303775787353516,-8.355990409851074,-8.117884635925293,-8.191575050354004,-8.099871635437012,-8.708589553833008,-9.239969253540039,-8.98485279083252,-6.871622562408447,-7.723231792449951,-0.009422152303159237,1.8335354328155518,0.5718989968299866,-0.7084912657737732,-0.4645739793777466,0.7309260964393616,1.7675625085830688,2.6116368770599365,3.596839189529419,2.9162802696228027,1.410555124282837,1.3732476234436035,1.4942976236343384,1.5097423791885376,1.1950196027755737,1.7338134050369263,3.503410577774048,4.886147499084473,3.6548473834991455,2.304175853729248,1.253594160079956,1.0096757411956787,0.30878257751464844,-1.590928554534912,0.020584091544151306
-7.838790416717529,-7.765761375427246,-7.6748881340026855,-8.413126945495605,-8.534262657165527,-8.504138946533203,-8.774608612060547,-8.932201385498047,-8.975356101989746,-8.971073150634766,-8.78576374053955,-8.520079612731934,-7.815031051635742,-7.525079250335693,-7.8435211181640625,-7.700137138366699,-6.6046833992004395,-6.20521879196167,1.1125413179397583,3.7399609088897705,1.5221127271652222,-0.7375010251998901,0.18655122816562653,1.8027511835098267,2.5973212718963623,3.2294044494628906,4.154812812805176,3.409963607788086,2.134634256362915,1.6697368621826172,0.9391837120056152,1.9726048707962036,1.5068246126174927,2.010241985321045,3.9930906295776367,3.2789669036865234,2.7468039989471436,0.06034792214632034,0.670913577079773,0.23596960306167603,0.5360724925994873,0.700421154499054,1.6350524425506592
-7.555593967437744,-7.530096054077148,-7.419750690460205,-8.20848560333252,-8.264269828796387,-8.646027565002441,-9.065594673156738,-9.197407722473145,-9.130463600158691,-9.324957847595215,-9.867585182189941,-9.458725929260254,-8.271635055541992,-7.042157173156738,-6.542557239532471,-5.677331924438477,-5.799615383148193,-4.177587985992432,0.9073430895805359,2.1933352947235107,-0.5932472944259644,-0.9805050492286682,0.23266512155532837,2.0908877849578857,2.606731653213501,3.86719012260437,5.530851364135742,4.702791690826416,3.3800079822540283,3.1047730445861816,2.068894386291504,1.7438517808914185,2.1927506923675537,2.2240171432495117,2.307365655899048,3.015312671661377,2.31164288520813,1.90203058719635,1.2699426412582397,0.15740348398685455,1.0352531671524048,1.3427155017852783,1.8619122505187988
-7.95920991897583,-7.754071235656738,-7.49039888381958,-7.557891845703125,-7.574888706207275,-8.078609466552734,-8.806514739990234,-9.105367660522461,-9.476714134216309,-10.212246894836426,-11.006011962890625,-10.229589462280273,-8.463099479675293,-6.557329177856445,-5.01887321472168,-3.3902785778045654,-5.081296920776367,1.065712332725525,2.646322250366211,1.3070851564407349,-1.8961262702941895,-2.1455724239349365,0.7431895136833191,2.0578181743621826,2.2645108699798584,3.652344226837158,6.228191375732422,3.804047107696533,4.036975860595703,2.7199149131774902,2.2592966556549072,1.761149525642395,2.959030866622925,2.7482986450195312,1.970260500907898,1.4961786270141602,2.1837737560272217,2.220344066619873,0.4482957720756531,0.4382885694503784,1.0610132217407227,1.8960500955581665,2.7489354610443115
-9.019407272338867,-8.810190200805664,-8.24194049835205,-7.519677639007568,-7.45381498336792,-7.5934247970581055,-8.59337329864502,-9.171469688415527,-10.148102760314941,-11.211043357849121,-11.494447708129883,-9.949926376342773,-7.939504146575928,-5.653332710266113,-2.997713327407837,-0.9820901155471802,-2.0718486309051514,2.819648504257202,2.661994457244873,0.5489861369132996,-2.423523426055908,-2.1269028186798096,1.1608418226242065,2.0000150203704834,1.321286678314209,2.555255174636841,5.052537441253662,2.5349464416503906,2.9617183208465576,2.3958733081817627,1.7087217569351196,1.6618605852127075,2.7455031871795654,4.062047958374023,3.5868635177612305,2.85406756401062,3.6791319847106934,4.041959285736084,3.3144710063934326,3.1934125423431396,1.663886547088623,0.9371035099029541,2.1971075534820557
-9.584628105163574,-9.413389205932617,-8.986811637878418,-8.652437210083008,-8.560105323791504,-8.431410789489746,-9.119309425354004,-9.581421852111816,-10.583632469177246,-11.404848098754883,-11.02760124206543,-8.921259880065918,-7.095900058746338,-4.583946704864502,-2.3741469383239746,1.2854468822479248,2.7016539573669434,0.8416252732276917,0.6440883874893188,-1.8488343954086304,-3.481644868850708,-2.711749315261841,1.897851824760437,1.735419511795044,1.4119783639907837,2.6219894886016846,3.8808281421661377,3.8220736980438232,2.6060492992401123,2.269991159439087,1.3474599123001099,1.5346771478652954,2.1787667274475098,3.38165545463562,4.478534698486328,6.007822036743164,3.8350400924682617,3.743755340576172,1.9510074853897095,1.1975533962249756,1.7910393476486206,0.0853516012430191,0.45404961705207825
-8.92562198638916,-8.867300033569336,-9.237545013427734,-9.614666938781738,-9.538644790649414,-9.734916687011719,-10.1140718460083,-10.336708068847656,-10.893477439880371,-11.067636489868164,-9.943758964538574,-7.726008415222168,-5.966520309448242,-3.5845894813537598,-1.903592824935913,-2.892056465148926,-0.48071420192718506,-0.20947624742984772,-1.9397279024124146,-4.6972174644470215,-5.283504962921143,-4.2590813636779785,1.0452393293380737,1.5934174060821533,2.380204916000366,4.344715595245361,4.888627052307129,5.002369403839111,3.114623546600342,3.036062717437744,2.564753532409668,2.4397120475769043,2.014190196990967,3.2789223194122314,4.3758931159973145,7.0709075927734375,3.6986443996429443,1.746325135231018,0.4808846414089203,-1.7885916233062744,0.7029109597206116,2.1934974193573,-1.9426909685134888
-8.278648376464844,-8.276144027709961,-8.663960456848145,-9.289326667785645,-9.346232414245605,-10.149324417114258,-10.7706937789917,-10.942801475524902,-11.509652137756348,-11.037240028381348,-8.962422370910645,-6.229798793792725,-4.213476181030273,-2.1255455017089844,-0.4709279239177704,-4.543827056884766,-2.412044048309326,-2.3099758625030518,-3.899289846420288,-6.885030269622803,-6.392942905426025,-5.28293514251709,-1.606889247894287,0.4713216722011566,2.2356669902801514,2.679138422012329,3.498448133468628,5.538418769836426,4.0728254318237305,3.951098680496216,3.546114921569824,2.9651217460632324,2.762453317642212,3.4716756343841553,5.435243129730225,5.965179920196533,4.209718704223633,3.795952081680298,4.113232135772705,1.75482976436615,1.086431622505188,0.3611423075199127,-2.550671339035034
-8.636249542236328,-8.352288246154785,-8.019893646240234,-8.679216384887695,-9.067249298095703,-10.060696601867676,-10.771239280700684,-11.115144729614258,-12.139739990234375,-11.443092346191406,-8.156914710998535,-4.278500080108643,-1.639507532119751,-0.44526612758636475,0.7807106971740723,1.2784866094589233,-2.775822877883911,-4.234747409820557,-5.953733921051025,-7.7663397789001465,-6.894006729125977,-5.347492694854736,-2.3100838661193848,-0.09407713264226913,1.899869441986084,2.7086970806121826,2.2122137546539307,3.866799831390381,6.520697593688965,4.155280590057373,3.573002815246582,3.146866798400879,3.829042673110962,3.4990460872650146,4.310669898986816,5.2053704261779785,5.065090179443359,4.9504194259643555,5.135704040527344,1.3945071697235107,0.8231654763221741,0.7282186150550842,2.268820285797119
-9.280853271484375,-8.851534843444824,-8.2230224609375,-8.870091438293457,-9.397886276245117,-10.073603630065918,-10.635857582092285,-11.288039207458496,-12.407559394836426,-11.616567611694336,-7.355270862579346,-2.186641216278076,2.7540600299835205,3.2586162090301514,3.565459728240967,-1.0073264837265015,-4.372520446777344,-5.702232360839844,-7.715328693389893,-7.605536460876465,-6.344255447387695,-3.950432777404785,-2.217714309692383,0.21288929879665375,0.879718542098999,2.3196980953216553,1.770662546157837,2.179720163345337,6.313268184661865,4.281787395477295,3.5934410095214844,3.218048095703125,3.5677928924560547,3.8677175045013428,4.467123031616211,5.161470413208008,5.6678571701049805,4.859044075012207,3.4253287315368652,0.3108111321926117,-0.4222334325313568,-0.8734666109085083,0.9342087507247925
-9.53356647491455,-9.25976276397705,-9.272879600524902,-9.860613822937012,-10.126372337341309,-10.347150802612305,-10.807963371276855,-11.788302421569824,-12.492979049682617,-10.833626747131348,-6.335707664489746,0.034322552382946014,0.7836436033248901,2.6865665912628174,1.2670984268188477,-2.009955883026123,-3.7886247634887695,-5.739134788513184,-7.384495258331299,-7.091524124145508,-4.8032026290893555,-2.832625150680542,-2.7619216442108154,-1.5384997129440308,-0.8293609023094177,1.7226409912109375,2.8483505249023438,3.4123988151550293,4.440884590148926,5.335830211639404,4.8590898513793945,3.658864974975586,3.0521976947784424,3.278759241104126,5.194233417510986,5.356661319732666,6.02161169052124,5.1636738777160645,4.6235270500183105,4.378283500671387,0.9275503158569336,-0.9650596380233765,-1.5683205127716064
-9.696155548095703,-9.809538841247559,-10.458158493041992,-10.834101676940918,-10.80529499053955,-10.839703559875488,-11.249115943908691,-12.603915214538574,-12.825464248657227,-8.82596206665039,-4.013553142547607,2.7628719806671143,-2.168693780899048,-0.2706252634525299,-0.5715101361274719,-0.8001431822776794,-3.6057732105255127,-5.041083335876465,-7.2303547859191895,-7.691401958465576,-5.8288187980651855,-3.5967190265655518,-3.9454009532928467,-4.154997825622559,-3.4684367179870605,0.49510395526885986,1.8495054244995117,2.2208850383758545,2.3495869636535645,4.721474647521973,4.291565418243408,4.591696262359619,3.301759958267212,3.4154653549194336,4.176188945770264,5.775979518890381,6.294027328491211,5.382888317108154,4.629079818725586,4.93635892868042,2.2097339630126953,0.9746890068054199,-0.24411550164222717
-9.910453796386719,-10.56881332397461,-11.220602035522461,-11.2221097946167,-11.198143005371094,-11.126856803894043,-11.781790733337402,-13.104329109191895,-13.383270263671875,-6.34326171875,-1.7584456205368042,-1.770639181137085,-0.6165088415145874,0.6489105820655823,1.6197565793991089,-0.646651029586792,-2.3433938026428223,-4.876518249511719,-7.780708312988281,-8.561076164245605,-8.110156059265137,-6.835038185119629,-6.285599708557129,-6.029665470123291,-5.371960163116455,-2.4651896953582764,0.3059456944465637,1.394078254699707,2.5098257064819336,1.8346060514450073,2.140153646469116,3.360629081726074,3.3640148639678955,3.0390663146972656,3.3275341987609863,4.569727420806885,6.183660984039307,5.06878662109375,3.671147584915161,2.3441920280456543,1.9081203937530518,0.2762882113456726,0.5813301205635071
-9.824483871459961,-10.570469856262207,-10.965031623840332,-10.82099437713623,-11.146514892578125,-11.10522747039795,-12.051965713500977,-12.966438293457031,-13.62858772277832,-4.759838581085205,-4.6342644691467285,-4.364879131317139,-1.5097980499267578,1.2833280563354492,1.8495527505874634,1.683599829673767,-1.640636920928955,-4.990177154541016,-7.789682388305664,-7.886335372924805,-8.211844444274902,-8.161044120788574,-7.4920549392700195,-6.82585334777832,-5.097454071044922,-2.2682127952575684,0.6832631826400757,-0.031208056956529617,-0.21989841759204865,-0.7308314442634583,0.6699244976043701,0.9553560614585876,2.948164939880371,2.944784164428711,3.0450894832611084,3.9190657138824463,6.507528305053711,5.106429100036621,3.1760916709899902,1.8669614791870117,1.3822591304779053,0.7075440287590027,1.0514795780181885
