data/wind_data/wind_Surface_38.json
{"header": {"parameterUnit": "KT", "parameterCategory": 2, "nx": 255, "ny": 198, "lo1": 44.73521041870117, "la1": -3.236724853515625, "lo2": 111.26478576660156, "la2": 43.468475341796875, "dx": 0.26192745566368103, "dy": -0.23708222806453705, "refTime": "2025-02-20 14:00:00", "forecastTime": 0, "parameterNumber": 2, "parameterNumberName": "eastward_wind"}, "data":
[rows 76 to 94 of 198, columns 0 to 42 of 255]
12.274649620056152,11.254054069519043,4.467152118682861,-3.4998130798339844,-5.585878372192383,-5.59152364730835,-4.138369083404541,-1.8800022602081299,-0.4758298695087433,1.6601990461349487,2.5776145458221436,2.254331588745117,2.281029224395752,1.6563105583190918,-0.027417773380875587,-5.188927173614502,-5.447810649871826,-2.150014877319336,-2.1318867206573486,-5.128408908843994,-7.678995609283447,-5.5566301345825195,-3.6867146492004395,-3.6867623329162598,-6.232609748840332,-9.832075119018555,-10.346095085144043,-9.215290069580078,-7.746713161468506,-4.963846683502197,-1.5693787336349487,1.612780213356018,2.7965900897979736,2.7615296840667725,3.0767745971679688,2.553560256958008,1.4935115575790405,1.2569186687469482,1.6348702907562256,1.9295169115066528,1.7612766027450562,1.2654258012771606,0.5932390689849854
13.994644165039062,11.314571380615234,3.174619674682617,-2.0680859088897705,-3.509376049041748,-4.3026814460754395,-2.849527359008789,-1.460353136062622,0.2284773588180542,1.8058433532714844,2.880080223083496,3.4512619972229004,3.24517560005188,1.6251778602600098,0.1806807816028595,-3.5100128650665283,-4.7041096687316895,-2.582447052001953,-4.001830101013184,-6.674680709838867,-7.422336101531982,-5.272023677825928,-4.098208427429199,-5.02390718460083,-8.061570167541504,-10.39608383178711,-9.683645248413086,-8.39981746673584,-5.805130958557129,-2.390867233276367,0.15548484027385712,2.227351188659668,2.542569637298584,2.689894199371338,3.8460731506347656,4.330769062042236,3.339022636413574,2.165393829345703,2.686462879180908,3.6038920879364014,3.4368836879730225,2.3462746143341064,1.3099197149276733
13.569145202636719,11.554970741271973,1.9919735193252563,-3.2537972927093506,-4.145310401916504,-3.9043312072753906,-2.214634418487549,-0.915274441242218,0.817780613899231,1.9105240106582642,2.8287715911865234,4.128705024719238,5.3568034172058105,2.585705041885376,0.4088605046272278,-1.6912376880645752,-3.3526740074157715,-2.6256673336029053,-4.591980457305908,-6.294301986694336,-6.542797565460205,-5.118823051452637,-4.432324409484863,-5.664237022399902,-7.2540483474731445,-7.77682638168335,-6.691242218017578,-5.724465370178223,-3.19455885887146,0.07254658639431,1.7780866622924805,1.9222041368484497,0.872528612613678,1.1707184314727783,2.6760787963867188,1.7272968292236328,-0.06372405588626862,0.9415214657783508,3.908745050430298,5.886523723602295,5.5783610343933105,3.6808178424835205,1.7742412090301514
12.660335540771484,9.062110900878906,0.17177583277225494,-4.704586982727051,-4.7378621101379395,-4.537561893463135,-2.7091307640075684,-1.042688250541687,0.9342231750488281,2.431938648223877,3.0606319904327393,4.0655837059021,5.52390718460083,3.7344398498535156,1.4656766653060913,-0.699788510799408,-2.1913199424743652,-2.5233442783355713,-4.228122234344482,-5.128243446350098,-5.632180690765381,-4.694916725158691,-4.15508508682251,-5.369790554046631,-5.62289571762085,-4.695102214813232,-3.367391586303711,-2.63460111618042,-0.6658244729042053,1.7448530197143555,2.5432770252227783,1.8321497440338135,0.625885009765625,0.20769518613815308,0.5672633051872253,-0.27248096466064453,-0.630030632019043,0.07618308067321777,2.0799145698547363,4.076056003570557,5.226047039031982,3.06803297996521,1.5460059642791748
11.818852424621582,6.312966346740723,-1.3415658473968506,-5.168968200683594,-4.945755481719971,-4.569531440734863,-2.3741090297698975,-0.44016963243484497,0.8862270712852478,2.735121250152588,3.3336920738220215,4.096584796905518,4.881224632263184,3.621389627456665,2.402056932449341,0.5345407724380493,-1.2501564025878906,-2.1755385398864746,-3.871781349182129,-4.010076522827148,-4.3852219581604,-3.951441526412964,-3.197011947631836,-3.8034138679504395,-3.4279775619506836,-2.2859392166137695,-1.1309024095535278,-0.8889957666397095,0.1716354638338089,1.8235445022583008,2.6301913261413574,2.2986698150634766,1.489901065826416,0.8086637258529663,-0.11792757362127304,-1.3936172723770142,-0.5434690713882446,1.001509189605713,1.2372478246688843,1.2683687210083008,0.6107072234153748,0.00287562794983387,0.3371787369251251
11.1211519241333,4.348937511444092,-2.1059694290161133,-4.8117475509643555,-4.919658660888672,-4.1349873542785645,-2.3365795612335205,-0.232078418135643,1.47239089012146,3.100965976715088,3.5635251998901367,4.1254706382751465,4.324859619140625,2.983707904815674,2.2195188999176025,1.0629373788833618,-1.3541297912597656,-2.5525174140930176,-3.828626871109009,-3.575284957885742,-3.055044412612915,-3.141291618347168,-2.1983180046081543,-1.9282968044281006,-1.1359279155731201,-0.6230162382125854,-0.0534500777721405,-0.12513692677021027,0.2274617701768875,1.5501174926757812,2.669269323348999,2.3932435512542725,1.340443730354309,0.901305079460144,0.269269734621048,-0.690081000328064,0.4280349612236023,2.26788067817688,1.3136900663375854,-2.266204833984375,-5.526230812072754,-5.4453535079956055,-2.3448143005371094
9.669272422790527,2.5450634956359863,-2.742311716079712,-4.0019354820251465,-3.610151767730713,-2.6129655838012695,-1.2298115491867065,0.20182345807552338,1.9066277742385864,3.2462310791015625,4.437124729156494,4.594801902770996,4.766020774841309,2.535735607147217,1.6901812553405762,0.7653704881668091,-2.3472511768341064,-3.518289804458618,-4.647878646850586,-3.381376028060913,-2.208712577819824,-2.4285380840301514,-1.3923739194869995,-0.5894604325294495,0.3460260033607483,0.4050541818141937,0.604867160320282,0.578718364238739,0.5887107253074646,1.6562414169311523,2.841855525970459,2.3596086502075195,0.6809923648834229,0.14650042355060577,-0.12494795769453049,-0.3291989862918854,0.9903587102890015,3.174043893814087,0.9533699154853821,-5.659806728363037,-9.360958099365234,-5.875441074371338,-1.870199203491211
3.613713502883911,-0.5164563059806824,-2.928654193878174,-3.157857656478882,-2.140617847442627,-1.4835444688796997,-0.37628012895584106,0.5051329135894775,1.6117749214172363,2.9372406005859375,4.347917079925537,5.424986362457275,5.059978485107422,2.4699547290802,0.7450063228607178,-0.708787739276886,-4.027329444885254,-3.635406970977783,-3.885261297225952,-3.950066566467285,-2.01774001121521,-1.8520267009735107,-0.7761308550834656,0.4234026372432709,1.2384227514266968,0.9208454489707947,0.7527047395706177,0.6280122399330139,0.7852745056152344,1.8000444173812866,2.9265778064727783,2.4584736824035645,0.1056336984038353,-0.698928952217102,-1.0536831617355347,-0.7069622874259949,0.9937077164649963,3.637660026550293,-0.3162373900413513,-8.655362129211426,-10.105972290039062,-5.744989395141602,-2.093595027923584
-3.3516364097595215,-3.233751058578491,-2.9582252502441406,-2.480896234512329,-1.12315833568573,-0.1654071807861328,0.7705850005149841,1.3476319313049316,1.7363358736038208,2.361109972000122,3.8369874954223633,5.413022518157959,2.9007205963134766,-0.05359267443418503,-1.8602561950683594,-3.287160634994507,-3.5501198768615723,-3.6201908588409424,-3.6307313442230225,-3.311936616897583,-2.2610743045806885,-1.2653868198394775,-0.2983708381652832,0.7255948185920715,1.8428895473480225,1.2995022535324097,0.36223265528678894,0.1753801554441452,0.7554567456245422,1.7873435020446777,2.917147397994995,2.4665675163269043,-0.13614380359649658,-1.1791915893554688,-2.3495287895202637,-1.5687944889068604,0.8359887599945068,2.9422607421875,-2.1583235263824463,-10.019007682800293,-8.98401165008545,-5.244839668273926,-2.712592363357544
-3.703963041305542,-2.269101858139038,-1.1384893655776978,-0.5408257842063904,-0.17154936492443085,0.30118659138679504,0.8888082504272461,1.4162920713424683,2.0400161743164062,2.1976430416107178,3.34143328666687,4.3712897300720215,1.087198257446289,-1.592284083366394,-2.949477434158325,-3.9096100330352783,-2.729701519012451,-2.4081034660339355,-3.1862661838531494,-3.4394662380218506,-2.204521894454956,-0.6237192153930664,0.4692206382751465,0.8434128761291504,1.6841875314712524,1.775214672088623,0.5675057172775269,-0.22485528886318207,0.540398895740509,1.5825886726379395,2.6238739490509033,2.37373423576355,-0.25624823570251465,-1.5871671438217163,-3.0775413513183594,-2.449766159057617,0.3829982578754425,0.39921069145202637,-5.478737831115723,-10.21037483215332,-7.4889936447143555,-4.720483303070068,-3.062635898590088
-0.7899806499481201,0.33141303062438965,1.4655661582946777,1.8467894792556763,2.0025346279144287,0.9126703143119812,0.1333916038274765,1.181179404258728,2.223198413848877,2.827772855758667,3.7930173873901367,4.231980800628662,1.8314491510391235,-0.07762963324785233,-1.2496416568756104,-2.503434181213379,-2.2906503677368164,-1.595522165298462,-2.0501620769500732,-2.9936439990997314,-2.0327370166778564,-0.6379985213279724,0.9273654222488403,1.4855420589447021,1.4954209327697754,1.5731889009475708,0.7685708403587341,-0.028143122792243958,0.38997822999954224,1.1585646867752075,1.8892263174057007,1.8011354207992554,-0.4479960501194,-2.0027406215667725,-3.429410219192505,-2.6528239250183105,-0.6028764247894287,-3.1397314071655273,-8.881274223327637,-9.345370292663574,-6.196251392364502,-4.309006690979004,-3.4405088424682617
0.2708781063556671,1.040068507194519,2.3892056941986084,3.392125129699707,4.465696334838867,2.3362715244293213,-0.1643187254667282,0.6836413145065308,2.1656229496002197,3.133354902267456,4.282204627990723,4.930205345153809,3.5364348888397217,1.7102147340774536,0.7081700563430786,-0.42364510893821716,-1.0829976797103882,-1.158510684967041,-1.2770048379898071,-1.723217248916626,-1.3911380767822266,-0.48309525847435,0.905028223991394,1.9001350402832031,1.9622585773468018,1.51978600025177,1.1122499704360962,0.21599897742271423,0.024312466382980347,1.1045422554016113,1.1323894262313843,0.9795055985450745,-0.48238539695739746,-2.339047908782959,-3.2125062942504883,-2.9144370555877686,-1.9806225299835205,-5.161976337432861,-9.284852981567383,-7.876931190490723,-5.0127458572387695,-3.913357734680176,-3.952134847640991
0.8791165947914124,1.4627658128738403,2.6631476879119873,3.63504695892334,4.62722110748291,2.0129430294036865,-0.658596396446228,0.48287108540534973,1.9209636449813843,3.288748025894165,4.370448589324951,5.399029731750488,4.655542373657227,3.0149412155151367,2.025810956954956,1.4130868911743164,0.503188967704773,-0.08995544165372849,-0.46077126264572144,-0.6287072896957397,-0.24644893407821655,0.29794371128082275,1.083235263824463,1.9708101749420166,1.9679886102676392,1.844903826713562,1.779563307762146,0.5027132034301758,-0.49691835045814514,0.5071200132369995,0.266806423664093,0.009706118144094944,-0.5461136102676392,-2.5461854934692383,-3.4218530654907227,-3.395237922668457,-3.0172853469848633,-4.927698612213135,-6.903622150421143,-6.165814399719238,-3.7714264392852783,-3.453948736190796,-4.563831329345703
1.4318385124206543,2.2425949573516846,2.9354565143585205,3.5643270015716553,3.2975528240203857,1.0246481895446777,0.4608131945133209,1.4640238285064697,2.121577024459839,2.9963037967681885,3.966465711593628,5.228987693786621,5.132757663726807,3.77264404296875,2.714275598526001,2.374537229537964,1.8908847570419312,1.3592309951782227,0.8116508722305298,0.5720791816711426,0.7620482444763184,1.2496694326400757,1.5314254760742188,2.1017823219299316,1.809402346611023,1.5424659252166748,1.7502937316894531,1.3390271663665771,-0.008122154511511326,-0.42590832710266113,-0.7876974940299988,-0.7240814566612244,-0.8396448493003845,-3.0241918563842773,-4.375378608703613,-4.392551422119141,-3.3407251834869385,-3.957737684249878,-5.014486312866211,-4.634597301483154,-3.1031627655029297,-3.181230068206787,-4.847997188568115
2.0559065341949463,3.1781997680664062,3.0912158489227295,4.085710525512695,3.103184223175049,1.6931198835372925,2.6278951168060303,3.215174913406372,3.350661039352417,3.296861171722412,3.8976292610168457,5.244875431060791,5.523473739624023,4.374922752380371,3.32853102684021,3.078794479370117,3.0003936290740967,2.743147850036621,2.3769750595092773,2.072498321533203,1.797906517982483,1.918265700340271,1.815518856048584,2.130060911178589,1.9778976440429688,1.3197627067565918,1.1085052490234375,1.4109770059585571,1.3563525676727295,-0.14503733813762665,-1.345733642578125,-1.1302019357681274,-1.4505743980407715,-3.1789417266845703,-5.021617889404297,-4.9799065589904785,-3.386291265487671,-3.368009567260742,-3.9096081256866455,-4.051825523376465,-2.9538092613220215,-3.167240619659424,-4.437763214111328
3.2165966033935547,3.3960697650909424,3.461212635040283,4.769735336303711,3.87090802192688,2.0593202114105225,2.1259868144989014,2.8308238983154297,3.3693125247955322,3.4539122581481934,3.8211586475372314,4.779518127441406,5.630012035369873,5.117743968963623,4.108822345733643,3.723158359527588,3.874311685562134,3.9578983783721924,3.741650104522705,3.339211940765381,2.605117082595825,2.1583242416381836,1.8360416889190674,1.9323128461837769,2.0589096546173096,1.504429817199707,0.8340405225753784,1.101607084274292,1.488914966583252,1.3783178329467773,0.23593680560588837,-0.9434008002281189,-1.3762587308883667,-2.593193769454956,-4.73288631439209,-4.344313144683838,-3.7246105670928955,-3.0703125,-2.985051155090332,-3.458538770675659,-2.878878116607666,-3.1017308235168457,-3.6211307048797607
5.003088474273682,3.861715316772461,4.099493026733398,5.21793794631958,3.863734483718872,2.638190984725952,2.7576324939727783,3.0261781215667725,3.645062208175659,3.6359238624572754,3.5516462326049805,4.139867782592773,5.230105876922607,5.699125289916992,5.270730495452881,4.737843990325928,4.600164413452148,4.749284267425537,4.723697185516357,4.210859775543213,3.0672800540924072,2.02789568901062,1.5080770254135132,1.5464982986450195,1.7642552852630615,1.6731362342834473,1.0682487487792969,1.178416132926941,1.4186404943466187,1.773510456085205,2.4732489585876465,1.2282735109329224,-0.5340666770935059,-1.3828374147415161,-3.7715463638305664,-3.7819108963012695,-3.3802073001861572,-2.831364870071411,-2.446599006652832,-2.8005707263946533,-2.504302978515625,-2.6882169246673584,-2.8976669311523438
6.663475513458252,5.005390644073486,5.206913948059082,5.186203956604004,4.770815849304199,4.705654621124268,4.717582702636719,3.8793723583221436,3.948732376098633,3.7159626483917236,2.9950079917907715,2.96260666847229,3.828977346420288,4.7687811851501465,5.154433250427246,5.084506988525391,4.958135604858398,5.377825736999512,5.588526248931885,4.82120418548584,3.2840585708618164,1.6709163188934326,0.8519792556762695,1.0344313383102417,1.3090325593948364,1.4981836080551147,1.3505481481552124,1.4608858823776245,1.8636484146118164,1.9085805416107178,3.050614356994629,3.540640354156494,1.5078974962234497,-0.10190704464912415,-2.372638463973999,-2.638840436935425,-2.0139265060424805,-2.551257610321045,-2.568185567855835,-2.057281732559204,-1.8933662176132202,-2.1785035133361816,-2.283905267715454
8.001294136047363,7.105288028717041,6.854980945587158,7.244747161865234,6.9726996421813965,5.207251071929932,4.407190322875977,3.38250732421875,3.3184397220611572,3.4397518634796143,2.5736453533172607,2.0274298191070557,2.389268398284912,3.160454511642456,3.8574349880218506,4.241633415222168,4.79427433013916,5.925356864929199,6.366252422332764,5.114604473114014,2.8271119594573975,0.9126787185668945,0.11042945832014084,0.46731242537498474,0.9332267642021179,1.1745388507843018,1.4936037063598633,1.7726354598999023,2.39408016204834,2.581054925918579,2.92478084564209,4.218733787536621,3.3955750465393066,1.242993950843811,-1.0341097116470337,-1.838495135307312,-1.2197506427764893,-2.711289167404175,-2.660123586654663,-1.5388307571411133,-1.4598522186279297,-1.2924439907073975,-1.4552226066589355
