data/wind_data/wind_14_2.json
{"header": {"parameterUnit": "KT", "parameterCategory": 2, "nx": 256, "ny": 198, "lo1": 44.73521041870117, "la1": -3.236724853515625, "lo2": 111.26478576660156, "la2": 43.468475341796875, "dx": 0.2609002888202667, "dy": -0.23708222806453705, "refTime": "2025-02-19 14:00:00", "forecastTime": 0, "parameterNumber": 2, "parameterNumberName": "eastward_wind"}, "data":
[rows 152 to 170 of 198, columns 0 to 42 of 256]
-4.910288333892822,-4.894388198852539,-3.34086012840271,-1.8840755224227905,-1.63115656375885,-0.42256397008895874,-0.6675695180892944,3.007106304168701,4.207087993621826,4.894294261932373,5.885242938995361,6.279794216156006,6.889697551727295,6.714438438415527,6.1251935958862305,6.698184967041016,7.052189350128174,6.672764778137207,6.663201332092285,7.056723594665527,7.4992241859436035,7.641467094421387,7.096139430999756,7.466923236846924,1.3413617610931396,-5.55059814453125,-7.885765552520752,-6.756629467010498,-9.510032653808594,-10.12956428527832,-7.7957611083984375,-5.295964241027832,-4.455657958984375,-2.7040023803710938,-0.9216935634613037,-0.30223849415779114,-0.18371084332466125,1.027012825012207,1.754577875137329,1.9669111967086792,1.3796874284744263,1.3497892618179321,0.6832825541496277
-4.913985252380371,-4.862553596496582,-3.2567152976989746,-1.408861756324768,-0.5771118998527527,1.315969467163086,0.8849815130233765,4.029146194458008,5.438630104064941,5.623898983001709,7.160680294036865,7.7166643142700195,7.031524658203125,6.604325294494629,7.120381832122803,7.592670440673828,6.003859519958496,4.432536602020264,4.42547607421875,6.303555965423584,5.830480575561523,4.2123517990112305,-1.3636958599090576,-5.559124946594238,-6.837774753570557,-6.015210151672363,-5.222517490386963,-3.3914501667022705,-4.121450424194336,-4.704667568206787,-3.7460575103759766,-2.0440850257873535,-1.6190203428268433,-0.40601620078086853,-0.24713897705078125,0.19360941648483276,1.1166075468063354,2.2375245094299316,2.679123640060425,2.9720256328582764,2.713939905166626,2.821864128112793,2.3146626949310303
-4.0656256675720215,-3.8771111965179443,-2.8829846382141113,-1.137632131576538,0.38759759068489075,1.2632973194122314,2.582427978515625,5.042074203491211,5.68313455581665,6.882862091064453,8.861329078674316,10.415885925292969,9.935724258422852,8.903302192687988,9.44975471496582,9.105910301208496,8.765910148620605,7.456836700439453,6.433723449707031,7.412843227386475,5.971944808959961,2.390298366546631,-3.0623278617858887,-5.9389872550964355,-7.469963073730469,-4.787353038787842,-2.942837715148926,-0.8681231737136841,0.2885206937789917,1.1482685804367065,0.39566129446029663,1.4065254926681519,1.6453498601913452,1.8680369853973389,2.278630256652832,3.011646270751953,3.6492726802825928,4.375996112823486,4.5389580726623535,4.22055196762085,3.766289234161377,3.5649020671844482,2.9940006732940674
-3.0576529502868652,-3.157181978225708,-2.12856388092041,-0.5521041750907898,1.2203526496887207,2.511911630630493,3.3857853412628174,5.116286754608154,6.918135643005371,7.209552764892578,7.704901218414307,10.568339347839355,12.424737930297852,12.538076400756836,11.915739059448242,11.559152603149414,10.873774528503418,10.561959266662598,10.545025825500488,12.013317108154297,12.210160255432129,9.194005012512207,1.2207846641540527,-4.754533290863037,-2.9663853645324707,-2.775696277618408,-5.41694974899292,-1.7766386270523071,0.09384007006883621,1.820775032043457,4.177335739135742,5.384505271911621,5.509485244750977,5.248453140258789,5.383948802947998,5.47332763671875,5.1049957275390625,4.537786483764648,4.44555139541626,4.256985187530518,4.655333518981934,3.603602409362793,2.8793201446533203
-2.5136775970458984,-1.9308018684387207,-0.855954110622406,0.5981348752975464,1.4815754890441895,3.503058910369873,4.542074680328369,6.608272552490234,8.694783210754395,10.132858276367188,10.565435409545898,10.716914176940918,11.719161033630371,13.012757301330566,13.374432563781738,13.97242546081543,13.807364463806152,13.577579498291016,13.692000389099121,14.909160614013672,15.590078353881836,13.556649208068848,9.046948432922363,1.3483467102050781,-2.6421051025390625,-3.526904821395874,-3.895995616912842,-0.23349910974502563,1.1754149198532104,1.8180975914001465,4.253347396850586,7.095251083374023,8.720190048217773,8.887652397155762,8.493051528930664,8.451493263244629,7.552922248840332,6.670190811157227,6.767392635345459,4.880706787109375,3.908478260040283,2.397986888885498,2.4077086448669434
-1.6412813663482666,-0.7550867199897766,0.3877759277820587,1.8527278900146484,2.0027713775634766,3.429455280303955,4.265068054199219,6.664647102355957,10.036582946777344,12.876426696777344,14.546605110168457,13.941137313842773,12.267267227172852,13.197973251342773,14.4325532913208,15.571992874145508,15.477801322937012,14.843079566955566,14.496081352233887,15.016387939453125,12.6604642868042,8.622945785522461,8.63404369354248,1.0532665252685547,-3.4477145671844482,-2.063967227935791,-1.265098214149475,-2.8465659618377686,-1.813996434211731,1.5567909479141235,5.425732612609863,10.401150703430176,12.631956100463867,9.891674995422363,7.518994331359863,7.624025821685791,8.827666282653809,8.030001640319824,7.535351753234863,4.943638801574707,2.6777961254119873,1.3957637548446655,1.8700616359710693
-1.105476975440979,-0.16436682641506195,1.4941906929016113,3.2715227603912354,3.4836902618408203,3.9465138912200928,4.976280689239502,8.662081718444824,13.222484588623047,15.689437866210938,16.58371925354004,16.81116485595703,15.53052806854248,14.85246753692627,15.636693000793457,16.6739501953125,16.64166259765625,16.002958297729492,15.658716201782227,13.744996070861816,8.760022163391113,8.532585144042969,1.8310935497283936,-5.907070159912109,-6.6419148445129395,-4.889273643493652,-4.365813255310059,-3.123527765274048,3.453582286834717,12.173531532287598,16.45363426208496,19.032394409179688,17.240768432617188,12.416914939880371,10.452435493469238,12.1515531539917,13.174257278442383,9.877516746520996,7.3482184410095215,4.052803993225098,2.5675833225250244,2.410717487335205,2.8027307987213135
-1.5773166418075562,0.19295257329940796,2.3891894817352295,5.1432719230651855,6.262596607208252,6.165003776550293,8.709266662597656,13.359929084777832,16.815553665161133,17.93885612487793,17.737808227539062,17.97893714904785,18.426652908325195,16.973100662231445,16.9314022064209,18.66365623474121,19.485692977905273,19.4442195892334,19.0341854095459,16.84694480895996,11.799722671508789,2.637721538543701,-6.9467973709106445,-8.001080513000488,-3.7335855960845947,3.234957456588745,7.636266231536865,9.944290161132812,15.778000831604004,19.347288131713867,22.68846321105957,25.179515838623047,21.845348358154297,14.8213529586792,13.38008975982666,12.200356483459473,11.662694931030273,9.61589241027832,7.069790840148926,4.0649800300598145,2.0421440601348877,2.9043307304382324,4.440377712249756
-1.5818932056427002,1.8906505107879639,4.319216728210449,7.332587718963623,9.477144241333008,9.832740783691406,13.80461597442627,17.06293296813965,19.273448944091797,20.636669158935547,21.033870697021484,19.70142364501953,18.17818832397461,16.496946334838867,17.465574264526367,19.582725524902344,20.73343849182129,21.56720542907715,21.41846466064453,18.930191040039062,11.198537826538086,0.7290962934494019,-4.425723075866699,-2.515501022338867,7.648637771606445,14.537755966186523,17.694072723388672,19.51570701599121,21.36299705505371,19.501047134399414,19.90324592590332,23.681827545166016,16.505693435668945,13.803556442260742,17.04697036743164,13.185830116271973,6.505837440490723,1.5367389917373657,2.037766933441162,1.3886852264404297,0.9698540568351746,4.165963649749756,7.065429210662842
0.36385077238082886,7.870418071746826,7.6105122566223145,9.649001121520996,11.104216575622559,12.909066200256348,16.764366149902344,17.554121017456055,19.133655548095703,21.616397857666016,23.727203369140625,23.752079010009766,17.70374870300293,13.997097969055176,17.124069213867188,20.164762496948242,21.739112854003906,23.354604721069336,21.418500900268555,15.811695098876953,7.1737213134765625,2.4434609413146973,-2.297753095626831,6.993916034698486,18.81351089477539,21.280746459960938,19.761831283569336,18.120731353759766,13.001813888549805,9.621587753295898,8.634501457214355,5.483283996582031,1.7373260259628296,1.8939733505249023,8.977472305297852,7.727104187011719,-0.787704348564148,-1.4170336723327637,1.1083576679229736,4.067913055419922,3.467630624771118,8.407011985778809,7.150777816772461
6.588643550872803,11.411577224731445,11.726248741149902,13.965479850769043,15.043597221374512,17.127532958984375,17.773944854736328,17.18218421936035,17.293872833251953,21.789146423339844,25.74644660949707,29.286876678466797,24.398765563964844,19.572675704956055,20.30899429321289,21.140413284301758,24.05246925354004,25.545869827270508,21.788543701171875,17.432350158691406,8.748762130737305,2.7901203632354736,6.894504070281982,20.89246368408203,23.61891746520996,13.600014686584473,10.351036071777344,10.405613899230957,3.954815626144409,0.5939693450927734,-2.5587329864501953,-2.4955480098724365,1.1001781225204468,2.9009180068969727,6.014883518218994,8.408984184265137,6.249666690826416,7.007421970367432,6.474603176116943,6.321871280670166,5.035201072692871,8.771650314331055,8.576186180114746
7.92915153503418,12.443655967712402,13.251465797424316,13.360799789428711,16.62169647216797,19.29041290283203,18.68248748779297,16.59451675415039,18.272233963012695,23.665273666381836,27.253328323364258,27.362464904785156,25.873924255371094,23.78080177307129,23.174776077270508,23.894102096557617,27.15951156616211,27.87093734741211,24.839141845703125,17.736051559448242,12.741666793823242,11.360942840576172,20.62759780883789,27.788841247558594,18.545072555541992,6.545779228210449,-0.25238165259361267,-3.5981826782226562,-4.700256824493408,-3.1031293869018555,-2.106830596923828,-0.15278050303459167,0.6614013910293579,-1.0993143320083618,-1.6781777143478394,-0.8961424231529236,1.9381945133209229,6.869113445281982,8.610051155090332,9.471304893493652,7.567324638366699,4.781932353973389,5.0393967628479
8.70560359954834,14.373257637023926,12.728456497192383,11.113788604736328,14.117059707641602,17.89748191833496,17.743228912353516,17.210731506347656,20.9215087890625,26.407012939453125,26.33530616760254,25.57068634033203,23.923524856567383,22.968830108642578,23.328414916992188,24.664871215820312,27.239234924316406,27.788209915161133,26.387128829956055,20.394746780395508,19.0046443939209,21.09234619140625,25.839420318603516,20.110980987548828,1.8871115446090698,-4.3554301261901855,-5.081312656402588,-5.121081829071045,-4.995438575744629,-3.188065767288208,-2.645495891571045,-3.0814285278320312,-4.5481672286987305,-7.615185737609863,-9.809350967407227,-9.58596420288086,-8.395342826843262,-5.269116401672363,-2.7139406204223633,0.5402360558509827,4.305422782897949,6.777192115783691,2.555299997329712
11.992023468017578,17.01054573059082,11.554980278015137,10.02165699005127,12.913840293884277,14.492464065551758,14.073234558105469,18.05683135986328,24.634807586669922,28.183134078979492,28.102773666381836,23.54390525817871,14.758681297302246,14.087241172790527,16.284154891967773,19.789127349853516,23.504920959472656,26.748367309570312,22.490999221801758,13.736993789672852,16.153318405151367,22.11623191833496,16.755765914916992,1.8399245738983154,-4.9532575607299805,-4.619735240936279,-4.280095100402832,-4.290654182434082,-4.755084991455078,-4.690108776092529,-5.272890090942383,-6.528370380401611,-8.030346870422363,-9.981818199157715,-11.164658546447754,-10.304242134094238,-9.186664581298828,-8.575451850891113,-9.327637672424316,-8.642656326293945,-6.402716636657715,0.4739055037498474,4.529054641723633
10.976968765258789,14.753193855285645,9.560072898864746,9.173489570617676,11.643101692199707,10.61913776397705,8.420137405395508,14.283462524414062,22.591588973999023,25.302112579345703,25.818565368652344,19.928436279296875,10.183111190795898,8.631397247314453,10.389996528625488,19.739625930786133,26.53133773803711,24.1716365814209,10.39477825164795,4.862016677856445,8.020277976989746,5.71350622177124,-0.3292100429534912,-1.656880497932434,-0.9292238354682922,-2.167727470397949,-4.118943214416504,-4.989655017852783,-4.916469097137451,-5.088398456573486,-6.221494674682617,-7.72169828414917,-8.885859489440918,-10.56570053100586,-12.30888843536377,-11.321725845336914,-10.307801246643066,-11.01237964630127,-8.609566688537598,-7.439340591430664,-6.934670925140381,-6.7980780601501465,-1.6174944639205933
7.198764801025391,9.201249122619629,6.5379743576049805,7.3673553466796875,10.670836448669434,9.569221496582031,11.30510139465332,19.764379501342773,25.504192352294922,23.78235626220703,23.27242088317871,16.884624481201172,8.093306541442871,7.034257411956787,13.103198051452637,25.730587005615234,28.803775787353516,14.568829536437988,2.4606211185455322,2.6897733211517334,6.116170406341553,4.301079750061035,1.863357663154602,1.7698140144348145,0.02837924286723137,-2.318605661392212,-4.320934295654297,-4.979717254638672,-4.4760308265686035,-4.6312255859375,-5.958293914794922,-7.494016170501709,-8.262337684631348,-9.04385757446289,-9.644208908081055,-8.14775276184082,-7.257211685180664,-8.452744483947754,-6.339076519012451,-5.662610054016113,-4.735130786895752,-5.715335369110107,-6.940921783447266
4.587101936340332,6.4505109786987305,4.873663902282715,5.777597904205322,9.260201454162598,11.904800415039062,18.303861618041992,27.412445068359375,28.90046501159668,24.53089714050293,23.39241600036621,22.234296798706055,19.43857192993164,15.66971492767334,21.296600341796875,30.10383415222168,27.533864974975586,8.155191421508789,0.3651885986328125,3.0264270305633545,6.10305118560791,6.35294771194458,4.2247772216796875,1.3041267395019531,-1.3168928623199463,-2.3364999294281006,-3.8713126182556152,-4.06596565246582,-3.552931785583496,-3.982112169265747,-5.587630271911621,-7.0494890213012695,-7.472325801849365,-8.020159721374512,-8.743725776672363,-6.983132839202881,-5.427866458892822,-7.6274333000183105,-6.725680828094482,-5.076517581939697,-2.8903589248657227,-2.0601794719696045,-3.6986420154571533
3.2097482681274414,5.653716087341309,3.9391329288482666,4.214142799377441,5.734869956970215,11.575668334960938,20.23486328125,27.971546173095703,26.96756362915039,20.9827938079834,18.633752822875977,19.847122192382812,23.19036102294922,24.548725128173828,26.7216854095459,27.691789627075195,23.207571029663086,5.34268856048584,-0.2716798186302185,3.049851417541504,4.107230186462402,4.935941696166992,4.034677982330322,0.6476079225540161,-1.243967890739441,-1.7040024995803833,-2.701981544494629,-2.6142797470092773,-2.6510231494903564,-3.845240592956543,-5.647830963134766,-6.7498779296875,-6.938551425933838,-7.844871520996094,-9.066174507141113,-7.354997634887695,-5.26116418838501,-6.880443572998047,-6.4741621017456055,-5.315871238708496,-3.668555974960327,-2.452920436859131,-2.9203922748565674
3.137342929840088,6.768706321716309,3.490467071533203,3.8228912353515625,7.1800713539123535,8.612553596496582,13.83999252319336,21.272863388061523,22.019590377807617,15.77858829498291,16.412256240844727,19.171255111694336,19.797130584716797,20.2496395111084,20.040048599243164,22.84752655029297,20.229536056518555,4.4796648025512695,-1.3299195766448975,1.6479657888412476,0.8752684593200684,1.9730249643325806,1.8879683017730713,-0.2706297039985657,-1.3238890171051025,-1.7286585569381714,-2.150940418243408,-2.229020118713379,-3.05460262298584,-4.459938049316406,-5.765964508056641,-6.347976207733154,-6.559597492218018,-7.792356491088867,-8.876273155212402,-7.272486686706543,-5.838253974914551,-7.179388523101807,-6.98574686050415,-5.529702186584473,-3.387481451034546,-1.80502450466156,-1.2426623106002808
