data/wind_data/wind_43_8.json
{"header": {"parameterUnit": "KT", "parameterCategory": 2, "nx": 256, "ny": 198, "lo1": 44.73521041870117, "la1": -3.236724853515625, "lo2": 111.26478576660156, "la2": 43.468475341796875, "dx": 0.2609002888202667, "dy": -0.23708222806453705, "refTime": "2025-02-20 19:00:00", "forecastTime": 0, "parameterNumber": 2, "parameterNumberName": "eastward_wind"}, "data":
[rows 152 to 170 of 198, columns 88 to 131 of 256]
43.003910064697266,43.7661247253418,40.73279571533203,32.23554229736328,26.14080810546875,29.85373306274414,39.28165817260742,45.28835678100586,45.58335494995117,42.263797760009766,38.345428466796875,36.63356399536133,36.79236602783203,37.57929229736328,37.505252838134766,36.83735275268555,36.56364822387695,38.017845153808594,40.18227005004883,39.653846740722656,36.44395065307617,33.84294509887695,33.893428802490234,35.609432220458984,37.042572021484375,37.28385543823242,36.97352981567383,36.62327194213867,36.27119445800781,35.656341552734375,35.894432067871094,36.630531311035156,35.71893310546875,33.23328399658203,31.547855377197266,31.234378814697266,31.300874710083008,32.71574020385742,37.05438232421875,44.21566390991211,50.72785186767578,50.157894134521484,43.39884948730469,36.85539627075195
40.64491653442383,41.34830856323242,40.7816162109375,36.48420715332031,29.051973342895508,26.5679988861084,33.43147277832031,42.48323059082031,46.35162353515625,45.07000732421875,41.341182708740234,38.64676284790039,37.98548889160156,38.04004669189453,37.5724983215332,36.06757354736328,34.8591423034668,35.565513610839844,38.48420715332031,40.0619010925293,38.5814323425293,36.4606819152832,35.89563751220703,36.13608169555664,35.92559051513672,35.429542541503906,35.252567291259766,35.514381408691406,35.75985336303711,35.49704360961914,35.77381134033203,36.680912017822266,36.921600341796875,35.065574645996094,32.41608428955078,30.931251525878906,30.462614059448242,31.328580856323242,35.24391174316406,42.33278274536133,49.01424026489258,50.453800201416016,45.73100662231445,39.33203887939453
38.54006576538086,38.793251037597656,40.52964401245117,41.0767822265625,36.442806243896484,29.861440658569336,30.24843978881836,38.13162612915039,45.223121643066406,46.56016159057617,43.9992790222168,40.9144172668457,39.5358772277832,39.21769332885742,38.17763137817383,36.113304138183594,34.334266662597656,34.14323043823242,36.067047119140625,38.15031433105469,38.551265716552734,38.002288818359375,37.822105407714844,37.548851013183594,36.19926452636719,34.4678840637207,33.77008819580078,34.22386169433594,34.62255096435547,34.61294174194336,35.22065353393555,36.4493293762207,37.511375427246094,36.568580627441406,34.20553207397461,32.4046516418457,31.65445899963379,32.158416748046875,34.863304138183594,39.52924346923828,43.90446090698242,46.493919372558594,45.8005485534668,41.49046325683594
38.3855094909668,37.25288772583008,38.92882537841797,42.660701751708984,42.68336868286133,36.69049072265625,31.880027770996094,34.949039459228516,41.261322021484375,44.5375862121582,44.39881896972656,42.669105529785156,41.27033615112305,40.35394287109375,38.406105041503906,35.32026672363281,32.8537712097168,32.29813003540039,33.80052185058594,36.17894744873047,37.92595291137695,38.82524490356445,39.38948059082031,39.13953399658203,37.25319290161133,34.78207778930664,33.628684997558594,34.030216217041016,34.55046081542969,34.74711990356445,35.19811248779297,35.94108200073242,37.013240814208984,37.381988525390625,36.33462142944336,34.667022705078125,33.534461975097656,33.86289596557617,35.652503967285156,38.0411376953125,40.493534088134766,42.583858489990234,42.80543518066406,40.82793426513672
39.59426498413086,37.588558197021484,37.56626892089844,41.33646774291992,45.300453186035156,42.942291259765625,35.84747314453125,33.00375747680664,36.45145797729492,39.78840637207031,40.96849060058594,41.66379928588867,42.556007385253906,42.77946090698242,40.4145393371582,35.8577880859375,30.89056968688965,28.596338272094727,30.27979278564453,33.974761962890625,37.437416076660156,39.59223175048828,40.8246955871582,40.853355407714844,38.897186279296875,36.121665954589844,34.503211975097656,34.484039306640625,35.078773498535156,35.5693473815918,35.900634765625,35.93155288696289,36.562828063964844,38.053680419921875,38.44292068481445,36.91080093383789,35.50688171386719,35.97765350341797,37.57758331298828,38.83005905151367,39.68107604980469,40.164634704589844,39.9913444519043,39.55485153198242
40.05441665649414,38.00630569458008,37.2553596496582,39.69615173339844,44.52482223510742,46.76689910888672,41.84361267089844,34.6866455078125,32.58039855957031,34.3187255859375,35.3206672668457,36.37001037597656,39.20100784301758,43.41304397583008,43.86955642700195,39.564266204833984,32.73707962036133,26.530832290649414,26.081382751464844,30.643878936767578,35.74420166015625,39.151851654052734,41.35592269897461,42.36389923095703,40.987308502197266,38.10502243041992,35.82621383666992,34.933475494384766,35.141265869140625,35.69315719604492,36.18217849731445,36.4694938659668,37.182254791259766,38.504173278808594,39.26476287841797,38.41387939453125,37.70706558227539,38.60432434082031,40.02680969238281,40.4016227722168,39.61394119262695,38.56947708129883,38.286102294921875,38.55289840698242
39.87293243408203,37.882774353027344,37.421051025390625,38.76335906982422,42.237422943115234,46.109683990478516,46.04798126220703,40.21437454223633,33.96410369873047,31.087738037109375,30.6895694732666,30.874801635742188,33.06262969970703,38.324851989746094,43.620967864990234,43.44289016723633,38.40238571166992,31.05451774597168,26.546865463256836,28.972150802612305,33.88412094116211,37.62863540649414,40.509761810302734,42.507808685302734,41.974246978759766,39.313194274902344,36.745140075683594,35.30522918701172,34.91106033325195,34.895904541015625,35.54597854614258,36.99192810058594,38.23866653442383,38.76513671875,39.20171356201172,39.53240966796875,40.15379333496094,41.112850189208984,41.41298294067383,40.54918670654297,39.19309616088867,38.06608963012695,37.240440368652344,36.90713882446289
40.192909240722656,38.071475982666016,37.51155471801758,38.02922058105469,40.24274444580078,43.98949432373047,46.39704513549805,44.69045639038086,39.10018539428711,33.503562927246094,30.551206588745117,29.68596839904785,29.799846649169922,33.101619720458984,39.068382263183594,43.07613754272461,42.12223434448242,37.32855987548828,32.23478698730469,31.303604125976562,34.156944274902344,37.041446685791016,39.5157470703125,41.43272018432617,41.32789611816406,39.119808197021484,36.62086868286133,35.01851272583008,34.275028228759766,33.661529541015625,34.0048942565918,36.60927200317383,38.98031234741211,39.13043975830078,39.27582931518555,40.83250045776367,42.579612731933594,42.59619903564453,41.10944747924805,39.7506217956543,38.91196060180664,37.72954559326172,36.003108978271484,35.544864654541016
40.66673278808594,38.8729133605957,38.051788330078125,38.084659576416016,39.20795822143555,42.25101089477539,45.50606155395508,45.906105041503906,43.06382751464844,38.23937225341797,34.09455871582031,32.31386947631836,31.704286575317383,32.44046401977539,36.15678405761719,40.4850959777832,41.71581268310547,39.68037414550781,36.709903717041016,35.268341064453125,36.02982711791992,37.42472839355469,39.04555130004883,40.48594665527344,40.35694122314453,38.42496871948242,36.10997009277344,34.44519805908203,33.32172775268555,32.40384292602539,32.67430877685547,35.73290252685547,39.26707077026367,40.078189849853516,39.9274787902832,41.486515045166016,43.69249725341797,43.20679473876953,40.70051956176758,38.93680191040039,38.10684585571289,36.91220474243164,35.53386306762695,35.755592346191406
40.863685607910156,39.874534606933594,39.22858810424805,39.01850891113281,39.39360046386719,41.1671028137207,44.159854888916016,45.715702056884766,44.4697151184082,41.673709869384766,38.18681335449219,35.51084518432617,34.21715545654297,33.854637145996094,35.85177993774414,39.126346588134766,40.33348083496094,38.99440002441406,37.518218994140625,37.37507629394531,37.799922943115234,38.14836120605469,38.92494583129883,39.99332046508789,39.88560485839844,38.17537307739258,36.06816864013672,34.45882797241211,33.009063720703125,31.86180877685547,32.45756912231445,35.602294921875,39.606834411621094,41.29001998901367,40.77760314941406,40.83766555786133,42.34175491333008,42.72926330566406,40.919795989990234,38.915714263916016,37.6722297668457,36.739158630371094,36.37614059448242,37.299808502197266
40.682071685791016,40.35544204711914,40.293155670166016,40.22652816772461,40.1423454284668,40.77779006958008,42.687782287597656,44.6622314453125,44.91203308105469,43.61748504638672,41.27978515625,38.31950759887695,36.10041046142578,35.00040054321289,35.66263198852539,38.074310302734375,39.416046142578125,38.482242584228516,37.24192428588867,37.43415069580078,38.15149688720703,38.5631103515625,39.13172912597656,39.913516998291016,39.772911071777344,38.325355529785156,36.533653259277344,35.194480895996094,33.77064514160156,32.56743240356445,33.43037414550781,36.70990753173828,40.556907653808594,42.18651580810547,40.81499481201172,39.02638244628906,39.13074493408203,40.16246032714844,40.17051696777344,39.6196403503418,39.0029411315918,38.256988525390625,37.982662200927734,38.600120544433594
40.37472915649414,40.09489822387695,40.55930709838867,41.05207824707031,40.9678840637207,40.961326599121094,41.870426177978516,43.388553619384766,44.553794860839844,44.664310455322266,43.4085578918457,40.641727447509766,37.61772918701172,35.819393157958984,35.724266052246094,37.2053108215332,38.61189651489258,38.419883728027344,37.30611801147461,37.0755729675293,37.64704895019531,38.238494873046875,39.12555694580078,40.042842864990234,40.00783157348633,38.76570510864258,37.243438720703125,36.29108428955078,35.254966735839844,34.29792022705078,35.214786529541016,38.34971237182617,41.56624984741211,42.56719970703125,40.4027099609375,37.03267288208008,35.76990509033203,36.928409576416016,38.65620040893555,39.958580017089844,40.22792434692383,39.65513229370117,39.6329345703125,40.05674362182617
40.11923599243164,39.848785400390625,40.456783294677734,41.29533004760742,41.53322982788086,41.45124435424805,41.87767028808594,42.830623626708984,43.880210876464844,44.57170104980469,44.39488220214844,42.60598373413086,39.40037536621094,36.75299072265625,36.031402587890625,36.89490509033203,38.1639404296875,38.4527473449707,37.53181457519531,36.96934127807617,37.359832763671875,37.886322021484375,38.91187286376953,40.152530670166016,40.39068603515625,39.397850036621094,38.14518356323242,37.465763092041016,36.942440032958984,36.59053039550781,37.47056198120117,39.64435958862305,41.79264450073242,42.506717681884766,40.4292106628418,36.63621139526367,34.60627365112305,35.2051887512207,36.89148712158203,38.45703125,39.33320617675781,40.01541519165039,40.90452194213867,41.12721252441406
39.8598518371582,39.99748229980469,40.64684295654297,41.32906723022461,41.70512390136719,41.8167610168457,42.17072296142578,42.82893753051758,43.550594329833984,44.06389617919922,44.193111419677734,43.395328521728516,40.938682556152344,37.9932861328125,36.6784782409668,37.06550598144531,38.00557327270508,38.4918098449707,37.96598434448242,37.27048873901367,37.45307922363281,37.99909210205078,38.88203430175781,40.19972229003906,40.76074981689453,40.14502716064453,39.200443267822266,38.689937591552734,38.688377380371094,39.14694595336914,39.75962448120117,40.31056213378906,41.35074234008789,42.24446487426758,41.05393981933594,37.96809387207031,35.466278076171875,34.63130187988281,34.989437103271484,36.10306167602539,37.55171203613281,39.15708923339844,40.58019256591797,41.015316009521484
39.831634521484375,40.36741638183594,41.01041030883789,41.336029052734375,41.635032653808594,41.91286087036133,42.20414733886719,42.63658905029297,43.22627639770508,43.56282043457031,43.528648376464844,43.148319244384766,41.76443099975586,39.354549407958984,37.64754104614258,37.5209846496582,37.99488067626953,38.43697738647461,38.4710693359375,38.13032150268555,38.04706573486328,38.51499557495117,39.3177604675293,40.34403610229492,40.97373962402344,40.77132797241211,40.271270751953125,40.045658111572266,40.400569915771484,41.1912841796875,41.240867614746094,40.699031829833984,41.25715637207031,42.262237548828125,41.685203552246094,39.27101135253906,36.343101501464844,34.115352630615234,33.094417572021484,33.516502380371094,35.20121765136719,37.42671203613281,39.199562072753906,40.07271957397461
40.27418518066406,40.81801986694336,41.18244934082031,41.17177200317383,41.37380599975586,41.751827239990234,41.925357818603516,42.066680908203125,42.524715423583984,42.92568588256836,42.96527862548828,42.81753921508789,42.299869537353516,40.77338790893555,38.91367721557617,38.08534240722656,38.13075256347656,38.46171951293945,38.91584014892578,39.13731384277344,39.173133850097656,39.615516662597656,40.29635238647461,40.72585678100586,41.058223724365234,41.27674865722656,41.332664489746094,41.34996795654297,41.5660514831543,41.99346160888672,41.79752731323242,41.32510757446289,41.71367645263672,42.31504821777344,41.787296295166016,39.65936279296875,36.61509323120117,33.66803741455078,31.576311111450195,31.299861907958984,33.09366989135742,35.73066711425781,37.81388854980469,38.92927169799805
40.907440185546875,41.17616653442383,41.087684631347656,40.8177490234375,40.964393615722656,41.36482238769531,41.4742431640625,41.43876647949219,41.69000244140625,42.16421127319336,42.59406280517578,42.94598388671875,43.05143356323242,42.192569732666016,40.33900451660156,38.865020751953125,38.452659606933594,38.527748107910156,39.088523864746094,39.913352966308594,40.4036979675293,40.76459884643555,41.401153564453125,41.559593200683594,41.37198257446289,41.733036041259766,42.300045013427734,42.25487518310547,41.793739318847656,41.81822967529297,41.96575927734375,41.98229217529297,42.197227478027344,42.21554946899414,41.26369094848633,39.09402847290039,36.451934814453125,33.91971969604492,31.518516540527344,30.48577308654785,31.821025848388672,34.44002151489258,36.597835540771484,37.77681350708008
41.31387710571289,41.342384338378906,40.952903747558594,40.45077133178711,40.40495681762695,40.732181549072266,40.95538330078125,41.0047492980957,41.11937713623047,41.58211898803711,42.414710998535156,43.38010787963867,43.964996337890625,43.43495178222656,41.7149658203125,39.884849548339844,38.9094123840332,38.52600860595703,38.96355438232422,40.36073684692383,41.52602005004883,41.666263580322266,41.756378173828125,42.16780090332031,42.20512008666992,42.43299102783203,42.97594451904297,42.40196990966797,41.18209457397461,41.31836700439453,42.185455322265625,42.46511459350586,42.34662628173828,41.806243896484375,40.40056228637695,38.20505142211914,36.14445495605469,34.57248306274414,32.76094055175781,31.210094451904297,31.406240463256836,33.33964538574219,35.47027587890625,36.83405685424805
41.4801139831543,41.39308547973633,40.92001724243164,40.22035217285156,39.83232498168945,39.98949432373047,40.45114517211914,40.83612823486328,40.987152099609375,41.363861083984375,42.27631378173828,43.5377197265625,44.556427001953125,44.483909606933594,43.075077056884766,41.164546966552734,39.60227966308594,38.524837493896484,38.56858825683594,40.46055603027344,42.46419906616211,42.58717346191406,41.37519454956055,41.482662200927734,42.78558349609375,43.760162353515625,43.536895751953125,41.60392379760742,40.16596603393555,41.19369125366211,42.50204086303711,42.40275955200195,41.85636520385742,41.03323745727539,39.463340759277344,37.51493835449219,35.975563049316406,34.94430923461914,33.71445846557617,32.20555877685547,31.605152130126953,32.5070915222168,33.95194625854492,35.02771759033203
