data/wind_data/wind_36_1.json
{"header": {"parameterUnit": "KT", "parameterCategory": 2, "nx": 256, "ny": 198, "lo1": 44.73521041870117, "la1": -3.236724853515625, "lo2": 111.26478576660156, "la2": 43.468475341796875, "dx": 0.2609002888202667, "dy": -0.23708222806453705, "refTime": "2025-02-20 12:00:00", "forecastTime": 0, "parameterNumber": 2, "parameterNumberName": "eastward_wind"}, "data":
[rows 0 to 18 of 198, columns 0 to 42 of 256]
-12.179069519042969,-12.089579582214355,-12.169629096984863,-12.420242309570312,-12.601729393005371,-12.719380378723145,-12.788470268249512,-12.741064071655273,-12.245475769042969,-11.427927017211914,-10.44556713104248,-9.346854209899902,-8.219610214233398,-7.187542915344238,-6.3787617683410645,-5.891757965087891,-5.926187992095947,-6.037456035614014,-6.049742221832275,-6.006265640258789,-5.871700763702393,-5.8885016441345215,-6.1076884269714355,-6.164347171783447,-6.050667762756348,-6.016247272491455,-6.077047824859619,-6.493823528289795,-7.14940071105957,-7.707603454589844,-8.125457763671875,-8.114398956298828,-7.807611465454102,-7.221590518951416,-6.636322498321533,-6.439432144165039,-6.299788951873779,-6.058933734893799,-5.780520439147949,-5.456470489501953,-5.148730754852295,-4.868732452392578,-4.6491780281066895
-12.64615535736084,-13.193412780761719,-13.105957984924316,-13.181851387023926,-13.17279052734375,-13.118844985961914,-12.897253036499023,-12.722678184509277,-12.426067352294922,-11.781116485595703,-10.776082992553711,-9.578333854675293,-8.5015287399292,-7.540323734283447,-6.747182846069336,-6.291900634765625,-6.3112263679504395,-6.298102855682373,-6.4086713790893555,-6.474684715270996,-6.3385186195373535,-6.3309526443481445,-6.171362400054932,-6.062583923339844,-6.312313556671143,-6.700342655181885,-6.959561824798584,-7.2139763832092285,-7.743232727050781,-8.313817977905273,-8.56411361694336,-8.408447265625,-8.055159568786621,-7.676361083984375,-7.385126113891602,-7.283067226409912,-7.125717639923096,-6.839431285858154,-6.585628032684326,-6.40637731552124,-6.209793567657471,-5.898857116699219,-5.5330891609191895
-12.994192123413086,-13.45739459991455,-13.413625717163086,-13.565556526184082,-13.558504104614258,-13.41333293914795,-13.028214454650879,-12.576115608215332,-12.255492210388184,-11.741265296936035,-10.844521522521973,-9.699860572814941,-8.693077087402344,-7.770220756530762,-7.048404216766357,-6.681237697601318,-6.564180850982666,-6.838031768798828,-6.89902925491333,-6.492937088012695,-6.557897567749023,-6.413851261138916,-6.300942897796631,-6.555439472198486,-6.685558795928955,-7.242458820343018,-7.939863681793213,-8.06103229522705,-8.241279602050781,-8.652653694152832,-8.770089149475098,-8.612066268920898,-8.320256233215332,-8.047182083129883,-7.890536308288574,-7.882082939147949,-7.842456340789795,-7.634882926940918,-7.388195037841797,-7.229499340057373,-7.0135602951049805,-6.652554035186768,-6.246618270874023
-13.1925687789917,-13.859028816223145,-13.78685474395752,-14.344441413879395,-14.235454559326172,-13.468315124511719,-12.915325164794922,-12.202615737915039,-12.244800567626953,-11.752922058105469,-10.982608795166016,-9.93989086151123,-9.105220794677734,-7.990174770355225,-7.154170036315918,-6.535068511962891,-6.746326446533203,-7.425873279571533,-7.443972587585449,-7.191984176635742,-7.388350009918213,-6.885815620422363,-6.562351703643799,-6.823883533477783,-7.548296928405762,-9.039443016052246,-10.06938648223877,-9.686851501464844,-8.74524974822998,-8.789119720458984,-9.052935600280762,-8.763178825378418,-8.313982009887695,-8.08889102935791,-7.974826812744141,-8.003072738647461,-8.208978652954102,-8.291450500488281,-8.042372703552246,-7.639480113983154,-7.401590824127197,-7.352237224578857,-7.008947849273682
-13.18401050567627,-14.051935195922852,-14.070759773254395,-15.018171310424805,-15.34184455871582,-13.441207885742188,-12.68430233001709,-10.871014595031738,-11.731010437011719,-11.356149673461914,-11.397729873657227,-10.898750305175781,-10.421003341674805,-8.129252433776855,-6.60995626449585,-4.78462553024292,-6.099801063537598,-8.094338417053223,-8.293920516967773,-8.041637420654297,-8.741819381713867,-7.910720348358154,-6.0672221183776855,-5.682992458343506,-7.421163558959961,-11.281026840209961,-13.56803035736084,-11.532450675964355,-8.670777320861816,-9.012852668762207,-10.08229923248291,-9.309889793395996,-8.303789138793945,-8.00342845916748,-7.376696586608887,-6.934544563293457,-7.337615966796875,-8.276591300964355,-8.425368309020996,-7.192988872528076,-6.941357135772705,-8.407845497131348,-8.40854263305664
-13.108169555664062,-14.19834041595459,-14.094969749450684,-14.764398574829102,-15.118294715881348,-14.13470458984375,-13.279014587402344,-11.796958923339844,-10.937962532043457,-9.205096244812012,-8.712517738342285,-9.039958953857422,-10.34843635559082,-9.453006744384766,-8.287717819213867,-7.38075590133667,-6.453436851501465,-8.187058448791504,-9.9226655960083,-9.109850883483887,-8.348721504211426,-7.223721504211426,-5.4653520584106445,-3.978588581085205,-4.744719982147217,-9.444168090820312,-13.049166679382324,-10.665973663330078,-7.442843914031982,-8.353421211242676,-10.41015625,-9.725963592529297,-9.051095962524414,-9.244150161743164,-8.776383399963379,-7.96947717666626,-7.396164894104004,-7.624416351318359,-8.90332317352295,-7.4682488441467285,-6.395155429840088,-8.842122077941895,-9.621170997619629
-13.017206192016602,-14.415862083435059,-14.21099853515625,-14.600244522094727,-14.550525665283203,-13.951803207397461,-13.546700477600098,-12.395480155944824,-12.400984764099121,-10.323907852172852,-8.682587623596191,-7.537261486053467,-9.15803337097168,-10.286090850830078,-10.749120712280273,-9.96861743927002,-9.08553695678711,-9.271992683410645,-9.402670860290527,-8.947685241699219,-8.5629243850708,-8.143758773803711,-6.545825481414795,-5.427077293395996,-7.873454570770264,-12.163928031921387,-12.251554489135742,-9.62552547454834,-8.479818344116211,-9.76099681854248,-10.422005653381348,-9.930489540100098,-9.958879470825195,-10.35251235961914,-10.26191520690918,-9.987984657287598,-9.73757266998291,-9.593361854553223,-9.341460227966309,-7.4099507331848145,-5.999409198760986,-6.602637767791748,-8.52685546875
-12.813777923583984,-14.337408065795898,-14.161598205566406,-14.459918022155762,-14.486689567565918,-13.348011016845703,-12.147895812988281,-10.30162525177002,-10.287932395935059,-9.790441513061523,-9.746504783630371,-9.437886238098145,-9.825961112976074,-9.970708847045898,-10.912729263305664,-9.434680938720703,-7.160599231719971,-5.903365135192871,-7.221757888793945,-8.264497756958008,-8.474905014038086,-8.009744644165039,-8.258432388305664,-8.494708061218262,-9.059804916381836,-11.28061294555664,-11.636549949645996,-10.234456062316895,-8.682136535644531,-9.368123054504395,-10.343350410461426,-10.106237411499023,-10.77065658569336,-11.261621475219727,-11.109190940856934,-11.059074401855469,-11.089112281799316,-10.860088348388672,-10.001388549804688,-8.497716903686523,-6.492485046386719,-5.240962028503418,-6.440823554992676
-12.462104797363281,-14.054276466369629,-14.005308151245117,-14.369586944580078,-14.250469207763672,-13.429098129272461,-13.547724723815918,-12.386808395385742,-11.929618835449219,-11.300579071044922,-11.656698226928711,-10.870220184326172,-11.479438781738281,-10.946871757507324,-10.489721298217773,-9.899747848510742,-8.979448318481445,-6.816781520843506,-4.839527606964111,-6.272727966308594,-8.911859512329102,-10.115845680236816,-10.36676025390625,-9.935585975646973,-9.06502914428711,-8.537399291992188,-9.578536987304688,-11.328949928283691,-11.048918724060059,-10.186565399169922,-10.139674186706543,-10.788183212280273,-11.563209533691406,-12.139570236206055,-12.402137756347656,-12.45923900604248,-12.117903709411621,-11.528321266174316,-10.751420021057129,-9.707545280456543,-8.533456802368164,-7.061453342437744,-5.450315952301025
-12.209637641906738,-13.768305778503418,-13.86329460144043,-14.229597091674805,-14.00196647644043,-13.530658721923828,-14.321852684020996,-13.32023811340332,-12.443795204162598,-10.45206069946289,-10.272747039794922,-10.291730880737305,-10.503806114196777,-9.613359451293945,-8.202813148498535,-7.635438442230225,-9.492107391357422,-8.54301929473877,-5.92043924331665,-4.858233451843262,-6.1190385818481445,-8.996807098388672,-10.155097007751465,-9.674485206604004,-7.918744087219238,-5.628863334655762,-7.806167125701904,-11.311631202697754,-10.55311393737793,-9.484817504882812,-10.474867820739746,-11.259483337402344,-11.914901733398438,-12.753314018249512,-13.08056640625,-12.95335865020752,-12.66641616821289,-11.990799903869629,-11.100199699401855,-10.23190689086914,-9.253432273864746,-8.086946487426758,-7.143600940704346
-12.072540283203125,-13.626696586608887,-13.731407165527344,-14.158758163452148,-13.806195259094238,-12.854249954223633,-13.699156761169434,-12.608612060546875,-11.923413276672363,-10.316242218017578,-10.916434288024902,-11.005486488342285,-11.110791206359863,-10.184637069702148,-9.177189826965332,-9.134156227111816,-10.119773864746094,-8.780279159545898,-6.436066150665283,-5.078567981719971,-3.74333119392395,-4.855225563049316,-8.3628568649292,-9.605144500732422,-9.224729537963867,-7.662924289703369,-7.512241363525391,-9.540848731994629,-9.990633964538574,-9.326590538024902,-10.284632682800293,-11.838465690612793,-12.377934455871582,-13.09326457977295,-13.326922416687012,-13.140915870666504,-12.952638626098633,-12.434659957885742,-11.823948860168457,-11.137516021728516,-10.477119445800781,-9.7850341796875,-8.851232528686523
-12.36563491821289,-13.878192901611328,-13.833667755126953,-14.113689422607422,-13.3596830368042,-11.668456077575684,-11.308310508728027,-10.514219284057617,-10.927002906799316,-9.178308486938477,-9.874177932739258,-11.226582527160645,-11.65136432647705,-11.214726448059082,-10.46367073059082,-10.100149154663086,-9.772294998168945,-7.799252510070801,-5.318878650665283,-3.783327341079712,-2.477381706237793,-2.597888708114624,-4.302982807159424,-7.957840919494629,-9.60927963256836,-8.54052734375,-9.154562950134277,-9.734914779663086,-9.713166236877441,-9.401593208312988,-10.43630599975586,-11.68951416015625,-11.96362018585205,-12.505874633789062,-12.716547966003418,-12.702742576599121,-12.804192543029785,-12.664377212524414,-12.21267318725586,-11.462390899658203,-10.73432731628418,-10.256441116333008,-9.92989444732666
-13.06222915649414,-14.388699531555176,-14.112730026245117,-14.187152862548828,-13.889491081237793,-13.10580062866211,-13.500123977661133,-12.106122970581055,-11.523527145385742,-9.028204917907715,-8.498340606689453,-9.898629188537598,-11.382431983947754,-10.559020042419434,-9.724259376525879,-9.392962455749512,-9.280920028686523,-7.883081912994385,-5.54314661026001,-3.7543699741363525,-3.116135835647583,-3.628840208053589,-3.8146748542785645,-5.206463813781738,-7.924328804016113,-7.776954174041748,-8.191116333007812,-11.244643211364746,-11.925840377807617,-10.981339454650879,-11.456716537475586,-12.137457847595215,-12.291630744934082,-12.714516639709473,-13.083447456359863,-13.048674583435059,-13.298358917236328,-13.342879295349121,-12.828878402709961,-12.25926399230957,-11.69693660736084,-10.84886646270752,-10.20834732055664
-13.827008247375488,-14.989102363586426,-14.47350025177002,-14.36021900177002,-13.998838424682617,-13.243952751159668,-13.334434509277344,-12.165705680847168,-12.301935195922852,-10.905278205871582,-10.360065460205078,-8.660161972045898,-8.151937484741211,-7.885104656219482,-7.570621967315674,-7.4377827644348145,-7.480134963989258,-6.795223712921143,-5.55648946762085,-4.1276421546936035,-3.7168657779693604,-4.597254276275635,-5.565281391143799,-4.984341621398926,-5.434232234954834,-6.681000232696533,-8.220344543457031,-10.837090492248535,-10.770763397216797,-10.682193756103516,-11.564018249511719,-12.507478713989258,-12.247241020202637,-12.596476554870605,-12.815796852111816,-12.893938064575195,-13.248612403869629,-13.223280906677246,-12.953956604003906,-12.757099151611328,-12.300878524780273,-11.312475204467773,-10.378877639770508
-14.728348731994629,-15.659008979797363,-14.924185752868652,-14.696849822998047,-13.867383003234863,-12.078422546386719,-11.916919708251953,-10.732572555541992,-11.606364250183105,-11.283960342407227,-11.803686141967773,-10.09013557434082,-8.55453872680664,-7.40889310836792,-7.816655158996582,-8.601577758789062,-7.440878868103027,-6.840991497039795,-6.46883487701416,-5.168529033660889,-4.800509929656982,-5.031213760375977,-5.180431842803955,-5.27912712097168,-4.943446636199951,-4.366825103759766,-7.254394054412842,-10.663339614868164,-10.857425689697266,-11.05424690246582,-11.800753593444824,-12.461591720581055,-12.863245964050293,-13.380306243896484,-13.201984405517578,-13.205817222595215,-13.446358680725098,-13.399177551269531,-13.316802978515625,-13.3196382522583,-13.04103946685791,-12.238350868225098,-10.989925384521484
-16.153854370117188,-16.53826332092285,-15.30794620513916,-14.942252159118652,-13.434335708618164,-11.95621109008789,-12.902630805969238,-11.129735946655273,-10.937357902526855,-9.262004852294922,-10.525146484375,-10.472024917602539,-9.659687042236328,-10.07194995880127,-10.449002265930176,-10.536600112915039,-10.304104804992676,-10.128530502319336,-8.854628562927246,-6.920394420623779,-5.361063480377197,-4.399412155151367,-3.7753570079803467,-3.8405215740203857,-4.595180988311768,-3.6796884536743164,-3.4488275051116943,-9.117944717407227,-11.484045028686523,-10.122647285461426,-10.33411693572998,-12.278254508972168,-13.020943641662598,-13.371106147766113,-13.101588249206543,-12.601907730102539,-12.95652961730957,-13.073636054992676,-13.086470603942871,-13.26051139831543,-13.1945219039917,-12.756561279296875,-11.637931823730469
-17.761857986450195,-17.586877822875977,-15.913759231567383,-15.451271057128906,-13.953912734985352,-13.65407943725586,-15.466383934020996,-13.91301155090332,-11.770048141479492,-9.46252727508545,-10.144519805908203,-11.203007698059082,-10.74705982208252,-10.723122596740723,-10.95698356628418,-10.67271900177002,-10.967649459838867,-10.682744979858398,-9.258819580078125,-7.4786272048950195,-5.461122035980225,-4.108528137207031,-3.4823694229125977,-3.9102485179901123,-4.050256729125977,-4.279740333557129,-5.594953536987305,-8.55318832397461,-10.67939281463623,-9.713712692260742,-8.684686660766602,-11.500472068786621,-13.645209312438965,-13.250568389892578,-12.608840942382812,-12.295921325683594,-12.414813041687012,-12.848958969116211,-13.164192199707031,-13.37659740447998,-13.498198509216309,-13.141480445861816,-11.849811553955078
-18.666147232055664,-19.593799591064453,-17.59834098815918,-16.681777954101562,-15.751293182373047,-15.476994514465332,-15.312335968017578,-14.005270004272461,-11.188590049743652,-10.5074462890625,-11.651854515075684,-12.255606651306152,-11.330129623413086,-9.929854393005371,-9.95433521270752,-10.30895709991455,-10.48101806640625,-9.206833839416504,-7.9153547286987305,-7.026925563812256,-5.48090934753418,-4.634531021118164,-4.813948154449463,-4.950153827667236,-3.7462825775146484,-4.776362419128418,-7.998688220977783,-9.437064170837402,-9.352347373962402,-8.535386085510254,-8.630702018737793,-8.866294860839844,-11.845373153686523,-13.27575969696045,-12.122001647949219,-11.902758598327637,-11.706657409667969,-12.202861785888672,-12.755075454711914,-13.439386367797852,-13.923249244689941,-13.100131034851074,-11.857206344604492
-19.062854766845703,-21.369449615478516,-19.857202529907227,-18.196775436401367,-17.76201057434082,-17.141748428344727,-14.200813293457031,-12.8246488571167,-10.996277809143066,-11.98184585571289,-13.337167739868164,-11.571993827819824,-10.872316360473633,-9.51288890838623,-9.974677085876465,-9.124217987060547,-8.388073921203613,-7.269179821014404,-6.180076599121094,-5.46360969543457,-4.691424369812012,-5.829118728637695,-6.456295490264893,-3.71770977973938,-2.9263956546783447,-6.482705116271973,-11.230581283569336,-12.1145658493042,-10.309789657592773,-7.805326461791992,-7.33486270904541,-7.394152641296387,-9.7960205078125,-12.869710922241211,-12.76192569732666,-11.508285522460938,-10.871033668518066,-10.624747276306152,-11.42730712890625,-13.097524642944336,-13.897951126098633,-12.711498260498047,-11.73914623260498
