data/wind_data/wind_54_0.json
{"header": {"parameterUnit": "KT", "parameterCategory": 2, "nx": 255, "ny": 198, "lo1": 44.73521041870117, "la1": -3.236724853515625, "lo2": 111.26478576660156, "la2": 43.468475341796875, "dx": 0.26192745566368103, "dy": -0.23708222806453705, "refTime": "2025-02-21 06:00:00", "forecastTime": 0, "parameterNumber": 2, "parameterNumberName": "eastward_wind"}, "data":
[rows 38 to 56 of 198, columns 129 to 171 of 255]
-5.71987247467041,-4.4228386878967285,-1.420661211013794,0.44440793991088867,2.9722793102264404,6.823794841766357,5.752697944641113,0.3278711438179016,-7.636707305908203,-9.695361137390137,-6.1043548583984375,-4.684345722198486,-6.762691974639893,-9.987532615661621,-10.143701553344727,-10.551567077636719,-8.553647994995117,-7.708178520202637,-10.224238395690918,-11.189685821533203,-8.410944938659668,-5.095495700836182,-4.68043851852417,-8.197190284729004,-11.285231590270996,-10.662501335144043,-7.557762145996094,-8.119759559631348,-13.018080711364746,-13.336955070495605,-10.372953414916992,-8.759074211120605,-8.818276405334473,-10.491161346435547,-12.012298583984375,-11.342302322387695,-9.849406242370605,-10.550383567810059,-12.729279518127441,-12.811278343200684,-11.826334953308105,-12.566926956176758,-14.818161010742188
-9.759451866149902,-6.842530727386475,-4.136575698852539,-1.3074843883514404,2.32029128074646,6.194979190826416,6.725881099700928,2.6826961040496826,-6.663900852203369,-8.972901344299316,-4.417537212371826,-3.0622200965881348,-5.5086822509765625,-10.06344985961914,-9.045246124267578,-7.632081985473633,-8.26126480102539,-9.674246788024902,-10.683019638061523,-9.916975021362305,-6.8300395011901855,-5.0173187255859375,-9.593810081481934,-14.745401382446289,-14.023969650268555,-11.28012466430664,-10.891915321350098,-13.852131843566895,-16.316865921020508,-13.697800636291504,-10.017529487609863,-9.086174964904785,-9.628926277160645,-9.869156837463379,-8.778528213500977,-7.541706562042236,-8.185837745666504,-11.250758171081543,-13.195415496826172,-12.103116035461426,-11.724258422851562,-13.12132740020752,-14.001250267028809
-10.729791641235352,-9.222506523132324,-6.977189540863037,-3.8492705821990967,0.09123169630765915,1.8117502927780151,-1.488808512687683,-7.743931770324707,-11.511139869689941,-8.450889587402344,-3.419295072555542,-3.7693474292755127,-7.299196243286133,-9.801888465881348,-8.848102569580078,-8.019636154174805,-9.183917999267578,-10.604707717895508,-10.704745292663574,-8.862339973449707,-6.46828031539917,-9.205622673034668,-13.779633522033691,-14.704900741577148,-13.484516143798828,-12.475492477416992,-12.112743377685547,-11.769769668579102,-12.240315437316895,-12.263334274291992,-10.46264362335205,-8.791906356811523,-8.319783210754395,-7.683821201324463,-6.351264953613281,-9.084456443786621,-14.159412384033203,-14.93301773071289,-13.097972869873047,-11.26712417602539,-10.898663520812988,-12.197635650634766,-12.874306678771973
-10.681262969970703,-9.2622652053833,-6.71676778793335,-3.979806423187256,-2.699134588241577,-6.025898456573486,-9.32312297821045,-11.566628456115723,-11.938668251037598,-6.427957534790039,-3.0099925994873047,-4.431846618652344,-7.62792444229126,-9.288874626159668,-9.859977722167969,-10.532190322875977,-9.63508415222168,-9.446422576904297,-9.02413272857666,-7.110589981079102,-8.60655689239502,-12.425804138183594,-12.324090003967285,-10.746038436889648,-12.16193962097168,-13.65805721282959,-12.319289207458496,-10.530377388000488,-10.811295509338379,-11.682609558105469,-10.739510536193848,-8.630949020385742,-6.865636348724365,-6.5605268478393555,-9.133583068847656,-13.646012306213379,-16.606861114501953,-15.099114418029785,-12.214801788330078,-11.6026029586792,-12.579634666442871,-12.51115894317627,-11.817220687866211
-10.735342979431152,-9.535170555114746,-7.465863227844238,-5.639133930206299,-5.257559776306152,-7.2206339836120605,-9.075840950012207,-10.289690971374512,-10.399486541748047,-7.194303035736084,-5.345416069030762,-6.24387788772583,-7.751405239105225,-8.874194145202637,-11.342854499816895,-10.033580780029297,-8.781667709350586,-9.530243873596191,-9.350424766540527,-9.61927604675293,-11.427610397338867,-12.369146347045898,-11.758787155151367,-11.861627578735352,-13.34703540802002,-13.399514198303223,-11.797022819519043,-10.813268661499023,-11.177016258239746,-11.639469146728516,-11.076783180236816,-9.86925220489502,-8.27071762084961,-7.737250328063965,-9.721541404724121,-12.870392799377441,-14.755204200744629,-14.472002029418945,-12.662992477416992,-11.998202323913574,-12.476811408996582,-12.315346717834473,-11.758867263793945
-11.041738510131836,-10.127613067626953,-8.990425109863281,-8.138737678527832,-7.569784164428711,-7.903815746307373,-8.77255630493164,-9.27253246307373,-9.684886932373047,-7.503722667694092,-4.752419471740723,-5.116517543792725,-9.353927612304688,-10.633768081665039,-9.050061225891113,-9.768472671508789,-11.59387493133545,-11.088706016540527,-10.511691093444824,-11.290545463562012,-11.01624584197998,-9.54710578918457,-9.656490325927734,-12.35087776184082,-14.01319408416748,-12.626874923706055,-11.144177436828613,-10.628302574157715,-10.761046409606934,-11.346003532409668,-11.719427108764648,-11.454071044921875,-10.528430938720703,-10.141522407531738,-12.20281982421875,-14.113083839416504,-14.198188781738281,-13.685216903686523,-12.291540145874023,-10.515213966369629,-9.942727088928223,-11.023009300231934,-12.037270545959473
-10.871755599975586,-10.98710823059082,-10.207983016967773,-8.632256507873535,-6.177351951599121,-4.64163064956665,-5.567741870880127,-7.484705448150635,-8.99392032623291,-7.836105823516846,-7.083366394042969,-9.128618240356445,-9.673994064331055,-8.205039024353027,-6.840488910675049,-10.383338928222656,-12.293846130371094,-10.275569915771484,-10.088973999023438,-10.773584365844727,-10.021991729736328,-8.687267303466797,-10.099955558776855,-13.431502342224121,-13.416513442993164,-10.845516204833984,-9.723834037780762,-10.123552322387695,-11.19800853729248,-11.971503257751465,-11.728388786315918,-11.21127700805664,-10.940853118896484,-12.353424072265625,-15.314600944519043,-16.06143569946289,-13.930987358093262,-11.819750785827637,-11.397286415100098,-11.425070762634277,-11.344466209411621,-11.986021041870117,-11.83403491973877
-11.702960014343262,-12.409032821655273,-11.909183502197266,-8.849218368530273,-6.025135040283203,-5.1890716552734375,-5.094683647155762,-5.896405220031738,-7.131389141082764,-7.5290727615356445,-7.965076923370361,-8.965534210205078,-7.57227087020874,-6.8226752281188965,-9.283705711364746,-11.866864204406738,-10.937535285949707,-8.829347610473633,-8.614289283752441,-11.037755012512207,-11.507365226745605,-10.019705772399902,-11.852001190185547,-14.148319244384766,-12.06225872039795,-8.835379600524902,-8.482684135437012,-10.845182418823242,-12.7486572265625,-12.297204971313477,-11.109044075012207,-10.440292358398438,-10.641194343566895,-12.340889930725098,-14.741279602050781,-15.03045654296875,-13.051828384399414,-11.528422355651855,-11.385077476501465,-11.464335441589355,-11.15918254852295,-10.33388900756836,-9.45368766784668
-11.287599563598633,-12.392136573791504,-11.990084648132324,-9.143373489379883,-5.651919364929199,-4.9831366539001465,-7.31697940826416,-9.175629615783691,-7.420934677124023,-7.2802629470825195,-11.37067699432373,-10.014388084411621,-7.583176612854004,-9.305387496948242,-11.974939346313477,-11.055856704711914,-9.516374588012695,-9.013985633850098,-10.044381141662598,-12.258524894714355,-12.165950775146484,-10.384602546691895,-10.738216400146484,-11.911835670471191,-10.60975170135498,-9.369729995727539,-11.096903800964355,-13.46440601348877,-13.394735336303711,-12.10836410522461,-11.541399955749512,-11.051264762878418,-11.019716262817383,-10.97803783416748,-11.23169231414795,-11.92676830291748,-12.179073333740234,-11.45172119140625,-10.314244270324707,-9.918411254882812,-9.935145378112793,-9.091656684875488,-8.206089973449707
-9.327177047729492,-12.259014129638672,-12.720111846923828,-11.04222583770752,-7.775140285491943,-6.359301567077637,-7.177178859710693,-8.268177032470703,-8.131168365478516,-6.880532741546631,-8.939106941223145,-10.32095718383789,-10.130556106567383,-10.295363426208496,-10.636286735534668,-10.482001304626465,-10.48422622680664,-10.894092559814453,-12.328462600708008,-12.988316535949707,-11.376002311706543,-9.876994132995605,-10.046965599060059,-9.811171531677246,-9.441455841064453,-11.253572463989258,-13.469594955444336,-13.631569862365723,-12.450247764587402,-11.303356170654297,-10.747783660888672,-10.878302574157715,-11.384910583496094,-11.2289400100708,-12.026349067687988,-13.39526653289795,-13.087974548339844,-11.199527740478516,-10.399930000305176,-11.312585830688477,-11.071934700012207,-9.212547302246094,-8.641336441040039
-7.323172092437744,-9.079379081726074,-12.08217716217041,-11.72082233428955,-9.105480194091797,-7.3961181640625,-7.320608615875244,-6.661910533905029,-8.590388298034668,-8.643301010131836,-6.469502925872803,-10.61794376373291,-12.404520034790039,-10.546670913696289,-10.448017120361328,-11.546122550964355,-11.853611946105957,-11.645746231079102,-12.047542572021484,-11.753355979919434,-10.764650344848633,-10.693653106689453,-11.545616149902344,-11.26865005493164,-10.483315467834473,-11.361861228942871,-12.420333862304688,-11.909077644348145,-11.03096866607666,-10.73745059967041,-10.50322151184082,-11.113398551940918,-12.204763412475586,-12.732606887817383,-13.747977256774902,-14.619285583496094,-13.38272762298584,-11.333085060119629,-11.2623872756958,-12.293503761291504,-11.683489799499512,-10.015910148620605,-9.862932205200195
-3.6539976596832275,-6.424933433532715,-9.482733726501465,-10.331184387207031,-10.862732887268066,-10.589058876037598,-10.960041999816895,-11.107221603393555,-11.02391242980957,-9.727246284484863,-10.203897476196289,-12.18046760559082,-11.5223388671875,-9.145102500915527,-8.739688873291016,-10.57414436340332,-11.582913398742676,-10.68048095703125,-10.15849494934082,-10.112232208251953,-9.385490417480469,-10.85457992553711,-12.673134803771973,-11.582818984985352,-10.249267578125,-10.417261123657227,-11.413843154907227,-11.480123519897461,-10.825053215026855,-10.270482063293457,-10.108621597290039,-12.054058074951172,-14.127283096313477,-14.189651489257812,-14.223438262939453,-14.26183032989502,-12.629302978515625,-10.541166305541992,-10.268044471740723,-11.140398025512695,-11.103796005249023,-10.346785545349121,-10.406744956970215
-5.7593207359313965,-3.3221092224121094,-5.922857284545898,-9.526557922363281,-10.043992042541504,-10.290901184082031,-10.545186042785645,-11.179226875305176,-10.82300853729248,-10.23638916015625,-10.348845481872559,-10.123669624328613,-9.741759300231934,-10.044304847717285,-10.349347114562988,-10.253686904907227,-9.36289119720459,-8.528080940246582,-8.682406425476074,-9.469632148742676,-10.652179718017578,-11.812202453613281,-12.729104042053223,-12.086235046386719,-10.751982688903809,-10.344805717468262,-9.743942260742188,-9.542187690734863,-11.200063705444336,-11.383139610290527,-11.030256271362305,-13.58515739440918,-15.31039810180664,-14.162139892578125,-13.147605895996094,-13.0325927734375,-12.068832397460938,-10.647833824157715,-10.407934188842773,-10.820837020874023,-10.432881355285645,-10.175274848937988,-11.322792053222656
-3.9218969345092773,-2.954599380493164,-4.361091613769531,-7.080916404724121,-9.296277046203613,-10.881277084350586,-11.337830543518066,-9.778820991516113,-8.543961524963379,-9.59549331665039,-10.160253524780273,-8.257896423339844,-8.6790771484375,-10.559041023254395,-10.778038024902344,-10.542272567749023,-10.018701553344727,-9.745735168457031,-10.555566787719727,-11.699827194213867,-12.055806159973145,-11.383733749389648,-11.063909530639648,-11.459036827087402,-11.882881164550781,-11.583287239074707,-10.51880931854248,-10.592787742614746,-11.763802528381348,-12.341211318969727,-12.82723617553711,-14.049086570739746,-14.658992767333984,-13.876812934875488,-12.335803985595703,-12.049748420715332,-12.606542587280273,-12.37040901184082,-11.169943809509277,-10.331575393676758,-10.723748207092285,-12.055521011352539,-13.096809387207031
-4.804123401641846,-4.320550441741943,-5.092398166656494,-4.957116603851318,-5.986034870147705,-10.074325561523438,-11.193751335144043,-9.472189903259277,-8.352519035339355,-8.500216484069824,-10.232390403747559,-11.545522689819336,-10.159727096557617,-8.670539855957031,-9.977582931518555,-11.25960922241211,-10.125656127929688,-10.307548522949219,-11.84594440460205,-11.928163528442383,-11.415135383605957,-10.65649127960205,-10.389754295349121,-11.287023544311523,-11.959485054016113,-11.368047714233398,-10.74158000946045,-11.669291496276855,-11.858736038208008,-10.849822998046875,-11.198076248168945,-12.745951652526855,-13.599088668823242,-13.504608154296875,-12.660624504089355,-12.095995903015137,-11.958507537841797,-11.607531547546387,-11.629685401916504,-12.162418365478516,-12.538304328918457,-12.47829532623291,-11.817037582397461
-5.032971382141113,-3.8797643184661865,-2.7025363445281982,-4.223743438720703,-6.872147560119629,-9.42260456085205,-10.404736518859863,-9.824380874633789,-10.009955406188965,-9.560873985290527,-9.934679985046387,-10.10159969329834,-9.55067253112793,-9.106767654418945,-8.828315734863281,-9.077823638916016,-11.163722038269043,-12.370210647583008,-10.956677436828613,-10.84300708770752,-11.425695419311523,-10.95313835144043,-11.440018653869629,-12.333163261413574,-11.09016227722168,-8.88463306427002,-9.403791427612305,-12.311464309692383,-12.563742637634277,-9.966426849365234,-8.651985168457031,-10.391216278076172,-12.607084274291992,-13.074217796325684,-13.003229141235352,-12.4828462600708,-11.355398178100586,-10.923898696899414,-11.8563814163208,-12.770681381225586,-12.401732444763184,-11.240878105163574,-10.491506576538086
-6.895580768585205,-4.86592960357666,-3.9523777961730957,-4.737698078155518,-6.363949298858643,-8.31576156616211,-8.81572437286377,-9.675702095031738,-10.694846153259277,-9.33531379699707,-8.371792793273926,-8.858263969421387,-9.95777702331543,-9.877296447753906,-8.968283653259277,-9.527565956115723,-10.84619140625,-11.083124160766602,-10.61456298828125,-10.738273620605469,-10.97659969329834,-11.053116798400879,-11.504058837890625,-11.310733795166016,-10.15690803527832,-9.626630783081055,-11.213859558105469,-12.929758071899414,-12.11629581451416,-9.934144973754883,-8.629947662353516,-9.579748153686523,-11.074621200561523,-12.564006805419922,-13.172006607055664,-12.410786628723145,-11.849746704101562,-12.43703556060791,-12.555097579956055,-12.256999015808105,-12.133423805236816,-11.435937881469727,-10.681722640991211
-7.7748236656188965,-3.935070276260376,-0.4630143642425537,0.428660124540329,-2.7626185417175293,-6.4995341300964355,-8.087167739868164,-8.262514114379883,-9.66822624206543,-9.289925575256348,-9.091249465942383,-9.567093849182129,-9.118438720703125,-9.075396537780762,-10.017687797546387,-10.64261531829834,-10.489506721496582,-9.84076976776123,-9.450313568115234,-9.510109901428223,-9.024950981140137,-9.817652702331543,-11.253283500671387,-10.518234252929688,-9.562386512756348,-10.820860862731934,-11.887855529785156,-10.366026878356934,-9.476058959960938,-10.98524284362793,-12.03738021850586,-10.946949005126953,-11.0670804977417,-12.796879768371582,-13.003548622131348,-11.7955904006958,-11.941429138183594,-12.306463241577148,-12.079919815063477,-11.596179962158203,-11.472723960876465,-11.258880615234375,-10.408539772033691
-7.387676239013672,-5.494781494140625,-1.5261503458023071,-0.6437889337539673,-5.2108540534973145,-7.593644618988037,-5.114945888519287,-6.1148481369018555,-9.639691352844238,-10.347798347473145,-9.261898040771484,-8.152820587158203,-7.9742960929870605,-9.4381103515625,-10.563786506652832,-10.239078521728516,-9.552275657653809,-9.054289817810059,-9.65323543548584,-10.019346237182617,-9.784049034118652,-10.54084587097168,-11.022364616394043,-10.117706298828125,-10.276253700256348,-12.228939056396484,-11.578869819641113,-8.175801277160645,-8.22222900390625,-11.97033977508545,-12.970159530639648,-11.28630256652832,-11.534294128417969,-12.081856727600098,-11.6215181350708,-11.516550064086914,-11.965339660644531,-12.189042091369629,-11.89498519897461,-11.577730178833008,-10.958671569824219,-10.267760276794434,-9.607794761657715
