data/wind_data/wind_1_8.json
{"header": {"parameterUnit": "KT", "parameterCategory": 2, "nx": 256, "ny": 198, "lo1": 44.73521041870117, "la1": -3.236724853515625, "lo2": 111.26478576660156, "la2": 43.468475341796875, "dx": 0.2609002888202667, "dy": -0.23708222806453705, "refTime": "2025-02-19 01:00:00", "forecastTime": 0, "parameterNumber": 2, "parameterNumberName": "eastward_wind"}, "data":
[rows 57 to 75 of 198, columns 44 to 87 of 256]
-8.495392799377441,-9.386226654052734,-9.666596412658691,-9.580662727355957,-9.047731399536133,-8.084342002868652,-7.299493789672852,-6.3437066078186035,-5.924612998962402,-5.467129230499268,-5.750944137573242,-6.753167629241943,-7.377071857452393,-6.757262229919434,-6.00900936126709,-6.76584529876709,-8.086254119873047,-8.660446166992188,-8.652949333190918,-8.988740921020508,-9.986030578613281,-11.29261302947998,-12.489276885986328,-12.894065856933594,-12.986166000366211,-13.946059226989746,-14.619260787963867,-14.261398315429688,-13.261807441711426,-12.947280883789062,-13.6105375289917,-14.014959335327148,-13.793753623962402,-13.050119400024414,-12.471882820129395,-12.253422737121582,-12.143207550048828,-12.448657035827637,-13.568437576293945,-14.417359352111816,-14.416955947875977,-13.874224662780762,-13.366573333740234,-12.653884887695312
-6.188816070556641,-6.105329513549805,-6.580672740936279,-7.31412410736084,-7.324909210205078,-6.538590431213379,-6.1378092765808105,-5.6545491218566895,-5.442798614501953,-5.22746467590332,-5.015589714050293,-5.97668981552124,-7.025464057922363,-7.009376525878906,-6.974637508392334,-8.347230911254883,-9.404828071594238,-9.315672874450684,-8.865596771240234,-9.312514305114746,-10.489792823791504,-11.986191749572754,-12.425690650939941,-12.313767433166504,-11.889764785766602,-12.685957908630371,-13.863934516906738,-13.860657691955566,-12.96546745300293,-12.552603721618652,-12.674449920654297,-12.683027267456055,-12.115121841430664,-11.4777193069458,-11.357070922851562,-11.818538665771484,-12.10385513305664,-12.361472129821777,-12.916520118713379,-13.425705909729004,-13.402392387390137,-12.701367378234863,-12.207401275634766,-12.224274635314941
-4.858086585998535,-4.441649913787842,-4.5302414894104,-4.793844223022461,-4.912775039672852,-4.475808143615723,-4.078861236572266,-4.620635986328125,-5.151723384857178,-5.136861801147461,-4.809798717498779,-5.043857574462891,-5.581578254699707,-6.271712303161621,-6.65943717956543,-8.23471736907959,-9.495183944702148,-9.380260467529297,-8.394095420837402,-8.664200782775879,-10.280817985534668,-11.687252044677734,-12.024930953979492,-11.423505783081055,-10.913573265075684,-11.517792701721191,-12.752667427062988,-12.814617156982422,-11.794559478759766,-11.4645414352417,-11.564372062683105,-11.231987953186035,-10.580227851867676,-10.522518157958984,-10.94216251373291,-11.1879243850708,-11.280287742614746,-11.617158889770508,-11.737532615661621,-11.987462043762207,-12.113679885864258,-11.784358024597168,-11.423450469970703,-11.934004783630371
-3.810521364212036,-3.590785026550293,-3.414114475250244,-3.0808966159820557,-2.853991746902466,-2.966017246246338,-2.755798578262329,-3.1240434646606445,-3.6915981769561768,-4.121610164642334,-4.430869102478027,-4.795395374298096,-5.118493556976318,-5.517271518707275,-5.287232875823975,-6.553459644317627,-7.870243549346924,-8.381569862365723,-7.752537250518799,-7.391226291656494,-8.497223854064941,-10.03463077545166,-10.519713401794434,-10.105714797973633,-10.078315734863281,-10.330822944641113,-11.001655578613281,-11.035689353942871,-10.407463073730469,-9.979894638061523,-10.081299781799316,-10.005306243896484,-9.947610855102539,-10.079984664916992,-10.138915061950684,-9.96878433227539,-9.90456771850586,-10.319576263427734,-10.642333984375,-10.537092208862305,-10.379605293273926,-10.337520599365234,-10.341904640197754,-10.796490669250488
-2.4657726287841797,-2.636746644973755,-2.226666212081909,-2.0563554763793945,-2.04345703125,-2.265791177749634,-2.403144598007202,-2.737457275390625,-2.304011821746826,-2.12595534324646,-2.8349099159240723,-3.8985650539398193,-4.462193489074707,-4.618890285491943,-4.324845790863037,-5.048774242401123,-5.852614402770996,-6.806102275848389,-7.026949882507324,-6.807672023773193,-7.333561420440674,-8.354869842529297,-8.462911605834961,-7.612729072570801,-7.65863037109375,-8.165929794311523,-9.357644081115723,-9.769922256469727,-9.516944885253906,-8.915447235107422,-8.879605293273926,-9.225037574768066,-9.369967460632324,-9.551655769348145,-9.474161148071289,-9.132050514221191,-8.793181419372559,-9.239089012145996,-10.040532112121582,-10.205443382263184,-9.53268051147461,-9.051822662353516,-9.053526878356934,-9.687281608581543
-0.28679370880126953,-1.200878381729126,-1.3703484535217285,-1.5627998113632202,-2.1136465072631836,-2.41058611869812,-2.44091796875,-3.00986909866333,-2.5543854236602783,-1.6327674388885498,-1.8681458234786987,-2.6288950443267822,-3.072169542312622,-2.7548587322235107,-2.426870107650757,-2.886789560317993,-3.4261608123779297,-4.191938400268555,-5.127472400665283,-5.824272155761719,-6.3590850830078125,-6.812885761260986,-6.318484783172607,-5.24150276184082,-5.003026008605957,-6.031524181365967,-7.27219820022583,-8.221619606018066,-8.44829273223877,-8.323441505432129,-8.242803573608398,-8.382485389709473,-8.430134773254395,-8.631373405456543,-8.88052749633789,-8.97375774383545,-8.675681114196777,-8.418930053710938,-9.016798973083496,-9.804420471191406,-9.49639892578125,-8.47586441040039,-8.159101486206055,-9.071874618530273
1.361256718635559,0.400119423866272,-0.3178797960281372,-0.5935032963752747,-0.8165051937103271,-1.4053233861923218,-2.011080503463745,-3.030505895614624,-2.9822304248809814,-1.7348597049713135,-1.6439310312271118,-2.004208564758301,-2.1772918701171875,-1.427742838859558,-0.2449551373720169,-0.13517695665359497,-1.0057834386825562,-1.9396499395370483,-2.74861216545105,-3.896172285079956,-4.654806613922119,-4.761660575866699,-4.237004280090332,-3.754319667816162,-4.068439960479736,-5.012855052947998,-5.582939147949219,-6.198150634765625,-6.885456085205078,-7.618707180023193,-7.709436416625977,-7.3964104652404785,-7.191174507141113,-7.496933937072754,-8.051860809326172,-8.58287525177002,-8.702437400817871,-8.122632026672363,-7.659698486328125,-8.145456314086914,-8.792153358459473,-8.095678329467773,-7.592889785766602,-7.9535346031188965
1.821452021598816,1.345019817352295,0.40063101053237915,0.08215463161468506,0.2323874831199646,0.4839567542076111,-0.09995780140161514,-1.32803475856781,-2.006969690322876,-1.199676752090454,-1.1051597595214844,-1.4607599973678589,-1.8221032619476318,-1.2266954183578491,0.21661309897899628,1.3814866542816162,1.1979900598526,0.15351219475269318,-0.9585312604904175,-2.093136787414551,-2.9365615844726562,-2.9335272312164307,-2.4905526638031006,-2.3716182708740234,-3.5579679012298584,-4.669033527374268,-4.53965950012207,-4.304795265197754,-5.114965438842773,-6.366484642028809,-6.822267532348633,-6.536323547363281,-6.342457294464111,-6.699792385101318,-7.3723464012146,-7.921029090881348,-8.065958976745605,-7.645652770996094,-6.857693195343018,-6.432559013366699,-6.924153804779053,-6.98569393157959,-6.85196590423584,-7.009301662445068
1.862631916999817,1.6966559886932373,0.8241999745368958,0.4144969880580902,0.2060110867023468,0.5412970185279846,0.961552083492279,0.7932485342025757,0.21282126009464264,0.4515102803707123,0.5257555246353149,-0.07613671571016312,-0.9144394993782043,-1.0058895349502563,-0.17434287071228027,1.042472004890442,1.7897533178329468,1.9575812816619873,1.2074311971664429,0.010202687233686447,-1.0274845361709595,-1.2312350273132324,-1.0207237005233765,-1.0922178030014038,-2.3063032627105713,-3.756692409515381,-3.6830716133117676,-3.0001299381256104,-3.4333724975585938,-4.549988746643066,-5.372414588928223,-5.736087799072266,-5.96474027633667,-6.065911293029785,-6.644659519195557,-7.280248165130615,-7.2863569259643555,-6.907264232635498,-6.39699649810791,-5.939891338348389,-5.7881927490234375,-5.355557441711426,-5.2727437019348145,-5.560040473937988
2.402829885482788,1.88120698928833,1.7589536905288696,1.3172509670257568,0.3727370500564575,0.09212169051170349,0.7728245854377747,1.3626104593276978,1.6614686250686646,1.8284903764724731,2.2205960750579834,2.1263420581817627,1.1654982566833496,0.38699597120285034,0.39134255051612854,0.8871561884880066,1.4516352415084839,2.191110610961914,2.55631947517395,1.8940834999084473,0.9624991416931152,0.7052443623542786,0.8249813318252563,0.6897631287574768,-0.3639243543148041,-1.5902633666992188,-2.344822883605957,-2.2552998065948486,-2.44212007522583,-3.1952641010284424,-3.997713088989258,-4.844109058380127,-5.430675506591797,-5.4446587562561035,-5.724435329437256,-6.079166412353516,-6.105745315551758,-5.975009441375732,-6.012734889984131,-5.9785847663879395,-5.6135172843933105,-4.666932582855225,-3.9398016929626465,-3.935413360595703
3.4913582801818848,2.562387466430664,2.3144783973693848,2.417043685913086,2.4359395503997803,1.6959861516952515,1.0547630786895752,1.2504503726959229,2.0644946098327637,2.889392137527466,3.467902421951294,3.7864389419555664,3.214601516723633,2.7387099266052246,2.829411506652832,2.5205485820770264,1.9451038837432861,1.9253528118133545,2.3716814517974854,2.048114776611328,1.424547791481018,1.2961968183517456,1.7703756093978882,1.7366468906402588,1.3219140768051147,0.9694651961326599,-0.2075892686843872,-1.395031213760376,-1.7533456087112427,-2.1847496032714844,-3.0439791679382324,-3.6588258743286133,-4.064602375030518,-4.35681676864624,-4.454331398010254,-4.547173500061035,-4.470232009887695,-4.541973114013672,-5.149443626403809,-5.424195766448975,-5.152101039886475,-4.44987678527832,-3.716106414794922,-3.1021888256073
4.945636749267578,3.8741559982299805,3.0208353996276855,3.4298219680786133,4.257225036621094,3.959770679473877,2.7493343353271484,2.1621992588043213,2.4747836589813232,3.2747302055358887,3.9881489276885986,4.758974075317383,5.1722731590271,4.682845115661621,4.638050556182861,4.507821083068848,3.817941904067993,3.1886799335479736,2.925417900085449,2.5790157318115234,2.2106330394744873,1.9680498838424683,2.178321123123169,2.057987689971924,2.054933547973633,2.065274953842163,1.4990135431289673,0.6455551981925964,-0.2048783302307129,-1.1520369052886963,-1.7994215488433838,-1.857485294342041,-2.0633888244628906,-2.465383768081665,-2.764317512512207,-2.9768965244293213,-2.8996798992156982,-3.2202155590057373,-4.144044876098633,-4.564969539642334,-4.3653950691223145,-3.762831449508667,-3.271528959274292,-2.8703813552856445
6.532331943511963,5.630413055419922,4.65853214263916,4.689967632293701,5.59588098526001,5.691056251525879,4.598628520965576,3.5129292011260986,4.04834508895874,4.620217323303223,4.882802486419678,5.132596015930176,5.796198844909668,5.7371134757995605,5.4627251625061035,5.78865385055542,5.7846455574035645,5.073917865753174,4.348503589630127,4.11160945892334,3.853523015975952,3.517641067504883,3.5145533084869385,3.4823782444000244,3.155820608139038,2.5206427574157715,2.2154016494750977,2.3185746669769287,1.9367070198059082,0.8057315945625305,0.11478810757398605,-0.0833042562007904,-0.41438788175582886,-0.6525732278823853,-0.6365433931350708,-0.93197101354599,-1.4388058185577393,-2.004277229309082,-2.806802988052368,-3.3174917697906494,-3.3487443923950195,-2.737640619277954,-1.9643876552581787,-1.6044254302978516
8.920281410217285,7.979585647583008,7.158080577850342,7.008275985717773,7.45974588394165,7.629946708679199,7.061398029327393,6.016417503356934,5.733644962310791,6.05053186416626,6.370760440826416,6.501912593841553,6.68002986907959,6.502242565155029,6.074774265289307,6.0649943351745605,6.625892162322998,6.40078592300415,5.457180023193359,5.131705284118652,5.0582780838012695,4.825403213500977,4.790247917175293,5.128519058227539,4.8507490158081055,3.6582324504852295,2.558394193649292,2.542447090148926,2.747769832611084,2.6518328189849854,2.482473850250244,2.083338737487793,1.0463225841522217,0.2380056381225586,0.509538471698761,0.8021968603134155,0.2765086591243744,-0.4327111840248108,-0.7452887892723083,-0.9204021096229553,-1.0960044860839844,-1.0178804397583008,-0.5165514349937439,0.019335588440299034
11.59826374053955,10.771045684814453,10.14199161529541,9.796966552734375,9.94406509399414,10.263450622558594,10.092352867126465,9.305869102478027,8.50171947479248,8.064139366149902,7.811264514923096,7.671069145202637,7.870187759399414,7.8663554191589355,7.383999824523926,6.786622047424316,7.084109783172607,7.27916145324707,6.587982654571533,5.6972737312316895,5.393898963928223,5.4510087966918945,5.629390716552734,5.971217155456543,6.014129161834717,5.198148250579834,3.9556636810302734,3.523005485534668,3.486617088317871,3.517970323562622,3.615424871444702,3.663017749786377,3.1330649852752686,2.0115275382995605,1.5709670782089233,1.893631100654602,2.034438371658325,1.5012832880020142,1.277268409729004,1.662816047668457,1.7829782962799072,1.2725696563720703,1.2409512996673584,1.715890884399414
13.892498970031738,13.625666618347168,12.534011840820312,11.987296104431152,12.180585861206055,12.495535850524902,12.709925651550293,12.564571380615234,12.183481216430664,11.329329490661621,10.149203300476074,9.662765502929688,9.827831268310547,9.88803482055664,9.355416297912598,8.775975227355957,8.721933364868164,8.870321273803711,8.742450714111328,7.72236967086792,6.707839488983154,6.449623107910156,6.662968158721924,6.745851039886475,6.5434417724609375,6.023725986480713,5.24831485748291,4.844849109649658,4.639632701873779,4.60510778427124,4.395386219024658,4.43707275390625,5.074495315551758,5.004240989685059,4.0846686363220215,3.594115734100342,3.8899452686309814,3.879828929901123,3.2806029319763184,3.0878446102142334,3.4247286319732666,3.2689261436462402,3.2576661109924316,3.6281943321228027
15.100804328918457,15.816805839538574,15.502657890319824,14.54678726196289,14.381895065307617,14.770806312561035,15.346915245056152,16.04759979248047,15.63041877746582,14.366220474243164,13.182341575622559,12.25985336303711,12.049131393432617,12.232160568237305,11.89914321899414,11.536109924316406,11.14254093170166,11.13563060760498,11.021574020385742,10.170894622802734,9.018465042114258,8.36899185180664,8.56200885772705,8.556110382080078,7.775285720825195,7.3263044357299805,7.102206230163574,6.6257734298706055,5.916222095489502,5.837131023406982,6.062201976776123,5.621928691864014,5.901892185211182,6.85896110534668,7.089924335479736,6.527359485626221,6.174264907836914,6.000810146331787,5.471194267272949,4.860013008117676,4.7839460372924805,5.125610828399658,4.937062740325928,4.8048577308654785
17.482942581176758,17.620420455932617,18.033767700195312,17.61545753479004,16.913286209106445,16.98855209350586,17.712848663330078,18.69780158996582,18.46207046508789,17.150484085083008,16.336341857910156,15.59659194946289,14.529275894165039,14.056205749511719,13.979171752929688,13.466290473937988,12.9132719039917,13.000737190246582,12.879738807678223,12.131516456604004,11.419997215270996,10.54610824584961,9.933364868164062,9.9791259765625,9.80182933807373,9.286857604980469,9.122696876525879,8.980480194091797,8.348199844360352,8.207770347595215,8.518878936767578,7.850246906280518,7.416440963745117,7.709537506103516,8.46959114074707,9.057516098022461,8.876873970031738,8.287935256958008,7.653113842010498,7.128349781036377,6.882252216339111,6.955513000488281,6.859216213226318,6.322206020355225
20.620920181274414,20.451257705688477,20.035924911499023,20.144729614257812,20.196565628051758,19.622636795043945,19.434558868408203,19.968456268310547,20.34930992126465,19.56009292602539,18.943252563476562,18.78409194946289,17.837810516357422,16.521005630493164,16.117036819458008,15.87612533569336,14.934080123901367,14.520490646362305,14.739274024963379,14.087555885314941,12.985486030578613,12.146424293518066,11.288567543029785,10.842545509338379,10.893087387084961,10.671502113342285,10.491694450378418,10.434647560119629,10.127389907836914,10.009075164794922,10.128952026367188,9.919602394104004,9.878711700439453,9.621281623840332,9.737204551696777,10.489618301391602,10.781998634338379,10.540517807006836,9.971384048461914,9.272216796875,8.916014671325684,8.620226860046387,8.270505905151367,7.916961669921875
