data/wind_data/wind_42_8.json
{"header": {"parameterUnit": "KT", "parameterCategory": 2, "nx": 256, "ny": 198, "lo1": 44.73521041870117, "la1": -3.236724853515625, "lo2": 111.26478576660156, "la2": 43.468475341796875, "dx": 0.2609002888202667, "dy": -0.23708222806453705, "refTime": "2025-02-20 18:00:00", "forecastTime": 0, "parameterNumber": 2, "parameterNumberName": "eastward_wind"}, "data":
[rows 0 to 18 of 198, columns 0 to 43 of 256]
-13.36728572845459,-12.511768341064453,-12.037731170654297,-11.968048095703125,-11.624195098876953,-11.075919151306152,-10.815251350402832,-10.654516220092773,-9.856260299682617,-8.812357902526855,-8.334720611572266,-8.031449317932129,-7.392697334289551,-6.948343753814697,-7.223750114440918,-7.819469928741455,-8.690244674682617,-9.337348937988281,-9.51550006866455,-9.295270919799805,-8.610676765441895,-7.893131256103516,-7.158344745635986,-7.302664756774902,-8.333353996276855,-8.917779922485352,-9.135514259338379,-9.237229347229004,-9.226119995117188,-9.177247047424316,-9.127147674560547,-9.25672721862793,-9.408528327941895,-9.391451835632324,-9.225689888000488,-8.96779727935791,-8.290398597717285,-6.701824188232422,-5.405661582946777,-4.912214279174805,-4.94772481918335,-5.604726314544678,-5.949037551879883,-5.832989692687988
-13.750713348388672,-13.399175643920898,-12.581304550170898,-12.002952575683594,-11.3213472366333,-10.577611923217773,-10.574525833129883,-11.152200698852539,-11.20087718963623,-10.692388534545898,-9.626729011535645,-8.280986785888672,-7.435401916503906,-7.476857662200928,-8.110832214355469,-8.445381164550781,-8.741548538208008,-9.526264190673828,-10.37904167175293,-10.53563404083252,-10.183897018432617,-9.756790161132812,-9.26037311553955,-9.245992660522461,-9.5562105178833,-9.723651885986328,-10.239127159118652,-11.007108688354492,-11.153120040893555,-10.955159187316895,-11.075980186462402,-11.507563591003418,-11.404385566711426,-10.532578468322754,-10.102482795715332,-10.032861709594727,-9.547638893127441,-8.346277236938477,-6.677969455718994,-5.011701583862305,-4.318503379821777,-5.0086188316345215,-5.361884593963623,-5.0479960441589355
-13.613627433776855,-13.410604476928711,-12.662433624267578,-11.98546314239502,-11.392401695251465,-11.513707160949707,-11.777470588684082,-11.625178337097168,-11.660985946655273,-11.904056549072266,-11.218375205993652,-9.856708526611328,-8.972384452819824,-8.966675758361816,-9.143940925598145,-9.025741577148438,-9.372316360473633,-10.178070068359375,-10.973199844360352,-11.554445266723633,-11.748748779296875,-11.417562484741211,-10.938940048217773,-10.797962188720703,-10.92836856842041,-11.320270538330078,-11.786454200744629,-11.888925552368164,-11.67888069152832,-11.349164009094238,-10.984790802001953,-10.706377029418945,-10.394858360290527,-10.028129577636719,-9.917672157287598,-9.966686248779297,-9.624101638793945,-8.576125144958496,-7.157215118408203,-5.829875469207764,-5.023099422454834,-4.861183166503906,-4.777657508850098,-4.563809871673584
-13.608318328857422,-13.453839302062988,-13.445058822631836,-14.01675796508789,-13.60502815246582,-14.234576225280762,-14.810117721557617,-14.519283294677734,-14.59814167022705,-14.910630226135254,-14.528759002685547,-13.754639625549316,-13.044452667236328,-12.518241882324219,-12.286895751953125,-12.358827590942383,-12.598076820373535,-12.690131187438965,-12.726540565490723,-12.935664176940918,-13.139962196350098,-12.884503364562988,-12.300819396972656,-11.961377143859863,-12.13960075378418,-12.702507972717285,-12.934876441955566,-12.447112083435059,-11.77048110961914,-11.079902648925781,-10.305193901062012,-9.622148513793945,-9.368531227111816,-9.435194969177246,-9.358987808227539,-9.271737098693848,-8.931736946105957,-8.06102466583252,-7.107215881347656,-6.183102607727051,-5.162293434143066,-4.313055992126465,-4.013726711273193,-3.980052947998047
-14.065375328063965,-13.921388626098633,-14.879225730895996,-18.432889938354492,-23.66114616394043,-25.005762100219727,-25.50314712524414,-24.706340789794922,-23.77117919921875,-23.32183074951172,-23.081525802612305,-22.667064666748047,-22.109233856201172,-21.88174057006836,-21.859472274780273,-21.56761932373047,-20.89832878112793,-20.234792709350586,-19.82954978942871,-19.511756896972656,-18.690799713134766,-17.166366577148438,-15.28884220123291,-13.76913070678711,-13.01144790649414,-12.400970458984375,-11.573233604431152,-10.911861419677734,-10.191390037536621,-9.394867897033691,-8.756728172302246,-8.432865142822266,-8.524672508239746,-8.663152694702148,-8.557574272155762,-8.427454948425293,-8.140210151672363,-7.628824234008789,-6.842273235321045,-5.534799098968506,-4.172323703765869,-3.536541223526001,-3.761913537979126,-4.054708480834961
-14.49542236328125,-14.273235321044922,-15.092219352722168,-17.493547439575195,-20.831636428833008,-22.518774032592773,-22.921463012695312,-22.96806526184082,-22.26984405517578,-21.926177978515625,-21.633588790893555,-21.34412956237793,-20.87965965270996,-20.8341064453125,-21.291793823242188,-21.73837661743164,-21.79290199279785,-21.591047286987305,-21.31960105895996,-20.965200424194336,-20.38504981994629,-19.490171432495117,-18.16887855529785,-16.448026657104492,-14.506708145141602,-12.47826862335205,-10.813122749328613,-9.681829452514648,-8.727152824401855,-7.898298740386963,-7.338178634643555,-7.1456780433654785,-7.338966369628906,-7.63897180557251,-7.733531475067139,-7.603737831115723,-7.182145118713379,-6.524174213409424,-5.6168293952941895,-4.357423305511475,-3.1366217136383057,-2.638519287109375,-2.837778329849243,-3.0254857540130615
-14.783050537109375,-14.781304359436035,-16.167558670043945,-19.63364601135254,-24.034147262573242,-24.234237670898438,-24.373010635375977,-24.014984130859375,-23.169906616210938,-22.766407012939453,-22.61513900756836,-22.455341339111328,-22.117610931396484,-22.08028793334961,-22.4809513092041,-22.82476806640625,-22.598466873168945,-21.966249465942383,-21.429550170898438,-21.110475540161133,-20.952152252197266,-20.794923782348633,-20.428964614868164,-19.36164093017578,-17.29568099975586,-14.523482322692871,-11.80967903137207,-9.59022045135498,-8.014179229736328,-7.030669212341309,-6.3241987228393555,-5.975926399230957,-6.152428150177002,-6.74300479888916,-7.305747985839844,-7.3809332847595215,-6.89492130279541,-6.012439727783203,-4.877139091491699,-3.616844415664673,-2.5009942054748535,-1.836456298828125,-1.5533978939056396,-1.4636404514312744
-14.897721290588379,-15.065059661865234,-16.6456298828125,-19.897138595581055,-23.42719078063965,-23.097150802612305,-22.685508728027344,-22.621435165405273,-22.068130493164062,-21.866342544555664,-21.740123748779297,-21.597782135009766,-21.425222396850586,-21.603302001953125,-22.197532653808594,-22.650148391723633,-22.404630661010742,-21.72805404663086,-21.059295654296875,-20.736940383911133,-20.864065170288086,-21.28633689880371,-21.665607452392578,-21.350393295288086,-19.915124893188477,-17.48542022705078,-14.454834938049316,-11.30649185180664,-8.727423667907715,-6.970367908477783,-5.906493186950684,-5.4863715171813965,-5.747811794281006,-6.468984127044678,-7.174156188964844,-7.376385688781738,-7.042632102966309,-6.287792682647705,-5.131254196166992,-3.756293773651123,-2.534468173980713,-1.6360039710998535,-1.0726757049560547,-0.8644163012504578
-14.836901664733887,-15.101539611816406,-16.859804153442383,-20.83448600769043,-24.928958892822266,-23.995140075683594,-23.012737274169922,-22.791776657104492,-22.44029426574707,-22.199661254882812,-21.988698959350586,-21.75768280029297,-21.623811721801758,-21.682449340820312,-21.86888885498047,-22.00864028930664,-21.860937118530273,-21.392847061157227,-20.73099136352539,-20.240812301635742,-20.260942459106445,-20.728891372680664,-21.233583450317383,-21.349225997924805,-20.888017654418945,-19.743141174316406,-17.807767868041992,-15.037849426269531,-11.92425537109375,-9.116293907165527,-7.137801647186279,-6.183516502380371,-6.132784843444824,-6.525696754455566,-6.88771390914917,-7.122513771057129,-7.19893217086792,-6.869655132293701,-5.978696346282959,-4.771295070648193,-3.553706169128418,-2.536825656890869,-1.8929952383041382,-1.468973159790039
-14.35690975189209,-14.972763061523438,-16.765335083007812,-21.01563835144043,-25.226900100708008,-24.051681518554688,-22.476604461669922,-21.87919807434082,-21.531509399414062,-21.479421615600586,-21.53605842590332,-21.610523223876953,-21.68761444091797,-21.599132537841797,-21.318832397460938,-20.998401641845703,-20.75677490234375,-20.51180648803711,-20.129859924316406,-19.737550735473633,-19.678977966308594,-19.971277236938477,-20.324111938476562,-20.458219528198242,-20.409143447875977,-20.164979934692383,-19.490665435791016,-18.08704376220703,-15.951038360595703,-13.415902137756348,-11.017851829528809,-9.137693405151367,-7.96319055557251,-7.352248191833496,-7.099415302276611,-7.276921272277832,-7.620289325714111,-7.529855728149414,-6.8967742919921875,-5.974012851715088,-4.937311172485352,-3.9344534873962402,-3.1238772869110107,-2.311328887939453
-13.42851448059082,-14.463679313659668,-16.418968200683594,-20.343576431274414,-24.371509552001953,-23.647077560424805,-22.023134231567383,-21.366348266601562,-21.105545043945312,-21.17845344543457,-21.47511100769043,-21.777231216430664,-21.93431282043457,-21.68669319152832,-21.075529098510742,-20.414329528808594,-20.005260467529297,-19.7591552734375,-19.464153289794922,-19.191682815551758,-19.141925811767578,-19.360071182250977,-19.651926040649414,-19.821989059448242,-19.812469482421875,-19.532323837280273,-18.941240310668945,-18.2584228515625,-17.645925521850586,-16.8350830078125,-15.510252952575684,-13.706939697265625,-11.804473876953125,-10.178267478942871,-9.023235321044922,-8.445137023925781,-8.28169059753418,-8.109707832336426,-7.690832138061523,-7.009264945983887,-6.123237609863281,-5.023967266082764,-3.815922737121582,-2.686500072479248
-13.294095993041992,-14.398658752441406,-16.41033935546875,-19.54557991027832,-22.447057723999023,-22.185638427734375,-20.811145782470703,-20.34210777282715,-20.40880584716797,-20.568967819213867,-20.857887268066406,-21.177976608276367,-21.338876724243164,-21.061235427856445,-20.464309692382812,-19.882505416870117,-19.553789138793945,-19.226882934570312,-18.786909103393555,-18.431367874145508,-18.408855438232422,-18.668575286865234,-19.038070678710938,-19.309284210205078,-19.23558235168457,-18.755949020385742,-18.010454177856445,-17.277294158935547,-17.165800094604492,-17.40504264831543,-17.484603881835938,-16.86958122253418,-15.462512969970703,-13.712247848510742,-12.031497955322266,-10.709634780883789,-9.861029624938965,-9.354631423950195,-8.898152351379395,-8.177400588989258,-7.117227077484131,-5.805453300476074,-4.383631229400635,-3.204049587249756
-13.808873176574707,-14.843541145324707,-16.58042335510254,-19.25457763671875,-21.124284744262695,-20.97089195251465,-20.017593383789062,-19.756446838378906,-20.124574661254883,-20.348983764648438,-20.420873641967773,-20.433067321777344,-20.364282608032227,-20.06736946105957,-19.677616119384766,-19.482349395751953,-19.416728973388672,-19.083454132080078,-18.42880630493164,-17.91582489013672,-17.84659767150879,-18.080188751220703,-18.431194305419922,-18.710247039794922,-18.768278121948242,-18.34398651123047,-17.446334838867188,-16.552759170532227,-16.328523635864258,-16.715578079223633,-17.174583435058594,-17.264942169189453,-16.688974380493164,-15.654111862182617,-14.46496868133545,-13.378188133239746,-12.493326187133789,-11.731463432312012,-10.915831565856934,-9.766042709350586,-8.22874927520752,-6.699117183685303,-5.506099700927734,-4.789506912231445
-13.049215316772461,-14.33593463897705,-15.681145668029785,-18.136775970458984,-20.04435157775879,-20.100997924804688,-19.621219635009766,-19.539165496826172,-19.934410095214844,-20.33367347717285,-20.400150299072266,-20.23345184326172,-19.864482879638672,-19.311124801635742,-18.9166259765625,-19.035390853881836,-19.325796127319336,-19.147903442382812,-18.455690383911133,-17.871232986450195,-17.7459659576416,-17.9989013671875,-18.35004425048828,-18.529626846313477,-18.702375411987305,-18.295074462890625,-17.265727996826172,-16.365942001342773,-15.851028442382812,-16.033824920654297,-16.31963348388672,-16.2872257232666,-15.883464813232422,-15.418452262878418,-15.104290962219238,-14.789441108703613,-14.463570594787598,-13.981420516967773,-13.179084777832031,-11.9560546875,-10.334823608398438,-8.783428192138672,-7.886538505554199,-7.699234485626221
-11.41934585571289,-13.318549156188965,-14.315338134765625,-16.524951934814453,-19.156600952148438,-19.477352142333984,-19.43755531311035,-19.497291564941406,-19.80624008178711,-20.402854919433594,-20.6223087310791,-20.414152145385742,-19.779706954956055,-18.891010284423828,-18.255834579467773,-18.338409423828125,-18.85580062866211,-19.034900665283203,-18.60677146911621,-18.104469299316406,-18.017942428588867,-18.39191246032715,-18.941181182861328,-19.219539642333984,-18.929101943969727,-18.38581657409668,-17.60381317138672,-16.737037658691406,-16.055288314819336,-15.764107704162598,-15.621731758117676,-15.3419828414917,-14.857551574707031,-14.363306045532227,-14.262579917907715,-14.262290000915527,-14.34545612335205,-14.372783660888672,-13.985129356384277,-13.212337493896484,-12.209098815917969,-11.112330436706543,-10.161460876464844,-9.549074172973633
-10.259596824645996,-12.789255142211914,-13.827110290527344,-16.043701171875,-18.702102661132812,-19.093563079833984,-19.250144958496094,-19.431982040405273,-19.782512664794922,-20.464452743530273,-20.806344985961914,-20.569421768188477,-19.849580764770508,-18.81930923461914,-17.96360206604004,-17.765695571899414,-18.141983032226562,-18.55841064453125,-18.660137176513672,-18.648815155029297,-18.777128219604492,-19.046396255493164,-19.27879524230957,-19.384140014648438,-19.076730728149414,-18.63820457458496,-18.2034969329834,-17.481304168701172,-16.7231388092041,-16.100566864013672,-15.358786582946777,-14.812726020812988,-14.253743171691895,-13.499401092529297,-13.16572093963623,-13.21768856048584,-13.231592178344727,-13.248076438903809,-12.912893295288086,-12.371782302856445,-11.715021133422852,-10.797269821166992,-9.623645782470703,-8.421631813049316
-9.523369789123535,-12.31236743927002,-13.953225135803223,-16.422956466674805,-18.68805503845215,-18.998245239257812,-19.10340118408203,-19.401262283325195,-19.761049270629883,-20.349498748779297,-20.757871627807617,-20.575775146484375,-19.93138313293457,-19.002952575683594,-18.116209030151367,-17.638853073120117,-17.622764587402344,-17.741901397705078,-17.93328857421875,-18.3408260345459,-18.914857864379883,-19.37961769104004,-19.247509002685547,-18.810970306396484,-18.51556396484375,-18.455184936523438,-18.247053146362305,-17.814252853393555,-17.48172950744629,-16.5772705078125,-15.505697250366211,-14.56948471069336,-13.879117965698242,-13.009981155395508,-12.368889808654785,-12.532930374145508,-12.502635955810547,-12.231555938720703,-11.619540214538574,-10.932856559753418,-10.136451721191406,-8.86107349395752,-7.3813276290893555,-6.01469612121582
-9.932899475097656,-12.452496528625488,-14.32868766784668,-16.707189559936523,-18.73051643371582,-18.969995498657227,-18.867948532104492,-19.255352020263672,-19.631359100341797,-20.167953491210938,-20.595645904541016,-20.49917221069336,-19.9422664642334,-19.135831832885742,-18.312681198120117,-17.652416229248047,-17.253833770751953,-16.931337356567383,-16.801509857177734,-17.122711181640625,-17.88812828063965,-18.71201515197754,-19.022890090942383,-18.73539161682129,-18.356365203857422,-18.02052879333496,-17.78407096862793,-17.72207260131836,-17.446361541748047,-16.612899780273438,-15.687678337097168,-14.47581672668457,-13.460463523864746,-12.718193054199219,-12.148029327392578,-12.551026344299316,-12.799420356750488,-12.178918838500977,-11.112277030944824,-10.03789234161377,-9.051785469055176,-7.556623935699463,-5.810091495513916,-4.33565616607666
-10.668803215026855,-12.923680305480957,-14.517314910888672,-16.63172149658203,-18.548789978027344,-18.878520965576172,-18.50465965270996,-18.980989456176758,-19.37381935119629,-19.848623275756836,-20.243942260742188,-20.237035751342773,-19.75153923034668,-19.00464630126953,-18.186845779418945,-17.452194213867188,-16.79875373840332,-16.148090362548828,-15.73713207244873,-15.980923652648926,-16.88535499572754,-17.773218154907227,-18.231578826904297,-18.261886596679688,-18.125667572021484,-17.948320388793945,-17.793811798095703,-17.56984519958496,-16.932361602783203,-15.994966506958008,-14.996647834777832,-13.840511322021484,-12.936049461364746,-12.426041603088379,-12.384613990783691,-13.152260780334473,-13.555248260498047,-12.775691986083984,-11.535764694213867,-10.092745780944824,-8.857696533203125,-7.343034744262695,-5.4654974937438965,-3.994267463684082
