data/wind_data/wind_30_8.json
{"header": {"parameterUnit": "KT", "parameterCategory": 2, "nx": 256, "ny": 198, "lo1": 44.73521041870117, "la1": -3.236724853515625, "lo2": 111.26478576660156, "la2": 43.468475341796875, "dx": 0.2609002888202667, "dy": -0.23708222806453705, "refTime": "2025-02-20 06:00:00", "forecastTime": 0, "parameterNumber": 2, "parameterNumberName": "eastward_wind"}, "data":
[rows 19 to 37 of 198, columns 132 to 175 of 256]
6.064446449279785,3.8586294651031494,1.7059000730514526,1.210864782333374,0.8688905239105225,2.0499980449676514,2.589202880859375,3.2945382595062256,2.282217025756836,3.0356528759002686,3.0370118618011475,1.5830230712890625,2.9519879817962646,2.5806190967559814,0.8587600588798523,-0.9061369299888611,0.731211245059967,5.216882228851318,5.491751194000244,2.2854199409484863,-0.10848204791545868,-1.3999570608139038,-0.1783563792705536,1.5792213678359985,4.025439262390137,3.4413492679595947,2.965264320373535,1.0197734832763672,-2.7790331840515137,-5.152578353881836,-5.578932762145996,-4.044532299041748,-2.224457263946533,-1.5870014429092407,-1.8601773977279663,-2.0435550212860107,-1.731311321258545,0.12314856797456741,1.201117753982544,-1.8544965982437134,-7.004632949829102,-6.921488285064697,-4.331177711486816,-3.314331531524658
6.653172016143799,4.244988441467285,1.6432210206985474,2.382697820663452,4.006326675415039,3.4923291206359863,3.9347784519195557,3.757589817047119,3.1667518615722656,2.7360973358154297,1.8033201694488525,2.0296413898468018,4.073086738586426,3.209693431854248,1.1712249517440796,-2.140882968902588,1.4343109130859375,5.528542995452881,7.795749187469482,5.921762943267822,1.4716016054153442,-0.6147271990776062,0.5772262811660767,2.0544755458831787,4.2445068359375,4.135393142700195,4.942548751831055,3.8546669483184814,-0.13563768565654755,-3.4855964183807373,-4.955406188964844,-3.954693078994751,-1.5311622619628906,0.20992138981819153,0.7724429368972778,0.5556390285491943,-0.666610062122345,-1.2710517644882202,-0.09180627763271332,-1.0378836393356323,-5.063563346862793,-6.479350566864014,-4.731768608093262,-3.0450527667999268
7.052192687988281,4.368635654449463,1.6054121255874634,2.470895290374756,6.744658946990967,6.0300092697143555,5.867109298706055,5.048759937286377,4.359086513519287,2.8476004600524902,1.6576915979385376,2.9139747619628906,5.884395122528076,2.819364070892334,3.784987688064575,1.045961856842041,3.295128107070923,5.810145378112793,5.769069194793701,4.158789157867432,1.7314704656600952,0.9555933475494385,1.9182929992675781,2.8234708309173584,4.174046516418457,4.762537956237793,5.482999324798584,5.046921730041504,2.040414571762085,-1.50844144821167,-3.682206630706787,-3.5499656200408936,-1.4184825420379639,0.547738790512085,2.1562247276306152,1.6172795295715332,-0.2350342571735382,-1.307377815246582,-0.5749607086181641,-1.2343720197677612,-4.227031230926514,-5.832437515258789,-5.015729904174805,-3.8495914936065674
5.729675769805908,4.327134609222412,2.3518993854522705,4.515509605407715,6.0420379638671875,7.285579204559326,8.324628829956055,7.921464920043945,3.7293002605438232,3.9603662490844727,4.4023966789245605,4.323805809020996,2.3141610622406006,4.521509647369385,6.610759258270264,4.176571846008301,3.67437481880188,7.5455803871154785,4.950004577636719,2.6063873767852783,2.0859010219573975,1.5356113910675049,3.594740152359009,5.842061519622803,5.104344367980957,5.284482479095459,6.171614170074463,4.955490589141846,2.3599603176116943,-0.3708263635635376,-1.747799277305603,-1.4259721040725708,-0.5804206132888794,0.37485089898109436,2.4311578273773193,0.9895687699317932,0.05500490963459015,-1.580346703529358,-0.8219702839851379,-1.2195810079574585,-4.672816753387451,-6.0710883140563965,-4.280227184295654,-3.3027923107147217
5.439521312713623,4.003495693206787,2.815545082092285,4.325851917266846,5.217479228973389,7.990586280822754,10.032949447631836,8.500883102416992,3.8314921855926514,4.432937145233154,4.758694648742676,3.425136089324951,3.256755828857422,5.153472423553467,7.267664432525635,4.963379859924316,3.8654978275299072,5.589286804199219,3.0440592765808105,1.4198366403579712,2.2923312187194824,2.475942850112915,4.638037204742432,8.464173316955566,8.378470420837402,6.639709949493408,6.81048583984375,5.146646499633789,1.8256561756134033,-0.16214555501937866,-0.28158220648765564,-0.2474425733089447,-0.7646587491035461,0.41550037264823914,0.7782594561576843,0.853003740310669,0.4889645278453827,-0.3445923328399658,-1.0246552228927612,-1.464682936668396,-4.622470378875732,-6.167144775390625,-4.032812595367432,-2.854494094848633
4.93893575668335,2.78151273727417,2.1000351905822754,3.5841012001037598,5.7555718421936035,8.959117889404297,10.045122146606445,7.491999626159668,5.081688404083252,4.423051834106445,4.506191730499268,4.24081563949585,4.648653507232666,5.10874080657959,6.176089286804199,5.409566879272461,4.433330059051514,2.7664031982421875,0.8950471878051758,0.6604250073432922,2.4293313026428223,3.4786369800567627,6.115725517272949,9.631656646728516,10.62083911895752,9.642671585083008,8.783037185668945,7.0149359703063965,3.507253646850586,1.3985347747802734,1.6349143981933594,2.214775800704956,1.9031256437301636,1.048799753189087,-0.6717179417610168,0.14490877091884613,1.790692925453186,1.3997178077697754,-0.4494260847568512,-1.4246318340301514,-4.607913494110107,-5.379270076751709,-3.622727632522583,-2.2949156761169434
4.454108238220215,2.4615087509155273,1.7185052633285522,3.254788875579834,5.9923224449157715,8.314233779907227,9.666176795959473,8.002631187438965,6.002566814422607,5.246902942657471,5.536925315856934,5.889046669006348,6.000026702880859,5.180933952331543,5.352549076080322,5.434628486633301,5.6910247802734375,2.9175381660461426,0.46878066658973694,0.7863266468048096,2.5793371200561523,4.373115062713623,6.6637983322143555,9.330949783325195,11.36316204071045,11.786974906921387,11.430747032165527,9.916274070739746,6.956169128417969,4.530461311340332,4.380942344665527,5.579976558685303,6.091323375701904,5.0732879638671875,1.8497974872589111,0.513996958732605,2.8503050804138184,3.990166425704956,1.3080295324325562,-2.596017360687256,-4.597311019897461,-4.554876804351807,-3.4647202491760254,-1.8013256788253784
5.166159152984619,3.515810966491699,2.2032525539398193,3.2808759212493896,5.68602991104126,7.137941837310791,8.858177185058594,8.245325088500977,6.213406562805176,5.5750603675842285,6.197879314422607,6.696826934814453,6.668361663818359,5.668589115142822,5.7445759773254395,5.895118236541748,6.333400726318359,3.7929301261901855,1.6621754169464111,2.7008814811706543,4.125800132751465,5.126924514770508,6.433138847351074,8.677284240722656,11.128162384033203,12.286791801452637,12.404054641723633,11.041110038757324,8.88857364654541,6.796801567077637,5.667896270751953,6.190650463104248,7.3430047035217285,6.816189289093018,5.301193714141846,2.708889961242676,2.613377809524536,4.302957534790039,1.9173815250396729,-2.311068534851074,-4.657658576965332,-4.621610641479492,-3.843153715133667,-2.00887131690979
6.088864326477051,4.671001434326172,2.928337574005127,3.792759895324707,5.97102689743042,7.079625129699707,8.516550064086914,8.180896759033203,6.33540153503418,5.328797817230225,6.399162769317627,8.15771770477295,8.0700044631958,6.479377269744873,6.119904041290283,6.804728984832764,6.206933975219727,3.6963090896606445,3.3895456790924072,5.705235481262207,6.935772895812988,6.608062744140625,7.002417087554932,8.968708992004395,11.196314811706543,12.472282409667969,12.216984748840332,10.497125625610352,8.907891273498535,7.4721479415893555,6.477002143859863,6.30222749710083,7.114230632781982,7.099332332611084,5.2301740646362305,3.6145195960998535,3.1045188903808594,3.5882885456085205,1.4247945547103882,-1.8620909452438354,-4.357909679412842,-4.896979331970215,-3.557469367980957,-1.890681505203247
6.435513019561768,5.27112340927124,3.873720407485962,4.5882086753845215,6.411311149597168,7.944188594818115,8.736185073852539,7.8439836502075195,6.800328731536865,6.715855598449707,7.673848628997803,9.188864707946777,8.769451141357422,6.917852878570557,6.982248306274414,7.830377101898193,5.973967552185059,3.9833624362945557,5.206557273864746,7.588415145874023,8.499714851379395,7.879194736480713,7.842685222625732,9.233956336975098,10.87570858001709,12.314542770385742,12.084866523742676,10.435654640197754,9.079025268554688,8.59707260131836,7.942962169647217,6.955807685852051,7.042335033416748,7.164032459259033,5.301089763641357,3.524242401123047,4.016272068023682,5.232945919036865,3.458242654800415,-1.1613547801971436,-3.4238669872283936,-3.8179566860198975,-2.2601842880249023,-0.4226323068141937
6.752108097076416,4.875521659851074,4.36783504486084,5.6662163734436035,7.248776912689209,8.283730506896973,8.562856674194336,8.058844566345215,7.887650489807129,8.798768997192383,9.665312767028809,9.150174140930176,8.52631950378418,7.701659679412842,7.982168197631836,7.999762535095215,6.105358600616455,5.287513732910156,6.679907321929932,7.959167957305908,8.154518127441406,7.922860622406006,8.309185981750488,9.489836692810059,10.70543384552002,11.932857513427734,12.131949424743652,10.968927383422852,10.496262550354004,11.062451362609863,10.18589973449707,8.264774322509766,8.05401611328125,8.707189559936523,7.1259765625,4.519608974456787,4.068336009979248,6.390203475952148,5.987337112426758,1.461774230003357,-1.4193497896194458,-2.19500470161438,-0.7884970307350159,1.0836032629013062
7.287441730499268,5.401574611663818,4.87422513961792,6.177427768707275,7.967419147491455,8.716657638549805,8.685650825500488,8.561430931091309,8.825360298156738,9.470078468322754,10.085405349731445,9.244227409362793,8.56352424621582,8.53788948059082,8.335953712463379,7.587828159332275,6.8701581954956055,7.534756183624268,8.311586380004883,8.547245979309082,8.293718338012695,7.9963765144348145,8.47321891784668,9.961042404174805,11.499154090881348,12.455867767333984,12.016399383544922,11.166210174560547,11.937419891357422,13.2437105178833,13.105260848999023,11.751208305358887,11.688432693481445,12.525518417358398,10.73276138305664,6.058125019073486,4.1687397956848145,6.750868797302246,7.537341117858887,4.9418745040893555,1.9166250228881836,0.5596287250518799,0.35305625200271606,1.2008388042449951
7.806474208831787,6.631600379943848,5.390889644622803,6.226312160491943,8.148983001708984,8.614686965942383,8.101703643798828,8.154126167297363,9.049806594848633,9.496023178100586,9.481830596923828,9.23575496673584,9.158787727355957,9.157732009887695,8.606929779052734,7.6886749267578125,8.110275268554688,9.97374153137207,10.289569854736328,10.188692092895508,10.209295272827148,9.182433128356934,8.92520809173584,10.190699577331543,12.083085060119629,12.854438781738281,11.863476753234863,11.471270561218262,12.982102394104004,13.997289657592773,14.12057113647461,13.832939147949219,14.239791870117188,14.274954795837402,11.617704391479492,7.0964202880859375,5.436856269836426,8.7432222366333,10.267965316772461,8.134536743164062,5.504627704620361,3.7942328453063965,2.5299594402313232,2.0627896785736084
8.141767501831055,7.320054054260254,6.051382064819336,6.897055149078369,8.076770782470703,7.807040691375732,7.0988078117370605,7.484955787658691,8.798949241638184,9.493685722351074,9.434635162353516,9.479663848876953,9.621744155883789,9.598512649536133,9.056737899780273,9.005651473999023,9.388197898864746,10.704062461853027,11.422344207763672,11.337016105651855,11.553754806518555,10.34061336517334,9.153291702270508,9.835761070251465,11.694944381713867,12.674560546875,11.87560749053955,11.767579078674316,12.635680198669434,12.999645233154297,12.420600891113281,12.90994644165039,13.69255542755127,13.024459838867188,9.71938419342041,6.403205871582031,6.950955867767334,10.608765602111816,12.962906837463379,12.845392227172852,10.948219299316406,8.172670364379883,6.326814651489258,5.974275588989258
8.038259506225586,8.075628280639648,7.578454494476318,7.628817081451416,7.42831563949585,6.872036457061768,6.824794292449951,7.695117473602295,9.093186378479004,9.69172191619873,9.362685203552246,9.444690704345703,9.944963455200195,9.872047424316406,9.63104248046875,10.359590530395508,10.576181411743164,10.514507293701172,11.002328872680664,11.073697090148926,11.097362518310547,9.965682983398438,8.941911697387695,9.857157707214355,11.539470672607422,12.479063987731934,11.850388526916504,11.308731079101562,11.37608528137207,11.611692428588867,11.2911376953125,11.692957878112793,11.937126159667969,10.549869537353516,7.617100238800049,6.128050804138184,7.9307050704956055,10.987913131713867,12.777344703674316,14.444120407104492,15.368644714355469,13.811944007873535,11.582865715026855,10.359732627868652
8.518335342407227,8.996864318847656,8.77353286743164,8.192384719848633,7.352168083190918,6.645939350128174,6.884081840515137,8.235648155212402,9.423020362854004,9.34414291381836,8.665517807006836,8.881938934326172,9.855830192565918,10.103798866271973,10.240815162658691,10.959430694580078,11.071344375610352,10.686534881591797,10.135554313659668,9.576415061950684,9.660998344421387,9.176427841186523,8.994555473327637,10.43738842010498,11.825106620788574,11.950860977172852,11.043435096740723,10.352888107299805,10.690192222595215,11.17465877532959,11.410731315612793,11.413654327392578,10.2381010055542,7.820266246795654,5.9571428298950195,6.452373504638672,8.941728591918945,11.690381050109863,13.231527328491211,14.42487907409668,15.728368759155273,16.128910064697266,15.733771324157715,15.176021575927734
9.594451904296875,9.775638580322266,9.36082649230957,8.732797622680664,7.901424407958984,6.837953567504883,6.9926347732543945,8.535562515258789,8.983935356140137,7.892807960510254,7.086480617523193,8.114253044128418,9.676918983459473,10.046183586120605,10.354293823242188,11.037240982055664,10.886270523071289,10.203542709350586,9.697558403015137,8.843870162963867,8.765007019042969,8.993919372558594,9.386981010437012,10.741979598999023,11.588364601135254,11.03016471862793,9.953896522521973,9.870200157165527,10.795204162597656,11.293966293334961,11.741291046142578,11.646390914916992,10.03347110748291,7.821335792541504,6.5672454833984375,7.233436107635498,9.531261444091797,12.024736404418945,13.97060489654541,15.15650749206543,15.73310375213623,16.299150466918945,17.250410079956055,17.9097900390625
10.442133903503418,10.327738761901855,9.928817749023438,9.484140396118164,8.589753150939941,7.449882984161377,7.625693321228027,8.492042541503906,7.831241607666016,6.289254665374756,5.960630416870117,7.59863805770874,9.318971633911133,9.857318878173828,10.184094429016113,10.447341918945312,10.13642406463623,9.69863510131836,9.611620903015137,9.116690635681152,8.84547233581543,9.171110153198242,9.86989688873291,10.72086238861084,10.950284004211426,10.230789184570312,9.57056713104248,10.196325302124023,11.459338188171387,11.76633071899414,11.298025131225586,10.76004695892334,9.76750659942627,9.012961387634277,8.630470275878906,8.63773250579834,9.24296760559082,10.19173526763916,11.648371696472168,13.437244415283203,15.020326614379883,16.270973205566406,17.797107696533203,18.185575485229492
10.990981101989746,10.903159141540527,10.536661148071289,9.922992706298828,9.073570251464844,8.504151344299316,8.679183959960938,8.544562339782715,7.011765956878662,5.301671028137207,5.465519428253174,7.239369869232178,8.495258331298828,9.308204650878906,10.115466117858887,9.942325592041016,9.372634887695312,9.49088191986084,9.671842575073242,9.323348999023438,9.019365310668945,9.267186164855957,10.072815895080566,10.615618705749512,10.364439010620117,9.81048583984375,9.921605110168457,11.13615608215332,12.440104484558105,12.303448677062988,10.886996269226074,9.733251571655273,9.27325439453125,9.52279281616211,9.663220405578613,9.31297779083252,8.827496528625488,8.556631088256836,9.213732719421387,10.767035484313965,12.812456130981445,14.938752174377441,16.564777374267578,17.015947341918945
