data/wind_data/wind_19_6.json
{"header": {"parameterUnit": "KT", "parameterCategory": 2, "nx": 256, "ny": 198, "lo1": 44.73521041870117, "la1": -3.236724853515625, "lo2": 111.26478576660156, "la2": 43.468475341796875, "dx": 0.2609002888202667, "dy": -0.23708222806453705, "refTime": "2025-02-19 19:00:00", "forecastTime": 0, "parameterNumber": 2, "parameterNumberName": "eastward_wind"}, "data":
[rows 60 to 79 of 198, columns 180 to 224 of 256]
11.024701118469238,11.105262756347656,11.14057445526123,11.141660690307617,11.215632438659668,11.270414352416992,11.123566627502441,10.742056846618652,9.980231285095215,8.995219230651855,8.297351837158203,8.077632904052734,8.230592727661133,8.430732727050781,8.316597938537598,7.74429178237915,7.006980895996094,6.662547588348389,6.691244602203369,7.034244060516357,7.05812931060791,6.249287128448486,5.484874725341797,5.870235443115234,7.060103893280029,7.99500846862793,8.009075164794922,7.771941661834717,8.78231143951416,10.866121292114258,12.666173934936523,13.296977996826172,13.523921966552734,13.809318542480469,13.485441207885742,13.059134483337402,13.006168365478516,13.06485652923584,12.702776908874512,12.098711013793945,11.388169288635254,10.413464546203613,10.251730918884277,10.99817943572998,12.487102508544922
13.030412673950195,13.15792179107666,13.258651733398438,13.288475036621094,13.331093788146973,13.408610343933105,13.421914100646973,13.375271797180176,13.257806777954102,12.892683029174805,12.242587089538574,11.402935981750488,10.685248374938965,10.431387901306152,10.422541618347168,10.21842098236084,9.604497909545898,8.98210334777832,8.498043060302734,8.39567756652832,8.525642395019531,8.088554382324219,7.467539310455322,7.213841915130615,7.563690662384033,8.05765438079834,8.718921661376953,9.698064804077148,10.387256622314453,10.744694709777832,11.693220138549805,12.769579887390137,12.954225540161133,13.88698959350586,14.252219200134277,13.364737510681152,12.667634010314941,12.920210838317871,13.630960464477539,13.554362297058105,12.79392147064209,11.038270950317383,10.653185844421387,12.123013496398926,13.541658401489258
14.769943237304688,14.829826354980469,14.903725624084473,14.920074462890625,14.859723091125488,14.867216110229492,14.97213363647461,15.177355766296387,15.49864673614502,15.809587478637695,15.939964294433594,15.604801177978516,14.707849502563477,13.71194076538086,13.050517082214355,12.606992721557617,12.12364387512207,11.72800350189209,11.329668998718262,10.78406810760498,10.215113639831543,9.768041610717773,9.438082695007324,9.216490745544434,9.266365051269531,9.62539005279541,9.509759902954102,9.748966217041016,10.908997535705566,12.052576065063477,12.784074783325195,13.051175117492676,12.969999313354492,13.663723945617676,14.598552703857422,13.791509628295898,12.023378372192383,11.79626750946045,13.028582572937012,14.128619194030762,13.570923805236816,12.582098960876465,12.123539924621582,12.918837547302246,14.694581031799316
16.73532485961914,16.779672622680664,16.85281753540039,16.831729888916016,16.624784469604492,16.378238677978516,16.320316314697266,16.58391571044922,17.099231719970703,17.707494735717773,18.248851776123047,18.581947326660156,18.436338424682617,17.77475929260254,16.943309783935547,16.084257125854492,15.17613697052002,14.555391311645508,14.320367813110352,13.971826553344727,13.052068710327148,12.045698165893555,11.593170166015625,11.661500930786133,11.58363151550293,11.566876411437988,11.347232818603516,11.030363082885742,11.137015342712402,12.08010482788086,13.526399612426758,14.041796684265137,13.176189422607422,12.650893211364746,13.986879348754883,15.140968322753906,14.421680450439453,13.113207817077637,13.086216926574707,14.237122535705566,15.328442573547363,16.418153762817383,15.536172866821289,15.361761093139648,15.467644691467285
18.644697189331055,18.695011138916016,18.835920333862305,18.955631256103516,18.818233489990234,18.4896240234375,18.22951316833496,18.2991886138916,18.72623634338379,19.340599060058594,19.95319175720215,20.407920837402344,20.626628875732422,20.58675193786621,20.377559661865234,19.944976806640625,19.071687698364258,18.066852569580078,17.484577178955078,17.179100036621094,16.481189727783203,15.441883087158203,14.783242225646973,14.644865989685059,14.420849800109863,13.720420837402344,12.97675895690918,12.863056182861328,13.13680362701416,13.513787269592285,14.188051223754883,14.667941093444824,14.256196022033691,13.249263763427734,13.19063949584961,14.388073921203613,16.15811538696289,16.857242584228516,16.62630271911621,16.38241958618164,17.982112884521484,20.125444412231445,20.90548324584961,18.478612899780273,16.28252601623535
20.47945213317871,20.547361373901367,20.630931854248047,20.789302825927734,20.821664810180664,20.62911033630371,20.38934898376465,20.387418746948242,20.718769073486328,21.25972557067871,21.816776275634766,22.16403579711914,22.31000328063965,22.4548282623291,22.65847396850586,22.7240047454834,22.376821517944336,21.580183029174805,20.791759490966797,20.29398536682129,19.86920166015625,19.31356430053711,18.66912269592285,18.198528289794922,17.61471176147461,16.423358917236328,15.394352912902832,15.263360977172852,15.452848434448242,15.582123756408691,15.566635131835938,15.576827049255371,15.398670196533203,15.017861366271973,14.58101749420166,14.637076377868652,15.64220142364502,17.284988403320312,18.43197250366211,19.242237091064453,20.71234893798828,22.0491943359375,22.991159439086914,20.114809036254883,17.228683471679688
22.137062072753906,22.365278244018555,22.49037742614746,22.595809936523438,22.652664184570312,22.542522430419922,22.320858001708984,22.317947387695312,22.67471694946289,23.255863189697266,23.829402923583984,24.139589309692383,24.170284271240234,24.28738784790039,24.663991928100586,24.964502334594727,24.84324073791504,24.328453063964844,23.66115379333496,23.178056716918945,22.848878860473633,22.534305572509766,22.26706314086914,21.872377395629883,21.062755584716797,19.724645614624023,18.744291305541992,18.45953369140625,18.237348556518555,17.884105682373047,17.424898147583008,17.21637535095215,16.971885681152344,16.514822006225586,16.306547164916992,16.789363861083984,17.308635711669922,17.709482192993164,18.185483932495117,18.977001190185547,20.46356773376465,21.758663177490234,22.675155639648438,20.386310577392578,18.829084396362305
23.622642517089844,23.962247848510742,24.25921630859375,24.47718048095703,24.60999298095703,24.639238357543945,24.471254348754883,24.332120895385742,24.57219886779785,25.10945701599121,25.711210250854492,26.106569290161133,26.169029235839844,26.25827407836914,26.682392120361328,27.134918212890625,27.188241958618164,26.83039093017578,26.292171478271484,25.951644897460938,25.802764892578125,25.296634674072266,24.710956573486328,24.591163635253906,24.468868255615234,23.625333786010742,22.640586853027344,21.78965187072754,20.903057098388672,20.22629165649414,20.157493591308594,19.858905792236328,18.93834114074707,17.9725341796875,17.98843765258789,18.62008285522461,19.095319747924805,19.499418258666992,19.58839988708496,20.120988845825195,21.702547073364258,20.716636657714844,20.873178482055664,20.066051483154297,20.13096046447754
25.185697555541992,25.474821090698242,25.772966384887695,26.11701011657715,26.44811248779297,26.707599639892578,26.86465835571289,26.905643463134766,26.967493057250977,27.249492645263672,27.71970558166504,28.114826202392578,28.23185157775879,28.316246032714844,28.701932907104492,29.18149757385254,29.363481521606445,29.181819915771484,28.856475830078125,28.74747657775879,28.822784423828125,28.361366271972656,27.301929473876953,26.575267791748047,26.710338592529297,27.035070419311523,26.705585479736328,25.309402465820312,23.669189453125,22.712053298950195,22.833955764770508,22.545194625854492,21.30860137939453,20.28181266784668,20.430919647216797,20.65906524658203,20.70545768737793,21.428123474121094,22.064441680908203,22.06742286682129,22.47769546508789,20.48752784729004,20.993606567382812,20.589548110961914,20.68449592590332
26.876935958862305,27.187908172607422,27.421348571777344,27.680673599243164,28.05944061279297,28.523340225219727,29.00143051147461,29.427099227905273,29.723670959472656,29.9237117767334,30.209043502807617,30.489404678344727,30.538799285888672,30.5380916595459,30.793302536010742,31.18181037902832,31.392593383789062,31.390939712524414,31.287397384643555,31.279905319213867,31.405580520629883,31.213891983032227,30.34771156311035,29.202604293823242,28.612924575805664,28.963895797729492,29.33137321472168,28.83139991760254,27.441408157348633,26.30988883972168,25.659021377563477,24.95503044128418,23.988210678100586,23.265810012817383,23.27057456970215,23.04641342163086,22.792428970336914,22.854949951171875,23.617847442626953,23.374483108520508,22.800127029418945,21.683496475219727,22.179502487182617,22.89508628845215,23.199804306030273
28.59498405456543,28.963459014892578,29.31266975402832,29.629606246948242,30.06067657470703,30.616838455200195,31.208011627197266,31.78048324584961,32.27943420410156,32.68751525878906,33.099788665771484,33.40605926513672,33.37607192993164,33.14751052856445,33.133827209472656,33.4053955078125,33.64967346191406,33.723426818847656,33.78413772583008,33.84787368774414,33.75645065307617,33.479331970214844,32.911590576171875,32.13180160522461,31.347457885742188,30.922191619873047,30.9235897064209,31.090370178222656,30.949125289916992,30.489334106445312,29.783008575439453,28.94601058959961,28.047842025756836,27.363052368164062,26.987335205078125,26.37604522705078,25.968101501464844,25.489953994750977,24.920169830322266,24.99882698059082,25.289947509765625,24.461597442626953,23.727046966552734,24.550262451171875,25.540727615356445
30.764808654785156,31.052690505981445,31.422609329223633,31.86707878112793,32.5082893371582,33.32820510864258,34.11778259277344,34.70768356323242,35.11547088623047,35.5337028503418,36.10238265991211,36.62925338745117,36.738521575927734,36.4217529296875,36.12752914428711,36.19350051879883,36.453582763671875,36.660316467285156,36.71987533569336,36.71784210205078,36.603668212890625,36.16350173950195,35.324947357177734,34.581321716308594,34.11703872680664,33.62342834472656,33.07745361328125,32.88444519042969,33.25361633300781,33.92536544799805,34.242164611816406,34.09123611450195,33.62447738647461,33.25263214111328,33.118289947509766,32.248023986816406,31.25993537902832,29.820899963378906,28.56938934326172,29.008586883544922,28.332155227661133,27.967777252197266,27.226804733276367,26.563486099243164,26.411348342895508
33.64018249511719,33.96697998046875,34.34668731689453,34.78628158569336,35.45682144165039,36.42830276489258,37.44438171386719,38.16360092163086,38.5452766418457,38.850067138671875,39.31956100463867,39.84243392944336,40.10439682006836,40.009666442871094,39.76618576049805,39.66976547241211,39.79396438598633,40.02095413208008,40.18233871459961,40.22523880004883,40.131107330322266,39.7406005859375,38.774539947509766,37.635887145996094,36.88998031616211,36.37125015258789,35.87214279174805,35.37506866455078,35.562984466552734,36.52791976928711,37.78496170043945,38.47813034057617,38.32141876220703,37.820499420166016,37.89942932128906,37.940406799316406,37.546871185302734,35.929161071777344,34.226905822753906,33.84712219238281,33.411991119384766,32.476783752441406,30.68648338317871,28.69662857055664,27.50664710998535
36.817649841308594,37.324615478515625,37.876529693603516,38.43095016479492,39.07096481323242,39.93244552612305,40.90422439575195,41.651371002197266,42.027137756347656,42.20896911621094,42.45931625366211,42.80120086669922,43.08066940307617,43.203880310058594,43.15225601196289,43.061180114746094,43.05052185058594,43.15550994873047,43.34476089477539,43.59534454345703,43.823673248291016,43.71370315551758,42.9002571105957,41.8172607421875,40.98283767700195,40.19795227050781,39.31642532348633,38.54865264892578,38.6667594909668,39.577842712402344,40.562644958496094,41.098453521728516,41.0382080078125,40.49165344238281,39.96217346191406,39.929290771484375,39.59520721435547,39.271297454833984,39.13312911987305,38.93927001953125,38.46534729003906,36.933204650878906,34.190284729003906,31.51253318786621,30.00761604309082
40.06391143798828,40.51933670043945,41.010047912597656,41.570648193359375,42.215187072753906,43.00382995605469,43.888946533203125,44.640445709228516,45.05919647216797,45.16472244262695,45.17863464355469,45.325225830078125,45.610408782958984,45.902034759521484,46.00071716308594,45.88398742675781,45.700992584228516,45.61299514770508,45.70839309692383,45.93799591064453,46.35567855834961,46.68742752075195,46.32490921020508,45.60408020019531,45.286827087402344,45.0394287109375,44.20999526977539,43.2867317199707,43.092620849609375,43.74454879760742,44.316650390625,44.05370330810547,43.11700439453125,42.20942687988281,41.402748107910156,41.000240325927734,40.35996627807617,40.22978210449219,40.400699615478516,40.59772491455078,40.90916442871094,39.98555374145508,37.420005798339844,34.786949157714844,33.331153869628906
42.99417495727539,43.31568908691406,43.63488006591797,43.99679946899414,44.50529479980469,45.25225067138672,46.17819595336914,47.0567626953125,47.63790512084961,47.837074279785156,47.78910446166992,47.74481964111328,47.91645050048828,48.2720832824707,48.515167236328125,48.47838592529297,48.24853515625,47.97785186767578,47.87824249267578,47.964054107666016,48.2370719909668,48.55009460449219,48.44388198852539,47.98556900024414,47.84036636352539,48.111019134521484,48.32952880859375,48.35737609863281,48.19023895263672,48.257049560546875,48.38507080078125,47.82918930053711,46.282955169677734,44.58858108520508,43.3857421875,42.555625915527344,41.82221984863281,41.768367767333984,41.75972366333008,41.55860900878906,41.300567626953125,40.52005386352539,39.084388732910156,37.58780288696289,36.52544021606445
45.6110954284668,45.996952056884766,46.39144515991211,46.765560150146484,47.193634033203125,47.82072448730469,48.71446990966797,49.65205764770508,50.31996154785156,50.57877731323242,50.546531677246094,50.45419692993164,50.440635681152344,50.5521125793457,50.72529983520508,50.816062927246094,50.74036407470703,50.5572509765625,50.40169143676758,50.40013122558594,50.66524887084961,50.83468246459961,50.59255599975586,50.06807327270508,49.63787078857422,49.54514694213867,49.77456283569336,50.345420837402344,50.85360336303711,51.02397918701172,50.795719146728516,50.02682113647461,48.47727584838867,46.377296447753906,44.89234161376953,44.427268981933594,43.81358337402344,43.21580123901367,43.00141525268555,42.75979232788086,41.92862319946289,40.90496063232422,40.34365463256836,39.81394958496094,38.92817306518555
48.90555953979492,49.37113571166992,49.83546447753906,50.23432540893555,50.5851936340332,51.00652313232422,51.61336898803711,52.35405731201172,52.940025329589844,53.18048095703125,53.145931243896484,53.02593994140625,52.96052169799805,52.94097900390625,52.92183303833008,52.88812255859375,52.932769775390625,52.90594482421875,52.811824798583984,52.74714279174805,53.058258056640625,53.46704864501953,53.40924072265625,52.81882858276367,52.067020416259766,51.50300216674805,51.28271484375,51.3154182434082,51.5262336730957,51.66383361816406,51.075050354003906,50.062461853027344,49.0694465637207,47.54859924316406,46.429508209228516,46.044166564941406,45.35911178588867,44.905906677246094,44.66987228393555,43.887962341308594,42.681514739990234,41.853179931640625,41.71817398071289,41.4525146484375,40.58468246459961
52.662471771240234,52.953800201416016,53.2381591796875,53.45230484008789,53.62501907348633,53.80482864379883,54.06094741821289,54.39778137207031,54.788265228271484,55.03152084350586,55.0713005065918,55.033164978027344,55.014949798583984,55.07773971557617,55.11198806762695,55.047855377197266,54.92405700683594,54.903099060058594,54.8554801940918,54.781883239746094,54.811126708984375,55.38412094116211,55.810203552246094,55.470054626464844,54.55535888671875,53.80109405517578,53.54180908203125,53.43307113647461,53.17502212524414,52.79515075683594,52.04100799560547,51.005027770996094,49.97194290161133,48.68524169921875,47.85723876953125,47.2657470703125,46.67813491821289,46.636016845703125,46.2957878112793,45.402557373046875,44.58762741088867,44.07907485961914,43.56765365600586,42.77820587158203,41.78642654418945
55.301673889160156,55.48143768310547,55.65291213989258,55.77581024169922,55.84254455566406,55.93632507324219,55.99908447265625,56.051395416259766,56.16524124145508,56.376033782958984,56.562191009521484,56.706329345703125,56.88834762573242,57.10017013549805,57.3136100769043,57.28727340698242,57.07339096069336,56.827945709228516,56.6397705078125,56.56965637207031,56.51862335205078,56.825321197509766,57.37556457519531,57.28445816040039,56.48149108886719,55.60786819458008,55.123836517333984,55.15610122680664,55.23757553100586,54.909523010253906,54.197181701660156,53.252197265625,52.153648376464844,50.71428680419922,49.57855224609375,48.54615783691406,48.04172897338867,48.07786560058594,47.775203704833984,47.244937896728516,46.851768493652344,46.44927215576172,45.65888977050781,44.48607635498047,43.27901840209961
