data/wind_data/wind_41_6.json
{"header": {"parameterUnit": "KT", "parameterCategory": 2, "nx": 256, "ny": 198, "lo1": 44.73521041870117, "la1": -3.236724853515625, "lo2": 111.26478576660156, "la2": 43.468475341796875, "dx": 0.2609002888202667, "dy": -0.23708222806453705, "refTime": "2025-02-20 17:00:00", "forecastTime": 0, "parameterNumber": 2, "parameterNumberName": "eastward_wind"}, "data":
[rows 120 to 139 of 198, columns 44 to 87 of 256]
88.7999267578125,87.91228485107422,87.16374206542969,86.01577758789062,86.52022552490234,88.64635467529297,88.38680267333984,85.10380554199219,82.41837310791016,81.15828704833984,79.29261779785156,79.50745391845703,81.13444519042969,80.93476104736328,79.17121124267578,77.15525817871094,75.65631103515625,75.30657196044922,75.9462661743164,76.30931854248047,75.90616607666016,75.74202728271484,76.17913055419922,76.13426208496094,74.57804107666016,71.88604736328125,69.99508666992188,70.06483459472656,70.89994049072266,71.69223022460938,72.55572509765625,72.95927429199219,72.5003433227539,71.80067443847656,71.7978286743164,72.54946899414062,73.57583618164062,74.50099182128906,75.1217041015625,75.68924713134766,75.43324279785156,73.86094665527344,72.43988037109375,72.44119262695312
88.90869140625,87.21315002441406,86.14100646972656,82.6326904296875,81.8837890625,84.92039489746094,86.50183868408203,83.77742004394531,81.05189514160156,79.85337829589844,79.05176544189453,78.4219741821289,78.94453430175781,79.03443145751953,77.73347473144531,76.19921112060547,75.58966064453125,75.7000732421875,76.13330078125,76.42051696777344,76.19705200195312,76.30708312988281,76.6921615600586,75.87359619140625,73.73929595947266,71.74244689941406,70.72651672363281,70.2552261352539,70.20638275146484,70.84425354003906,71.81658172607422,72.4081802368164,72.24981689453125,71.90846252441406,72.110595703125,72.94481658935547,74.1821517944336,75.36600494384766,76.03424072265625,76.20270538330078,75.41302490234375,73.67782592773438,72.70153045654297,73.1465835571289
90.02577209472656,88.53685760498047,87.39850616455078,84.78658294677734,82.91527557373047,85.38184356689453,87.31038665771484,85.15228271484375,82.11088562011719,79.80359649658203,78.25013732910156,77.70084381103516,77.85408020019531,77.80079650878906,77.16426086425781,76.81172943115234,76.96892547607422,76.95964050292969,77.02015686035156,77.50613403320312,77.5840072631836,77.16905212402344,76.25228881835938,74.5044937133789,72.81584167480469,71.746337890625,70.6693115234375,69.6144790649414,69.37781524658203,70.06757354736328,71.08074951171875,71.81798553466797,72.12564086914062,72.4207763671875,73.076904296875,74.0095443725586,75.17227935791016,76.22554016113281,76.69171905517578,76.53971099853516,75.3363037109375,73.5307846069336,72.84770965576172,73.22830963134766
90.94561004638672,89.75101470947266,88.50013732910156,87.68728637695312,87.17462921142578,88.06114196777344,89.1215591430664,87.2438735961914,83.28839874267578,79.65050506591797,77.46514892578125,76.53406524658203,76.56566619873047,77.27429962158203,77.62045288085938,77.67552947998047,77.83152770996094,77.71493530273438,77.8192367553711,78.28863525390625,77.83363342285156,76.41092681884766,74.81169128417969,73.22152709960938,72.04747772216797,71.35603332519531,70.65457916259766,69.98465728759766,69.85486602783203,70.4146499633789,71.19603729248047,71.90299224853516,72.6688003540039,73.61297607421875,74.60401153564453,75.2691879272461,75.73018646240234,76.35612487792969,76.93482208251953,76.75733184814453,75.40946197509766,73.79792022705078,73.0831069946289,72.70413208007812
90.84514617919922,90.0815658569336,89.69715118408203,89.31092071533203,89.69219970703125,90.99068450927734,89.86190795898438,86.2736587524414,82.01631927490234,78.47525787353516,76.51455688476562,75.89570617675781,76.05587005615234,76.93401336669922,77.66453552246094,77.80245208740234,77.99392700195312,78.09104919433594,77.97618103027344,77.47564697265625,76.36061096191406,75.0295181274414,73.91912078857422,73.0189437866211,72.37982940673828,72.30548095703125,72.1881103515625,71.71472930908203,71.41885375976562,71.62168884277344,72.0711441040039,72.66165924072266,73.58818817138672,74.71102142333984,75.67548370361328,76.18051147460938,76.18699645996094,76.3414077758789,76.94391632080078,76.71566772460938,75.12557983398438,73.51573944091797,72.62370300292969,71.94812774658203
90.0286636352539,90.05242919921875,90.19280242919922,90.0675277709961,90.17692565917969,89.9020004272461,87.46794891357422,83.7721176147461,79.49225616455078,75.81805419921875,74.74488830566406,75.88855743408203,77.1646957397461,77.949951171875,78.2208023071289,78.1346435546875,78.23857116699219,78.1808853149414,77.5344467163086,76.67564392089844,76.03227233886719,75.08531951904297,74.01433563232422,73.64421844482422,73.81578826904297,74.13484954833984,74.14567565917969,73.72049713134766,73.37457275390625,73.4588394165039,73.72080993652344,74.15166473388672,75.1701431274414,76.45772552490234,77.13088989257812,76.97433471679688,76.56957244873047,76.419677734375,76.6995849609375,76.28097534179688,74.70922088623047,73.28948974609375,72.24345397949219,71.41638946533203
88.92257690429688,89.1561508178711,89.48943328857422,89.36454772949219,88.9694595336914,87.88424682617188,85.16292572021484,81.29600524902344,76.74382781982422,73.15118408203125,74.59738159179688,77.712646484375,78.9509506225586,78.53982543945312,78.14048767089844,78.27967071533203,78.4703369140625,78.63670349121094,78.38379669189453,77.61396026611328,76.89952087402344,76.09476470947266,75.43144989013672,75.38788604736328,75.74479675292969,76.15081787109375,76.29934692382812,76.01242065429688,75.57518005371094,75.33211517333984,75.1172866821289,75.09574127197266,76.02913665771484,77.54917907714844,78.03768920898438,77.23805236816406,76.51809692382812,76.13893127441406,76.03170776367188,75.69120788574219,74.36348724365234,72.90139770507812,71.67491149902344,70.85588836669922
88.30928039550781,88.63829040527344,88.5208969116211,88.05326080322266,88.25176239013672,87.40058135986328,84.18399810791016,79.57071685791016,74.23031616210938,74.95868682861328,77.95470428466797,78.67520141601562,78.26166534423828,77.82940673828125,78.36729431152344,79.43161010742188,79.90443420410156,80.24352264404297,79.95694732666016,78.668701171875,77.30743408203125,76.38188171386719,76.1374740600586,76.57736206054688,77.35340118408203,77.75215148925781,77.61178588867188,77.29292297363281,76.7481918334961,76.02182006835938,75.28450012207031,75.03114318847656,75.96641540527344,77.40153503417969,77.89739227294922,77.28180694580078,76.53839874267578,76.10415649414062,75.919189453125,75.85057067871094,74.6492919921875,72.85585021972656,71.49478149414062,70.92816162109375
88.14293670654297,88.30034637451172,87.75777435302734,87.73909759521484,88.50297546386719,86.84696197509766,81.67188262939453,76.15531921386719,75.6576156616211,78.8641357421875,79.90611267089844,78.83627319335938,78.36177062988281,79.046630859375,80.75804901123047,82.06114196777344,81.89524841308594,81.36986541748047,80.09536743164062,77.9778823852539,76.60316467285156,76.20571899414062,76.57142639160156,77.55339813232422,78.35894012451172,78.28311920166016,77.97590637207031,77.79047393798828,77.17508697509766,76.29119873046875,75.54644012451172,75.39142608642578,76.05329895019531,76.91852569580078,77.29498291015625,77.09750366210938,76.70816040039062,76.47198486328125,76.0353775024414,75.64167785644531,74.77124786376953,73.16573333740234,71.84617614746094,71.71067810058594
88.2144775390625,88.29146575927734,87.77529907226562,87.85834503173828,87.80978393554688,84.0240707397461,78.16293334960938,76.62723541259766,79.65925598144531,81.89674377441406,81.29329681396484,79.80347442626953,79.54010009765625,80.67298889160156,82.30307006835938,82.7260513305664,81.61933898925781,80.56145477294922,78.94355010986328,76.79529571533203,75.96318817138672,76.318359375,76.99357604980469,77.6563491821289,77.90531921386719,77.53787231445312,77.36581420898438,77.41181945800781,77.0174331665039,76.4460678100586,75.82653045654297,75.4951171875,75.86784362792969,76.3856430053711,76.78046417236328,77.02244567871094,77.0510025024414,76.54529571533203,75.15692901611328,73.99055480957031,74.26770782470703,74.14566040039062,72.87213897705078,72.55941772460938
88.86256408691406,87.93376159667969,85.927001953125,85.10675048828125,84.72501373291016,81.41609191894531,77.76268005371094,79.73191833496094,83.314208984375,83.78734588623047,81.96896362304688,80.25930786132812,79.91747283935547,80.9075698852539,82.0461196899414,81.56651306152344,80.07661437988281,78.99011993408203,77.59884643554688,76.25629425048828,75.9749755859375,76.46051788330078,77.09968566894531,77.4632797241211,77.3333740234375,77.03365325927734,77.03872680664062,77.17387390136719,77.1790771484375,76.79817962646484,76.13188934326172,75.83128356933594,76.22574615478516,76.66719055175781,77.00138854980469,77.15572357177734,76.71062469482422,75.39051055908203,73.57434844970703,72.50729370117188,73.90288543701172,75.44407653808594,74.02986907958984,72.80754852294922
87.19094848632812,83.83413696289062,80.87527465820312,80.7625732421875,83.32636260986328,82.27886199951172,79.21198272705078,82.62540435791016,85.39588165283203,84.2160415649414,82.11033630371094,80.81148529052734,80.44424438476562,81.0679702758789,81.78044128417969,81.0528564453125,79.54180908203125,78.22069549560547,77.18480682373047,76.72447204589844,76.46968078613281,76.60810852050781,77.17791748046875,77.3702163696289,77.1093978881836,76.92967987060547,76.87965393066406,76.8246841430664,76.84656524658203,76.79927825927734,76.36552429199219,76.52345275878906,77.50704956054688,78.20137023925781,78.15811157226562,77.33953857421875,75.67091369628906,73.85242462158203,72.58448791503906,72.16820526123047,73.53057861328125,75.54399108886719,74.80516052246094,73.24200439453125
82.20275115966797,78.9594955444336,78.77040100097656,83.03147888183594,87.98682403564453,83.4946060180664,79.39861297607422,83.63177490234375,84.8906478881836,83.3001937866211,81.79956817626953,81.05715942382812,80.84048461914062,81.33631896972656,81.9403305053711,81.07102966308594,79.24720764160156,77.84102630615234,77.15145874023438,76.9704818725586,76.82679748535156,76.81926727294922,76.97113037109375,76.8409423828125,76.69790649414062,76.7668685913086,76.63601684570312,76.50465393066406,76.4920883178711,76.21858215332031,75.63391876220703,76.03011322021484,77.80694580078125,79.2249984741211,78.91141510009766,77.22283935546875,75.05517578125,73.32814025878906,72.34396362304688,71.6131820678711,72.0289077758789,74.16743469238281,75.12112426757812,74.76629638671875
79.0902328491211,79.98895263671875,83.0892333984375,88.6442642211914,88.50396728515625,81.14431762695312,79.76972961425781,83.23194885253906,83.73402404785156,82.60435485839844,81.50836944580078,81.00308227539062,80.98592376708984,81.45240020751953,81.83524322509766,80.80608367919922,79.00006103515625,77.89302825927734,77.5802001953125,77.41378784179688,77.01587677001953,76.68351745605469,76.59419250488281,76.46138763427734,76.46273803710938,76.4961929321289,76.31712341308594,76.34854125976562,76.32906341552734,75.91752624511719,75.19883728027344,75.31954193115234,77.15524291992188,78.74312591552734,78.68119812011719,77.212890625,75.0448989868164,73.12461853027344,71.9017105102539,70.91712951660156,70.92692565917969,73.38921356201172,76.12788391113281,76.79741668701172
82.13739776611328,84.4102783203125,87.21217346191406,88.9520034790039,84.29116821289062,78.91200256347656,80.71177673339844,83.3768539428711,83.60136413574219,82.84626770019531,82.05976867675781,81.47574615478516,81.23941040039062,81.30460357666016,81.1949691772461,80.20750427246094,78.88409423828125,78.40492248535156,78.59300994873047,78.22876739501953,77.19132995605469,76.46372985839844,76.36170196533203,76.39459991455078,76.49462890625,76.49205017089844,76.244384765625,76.11774444580078,76.22087097167969,76.0095443725586,75.3652572631836,75.15511322021484,76.22608184814453,77.42865753173828,77.79209899902344,77.0250015258789,74.89856719970703,72.6915512084961,71.58903503417969,71.13976287841797,71.6400375366211,73.87431335449219,76.79712677001953,78.40969848632812
84.37064361572266,85.20917510986328,86.66487121582031,85.1408920288086,80.06280517578125,79.59680938720703,83.29529571533203,84.56314849853516,83.62004852294922,82.71236419677734,82.3115463256836,81.8814468383789,81.4633560180664,81.17222595214844,80.60990905761719,79.6644287109375,78.87582397460938,79.04620361328125,79.24982452392578,78.27278900146484,76.95934295654297,76.3733139038086,76.42620086669922,76.5465087890625,76.7005844116211,76.71908569335938,76.61075592041016,76.48538970947266,76.43354034423828,76.18125915527344,75.5620346069336,75.15640258789062,75.46400451660156,76.40930938720703,77.08211517333984,76.34207153320312,74.26728057861328,72.30045318603516,71.6364517211914,72.12993621826172,73.43798828125,75.26434326171875,77.03643035888672,78.55721282958984
82.68994140625,83.63752746582031,83.23599243164062,80.3893051147461,79.4476318359375,82.74283599853516,85.12834930419922,84.71442413330078,83.31912231445312,82.4808578491211,82.12311553955078,81.7389144897461,81.45894622802734,81.13508605957031,80.22052764892578,79.29224395751953,79.16387176513672,79.24897003173828,78.4853286743164,77.36315155029297,76.87782287597656,76.85636138916016,76.87640380859375,76.95342254638672,77.22561645507812,77.3932876586914,77.3190689086914,77.04344940185547,76.65360260009766,76.36126708984375,76.03681945800781,75.67546081542969,75.70770263671875,76.30714416503906,76.24723052978516,74.99004364013672,73.40433502197266,72.18864440917969,71.99913787841797,73.39395141601562,75.27608489990234,76.60607147216797,77.5855941772461,78.79570007324219
81.059814453125,81.12348937988281,79.03211212158203,79.11736297607422,82.14987182617188,83.99848175048828,84.21817779541016,83.79735565185547,83.05000305175781,82.1292953491211,81.42457580566406,81.18464660644531,81.2587661743164,80.98110961914062,79.93965911865234,79.20115661621094,79.1890640258789,78.77018737792969,77.78141784667969,77.34705352783203,77.60456848144531,77.74068450927734,77.647705078125,77.63873291015625,77.8446273803711,77.95752716064453,77.68717193603516,77.05742645263672,76.48756408691406,76.23189544677734,76.1942367553711,76.30949401855469,76.2792739868164,75.7901382446289,74.71807861328125,73.7762222290039,73.01634216308594,72.32699584960938,72.7490005493164,74.6026611328125,76.42633056640625,77.34930419921875,78.18640899658203,79.22099304199219
78.95428466796875,77.76164245605469,77.42929077148438,79.9254379272461,81.76997375488281,82.54969787597656,83.08939361572266,83.20288848876953,82.58277130126953,81.51506805419922,80.75141143798828,80.53968048095703,80.57984924316406,80.43330383300781,79.95393371582031,79.49594116210938,79.21996307373047,78.7446060180664,78.21830749511719,78.2879867553711,78.64884948730469,78.71656036376953,78.52434539794922,78.30946350097656,78.18661499023438,78.06454467773438,77.70702362060547,77.16201782226562,76.72722625732422,76.39884948730469,76.4450454711914,76.95260620117188,76.8535385131836,75.6404800415039,74.22567749023438,73.26817321777344,72.52955627441406,72.40826416015625,73.538330078125,75.31718444824219,76.5716781616211,77.12042236328125,77.7367935180664,77.89628601074219
76.6031265258789,76.2249755859375,77.638916015625,79.52247619628906,80.688232421875,81.62852478027344,82.26166534423828,82.28477478027344,81.86311340332031,81.33538818359375,80.824951171875,80.40044403076172,80.1783447265625,80.13961791992188,80.06602478027344,79.64134979248047,79.212158203125,78.96212768554688,78.79985046386719,78.9493637084961,79.21813201904297,79.17339324951172,78.8045883178711,78.45801544189453,78.25004577636719,78.02717590332031,77.6767807006836,77.41094970703125,77.18950653076172,77.28058624267578,77.73941802978516,77.87012481689453,76.77572631835938,74.7827377319336,72.74880981445312,71.18953704833984,71.03746795654297,72.37140655517578,73.9834976196289,75.10297393798828,75.68087768554688,76.12589263916016,76.38286590576172,75.26519775390625
