data/wind_data/wind_41_1.json
{"header": {"parameterUnit": "KT", "parameterCategory": 2, "nx": 256, "ny": 198, "lo1": 44.73521041870117, "la1": -3.236724853515625, "lo2": 111.26478576660156, "la2": 43.468475341796875, "dx": 0.2609002888202667, "dy": -0.23708222806453705, "refTime": "2025-02-20 17:00:00", "forecastTime": 0, "parameterNumber": 2, "parameterNumberName": "eastward_wind"}, "data":
[rows 0 to 18 of 198, columns 43 to 85 of 256]
-6.499229907989502,-6.622159004211426,-6.712208271026611,-6.770714282989502,-6.796528339385986,-6.777917385101318,-6.706993103027344,-6.5662665367126465,-6.30942964553833,-5.637515544891357,-5.044954299926758,-5.53294563293457,-6.059062480926514,-5.507310390472412,-5.0428032875061035,-5.437386989593506,-5.742438793182373,-5.616690158843994,-5.309463024139404,-4.832348823547363,-4.322160243988037,-3.791827440261841,-3.3894100189208984,-3.1206440925598145,-2.94730544090271,-2.892421245574951,-3.243016242980957,-3.7865819931030273,-3.689887523651123,-3.2287561893463135,-2.729842185974121,-2.1827006340026855,-1.688067078590393,-1.2231208086013794,-0.7626582980155945,-0.4160830080509186,-0.21470379829406738,-0.33026981353759766,-0.9725673198699951,-1.402968168258667,-1.4244738817214966,-1.2294189929962158,-0.8249584436416626
-7.135282516479492,-7.208364963531494,-7.350903511047363,-7.52269172668457,-7.62838077545166,-7.4870147705078125,-7.33042049407959,-7.332982540130615,-7.097620487213135,-6.33054256439209,-5.813887119293213,-6.3723039627075195,-6.871067523956299,-6.35090446472168,-5.866471290588379,-5.940518856048584,-6.0928215980529785,-6.208568572998047,-5.866226673126221,-5.023818016052246,-4.168878078460693,-3.4161107540130615,-3.0988194942474365,-3.019435405731201,-2.8832743167877197,-2.8065924644470215,-3.3143422603607178,-4.059503555297852,-4.038665294647217,-3.55374813079834,-2.9418325424194336,-2.451585054397583,-2.09049654006958,-1.7215888500213623,-1.3227639198303223,-0.9912047386169434,-0.7148436903953552,-0.8002520203590393,-1.5222291946411133,-1.9978288412094116,-1.9668742418289185,-1.7938275337219238,-1.5309847593307495
-7.566084384918213,-7.750953197479248,-8.004460334777832,-8.062958717346191,-8.070491790771484,-7.962896823883057,-7.800434589385986,-7.787605285644531,-7.622469902038574,-7.114924430847168,-6.702270984649658,-6.847702503204346,-7.032595157623291,-6.685368061065674,-6.455750942230225,-6.485692977905273,-6.546578884124756,-6.556604385375977,-6.058358669281006,-5.050165176391602,-3.987489938735962,-3.0711617469787598,-2.693138599395752,-2.7256317138671875,-2.694291591644287,-2.635401964187622,-3.28586745262146,-4.202219486236572,-4.2958903312683105,-4.021138668060303,-3.384721040725708,-2.5673105716705322,-2.086186408996582,-1.9249056577682495,-1.738145351409912,-1.5337779521942139,-1.3982653617858887,-1.455421805381775,-1.8041982650756836,-2.315863609313965,-2.600358009338379,-2.524705648422241,-2.0832133293151855
-8.057059288024902,-8.451189041137695,-8.811383247375488,-8.47518539428711,-8.468576431274414,-8.505823135375977,-8.142400741577148,-8.32583999633789,-8.261738777160645,-7.78954553604126,-7.590412616729736,-7.43848180770874,-7.610084533691406,-7.362886905670166,-7.482614994049072,-7.462734222412109,-7.401034355163574,-7.383555889129639,-6.739238262176514,-5.4841084480285645,-4.040046691894531,-2.793966293334961,-2.4444754123687744,-3.0856194496154785,-3.382290840148926,-3.403364419937134,-3.95294189453125,-4.6735029220581055,-4.345139980316162,-4.447848320007324,-3.933305025100708,-2.9606316089630127,-1.9395670890808105,-1.8439821004867554,-1.6434825658798218,-1.772274374961853,-2.179704427719116,-2.4864866733551025,-1.945983648300171,-2.7030835151672363,-2.976426601409912,-2.9259042739868164,-2.274839162826538
-8.26093578338623,-9.557562828063965,-10.415907859802246,-8.659899711608887,-8.726090431213379,-9.231807708740234,-8.053845405578613,-9.376482963562012,-9.24170207977295,-7.892072677612305,-8.303984642028809,-8.354771614074707,-9.207269668579102,-8.39358901977539,-9.149823188781738,-8.690046310424805,-8.455130577087402,-9.082321166992188,-8.422554016113281,-6.784666061401367,-4.392345428466797,-2.2822961807250977,-1.601793646812439,-4.704153537750244,-6.540332794189453,-6.358738899230957,-6.017837047576904,-6.343379497528076,-3.847378730773926,-5.073741436004639,-4.648591995239258,-3.715050458908081,0.16163718700408936,-0.7388860583305359,-0.35405153036117554,-1.1441949605941772,-4.1775312423706055,-5.7305498123168945,-1.2952207326889038,-4.435842037200928,-1.8253684043884277,-1.6109226942062378,-0.5657200217247009
-7.218690872192383,-9.458807945251465,-11.18094253540039,-8.465686798095703,-8.23143482208252,-9.312445640563965,-9.5592622756958,-9.683633804321289,-8.923966407775879,-8.623591423034668,-8.481287956237793,-8.53126335144043,-9.198080062866211,-7.768599033355713,-7.389899730682373,-6.4473958015441895,-6.413059711456299,-7.042541027069092,-6.455482006072998,-5.712596416473389,-3.059541702270508,-1.4925435781478882,-1.4657304286956787,-3.137618064880371,-4.275795936584473,-7.054741382598877,-3.887317419052124,-4.124726295471191,-4.131721496582031,-5.136732578277588,-2.233491897583008,-4.033536911010742,0.3943210244178772,-2.159979820251465,4.7876667976379395,-0.772636353969574,-6.598925590515137,-8.386000633239746,-1.9993846416473389,-2.874847888946533,-0.8401535153388977,-0.031222347170114517,-0.6210491061210632
-10.222840309143066,-10.126949310302734,-10.772269248962402,-8.435171127319336,-8.030876159667969,-10.38837718963623,-10.721328735351562,-8.981496810913086,-8.258426666259766,-9.123590469360352,-8.886260986328125,-8.766568183898926,-9.201822280883789,-9.416828155517578,-7.78640604019165,-5.5745744705200195,-7.2794671058654785,-8.402729034423828,-6.970004558563232,-5.900304317474365,-1.2693849802017212,-0.13972026109695435,-0.3480248749256134,-7.410517692565918,-6.482944011688232,-7.631884574890137,-3.577925682067871,-3.510561227798462,-1.69631826877594,-4.94103479385376,-2.6448895931243896,-0.3164370357990265,-5.264614105224609,-2.747206687927246,1.8778607845306396,-4.079044342041016,-6.642112731933594,-5.075860500335693,-1.8058321475982666,-1.427713394165039,0.7895312905311584,1.3688124418258667,0.27761566638946533
-11.108366966247559,-10.150846481323242,-10.062433242797852,-9.07560920715332,-8.388360023498535,-9.323699951171875,-10.200270652770996,-9.071462631225586,-8.738946914672852,-8.101381301879883,-8.441204071044922,-8.881714820861816,-9.346238136291504,-9.231307983398438,-9.145100593566895,-9.296061515808105,-9.952168464660645,-10.241198539733887,-8.512282371520996,-6.23390007019043,-2.5914628505706787,-0.8849934935569763,-4.444240570068359,-12.26002311706543,-10.298969268798828,-7.135713577270508,-5.165765762329102,-3.1293082237243652,-4.942269325256348,-5.739306449890137,-1.8164864778518677,-1.3257386684417725,-5.704076766967773,-4.695241928100586,-5.1581220626831055,-7.009770393371582,-5.103592395782471,-2.074315071105957,-0.5816753506660461,-3.5379159450531006,0.2815757095813751,0.45698562264442444,1.192220687866211
-11.193909645080566,-11.212972640991211,-10.503944396972656,-9.877442359924316,-10.025676727294922,-9.830745697021484,-9.673617362976074,-9.864436149597168,-9.197182655334473,-8.549307823181152,-8.421531677246094,-8.403032302856445,-8.448984146118164,-9.530905723571777,-9.235590934753418,-9.771066665649414,-10.757061004638672,-11.032963752746582,-9.529318809509277,-6.58444881439209,-4.489552021026611,-5.311809539794922,-13.366498947143555,-14.09976577758789,-9.47743034362793,-7.156280994415283,-6.6038031578063965,-6.411460876464844,-7.244596481323242,-6.905210494995117,-4.321910381317139,-6.320166110992432,-6.18818998336792,-4.179329872131348,-5.164730548858643,-5.350741386413574,-3.9590046405792236,-5.766133785247803,-5.4350810050964355,0.16712844371795654,-6.363681793212891,0.2730634808540344,0.023229951038956642
-11.724071502685547,-11.214725494384766,-10.595693588256836,-9.926777839660645,-9.570089340209961,-9.935295104980469,-10.299615859985352,-9.84321403503418,-9.196402549743652,-9.093062400817871,-8.747653007507324,-8.019140243530273,-8.707984924316406,-10.558457374572754,-8.643095970153809,-9.196953773498535,-9.578292846679688,-10.200684547424316,-9.66168212890625,-7.9146809577941895,-7.160600185394287,-8.503629684448242,-11.20432186126709,-10.4887056350708,-7.5816779136657715,-6.482298374176025,-4.680103302001953,-4.517662525177002,-7.6350555419921875,-8.523592948913574,-7.791830062866211,-6.252702713012695,-5.978367328643799,-6.7519965171813965,-5.987298488616943,-5.742247104644775,-5.789411544799805,-4.246733665466309,-7.264560699462891,-5.304017066955566,-2.2106704711914062,-1.8942081928253174,-1.1770111322402954
-11.715459823608398,-10.972065925598145,-10.661792755126953,-10.423725128173828,-9.337691307067871,-10.028870582580566,-10.658686637878418,-9.867402076721191,-9.157489776611328,-9.890732765197754,-10.178030967712402,-10.332449913024902,-11.197702407836914,-10.49415111541748,-9.024392127990723,-7.837894916534424,-7.957145690917969,-10.102588653564453,-10.128814697265625,-7.836102485656738,-7.371129512786865,-8.155648231506348,-8.675783157348633,-8.819717407226562,-7.858022689819336,-7.4123215675354,-3.9188413619995117,-3.5856587886810303,-8.48490047454834,-9.339268684387207,-8.703166007995605,-6.892035484313965,-7.0182881355285645,-8.473958969116211,-7.006687641143799,-6.173072814941406,-6.380544662475586,-4.464456558227539,-3.7789676189422607,-4.108745098114014,-3.1422951221466064,-3.2730259895324707,-3.601712226867676
-12.179609298706055,-11.265863418579102,-11.227452278137207,-11.480182647705078,-9.886619567871094,-9.922945976257324,-10.156881332397461,-8.785582542419434,-7.223722457885742,-10.145833015441895,-10.504181861877441,-9.856100082397461,-11.184508323669434,-10.655012130737305,-8.263911247253418,-6.2173638343811035,-5.405681133270264,-10.55921745300293,-10.709746360778809,-8.234809875488281,-8.235787391662598,-8.456003189086914,-8.48059368133545,-8.267393112182617,-8.336845397949219,-8.11047649383545,-6.493516445159912,-5.066493511199951,-7.149226665496826,-12.09436321258545,-9.817985534667969,-7.7236456871032715,-7.6005682945251465,-8.367815971374512,-7.266820907592773,-6.566549301147461,-6.430619239807129,-6.316623687744141,-4.337826251983643,-3.492103338241577,-3.5682992935180664,-3.882150888442993,-3.8827459812164307
-12.949837684631348,-12.710371971130371,-12.461441993713379,-10.909368515014648,-9.399251937866211,-10.015320777893066,-9.295494079589844,-8.988626480102539,-9.667837142944336,-10.893455505371094,-9.848339080810547,-8.912092208862305,-8.897791862487793,-8.586524963378906,-8.4039306640625,-7.742935657501221,-8.06779956817627,-13.50917911529541,-10.255460739135742,-7.406914234161377,-8.348282814025879,-9.307710647583008,-9.41743278503418,-8.268180847167969,-7.881572246551514,-8.35234260559082,-8.63613224029541,-9.421980857849121,-11.506585121154785,-11.60779857635498,-9.776987075805664,-8.908084869384766,-8.207408905029297,-6.895910263061523,-6.686959266662598,-7.425204753875732,-6.318387985229492,-5.359192371368408,-4.745149612426758,-3.379987955093384,-1.4681390523910522,-0.8853456974029541,-3.416365385055542
-11.723869323730469,-12.27885913848877,-12.312725067138672,-10.136768341064453,-9.198083877563477,-9.989012718200684,-9.267867088317871,-9.833879470825195,-11.519018173217773,-10.372295379638672,-9.850595474243164,-9.957670211791992,-9.371010780334473,-8.319536209106445,-11.352779388427734,-12.14749526977539,-13.181096076965332,-12.470575332641602,-8.954763412475586,-6.880160808563232,-7.398423671722412,-8.844225883483887,-9.438481330871582,-8.513368606567383,-8.412467956542969,-9.178549766540527,-9.937870979309082,-9.745410919189453,-10.551774024963379,-10.469858169555664,-7.551272392272949,-8.302532196044922,-9.50757122039795,-7.32728385925293,-7.04540491104126,-8.064966201782227,-6.632345676422119,-5.545940399169922,-5.24033784866333,-3.993771553039551,-0.6182551383972168,0.8468598127365112,-4.566939830780029
-11.858749389648438,-12.448407173156738,-11.777456283569336,-10.718071937561035,-10.332987785339355,-9.910469055175781,-10.028182983398438,-10.071043014526367,-10.332632064819336,-10.494657516479492,-10.45715045928955,-10.21132755279541,-10.91478443145752,-11.935371398925781,-12.304899215698242,-12.015798568725586,-11.751980781555176,-10.601998329162598,-8.129450798034668,-6.118503093719482,-4.645362854003906,-8.183873176574707,-9.104748725891113,-6.958203315734863,-7.9781174659729,-10.348356246948242,-11.624475479125977,-10.053327560424805,-9.532393455505371,-10.151128768920898,-9.281274795532227,-9.159843444824219,-9.295260429382324,-9.132264137268066,-7.569348335266113,-7.398379325866699,-6.463780879974365,-5.443631649017334,-5.263850688934326,-3.707801580429077,-4.571057319641113,-5.124801158905029,-6.014221668243408
-13.950518608093262,-12.70588207244873,-12.072660446166992,-11.697366714477539,-10.583495140075684,-11.278786659240723,-10.770580291748047,-10.050899505615234,-10.149092674255371,-10.4593505859375,-10.901411056518555,-11.15066146850586,-11.42086124420166,-11.39268684387207,-10.429316520690918,-8.396079063415527,-6.451735496520996,-6.860972881317139,-7.422478199005127,-7.582209587097168,-7.151954650878906,-9.355387687683105,-7.929820537567139,-3.7674314975738525,-5.777797698974609,-14.036906242370605,-12.610633850097656,-9.932125091552734,-8.827693939208984,-9.917182922363281,-9.557784080505371,-9.199222564697266,-9.254672050476074,-7.92667293548584,-7.443909168243408,-7.56065559387207,-6.8791022300720215,-5.431670188903809,-3.42961049079895,-3.8478779792785645,-8.004894256591797,-7.554767608642578,-6.766632556915283
-13.472392082214355,-13.441831588745117,-12.746817588806152,-12.163113594055176,-11.926502227783203,-11.890833854675293,-11.502401351928711,-11.039081573486328,-10.346388816833496,-10.54843807220459,-10.957931518554688,-11.294721603393555,-11.358099937438965,-10.898054122924805,-9.774978637695312,-7.346269607543945,-5.887002944946289,-10.3988037109375,-11.558815002441406,-9.732969284057617,-9.546319961547852,-11.04117488861084,-8.548223495483398,-5.513828754425049,-10.414715766906738,-15.175888061523438,-12.44594955444336,-9.954852104187012,-9.797772407531738,-10.904573440551758,-10.017294883728027,-8.586721420288086,-6.851541519165039,-5.854090690612793,-7.185690879821777,-8.590421676635742,-6.358264923095703,-4.344095706939697,-2.4038093090057373,-4.571351528167725,-11.128689765930176,-9.134312629699707,-8.000038146972656
-12.66030216217041,-12.744492530822754,-12.87963581085205,-12.927814483642578,-12.374300956726074,-11.932178497314453,-12.052068710327148,-11.66125774383545,-10.745267868041992,-9.399773597717285,-8.807221412658691,-9.811347961425781,-11.029248237609863,-10.530299186706543,-10.34312915802002,-9.885087013244629,-10.257490158081055,-12.527817726135254,-12.107951164245605,-9.909917831420898,-9.849485397338867,-8.670012474060059,-6.654163837432861,-8.642180442810059,-13.264790534973145,-13.75908088684082,-10.603615760803223,-10.541789054870605,-11.703524589538574,-11.446080207824707,-10.410594940185547,-8.847932815551758,-5.1904826164245605,-3.4627182483673096,-7.00532341003418,-8.783215522766113,-6.329936981201172,-6.222624778747559,-6.48412561416626,-7.352292060852051,-8.92396354675293,-9.447492599487305,-8.479859352111816
-12.242762565612793,-12.271134376525879,-12.030393600463867,-12.137304306030273,-12.884149551391602,-12.151015281677246,-12.034354209899902,-11.827296257019043,-11.120388984680176,-8.70790958404541,-7.076822280883789,-10.720813751220703,-11.729358673095703,-9.905128479003906,-10.435381889343262,-10.099180221557617,-7.039000988006592,-7.743805885314941,-11.094207763671875,-11.83923053741455,-9.565017700195312,-8.48231029510498,-8.448124885559082,-9.435368537902832,-11.87038516998291,-10.062981605529785,-7.688680171966553,-10.747570991516113,-13.212540626525879,-11.239799499511719,-10.310705184936523,-9.844927787780762,-8.36734390258789,-6.888649940490723,-5.732733726501465,-7.079398155212402,-9.516721725463867,-9.282693862915039,-7.811471939086914,-8.266789436340332,-9.621230125427246,-8.532225608825684,-7.968181133270264
