data/wind_data/wind_1_5.json
{"header": {"parameterUnit": "KT", "parameterCategory": 2, "nx": 256, "ny": 198, "lo1": 44.73521041870117, "la1": -3.236724853515625, "lo2": 111.26478576660156, "la2": 43.468475341796875, "dx": 0.2609002888202667, "dy": -0.23708222806453705, "refTime": "2025-02-19 01:00:00", "forecastTime": 0, "parameterNumber": 2, "parameterNumberName": "eastward_wind"}, "data":
[rows 95 to 113 of 198, columns 132 to 175 of 256]
29.690767288208008,29.724018096923828,29.982406616210938,30.543685913085938,30.85104751586914,30.333332061767578,30.380380630493164,31.604248046875,32.71628189086914,33.40934753417969,34.456783294677734,35.81824493408203,37.125205993652344,38.19609451293945,39.15031814575195,39.86872482299805,40.10786056518555,39.75639724731445,39.19672775268555,39.11737060546875,39.650367736816406,40.1827278137207,40.75232696533203,41.380653381347656,41.66828918457031,41.612449645996094,41.5013313293457,41.11265563964844,40.52511978149414,40.13715362548828,40.2034797668457,40.30677032470703,40.394325256347656,40.526859283447266,40.671913146972656,40.88933181762695,41.357791900634766,41.53883743286133,40.73086166381836,39.75733947753906,39.43989562988281,39.713375091552734,39.9485969543457,40.04170608520508
32.39727783203125,32.53621292114258,32.79423522949219,33.176998138427734,33.4527587890625,33.01498031616211,32.568504333496094,33.39545822143555,35.023155212402344,36.430511474609375,37.73455810546875,38.874698638916016,39.70881652832031,40.52396774291992,41.492366790771484,42.19081497192383,42.378013610839844,42.335792541503906,41.94679641723633,41.604209899902344,41.91069412231445,41.985538482666016,41.58406066894531,41.79265213012695,42.34526443481445,42.64694595336914,42.9940071105957,42.90559005737305,42.15016174316406,41.56557083129883,41.583133697509766,41.71773147583008,41.67733383178711,41.70326232910156,41.880516052246094,41.92852020263672,41.870426177978516,41.68391036987305,40.933509826660156,40.1260871887207,39.838863372802734,39.9477424621582,40.051815032958984,40.13623046875
34.454837799072266,35.09638977050781,36.15517807006836,36.973567962646484,36.99869918823242,36.5587043762207,36.449100494384766,37.27366256713867,38.756595611572266,40.11945343017578,41.29022979736328,42.19423294067383,42.78799819946289,43.31144714355469,43.90746307373047,44.396724700927734,44.59153366088867,44.59245300292969,44.55722427368164,44.45242691040039,44.386688232421875,44.07658004760742,43.28605651855469,42.597938537597656,42.589996337890625,43.17591094970703,44.11567687988281,44.64218521118164,44.413570404052734,43.431114196777344,42.3947639465332,41.71074295043945,41.399776458740234,41.47462844848633,41.983829498291016,42.17618942260742,41.85386657714844,41.52670669555664,41.19131851196289,40.47244644165039,39.898990631103516,40.014183044433594,40.30354690551758,40.29627227783203
35.9219856262207,36.589439392089844,38.15885543823242,39.89078140258789,40.617591857910156,40.253021240234375,40.01990509033203,40.898921966552734,42.449501037597656,43.51850128173828,43.851402282714844,44.277137756347656,44.84556579589844,45.378604888916016,45.65305709838867,45.8424072265625,46.237083435058594,46.478309631347656,46.451961517333984,46.310482025146484,45.973854064941406,45.35457229614258,44.83555603027344,44.38599395751953,44.1806526184082,44.19337844848633,44.48328399658203,44.4775276184082,44.45189666748047,43.77132797241211,42.78506088256836,41.843502044677734,41.06428146362305,40.382110595703125,40.1096305847168,40.15639114379883,40.21698760986328,40.334774017333984,40.58531188964844,40.50676345825195,40.005699157714844,39.825233459472656,40.18742752075195,40.498558044433594
38.00233459472656,38.71538543701172,39.717811584472656,41.080711364746094,42.243228912353516,42.51683807373047,42.61228561401367,43.190101623535156,43.93116760253906,44.37459182739258,44.33272933959961,44.52598190307617,45.06644058227539,45.637359619140625,45.94618225097656,46.17401885986328,46.4046630859375,46.43056106567383,46.20972442626953,46.16368103027344,46.39772415161133,46.17351150512695,45.48634338378906,44.89044189453125,44.519710540771484,43.94021224975586,43.375431060791016,42.67192077636719,42.46884536743164,42.96821594238281,43.68705368041992,43.75238800048828,41.92889404296875,39.37980651855469,38.24475860595703,38.578670501708984,38.95504379272461,38.58787155151367,38.55337142944336,39.20732879638672,39.60055923461914,39.5902214050293,39.802642822265625,40.47173309326172
40.942039489746094,41.68171310424805,42.26331329345703,42.94084167480469,43.74311065673828,43.855098724365234,43.67150115966797,43.81996154785156,43.69345474243164,43.48328399658203,43.439640045166016,43.573951721191406,43.99320602416992,44.78895568847656,45.63005447387695,46.1022834777832,45.99518966674805,45.617530822753906,45.157958984375,44.723358154296875,44.70134735107422,44.81816482543945,44.31641387939453,43.200077056884766,42.085426330566406,41.559505462646484,41.493892669677734,41.65765380859375,42.274898529052734,43.25081253051758,44.648658752441406,45.34292221069336,42.98690414428711,39.794029235839844,39.11054992675781,39.96382141113281,40.014896392822266,38.446937561035156,36.958648681640625,37.28425598144531,38.459774017333984,38.87409591674805,38.58504104614258,38.6557731628418
44.80323791503906,45.4794921875,45.56659698486328,45.47303771972656,45.3868293762207,44.72470474243164,43.58909225463867,42.752723693847656,41.9967155456543,41.5740966796875,41.84693908691406,42.420501708984375,43.22433853149414,44.36370086669922,45.152305603027344,45.10244369506836,44.68470001220703,44.112144470214844,43.26313781738281,42.171138763427734,41.4834098815918,41.57063293457031,41.850162506103516,41.338584899902344,40.19182205200195,40.07490158081055,41.23688507080078,42.78909683227539,43.657142639160156,44.250099182128906,44.81952667236328,44.390045166015625,42.521968841552734,41.25040054321289,41.659950256347656,42.394412994384766,42.09307098388672,40.65279006958008,38.5178337097168,37.06258773803711,36.95658874511719,37.37656784057617,37.51141357421875,37.76041793823242
46.7187385559082,47.41631317138672,47.28079605102539,46.281761169433594,44.85382080078125,43.23524856567383,41.74470520019531,40.68574142456055,40.17828369140625,40.06229019165039,40.39407730102539,41.17406463623047,42.00755310058594,42.795997619628906,43.09299087524414,42.742462158203125,42.330570220947266,41.96035385131836,41.388816833496094,40.52443313598633,39.913063049316406,40.2938117980957,41.384647369384766,41.93512725830078,41.58161163330078,41.31062698364258,42.084747314453125,43.26810073852539,43.41511154174805,43.280513763427734,43.241641998291016,42.506736755371094,42.145538330078125,43.010284423828125,43.86579132080078,43.6041145324707,42.99848937988281,42.784034729003906,41.74504470825195,39.220863342285156,36.822025299072266,35.70470428466797,35.99182891845703,36.77322006225586
45.77709197998047,45.880340576171875,44.97346115112305,43.03749465942383,40.88169479370117,39.1605110168457,38.32317352294922,38.215328216552734,38.3806037902832,38.41024398803711,38.490028381347656,38.94136047363281,39.51168441772461,39.7725944519043,39.73996353149414,39.607913970947266,39.77888870239258,40.337833404541016,40.767578125,40.883148193359375,40.8446044921875,41.22657775878906,42.47348403930664,43.87860870361328,43.9775390625,42.743717193603516,41.99205780029297,42.16345977783203,42.21383285522461,41.82276153564453,41.46630859375,41.6116828918457,42.82574462890625,44.48027420043945,45.08437728881836,44.654781341552734,43.838565826416016,42.822750091552734,41.298011779785156,39.0723991394043,36.66733932495117,34.65114212036133,33.511104583740234,33.83405685424805
42.16215133666992,41.513710021972656,39.78784942626953,37.56515121459961,35.89759063720703,35.147804260253906,35.18776321411133,35.45009994506836,35.49571228027344,35.51074981689453,35.79884719848633,36.27561569213867,36.60989761352539,36.647674560546875,36.74181365966797,37.125736236572266,38.01805877685547,39.55455017089844,41.15951919555664,42.13224792480469,42.163673400878906,41.81143569946289,42.13124465942383,43.05032730102539,43.44240188598633,42.91056442260742,42.02035140991211,41.52118682861328,41.23808670043945,40.761417388916016,40.871726989746094,42.07625198364258,43.483219146728516,44.280357360839844,44.72969055175781,45.33517837524414,45.062347412109375,42.788787841796875,40.06180191040039,37.901493072509766,35.620059967041016,33.87870407104492,33.32676696777344,33.90574645996094
36.994728088378906,36.0117073059082,34.6805419921875,33.2398681640625,32.395172119140625,32.286983489990234,32.53761291503906,32.56841278076172,32.446067810058594,32.93158721923828,33.86838912963867,34.6842041015625,34.953311920166016,34.70831298828125,34.84833526611328,35.74720764160156,36.93104553222656,38.111106872558594,39.61282730102539,41.07038116455078,41.51040267944336,41.16616439819336,41.179908752441406,41.54813003540039,41.91621398925781,42.31332778930664,42.37385177612305,41.74261474609375,40.89334487915039,40.57920837402344,40.999298095703125,41.724422454833984,42.357200622558594,42.99125289916992,43.721282958984375,44.38823318481445,44.484500885009766,43.43430709838867,41.219017028808594,38.39934158325195,36.190948486328125,35.36859893798828,35.07283401489258,34.707847595214844
33.5725212097168,32.605064392089844,31.540552139282227,30.737262725830078,30.298480987548828,30.124853134155273,30.466999053955078,30.827194213867188,30.95145606994629,31.447175979614258,32.287681579589844,33.1965446472168,33.72098922729492,33.766876220703125,34.05956268310547,34.92009735107422,35.5834846496582,35.902854919433594,36.5911979675293,37.688289642333984,38.58980941772461,39.09181594848633,39.4912109375,39.72726058959961,39.99208450317383,40.16250228881836,40.483970642089844,40.77127456665039,40.956729888916016,41.161346435546875,41.463035583496094,41.719093322753906,41.91708755493164,42.214115142822266,42.84212875366211,43.54863357543945,44.07331848144531,44.42087936401367,43.998897552490234,42.101192474365234,39.120384216308594,36.20711898803711,34.16026306152344,32.881439208984375
30.60930633544922,29.621994018554688,29.087512969970703,29.31032943725586,29.517513275146484,29.371673583984375,29.81167221069336,30.39486312866211,30.39331817626953,30.575180053710938,31.203250885009766,31.928394317626953,32.51541519165039,32.82741928100586,33.05335235595703,33.545467376708984,33.89457321166992,33.889339447021484,34.24911880493164,35.18860626220703,36.03472137451172,36.58499526977539,36.98219299316406,37.305931091308594,37.703269958496094,37.7797737121582,38.0557746887207,39.09281539916992,40.22091293334961,40.95215606689453,41.493896484375,41.902061462402344,42.1241455078125,42.467872619628906,43.09480667114258,43.902992248535156,44.609947204589844,45.14218521118164,45.20786666870117,44.290218353271484,42.245849609375,39.23619842529297,35.801246643066406,32.813167572021484
28.896484375,29.047569274902344,29.06745719909668,29.412973403930664,29.836591720581055,29.991079330444336,30.468034744262695,30.85986328125,30.758371353149414,30.82807159423828,31.326635360717773,32.18034744262695,32.98225021362305,33.200992584228516,33.02214431762695,32.906410217285156,32.796051025390625,32.515865325927734,32.555233001708984,33.089542388916016,33.5697021484375,33.885345458984375,34.3290901184082,35.04775619506836,35.89490509033203,36.258949279785156,36.488243103027344,37.460601806640625,38.77684020996094,39.870365142822266,40.735530853271484,41.51759719848633,42.28766632080078,42.687660217285156,42.66413497924805,42.94561004638672,43.84978103637695,44.91749572753906,45.49259567260742,45.19441604614258,43.917457580566406,41.7170524597168,38.13058853149414,33.73350143432617
29.703327178955078,30.359180450439453,30.425453186035156,30.48772621154785,30.87492561340332,30.981367111206055,30.63536834716797,30.4658145904541,31.015546798706055,31.901620864868164,32.475547790527344,32.76882553100586,33.10805892944336,33.14550018310547,32.786537170410156,32.358001708984375,32.20745086669922,31.82302474975586,31.373977661132812,31.500598907470703,31.9088077545166,32.18913650512695,32.53801345825195,33.22732162475586,34.31565856933594,35.39046096801758,35.98221969604492,36.09247970581055,36.12852096557617,36.712764739990234,37.68806838989258,38.71515655517578,39.79206466674805,40.532676696777344,40.49365997314453,40.60227966308594,41.77559280395508,43.549190521240234,44.7407112121582,44.854209899902344,43.93681716918945,42.20360565185547,39.34104537963867,35.10218048095703
28.511226654052734,29.771818161010742,30.330322265625,30.28530502319336,30.38559913635254,30.411277770996094,30.106229782104492,30.072917938232422,30.761533737182617,31.800107955932617,32.54888916015625,32.874759674072266,32.812965393066406,32.2759895324707,31.43596839904785,30.895448684692383,30.736297607421875,30.472820281982422,30.310138702392578,30.62555694580078,31.126489639282227,31.244415283203125,31.418684005737305,32.121864318847656,33.18533706665039,34.346439361572266,34.954402923583984,34.505619049072266,33.78172302246094,34.09462356567383,35.18158721923828,36.30439376831055,37.18064498901367,38.107696533203125,38.85436248779297,39.06797409057617,39.41048049926758,40.584007263183594,42.146175384521484,43.0594596862793,42.637210845947266,41.43290328979492,39.96005630493164,37.70398712158203
27.556163787841797,28.59660530090332,29.327350616455078,29.085559844970703,28.750967025756836,28.875816345214844,29.255952835083008,29.71684455871582,30.046138763427734,30.286252975463867,30.689279556274414,31.304018020629883,31.645647048950195,31.358657836914062,30.45000648498535,29.563627243041992,29.186233520507812,29.85611915588379,31.33176612854004,32.3390007019043,31.90304183959961,30.506542205810547,29.830183029174805,30.64016342163086,32.00749969482422,32.85261535644531,32.875186920166016,32.578426361083984,32.7584114074707,33.617740631103516,34.7982063293457,36.03641128540039,36.98154067993164,37.53852462768555,38.135536193847656,38.75562286376953,39.15680694580078,39.65557861328125,40.657379150390625,41.793819427490234,42.40142059326172,42.31874084472656,41.748348236083984,40.455726623535156
29.55702018737793,29.089927673339844,29.00136947631836,28.679147720336914,27.947200775146484,27.423507690429688,27.580175399780273,28.03373146057129,28.439014434814453,29.12934684753418,30.255023956298828,31.26166343688965,31.54916000366211,31.08729362487793,30.61854362487793,30.470802307128906,30.686168670654297,31.441818237304688,32.36077880859375,32.749664306640625,31.946369171142578,30.89344596862793,30.171327590942383,29.513208389282227,29.119871139526367,29.394567489624023,30.274831771850586,31.561002731323242,33.11704635620117,34.84457015991211,36.42005157470703,37.46738815307617,37.962955474853516,38.189666748046875,38.462860107421875,39.223899841308594,40.215797424316406,40.66246032714844,40.617862701416016,40.66585159301758,40.970211029052734,41.51250457763672,41.99374008178711,41.847015380859375
31.257169723510742,30.39635467529297,29.587894439697266,29.184215545654297,28.840267181396484,28.412614822387695,28.264192581176758,28.445945739746094,29.10630989074707,30.25179100036621,31.4024658203125,31.958995819091797,31.762224197387695,31.388708114624023,31.50895118713379,32.08973693847656,32.66504669189453,32.877601623535156,32.5634765625,31.82925796508789,30.93595314025879,29.991470336914062,29.193248748779297,28.773967742919922,28.888458251953125,29.36433219909668,30.51375961303711,32.59410858154297,34.973541259765625,36.88129806518555,38.11601638793945,38.82484436035156,39.31489944458008,39.994869232177734,40.67431640625,41.15000534057617,41.60771179199219,42.120365142822266,42.196773529052734,41.600364685058594,40.99742126464844,40.879432678222656,41.373538970947266,41.4046516418457
