data/wind_data/wind_40_6.json
{"header": {"parameterUnit": "KT", "parameterCategory": 2, "nx": 256, "ny": 198, "lo1": 44.73521041870117, "la1": -3.236724853515625, "lo2": 111.26478576660156, "la2": 43.468475341796875, "dx": 0.2609002888202667, "dy": -0.23708222806453705, "refTime": "2025-02-20 16:00:00", "forecastTime": 0, "parameterNumber": 2, "parameterNumberName": "eastward_wind"}, "data":
[rows 60 to 79 of 198, columns 0 to 44 of 256]
17.246501922607422,15.711430549621582,15.346821784973145,16.30487823486328,16.525592803955078,15.776263236999512,15.02954387664795,14.601173400878906,14.590452194213867,14.722288131713867,14.635045051574707,14.291548728942871,13.828432083129883,13.314410209655762,12.888862609863281,12.739315032958984,12.784314155578613,12.859435081481934,12.980608940124512,13.30037784576416,13.627934455871582,13.670117378234863,13.53416633605957,13.519587516784668,13.241859436035156,12.16903018951416,10.954747200012207,10.624288558959961,11.231955528259277,11.99593734741211,12.32795524597168,12.162537574768066,11.73668384552002,11.57719612121582,11.754593849182129,11.880593299865723,11.650032043457031,11.418693542480469,11.499982833862305,11.74885082244873,11.948866844177246,12.102109909057617,12.154119491577148,11.986811637878418,11.678675651550293
19.074312210083008,17.946380615234375,17.442485809326172,18.0933780670166,18.58321189880371,17.70645523071289,16.67131805419922,16.060344696044922,15.915212631225586,16.03945541381836,16.098840713500977,15.953289031982422,15.69740104675293,15.352672576904297,14.927589416503906,14.547892570495605,14.282855033874512,14.171677589416504,14.276040077209473,14.655513763427734,15.088255882263184,15.161005973815918,14.852246284484863,14.732542037963867,14.890666961669922,14.499372482299805,13.245660781860352,12.088115692138672,11.929031372070312,12.576276779174805,13.183775901794434,13.235791206359863,12.678116798400879,12.030272483825684,11.859087944030762,12.234293937683105,12.463468551635742,12.24023723602295,11.988592147827148,11.958385467529297,12.0858154296875,12.235909461975098,12.307147979736328,12.268010139465332,12.116991996765137
20.667688369750977,20.729101181030273,20.614748001098633,20.407800674438477,20.66330337524414,19.81112289428711,18.740636825561523,18.097200393676758,17.834421157836914,17.771377563476562,17.757219314575195,17.708019256591797,17.57390785217285,17.303001403808594,16.91942596435547,16.57651710510254,16.390268325805664,16.303234100341797,16.16350555419922,16.08272361755371,16.226964950561523,16.327882766723633,16.093524932861328,15.806038856506348,15.830028533935547,15.940107345581055,15.588038444519043,14.915380477905273,14.312295913696289,14.093259811401367,14.20131778717041,14.266572952270508,13.986708641052246,13.338177680969238,12.62493896484375,12.359643936157227,12.562931060791016,12.855701446533203,13.161484718322754,13.513920783996582,13.812320709228516,13.777825355529785,13.420565605163574,12.944604873657227,12.433430671691895
22.483001708984375,23.847684860229492,23.583786010742188,23.069393157958984,23.197399139404297,22.51725959777832,21.617891311645508,20.988527297973633,20.521425247192383,20.119333267211914,19.825828552246094,19.688243865966797,19.607389450073242,19.373605728149414,18.982349395751953,18.64010238647461,18.47848892211914,18.530071258544922,18.548158645629883,18.20161247253418,17.77717399597168,17.51450538635254,17.20513153076172,16.895700454711914,16.861434936523438,17.04290771484375,17.09699058532715,17.036766052246094,16.85108757019043,16.437602996826172,15.934174537658691,15.57839584350586,15.397330284118652,15.17833423614502,14.739792823791504,14.219095230102539,13.926482200622559,14.075469017028809,14.634700775146484,15.33749771118164,15.775612831115723,15.570272445678711,14.82677173614502,13.959134101867676,13.22874927520752
24.483394622802734,24.907346725463867,25.120948791503906,25.27718162536621,25.499399185180664,25.239646911621094,24.76944351196289,24.266948699951172,23.620847702026367,22.865421295166016,22.229928970336914,21.87698745727539,21.723323822021484,21.52834701538086,21.168874740600586,20.81470489501953,20.628318786621094,20.599061965942383,20.57905387878418,20.29412078857422,19.68990135192871,19.106521606445312,18.73009490966797,18.455514907836914,18.32463836669922,18.386056900024414,18.445362091064453,18.411865234375,18.324182510375977,18.140888214111328,17.79212760925293,17.354459762573242,17.045120239257812,16.95443344116211,16.958040237426758,16.94472885131836,16.90694236755371,16.917255401611328,17.0235595703125,17.150136947631836,17.11835479736328,16.746599197387695,16.00366973876953,15.052512168884277,14.185037612915039
26.06096839904785,27.929275512695312,27.459957122802734,27.15401268005371,27.308574676513672,27.41953468322754,27.379854202270508,27.065977096557617,26.38272476196289,25.497838973999023,24.719135284423828,24.246408462524414,24.02947998046875,23.881059646606445,23.60839080810547,23.219993591308594,22.886388778686523,22.64866065979004,22.470382690429688,22.260282516479492,21.841646194458008,21.21332359313965,20.590496063232422,20.125022888183594,19.879440307617188,19.8869686126709,20.000825881958008,19.977819442749023,19.805267333984375,19.56978416442871,19.31174659729004,18.992517471313477,18.664012908935547,18.534210205078125,18.679250717163086,18.940019607543945,19.112255096435547,19.03590202331543,18.616697311401367,17.989213943481445,17.44685173034668,17.177133560180664,17.013452529907227,16.666439056396484,16.05210304260254
27.26645278930664,28.88323402404785,28.341876983642578,27.756086349487305,27.8355655670166,28.09194564819336,28.290803909301758,28.25804328918457,27.854951858520508,27.189340591430664,26.495847702026367,26.086153030395508,26.01325225830078,26.041528701782227,25.89405059814453,25.484825134277344,24.9892520904541,24.59307861328125,24.343568801879883,24.151165008544922,23.86215591430664,23.42205810546875,22.831968307495117,22.155067443847656,21.592267990112305,21.390066146850586,21.4898624420166,21.569196701049805,21.51171875,21.402795791625977,21.264780044555664,21.012493133544922,20.635372161865234,20.298351287841797,20.186967849731445,20.377412796020508,20.68755531311035,20.71938133239746,20.16895866394043,19.192575454711914,18.361305236816406,18.106998443603516,18.28421401977539,18.443401336669922,18.319862365722656
28.677051544189453,29.182830810546875,28.674991607666016,27.55513572692871,27.6480655670166,28.321760177612305,28.661245346069336,28.663089752197266,28.479772567749023,28.155088424682617,27.714401245117188,27.40087890625,27.440439224243164,27.66354751586914,27.69875717163086,27.278820037841797,26.59969139099121,26.07997703552246,25.83558464050293,25.720129013061523,25.482227325439453,25.095256805419922,24.64500617980957,24.142230987548828,23.66097068786621,23.32563591003418,23.208005905151367,23.219778060913086,23.29120445251465,23.324647903442383,23.229990005493164,22.99314308166504,22.707395553588867,22.426246643066406,22.183162689208984,22.073745727539062,22.126060485839844,22.164274215698242,21.97919273376465,21.46393394470215,20.747909545898438,20.17753028869629,19.965003967285156,19.985876083374023,20.028518676757812
30.21367073059082,30.984586715698242,29.731603622436523,27.68681526184082,28.225088119506836,29.6021785736084,30.002119064331055,29.701032638549805,29.389944076538086,29.148784637451172,28.892120361328125,28.671342849731445,28.630388259887695,28.744522094726562,28.85729217529297,28.607255935668945,28.014312744140625,27.57282257080078,27.437179565429688,27.354660034179688,27.04515266418457,26.535459518432617,26.05013084411621,25.63610076904297,25.32118797302246,25.13962745666504,25.08506202697754,25.051197052001953,24.995107650756836,24.882465362548828,24.68277359008789,24.416057586669922,24.18691635131836,24.047449111938477,23.9459285736084,23.86992073059082,23.82402801513672,23.724449157714844,23.499771118164062,23.165924072265625,22.751663208007812,22.303491592407227,21.92203712463379,21.71490478515625,21.695276260375977
31.809083938598633,31.883264541625977,30.522274017333984,28.605228424072266,30.038259506225586,32.31606674194336,32.8825798034668,32.31052017211914,31.562931060791016,30.96084976196289,30.591211318969727,30.397972106933594,30.2052001953125,30.00252914428711,29.923154830932617,29.878293991088867,29.64638328552246,29.411041259765625,29.414339065551758,29.497127532958984,29.224515914916992,28.503265380859375,27.70431137084961,27.171266555786133,26.96025848388672,26.941307067871094,26.92755699157715,26.77599334716797,26.51152801513672,26.233585357666016,25.991056442260742,25.74333381652832,25.497516632080078,25.3302001953125,25.312463760375977,25.395479202270508,25.46550941467285,25.45205307006836,25.299665451049805,25.021183013916016,24.696557998657227,24.38129425048828,24.093708038330078,23.89590072631836,23.852909088134766
33.468833923339844,32.59054183959961,31.2855224609375,29.979717254638672,32.42918014526367,35.263614654541016,35.748085021972656,35.002872467041016,34.05733871459961,33.199398040771484,32.73030471801758,32.63270950317383,32.45990753173828,32.16802215576172,32.04475021362305,32.1241455078125,32.20893478393555,32.11309051513672,31.959360122680664,31.86664390563965,31.602149963378906,30.909435272216797,29.98881721496582,29.257265090942383,28.901988983154297,28.83721923828125,28.8957576751709,28.841079711914062,28.514726638793945,27.99815559387207,27.503028869628906,27.116365432739258,26.835601806640625,26.656822204589844,26.62812042236328,26.74052619934082,26.903514862060547,27.042057037353516,27.079843521118164,26.95955467224121,26.705459594726562,26.40606117248535,26.15215492248535,26.015901565551758,26.058502197265625
34.776947021484375,34.190364837646484,33.217124938964844,32.786075592041016,35.210350036621094,37.973209381103516,38.30804443359375,37.22857666015625,36.15055465698242,35.326499938964844,34.87107467651367,34.80167770385742,34.655059814453125,34.3916130065918,34.214351654052734,34.21615982055664,34.474246978759766,34.70994186401367,34.558563232421875,34.07969665527344,33.541812896728516,32.992279052734375,32.37619400024414,31.730554580688477,31.218595504760742,30.94752311706543,30.964439392089844,31.074974060058594,30.88591957092285,30.329626083374023,29.631088256835938,28.982744216918945,28.4918155670166,28.196041107177734,28.092885971069336,28.160144805908203,28.341712951660156,28.56850242614746,28.736984252929688,28.76947784423828,28.616308212280273,28.325998306274414,28.03864288330078,27.890378952026367,27.93600845336914
35.95174789428711,36.611141204833984,36.540428161621094,37.12914276123047,38.2356071472168,40.057342529296875,40.3957405090332,39.30038833618164,37.98601150512695,37.0665168762207,36.64370346069336,36.47837829589844,36.0906867980957,35.65470886230469,35.430809020996094,35.30200958251953,35.43482971191406,35.85633850097656,36.06703186035156,35.76218032836914,35.145111083984375,34.5465087890625,34.11014175415039,33.74699783325195,33.32205581665039,32.89811706542969,32.7580680847168,32.864891052246094,32.82379150390625,32.462890625,31.89383888244629,31.253625869750977,30.690492630004883,30.272504806518555,30.00692367553711,29.90535545349121,29.966598510742188,30.145723342895508,30.349796295166016,30.47963523864746,30.448606491088867,30.245460510253906,30.003019332885742,29.857593536376953,29.86067771911621
37.820552825927734,40.30516052246094,40.2981071472168,40.013458251953125,39.43675994873047,40.4058723449707,40.91735076904297,40.33616256713867,39.431724548339844,38.58306884765625,37.88035202026367,37.3974723815918,36.86666488647461,36.389488220214844,36.150238037109375,35.783424377441406,35.528419494628906,35.781124114990234,36.19175720214844,36.268211364746094,36.04545974731445,35.7700080871582,35.557701110839844,35.372764587402344,35.093719482421875,34.74283218383789,34.493324279785156,34.358543395996094,34.216548919677734,34.009971618652344,33.727264404296875,33.355201721191406,32.995243072509766,32.663604736328125,32.36577224731445,32.1187858581543,31.9676456451416,31.95374298095703,32.039024353027344,32.13361358642578,32.124481201171875,32.009033203125,31.894498825073242,31.862110137939453,31.909982681274414
40.20982360839844,42.38907241821289,42.300537109375,40.93336486816406,39.13860321044922,40.07221221923828,41.1163215637207,40.83543395996094,40.23918914794922,39.853858947753906,39.31606674194336,38.513648986816406,37.48666763305664,36.67256546020508,36.5627326965332,36.36652755737305,35.85594940185547,35.8015251159668,36.12431716918945,36.365440368652344,36.40451431274414,36.32365036010742,36.26756286621094,36.334495544433594,36.43846893310547,36.497074127197266,36.519004821777344,36.43010711669922,36.1187744140625,35.6982421875,35.39684295654297,35.243778228759766,35.187355041503906,35.08180618286133,34.842525482177734,34.50306701660156,34.19583511352539,34.011417388916016,33.94584274291992,33.93830871582031,33.9062614440918,33.8521728515625,33.83855056762695,33.898712158203125,33.98503494262695
43.15402603149414,44.74876022338867,44.143768310546875,42.459861755371094,40.21516799926758,41.13959503173828,42.719383239746094,42.72581481933594,41.965755462646484,41.41987228393555,41.01325225830078,40.3216552734375,39.20354080200195,37.73710250854492,37.297855377197266,37.28464126586914,36.75362014770508,36.569515228271484,36.871910095214844,37.194114685058594,37.422019958496094,37.42347717285156,37.28477096557617,37.287471771240234,37.43230056762695,37.62568283081055,37.90638732910156,38.20757293701172,38.232215881347656,37.92972946166992,37.57627868652344,37.39494323730469,37.39909744262695,37.40201950073242,37.23469924926758,36.89278793334961,36.52815246582031,36.268672943115234,36.12274932861328,36.046627044677734,35.975589752197266,35.92593002319336,35.94781494140625,36.04679489135742,36.11227035522461
46.49484634399414,46.65755844116211,45.76308059692383,44.27083206176758,42.5039176940918,42.938297271728516,44.527503967285156,44.96660614013672,44.43009948730469,43.599857330322266,42.87944030761719,42.174320220947266,41.492576599121094,39.98103713989258,38.74476623535156,38.844322204589844,38.604026794433594,38.070587158203125,38.16726303100586,38.498680114746094,38.620887756347656,38.51339340209961,38.42364501953125,38.506595611572266,38.58378219604492,38.55670166015625,38.6378173828125,38.98248291015625,39.37470245361328,39.604190826416016,39.68490982055664,39.69618606567383,39.672542572021484,39.55356979370117,39.28832244873047,38.92763137817383,38.64317321777344,38.46363067626953,38.34022903442383,38.23302459716797,38.120174407958984,38.019317626953125,37.98484802246094,38.03571319580078,38.06789779663086
49.32707595825195,49.10142135620117,48.05257034301758,46.58955764770508,45.45355987548828,45.61574935913086,46.571136474609375,46.921775817871094,46.73414611816406,46.19377517700195,45.41238784790039,44.651885986328125,44.15456771850586,43.067115783691406,40.687957763671875,40.193138122558594,40.741947174072266,40.410091400146484,40.231998443603516,40.44194412231445,40.237579345703125,39.8056526184082,39.81365966796875,40.0836067199707,40.09748840332031,39.769439697265625,39.51064682006836,39.65805435180664,40.125850677490234,40.669273376464844,41.10740280151367,41.365386962890625,41.47962951660156,41.42266082763672,41.130393981933594,40.7735710144043,40.554439544677734,40.41307067871094,40.306495666503906,40.18000030517578,40.019344329833984,39.8625373840332,39.767539978027344,39.7344856262207,39.683658599853516
51.88667678833008,51.92556381225586,50.80378341674805,49.3011360168457,48.25937271118164,48.38574981689453,49.11367416381836,49.04023742675781,48.66023635864258,48.25653076171875,47.64440155029297,47.002662658691406,46.63009262084961,46.0215950012207,43.7569465637207,41.58949279785156,41.87449645996094,42.21449661254883,42.27418899536133,42.56705856323242,42.31431198120117,41.619972229003906,41.505252838134766,41.88589096069336,41.94181442260742,41.431297302246094,40.93564224243164,40.93518829345703,41.37430191040039,42.01039123535156,42.51710891723633,42.73975372314453,42.82516860961914,42.85344314575195,42.748191833496094,42.548789978027344,42.368099212646484,42.262298583984375,42.14619827270508,41.86656188964844,41.512290954589844,41.28129577636719,41.191837310791016,41.163902282714844,41.07023620605469
54.85103225708008,54.90339660644531,53.57976150512695,51.76777648925781,50.767452239990234,50.85959243774414,51.31044006347656,50.90660858154297,50.03338623046875,49.40930938720703,48.95649337768555,48.582176208496094,48.29925537109375,48.01045227050781,46.7537727355957,44.226806640625,43.101051330566406,43.16299819946289,43.36484146118164,44.02635192871094,44.24329376220703,43.71424865722656,43.401588439941406,43.66947555541992,43.801456451416016,43.310874938964844,42.741111755371094,42.68988800048828,43.07071304321289,43.65353775024414,44.11309814453125,44.29518127441406,44.390846252441406,44.46449279785156,44.41900634765625,44.24943542480469,44.085205078125,44.051448822021484,43.95458221435547,43.581058502197266,43.163475036621094,42.89554977416992,42.6938362121582,42.48106384277344,42.25580978393555
