data/wind_data/wind_38_9.json
{"header": {"parameterUnit": "KT", "parameterCategory": 2, "nx": 256, "ny": 198, "lo1": 44.73521041870117, "la1": -3.236724853515625, "lo2": 111.26478576660156, "la2": 43.468475341796875, "dx": 0.2609002888202667, "dy": -0.23708222806453705, "refTime": "2025-02-20 14:00:00", "forecastTime": 0, "parameterNumber": 2, "parameterNumberName": "eastward_wind"}, "data":
[rows 152 to 170 of 198, columns 172 to 214 of 256]
-0.2703864872455597,1.2224076986312866,4.114367961883545,5.540733337402344,4.142228126525879,1.4182113409042358,-0.8833470344543457,-1.4722567796707153,-0.39817479252815247,1.3007924556732178,2.300062656402588,1.2219111919403076,-1.1626032590866089,-2.4188554286956787,-1.8754723072052002,-0.17606112360954285,1.8734275102615356,3.645737886428833,4.728372573852539,5.22769021987915,5.2689127922058105,5.006887435913086,4.706710338592529,4.577646732330322,4.621138572692871,4.021586894989014,3.4130189418792725,3.8065080642700195,4.489983081817627,5.958597660064697,7.017468452453613,5.449167251586914,3.107546806335449,3.4071156978607178,5.262756824493408,6.881258964538574,6.979524612426758,6.155308723449707,6.4988112449646,8.456003189086914,10.004021644592285,10.761298179626465,10.076791763305664
-0.9815417528152466,0.7836007475852966,3.5295655727386475,4.95880126953125,3.6452412605285645,0.8047917485237122,-1.3664624691009521,-1.6566756963729858,-0.4914874732494354,0.9769317507743835,1.3853907585144043,0.22050033509731293,-1.4113584756851196,-2.092712879180908,-0.8968380689620972,1.4848252534866333,3.5654335021972656,4.314776420593262,4.526149749755859,4.6531782150268555,4.934413909912109,5.446237564086914,5.432722091674805,4.990087032318115,4.310515880584717,3.2473435401916504,2.465724468231201,2.4113399982452393,2.916480302810669,4.347705841064453,5.569128036499023,4.805469036102295,3.7227721214294434,4.536940574645996,6.175171852111816,7.044332027435303,7.261960029602051,7.436777591705322,8.681056022644043,10.337757110595703,10.582850456237793,9.648555755615234,6.756786346435547
-1.2998378276824951,0.50663161277771,2.8660895824432373,3.8300857543945312,2.64589262008667,0.8305459022521973,-0.8193050622940063,-1.3791571855545044,-0.706342339515686,0.2036561369895935,0.22484713792800903,-0.24921102821826935,-0.7327898144721985,-0.7468920350074768,0.9999771118164062,3.4232847690582275,3.809675693511963,2.717371940612793,2.483158588409424,3.5852482318878174,5.58778715133667,6.804821014404297,6.399359226226807,5.231840133666992,3.422733783721924,1.4933305978775024,0.641599178314209,1.0386344194412231,2.008808135986328,2.9683358669281006,3.164163112640381,3.053286075592041,3.757110118865967,5.204345703125,7.268749237060547,9.398069381713867,11.490610122680664,11.235045433044434,10.420768737792969,11.216092109680176,11.187173843383789,8.213703155517578,4.194935321807861
-0.6596612930297852,0.7221676707267761,1.6227401494979858,1.9471096992492676,1.9901245832443237,1.276951789855957,-0.2669106125831604,-0.6867944598197937,0.47069936990737915,0.7108667492866516,-0.08295387029647827,-0.6718958020210266,-0.6615832448005676,0.9345149993896484,3.401398181915283,3.6386513710021973,1.8088963031768799,1.241591453552246,2.1984527111053467,4.189251899719238,6.062072277069092,6.651907920837402,6.096831321716309,4.767815113067627,2.7903099060058594,0.9247867465019226,0.13474580645561218,0.5579369068145752,1.660232663154602,2.6196248531341553,2.878507614135742,3.197803258895874,4.667455196380615,6.452317237854004,8.294449806213379,10.226361274719238,12.851054191589355,13.799703598022461,12.453929901123047,11.940861701965332,10.193924903869629,5.243740081787109,1.8769817352294922
-0.37088167667388916,-0.32696351408958435,-0.3085213601589203,0.6118831634521484,1.9385823011398315,1.9925763607025146,1.1069896221160889,0.6784632205963135,0.9581458568572998,0.570453941822052,-0.44243666529655457,-0.7017883062362671,0.8279838562011719,3.2710394859313965,3.657881021499634,1.8654437065124512,1.0329147577285767,1.633231520652771,3.2763357162475586,5.2641072273254395,5.96923303604126,5.516648769378662,4.661102294921875,3.4291293621063232,1.8932124376296997,0.7075802087783813,0.3032646179199219,0.8646469116210938,1.987166404724121,2.8202507495880127,3.0196008682250977,3.3466036319732666,4.60803747177124,6.59362268447876,8.674687385559082,11.26875114440918,14.006393432617188,13.815286636352539,12.1642427444458,10.963741302490234,7.670041561126709,2.9321577548980713,1.0783520936965942
-2.5477564334869385,-1.7549042701721191,-0.23477616906166077,1.075790286064148,1.669197678565979,1.6693334579467773,1.7286186218261719,1.3070590496063232,0.7831672430038452,0.15839610993862152,-0.050226952880620956,1.1848417520523071,3.3284337520599365,3.5982227325439453,2.1843223571777344,1.6520929336547852,1.978181004524231,2.597266912460327,4.023990631103516,4.8797407150268555,4.315339088439941,3.4070162773132324,2.7355215549468994,2.2116870880126953,1.6144592761993408,1.2785414457321167,1.634292483329773,2.0845067501068115,2.2070820331573486,2.1034817695617676,2.1787824630737305,3.091905117034912,4.82526969909668,6.919508457183838,8.626540184020996,11.09127140045166,14.252105712890625,12.892631530761719,9.58980655670166,7.206623077392578,3.5157642364501953,1.2510511875152588,1.2116034030914307
-2.4548680782318115,-0.2993946969509125,0.6477259397506714,0.5179799199104309,0.2963491976261139,0.8244162797927856,1.6156562566757202,1.6251572370529175,0.8678509593009949,0.25789809226989746,1.4387788772583008,3.989103317260742,4.617495536804199,2.8811697959899902,1.769149661064148,2.1772968769073486,2.6231651306152344,3.3149421215057373,4.343373775482178,4.309834003448486,2.951023578643799,1.5923397541046143,1.250341773033142,1.5011177062988281,1.6735646724700928,1.8670306205749512,2.3693554401397705,2.865755319595337,2.8223421573638916,2.368027687072754,2.1223080158233643,2.686919689178467,4.428436756134033,6.624502658843994,8.448277473449707,10.978647232055664,13.430212020874023,10.429726600646973,6.158563613891602,3.8876962661743164,0.9508316516876221,0.2618410587310791,0.5473889112472534
-1.057858943939209,0.0985218808054924,0.08812996000051498,-0.2752251625061035,0.07713273912668228,1.4511317014694214,2.6096081733703613,2.343778610229492,1.2710188627243042,1.1197223663330078,3.3901987075805664,5.989330768585205,5.042712688446045,2.792438507080078,2.4132862091064453,2.798043966293335,3.309612274169922,4.1194305419921875,4.90592622756958,4.578037738800049,3.145564317703247,1.792005181312561,1.315046787261963,1.5078098773956299,2.016266107559204,2.729625940322876,3.518721103668213,4.000331401824951,3.84991455078125,3.1777210235595703,2.4683139324188232,2.4489905834198,3.4742016792297363,5.509758949279785,7.999108791351318,10.569271087646484,12.023307800292969,9.125282287597656,4.791773796081543,2.1365244388580322,0.0443664975464344,-0.24211107194423676,0.07429827004671097
0.1446625143289566,0.2713499367237091,0.4039567708969116,0.7983922958374023,1.3389288187026978,2.253420352935791,2.9486494064331055,2.7892608642578125,2.4776268005371094,3.3130335807800293,5.206552505493164,5.797786235809326,4.611084938049316,3.955765962600708,4.152191162109375,3.966310501098633,4.042089462280273,4.622841835021973,5.085048675537109,4.846677780151367,3.9846017360687256,2.9821372032165527,2.272937536239624,2.3199856281280518,3.25055193901062,4.317441463470459,4.877318859100342,4.774028301239014,4.241260528564453,3.8805627822875977,3.8800995349884033,4.092974662780762,4.574245929718018,5.813046455383301,8.258728981018066,10.281976699829102,10.439087867736816,8.955352783203125,5.571408748626709,2.1696531772613525,0.09964724630117416,-0.28827965259552,1.1145081520080566
2.1298272609710693,1.7974039316177368,1.0389561653137207,0.9148119688034058,1.6581995487213135,2.886998414993286,3.3451015949249268,3.1647114753723145,3.886800527572632,5.1800642013549805,5.822096347808838,5.071974754333496,4.854334831237793,5.435235023498535,5.387423038482666,4.592299461364746,4.054040431976318,4.257741928100586,4.630268573760986,4.745070457458496,4.408975124359131,3.534280776977539,2.82739520072937,2.9082930088043213,3.944369316101074,5.203454971313477,5.659300327301025,5.201725482940674,4.507513046264648,4.324560642242432,4.645968437194824,5.081126689910889,5.6369428634643555,6.897657871246338,8.727507591247559,9.643287658691406,9.576123237609863,8.442181587219238,5.247188091278076,1.8244386911392212,0.0647381916642189,0.04237421229481697,2.343407392501831
4.1399006843566895,2.371446371078491,0.7489578127861023,0.9192394614219666,3.1298182010650635,4.98394250869751,4.3092522621154785,3.430422067642212,4.270191192626953,5.378617286682129,5.429652214050293,5.17290735244751,6.134232521057129,6.286796569824219,5.252629280090332,4.458802223205566,4.096716403961182,3.9563722610473633,4.1073994636535645,4.3673481941223145,4.2965264320373535,3.5105583667755127,2.648428201675415,2.651945114135742,3.606443405151367,4.595546722412109,4.952479362487793,4.907155513763428,4.8197503089904785,4.806351661682129,5.035881519317627,5.359118461608887,5.900815010070801,7.113354206085205,8.333786964416504,8.420675277709961,7.57755184173584,6.1147613525390625,3.793137788772583,1.5082623958587646,0.6375488042831421,1.173812747001648,3.0033016204833984
3.7313284873962402,1.5387799739837646,1.1583548784255981,3.3671798706054688,6.286110877990723,6.678517818450928,4.679471492767334,3.397244691848755,3.9644649028778076,5.133500576019287,5.739789962768555,6.2905073165893555,7.114727973937988,6.626395225524902,5.135285377502441,4.108806610107422,3.8867545127868652,3.7440264225006104,3.5499672889709473,3.5247645378112793,3.6856741905212402,3.7914037704467773,3.215223550796509,2.323107957839966,2.2661495208740234,2.844489336013794,3.4922068119049072,4.134464740753174,4.902092456817627,5.4429707527160645,5.696431636810303,6.100100040435791,6.86996603012085,7.652652740478516,7.83838415145874,6.873550891876221,4.988877296447754,3.757888078689575,3.4438984394073486,2.933182954788208,2.095764398574829,2.704771041870117,4.571353435516357
2.975578546524048,1.0521084070205688,2.791353225708008,6.258631706237793,7.866965293884277,7.037494659423828,5.1012282371521,3.545884132385254,3.7884130477905273,5.399503231048584,7.0208635330200195,7.566096782684326,7.296175956726074,6.412538051605225,5.033562660217285,3.8649117946624756,3.530885934829712,3.6000776290893555,3.5121021270751953,3.2474656105041504,3.1755287647247314,3.5374693870544434,3.4109086990356445,2.421720504760742,1.8278435468673706,2.1028223037719727,2.70159649848938,3.49855637550354,4.537082195281982,5.485889911651611,6.231057167053223,7.127105236053467,8.063631057739258,8.368255615234375,7.442598342895508,5.09653377532959,2.77571439743042,2.0577287673950195,3.0564048290252686,3.999819040298462,3.992547035217285,5.172362804412842,7.350432872772217
1.906668782234192,2.1795642375946045,5.154132843017578,7.407761573791504,7.456281661987305,6.861223220825195,5.513208389282227,4.042514324188232,4.163154125213623,5.836910247802734,7.717119216918945,8.073875427246094,7.195878028869629,5.918447494506836,4.387793064117432,3.300400972366333,3.152980089187622,3.5662076473236084,4.074802398681641,4.340539455413818,4.239573001861572,3.7593703269958496,3.026052951812744,2.3214974403381348,1.8054386377334595,1.8375147581100464,2.225224018096924,2.9712588787078857,3.910102128982544,4.739300727844238,5.731462478637695,7.220754146575928,8.399188995361328,8.071521759033203,6.086550712585449,3.5315449237823486,1.5091534852981567,1.0909359455108643,2.7283718585968018,4.8575053215026855,6.3174614906311035,7.568360328674316,8.380788803100586
2.3268284797668457,4.298397064208984,6.6807780265808105,7.1989665031433105,6.789590358734131,6.583214282989502,5.561452388763428,4.390797138214111,4.761899471282959,6.4623517990112305,7.853519439697266,7.710872650146484,6.836273670196533,5.881717205047607,4.321743488311768,2.829174041748047,2.476465940475464,3.154127359390259,4.333935737609863,5.393126487731934,5.6157917976379395,4.663131237030029,3.292097806930542,2.1765501499176025,1.4309419393539429,1.1890044212341309,1.3636281490325928,2.0249476432800293,2.817514419555664,3.4000802040100098,4.481780529022217,6.018415927886963,6.991287708282471,6.588380813598633,5.237442970275879,3.6809120178222656,1.8566921949386597,1.1312446594238281,2.64361572265625,5.338240623474121,7.609402179718018,8.16370964050293,7.585567474365234
3.4425649642944336,5.957983016967773,7.990938186645508,7.42112398147583,6.609257221221924,6.60966682434082,5.9378342628479,5.187560081481934,5.850639820098877,7.243150234222412,7.84226131439209,7.535088539123535,7.060752868652344,6.089742183685303,4.357547283172607,3.035632610321045,2.7175028324127197,3.236624002456665,4.374540328979492,5.676092147827148,6.362528324127197,5.663166522979736,4.249587059020996,2.771470546722412,1.564911961555481,0.8967962861061096,0.8884416818618774,1.3055974245071411,1.861253261566162,2.5246529579162598,3.4095752239227295,3.935209274291992,4.242996692657471,4.672399044036865,5.279306888580322,5.387506484985352,3.863196611404419,2.7999470233917236,3.7787652015686035,5.150862216949463,6.259654998779297,6.783016204833984,7.044401168823242
4.561407089233398,7.384335517883301,8.900105476379395,7.864959239959717,7.322404861450195,7.869629859924316,7.62800407409668,6.723031044006348,6.843581199645996,7.549844741821289,7.886629104614258,8.043901443481445,7.937680721282959,6.48979377746582,4.339028358459473,3.150735855102539,3.0070650577545166,3.562117099761963,4.733860015869141,6.118344306945801,6.941058158874512,6.534709930419922,5.117737293243408,3.4792256355285645,2.1575605869293213,1.6583383083343506,2.035609006881714,2.5329904556274414,2.7996292114257812,2.674386978149414,2.2905452251434326,2.0365045070648193,2.4432759284973145,3.612588882446289,5.226025104522705,6.324765205383301,5.506128787994385,4.708451271057129,5.288952827453613,5.631192207336426,5.26386833190918,5.558753967285156,6.857443809509277
5.156524181365967,8.776747703552246,9.715632438659668,8.655738830566406,8.172353744506836,9.067863464355469,9.49735164642334,8.484596252441406,7.3705549240112305,7.281219005584717,7.971893310546875,8.93634033203125,9.213888168334961,7.61951208114624,4.9819488525390625,3.3413734436035156,3.0976052284240723,3.738771915435791,5.302226543426514,6.901741981506348,7.660350322723389,7.290959358215332,5.605391979217529,3.6037042140960693,2.485485792160034,2.6466526985168457,3.5498509407043457,4.065756797790527,4.090808868408203,2.830845832824707,0.9509361982345581,0.8944535255432129,2.3063807487487793,3.769096612930298,5.356139183044434,6.677913188934326,6.264166831970215,5.557235240936279,5.980836868286133,6.419294357299805,6.144598484039307,6.0367279052734375,7.215272426605225
4.66708517074585,9.08621597290039,10.189960479736328,9.139130592346191,8.8020658493042,9.545525550842285,10.521020889282227,10.223892211914062,8.57562255859375,7.399991512298584,7.82679557800293,9.195042610168457,9.863207817077637,8.829893112182617,6.551090240478516,4.430853843688965,3.6949493885040283,4.47003173828125,6.104509353637695,7.568215847015381,8.270299911499023,7.838912487030029,5.988714218139648,3.6288721561431885,2.52436900138855,3.4125852584838867,4.8701605796813965,4.760705947875977,4.0234375,2.500836133956909,0.6617607474327087,0.40668562054634094,1.5549957752227783,2.9423513412475586,5.153359413146973,7.252936363220215,7.353748321533203,6.571280002593994,6.642919063568115,7.026885986328125,6.779143810272217,6.430815696716309,7.2258405685424805
