data/wind_data/wind_Surface_10.json
{"header": {"parameterUnit": "KT", "parameterCategory": 2, "nx": 255, "ny": 198, "lo1": 44.73521041870117, "la1": -3.236724853515625, "lo2": 111.26478576660156, "la2": 43.468475341796875, "dx": 0.26192745566368103, "dy": -0.23708222806453705, "refTime": "2025-02-19 10:00:00", "forecastTime": 0, "parameterNumber": 3, "parameterNumberName": "northward_wind"}, "data":
[rows 152 to 170 of 198, columns 129 to 171 of 255]
2.8699517250061035,3.526798963546753,1.4020557403564453,-0.6572228074073792,-1.1518311500549316,-0.22893953323364258,-0.39910009503364563,-1.9383822679519653,-4.104217529296875,-5.009908676147461,-4.805386543273926,-4.270719528198242,-3.6429381370544434,-3.7056636810302734,-4.043285369873047,-3.3148458003997803,-2.5965027809143066,-2.0563297271728516,-0.6631312966346741,1.0914011001586914,2.0851006507873535,2.940713405609131,1.7456120252609253,1.6545051336288452,4.58549165725708,4.232662200927734,3.2732763290405273,1.2058242559432983,-2.943686008453369,-4.230203628540039,-2.6478724479675293,-1.705453634262085,-1.8332961797714233,-2.155146837234497,-2.7590394020080566,-3.5643908977508545,-4.696262836456299,-5.8486504554748535,-7.347321033477783,-8.910045623779297,-10.61842155456543,-11.828624725341797,-12.040081024169922
6.419869422912598,4.655254364013672,3.5015947818756104,4.508396625518799,4.417818546295166,3.268077850341797,1.5143746137619019,0.7251933813095093,0.07669025659561157,-0.12233709543943405,-0.3801758587360382,-1.03764009475708,-1.893410563468933,-2.781346082687378,-2.832507848739624,-2.5071070194244385,-2.243473529815674,-2.1806931495666504,-1.6679073572158813,-3.044462203979492,-2.7636640071868896,0.009914117865264416,-1.2273216247558594,-2.022090435028076,1.505544662475586,5.727202415466309,4.436679840087891,-0.2967429459095001,-1.4255785942077637,-0.9160457849502563,-0.5806571841239929,-0.5545311570167542,-0.951561450958252,-2.176513910293579,-4.053999900817871,-5.7074456214904785,-7.2758870124816895,-8.836918830871582,-10.462309837341309,-11.658553123474121,-12.319750785827637,-11.968194961547852,-10.880023002624512
6.932795524597168,5.774824619293213,4.831964492797852,5.101441383361816,4.309185981750488,1.7880080938339233,-0.5385956168174744,-1.1184823513031006,-0.7991505265235901,-0.6161931753158569,-0.5544299483299255,-1.92522132396698,-2.96968150138855,-3.077613353729248,-2.411203622817993,-1.8281266689300537,-1.5689435005187988,-1.734986662864685,-1.0940349102020264,0.2022872418165207,0.48130330443382263,-3.2627155780792236,-5.719208717346191,-5.477118492126465,-0.8787985444068909,1.0826706886291504,0.7290837168693542,0.3499942421913147,0.39394068717956543,-0.07616584748029709,-1.1006526947021484,-2.394818067550659,-4.068991661071777,-6.002650260925293,-7.632917404174805,-9.314581871032715,-11.095494270324707,-12.372255325317383,-12.509446144104004,-12.21901798248291,-11.628686904907227,-11.42197036743164,-11.166587829589844
7.234959602355957,7.37462854385376,5.9201741218566895,3.9644205570220947,0.8464534282684326,-2.1224865913391113,-3.7640650272369385,-4.437261581420898,-4.978187561035156,-5.003060817718506,-5.410623073577881,-7.016054630279541,-7.2185516357421875,-5.74190616607666,-4.5992655754089355,-3.9938929080963135,-4.167067527770996,-5.295141220092773,-5.642803192138672,-1.986547827720642,1.3402998447418213,0.6738085746765137,2.858562707901001,3.388573408126831,2.2821261882781982,0.7107556462287903,0.5527673363685608,0.918494462966919,0.06464765965938568,-2.2271392345428467,-4.69227409362793,-6.317731857299805,-7.646976470947266,-9.397794723510742,-11.274617195129395,-13.019110679626465,-14.21871566772461,-14.351106643676758,-13.933635711669922,-13.788398742675781,-13.818232536315918,-14.398808479309082,-15.01490306854248
9.428815841674805,9.633913040161133,8.06690502166748,5.062459468841553,-0.20675429701805115,-3.108919382095337,-1.8609462976455688,-0.9011192917823792,-0.5827643871307373,-1.1262730360031128,-2.7173144817352295,-3.8018150329589844,-4.937134265899658,-4.194578647613525,-3.273118734359741,-1.4455615282058716,-3.0601022243499756,-4.060791492462158,-3.1456027030944824,-4.122585296630859,-6.835885047912598,-4.987649917602539,0.41880592703819275,2.038914918899536,-1.6591827869415283,-2.209376811981201,-0.46636632084846497,0.22668319940567017,-1.396708607673645,-4.184089660644531,-6.890265464782715,-9.132295608520508,-11.300572395324707,-13.507100105285645,-15.029851913452148,-15.510921478271484,-15.131916046142578,-14.93552303314209,-14.859354019165039,-15.808438301086426,-16.713333129882812,-17.255081176757812,-17.013851165771484
11.76263427734375,10.1309814453125,7.638000011444092,3.5059125423431396,-1.6274141073226929,-2.509308099746704,-1.2689381837844849,-0.39261963963508606,1.5052181482315063,1.8690743446350098,0.889879047870636,0.757999062538147,-1.5039467811584473,-3.0158851146698,-3.876174211502075,-4.617035388946533,-6.843059062957764,-4.131239414215088,-1.0865763425827026,-4.472987174987793,-7.231854438781738,-4.403083801269531,-2.238400936126709,-2.6642398834228516,-4.033939361572266,-5.217813014984131,-6.161953926086426,-6.080267429351807,-7.283266544342041,-9.578047752380371,-12.050037384033203,-14.724629402160645,-16.13056755065918,-16.50443458557129,-16.0987548828125,-15.538039207458496,-15.306766510009766,-15.873361587524414,-16.402517318725586,-17.37314796447754,-17.90536880493164,-17.895471572875977,-16.905601501464844
11.077983856201172,7.469740867614746,4.5392842292785645,1.18379545211792,-0.7738143801689148,-1.2788307666778564,-2.491457939147949,-1.2780885696411133,0.8290819525718689,2.437258005142212,2.2397801876068115,1.6974200010299683,-1.5448232889175415,-3.4934890270233154,-7.7619733810424805,-11.228909492492676,-10.521419525146484,-7.481090545654297,-6.422878742218018,-6.538024425506592,-4.323221206665039,-5.044581413269043,-6.062067985534668,-5.84032678604126,-5.416341781616211,-8.380314826965332,-11.032875061035156,-12.981889724731445,-14.165090560913086,-14.94629955291748,-15.37073802947998,-16.67500114440918,-16.519420623779297,-15.970930099487305,-15.673721313476562,-15.875858306884766,-16.645076751708984,-17.427371978759766,-18.112014770507812,-18.246212005615234,-17.709548950195312,-16.715402603149414,-15.467902183532715
10.381875991821289,6.625005722045898,1.8084499835968018,-0.8332467675209045,-2.3659634590148926,-5.2734599113464355,-6.587573051452637,-2.6355745792388916,-1.9334150552749634,-0.7704941034317017,-0.03230096399784088,-1.506731390953064,-3.784031629562378,-5.468720436096191,-8.290687561035156,-7.342528820037842,-6.066868305206299,-7.968133926391602,-8.60258960723877,-6.195868492126465,-6.017941474914551,-11.48548698425293,-12.3252534866333,-11.741549491882324,-12.152169227600098,-13.080294609069824,-12.894269943237305,-13.927470207214355,-14.935004234313965,-15.252805709838867,-15.053356170654297,-14.470902442932129,-15.341854095458984,-15.576117515563965,-15.82330322265625,-16.264934539794922,-16.767837524414062,-17.298583984375,-17.271530151367188,-16.264883041381836,-15.372925758361816,-14.171589851379395,-13.227581977844238
8.781108856201172,6.481936454772949,0.6325761675834656,-1.8368268013000488,-3.7282843589782715,-5.219117641448975,-7.081246852874756,-4.3392720222473145,-4.652905464172363,-4.954651355743408,-3.8682656288146973,-3.319864273071289,-3.7304556369781494,-5.644231796264648,-7.027397155761719,-4.509639263153076,-4.7128825187683105,-7.4637579917907715,-9.175086975097656,-10.946805000305176,-12.430606842041016,-12.938004493713379,-12.017623901367188,-12.29074478149414,-13.601109504699707,-14.303263664245605,-14.01040267944336,-13.750936508178711,-12.919341087341309,-12.604599952697754,-12.831891059875488,-13.018377304077148,-14.303452491760254,-15.344914436340332,-15.841150283813477,-15.90389347076416,-15.939702987670898,-15.97176456451416,-14.686613082885742,-13.625137329101562,-13.032915115356445,-12.508536338806152,-12.636964797973633
4.177670955657959,-1.362412691116333,-4.031906604766846,-3.43318772315979,-2.2418012619018555,-4.889719009399414,-4.725317001342773,0.43104925751686096,-1.5528758764266968,-5.50896692276001,-6.631441116333008,-5.4117865562438965,-3.2889506816864014,-0.35317057371139526,0.7340232729911804,-2.7395126819610596,-7.110078811645508,-6.907577991485596,-6.547001361846924,-9.246930122375488,-10.962407112121582,-11.755013465881348,-11.617809295654297,-12.579666137695312,-13.294035911560059,-12.868369102478027,-12.716814994812012,-12.79777717590332,-11.59817123413086,-11.504636764526367,-11.411523818969727,-11.445389747619629,-12.590208053588867,-14.374038696289062,-14.997833251953125,-14.636128425598145,-14.755427360534668,-14.433548927307129,-12.302277565002441,-12.328125,-12.456053733825684,-12.535778045654297,-12.787496566772461
-2.375445604324341,-5.618256568908691,-4.624122619628906,-2.9052722454071045,-1.9811345338821411,-6.646739482879639,-3.6453466415405273,3.5674545764923096,0.5470173954963684,-4.168287754058838,-6.297091484069824,-7.788229942321777,-7.518298149108887,-3.6708314418792725,1.8888987302780151,-0.6698711514472961,-4.989867687225342,-4.639839172363281,-3.680673599243164,-5.473135471343994,-5.854634761810303,-8.597064971923828,-10.05162525177002,-11.222314834594727,-11.5222806930542,-10.365815162658691,-10.8223295211792,-11.401129722595215,-11.404537200927734,-10.739614486694336,-9.556722640991211,-9.28969955444336,-10.891983032226562,-11.497291564941406,-11.102601051330566,-11.926960945129395,-12.803504943847656,-12.796896934509277,-11.744894981384277,-11.835716247558594,-13.477920532226562,-13.276111602783203,-12.16125202178955
-3.4937286376953125,-0.017384499311447144,1.0130704641342163,-1.3507068157196045,-2.7948031425476074,-5.432516098022461,-3.474384307861328,2.076465606689453,1.2025814056396484,-2.828909158706665,-4.594351768493652,-5.9767231941223145,-7.6912641525268555,-7.860130310058594,-4.729347229003906,-2.5165066719055176,-2.929581642150879,-4.1265411376953125,-4.653449535369873,-5.00767707824707,-4.799762725830078,-4.9903974533081055,-5.104599475860596,-6.345827579498291,-8.853349685668945,-9.654921531677246,-10.449278831481934,-11.427350044250488,-11.16539478302002,-9.895008087158203,-8.76202392578125,-8.979284286499023,-10.180305480957031,-10.78557014465332,-9.909852027893066,-11.08645248413086,-11.568671226501465,-11.595864295959473,-11.830413818359375,-12.404745101928711,-12.588436126708984,-11.70368480682373,-10.576468467712402
-0.7658196091651917,0.5618852972984314,2.5234029293060303,-0.3148917555809021,-1.838996410369873,-2.267383337020874,-2.4658334255218506,0.15796025097370148,1.8675150871276855,-1.5265882015228271,-3.4717798233032227,-4.695985317230225,-5.7684831619262695,-7.086361885070801,-6.798813819885254,-5.662535667419434,-5.814535140991211,-6.415798664093018,-5.929126739501953,-5.928841590881348,-6.955224990844727,-5.60582971572876,-3.8170552253723145,-3.2479488849639893,-3.116375207901001,-4.497941017150879,-6.629608631134033,-8.401778221130371,-8.566031455993652,-8.193534851074219,-8.805334091186523,-10.078573226928711,-11.410042762756348,-11.804547309875488,-11.31114673614502,-10.995888710021973,-10.70695972442627,-10.691036224365234,-9.64395809173584,-9.926854133605957,-9.316666603088379,-8.502540588378906,-8.418426513671875
-0.907025158405304,-0.582175612449646,1.8131948709487915,1.1832269430160522,-0.15288250148296356,-0.8389719128608704,-1.2711976766586304,-1.4134140014648438,-0.7100996971130371,-1.9024596214294434,-2.7290210723876953,-3.184450626373291,-3.6327080726623535,-4.633875370025635,-5.7163262367248535,-5.739874362945557,-4.839575290679932,-5.140712261199951,-5.599575519561768,-5.872217178344727,-7.5002055168151855,-7.924742221832275,-7.133354187011719,-5.898348331451416,-2.2759156227111816,-1.244897723197937,-1.3229944705963135,-0.3201811909675598,-1.4385555982589722,-3.262744903564453,-6.709252834320068,-9.766195297241211,-10.856799125671387,-10.866066932678223,-11.036576271057129,-10.989590644836426,-10.857298851013184,-10.188878059387207,-7.9336652755737305,-7.0088629722595215,-6.334191799163818,-6.943864822387695,-8.677061080932617
-1.0895737409591675,-0.7922951579093933,0.24643874168395996,0.36103129386901855,0.0006970286485739052,-0.16125769913196564,-0.256513774394989,-0.5650025010108948,-0.5567256808280945,-1.034291386604309,-1.5202466249465942,-1.446092963218689,-1.6435879468917847,-2.303426742553711,-3.432701587677002,-4.333473205566406,-4.890627861022949,-4.524509906768799,-4.7844929695129395,-5.6348652839660645,-6.530696868896484,-6.364317893981934,-6.788543701171875,-7.3181538581848145,-6.414980888366699,-5.4018635749816895,-3.300187349319458,1.628524661064148,3.596966505050659,1.7287973165512085,-2.910611152648926,-5.70595121383667,-6.7544121742248535,-7.852147102355957,-9.657602310180664,-10.655496597290039,-10.563846588134766,-9.1622953414917,-7.522529125213623,-6.230997562408447,-6.765845775604248,-9.108168601989746,-10.520034790039062
-1.3602380752563477,-0.9646592736244202,-0.6828720569610596,-0.4491235911846161,-0.4671659767627716,0.5555193424224854,0.2254515439271927,-0.13473156094551086,0.2940930128097534,0.5782338380813599,0.2293095886707306,-0.3318560719490051,-0.5250129103660583,-0.8645914196968079,-1.268035888671875,-2.1910688877105713,-3.4125349521636963,-4.378180503845215,-4.714132308959961,-5.275653839111328,-5.9562764167785645,-6.156970024108887,-5.910691261291504,-6.023172378540039,-6.244361400604248,-6.502518653869629,-6.789614200592041,-5.209636211395264,-1.2654281854629517,1.6638919115066528,0.008586499840021133,-1.4591681957244873,-2.474245309829712,-4.465353012084961,-5.981585502624512,-6.00636100769043,-5.627597808837891,-5.155968189239502,-4.872226238250732,-6.832674503326416,-9.457833290100098,-10.336536407470703,-8.119203567504883
-0.4277680814266205,0.25841739773750305,0.3985326290130615,0.46911874413490295,0.4645971655845642,0.7195128202438354,0.9612124562263489,0.2862691879272461,-0.286954402923584,0.3738402724266052,0.3962082862854004,0.25651440024375916,-0.008100681938230991,-0.4991368055343628,-0.7294139862060547,-0.7626367211341858,-1.1871109008789062,-2.548434019088745,-4.2168097496032715,-4.244500637054443,-4.920685291290283,-5.415285110473633,-5.240143299102783,-5.064945697784424,-5.228121280670166,-4.950390815734863,-5.883203983306885,-6.669938564300537,-5.984457015991211,-1.1387248039245605,2.4473061561584473,1.9864284992218018,0.386262446641922,-0.9523686766624451,-0.9081816077232361,0.2876223027706146,-0.18657474219799042,-1.8935785293579102,-4.383418560028076,-7.834126949310303,-8.780509948730469,-7.829291343688965,-6.843822956085205
-0.21418529748916626,0.13906484842300415,0.4343585968017578,0.43500038981437683,0.6328925490379333,0.6743523478507996,0.8426161408424377,0.8481538891792297,0.48031583428382874,0.13680171966552734,-0.17034994065761566,-0.7188850045204163,-0.6884503960609436,-0.5099770426750183,-0.6673511862754822,-0.8955603837966919,-1.5308470726013184,-1.7966806888580322,-2.063236713409424,-2.5768325328826904,-3.099720001220703,-3.5978755950927734,-4.07179594039917,-4.89276647567749,-5.659186840057373,-5.801226615905762,-5.455927848815918,-5.744503021240234,-6.26352596282959,-4.71066951751709,-0.052510816603899,2.1165874004364014,1.098453164100647,0.24644877016544342,0.6159435510635376,-0.3678726553916931,-1.9280333518981934,-3.5676841735839844,-6.2263031005859375,-8.365336418151855,-7.8057074546813965,-7.532188892364502,-7.8414459228515625
-0.09371357411146164,0.1250954419374466,0.13297675549983978,0.35192832350730896,0.47276145219802856,0.08448309451341629,0.1621672660112381,0.6266685128211975,1.0263429880142212,0.4863995909690857,0.297751784324646,0.16992904245853424,0.5259091854095459,0.4773637354373932,-0.12029556185007095,-0.36827340722084045,-0.8959930539131165,-1.0158860683441162,-0.9908877611160278,-1.4547654390335083,-1.7193517684936523,-2.10957932472229,-2.9350357055664062,-4.215763568878174,-5.5431742668151855,-6.251602649688721,-5.307567119598389,-4.851559162139893,-5.525304794311523,-6.208078861236572,-5.58773946762085,-3.2930924892425537,-2.4276912212371826,-2.552109718322754,-1.9832770824432373,-4.11541748046875,-4.599294185638428,-4.7114105224609375,-6.146251201629639,-6.7486653327941895,-6.247138023376465,-7.346649169921875,-8.233194351196289
