data/wind_data/wind_7_9.json
{"header": {"parameterUnit": "KT", "parameterCategory": 2, "nx": 256, "ny": 198, "lo1": 44.73521041870117, "la1": -3.236724853515625, "lo2": 111.26478576660156, "la2": 43.468475341796875, "dx": 0.2609002888202667, "dy": -0.23708222806453705, "refTime": "2025-02-19 07:00:00", "forecastTime": 0, "parameterNumber": 2, "parameterNumberName": "eastward_wind"}, "data":
[rows 38 to 56 of 198, columns 86 to 128 of 256]
31.65738868713379,32.23610305786133,32.20055389404297,31.53978729248047,31.142349243164062,31.264663696289062,31.860685348510742,32.99054718017578,34.4776611328125,35.882320404052734,35.90489196777344,34.29138946533203,32.73638153076172,32.103111267089844,31.475074768066406,30.110336303710938,28.64320182800293,27.68388557434082,26.86725616455078,25.871524810791016,24.900501251220703,24.068357467651367,23.32136344909668,22.778091430664062,22.599687576293945,22.31948471069336,21.437074661254883,20.508516311645508,20.336563110351562,20.780120849609375,21.29107093811035,21.963476181030273,22.992712020874023,24.006765365600586,24.364416122436523,24.122516632080078,23.735538482666016,23.107173919677734,22.177873611450195,21.58100700378418,21.62714385986328,21.84152603149414,21.740419387817383
30.469345092773438,30.591461181640625,30.474531173706055,30.277603149414062,30.43890380859375,30.791379928588867,31.42656135559082,32.485755920410156,33.47710037231445,34.05320739746094,33.71574401855469,32.780277252197266,32.24443817138672,31.993406295776367,31.03131866455078,29.172941207885742,27.42925262451172,26.346620559692383,25.39320945739746,24.18869400024414,23.316852569580078,23.2903995513916,23.734350204467773,23.84634017944336,23.554363250732422,22.979089736938477,21.84321403503418,20.243789672851562,19.025863647460938,18.80539894104004,19.25420379638672,20.122533798217773,21.43717384338379,22.80818748474121,23.646881103515625,23.953920364379883,23.909067153930664,23.2923526763916,22.068889617919922,21.014902114868164,20.79547882080078,20.970252990722656,20.843162536621094
29.522916793823242,29.468524932861328,29.608055114746094,29.79095458984375,30.457117080688477,31.399538040161133,32.245601654052734,32.766605377197266,32.70974349975586,32.17609405517578,31.25194549560547,30.486703872680664,30.053255081176758,29.613603591918945,28.88530158996582,27.78870391845703,26.567955017089844,25.517906188964844,24.46458625793457,23.20754051208496,22.40888786315918,22.785179138183594,23.690717697143555,23.931032180786133,23.5147705078125,22.993864059448242,22.10133171081543,20.377872467041016,18.51621437072754,17.76784324645996,18.06356430053711,18.673919677734375,19.435152053833008,20.536785125732422,21.815685272216797,22.859390258789062,23.2651309967041,22.823631286621094,21.702280044555664,20.676572799682617,20.514860153198242,20.618513107299805,20.11383819580078
29.14653968811035,29.227184295654297,29.72916030883789,30.259483337402344,30.92266845703125,31.55710220336914,31.87354850769043,31.784717559814453,31.377988815307617,30.704395294189453,29.679044723510742,28.828044891357422,28.18242073059082,27.486473083496094,26.854455947875977,26.413082122802734,26.068401336669922,25.5629940032959,24.587074279785156,23.307191848754883,22.402996063232422,22.430200576782227,22.907764434814453,22.922082901000977,22.503528594970703,22.211891174316406,21.808076858520508,20.545562744140625,18.738576889038086,17.700639724731445,17.754425048828125,18.237380981445312,18.792884826660156,19.558032989501953,20.6921443939209,21.845346450805664,22.293720245361328,21.799259185791016,20.801593780517578,20.014381408691406,19.97673797607422,20.124618530273438,19.631723403930664
28.800113677978516,28.71681022644043,29.189769744873047,29.815027236938477,30.311975479125977,30.464902877807617,30.331039428710938,30.219043731689453,30.117658615112305,29.708423614501953,28.685665130615234,27.659311294555664,27.03879737854004,26.514633178710938,25.90085792541504,25.531742095947266,25.613061904907227,25.536949157714844,24.6041316986084,23.14145278930664,22.005155563354492,21.788419723510742,22.235254287719727,22.404129028320312,21.967294692993164,21.52123260498047,21.165542602539062,20.247995376586914,18.856159210205078,17.99408531188965,18.10841941833496,18.67523193359375,19.13007164001465,19.423511505126953,19.957544326782227,20.661544799804688,20.890653610229492,20.30417823791504,19.33028793334961,18.719799041748047,18.944477081298828,19.426115036010742,19.344478607177734
27.762813568115234,27.266494750976562,27.47669219970703,28.30023956298828,28.994678497314453,28.98801040649414,28.710220336914062,28.753965377807617,28.846797943115234,28.38618278503418,27.130456924438477,25.733097076416016,24.960147857666016,24.87732696533203,24.857349395751953,24.777406692504883,24.814359664916992,24.6228084564209,23.560068130493164,21.96785545349121,21.002397537231445,21.168851852416992,21.872882843017578,22.072830200195312,21.3654842376709,20.312259674072266,19.44432258605957,18.718324661254883,18.224227905273438,18.252422332763672,18.804262161254883,19.33959197998047,19.49089241027832,19.568811416625977,19.91065216064453,20.174842834472656,19.936607360839844,19.15030860900879,18.122379302978516,17.487897872924805,17.71522331237793,18.339845657348633,18.518796920776367
26.466089248657227,26.03955841064453,26.43523597717285,27.483945846557617,28.219038009643555,27.957443237304688,27.466262817382812,27.496044158935547,27.40596580505371,26.528833389282227,25.315481185913086,24.217411041259766,23.404075622558594,23.1153507232666,23.043581008911133,22.948566436767578,22.95672035217285,22.939071655273438,22.16242027282715,20.68166160583496,19.82478141784668,19.966386795043945,20.39689064025879,20.420856475830078,19.65282440185547,18.461957931518555,17.596654891967773,17.35713768005371,17.6554012298584,18.24909210205078,18.967670440673828,19.62164306640625,19.9145565032959,20.081605911254883,20.36243438720703,20.31503677368164,19.56077003479004,18.366409301757812,17.211170196533203,16.552148818969727,16.555850982666016,16.896045684814453,16.953805923461914
26.733917236328125,26.363712310791016,26.55329704284668,27.058860778808594,27.113706588745117,26.456893920898438,25.956571578979492,26.071380615234375,26.057119369506836,25.217771530151367,24.309194564819336,23.81341552734375,23.248743057250977,22.494773864746094,21.709388732910156,20.959754943847656,20.72396469116211,20.923553466796875,20.4403018951416,19.159713745117188,18.52555274963379,18.711341857910156,18.890844345092773,18.658517837524414,17.930978775024414,17.098793029785156,16.757932662963867,17.05738639831543,17.68520164489746,18.383451461791992,19.221412658691406,20.205717086791992,20.65434455871582,20.484386444091797,20.235029220581055,19.93645668029785,19.287500381469727,18.201080322265625,17.004301071166992,16.21738052368164,16.036718368530273,15.96271800994873,15.649030685424805
27.673885345458984,26.904674530029297,26.43828773498535,26.087806701660156,25.27200698852539,24.378158569335938,24.390901565551758,25.089269638061523,25.45348358154297,24.97119903564453,24.165624618530273,23.59160804748535,23.11998748779297,22.621095657348633,21.77600860595703,20.312768936157227,18.997102737426758,18.428955078125,17.9802188873291,17.340696334838867,17.291183471679688,17.762388229370117,18.137218475341797,17.92220115661621,16.985536575317383,15.95662784576416,15.695601463317871,16.468292236328125,17.868358612060547,19.354501724243164,20.454936981201172,21.072784423828125,21.015512466430664,20.426055908203125,19.814603805541992,19.359317779541016,18.803821563720703,17.83597755432129,16.743011474609375,16.13347625732422,16.145437240600586,15.9019136428833,15.035818099975586
27.165287017822266,26.762067794799805,25.996973037719727,24.95085906982422,23.886695861816406,23.37464141845703,23.997642517089844,25.070600509643555,25.426767349243164,25.04686737060547,24.293493270874023,23.261730194091797,22.475954055786133,22.45114517211914,22.25470733642578,20.75066375732422,18.6062068939209,17.082563400268555,16.382482528686523,16.04351234436035,15.971346855163574,16.45694923400879,17.19095230102539,17.114065170288086,15.941667556762695,14.824859619140625,14.768600463867188,15.802599906921387,17.539262771606445,19.25487518310547,20.080772399902344,20.08256721496582,19.874469757080078,19.68682861328125,19.40979766845703,18.950458526611328,18.258068084716797,17.17793083190918,16.152992248535156,15.831604957580566,16.066221237182617,15.59155559539795,14.301620483398438
25.65616226196289,25.412084579467773,24.409427642822266,23.241195678710938,22.81753921508789,23.256725311279297,24.238445281982422,25.14504051208496,25.230186462402344,24.717723846435547,23.930831909179688,22.71366310119629,21.58896255493164,21.367477416992188,21.333293914794922,20.319091796875,18.501192092895508,16.89340591430664,15.903385162353516,15.387028694152832,15.01251220703125,15.103281021118164,15.598433494567871,15.576775550842285,14.772263526916504,14.187965393066406,14.377992630004883,15.003469467163086,15.917431831359863,16.950233459472656,17.548948287963867,17.890867233276367,18.430212020874023,18.97304344177246,19.039196014404297,18.512331008911133,17.73800277709961,16.817567825317383,16.046167373657227,15.982707023620605,16.166223526000977,15.2610502243042,13.568704605102539
23.802764892578125,23.690902709960938,23.074708938598633,22.359901428222656,22.41168785095215,23.355518341064453,24.594539642333984,25.431974411010742,25.346723556518555,24.650177001953125,23.803953170776367,22.692869186401367,21.39311981201172,20.427772521972656,19.753816604614258,18.915115356445312,17.976364135742188,17.152132034301758,16.229795455932617,15.233671188354492,14.437368392944336,14.081233978271484,14.319199562072754,14.58641242980957,14.239545822143555,13.797805786132812,13.833935737609863,14.007356643676758,14.184223175048828,14.679708480834961,15.374894142150879,16.279626846313477,17.266069412231445,17.872533798217773,17.816057205200195,17.428930282592773,17.256610870361328,17.23320960998535,17.114377975463867,17.246334075927734,17.342376708984375,16.23883628845215,14.09963321685791
22.610820770263672,23.08198356628418,23.296186447143555,23.196426391601562,23.24344253540039,23.88631820678711,25.036741256713867,25.969358444213867,25.904003143310547,24.994653701782227,23.915250778198242,22.893461227416992,21.878313064575195,20.761873245239258,19.537565231323242,18.39377784729004,17.714702606201172,17.354848861694336,16.563217163085938,15.197609901428223,14.006407737731934,13.502378463745117,13.784783363342285,14.201186180114746,13.971033096313477,13.362628936767578,13.280455589294434,13.71432876586914,14.1021089553833,14.248983383178711,14.465524673461914,15.236259460449219,16.325912475585938,16.90453338623047,16.51302146911621,15.788283348083496,15.790746688842773,16.711214065551758,17.771549224853516,18.046070098876953,17.587663650512695,16.58236312866211,14.967072486877441
21.866111755371094,22.436250686645508,22.951292037963867,23.279216766357422,23.579288482666016,24.0535831451416,24.839672088623047,25.687091827392578,25.895597457885742,25.039316177368164,23.68239974975586,22.72264862060547,22.284637451171875,21.67801284790039,20.38949203491211,18.831363677978516,17.76679039001465,17.14093589782715,16.394638061523438,15.360864639282227,14.424849510192871,13.955816268920898,13.969992637634277,14.013389587402344,13.743529319763184,13.297455787658691,13.269915580749512,14.038664817810059,14.877395629882812,14.817953109741211,14.419480323791504,14.79778003692627,15.73844051361084,16.13467788696289,15.369778633117676,14.188714981079102,13.951903343200684,15.068913459777832,16.341108322143555,16.40552520751953,15.529960632324219,14.781936645507812,14.391018867492676
20.600393295288086,20.780494689941406,21.160402297973633,21.64061164855957,22.2572021484375,22.86883544921875,23.30113983154297,23.79867172241211,24.159914016723633,23.656097412109375,22.556873321533203,21.941240310668945,21.940303802490234,21.547897338867188,20.212615966796875,18.56740951538086,17.391115188598633,16.779682159423828,16.39592742919922,16.023977279663086,15.438616752624512,14.611130714416504,14.005825996398926,13.819413185119629,13.892963409423828,13.854316711425781,13.793062210083008,14.384784698486328,15.433710098266602,15.777961730957031,15.367785453796387,15.120870590209961,15.23552131652832,15.130290985107422,14.470746994018555,13.65162181854248,13.296637535095215,13.808269500732422,14.215580940246582,13.913416862487793,13.46054458618164,13.18013858795166,13.435513496398926
18.699665069580078,18.544788360595703,18.8644962310791,19.424076080322266,19.831741333007812,20.062732696533203,20.337139129638672,20.930124282836914,21.580463409423828,21.554655075073242,21.030813217163086,21.029659271240234,21.44593048095703,20.90790367126465,19.23287010192871,17.716283798217773,16.8620662689209,16.349061965942383,15.969891548156738,15.427264213562012,14.447173118591309,13.316876411437988,12.951674461364746,13.555800437927246,14.431669235229492,14.861572265625,14.748677253723145,14.904257774353027,15.88839340209961,16.889211654663086,16.875633239746094,16.09803009033203,15.174229621887207,14.376411437988281,13.992223739624023,13.954490661621094,13.590806007385254,12.957649230957031,12.357734680175781,12.029886245727539,12.15759563446045,12.340867042541504,12.745331764221191
17.062475204467773,16.460527420043945,16.371971130371094,16.846019744873047,17.032901763916016,16.78373146057129,16.99493408203125,18.09588623046875,19.232975006103516,19.358150482177734,18.782045364379883,19.001937866210938,20.17515754699707,20.35384750366211,18.54923439025879,16.434913635253906,15.322383880615234,14.654024124145508,14.024261474609375,13.218086242675781,12.01701831817627,11.002752304077148,11.417892456054688,13.195345878601074,14.929859161376953,15.633705139160156,15.464524269104004,15.516268730163574,16.56174087524414,17.838741302490234,17.825227737426758,16.501750946044922,15.032626152038574,14.171034812927246,13.906896591186523,13.855409622192383,13.308187484741211,11.95719051361084,10.730111122131348,10.607343673706055,11.078509330749512,11.35263442993164,11.513771057128906
16.366947174072266,15.414162635803223,14.629908561706543,14.54197883605957,14.640153884887695,14.467268943786621,14.691106796264648,15.903157234191895,17.147974014282227,17.26595115661621,16.702503204345703,16.91590118408203,18.057056427001953,18.459880828857422,16.927995681762695,14.59362506866455,13.419230461120605,13.283838272094727,12.95795726776123,12.05229663848877,10.906517028808594,10.396622657775879,11.340696334838867,13.2777099609375,14.987991333007812,15.768271446228027,15.874465942382812,15.964957237243652,16.640050888061523,17.38210678100586,16.983613967895508,15.509495735168457,14.344882011413574,14.064533233642578,13.829671859741211,12.939556121826172,11.816998481750488,10.703617095947266,9.75528335571289,9.702839851379395,9.924102783203125,9.791435241699219,9.698575973510742
16.574634552001953,15.433527946472168,14.270456314086914,13.44094181060791,13.076844215393066,12.826818466186523,13.029766082763672,14.215656280517578,15.445914268493652,15.614299774169922,15.239211082458496,15.398271560668945,16.096765518188477,16.268022537231445,15.047518730163574,12.987753868103027,11.69524097442627,11.879143714904785,12.601032257080078,12.842926025390625,12.655112266540527,12.711453437805176,13.374436378479004,14.289538383483887,14.969465255737305,15.344847679138184,15.584001541137695,15.713215827941895,15.93984603881836,16.259313583374023,15.867711067199707,14.544695854187012,13.448620796203613,13.08280086517334,12.627877235412598,11.102974891662598,9.591730117797852,9.152623176574707,8.929701805114746,8.386894226074219,7.85335111618042,7.576440334320068,7.735443115234375
