data/wind_data/wind_23_1.json
{"header": {"parameterUnit": "KT", "parameterCategory": 2, "nx": 256, "ny": 198, "lo1": 44.73521041870117, "la1": -3.236724853515625, "lo2": 111.26478576660156, "la2": 43.468475341796875, "dx": 0.2609002888202667, "dy": -0.23708222806453705, "refTime": "2025-02-19 23:00:00", "forecastTime": 0, "parameterNumber": 2, "parameterNumberName": "eastward_wind"}, "data":
[rows 95 to 113 of 198, columns 0 to 42 of 256]
-3.3925998210906982,-2.1646811962127686,-3.686678409576416,-8.74804973602295,-11.141884803771973,-5.109136581420898,-4.4791107177734375,-5.399487495422363,-4.382394313812256,-3.3685781955718994,-3.235992193222046,-3.360147476196289,-3.1106503009796143,-3.7522411346435547,-4.588764667510986,-4.735218524932861,-4.404058456420898,-3.874997615814209,-4.046099662780762,-4.715725421905518,-5.383361339569092,-5.612890243530273,-5.590045928955078,-6.032499313354492,-6.865706443786621,-6.959236145019531,-6.630246639251709,-6.742572784423828,-7.759555339813232,-9.84893798828125,-10.451313972473145,-8.059941291809082,-6.427825450897217,-7.908339977264404,-9.649670600891113,-9.269133567810059,-7.990963459014893,-6.135416030883789,-5.443222999572754,-6.639359474182129,-6.838621139526367,-4.75404691696167,-0.5429688692092896
-2.6942317485809326,-1.6248656511306763,-2.3633615970611572,-8.346607208251953,-12.895489692687988,-3.7604727745056152,-3.9804904460906982,-7.218875885009766,-5.573054790496826,-3.4353034496307373,-3.8731939792633057,-3.975691080093384,-2.694572687149048,-2.8814871311187744,-3.9607973098754883,-4.24584436416626,-3.907496690750122,-3.461667776107788,-3.472196578979492,-4.772546768188477,-5.899164199829102,-5.476839065551758,-4.938495635986328,-5.574592113494873,-6.784924030303955,-6.943546772003174,-6.305727481842041,-5.8131103515625,-6.962893486022949,-9.63650131225586,-10.381401062011719,-8.122573852539062,-6.154423236846924,-6.875339984893799,-8.591728210449219,-8.69520378112793,-7.307913780212402,-5.067018985748291,-3.823741912841797,-5.404984474182129,-6.553354263305664,-3.932232141494751,0.08702335506677628
-1.936644196510315,-1.711445927619934,-1.8421175479888916,-6.77764892578125,-13.1726655960083,-5.6188836097717285,-4.4962053298950195,-7.503692626953125,-6.172901630401611,-3.5081288814544678,-3.559701919555664,-3.668990135192871,-2.534367561340332,-2.3137030601501465,-2.8269972801208496,-3.6034696102142334,-3.906846046447754,-3.5932912826538086,-3.0856668949127197,-3.9394328594207764,-5.3440022468566895,-5.35357141494751,-5.172625541687012,-5.650267601013184,-6.116060256958008,-6.10463809967041,-5.730432510375977,-5.480513095855713,-7.073596000671387,-9.512598037719727,-10.02040958404541,-8.241753578186035,-6.291186809539795,-6.535430908203125,-7.8104071617126465,-7.9630537033081055,-6.615739822387695,-4.816248416900635,-4.491722106933594,-5.480505466461182,-4.444766044616699,-1.402683138847351,1.4222201108932495
-0.5595656037330627,-0.86696857213974,-1.2521953582763672,-4.180508136749268,-10.91147232055664,-8.584134101867676,-4.7366509437561035,-4.749242305755615,-5.188607692718506,-3.818653106689453,-3.3676300048828125,-3.831885576248169,-3.29380202293396,-2.6979100704193115,-2.931351900100708,-3.7582454681396484,-3.9170546531677246,-3.7778096199035645,-3.3567326068878174,-3.6478896141052246,-5.298886299133301,-6.133752822875977,-6.267568111419678,-6.410100936889648,-5.8636956214904785,-5.588658809661865,-5.574106216430664,-5.757970333099365,-7.596249580383301,-9.524855613708496,-9.466730117797852,-8.10975170135498,-7.055489540100098,-6.990223407745361,-7.29595947265625,-7.188129901885986,-5.865655899047852,-4.947936058044434,-5.267327785491943,-4.7796831130981445,-1.986332893371582,1.2821173667907715,1.0696468353271484
0.851318895816803,-0.07982773333787918,-0.7008599042892456,-2.251810312271118,-8.219337463378906,-12.257336616516113,-7.049407482147217,-3.450127601623535,-3.4172022342681885,-4.484793663024902,-4.465967178344727,-4.019592761993408,-3.110032081604004,-2.6904730796813965,-3.452561378479004,-4.090566158294678,-4.353705406188965,-4.49663782119751,-3.7259559631347656,-4.3687238693237305,-6.804009437561035,-7.419124603271484,-6.964957237243652,-6.704299449920654,-5.5963029861450195,-5.281625747680664,-5.303103446960449,-5.3443474769592285,-7.3620123863220215,-9.395654678344727,-8.81348705291748,-7.654282569885254,-7.74390172958374,-7.799047946929932,-6.972801685333252,-6.333445072174072,-5.867215156555176,-5.313221454620361,-4.893762111663818,-3.251485824584961,-0.5080357789993286,2.125453472137451,-0.28888624906539917
1.7896943092346191,0.1847781538963318,-0.6141073703765869,-1.5791219472885132,-6.112387657165527,-13.877540588378906,-9.693812370300293,-5.313663959503174,-4.848962783813477,-6.595738410949707,-5.063235759735107,-3.52011775970459,-2.6466078758239746,-2.646435022354126,-3.299238443374634,-3.2498741149902344,-3.5884602069854736,-4.081654071807861,-3.5055644512176514,-4.726945877075195,-6.713241100311279,-6.964686393737793,-6.975864410400391,-6.757805824279785,-5.40544319152832,-4.750698566436768,-4.302605628967285,-4.043176651000977,-6.0874104499816895,-8.372054100036621,-8.14658260345459,-7.564058303833008,-8.050366401672363,-7.673452854156494,-6.267388343811035,-5.417199611663818,-5.695160388946533,-5.225960731506348,-4.175017356872559,-2.310619831085205,0.031526777893304825,1.4045137166976929,-1.7420405149459839
3.0591022968292236,0.345988005399704,-0.9019060730934143,-1.16820228099823,-3.755812644958496,-14.249475479125977,-12.757712364196777,-7.463520526885986,-5.246971130371094,-6.501338005065918,-4.867362022399902,-3.32521653175354,-2.974642753601074,-2.6272976398468018,-2.5415754318237305,-2.6313023567199707,-2.510254144668579,-2.1509158611297607,-2.4654488563537598,-4.241451740264893,-5.215208530426025,-5.822080135345459,-6.79476261138916,-6.4850029945373535,-5.108091354370117,-4.289815425872803,-3.578749179840088,-3.426539421081543,-5.136468887329102,-6.7942328453063965,-7.241725921630859,-7.645226001739502,-7.815464973449707,-7.105595111846924,-5.790470600128174,-5.037008762359619,-5.259212017059326,-4.522004127502441,-3.6067724227905273,-2.4278345108032227,-0.6411395072937012,-0.16626974940299988,-2.2647321224212646
3.6967239379882812,0.42498579621315,-1.6060864925384521,-0.9690619707107544,0.15033161640167236,-12.212442398071289,-14.157084465026855,-8.201269149780273,-4.704308032989502,-5.654086589813232,-4.708499908447266,-3.249635696411133,-2.8322360515594482,-2.3128154277801514,-3.129807710647583,-3.491533041000366,-1.6310800313949585,-0.2920162081718445,-1.2945537567138672,-3.8989710807800293,-5.003024578094482,-5.376412391662598,-5.981392860412598,-5.4511027336120605,-4.41383695602417,-3.671083927154541,-2.766969680786133,-2.8415327072143555,-4.562996864318848,-6.025862693786621,-7.007707118988037,-8.105668067932129,-7.589111328125,-5.964695453643799,-4.779830455780029,-4.2332587242126465,-4.397139549255371,-4.034046173095703,-3.294987678527832,-3.052858829498291,-1.7191935777664185,-0.9350524544715881,-1.9559059143066406
3.1488115787506104,0.05012157931923866,-1.9620180130004883,-0.9676451683044434,3.0512514114379883,-6.34459924697876,-13.38148021697998,-8.718448638916016,-3.680673599243164,-4.675774574279785,-4.680757999420166,-2.44651198387146,-1.8183718919754028,-2.4893085956573486,-4.232957363128662,-4.5325188636779785,-1.5360057353973389,0.229109525680542,-1.8796262741088867,-5.259941101074219,-6.338778495788574,-5.814127445220947,-5.147714614868164,-4.182147979736328,-3.3365559577941895,-2.7546615600585938,-1.8668112754821777,-1.9406028985977173,-3.9591407775878906,-5.877727031707764,-6.898808479309082,-7.799127578735352,-7.1190996170043945,-5.539412498474121,-4.6506242752075195,-4.031988143920898,-3.3422040939331055,-2.7406437397003174,-2.610802173614502,-2.8071699142456055,-1.9573156833648682,-1.243140697479248,-1.5056755542755127
3.767826557159424,0.34057122468948364,-1.3880585432052612,-0.5740315318107605,3.382956027984619,-3.7923219203948975,-12.62094783782959,-8.295772552490234,-1.483806848526001,-2.586308002471924,-5.100192070007324,-2.987382411956787,-2.1029105186462402,-3.7426064014434814,-6.3453521728515625,-6.129881381988525,-2.3925607204437256,-1.22146475315094,-4.470293045043945,-6.76894474029541,-6.556904315948486,-6.104714870452881,-5.144728183746338,-4.370279312133789,-3.4031472206115723,-2.264263391494751,-1.0433354377746582,-1.383685827255249,-3.204319477081299,-4.873099327087402,-6.464837551116943,-7.5088300704956055,-7.1758317947387695,-6.201618194580078,-5.228076457977295,-3.944627523422241,-2.973174571990967,-2.4892640113830566,-2.2983241081237793,-2.316990613937378,-1.4790352582931519,-1.104758620262146,-0.9712205529212952
5.255654811859131,1.7930431365966797,-0.18894849717617035,0.04277188330888748,2.695519208908081,-5.819357395172119,-13.447668075561523,-7.4306721687316895,0.618145227432251,0.8355133533477783,-4.743783950805664,-4.490725994110107,-3.137195110321045,-4.300318717956543,-6.8150224685668945,-6.4512128829956055,-3.999519109725952,-3.906684160232544,-6.065921306610107,-6.9449381828308105,-6.049736976623535,-5.4332404136657715,-4.778930187225342,-4.30129861831665,-2.7353675365448,-1.0869801044464111,-0.21955053508281708,-0.9817220568656921,-2.9377493858337402,-4.721996307373047,-6.464359760284424,-7.123775959014893,-6.552078723907471,-5.489920139312744,-4.291393756866455,-3.0784080028533936,-2.2581546306610107,-2.1832079887390137,-2.4146342277526855,-2.8800716400146484,-1.5201857089996338,-0.6046950221061707,-2.2417564392089844
7.079209804534912,3.706977367401123,1.4620890617370605,0.7190448045730591,2.0247437953948975,-6.660624980926514,-13.149083137512207,-7.059940814971924,1.6198664903640747,4.08935022354126,-1.997612714767456,-5.660458564758301,-4.262260437011719,-3.895996570587158,-4.867431640625,-4.632654190063477,-4.500916004180908,-5.596611499786377,-6.390639305114746,-6.287498950958252,-5.172581672668457,-4.678269386291504,-4.301260471343994,-3.380509376525879,-1.1410948038101196,-0.05116190016269684,-0.45262598991394043,-0.8991738557815552,-2.345519781112671,-4.4065961837768555,-5.382688045501709,-5.5714497566223145,-4.9234538078308105,-3.8420464992523193,-2.6040749549865723,-1.6027170419692993,-1.3127492666244507,-1.503448486328125,-2.3238284587860107,-3.290470838546753,-1.9968369007110596,-1.718738079071045,-5.173949718475342
8.42015552520752,5.108442783355713,2.4905996322631836,0.8626293540000916,1.6482526063919067,-4.214849948883057,-10.107726097106934,-7.137858867645264,0.07976055145263672,3.8614494800567627,0.5108529329299927,-4.668363094329834,-4.738212585449219,-3.6367855072021484,-2.9205474853515625,-2.4509005546569824,-4.0438432693481445,-5.833525657653809,-5.692249298095703,-5.451400279998779,-5.255041599273682,-4.684353828430176,-4.192885398864746,-2.6104726791381836,0.13625119626522064,0.4461430609226227,-0.11129984259605408,-0.9549698233604431,-2.3390042781829834,-4.3164191246032715,-3.8287222385406494,-3.563214063644409,-2.874793767929077,-1.7461620569229126,-0.4459000825881958,0.14368891716003418,-0.21162036061286926,-0.9720181226730347,-2.5498855113983154,-4.398337364196777,-3.15975022315979,-3.038600206375122,-7.110082149505615
10.127470016479492,6.119381904602051,2.3146557807922363,0.022563058882951736,1.232966423034668,-1.5146148204803467,-6.968025207519531,-6.934508800506592,-2.311357021331787,1.304843544960022,0.8621857762336731,-2.9712860584259033,-4.941036224365234,-4.146927833557129,-2.690089225769043,-2.879915714263916,-5.112082481384277,-6.039671897888184,-5.3014349937438965,-5.018809795379639,-5.10484504699707,-4.718077182769775,-4.165460109710693,-2.2090508937835693,0.29012301564216614,0.9318147897720337,1.9074316024780273,-0.9955631494522095,-1.4164570569992065,-2.053802251815796,-3.0307698249816895,-2.9524247646331787,-2.4592316150665283,-2.167386770248413,-1.0636836290359497,0.07727649807929993,0.3054344058036804,-1.3102529048919678,-3.009716749191284,-5.635767936706543,-4.660190105438232,-3.481372356414795,-7.732837677001953
10.310548782348633,6.279007911682129,1.8243794441223145,-0.9385035037994385,0.13580727577209473,-0.6827876567840576,-5.916315078735352,-5.593667984008789,-3.6239700317382812,-1.669791579246521,-2.7560770511627197,-5.827678203582764,-6.3302483558654785,-4.664577484130859,-3.2116315364837646,-3.3290884494781494,-5.564870834350586,-5.913206577301025,-4.579925537109375,-4.772780895233154,-5.057986736297607,-4.776190280914307,-3.656419038772583,-1.2205536365509033,0.101429283618927,1.0114116668701172,2.4860918521881104,0.13469664752483368,-1.57468843460083,-1.344312071800232,-1.6557835340499878,-1.791899561882019,-1.5685731172561646,-1.1978816986083984,-0.5825943350791931,-0.341586709022522,0.13218939304351807,0.05371066555380821,-3.549225330352783,-5.8982625007629395,-5.794637203216553,-3.6990807056427,-6.727641582489014
8.434887886047363,5.932199954986572,1.9701166152954102,-1.6836929321289062,-2.415151596069336,-3.517526149749756,-6.701687335968018,-3.9397952556610107,-3.685779333114624,-4.238962650299072,-5.024156093597412,-5.436007976531982,-5.244960308074951,-4.172155380249023,-3.2361412048339844,-3.624224901199341,-5.443734169006348,-5.200615882873535,-3.6658403873443604,-3.89969539642334,-4.620927333831787,-4.425195217132568,-2.304831027984619,0.7567272782325745,-0.5387350916862488,0.6953549385070801,1.9073961973190308,1.1522884368896484,-0.4219692647457123,-0.3650709092617035,-0.9163621068000793,-0.998298168182373,-0.989241361618042,-0.9255465269088745,-0.4567054212093353,-0.029944341629743576,0.44514456391334534,0.3413577079772949,-1.6704554557800293,-6.173874378204346,-5.986931324005127,-4.440288066864014,-5.5191450119018555
7.093441963195801,5.24507999420166,1.9575005769729614,-2.4505667686462402,-4.238344669342041,-4.814106464385986,-5.234999179840088,-3.418806314468384,-4.362247943878174,-5.425287246704102,-5.220559597015381,-4.265848636627197,-4.177876949310303,-3.7461740970611572,-3.4006049633026123,-4.250471115112305,-5.436612606048584,-4.905614376068115,-3.3043365478515625,-3.411489486694336,-4.344592094421387,-3.6508491039276123,-0.6793201565742493,2.32930850982666,-1.8099333047866821,-0.09955064952373505,1.414994239807129,2.5665194988250732,0.8977246880531311,0.3551698923110962,0.013893685303628445,-0.35756269097328186,-0.6746504306793213,-0.6585731506347656,-0.5689643025398254,-0.21398846805095673,0.4197504222393036,0.7444080710411072,0.16941452026367188,-3.561084508895874,-7.298171043395996,-5.055179119110107,-4.7888994216918945
8.3704252243042,4.75570011138916,0.5066171288490295,-2.880141019821167,-2.968630075454712,-3.428274631500244,-4.857596397399902,-4.297533988952637,-5.388365268707275,-5.2893500328063965,-4.1151041984558105,-3.8104097843170166,-4.081364154815674,-3.3213608264923096,-3.2066993713378906,-4.286221027374268,-4.931349754333496,-4.776223659515381,-3.655442714691162,-3.716801166534424,-4.3724141120910645,-2.78895902633667,0.1325821727514267,1.3177210092544556,-2.1647603511810303,-0.8358906507492065,1.1940712928771973,1.904160737991333,1.9383022785186768,1.600719928741455,0.7972916960716248,-0.023432109504938126,-0.8888130784034729,-1.2239631414413452,-1.0074025392532349,-0.2981123626232147,0.684383749961853,1.4107787609100342,1.6843810081481934,0.08081898093223572,-4.575507164001465,-6.697024345397949,-5.17729377746582
9.45709228515625,3.7566661834716797,-1.34527587890625,-3.129594087600708,-1.1429039239883423,-0.9675562381744385,-4.809988021850586,-5.778214931488037,-5.725960731506348,-4.510552406311035,-3.5577361583709717,-4.171236515045166,-4.620987892150879,-3.5092427730560303,-4.0826735496521,-3.9426658153533936,-3.718229055404663,-5.0843825340271,-4.463803768157959,-3.9913768768310547,-3.7908132076263428,-2.125401020050049,-0.728329062461853,-1.0590304136276245,-2.7644505500793457,-1.1652837991714478,1.1037442684173584,2.74948787689209,3.367987871170044,3.0261118412017822,1.9549351930618286,0.5632322430610657,-0.7723605632781982,-1.3901430368423462,-1.1342097520828247,-0.09487546980381012,0.9473313093185425,2.1626229286193848,2.627636432647705,1.989205241203308,-1.8035227060317993,-5.708957195281982,-7.457321643829346
