data/wind_data/wind_10_1.json
{"header": {"parameterUnit": "KT", "parameterCategory": 2, "nx": 256, "ny": 198, "lo1": 44.73521041870117, "la1": -3.236724853515625, "lo2": 111.26478576660156, "la2": 43.468475341796875, "dx": 0.2609002888202667, "dy": -0.23708222806453705, "refTime": "2025-02-19 10:00:00", "forecastTime": 0, "parameterNumber": 2, "parameterNumberName": "eastward_wind"}, "data":
[rows 114 to 132 of 198, columns 172 to 214 of 256]
11.237821578979492,10.831812858581543,10.096957206726074,11.52469253540039,11.557568550109863,11.759215354919434,12.505566596984863,13.660264015197754,13.614055633544922,9.869755744934082,0.4481019377708435,-5.131416320800781,-4.465657711029053,1.069334626197815,1.9166792631149292,3.260821580886841,7.034161567687988,8.827516555786133,7.33467960357666,6.196057319641113,2.256859064102173,1.938132405281067,-1.735299825668335,2.787318706512451,3.9701671600341797,4.462822914123535,2.885030508041382,6.814675331115723,5.987247943878174,9.074584007263184,-5.460413455963135,2.90805983543396,4.0380167961120605,7.4572367668151855,15.229630470275879,9.403145790100098,3.4209141731262207,9.745417594909668,14.671804428100586,15.424127578735352,13.054706573486328,13.857616424560547,11.585563659667969
11.396014213562012,11.086892127990723,10.657862663269043,10.484464645385742,10.360650062561035,11.050902366638184,13.10659122467041,10.239211082458496,7.738121032714844,7.659729957580566,6.3050217628479,-1.7438788414001465,0.7476484775543213,0.002758011920377612,4.7704949378967285,2.852795362472534,6.197708606719971,6.903609752655029,9.115739822387695,5.841090679168701,15.080734252929688,4.6135573387146,-3.085480213165283,3.5031380653381348,3.0618844032287598,3.627472400665283,-0.6292208433151245,5.18739128112793,8.161212921142578,0.02621847577393055,-2.921677589416504,-2.089987277984619,1.2441238164901733,6.338799953460693,9.836470603942871,14.331445693969727,8.968571662902832,7.5868988037109375,7.612611770629883,9.09649658203125,15.21874713897705,13.760976791381836,11.906339645385742
8.996784210205078,8.257527351379395,7.833250999450684,9.117128372192383,8.921147346496582,8.728609085083008,9.192557334899902,10.4961519241333,8.84500503540039,10.261059761047363,10.892555236816406,5.633145332336426,4.519179344177246,4.279617786407471,6.765132427215576,0.16021782159805298,5.86121940612793,3.1045689582824707,9.706113815307617,5.210910797119141,17.585674285888672,8.124312400817871,-5.5632548332214355,3.027824640274048,6.184384346008301,2.0916643142700195,0.0510629378259182,4.040321350097656,3.831984758377075,1.467305302619934,-1.6007180213928223,-4.216637134552002,-5.07223653793335,2.1919589042663574,8.984256744384766,10.691230773925781,12.641355514526367,16.91773223876953,17.528356552124023,12.538749694824219,18.121986389160156,13.361547470092773,13.336648941040039
5.247862339019775,4.437129020690918,4.909502029418945,5.536037921905518,7.0492424964904785,6.995620250701904,7.793034076690674,8.326299667358398,8.805804252624512,8.669293403625488,8.792862892150879,7.512882709503174,6.309178352355957,6.404356002807617,4.427709102630615,-0.9018518924713135,2.7732083797454834,2.877439022064209,7.2119598388671875,6.328745365142822,13.935572624206543,8.691676139831543,-2.7011377811431885,1.6119695901870728,4.030959129333496,0.25481635332107544,2.6018805503845215,3.7195441722869873,3.6043121814727783,5.07326078414917,-1.2538546323776245,-2.81284236907959,-6.12885856628418,0.6120415925979614,10.1703519821167,9.337322235107422,8.13200569152832,15.872714042663574,11.899394989013672,15.3717041015625,22.566837310791016,20.76010513305664,15.491181373596191
3.765920639038086,3.9598913192749023,5.294407367706299,5.481605529785156,6.222402572631836,4.070119380950928,5.2671966552734375,8.117321968078613,8.18770694732666,7.822293281555176,7.218478202819824,6.094766616821289,4.219427108764648,0.16898182034492493,-1.91945219039917,-1.745416522026062,0.5598170161247253,0.03294258192181587,4.346558094024658,3.2793798446655273,7.417339324951172,2.633582592010498,3.5801217555999756,-2.256925344467163,2.7417421340942383,-0.5026869177818298,2.5819919109344482,3.475829601287842,8.801290512084961,4.773712158203125,-0.6477277278900146,-2.9947516918182373,-1.479868769645691,1.8717248439788818,9.400006294250488,8.430564880371094,10.142578125,15.785639762878418,14.331502914428711,16.44809913635254,18.316160202026367,15.993846893310547,17.01328468322754
6.205131530761719,4.610096454620361,3.093444347381592,5.228909492492676,4.768160343170166,4.581879138946533,5.107667446136475,7.034360885620117,4.364164352416992,4.974113464355469,4.20850133895874,2.556472063064575,3.182267189025879,-1.3747532367706299,-0.07718178629875183,0.07571171224117279,0.36732184886932373,-0.06757345795631409,0.4518899917602539,1.3085576295852661,0.9097556471824646,3.2559850215911865,2.573843479156494,0.6724084615707397,-1.483075499534607,3.2852635383605957,1.6928833723068237,1.904075026512146,8.39246940612793,6.295288562774658,0.7885982394218445,-1.1840482950210571,2.758852005004883,2.65456223487854,5.017027378082275,10.102119445800781,13.695204734802246,15.521686553955078,12.233604431152344,12.254410743713379,11.563806533813477,13.312397956848145,17.05910301208496
7.0803422927856445,3.202484369277954,3.508328437805176,4.3937177658081055,4.821136474609375,5.319362640380859,2.977543592453003,4.1360087394714355,5.338194847106934,9.469210624694824,6.691333770751953,2.5835604667663574,-0.5711709856987,1.6341991424560547,2.802206516265869,-3.4272775650024414,-0.9699440002441406,0.3293054699897766,0.6060789823532104,-0.83457350730896,-1.1064610481262207,-0.9291937947273254,1.2575539350509644,-2.4295296669006348,-2.92056941986084,1.0574238300323486,1.14926278591156,0.6448268890380859,11.981178283691406,-0.9923038482666016,-0.5945202708244324,0.5009007453918457,7.312646389007568,3.113091230392456,3.77616286277771,9.192272186279297,12.840521812438965,12.32450008392334,13.15160846710205,17.913848876953125,18.7331600189209,15.139162063598633,14.2099609375
8.495219230651855,-0.1684965044260025,3.023193120956421,8.45122241973877,7.512577533721924,3.8101272583007812,3.6126139163970947,0.7370665073394775,7.314792633056641,11.211159706115723,4.583691596984863,-2.558946132659912,0.1859554946422577,4.819998264312744,2.2676162719726562,-5.207674980163574,-2.59224796295166,0.05410226806998253,2.1567554473876953,0.7829782366752625,-0.8699156045913696,-1.2177224159240723,-1.233988881111145,-2.0563480854034424,2.254746675491333,-6.027030944824219,2.8880667686462402,4.0379252433776855,10.100879669189453,-3.0873475074768066,1.2499587535858154,3.2258102893829346,9.245495796203613,5.961602210998535,5.78769588470459,11.332632064819336,12.308869361877441,11.95693302154541,14.173794746398926,19.492691040039062,21.26014518737793,18.55699348449707,17.7855167388916
-4.378859043121338,-4.814661979675293,1.906219720840454,13.313957214355469,9.761311531066895,-2.8963706493377686,-1.675707459449768,3.8541412353515625,4.350041389465332,14.635228157043457,12.263684272766113,-2.647127866744995,-4.17407751083374,6.862712860107422,1.1006861925125122,-7.423583030700684,1.6492921113967896,6.525670528411865,-2.828040838241577,2.1075246334075928,-1.8132786750793457,-1.0320014953613281,-1.5301038026809692,-1.754555344581604,1.1943391561508179,0.8140125870704651,5.822229862213135,9.090575218200684,3.1998860836029053,-1.1779285669326782,5.699804782867432,3.025327444076538,-0.5507141947746277,6.3431830406188965,11.3215970993042,9.094161987304688,8.245790481567383,9.671486854553223,12.794517517089844,19.44131088256836,15.431753158569336,15.86292839050293,19.46584129333496
-11.031673431396484,-3.9206182956695557,-0.05570409074425697,18.729896545410156,13.946701049804688,-5.391465187072754,-2.319338798522949,6.343889236450195,9.948233604431152,12.547404289245605,19.194211959838867,6.431390285491943,-8.077396392822266,-2.7652699947357178,-4.549632549285889,-7.259714603424072,6.081393718719482,4.05160665512085,-1.2430833578109741,2.879629611968994,-2.1871986389160156,-2.2575509548187256,-1.2633689641952515,-1.1724889278411865,0.15854007005691528,0.7984272837638855,6.472412109375,9.547987937927246,10.297088623046875,9.222140312194824,0.4405134320259094,-1.341457486152649,-2.7023699283599854,8.746031761169434,14.543501853942871,11.05203628540039,8.55737590789795,11.340350151062012,16.686275482177734,17.608591079711914,17.995574951171875,18.683982849121094,19.924388885498047
-5.168619155883789,-0.9141450524330139,0.2643885016441345,18.427494049072266,15.62817668914795,-10.82126235961914,-0.2820385992527008,7.112053394317627,13.107282638549805,13.301473617553711,21.603240966796875,20.045480728149414,-14.79123306274414,-13.585208892822266,5.298115253448486,-4.020200729370117,2.8390278816223145,-0.06348556280136108,0.5449838638305664,0.7687874436378479,0.5006158947944641,-4.848161220550537,-1.6542350053787231,0.7945969104766846,0.8730179667472839,1.201561450958252,7.5250935554504395,7.77386474609375,12.422114372253418,22.050546646118164,1.7326384782791138,-0.6439090371131897,3.3919689655303955,9.385825157165527,10.514998435974121,13.512239456176758,12.92182445526123,9.826083183288574,13.464018821716309,12.974316596984863,19.867158889770508,18.704957962036133,16.758560180664062
13.982765197753906,12.846266746520996,12.990078926086426,15.4474458694458,9.05484676361084,-6.268340587615967,3.738945245742798,8.781625747680664,14.088573455810547,17.925941467285156,22.04427146911621,6.782070636749268,-15.610002517700195,-11.760751724243164,0.2953077256679535,-0.5298520922660828,-0.5513741970062256,-1.5250341892242432,-3.023733139038086,0.6593560576438904,1.3143006563186646,-3.088346242904663,-0.7634149193763733,-1.7180569171905518,5.022461414337158,1.317244291305542,5.072507858276367,6.587843418121338,11.438348770141602,15.1348295211792,12.806843757629395,10.284172058105469,9.979158401489258,8.939719200134277,9.687356948852539,16.10966682434082,14.653703689575195,10.322754859924316,12.773720741271973,13.966338157653809,18.238866806030273,23.081295013427734,19.286779403686523
15.586918830871582,20.208316802978516,20.527515411376953,18.46642303466797,19.997079849243164,18.922739028930664,17.636459350585938,15.30863094329834,14.760046005249023,13.91084098815918,5.0307936668396,-6.057744979858398,-12.276229858398438,-7.380672931671143,-1.9382624626159668,2.9975779056549072,-2.4255566596984863,3.482006311416626,-3.6583399772644043,-1.2444276809692383,1.5358936786651611,-0.4674411416053772,0.34367287158966064,-2.2802634239196777,4.41243839263916,7.914609432220459,2.5061287879943848,4.972574234008789,8.049910545349121,10.808329582214355,14.386509895324707,16.603178024291992,19.528356552124023,7.766423225402832,10.83344554901123,13.771234512329102,13.011770248413086,9.993406295776367,15.075126647949219,16.783851623535156,18.632652282714844,19.013057708740234,18.83868408203125
17.083425521850586,19.08732795715332,18.95808982849121,19.123537063598633,16.08199691772461,16.83268928527832,20.08534812927246,12.289289474487305,10.922357559204102,10.035655975341797,11.952909469604492,-3.114614725112915,-7.522346496582031,-4.100275993347168,-0.42774826288223267,4.5038580894470215,2.868762254714966,-3.887610912322998,-0.661566436290741,-0.565750241279602,3.3975868225097656,4.64628267288208,0.3111927807331085,-4.901154041290283,1.3326728343963623,12.965767860412598,6.445525169372559,-4.361714839935303,-0.7185419797897339,4.579139232635498,13.741642951965332,15.317749977111816,20.760881423950195,10.316978454589844,12.741334915161133,11.178170204162598,5.772122383117676,8.567111015319824,14.912424087524414,16.69371795654297,18.168006896972656,18.89706802368164,20.295948028564453
16.547014236450195,16.843408584594727,19.02952766418457,16.57831382751465,14.259896278381348,13.472295761108398,14.062089920043945,8.304009437561035,11.82058334350586,11.864185333251953,8.908931732177734,2.5972490310668945,-5.484294891357422,1.0684734582901,-0.5966516137123108,4.2984795570373535,3.1242597103118896,-10.25964641571045,-2.5363073348999023,-5.995547771453857,2.4893922805786133,8.760963439941406,2.5199639797210693,-12.657392501831055,0.37653622031211853,12.123259544372559,9.932092666625977,3.712864637374878,0.9829685091972351,2.099898099899292,13.371757507324219,23.907379150390625,20.835813522338867,16.20176887512207,16.180049896240234,14.603236198425293,9.86216926574707,11.703356742858887,17.0563907623291,19.605745315551758,14.33826732635498,15.471776008605957,15.826955795288086
15.323326110839844,14.584922790527344,16.152820587158203,14.21044635772705,13.137771606445312,2.0861988067626953,-1.2241122722625732,6.57266902923584,11.283639907836914,7.930135726928711,8.460794448852539,9.389126777648926,2.4851648807525635,4.627232551574707,-3.232640504837036,4.931091785430908,-5.585915565490723,-7.101329803466797,-5.853494644165039,-5.679540157318115,-0.03877761960029602,2.5485072135925293,5.003574848175049,-13.42298412322998,0.4954443573951721,8.281785011291504,9.338669776916504,12.025870323181152,10.984923362731934,7.410121440887451,8.525703430175781,17.926254272460938,17.048627853393555,20.31348991394043,21.24724578857422,18.4243106842041,17.599185943603516,17.872175216674805,19.084529876708984,19.710359573364258,14.92040729522705,16.35607147216797,19.818052291870117
13.07523250579834,10.953353881835938,9.964577674865723,14.727659225463867,6.807450771331787,-10.014930725097656,-9.149043083190918,1.1470357179641724,10.699152946472168,11.045345306396484,9.631387710571289,10.048673629760742,10.447680473327637,10.885767936706543,6.275300025939941,1.3149058818817139,-10.026372909545898,-8.422900199890137,-1.024520993232727,-7.203766345977783,-1.4939537048339844,-9.937636375427246,2.3856117725372314,-5.580685615539551,0.5470336675643921,4.066490173339844,7.733186721801758,17.397258758544922,13.19923210144043,6.574155330657959,5.653417587280273,9.81401252746582,16.89541244506836,25.209747314453125,21.847698211669922,18.933027267456055,18.511096954345703,20.210529327392578,21.11391258239746,21.175392150878906,19.461496353149414,21.08011245727539,24.66680908203125
10.644214630126953,10.905993461608887,6.841238021850586,14.750194549560547,7.03878927230835,-8.326170921325684,-6.5713348388671875,-0.4386041760444641,9.208185195922852,12.539717674255371,9.237743377685547,9.081686019897461,12.247425079345703,9.178590774536133,2.2517664432525635,-3.4700441360473633,-3.1553702354431152,-9.662261009216309,-0.7102144360542297,-7.400578498840332,-8.89587688446045,-7.076141834259033,-3.4364140033721924,8.068436622619629,2.6543338298797607,4.523879528045654,2.9415576457977295,17.75919532775879,9.248311996459961,-4.328441619873047,-0.5015316009521484,7.376754283905029,17.96436309814453,22.466779708862305,19.970561981201172,17.4072322845459,17.030773162841797,19.116016387939453,20.2595272064209,21.52089500427246,21.34856605529785,20.44331932067871,22.686199188232422
16.25798988342285,14.133358001708984,14.459066390991211,9.685772895812988,15.441841125488281,3.9882662296295166,0.055775534361600876,-1.3064404726028442,0.08678624033927917,15.927997589111328,11.276870727539062,8.183454513549805,10.877683639526367,-1.4106900691986084,-9.615734100341797,-4.661684989929199,-1.8805872201919556,-2.5872080326080322,-2.5547280311584473,-8.324565887451172,-2.623350143432617,-1.0342363119125366,-3.3028650283813477,7.228506565093994,8.243271827697754,6.165276050567627,5.739888668060303,21.022233963012695,16.703832626342773,-8.940082550048828,3.0147743225097656,9.3997220993042,17.714719772338867,17.40113639831543,18.945581436157227,18.53211212158203,16.469879150390625,17.25704574584961,20.89405632019043,22.96234703063965,22.0576171875,20.38001823425293,24.83258819580078
