data/wind_data/wind_1_4.json
{"header": {"parameterUnit": "KT", "parameterCategory": 2, "nx": 256, "ny": 198, "lo1": 44.73521041870117, "la1": -3.236724853515625, "lo2": 111.26478576660156, "la2": 43.468475341796875, "dx": 0.2609002888202667, "dy": -0.23708222806453705, "refTime": "2025-02-19 01:00:00", "forecastTime": 0, "parameterNumber": 2, "parameterNumberName": "eastward_wind"}, "data":
[rows 152 to 170 of 198, columns 176 to 219 of 256]
32.921756744384766,32.88780975341797,31.777406692504883,30.46295166015625,30.22980308532715,29.972606658935547,29.158681869506836,29.33063507080078,29.9598388671875,29.26304817199707,27.703508377075195,26.53910255432129,26.244855880737305,26.83350944519043,27.478023529052734,26.469947814941406,26.582141876220703,25.562116622924805,25.123878479003906,26.60036849975586,27.664926528930664,26.80546760559082,26.761960983276367,28.36717987060547,28.860631942749023,27.51570701599121,25.49844741821289,24.5654354095459,25.58882713317871,26.36785316467285,26.522783279418945,27.19308853149414,27.236982345581055,27.580965042114258,28.25705337524414,28.53017234802246,28.16204071044922,28.888059616088867,28.80689811706543,29.46306800842285,30.919551849365234,30.821083068847656,29.39775848388672,29.988805770874023
36.28178024291992,36.791473388671875,35.8311767578125,34.49419403076172,33.91770935058594,33.5996208190918,32.15271759033203,32.863731384277344,34.790428161621094,35.51554870605469,34.172542572021484,31.158512115478516,29.529085159301758,29.789560317993164,30.3642520904541,29.937585830688477,28.957677841186523,27.9533748626709,26.65374755859375,26.676599502563477,27.36290740966797,26.995342254638672,26.258773803710938,25.970489501953125,26.099834442138672,26.21576690673828,26.757274627685547,26.638460159301758,25.65571403503418,25.3927059173584,26.40242576599121,27.433643341064453,29.00491714477539,30.233484268188477,29.95882797241211,29.223369598388672,29.538314819335938,29.54136085510254,29.054113388061523,29.526561737060547,30.515342712402344,29.90985870361328,27.091796875,26.559932708740234
37.95562744140625,39.28141784667969,39.5142707824707,38.711551666259766,38.294769287109375,38.633384704589844,39.19306945800781,39.36294174194336,39.175968170166016,38.59547805786133,37.33779525756836,36.292396545410156,35.912025451660156,35.61537551879883,35.294944763183594,34.810272216796875,34.176509857177734,33.27220916748047,30.8555965423584,28.192216873168945,27.003902435302734,25.913223266601562,24.96617889404297,25.40359115600586,25.702606201171875,26.235820770263672,27.4528751373291,28.403194427490234,28.70245361328125,28.442649841308594,29.065397262573242,30.338773727416992,32.162071228027344,30.68296241760254,29.00409698486328,29.6072940826416,29.218910217285156,27.855302810668945,27.77667808532715,28.674657821655273,29.606298446655273,29.10434913635254,26.905513763427734,25.25978660583496
37.1484375,39.375160217285156,40.437007904052734,40.357704162597656,40.64685821533203,41.07557678222656,41.4814567565918,40.99336242675781,40.151851654052734,40.20145797729492,40.281005859375,40.282691955566406,40.382503509521484,40.06547927856445,38.588539123535156,37.59681701660156,38.090370178222656,37.70338821411133,35.63908767700195,34.08294677734375,32.337032318115234,29.15007972717285,27.172239303588867,27.260665893554688,27.44759750366211,28.37871742248535,29.711605072021484,31.37883758544922,31.637134552001953,30.87872314453125,30.872509002685547,31.033235549926758,30.916658401489258,29.912887573242188,29.69754409790039,30.82211685180664,29.16409683227539,27.892505645751953,28.26483154296875,28.306074142456055,28.095046997070312,26.90599822998047,24.480928421020508,22.414663314819336
36.253570556640625,40.156734466552734,41.451011657714844,41.191280364990234,40.99835968017578,40.347354888916016,39.044708251953125,37.801910400390625,38.73799514770508,40.876853942871094,41.470603942871094,40.6798210144043,39.50566864013672,38.851287841796875,38.82061004638672,39.26152420043945,39.743247985839844,38.87664031982422,36.61347198486328,34.637413024902344,33.471336364746094,32.106266021728516,30.69394302368164,29.804588317871094,29.19472885131836,28.831430435180664,28.829477310180664,29.72687530517578,30.186567306518555,29.531681060791016,28.92554473876953,29.078832626342773,29.228403091430664,29.057453155517578,29.203577041625977,28.930110931396484,27.309345245361328,26.83053207397461,26.93468475341797,26.374425888061523,24.838605880737305,23.71076202392578,22.03219223022461,20.332538604736328
43.8124885559082,44.45362854003906,43.237281799316406,41.19832229614258,40.174957275390625,39.965415954589844,39.597286224365234,39.56980895996094,39.79977798461914,39.593711853027344,38.7703971862793,37.49849319458008,37.17256546020508,38.409366607666016,39.81870651245117,40.20093536376953,39.48365783691406,37.78085708618164,35.0389404296875,32.15000915527344,30.655563354492188,31.10993766784668,32.02567672729492,31.73813247680664,30.52096939086914,29.91653060913086,29.984445571899414,29.89647674560547,29.493295669555664,28.705385208129883,28.07592010498047,28.84855842590332,30.004474639892578,30.202733993530273,29.51323127746582,27.11491584777832,24.56284523010254,24.816631317138672,24.79302978515625,23.99541664123535,22.937828063964844,22.225299835205078,21.90672492980957,21.16541862487793
44.51259994506836,43.36277389526367,42.25579833984375,40.766197204589844,38.68851852416992,38.56686019897461,39.52484893798828,39.85808563232422,38.859214782714844,37.19575119018555,36.03870391845703,35.90789794921875,36.929569244384766,38.76012420654297,40.00005340576172,39.0963134765625,36.865264892578125,34.348976135253906,32.5780143737793,32.11428451538086,32.43695068359375,33.45576858520508,34.88145446777344,35.33635330200195,35.18937683105469,36.250091552734375,37.2859001159668,35.87445831298828,32.66147994995117,30.777841567993164,30.428937911987305,30.414527893066406,30.356584548950195,29.870759963989258,27.39370346069336,24.968841552734375,23.570459365844727,23.366811752319336,22.923418045043945,22.184547424316406,22.034191131591797,21.947439193725586,21.943944931030273,19.741302490234375
43.32024002075195,41.23988342285156,38.778202056884766,37.895416259765625,38.6622314453125,39.16950225830078,38.870338439941406,37.713043212890625,36.228763580322266,35.8321647644043,36.795074462890625,37.18159866333008,36.207550048828125,35.02330780029297,33.78913116455078,31.102218627929688,29.8482723236084,30.79936981201172,32.687320709228516,35.08915328979492,37.03910827636719,36.97922897338867,36.87468719482422,38.5870246887207,39.76080322265625,38.58391571044922,37.17995834350586,35.356689453125,33.73857116699219,33.08526611328125,31.9914608001709,30.618492126464844,30.099708557128906,28.756603240966797,25.516197204589844,23.234941482543945,22.109861373901367,21.09463882446289,19.550222396850586,18.49004554748535,17.991512298583984,18.369718551635742,18.418649673461914,16.163143157958984
43.692745208740234,42.3742790222168,38.30338668823242,37.742088317871094,40.63959884643555,39.538330078125,34.55584716796875,31.7785587310791,32.64429473876953,32.84101867675781,32.10273742675781,30.547340393066406,27.507320404052734,25.860687255859375,25.35853385925293,25.320375442504883,27.9146785736084,31.301801681518555,31.631175994873047,30.51456069946289,29.619394302368164,29.196748733520508,31.259836196899414,34.4379768371582,33.21967697143555,27.881118774414062,25.2589111328125,26.31540298461914,28.327306747436523,30.029951095581055,29.89930534362793,30.134517669677734,29.80604362487793,26.58956527709961,23.14766502380371,19.794498443603516,17.544357299804688,15.887672424316406,13.624626159667969,13.61989688873291,14.669840812683105,16.138547897338867,16.184412002563477,15.510031700134277
43.03797149658203,43.269866943359375,43.243587493896484,44.206268310546875,43.14374542236328,39.30101776123047,35.50627136230469,32.52162551879883,32.067657470703125,31.7054500579834,29.556255340576172,24.46156120300293,22.593000411987305,23.661996841430664,24.983591079711914,27.076400756835938,29.615907669067383,31.59921646118164,31.264522552490234,29.62112808227539,27.381446838378906,26.31170082092285,24.843334197998047,23.644624710083008,21.500625610351562,17.799524307250977,16.753719329833984,19.09249496459961,22.25446891784668,25.71884536743164,28.758544921875,29.595455169677734,27.254840850830078,21.118228912353516,15.659385681152344,12.091340065002441,11.293163299560547,11.082114219665527,12.481025695800781,15.162276268005371,17.349252700805664,17.590038299560547,17.508859634399414,17.80162811279297
41.310325622558594,42.57431411743164,43.054386138916016,40.810909271240234,36.777435302734375,33.66343688964844,32.21807098388672,33.045570373535156,33.73271179199219,33.389068603515625,32.53053283691406,31.71344757080078,30.99403953552246,31.41628074645996,32.19089126586914,32.237770080566406,32.525821685791016,32.64189910888672,30.757925033569336,28.300386428833008,26.970855712890625,24.602888107299805,20.222309112548828,17.216638565063477,15.20505428314209,13.817490577697754,14.664079666137695,16.90709686279297,19.876359939575195,22.63089942932129,25.425928115844727,24.116907119750977,19.853357315063477,15.324294090270996,14.346670150756836,13.97575855255127,13.058706283569336,13.757428169250488,16.126516342163086,18.746065139770508,19.610658645629883,19.33152198791504,19.56022834777832,20.36205291748047
37.574462890625,38.02909851074219,38.087894439697266,36.70102310180664,35.18462371826172,33.253910064697266,31.172630310058594,30.76403045654297,30.283649444580078,29.6917781829834,29.35322380065918,30.005823135375977,30.255666732788086,30.34453010559082,30.086652755737305,28.659473419189453,27.022296905517578,26.50747299194336,26.661827087402344,26.136865615844727,24.435544967651367,22.102760314941406,19.802078247070312,17.374839782714844,14.92534065246582,13.935352325439453,15.189845085144043,16.763036727905273,18.644630432128906,20.096298217773438,19.851764678955078,18.369091033935547,17.412315368652344,16.9737491607666,15.679625511169434,14.538273811340332,14.497152328491211,15.105838775634766,16.758398056030273,18.532621383666992,18.536808013916016,18.66236114501953,19.05433464050293,19.815288543701172
35.38859939575195,35.48333740234375,36.257972717285156,35.528202056884766,33.77846145629883,33.0866584777832,33.067230224609375,31.79488754272461,30.132726669311523,29.166343688964844,29.33704948425293,28.372241973876953,27.426918029785156,26.706512451171875,25.67259979248047,23.512083053588867,21.783994674682617,22.069612503051758,23.055356979370117,22.80556297302246,21.592870712280273,20.52121925354004,19.566852569580078,17.928619384765625,16.052127838134766,15.569717407226562,16.282102584838867,17.287912368774414,17.863632202148438,17.897897720336914,17.980546951293945,18.09248161315918,18.496524810791016,17.318559646606445,15.49290943145752,13.931468963623047,13.396751403808594,14.163819313049316,15.09473991394043,16.43543815612793,17.39041519165039,18.004467010498047,18.409543991088867,19.603548049926758
34.90435791015625,37.24821853637695,37.93459701538086,35.85172653198242,31.56060218811035,32.189781188964844,31.851112365722656,30.319623947143555,29.62262725830078,29.319988250732422,28.325820922851562,26.73885154724121,25.011066436767578,23.643430709838867,22.55276107788086,21.017696380615234,19.96039390563965,20.774824142456055,22.286846160888672,22.985424041748047,23.310392379760742,23.71741485595703,21.854286193847656,17.731342315673828,14.76803970336914,14.268857955932617,15.14482307434082,16.601869583129883,17.85481834411621,18.818748474121094,19.433349609375,19.155426025390625,17.47109603881836,16.410690307617188,14.462945938110352,13.788543701171875,14.217619895935059,15.481873512268066,16.67359161376953,17.342498779296875,17.890493392944336,18.470279693603516,19.034543991088867,20.55446434020996
36.539798736572266,37.9561882019043,38.41394805908203,36.15377426147461,33.351905822753906,31.457275390625,29.992942810058594,28.480724334716797,26.83675765991211,25.60288429260254,24.2161865234375,22.746076583862305,21.763660430908203,21.452186584472656,21.564668655395508,20.898950576782227,20.31528663635254,21.134275436401367,22.599483489990234,23.9439640045166,25.815654754638672,27.67531394958496,25.25432777404785,19.307043075561523,15.090116500854492,14.172843933105469,15.685585021972656,18.648344039916992,20.88711166381836,21.184141159057617,20.408002853393555,18.71622085571289,17.82512664794922,17.669219970703125,17.6822566986084,17.377809524536133,17.213762283325195,18.187084197998047,20.02525520324707,21.031787872314453,21.942455291748047,22.187747955322266,22.611751556396484,23.975595474243164
38.89911651611328,38.720237731933594,38.08772277832031,36.69193649291992,34.363765716552734,30.699918746948242,26.086204528808594,22.25255584716797,21.042131423950195,21.06696891784668,19.71841049194336,18.106592178344727,17.299713134765625,17.275794982910156,18.288936614990234,19.822111129760742,19.732318878173828,21.860546112060547,25.544008255004883,28.025497436523438,29.622730255126953,30.67623519897461,28.049747467041016,22.269180297851562,19.32691764831543,20.7530517578125,22.71541404724121,23.029010772705078,21.7596492767334,20.932270050048828,20.73352813720703,20.776397705078125,21.05791473388672,21.8557186126709,21.536911010742188,21.411258697509766,21.898338317871094,22.910369873046875,24.6823787689209,25.329755783081055,25.89637565612793,25.93550682067871,26.16717529296875,25.918243408203125
37.56820297241211,33.41122055053711,28.60242462158203,26.971813201904297,26.20914077758789,23.52308464050293,19.1186466217041,15.884282112121582,15.144929885864258,15.618216514587402,15.598097801208496,15.24193000793457,15.208784103393555,15.474166870117188,17.587873458862305,20.98705291748047,22.7164363861084,24.835569381713867,28.308399200439453,29.841318130493164,30.458763122558594,30.5062255859375,28.500999450683594,26.466171264648438,27.894729614257812,29.870086669921875,27.928375244140625,24.590116500854492,23.50663185119629,22.286455154418945,21.133846282958984,21.713050842285156,22.649675369262695,24.082557678222656,24.385906219482422,24.54142951965332,25.31280517578125,26.199012756347656,26.744810104370117,26.912860870361328,26.30448341369629,25.618133544921875,26.208005905151367,26.07048988342285
33.2615966796875,30.994884490966797,29.364534378051758,26.481910705566406,22.543834686279297,18.63926887512207,16.123552322387695,15.705313682556152,17.01374626159668,18.146806716918945,18.025524139404297,17.055112838745117,16.340282440185547,16.289644241333008,18.363744735717773,21.148052215576172,24.054662704467773,28.724519729614258,31.078067779541016,31.25027084350586,30.854982376098633,30.379762649536133,29.698970794677734,30.500864028930664,30.91119384765625,28.08755874633789,24.707487106323242,24.936275482177734,26.566692352294922,24.423873901367188,23.107826232910156,23.633007049560547,23.9683780670166,24.3793888092041,25.637643814086914,26.603620529174805,26.871530532836914,27.186264038085938,27.829570770263672,27.920673370361328,26.403295516967773,24.490478515625,23.980670928955078,24.45943832397461
27.62928009033203,29.62755584716797,30.75225830078125,29.037309646606445,25.115333557128906,22.131181716918945,20.455312728881836,20.293846130371094,21.546133041381836,21.82606315612793,20.723554611206055,19.212905883789062,18.029911041259766,18.372224807739258,20.138700485229492,23.464141845703125,28.11986541748047,32.02936935424805,32.565982818603516,31.764537811279297,32.49790954589844,32.578399658203125,32.31599044799805,32.015724182128906,27.539724349975586,21.0721492767334,18.382083892822266,21.179689407348633,25.383264541625977,25.719860076904297,25.327125549316406,25.940204620361328,25.501096725463867,25.88532066345215,27.67426872253418,28.45740509033203,28.632631301879883,28.535280227661133,29.70772361755371,27.70682716369629,24.288850784301758,22.020519256591797,21.00407600402832,18.594255447387695
