data/wind_data/wind_54_4.json
{"header": {"parameterUnit": "KT", "parameterCategory": 2, "nx": 256, "ny": 198, "lo1": 44.73521041870117, "la1": -3.236724853515625, "lo2": 111.26478576660156, "la2": 43.468475341796875, "dx": 0.2609002888202667, "dy": -0.23708222806453705, "refTime": "2025-02-21 06:00:00", "forecastTime": 0, "parameterNumber": 2, "parameterNumberName": "eastward_wind"}, "data":
[rows 95 to 113 of 198, columns 132 to 175 of 256]
20.12118148803711,18.86516571044922,17.816551208496094,15.807514190673828,13.843692779541016,12.304877281188965,10.792914390563965,10.209136009216309,10.673145294189453,10.823863983154297,9.997945785522461,8.194218635559082,6.290568828582764,5.257315635681152,5.314328670501709,5.6714277267456055,6.108004093170166,6.287989139556885,6.3616814613342285,6.343556880950928,5.817752361297607,5.746872425079346,6.1879801750183105,7.047480583190918,7.315376281738281,8.462295532226562,7.718008518218994,11.136104583740234,10.239243507385254,8.941740989685059,8.147133827209473,7.781945705413818,8.366312980651855,9.797412872314453,10.752269744873047,11.043853759765625,11.052122116088867,10.916447639465332,10.822150230407715,10.60958194732666,9.970711708068848,8.50716781616211,6.88289213180542,4.953707218170166
18.4788761138916,16.390756607055664,15.765018463134766,14.916607856750488,13.248822212219238,10.96849536895752,8.450433731079102,7.5682477951049805,8.714909553527832,9.63334846496582,9.457276344299316,8.529376983642578,7.224669456481934,6.127640724182129,5.868173599243164,6.374668598175049,6.798019886016846,6.902340412139893,7.250217914581299,7.426323890686035,7.313580513000488,6.671489238739014,6.541202545166016,7.488109111785889,8.198379516601562,8.904668807983398,9.27698802947998,12.209210395812988,11.966814041137695,9.736091613769531,9.183708190917969,9.599230766296387,10.085083961486816,11.176563262939453,12.074323654174805,12.404287338256836,12.589544296264648,12.41405963897705,11.686266899108887,11.19909954071045,10.991036415100098,10.160799980163574,8.726571083068848,7.076801776885986
15.470815658569336,14.309593200683594,13.224104881286621,12.475234985351562,10.987550735473633,8.810575485229492,6.818592548370361,6.091428279876709,6.909637928009033,7.813380241394043,8.057611465454102,7.96510648727417,7.698131561279297,7.240854740142822,7.024436950683594,7.399435997009277,7.728825092315674,7.464697360992432,7.6429924964904785,7.66323184967041,8.060708045959473,7.862968444824219,7.325199604034424,8.451465606689453,9.554891586303711,9.358673095703125,9.907217025756836,12.35599136352539,11.6347017288208,10.061179161071777,9.947989463806152,11.219429969787598,12.240568161010742,12.755447387695312,13.124842643737793,13.170412063598633,13.173003196716309,13.396760940551758,13.196452140808105,12.445496559143066,11.95936107635498,11.552722930908203,10.589762687683105,9.498872756958008
12.302494049072266,12.028789520263672,11.126194953918457,10.105229377746582,9.180354118347168,7.312424659729004,6.022723197937012,5.575578212738037,5.452280044555664,5.624547958374023,5.797098636627197,6.609148979187012,7.640252590179443,8.250837326049805,8.678717613220215,9.019786834716797,8.86274528503418,8.500094413757324,8.34572982788086,7.803365230560303,7.597400665283203,7.589057922363281,7.9575700759887695,9.800933837890625,10.544771194458008,10.113298416137695,10.586596488952637,12.24711799621582,12.285125732421875,11.732512474060059,11.639627456665039,12.363324165344238,13.674169540405273,14.21314525604248,13.780464172363281,13.223567962646484,13.070829391479492,13.534051895141602,14.360359191894531,14.035282135009766,13.208796501159668,12.945444107055664,12.674845695495605,12.024190902709961
10.060243606567383,10.371419906616211,10.040349960327148,9.219085693359375,8.287583351135254,6.827857971191406,6.671237945556641,7.008872032165527,6.3253045082092285,5.675160884857178,5.222733020782471,6.010798454284668,7.810637950897217,9.396821022033691,10.178308486938477,10.233680725097656,9.663690567016602,9.295719146728516,9.182564735412598,8.070520401000977,6.703535556793213,6.40915584564209,7.5194411277771,9.896858215332031,11.93646240234375,11.816229820251465,11.589935302734375,12.670310020446777,13.249666213989258,13.138616561889648,13.166810989379883,13.774630546569824,14.70913028717041,14.887876510620117,13.905354499816895,12.961738586425781,13.11162281036377,13.713998794555664,14.640235900878906,15.023529052734375,14.51579475402832,14.304429054260254,14.41718864440918,14.43684196472168
9.264047622680664,9.594871520996094,9.852038383483887,9.258872032165527,8.113271713256836,7.2523274421691895,7.2692131996154785,7.743065357208252,7.377014636993408,6.895408630371094,6.481053829193115,6.955643653869629,8.155476570129395,9.412454605102539,10.235469818115234,10.650744438171387,10.468615531921387,9.962855339050293,9.748783111572266,9.169294357299805,7.630005836486816,6.994466304779053,8.060896873474121,9.931163787841797,12.01304817199707,12.715075492858887,12.033353805541992,12.166031837463379,12.932732582092285,13.312911987304688,13.832256317138672,14.523299217224121,14.952226638793945,14.16627311706543,12.950407028198242,12.355642318725586,13.035664558410645,14.260684967041016,15.187640190124512,15.603304862976074,15.577038764953613,15.77810287475586,15.86156940460205,15.870777130126953
9.154618263244629,9.14930248260498,9.455204963684082,9.026898384094238,8.422425270080566,7.999585151672363,7.775508403778076,7.74172306060791,7.922428607940674,8.27255916595459,8.295841217041016,8.523619651794434,8.95164680480957,9.379903793334961,9.75698471069336,10.255424499511719,10.488924980163574,10.535930633544922,10.794572830200195,11.05236530303955,10.218437194824219,9.150042533874512,9.105935096740723,10.27710247039795,12.121430397033691,12.789260864257812,12.104557991027832,11.350136756896973,11.392496109008789,11.469389915466309,11.759182929992676,12.213976860046387,12.848666191101074,12.949177742004395,12.74289608001709,12.859406471252441,13.107468605041504,14.051097869873047,15.438102722167969,16.31134796142578,16.542997360229492,16.87484359741211,17.136823654174805,17.237977981567383
8.795019149780273,8.192882537841797,8.67061710357666,8.927759170532227,8.993529319763184,8.540861129760742,8.00914192199707,8.090170860290527,8.81241512298584,10.273940086364746,10.719728469848633,10.987751007080078,10.760953903198242,9.83188247680664,8.98473072052002,9.137192726135254,9.635492324829102,10.545422554016113,11.775150299072266,12.355446815490723,11.801700592041016,11.079915046691895,10.872450828552246,11.331910133361816,12.365949630737305,12.940768241882324,12.663958549499512,12.113807678222656,11.48580551147461,10.145780563354492,9.16392707824707,9.679914474487305,11.331852912902832,12.99904727935791,13.963013648986816,14.175704956054688,14.057256698608398,14.163331031799316,15.008013725280762,16.167627334594727,16.897729873657227,17.317426681518555,17.692276000976562,18.230079650878906
8.402703285217285,7.17221212387085,7.692668437957764,8.61512279510498,9.206871032714844,8.918375015258789,8.472240447998047,8.824081420898438,9.953771591186523,11.913087844848633,12.422847747802734,12.422972679138184,11.703475952148438,9.858814239501953,8.618660926818848,9.091838836669922,9.730875015258789,10.80062484741211,12.040321350097656,13.000752449035645,12.871315002441406,12.372620582580566,12.45417594909668,13.027789115905762,13.437744140625,13.39998722076416,13.22984504699707,12.940552711486816,11.802597999572754,10.59398365020752,9.886441230773926,9.974624633789062,11.100597381591797,12.607592582702637,13.98389720916748,14.917651176452637,15.295438766479492,15.404176712036133,15.518632888793945,15.897269248962402,16.23717498779297,16.241535186767578,16.313526153564453,17.048933029174805
9.70104694366455,7.9350996017456055,7.345035076141357,7.947113990783691,8.721606254577637,9.390995979309082,9.709563255310059,10.231179237365723,11.109792709350586,12.091649055480957,12.822025299072266,12.734973907470703,11.847607612609863,10.65518569946289,10.234233856201172,10.69478702545166,11.15211296081543,11.467430114746094,12.810724258422852,13.912769317626953,14.062470436096191,13.520938873291016,13.330267906188965,13.884683609008789,14.112919807434082,13.954341888427734,13.378799438476562,12.719776153564453,12.231643676757812,12.040483474731445,11.874160766601562,11.67117691040039,11.979065895080566,12.831365585327148,13.844927787780762,14.86800479888916,15.640795707702637,16.054121017456055,16.217557907104492,16.304290771484375,16.35401153564453,15.978731155395508,15.330967903137207,15.495772361755371
11.218755722045898,8.935708999633789,7.126510143280029,6.906779766082764,7.936363697052002,9.521315574645996,10.889474868774414,11.537666320800781,11.898229598999023,12.634565353393555,13.268470764160156,12.884771347045898,12.148606300354004,11.694764137268066,11.629000663757324,11.785953521728516,12.525507926940918,12.79188060760498,13.415173530578613,14.102790832519531,14.299747467041016,14.44923210144043,14.035199165344238,13.836580276489258,14.244040489196777,14.538750648498535,13.896073341369629,12.850610733032227,12.685758590698242,12.798466682434082,12.641087532043457,12.469951629638672,12.646870613098145,13.025362014770508,13.345398902893066,13.852507591247559,14.915423393249512,15.81844425201416,16.067325592041016,16.00206184387207,16.084930419921875,15.990219116210938,15.484151840209961,15.242424011230469
12.080985069274902,9.544569969177246,7.016052722930908,5.643897533416748,6.784276485443115,9.055757522583008,11.115155220031738,12.023948669433594,12.796107292175293,13.7669095993042,14.012052536010742,13.378495216369629,13.23072624206543,13.155644416809082,12.310771942138672,12.330446243286133,13.387105941772461,13.380513191223145,14.25414752960205,14.259037971496582,13.689126968383789,14.56200885772705,14.707236289978027,14.273669242858887,14.6360445022583,14.80634880065918,13.919885635375977,13.093254089355469,12.948649406433105,12.844125747680664,12.628052711486816,12.659211158752441,12.795010566711426,12.993339538574219,13.19482707977295,13.255550384521484,13.748932838439941,14.691753387451172,15.38914680480957,15.641976356506348,15.7936372756958,15.905879020690918,15.728068351745605,15.464170455932617
12.97380256652832,10.516378402709961,8.159822463989258,6.096360206604004,6.054231643676758,7.921595573425293,10.371099472045898,12.057190895080566,13.285309791564941,14.547235488891602,14.78145980834961,13.720588684082031,14.044614791870117,14.762978553771973,13.514785766601562,13.146808624267578,14.295296669006348,14.656189918518066,14.797554969787598,14.398226737976074,13.719805717468262,14.188372611999512,14.883974075317383,15.180313110351562,15.357355117797852,15.34304428100586,14.424432754516602,14.063186645507812,13.753314018249512,12.905757904052734,12.617757797241211,12.853971481323242,13.134288787841797,13.308676719665527,13.321640968322754,13.230252265930176,13.287553787231445,13.932185173034668,14.871155738830566,15.511248588562012,15.769292831420898,15.924982070922852,15.987591743469238,15.841400146484375
13.685517311096191,11.52096176147461,9.7971773147583,8.078400611877441,6.8885626792907715,7.6363019943237305,9.73382568359375,11.71262264251709,13.32461166381836,14.803123474121094,15.204797744750977,13.9102783203125,13.988434791564941,15.587215423583984,15.016129493713379,14.43108081817627,15.045758247375488,15.484854698181152,15.321467399597168,15.037826538085938,14.476815223693848,13.915388107299805,14.096155166625977,14.67181396484375,15.05128288269043,15.38602352142334,15.082928657531738,14.640849113464355,14.080667495727539,13.367267608642578,13.137778282165527,13.285869598388672,13.563238143920898,13.905869483947754,14.20569896697998,14.155434608459473,13.953841209411621,14.1553955078125,14.790162086486816,15.459059715270996,15.854048728942871,16.00604820251465,16.141666412353516,16.217479705810547
13.844914436340332,12.327921867370605,11.27314567565918,10.098496437072754,8.773366928100586,8.753351211547852,10.125946044921875,11.897684097290039,13.561418533325195,15.084615707397461,15.811834335327148,14.840575218200684,14.917450904846191,16.493087768554688,16.35738754272461,15.836585998535156,16.155563354492188,16.40158462524414,15.87918758392334,15.429268836975098,15.275527000427246,14.75535774230957,14.093029022216797,13.570725440979004,14.148629188537598,14.8736572265625,14.808795928955078,14.491354942321777,14.291956901550293,14.280120849609375,14.295268058776855,14.313947677612305,14.361189842224121,14.869298934936523,15.641092300415039,16.07779884338379,15.72622013092041,15.228270530700684,15.254240036010742,15.581639289855957,15.882001876831055,16.086511611938477,16.162717819213867,16.400903701782227
13.689956665039062,12.677464485168457,12.170246124267578,11.57251262664795,10.499319076538086,10.610038757324219,11.807231903076172,13.169343948364258,14.176633834838867,15.133614540100098,15.960622787475586,16.0466251373291,16.743511199951172,16.594451904296875,16.902938842773438,16.952281951904297,16.94623565673828,16.967212677001953,16.607717514038086,16.19797706604004,16.24131965637207,16.22374153137207,15.492220878601074,13.730671882629395,13.103949546813965,14.202093124389648,14.806373596191406,14.818697929382324,15.016372680664062,15.261544227600098,15.253422737121582,15.275941848754883,15.29123306274414,15.734074592590332,16.740215301513672,17.86419105529785,18.248680114746094,17.609704971313477,16.689754486083984,16.15837287902832,16.06472396850586,16.273576736450195,16.510799407958984,16.65730094909668
13.880084037780762,13.108375549316406,12.64499282836914,12.373705863952637,11.812905311584473,11.888175964355469,13.175749778747559,14.708292961120605,15.325124740600586,15.522368431091309,15.792165756225586,16.325286865234375,16.890888214111328,16.50181007385254,17.252878189086914,17.19546127319336,16.755229949951172,16.838581085205078,17.24135398864746,17.277847290039062,17.402860641479492,17.39466667175293,17.144296646118164,15.87108325958252,13.849080085754395,13.386237144470215,14.378327369689941,15.413814544677734,15.881082534790039,16.130413055419922,16.204391479492188,16.14995574951172,16.110977172851562,16.351978302001953,17.205080032348633,18.32945442199707,19.24945831298828,19.607656478881836,19.25457000732422,18.24854278564453,17.011472702026367,16.19524574279785,16.045303344726562,16.592439651489258
14.660052299499512,13.891010284423828,13.246820449829102,12.886475563049316,12.692010879516602,12.875222206115723,13.917494773864746,15.41128921508789,16.199037551879883,16.257408142089844,16.087709426879883,16.473363876342773,17.166372299194336,17.779218673706055,18.146583557128906,17.471479415893555,16.905858993530273,17.102052688598633,17.697708129882812,18.382877349853516,18.981735229492188,19.21106719970703,19.06555938720703,17.839475631713867,15.551003456115723,14.375897407531738,14.909067153930664,16.105470657348633,17.068288803100586,17.477123260498047,17.391538619995117,17.071687698364258,16.92668914794922,17.114686965942383,17.774900436401367,18.7930850982666,19.773895263671875,20.427038192749023,20.784128189086914,20.73857879638672,19.81293296813965,18.114593505859375,16.761629104614258,16.846988677978516
15.847797393798828,15.084189414978027,14.157974243164062,13.447867393493652,13.330498695373535,13.754196166992188,14.610511779785156,15.794838905334473,16.616769790649414,16.567235946655273,16.244396209716797,16.352027893066406,16.8704776763916,18.157360076904297,19.027687072753906,18.788646697998047,18.449125289916992,18.506431579589844,18.761207580566406,19.07185935974121,19.499921798706055,19.89577865600586,20.020469665527344,19.36258316040039,17.551637649536133,16.195661544799805,16.544641494750977,17.70443344116211,18.57080841064453,18.81545639038086,18.60696792602539,18.236425399780273,18.07115936279297,18.339221954345703,18.946044921875,19.72986602783203,20.532819747924805,21.152339935302734,21.508604049682617,21.601640701293945,21.541566848754883,21.20945930480957,20.920150756835938,20.685487747192383
