data/wind_data/wind_Surface_65.json
{"header": {"parameterUnit": "KT", "parameterCategory": 2, "nx": 255, "ny": 198, "lo1": 44.73521041870117, "la1": -3.236724853515625, "lo2": 111.26478576660156, "la2": 43.468475341796875, "dx": 0.26192745566368103, "dy": -0.23708222806453705, "refTime": "2025-02-21 17:00:00", "forecastTime": 0, "parameterNumber": 2, "parameterNumberName": "eastward_wind"}, "data":
[rows 38 to 56 of 198, columns 0 to 42 of 255]
-8.670084953308105,-8.754488945007324,-9.696332931518555,-10.869583129882812,-8.98391056060791,-8.521769523620605,-9.803852081298828,-9.841158866882324,-10.414319038391113,-10.532267570495605,-10.28145980834961,-9.809677124023438,-9.798985481262207,-10.114006042480469,-10.387297630310059,-11.065013885498047,-11.456618309020996,-11.440996170043945,-12.533823013305664,-12.175626754760742,-11.465434074401855,-11.632951736450195,-12.150501251220703,-12.100042343139648,-11.427908897399902,-11.611802101135254,-11.983589172363281,-11.44009780883789,-10.853219985961914,-11.245305061340332,-12.116761207580566,-12.545625686645508,-12.09379768371582,-11.29888916015625,-11.254668235778809,-12.200121879577637,-12.816567420959473,-12.19196605682373,-11.134031295776367,-11.180281639099121,-12.2787504196167,-12.407736778259277,-12.32123851776123
-8.464396476745605,-8.59289264678955,-9.543371200561523,-10.867660522460938,-8.618667602539062,-7.681137561798096,-9.378652572631836,-10.369247436523438,-11.508162498474121,-11.797450065612793,-11.721198081970215,-11.480279922485352,-11.260580062866211,-10.911544799804688,-10.308453559875488,-9.420854568481445,-8.351921081542969,-9.331701278686523,-10.969985961914062,-11.320378303527832,-11.318531036376953,-11.341649055480957,-11.831792831420898,-12.329239845275879,-12.223994255065918,-12.176734924316406,-11.91454029083252,-10.615410804748535,-9.728918075561523,-10.80527114868164,-12.645766258239746,-12.945178031921387,-12.278785705566406,-11.918281555175781,-11.970330238342285,-12.119333267211914,-12.095682144165039,-11.379595756530762,-10.418221473693848,-10.610074043273926,-12.076123237609863,-12.833060264587402,-12.452972412109375
-8.952913284301758,-8.652746200561523,-9.235302925109863,-11.027976989746094,-9.50436782836914,-8.310134887695312,-9.317474365234375,-9.955132484436035,-11.26922607421875,-11.80534839630127,-11.508020401000977,-10.801129341125488,-10.460014343261719,-10.273076057434082,-9.588046073913574,-8.355037689208984,-7.626368999481201,-7.868549346923828,-7.767579555511475,-10.347620964050293,-11.734589576721191,-11.445415496826172,-11.90005111694336,-12.533275604248047,-12.412919998168945,-12.338700294494629,-12.074813842773438,-11.541496276855469,-11.094834327697754,-12.183140754699707,-13.382156372070312,-13.06592845916748,-12.199041366577148,-11.571599006652832,-11.603951454162598,-11.841519355773926,-11.166572570800781,-10.18361759185791,-10.0004243850708,-10.477583885192871,-11.43773365020752,-12.34284782409668,-12.85315990447998
-8.066038131713867,-8.119491577148438,-8.175084114074707,-9.52851676940918,-9.119840621948242,-8.219494819641113,-9.108433723449707,-9.980842590332031,-11.212902069091797,-11.758000373840332,-11.500338554382324,-11.060992240905762,-10.965472221374512,-10.518136024475098,-9.22400188446045,-8.037841796875,-7.167665481567383,-7.663895130157471,-8.910492897033691,-11.623006820678711,-12.71333122253418,-12.413007736206055,-12.462754249572754,-13.104154586791992,-12.923971176147461,-12.825213432312012,-12.35107707977295,-12.134714126586914,-12.761162757873535,-13.414141654968262,-13.541232109069824,-13.268034934997559,-12.274749755859375,-11.636801719665527,-11.312278747558594,-10.690823554992676,-9.936789512634277,-9.727314949035645,-10.389517784118652,-11.588431358337402,-11.855691909790039,-12.04384708404541,-12.671170234680176
-7.927509784698486,-8.17698860168457,-8.127891540527344,-8.004164695739746,-7.368686676025391,-6.938990116119385,-7.19293212890625,-7.919393062591553,-9.701117515563965,-10.906637191772461,-10.643966674804688,-10.083989143371582,-9.933161735534668,-9.555828094482422,-8.552685737609863,-7.7478837966918945,-7.596835136413574,-9.290934562683105,-10.401976585388184,-10.981663703918457,-11.785685539245605,-11.998703002929688,-12.27773666381836,-12.549047470092773,-12.371781349182129,-11.839028358459473,-11.850069046020508,-12.329412460327148,-12.748053550720215,-13.177762985229492,-13.084953308105469,-12.630284309387207,-12.322709083557129,-11.638397216796875,-10.521954536437988,-10.169210433959961,-10.98168659210205,-11.440948486328125,-12.07025146484375,-12.85933780670166,-12.334060668945312,-11.602033615112305,-12.104476928710938
-8.189579010009766,-8.46506404876709,-8.52699089050293,-8.316767692565918,-7.499736785888672,-7.044071674346924,-6.764097213745117,-6.72109842300415,-7.208190441131592,-7.949244022369385,-8.42761516571045,-9.378432273864746,-9.831947326660156,-9.131523132324219,-8.133115768432617,-7.731889247894287,-7.825760841369629,-8.256980895996094,-8.81949234008789,-9.587106704711914,-10.050627708435059,-10.16641902923584,-10.996369361877441,-11.378096580505371,-11.41720962524414,-11.014098167419434,-11.354806900024414,-12.478270530700684,-12.739158630371094,-12.745965003967285,-12.373729705810547,-12.035855293273926,-12.166557312011719,-11.658151626586914,-11.08225154876709,-11.501117706298828,-12.26746654510498,-12.153813362121582,-12.225460052490234,-12.316729545593262,-11.873189926147461,-11.576150894165039,-11.567781448364258
-7.637768268585205,-8.278785705566406,-8.728766441345215,-8.905535697937012,-7.731850624084473,-7.069009780883789,-7.398721694946289,-7.401220321655273,-7.649336814880371,-7.604869842529297,-8.12137508392334,-9.406706809997559,-9.663772583007812,-9.034762382507324,-8.65583610534668,-8.521038055419922,-8.719343185424805,-8.704748153686523,-8.157546997070312,-6.733912944793701,-5.928318023681641,-8.046528816223145,-10.074524879455566,-11.308894157409668,-11.470251083374023,-12.317899703979492,-12.490592956542969,-12.696439743041992,-12.741715431213379,-12.046902656555176,-11.560494422912598,-11.37784194946289,-11.430188179016113,-11.747932434082031,-12.130854606628418,-12.318639755249023,-12.1694917678833,-11.584851264953613,-11.339757919311523,-11.241276741027832,-10.97562026977539,-11.003649711608887,-11.341349601745605
-6.933218955993652,-7.981995582580566,-8.224053382873535,-8.489717483520508,-7.936156749725342,-7.281478404998779,-7.882284641265869,-8.046076774597168,-8.309927940368652,-8.598190307617188,-10.15896224975586,-11.582856178283691,-11.500860214233398,-10.504941940307617,-9.367783546447754,-8.428610801696777,-8.066287994384766,-8.116443634033203,-7.723525047302246,-6.912540435791016,-6.187105178833008,-6.104596138000488,-9.402313232421875,-11.410714149475098,-11.643204689025879,-12.769298553466797,-12.887005805969238,-12.082817077636719,-11.097237586975098,-10.004451751708984,-10.139201164245605,-10.800798416137695,-10.750198364257812,-11.171486854553223,-11.7547607421875,-11.516845703125,-10.693942070007324,-9.719345092773438,-9.419815063476562,-9.831756591796875,-10.43515396118164,-10.814175605773926,-11.377655029296875
-5.582160472869873,-6.863955497741699,-7.1803812980651855,-7.725639343261719,-7.221240997314453,-7.040629863739014,-7.84800910949707,-7.80816125869751,-7.443167209625244,-7.828203201293945,-9.702714920043945,-12.389456748962402,-13.16786003112793,-11.479988098144531,-9.589540481567383,-9.11614990234375,-10.142805099487305,-10.025705337524414,-8.107110023498535,-6.812774658203125,-7.05436372756958,-7.434411525726318,-9.205253601074219,-10.270647048950195,-10.92871379852295,-11.662278175354004,-11.973090171813965,-10.835014343261719,-9.961953163146973,-9.890552520751953,-10.452347755432129,-11.144729614257812,-11.249276161193848,-11.03536319732666,-10.767684936523438,-10.92485523223877,-10.8030424118042,-10.61044692993164,-10.443319320678711,-9.969852447509766,-9.524693489074707,-9.573175430297852,-10.558279037475586
-2.520982027053833,-4.3559722900390625,-5.987746238708496,-7.732885360717773,-5.703192234039307,-2.9351260662078857,-2.6046526432037354,-2.27205491065979,-5.219846725463867,-7.3825764656066895,-9.980999946594238,-11.92471981048584,-11.906107902526855,-9.832900047302246,-8.681805610656738,-9.599828720092773,-10.357900619506836,-9.188981056213379,-7.483277797698975,-6.525961399078369,-6.116331100463867,-4.734935283660889,-5.276630878448486,-9.155731201171875,-10.52761173248291,-10.628393173217773,-10.282025337219238,-9.807868957519531,-10.469710350036621,-11.183369636535645,-11.202093124389648,-11.067891120910645,-10.99100112915039,-10.534281730651855,-10.144895553588867,-10.141169548034668,-10.32242202758789,-10.576376914978027,-10.568690299987793,-9.768381118774414,-9.0975980758667,-9.758769035339355,-10.296249389648438
-1.0473088026046753,-4.036864757537842,-5.501009464263916,-5.855658054351807,-3.83658766746521,-2.2542736530303955,-2.1323089599609375,-0.011875730007886887,2.551377773284912,0.06504450738430023,-6.917806148529053,-10.726604461669922,-10.851492881774902,-10.484402656555176,-10.884431838989258,-11.683647155761719,-11.103800773620605,-9.648882865905762,-8.32026481628418,-6.890895366668701,-5.8812785148620605,-5.359604358673096,-6.429423809051514,-7.534008979797363,-8.360296249389648,-9.279616355895996,-9.254165649414062,-10.27245807647705,-10.683181762695312,-10.22620964050293,-9.712467193603516,-9.623563766479492,-9.793411254882812,-9.432025909423828,-9.860931396484375,-10.254694938659668,-10.484474182128906,-10.284955024719238,-9.49012279510498,-9.07799243927002,-10.266758918762207,-11.568325996398926,-11.109540939331055
-1.6004149913787842,-4.374289512634277,-4.656586647033691,-4.164311408996582,-1.6085659265518188,-0.7279775738716125,-2.263385772705078,-0.8721641898155212,2.230518102645874,5.045778274536133,-0.2820837199687958,-8.228236198425293,-10.406702995300293,-10.382609367370605,-10.683320999145508,-10.635573387145996,-9.505915641784668,-8.508755683898926,-7.538529396057129,-6.263963222503662,-5.4716572761535645,-4.785322666168213,-4.95589542388916,-4.074974060058594,-4.661389350891113,-6.64264440536499,-8.266624450683594,-10.195669174194336,-9.319972038269043,-7.940598487854004,-8.131864547729492,-8.162471771240234,-9.330940246582031,-9.840510368347168,-9.827666282653809,-9.846589088439941,-10.123604774475098,-9.756272315979004,-9.333019256591797,-10.725789070129395,-11.931707382202148,-11.531638145446777,-11.141702651977539
-1.9847402572631836,-2.8478081226348877,-2.095216751098633,-1.9120941162109375,-1.6110942363739014,-2.126305103302002,-2.925001382827759,0.9040154814720154,4.4892449378967285,3.829143762588501,-1.187626600265503,-7.11066198348999,-8.32283878326416,-8.282132148742676,-8.32674789428711,-8.58637523651123,-8.641427993774414,-8.56063461303711,-8.285622596740723,-7.465051651000977,-6.505249977111816,-5.854309558868408,-4.528702259063721,-3.523247241973877,-4.301232814788818,-6.105569839477539,-7.343455791473389,-9.017170906066895,-9.517077445983887,-8.816404342651367,-7.733628273010254,-7.899930953979492,-10.557086944580078,-11.117568016052246,-10.051469802856445,-9.774529457092285,-9.975706100463867,-9.434389114379883,-9.097626686096191,-9.888222694396973,-10.558600425720215,-10.671384811401367,-10.524518013000488
-0.5797109603881836,-0.5124002695083618,-0.43487897515296936,-0.908085823059082,-2.7232778072357178,-4.7458815574646,-3.0319130420684814,1.7910703420639038,2.905513048171997,-1.010009765625,-5.61113977432251,-6.724902153015137,-8.439210891723633,-8.988524436950684,-7.955294609069824,-6.71484899520874,-6.312788963317871,-6.581791400909424,-6.848942756652832,-7.222114562988281,-7.122504711151123,-6.298823833465576,-4.921478748321533,-4.27525520324707,-7.158507347106934,-7.3097639083862305,-6.314003944396973,-7.664322853088379,-8.860239028930664,-8.158547401428223,-8.0680570602417,-9.99785041809082,-11.488326072692871,-10.641377449035645,-10.214506149291992,-10.899182319641113,-10.622964859008789,-9.222442626953125,-8.543461799621582,-8.997583389282227,-9.515366554260254,-10.008992195129395,-10.083632469177246
-3.0714831352233887,-2.369163751602173,-1.89864182472229,-2.8428831100463867,-5.996527194976807,-6.174185752868652,-1.824914574623108,2.5470995903015137,-0.3759143054485321,-7.020260810852051,-9.18561840057373,-8.971335411071777,-9.517075538635254,-9.12201976776123,-7.090113639831543,-5.770592212677002,-5.636324882507324,-7.246102333068848,-10.081626892089844,-11.025104522705078,-10.192110061645508,-8.163979530334473,-5.412102222442627,-5.222395420074463,-6.314273357391357,-6.441694259643555,-6.5029168128967285,-7.730867385864258,-8.32734489440918,-7.307111740112305,-7.6803998947143555,-9.523579597473145,-9.901192665100098,-9.808183670043945,-10.218033790588379,-10.208556175231934,-10.012519836425781,-9.654321670532227,-9.188356399536133,-9.30648422241211,-9.8324613571167,-9.951332092285156,-9.829672813415527
-7.127363204956055,-6.7731547355651855,-4.316325664520264,-5.483369827270508,-7.259541988372803,-6.36765718460083,-2.7092041969299316,0.345552533864975,-3.228982925415039,-7.385221004486084,-8.570120811462402,-8.05610179901123,-7.1531267166137695,-5.498486518859863,-3.980046033859253,-2.6366288661956787,-0.7785362601280212,-0.4298990070819855,-5.745821475982666,-9.720329284667969,-9.212607383728027,-6.516749858856201,-4.789175510406494,-5.801682472229004,-4.942441463470459,-5.4067816734313965,-6.341608047485352,-5.5947747230529785,-8.324126243591309,-10.126714706420898,-9.126269340515137,-9.005010604858398,-8.802207946777344,-9.288865089416504,-8.611543655395508,-7.866657257080078,-7.937961578369141,-9.196105003356934,-10.24036979675293,-9.627264022827148,-9.044909477233887,-9.544476509094238,-10.136273384094238
-8.1953763961792,-8.836880683898926,-9.983558654785156,-12.941054344177246,-11.431766510009766,-9.014850616455078,-7.705865383148193,-6.839044094085693,-8.573787689208984,-7.3001790046691895,-7.5216064453125,-6.895532608032227,-5.890841960906982,-5.355762958526611,-5.420028209686279,-3.149794101715088,1.7074295282363892,3.97507381439209,0.032859835773706436,-6.509928226470947,-6.774398326873779,-5.080488681793213,-6.076929092407227,-6.010331630706787,-6.675868988037109,-7.817404270172119,-7.886628150939941,-8.011919975280762,-8.54098892211914,-7.867393493652344,-7.860591888427734,-8.251030921936035,-8.364607810974121,-9.331268310546875,-9.469503402709961,-7.589025497436523,-6.753364086151123,-8.431644439697266,-10.059903144836426,-9.563533782958984,-8.75660228729248,-10.186803817749023,-10.92997932434082
-8.623612403869629,-9.500946044921875,-11.663244247436523,-13.8419771194458,-11.692337036132812,-10.274611473083496,-11.785686492919922,-12.913912773132324,-13.88541030883789,-12.861135482788086,-8.131047248840332,-6.783202171325684,-6.044999122619629,-5.521176338195801,-4.652158737182617,-2.16051983833313,2.1528143882751465,3.996089220046997,-1.1205593347549438,-5.50508451461792,-4.337120532989502,-4.330827713012695,-7.103355884552002,-6.516965389251709,-5.761157035827637,-7.067028522491455,-8.101570129394531,-8.215579986572266,-7.914276599884033,-7.513163089752197,-7.369654655456543,-8.289169311523438,-9.49242877960205,-9.442112922668457,-8.319204330444336,-8.380196571350098,-9.239450454711914,-9.094964027404785,-8.989799499511719,-9.136995315551758,-9.633567810058594,-11.033267974853516,-11.190852165222168
-9.184724807739258,-9.982738494873047,-11.855293273925781,-14.465034484863281,-13.355318069458008,-11.45348834991455,-12.53729248046875,-13.345004081726074,-13.993714332580566,-14.147149085998535,-13.522065162658691,-12.061715126037598,-10.656630516052246,-9.191400527954102,-7.297768592834473,-4.076235294342041,-1.3784174919128418,-1.7577542066574097,-3.9389257431030273,-3.915342330932617,-1.9390956163406372,-4.523962497711182,-8.428481101989746,-7.362893581390381,-6.015707969665527,-6.196671485900879,-6.32586669921875,-6.184492111206055,-7.438122272491455,-7.775681018829346,-5.992403030395508,-6.638833522796631,-8.582121849060059,-8.36011028289795,-8.032214164733887,-9.967025756835938,-10.222363471984863,-8.981217384338379,-8.791325569152832,-9.5263032913208,-10.61475658416748,-10.783238410949707,-10.262348175048828
