data/wind_data/wind_Surface_50.json
{"header": {"parameterUnit": "KT", "parameterCategory": 2, "nx": 255, "ny": 198, "lo1": 44.73521041870117, "la1": -3.236724853515625, "lo2": 111.26478576660156, "la2": 43.468475341796875, "dx": 0.26192745566368103, "dy": -0.23708222806453705, "refTime": "2025-02-21 02:00:00", "forecastTime": 0, "parameterNumber": 2, "parameterNumberName": "eastward_wind"}, "data":
[rows 57 to 75 of 198, columns 129 to 171 of 255]
-2.1896629333496094,0.01595142111182213,0.7938240766525269,0.8308961987495422,0.04471674934029579,-4.313381671905518,-9.34461784362793,-9.56916332244873,-8.737846374511719,-8.150253295898438,-9.674481391906738,-11.954007148742676,-11.65514850616455,-10.933247566223145,-11.400365829467773,-12.04248332977295,-11.450843811035156,-11.423315048217773,-11.15192699432373,-9.684172630310059,-9.962400436401367,-10.945531845092773,-9.630165100097656,-8.840967178344727,-10.069845199584961,-10.164560317993164,-9.02455997467041,-9.825520515441895,-11.578243255615234,-11.696636199951172,-9.579389572143555,-7.962703227996826,-10.388565063476562,-12.353911399841309,-11.095823287963867,-10.565153121948242,-10.963380813598633,-10.675564765930176,-10.662629127502441,-11.498510360717773,-12.201525688171387,-11.800809860229492,-11.147912979125977
-0.3946102559566498,0.910808265209198,0.7558254599571228,0.3628019392490387,-0.10530118644237518,-3.88161039352417,-8.164161682128906,-8.792153358459473,-9.091156005859375,-8.051033973693848,-8.462394714355469,-11.011879920959473,-11.25464916229248,-10.276002883911133,-10.895625114440918,-11.898375511169434,-10.418936729431152,-7.864306926727295,-8.850996971130371,-11.057564735412598,-10.60627555847168,-9.154101371765137,-8.726326942443848,-9.332704544067383,-9.439132690429688,-9.509045600891113,-10.550527572631836,-11.36334228515625,-11.01465129852295,-9.757354736328125,-9.846912384033203,-10.77745532989502,-10.385313034057617,-9.437419891357422,-9.2930326461792,-9.299492835998535,-9.05203628540039,-9.313236236572266,-9.73904037475586,-10.500986099243164,-11.307271003723145,-11.569750785827637,-11.373309135437012
0.8286718726158142,2.3880679607391357,2.1566619873046875,0.6897004246711731,1.0497853755950928,-0.9098660349845886,-6.867175579071045,-8.06938648223877,-8.756299018859863,-10.036877632141113,-10.447205543518066,-10.271427154541016,-9.796514511108398,-10.491365432739258,-10.940823554992676,-10.930987358093262,-11.04831600189209,-9.835396766662598,-8.635129928588867,-10.561379432678223,-10.893647193908691,-7.713937282562256,-7.534204006195068,-9.34885025024414,-8.63505744934082,-8.106842994689941,-9.372187614440918,-9.620739936828613,-8.49580192565918,-7.624606132507324,-9.522394180297852,-11.110688209533691,-9.14008903503418,-7.934815883636475,-8.474122047424316,-9.09654712677002,-9.286264419555664,-9.426292419433594,-9.995368957519531,-9.997526168823242,-10.204133033752441,-10.691162109375,-10.536918640136719
0.23786495625972748,1.4046090841293335,2.5250701904296875,1.6077802181243896,1.3547974824905396,0.5227649807929993,-5.156684398651123,-8.373964309692383,-6.914556980133057,-6.81483268737793,-8.472428321838379,-9.617148399353027,-9.782817840576172,-10.226139068603516,-10.628303527832031,-9.835870742797852,-9.39016342163086,-10.519185066223145,-11.202858924865723,-9.615744590759277,-8.417119979858398,-9.58484935760498,-9.840044975280762,-9.000239372253418,-8.122130393981934,-8.539563179016113,-9.657954216003418,-8.460687637329102,-7.724949359893799,-9.591387748718262,-10.39626693725586,-9.125081062316895,-8.864287376403809,-9.019729614257812,-7.96389627456665,-7.625417232513428,-8.173194885253906,-8.377946853637695,-8.935669898986816,-9.18875503540039,-9.369173049926758,-9.86508560180664,-9.894634246826172
1.6072258949279785,2.175999402999878,3.4004573822021484,3.175448417663574,2.3059935569763184,1.991858959197998,-1.9469460248947144,-7.974238395690918,-8.086652755737305,-8.121541023254395,-8.757399559020996,-8.155817031860352,-8.354692459106445,-9.353667259216309,-10.020683288574219,-9.622529983520508,-9.201935768127441,-9.746760368347168,-11.040082931518555,-10.983196258544922,-9.455477714538574,-8.751312255859375,-9.364197731018066,-8.921177864074707,-8.21660327911377,-8.12707805633545,-8.492472648620605,-9.111529350280762,-8.889018058776855,-8.595938682556152,-7.72415018081665,-7.423320293426514,-8.99489974975586,-8.91627311706543,-6.98422384262085,-6.827625274658203,-7.548181056976318,-8.225076675415039,-8.940452575683594,-8.875275611877441,-8.794371604919434,-8.980661392211914,-8.721243858337402
0.5883841514587402,3.702082395553589,4.242244720458984,4.16413688659668,4.165977954864502,3.137261152267456,-1.0927070379257202,-6.865972995758057,-8.487853050231934,-8.858487129211426,-8.505093574523926,-7.989975452423096,-8.558267593383789,-9.121176719665527,-9.59154224395752,-9.79647159576416,-9.466994285583496,-9.518768310546875,-10.006882667541504,-9.445694923400879,-8.769286155700684,-9.335463523864746,-9.760597229003906,-8.7396240234375,-8.363142967224121,-7.525463581085205,-6.908666133880615,-8.702916145324707,-8.85446834564209,-7.387512683868408,-7.158000946044922,-7.331668376922607,-7.550108909606934,-8.01257038116455,-7.789846420288086,-6.974593162536621,-6.961460113525391,-7.708037376403809,-8.566092491149902,-8.77720832824707,-8.516883850097656,-8.571203231811523,-8.426813125610352
-0.8272354006767273,2.9806206226348877,4.302360534667969,3.3749380111694336,3.869873046875,4.816472053527832,1.8096979856491089,-3.57953143119812,-6.43322229385376,-8.11125373840332,-7.5338640213012695,-5.677689075469971,-5.91557502746582,-6.9857330322265625,-8.215176582336426,-9.25887680053711,-9.374171257019043,-9.438676834106445,-9.48585319519043,-8.966991424560547,-8.488039016723633,-9.254912376403809,-8.77141284942627,-7.616822242736816,-8.720316886901855,-8.255906105041504,-6.996882438659668,-7.709047317504883,-8.264296531677246,-7.690755367279053,-7.214824199676514,-7.641299247741699,-7.735054969787598,-7.5998616218566895,-6.925576210021973,-6.321897983551025,-6.501052379608154,-7.156675338745117,-8.093073844909668,-8.614325523376465,-8.562067985534668,-8.24849796295166,-8.135041236877441
-1.7280824184417725,1.3630255460739136,3.891713857650757,4.126731872558594,4.033437252044678,4.395219802856445,3.1506354808807373,-1.2179886102676392,-1.9283970594406128,-3.0443618297576904,-6.137650012969971,-6.493995189666748,-8.100701332092285,-8.986838340759277,-9.665312767028809,-10.376288414001465,-9.868282318115234,-9.214861869812012,-9.140438079833984,-8.907060623168945,-8.481416702270508,-8.187090873718262,-7.601324558258057,-7.373345375061035,-7.340217113494873,-6.54931116104126,-7.057644844055176,-7.6732659339904785,-6.140815258026123,-6.289927005767822,-7.421657085418701,-7.680164813995361,-7.459803104400635,-7.173285961151123,-7.23317289352417,-7.032390594482422,-6.458800315856934,-6.775789737701416,-7.540444850921631,-8.209360122680664,-8.5654296875,-8.08772087097168,-7.843036651611328
-0.7990805506706238,0.46757271885871887,1.373773217201233,3.1007773876190186,4.148497104644775,4.147425651550293,4.1828413009643555,0.7113680839538574,-1.3340792655944824,-3.4774911403656006,-6.283435821533203,-6.214530944824219,-7.953200817108154,-8.026060104370117,-8.319079399108887,-9.949468612670898,-10.145186424255371,-9.271288871765137,-8.936619758605957,-8.62610149383545,-7.870964527130127,-7.490261077880859,-7.421020984649658,-6.899318218231201,-6.202327251434326,-6.236822605133057,-7.096167087554932,-6.640622615814209,-5.892611980438232,-7.089062690734863,-7.166558265686035,-6.726266860961914,-7.523769378662109,-7.414720058441162,-6.6269402503967285,-6.571835994720459,-6.199099063873291,-6.3589253425598145,-7.262753486633301,-7.7980875968933105,-8.148038864135742,-7.991432189941406,-7.572206974029541
0.5909199118614197,0.15067364275455475,-0.23689936101436615,1.1716610193252563,2.4384944438934326,3.6295368671417236,3.791594982147217,-0.804986298084259,-4.189517021179199,-5.677404403686523,-6.7493367195129395,-6.155523777008057,-7.297543048858643,-7.8475728034973145,-7.899205207824707,-8.526618957519531,-9.038783073425293,-8.907206535339355,-8.222047805786133,-7.299614429473877,-6.772043228149414,-7.028765678405762,-7.527157306671143,-7.2242913246154785,-6.322329998016357,-5.9113993644714355,-6.096505641937256,-6.289576053619385,-6.237678050994873,-5.889419078826904,-6.29459810256958,-7.193500518798828,-7.531774044036865,-7.167579650878906,-6.474071025848389,-6.06463623046875,-6.1611528396606445,-6.450931549072266,-7.046258926391602,-7.490573406219482,-7.505988597869873,-7.577054023742676,-7.306834697723389
0.3608788251876831,-0.26118797063827515,-0.042360786348581314,0.0760827511548996,0.76435387134552,3.0670223236083984,3.311375379562378,-2.016791343688965,-5.25963020324707,-5.765532493591309,-5.756983280181885,-5.250580787658691,-6.662275791168213,-7.406875133514404,-7.9420695304870605,-8.19965648651123,-8.21194076538086,-7.687663555145264,-7.26108455657959,-6.596765041351318,-6.124629497528076,-6.205849647521973,-6.504303932189941,-6.110744953155518,-5.609375953674316,-5.492064952850342,-5.780427932739258,-5.9330058097839355,-5.567833423614502,-5.494154930114746,-5.849093914031982,-6.33022928237915,-7.159816265106201,-7.140997886657715,-6.616322040557861,-6.417717933654785,-6.054333209991455,-6.304511070251465,-6.692169189453125,-6.892672061920166,-6.932218074798584,-6.835113525390625,-6.6943769454956055
-0.4449829161167145,-2.256953239440918,-2.1595540046691895,-0.9828811287879944,0.32203245162963867,2.6532323360443115,3.0728940963745117,-2.457566976547241,-5.267644882202148,-5.220834255218506,-5.3006110191345215,-5.520859718322754,-6.048167705535889,-6.2476701736450195,-7.277141094207764,-7.518322944641113,-6.741955280303955,-5.890878677368164,-7.354532241821289,-6.764764308929443,-5.653824806213379,-6.060129165649414,-6.019309997558594,-5.59586238861084,-5.425203800201416,-5.370246410369873,-5.484663486480713,-5.331057548522949,-4.667346477508545,-4.632438659667969,-4.954408168792725,-5.435926914215088,-6.126779079437256,-6.479653358459473,-6.437321662902832,-6.388655662536621,-6.286066055297852,-6.156148433685303,-6.167352199554443,-6.2112040519714355,-6.227463722229004,-6.125696182250977,-5.901165962219238
-3.835679531097412,-4.544248104095459,-2.9258875846862793,-1.2761294841766357,-0.19425103068351746,2.8256888389587402,2.8736438751220703,-3.845428705215454,-6.203578948974609,-4.918676853179932,-4.3930206298828125,-5.6350812911987305,-6.545523166656494,-5.717713356018066,-7.097161293029785,-7.658758163452148,-7.685739517211914,-7.315818786621094,-6.731302261352539,-5.894989013671875,-5.977297306060791,-6.329152584075928,-6.18648099899292,-5.58025598526001,-5.257806301116943,-5.852178573608398,-5.607182025909424,-5.052730083465576,-4.7540202140808105,-4.537256240844727,-4.7882795333862305,-5.0745439529418945,-5.530916213989258,-5.944093227386475,-5.9840240478515625,-5.91316556930542,-5.74023962020874,-5.526515007019043,-5.3745245933532715,-5.332680702209473,-5.397951602935791,-5.33302116394043,-5.180817127227783
-4.785041809082031,-5.360668659210205,-3.245901107788086,-1.8367290496826172,-0.14102958142757416,2.7035162448883057,0.7982814311981201,-5.342686653137207,-4.786595821380615,-3.116368532180786,-4.36743688583374,-6.291267395019531,-6.2139716148376465,-5.618293762207031,-6.891796588897705,-7.128325462341309,-7.123326778411865,-6.624472618103027,-6.816107273101807,-6.5254058837890625,-5.838606357574463,-5.202884674072266,-5.191213130950928,-5.876597881317139,-5.934367656707764,-6.244399070739746,-6.431514739990234,-5.753321647644043,-5.10515022277832,-4.727067470550537,-4.560760021209717,-4.762945175170898,-5.013102054595947,-5.302913665771484,-5.280242919921875,-5.000715732574463,-4.8004631996154785,-4.570387363433838,-4.434822082519531,-4.453976631164551,-4.560560703277588,-4.569363117218018,-4.591014385223389
-4.829058647155762,-4.770859241485596,-1.9992382526397705,-0.6836757659912109,0.8546448349952698,3.0143232345581055,-0.9011819362640381,-5.007061958312988,-1.937329888343811,-1.0518825054168701,-4.279290199279785,-6.9527506828308105,-6.078342914581299,-5.389935493469238,-5.970604419708252,-5.97317361831665,-6.189801216125488,-6.367038249969482,-5.638479232788086,-5.024425983428955,-6.026661396026611,-6.334752082824707,-5.504017353057861,-5.508171081542969,-6.065993785858154,-6.1590423583984375,-6.335651397705078,-5.803104877471924,-4.54393196105957,-4.4439263343811035,-4.66813325881958,-4.8180131912231445,-4.514509677886963,-4.379029750823975,-4.7392778396606445,-4.379702091217041,-4.126615047454834,-3.8225369453430176,-3.703921318054199,-3.7632498741149902,-3.8887088298797607,-4.005681991577148,-4.134464263916016
-5.141505718231201,-4.409364700317383,-1.0751559734344482,0.22354643046855927,1.4436079263687134,3.1578919887542725,-0.4582497477531433,-3.934567451477051,-2.632227897644043,-3.092963695526123,-4.429238319396973,-5.90435266494751,-6.205001354217529,-5.546523094177246,-5.742204189300537,-5.875460624694824,-5.66909646987915,-5.886047840118408,-5.386587142944336,-5.219346523284912,-6.422943115234375,-7.271244049072266,-6.352070331573486,-5.848612308502197,-5.762373924255371,-5.641093730926514,-6.094128131866455,-5.246781349182129,-4.469681739807129,-4.015259742736816,-3.8738160133361816,-4.302845478057861,-3.5549607276916504,-3.5593605041503906,-4.04453706741333,-3.897059679031372,-3.8197519779205322,-3.597118854522705,-3.5638256072998047,-3.607146978378296,-3.7197892665863037,-3.7895278930664062,-3.6533091068267822
-5.701987266540527,-4.556535243988037,-0.13035809993743896,1.7853093147277832,2.5998075008392334,3.25434947013855,-0.11153534054756165,-2.7989304065704346,-3.0630552768707275,-4.211810111999512,-4.1473822593688965,-4.744888782501221,-5.847525596618652,-5.707295894622803,-5.876000881195068,-6.206993103027344,-5.504256248474121,-5.2249627113342285,-5.748316287994385,-5.866979598999023,-6.190520286560059,-6.030167102813721,-4.418597221374512,-5.767527103424072,-8.200167655944824,-6.326874732971191,-3.95928692817688,-4.516913890838623,-4.499762535095215,-3.895984172821045,-3.093158006668091,-3.260202646255493,-3.5995230674743652,-3.557351589202881,-3.674894094467163,-3.5743162631988525,-3.669076681137085,-3.7067878246307373,-3.6772308349609375,-3.6857259273529053,-3.746687412261963,-3.637718439102173,-3.3162741661071777
-5.782807350158691,-3.5468811988830566,0.5230103731155396,2.6906344890594482,3.3189313411712646,2.4500834941864014,-0.9007687568664551,-2.191389799118042,-0.7448035478591919,-1.6312336921691895,-4.198289394378662,-4.0692033767700195,-4.73493766784668,-5.707495212554932,-5.814320087432861,-6.197639465332031,-5.709226608276367,-5.325141429901123,-5.258204460144043,-5.7341628074646,-6.274303436279297,-5.62621545791626,-4.846790313720703,-6.185441017150879,-6.844778537750244,-5.910584926605225,-5.601374626159668,-3.919933319091797,-2.2303667068481445,-3.3737900257110596,-3.1791346073150635,-2.834667444229126,-3.5800657272338867,-3.6597652435302734,-3.742147207260132,-3.4226739406585693,-3.511176109313965,-3.810577630996704,-3.8833565711975098,-3.8672306537628174,-3.861393690109253,-3.7424235343933105,-3.403797149658203
-4.153384208679199,-2.8982231616973877,-0.6561174988746643,0.8913076519966125,1.8462042808532715,0.1471773386001587,-2.0970540046691895,-0.3268320858478546,0.8770959973335266,-1.9225457906723022,-2.942401647567749,-3.4878597259521484,-4.830984115600586,-5.095954418182373,-5.291302680969238,-5.629326820373535,-5.419878959655762,-5.240738391876221,-5.47471284866333,-5.759909629821777,-5.754294395446777,-5.508090972900391,-5.253074645996094,-5.816979885101318,-6.166396617889404,-5.041635990142822,-4.247531414031982,-4.486130237579346,-3.853452205657959,-3.253739833831787,-2.874579429626465,-2.503843307495117,-2.921527862548828,-3.188365936279297,-3.3447048664093018,-3.3843557834625244,-3.5119683742523193,-3.67749285697937,-3.551326036453247,-3.4302897453308105,-3.434267997741699,-3.5081136226654053,-3.495084762573242
