data/wind_data/wind_29_5.json
{"header": {"parameterUnit": "KT", "parameterCategory": 2, "nx": 256, "ny": 198, "lo1": 44.73521041870117, "la1": -3.236724853515625, "lo2": 111.26478576660156, "la2": 43.468475341796875, "dx": 0.2609002888202667, "dy": -0.23708222806453705, "refTime": "2025-02-20 05:00:00", "forecastTime": 0, "parameterNumber": 2, "parameterNumberName": "eastward_wind"}, "data":
[rows 57 to 75 of 198, columns 44 to 87 of 256]
-10.264301300048828,-10.6658935546875,-11.093427658081055,-11.563169479370117,-11.951620101928711,-12.19780445098877,-12.31039047241211,-12.286895751953125,-12.177240371704102,-12.084965705871582,-12.044092178344727,-11.987935066223145,-11.911293029785156,-11.854480743408203,-11.82325553894043,-11.793068885803223,-11.635946273803711,-11.348586082458496,-11.159808158874512,-11.110302925109863,-11.113874435424805,-11.16755485534668,-11.242690086364746,-11.324316024780273,-11.399613380432129,-11.421269416809082,-11.431584358215332,-11.449740409851074,-11.377570152282715,-11.224902153015137,-11.002577781677246,-10.716023445129395,-10.419489860534668,-10.003096580505371,-9.575197219848633,-9.137402534484863,-8.67966079711914,-8.205044746398926,-7.940456867218018,-7.889115333557129,-7.884713172912598,-7.864116668701172,-7.872315406799316,-8.066909790039062
-9.150559425354004,-9.603853225708008,-10.100631713867188,-10.620742797851562,-11.095788955688477,-11.463113784790039,-11.668707847595215,-11.692541122436523,-11.607524871826172,-11.52033805847168,-11.497788429260254,-11.5158052444458,-11.522170066833496,-11.483843803405762,-11.422998428344727,-11.399874687194824,-11.278646469116211,-11.025908470153809,-10.766379356384277,-10.60467529296875,-10.465754508972168,-10.302522659301758,-10.251832008361816,-10.345185279846191,-10.474255561828613,-10.490047454833984,-10.464761734008789,-10.451461791992188,-10.334911346435547,-10.083251953125,-9.83758544921875,-9.642281532287598,-9.367256164550781,-8.922791481018066,-8.395722389221191,-7.906503677368164,-7.553802490234375,-7.162579536437988,-6.699771404266357,-6.504566192626953,-6.575276851654053,-6.571954727172852,-6.545848369598389,-6.622928619384766
-8.07302474975586,-8.601717948913574,-9.232463836669922,-9.865017890930176,-10.458025932312012,-10.947319030761719,-11.256300926208496,-11.35795783996582,-11.31136703491211,-11.18677806854248,-11.055840492248535,-10.966532707214355,-10.929482460021973,-10.939275741577148,-10.982237815856934,-10.978836059570312,-10.847525596618652,-10.63116455078125,-10.415840148925781,-10.240345001220703,-10.028291702270508,-9.798833847045898,-9.619706153869629,-9.537847518920898,-9.520320892333984,-9.52313232421875,-9.540090560913086,-9.518479347229004,-9.361457824707031,-9.068816184997559,-8.708702087402344,-8.43910026550293,-8.153276443481445,-7.786994457244873,-7.314408302307129,-6.713465213775635,-6.258707046508789,-5.959935188293457,-5.63641881942749,-5.371267318725586,-5.344400882720947,-5.438571453094482,-5.436673164367676,-5.397288799285889
-7.113417625427246,-7.679165363311768,-8.39736270904541,-9.177303314208984,-9.890643119812012,-10.449359893798828,-10.809882164001465,-10.9759521484375,-11.021686553955078,-11.013435363769531,-10.892760276794434,-10.649629592895508,-10.411726951599121,-10.287962913513184,-10.290960311889648,-10.33388900756836,-10.310158729553223,-10.179362297058105,-9.973447799682617,-9.739367485046387,-9.494909286499023,-9.296010971069336,-9.146005630493164,-9.003170013427734,-8.85677433013916,-8.777650833129883,-8.716391563415527,-8.598257064819336,-8.413963317871094,-8.196981430053711,-7.865152359008789,-7.47737979888916,-6.995953559875488,-6.490110397338867,-6.052586078643799,-5.679193019866943,-5.325399875640869,-4.97857141494751,-4.611392021179199,-4.296838760375977,-4.151284217834473,-4.120140075683594,-4.083316802978516,-4.070685863494873
-6.329401969909668,-6.930141448974609,-7.645060062408447,-8.407015800476074,-9.074227333068848,-9.538729667663574,-9.816650390625,-9.984763145446777,-10.120234489440918,-10.264396667480469,-10.304537773132324,-10.15529727935791,-9.921113014221191,-9.744773864746094,-9.661032676696777,-9.616003036499023,-9.578160285949707,-9.51878547668457,-9.385786056518555,-9.150734901428223,-8.89295768737793,-8.718505859375,-8.63288688659668,-8.49810791015625,-8.288862228393555,-8.140655517578125,-8.005126953125,-7.829247951507568,-7.6067657470703125,-7.347834587097168,-7.019358158111572,-6.621805667877197,-6.12192964553833,-5.630122661590576,-5.171918869018555,-4.830560684204102,-4.530935764312744,-4.147858142852783,-3.739100217819214,-3.3759186267852783,-3.075787305831909,-2.8029420375823975,-2.592888355255127,-2.4935853481292725
-5.488528728485107,-6.065803050994873,-6.65689754486084,-7.207911491394043,-7.684669494628906,-7.995114803314209,-8.113667488098145,-8.175975799560547,-8.29670524597168,-8.486520767211914,-8.690022468566895,-8.81891918182373,-8.825690269470215,-8.728796005249023,-8.63860034942627,-8.604086875915527,-8.611098289489746,-8.602832794189453,-8.534228324890137,-8.371248245239258,-8.156808853149414,-7.994168758392334,-7.883677005767822,-7.751924991607666,-7.544424057006836,-7.448600769042969,-7.302900791168213,-7.025983810424805,-6.737721920013428,-6.422362804412842,-6.1005754470825195,-5.713797569274902,-5.278129577636719,-4.830507278442383,-4.382430553436279,-4.094988822937012,-3.892967939376831,-3.495515823364258,-2.946967601776123,-2.436159372329712,-1.9681754112243652,-1.5268685817718506,-1.0968648195266724,-0.80911785364151
-4.305446147918701,-4.836491584777832,-5.311204433441162,-5.689931869506836,-5.94592809677124,-6.10490083694458,-6.152013778686523,-6.112283706665039,-6.096153259277344,-6.171365737915039,-6.363958835601807,-6.624221324920654,-6.851381778717041,-6.89371395111084,-6.864135265350342,-6.8824005126953125,-6.963534355163574,-7.023648262023926,-7.016115188598633,-6.988369464874268,-6.916569709777832,-6.871602535247803,-6.775166034698486,-6.6562700271606445,-6.472072601318359,-6.322377681732178,-6.115622043609619,-5.831413745880127,-5.548043727874756,-5.32490873336792,-5.060362339019775,-4.741541385650635,-4.467906951904297,-4.146884441375732,-3.7731945514678955,-3.5091605186462402,-3.217538833618164,-2.767465114593506,-2.1854605674743652,-1.6401913166046143,-1.0267093181610107,-0.40320223569869995,0.1619955450296402,0.607033908367157
-3.084655523300171,-3.6031627655029297,-4.046950340270996,-4.3487629890441895,-4.528258800506592,-4.6565327644348145,-4.7498884201049805,-4.757349491119385,-4.715035915374756,-4.6811981201171875,-4.730705738067627,-4.85115385055542,-4.934851169586182,-4.9129133224487305,-4.83140230178833,-4.757182598114014,-4.727932929992676,-4.7803120613098145,-4.870499610900879,-4.978432655334473,-5.028464317321777,-4.981679439544678,-4.955794811248779,-5.021214485168457,-5.019906520843506,-4.8839850425720215,-4.6719183921813965,-4.37630558013916,-4.133877754211426,-3.9166347980499268,-3.8297908306121826,-3.607769727706909,-3.5009210109710693,-3.3916988372802734,-3.168613910675049,-2.8452320098876953,-2.4154834747314453,-1.8413975238800049,-1.2932610511779785,-0.7240205407142639,-0.02841588668525219,0.6864869594573975,1.374055027961731,1.9613845348358154
-2.264573335647583,-2.8052256107330322,-3.29823637008667,-3.6210432052612305,-3.7824268341064453,-3.8711302280426025,-3.970329523086548,-4.0674614906311035,-4.145053863525391,-4.169247150421143,-4.1371355056762695,-4.06621789932251,-3.9674694538116455,-3.810352325439453,-3.5742905139923096,-3.327699899673462,-3.1028504371643066,-2.978003978729248,-2.946254253387451,-2.948347568511963,-2.898837089538574,-2.842357873916626,-2.8673348426818848,-2.9668164253234863,-3.066494941711426,-3.0691614151000977,-2.9366252422332764,-2.785618782043457,-2.6362204551696777,-2.487697124481201,-2.433008909225464,-2.37250018119812,-2.317021369934082,-2.3105432987213135,-2.1839113235473633,-1.8925800323486328,-1.4683024883270264,-0.9596467614173889,-0.41467633843421936,0.23162803053855896,0.9770022034645081,1.7029378414154053,2.4433867931365967,3.0841948986053467
-1.6566791534423828,-2.1071386337280273,-2.558389902114868,-2.8829922676086426,-3.029097557067871,-3.0437874794006348,-3.017794609069824,-3.044663667678833,-3.1341707706451416,-3.243567943572998,-3.2998266220092773,-3.2510931491851807,-3.1286909580230713,-2.9673845767974854,-2.7810754776000977,-2.5782315731048584,-2.3678088188171387,-2.1856443881988525,-2.0264744758605957,-1.8478116989135742,-1.6294418573379517,-1.4367567300796509,-1.3009001016616821,-1.1976569890975952,-1.1220120191574097,-1.0931823253631592,-1.0582038164138794,-0.9803228974342346,-0.8774724006652832,-0.8874270915985107,-1.0084010362625122,-1.0706424713134766,-1.1299798488616943,-1.1036262512207031,-0.9481837749481201,-0.6565441489219666,-0.25918489694595337,0.16688242554664612,0.6611419916152954,1.2563762664794922,1.9345990419387817,2.6438629627227783,3.3439245223999023,3.9355392456054688
-0.49602511525154114,-0.7534979581832886,-1.0053560733795166,-1.2272785902023315,-1.3652082681655884,-1.3904097080230713,-1.3316856622695923,-1.2777825593948364,-1.2894797325134277,-1.3699264526367188,-1.4816337823867798,-1.5478360652923584,-1.551551103591919,-1.526113510131836,-1.5257583856582642,-1.5318278074264526,-1.5102030038833618,-1.4541467428207397,-1.347482681274414,-1.211250901222229,-1.054674506187439,-0.8502957820892334,-0.5694047808647156,-0.23301997780799866,0.09211353212594986,0.3326922357082367,0.5138394832611084,0.6780940294265747,0.7629115581512451,0.6778246760368347,0.5350833535194397,0.38051095604896545,0.24076782166957855,0.22369344532489777,0.32621628046035767,0.5816632509231567,0.9674075841903687,1.4042208194732666,1.9295865297317505,2.48079514503479,3.0409653186798096,3.667283296585083,4.273618698120117,4.849430084228516
1.0170530080795288,0.9108708500862122,0.8697813153266907,0.8431793451309204,0.7881946563720703,0.7466744780540466,0.7256235480308533,0.704186201095581,0.6682339906692505,0.618289589881897,0.5609750151634216,0.48970499634742737,0.4085317850112915,0.32938551902770996,0.21931642293930054,0.07206028699874878,-0.06555379182100296,-0.13901029527187347,-0.14368930459022522,-0.11084502190351486,-0.06189235299825668,0.04746134206652641,0.25607970356941223,0.5742579698562622,0.9526477456092834,1.310609221458435,1.6065253019332886,1.8312458992004395,1.9588385820388794,1.9664710760116577,1.9006564617156982,1.7995333671569824,1.7461910247802734,1.7542749643325806,1.8113973140716553,2.021160125732422,2.3424124717712402,2.754392623901367,3.263460397720337,3.835840940475464,4.405246734619141,4.927764415740967,5.4389848709106445,5.94011926651001
2.0081417560577393,1.9973487854003906,2.088466167449951,2.2387311458587646,2.3630449771881104,2.428339719772339,2.4098851680755615,2.329817295074463,2.202338695526123,2.116302251815796,2.130497455596924,2.1571195125579834,2.123586893081665,2.0000760555267334,1.8076207637786865,1.6025487184524536,1.438847541809082,1.3392164707183838,1.3031907081604004,1.2849297523498535,1.3180607557296753,1.393249273300171,1.5548858642578125,1.804145336151123,2.0935027599334717,2.387186288833618,2.616671085357666,2.7447924613952637,2.7922744750976562,2.806654453277588,2.8166701793670654,2.837491750717163,2.8891103267669678,3.026726245880127,3.3097193241119385,3.7041208744049072,4.115383625030518,4.5238261222839355,4.990492343902588,5.473570346832275,5.9626970291137695,6.438431739807129,6.891143798828125,7.341857433319092
2.697343349456787,2.753296136856079,2.9321281909942627,3.1769754886627197,3.432438850402832,3.6170732975006104,3.669166326522827,3.6070241928100586,3.4840965270996094,3.4018044471740723,3.429964780807495,3.537740468978882,3.5733015537261963,3.40740704536438,3.069321870803833,2.705479860305786,2.4852652549743652,2.3974475860595703,2.3762624263763428,2.4014298915863037,2.4379823207855225,2.50217342376709,2.6757638454437256,2.9729726314544678,3.2990329265594482,3.5687294006347656,3.6969103813171387,3.6795639991760254,3.582470655441284,3.5088841915130615,3.484621286392212,3.5217907428741455,3.656682252883911,3.9640774726867676,4.471409797668457,5.0604705810546875,5.693436622619629,6.31751823425293,6.901116371154785,7.412907123565674,7.836766719818115,8.217329025268555,8.62395191192627,9.043089866638184
3.917823076248169,4.008069038391113,4.176945209503174,4.399421215057373,4.637343406677246,4.835490703582764,4.924195289611816,4.931853771209717,4.894789695739746,4.867766380310059,4.846704483032227,4.914216995239258,4.907900810241699,4.712759494781494,4.255046844482422,3.7057173252105713,3.2953686714172363,3.113577127456665,3.0711214542388916,3.096505880355835,3.1635582447052,3.2725677490234375,3.5201191902160645,3.8830859661102295,4.256160259246826,4.550716400146484,4.6544084548950195,4.567832946777344,4.3736186027526855,4.20945930480957,4.159521102905273,4.256465435028076,4.520281791687012,4.944804668426514,5.489554405212402,6.1215362548828125,6.861578941345215,7.660848617553711,8.445477485656738,9.089818954467773,9.58236026763916,9.929291725158691,10.29319953918457,10.706604957580566
5.671640872955322,5.78418493270874,5.915696144104004,6.06220006942749,6.177937984466553,6.248356342315674,6.29288911819458,6.336477756500244,6.3891706466674805,6.420563220977783,6.388400554656982,6.275793075561523,6.076564311981201,5.7475152015686035,5.279812335968018,4.757071018218994,4.316720008850098,4.044787406921387,3.924177408218384,3.9021530151367188,3.9691638946533203,4.139303207397461,4.429661273956299,4.792594909667969,5.1475629806518555,5.397823810577393,5.494100093841553,5.4128336906433105,5.207752704620361,5.006102085113525,4.923831939697266,5.020071983337402,5.3412981033325195,5.853279113769531,6.4918389320373535,7.211626052856445,7.997159481048584,8.821249008178711,9.615994453430176,10.364194869995117,10.979344367980957,11.446415901184082,11.813904762268066,12.198003768920898
7.396900653839111,7.560588359832764,7.6980133056640625,7.804622173309326,7.84101676940918,7.807084083557129,7.767757892608643,7.785623550415039,7.838099956512451,7.8526177406311035,7.762146472930908,7.509303569793701,7.112637519836426,6.605335712432861,6.108032703399658,5.70797061920166,5.423649787902832,5.2284464836120605,5.080408573150635,5.008939743041992,5.0602803230285645,5.263175010681152,5.574256896972656,5.9096808433532715,6.171351909637451,6.305550575256348,6.333617687225342,6.270063877105713,6.145193099975586,5.998363494873047,5.91628885269165,5.973921775817871,6.2305803298950195,6.7170634269714355,7.398991107940674,8.213129043579102,9.09157657623291,9.948521614074707,10.722332000732422,11.445759773254395,12.095914840698242,12.682257652282715,13.171977996826172,13.613364219665527
8.868727684020996,9.141862869262695,9.340897560119629,9.433847427368164,9.4212646484375,9.325289726257324,9.219439506530762,9.165754318237305,9.132000923156738,9.041108131408691,8.825891494750977,8.456339836120605,7.977678298950195,7.4650468826293945,7.025853157043457,6.727753639221191,6.548504829406738,6.4172492027282715,6.278353214263916,6.181819915771484,6.211836338043213,6.427636623382568,6.7637739181518555,7.092120170593262,7.316628932952881,7.407023906707764,7.3989715576171875,7.339690208435059,7.247567653656006,7.1575608253479,7.104807376861572,7.146703243255615,7.342740058898926,7.734793663024902,8.344060897827148,9.14091682434082,10.036428451538086,10.93493366241455,11.754728317260742,12.443914413452148,13.069334030151367,13.680327415466309,14.27873706817627,14.863152503967285
10.185979843139648,10.526663780212402,10.821393013000488,10.960113525390625,10.93377685546875,10.789670944213867,10.575906753540039,10.342239379882812,10.127013206481934,9.914204597473145,9.64180850982666,9.263192176818848,8.80767822265625,8.375335693359375,8.05154800415039,7.84310245513916,7.695039749145508,7.548154354095459,7.398806095123291,7.30366325378418,7.350180625915527,7.586758613586426,7.926083564758301,8.241271018981934,8.467411994934082,8.615036010742188,8.698765754699707,8.714797973632812,8.648664474487305,8.523049354553223,8.407718658447266,8.40653133392334,8.589599609375,8.957513809204102,9.502906799316406,10.213615417480469,11.046398162841797,11.933548927307129,12.772699356079102,13.484285354614258,14.060593605041504,14.576228141784668,15.1524019241333,15.840821266174316
