data/wind_data/wind_41_7.json
{"header": {"parameterUnit": "KT", "parameterCategory": 2, "nx": 256, "ny": 198, "lo1": 44.73521041870117, "la1": -3.236724853515625, "lo2": 111.26478576660156, "la2": 43.468475341796875, "dx": 0.2609002888202667, "dy": -0.23708222806453705, "refTime": "2025-02-20 17:00:00", "forecastTime": 0, "parameterNumber": 2, "parameterNumberName": "eastward_wind"}, "data":
[rows 140 to 159 of 198, columns 132 to 175 of 256]
50.08525848388672,52.62131118774414,54.772911071777344,54.14982604980469,52.843990325927734,53.02126693725586,53.20592498779297,52.57701110839844,49.7852783203125,45.92261505126953,44.446868896484375,45.214595794677734,46.068138122558594,47.7547721862793,51.7026481628418,54.26801681518555,52.45873260498047,51.00734329223633,53.704315185546875,58.11860656738281,60.387184143066406,59.91432571411133,59.094425201416016,59.607879638671875,60.70577621459961,60.81563186645508,60.118553161621094,59.70409393310547,59.68169021606445,59.93315505981445,60.223533630371094,60.643070220947266,60.72532272338867,61.83820724487305,63.37392044067383,63.053836822509766,61.385765075683594,61.27839279174805,63.74912643432617,66.22393035888672,67.82826232910156,69.54167175292969,71.09890747070312,71.71682739257812
53.761131286621094,54.75148010253906,53.76172637939453,52.655242919921875,52.73773193359375,52.577003479003906,52.40375518798828,52.59544372558594,49.47395324707031,44.5665397644043,42.58238983154297,43.34904479980469,44.62516784667969,47.08668518066406,51.55253601074219,54.534759521484375,53.74170684814453,52.59822082519531,53.68495178222656,55.87753677368164,56.948184967041016,56.888362884521484,57.08610534667969,57.60940170288086,57.91940689086914,57.83981704711914,58.049400329589844,58.38268280029297,58.77437973022461,58.82493591308594,58.563560485839844,57.95348358154297,57.91925048828125,59.45630645751953,61.152565002441406,61.37472915649414,60.7156867980957,61.392459869384766,63.09878921508789,65.24341583251953,66.62703704833984,67.19149017333984,67.28231811523438,68.07072448730469
57.725181579589844,57.74065017700195,54.512393951416016,53.51180648803711,54.325077056884766,53.216888427734375,51.167030334472656,49.19675064086914,45.474727630615234,41.514461517333984,40.439674377441406,42.12004852294922,44.660484313964844,48.3994026184082,52.986541748046875,55.36293411254883,54.763336181640625,53.5600471496582,53.21809387207031,53.29069137573242,53.37818908691406,54.10956573486328,55.16166305541992,55.59149932861328,55.63909149169922,56.299530029296875,57.22394561767578,57.381038665771484,57.19159698486328,57.030399322509766,56.68701171875,56.27767562866211,56.39253616333008,57.36153793334961,58.270355224609375,58.87783432006836,59.43694305419922,60.47281265258789,61.22450637817383,62.070987701416016,63.130733489990234,63.847991943359375,64.31153106689453,65.69424438476562
58.38240051269531,58.95903015136719,56.80801773071289,55.492855072021484,53.69362258911133,51.348426818847656,49.650123596191406,47.274112701416016,42.8500862121582,39.248512268066406,39.575775146484375,42.92961502075195,46.53996658325195,50.35031509399414,53.98584747314453,55.548011779785156,54.81243133544922,53.21870040893555,51.96907424926758,51.349857330322266,51.502532958984375,52.60737609863281,53.6320915222168,53.90196990966797,54.34355163574219,55.18263626098633,56.08777618408203,56.72188186645508,56.43711853027344,55.03144073486328,53.633914947509766,53.55463409423828,54.506717681884766,55.40398025512695,55.976646423339844,56.68820571899414,57.9582633972168,58.937965393066406,59.099430084228516,59.42801284790039,60.36423110961914,61.16473388671875,61.99159622192383,63.899559020996094
57.51515197753906,58.96220397949219,58.062461853027344,55.08104705810547,51.06326675415039,49.34776306152344,49.7170524597168,49.036720275878906,45.95745086669922,43.046531677246094,43.14952087402344,45.5982780456543,48.38359451293945,51.11524200439453,53.277976989746094,54.035430908203125,53.071754455566406,51.584808349609375,50.76646423339844,50.753883361816406,51.01565933227539,51.59080123901367,52.27754592895508,53.22443771362305,53.94517517089844,54.67184829711914,55.15058898925781,55.10991287231445,53.29160690307617,51.03200149536133,51.38264846801758,53.68818283081055,55.195438385009766,55.455875396728516,55.56747055053711,56.50796127319336,57.93317794799805,58.55216979980469,58.12298583984375,58.04817199707031,58.99763107299805,60.15682601928711,61.158226013183594,62.70346450805664
57.741302490234375,58.08980178833008,55.849143981933594,52.244728088378906,50.15555191040039,51.0235595703125,52.10869216918945,51.3558464050293,49.3895149230957,47.50554656982422,46.869041442871094,47.78349685668945,49.3244743347168,50.43031692504883,50.90205764770508,50.978519439697266,50.33464813232422,49.67985916137695,50.10564041137695,50.71151351928711,50.278839111328125,49.49246597290039,50.33350372314453,52.787410736083984,55.17218017578125,55.90625762939453,54.81273651123047,52.62764358520508,50.158206939697266,49.744972229003906,52.31966018676758,55.58906173706055,56.42173385620117,56.054134368896484,56.096832275390625,56.722225189208984,56.945579528808594,56.64420700073242,56.61769104003906,57.48849868774414,58.94038391113281,60.15403747558594,61.100563049316406,62.27544403076172
57.732093811035156,55.42259979248047,52.96343994140625,51.985774993896484,52.23495864868164,53.039188385009766,53.036407470703125,51.79949188232422,50.49082565307617,49.668006896972656,49.283851623535156,49.19031524658203,49.17424392700195,48.73822021484375,48.175514221191406,47.930301666259766,47.458980560302734,47.88481140136719,49.68566131591797,50.988643646240234,49.63651657104492,48.55548858642578,49.88612365722656,52.63454818725586,55.16437911987305,55.28173065185547,53.91788864135742,51.439414978027344,49.47670364379883,50.25786209106445,53.85032272338867,56.70048904418945,57.0627326965332,55.92819595336914,55.19961166381836,55.33452224731445,55.50373077392578,55.65446853637695,56.352378845214844,57.6884765625,59.33472442626953,60.94785690307617,62.402164459228516,63.561553955078125
56.48716354370117,54.012142181396484,53.236045837402344,53.14964294433594,52.68070602416992,52.33085250854492,52.00335693359375,51.40380096435547,50.94569778442383,50.62672424316406,50.164955139160156,49.3197135925293,48.28525161743164,47.345088958740234,47.039615631103516,46.6462516784668,45.157108306884766,45.909664154052734,49.17927932739258,50.74178695678711,50.476993560791016,49.766258239746094,50.951934814453125,53.53297424316406,55.68441390991211,55.243099212646484,53.37712097167969,50.23909378051758,48.266048431396484,49.85847091674805,53.19267654418945,55.1717414855957,55.439964294433594,55.17971420288086,54.75359344482422,54.4644889831543,54.72589874267578,55.86616516113281,56.516414642333984,56.942283630371094,58.46303939819336,60.903324127197266,62.982383728027344,63.76728057861328
55.49875259399414,54.424522399902344,54.25931167602539,52.83876037597656,51.26933670043945,50.73603439331055,50.633941650390625,50.43557357788086,50.34603500366211,50.32810592651367,49.86457061767578,48.85763931274414,47.75184631347656,47.48677444458008,47.72938919067383,46.73748016357422,43.966888427734375,44.75491714477539,48.83183670043945,50.608116149902344,51.45425796508789,52.190059661865234,52.47163391113281,53.50114440917969,55.15010452270508,55.53078842163086,52.916805267333984,48.44648742675781,46.615169525146484,48.746341705322266,51.912742614746094,53.526344299316406,53.842445373535156,54.487850189208984,55.55635452270508,56.15156555175781,55.71700668334961,55.504764556884766,56.035884857177734,57.16273880004883,58.75694274902344,60.69911575317383,62.661434173583984,63.26321792602539
55.448883056640625,55.27392578125,54.06678009033203,51.51898193359375,49.966609954833984,49.71875762939453,49.811100006103516,50.24665832519531,50.87021255493164,50.74781799316406,49.61729431152344,47.953189849853516,46.69584655761719,46.98382568359375,47.62358474731445,46.75092697143555,44.39908981323242,45.71464538574219,49.28934860229492,50.729915618896484,51.869747161865234,53.711612701416016,53.846527099609375,53.42938232421875,54.16862106323242,53.98147964477539,50.43528366088867,46.9189567565918,47.241668701171875,49.98478317260742,51.95161819458008,52.56071472167969,52.851802825927734,53.7776985168457,55.39554977416992,56.783348083496094,56.76032638549805,56.05322265625,56.11289978027344,58.00034713745117,60.23719024658203,61.5652961730957,62.35165786743164,62.28136444091797
55.357234954833984,54.97890090942383,52.59844970703125,49.88747787475586,48.829986572265625,48.799564361572266,48.98494338989258,49.48634719848633,50.19721984863281,50.54952621459961,49.73450469970703,47.663551330566406,45.925350189208984,46.1477165222168,47.48225021362305,47.545684814453125,46.32747268676758,47.833030700683594,50.773536682128906,51.247886657714844,51.862648010253906,53.872474670410156,54.16284942626953,52.7502326965332,51.87333679199219,50.75187683105469,48.43431091308594,47.744747161865234,49.07773208618164,50.82634735107422,52.1580924987793,52.96004867553711,53.636085510253906,54.558780670166016,55.931495666503906,57.192020416259766,58.01703643798828,58.11513900756836,58.18822479248047,59.14622116088867,60.5186882019043,61.568153381347656,61.58910369873047,60.79911422729492
52.514060974121094,51.54890060424805,49.30706787109375,47.355831146240234,46.566795349121094,47.261009216308594,47.94869613647461,48.051292419433594,48.58784866333008,49.24862289428711,48.61751174926758,47.0627326965332,46.49626922607422,47.4717903137207,48.53654861450195,48.446102142333984,48.155174255371094,49.69407272338867,51.904144287109375,51.6900634765625,51.12544250488281,52.69484329223633,53.488616943359375,52.0594367980957,50.1880989074707,48.628841400146484,47.23698043823242,47.19168472290039,48.72235870361328,51.293113708496094,53.47871398925781,54.59817886352539,55.3675651550293,55.75419235229492,56.247215270996094,57.20858383178711,58.233184814453125,58.95159912109375,59.45335388183594,59.53983688354492,59.601051330566406,59.968692779541016,60.2381591796875,59.80771255493164
46.53337097167969,45.84532928466797,45.01681900024414,44.478599548339844,44.32012176513672,45.07884216308594,45.99466323852539,46.613407135009766,47.24639129638672,47.48026657104492,46.949703216552734,47.05004119873047,48.05867385864258,48.658512115478516,48.643516540527344,48.46245193481445,48.85317611694336,50.334476470947266,51.869171142578125,51.486541748046875,50.04763412475586,50.523799896240234,51.74004364013672,51.6156005859375,49.46198654174805,46.49281311035156,45.09794616699219,46.82963943481445,50.16249465942383,52.989158630371094,54.70232009887695,55.84489059448242,56.49354934692383,56.32643508911133,56.44944381713867,57.26552200317383,57.886451721191406,57.77387237548828,57.43104553222656,56.93490219116211,56.380123138427734,56.1906623840332,56.40060806274414,56.91145324707031
42.38186264038086,43.07971954345703,43.6260871887207,43.48774719238281,43.37080001831055,43.69590377807617,44.40983963012695,45.40740966796875,46.01874542236328,45.98203659057617,46.31918716430664,47.53368377685547,48.206695556640625,48.039676666259766,47.920345306396484,48.0432243347168,49.03400421142578,50.38331985473633,51.01875305175781,50.08490753173828,48.3408317565918,48.52996063232422,49.69526290893555,49.67216873168945,47.21550369262695,45.08030700683594,46.2083854675293,49.68660354614258,52.66254806518555,53.96699905395508,54.68375778198242,55.685218811035156,56.65242004394531,57.05302429199219,56.84158706665039,56.20444107055664,55.47877502441406,55.0621223449707,55.02101516723633,54.87920379638672,54.495140075683594,54.56720733642578,55.31981658935547,56.54340744018555
42.45903778076172,43.927181243896484,43.9854850769043,42.61220169067383,41.96505355834961,42.81559753417969,43.948970794677734,44.483760833740234,44.464542388916016,44.89876174926758,46.15410614013672,46.974639892578125,46.59172821044922,46.26612091064453,46.840171813964844,47.854774475097656,48.89028549194336,49.404788970947266,49.11893081665039,47.688316345214844,46.588871002197266,47.40288543701172,48.35490417480469,47.885292053222656,46.245304107666016,46.53581619262695,49.14780044555664,51.880916595458984,53.180274963378906,53.638065338134766,54.334537506103516,55.609188079833984,56.877262115478516,56.87603759765625,55.0614013671875,52.730159759521484,51.37954330444336,51.46257400512695,52.60519790649414,53.69658279418945,54.3239631652832,55.1453857421875,56.21178436279297,57.054073333740234
44.085594177246094,45.420963287353516,44.42128372192383,42.15605545043945,41.322776794433594,42.464942932128906,43.434226989746094,43.137882232666016,42.55828857421875,43.306488037109375,44.692928314208984,44.74418640136719,43.738277435302734,44.01953887939453,45.70391082763672,46.971004486083984,47.405582427978516,47.407562255859375,47.12601852416992,46.35502624511719,46.527008056640625,47.569664001464844,48.27080154418945,47.51859664916992,47.13270568847656,48.787567138671875,50.92778396606445,51.894283294677734,52.218833923339844,53.09892654418945,54.62767028808594,56.00008773803711,56.035789489746094,54.244136810302734,51.80353546142578,50.26298141479492,50.12892150878906,51.147212982177734,52.767494201660156,54.286277770996094,55.45661163330078,56.312191009521484,56.550899505615234,56.32490539550781
45.35451126098633,45.93393325805664,44.53858947753906,42.665306091308594,42.149532318115234,42.54121780395508,42.06863784790039,40.72075271606445,40.00322723388672,40.794036865234375,42.3745231628418,43.12849044799805,43.16951370239258,44.34795379638672,45.88611602783203,46.239261627197266,45.94244384765625,45.89268112182617,45.94044876098633,46.26585388183594,47.11650848388672,47.75899887084961,47.583499908447266,47.026771545410156,47.84587860107422,49.70214080810547,50.662498474121094,50.71793746948242,51.12006378173828,52.745643615722656,54.444000244140625,54.55154800415039,52.685020446777344,50.19087600708008,49.660499572753906,50.5547981262207,50.969947814941406,51.35799789428711,52.67003631591797,54.42839050292969,55.52613830566406,55.88798522949219,56.09770202636719,56.37491989135742
45.62028121948242,45.77889633178711,44.77744674682617,43.41071701049805,42.38648986816406,41.278621673583984,40.048179626464844,39.096221923828125,38.854190826416016,39.922542572021484,41.5784912109375,42.727603912353516,43.5765266418457,44.677284240722656,45.61844253540039,45.69827651977539,45.69569396972656,45.85232162475586,45.54191589355469,46.25300216674805,46.98636245727539,46.95600509643555,45.9583854675293,45.929725646972656,47.16973876953125,48.8015251159668,49.600120544433594,49.8821907043457,50.61492919921875,51.851593017578125,52.43072509765625,51.5106201171875,50.058876037597656,49.13956832885742,49.72733688354492,51.28108215332031,52.635807037353516,53.9324951171875,55.21177673339844,55.7838249206543,55.17690658569336,54.63880157470703,54.986873626708984,55.37725067138672
44.71683883666992,44.76859664916992,44.18459701538086,43.445858001708984,42.19013595581055,40.3509635925293,39.01496887207031,38.476436614990234,39.12724685668945,40.97702407836914,42.3954963684082,43.39030838012695,44.36764144897461,44.786651611328125,45.09343338012695,45.62652587890625,46.45176315307617,46.79749298095703,45.639869689941406,45.59239196777344,45.807037353515625,45.74708557128906,44.83201599121094,44.955352783203125,46.152565002441406,47.62382125854492,48.5320930480957,48.89130783081055,49.62841033935547,50.097721099853516,49.64445114135742,48.803688049316406,49.037410736083984,50.34495544433594,51.83080291748047,52.824424743652344,53.48876953125,54.044944763183594,53.87702941894531,52.959739685058594,51.98768615722656,52.40752029418945,53.78617477416992,54.32354736328125
43.19320297241211,42.166351318359375,42.24604797363281,42.95941925048828,42.35698318481445,40.89240264892578,39.43354034423828,38.011409759521484,37.956871032714844,39.89949417114258,42.68463897705078,44.891319274902344,45.6870002746582,45.02603530883789,44.78696823120117,45.923099517822266,47.1511116027832,46.954593658447266,44.93156433105469,44.238243103027344,44.864906311035156,45.61251449584961,44.8587760925293,44.60098648071289,45.79421615600586,47.1666145324707,47.87153244018555,48.02621841430664,48.38298034667969,48.41740417480469,48.038692474365234,47.77619171142578,48.901493072509766,51.05229949951172,53.15524673461914,53.9959831237793,53.06256866455078,51.69123077392578,51.19870376586914,51.17815399169922,51.33501434326172,52.14375686645508,53.380950927734375,54.01716995239258
