data/wind_data/wind_21_5.json
{"header": {"parameterUnit": "KT", "parameterCategory": 2, "nx": 256, "ny": 198, "lo1": 44.73521041870117, "la1": -3.236724853515625, "lo2": 111.26478576660156, "la2": 43.468475341796875, "dx": 0.2609002888202667, "dy": -0.23708222806453705, "refTime": "2025-02-19 21:00:00", "forecastTime": 0, "parameterNumber": 2, "parameterNumberName": "eastward_wind"}, "data":
[rows 114 to 132 of 198, columns 88 to 131 of 256]
41.93914794921875,42.395416259765625,43.0783576965332,43.747676849365234,44.11318588256836,43.99887466430664,43.505714416503906,43.00336837768555,42.76486587524414,42.75193405151367,42.83773422241211,42.83302307128906,42.78371047973633,42.68281555175781,42.65882873535156,42.87869644165039,42.773921966552734,41.949928283691406,40.98691940307617,41.20123291015625,41.72759246826172,41.70923614501953,41.71953582763672,41.193939208984375,40.09505844116211,38.622188568115234,36.939491271972656,36.3075065612793,35.94940948486328,35.440284729003906,35.22996139526367,35.27412033081055,35.314544677734375,34.945716857910156,34.23225402832031,33.96764373779297,34.400543212890625,34.71625518798828,34.17283630371094,33.07597732543945,32.29984664916992,32.02030563354492,31.40575408935547,29.875375747680664
44.27615737915039,44.27033233642578,44.55552291870117,44.92475891113281,45.00150680541992,44.65736389160156,44.09239196777344,43.77276611328125,43.85200500488281,43.89056396484375,43.59817886352539,43.20075607299805,43.11892318725586,43.37430953979492,43.262325286865234,42.99144744873047,42.435150146484375,41.44364929199219,40.60678482055664,40.90504837036133,41.72053527832031,41.87290573120117,41.41814422607422,40.489112854003906,39.33180618286133,38.010833740234375,35.92543411254883,34.66809844970703,34.168739318847656,33.8541374206543,33.97560501098633,34.570987701416016,35.14132308959961,34.71566390991211,33.48108673095703,33.017581939697266,33.81632995605469,34.58421325683594,34.3095703125,33.25984191894531,32.425960540771484,32.09146499633789,31.306621551513672,29.62406349182129
45.645328521728516,45.76939010620117,45.9168701171875,45.92454147338867,45.62880325317383,45.13981628417969,44.642398834228516,44.317073822021484,44.1524772644043,43.92770767211914,43.45252227783203,42.88093948364258,42.60437774658203,43.10577392578125,43.646141052246094,43.10964584350586,42.03213882446289,41.011653900146484,40.19475173950195,40.39373016357422,41.325439453125,41.665401458740234,40.23070526123047,39.72108840942383,38.98176193237305,37.42085266113281,34.49473571777344,32.640953063964844,32.780494689941406,33.5062255859375,34.14911651611328,34.77799987792969,34.82952117919922,33.71820831298828,32.52279281616211,32.609519958496094,33.6683464050293,34.24973678588867,33.76757049560547,32.83818054199219,32.29686737060547,32.170143127441406,31.323606491088867,29.28104591369629
46.5411376953125,46.780242919921875,46.691200256347656,46.568660736083984,46.250648498535156,45.67547607421875,44.94208526611328,44.23970413208008,43.63261032104492,43.18061828613281,42.932350158691406,42.76945877075195,42.52677917480469,42.29815673828125,42.19692611694336,41.7252311706543,41.25314712524414,41.20191192626953,40.70519256591797,40.14615249633789,40.62858963012695,40.7325553894043,39.0244255065918,37.94248962402344,36.389896392822266,34.25947952270508,32.51238250732422,31.754783630371094,32.89632797241211,34.192535400390625,34.92063522338867,35.00043487548828,34.03596115112305,32.60186004638672,32.21171569824219,33.08184051513672,33.96405792236328,33.71357727050781,32.70306396484375,31.946020126342773,31.811664581298828,32.03026580810547,31.19744110107422,28.503591537475586
47.58017349243164,47.888545989990234,47.55879592895508,47.21928787231445,46.755821228027344,45.97411346435547,44.94510269165039,43.97317886352539,43.23240661621094,42.79835510253906,42.72269058227539,42.791282653808594,42.71269989013672,42.30267333984375,41.492034912109375,40.631248474121094,40.44136428833008,40.66935729980469,40.76890182495117,40.48659896850586,40.22526168823242,39.26398849487305,38.024131774902344,37.20953369140625,34.50392150878906,32.11808395385742,32.47894287109375,33.26778030395508,34.44707489013672,35.26231384277344,35.60265350341797,35.1034049987793,33.73580551147461,32.73189926147461,32.89192199707031,33.50046920776367,33.49638366699219,32.56662368774414,31.452144622802734,30.953916549682617,31.084760665893555,31.49932289123535,30.736379623413086,27.308805465698242
48.09061813354492,48.61483383178711,48.21934127807617,47.786251068115234,47.24753952026367,46.444190979003906,45.397335052490234,44.3426513671875,43.58784484863281,43.2869987487793,43.26826858520508,43.29573059082031,43.069889068603516,42.693939208984375,41.94472122192383,40.83924865722656,40.56227493286133,40.71269226074219,40.206974029541016,40.2196159362793,40.051265716552734,38.508758544921875,37.515174865722656,35.94411087036133,28.04942512512207,29.943103790283203,34.95736312866211,36.120243072509766,36.12324142456055,36.1536750793457,36.02277755737305,35.199501037597656,33.96085739135742,33.460628509521484,33.579383850097656,33.350040435791016,32.44387435913086,31.149127960205078,30.049020767211914,29.88480567932129,30.348438262939453,30.724138259887695,29.787670135498047,26.12433624267578
48.58347702026367,49.10148620605469,48.481544494628906,47.989383697509766,47.71833801269531,47.32301712036133,46.51932907104492,45.43426513671875,44.53842544555664,44.199440002441406,44.289913177490234,44.35436248779297,43.98429870605469,43.38346481323242,42.52786636352539,41.302879333496094,41.07551956176758,41.29426574707031,40.45547866821289,40.14995193481445,40.18577194213867,39.011985778808594,36.967037200927734,33.74111557006836,30.242021560668945,32.432682037353516,35.834381103515625,37.16554260253906,37.073486328125,36.61458206176758,36.1222038269043,35.40440368652344,34.846641540527344,34.36641311645508,33.72653579711914,32.80202102661133,31.36383628845215,29.69799041748047,28.7767276763916,28.966903686523438,29.250078201293945,29.116365432739258,28.151382446289062,25.879188537597656
48.89399337768555,49.81279754638672,49.136451721191406,48.534420013427734,48.29573440551758,47.999454498291016,47.25459289550781,46.229732513427734,45.37150955200195,45.005340576171875,45.05134963989258,45.0662841796875,44.62437057495117,43.84965896606445,42.85886764526367,41.53095626831055,41.00436782836914,40.93304443359375,40.28647994995117,40.48552703857422,39.788944244384766,37.51171112060547,36.16768264770508,34.4102783203125,33.43886947631836,34.492835998535156,36.373146057128906,37.319217681884766,37.04502868652344,36.282203674316406,35.45673370361328,34.734580993652344,34.40828323364258,33.704898834228516,33.13200378417969,32.84516525268555,30.250572204589844,28.191486358642578,28.605464935302734,28.663833618164062,27.519725799560547,26.919221878051758,26.953529357910156,26.886690139770508
48.18872833251953,50.294490814208984,50.11040115356445,49.26210021972656,48.62206268310547,48.22200012207031,47.625423431396484,46.80259323120117,46.075382232666016,45.68584060668945,45.58467483520508,45.41510009765625,44.79396438598633,43.81022644042969,42.693023681640625,41.56133270263672,40.82548141479492,40.491004943847656,40.31113052368164,40.26426696777344,39.57270050048828,38.037879943847656,36.47597885131836,34.99794387817383,34.37173843383789,35.07501983642578,36.4345588684082,37.13820266723633,36.671302795410156,35.732696533203125,34.58938980102539,33.5345458984375,32.8867301940918,33.95412826538086,35.69765853881836,34.30475616455078,28.174741744995117,26.928213119506836,30.59299087524414,30.77610969543457,27.993526458740234,26.595975875854492,27.11115837097168,27.9117374420166
47.41716766357422,50.27115249633789,50.65886688232422,49.47732162475586,48.3648681640625,47.95314025878906,47.649906158447266,46.99759292602539,46.187923431396484,45.618980407714844,45.36452865600586,45.097652435302734,44.506507873535156,43.49642562866211,42.48700714111328,41.478721618652344,40.85038757324219,40.48998260498047,40.377681732177734,39.91086196899414,38.85094451904297,37.38825607299805,35.96700668334961,34.93881607055664,34.74798583984375,35.57989501953125,36.59153747558594,36.930660247802734,36.063720703125,34.84671401977539,34.1018180847168,34.167049407958984,32.78173065185547,29.482553482055664,31.873292922973633,32.97020721435547,28.897993087768555,29.3187313079834,31.02532196044922,31.856689453125,31.25580596923828,29.10139274597168,28.68767738342285,28.73189926147461
47.26030731201172,50.3652229309082,50.97160720825195,49.60285949707031,48.18534469604492,47.7021598815918,47.512542724609375,46.85477828979492,45.806060791015625,44.89499282836914,44.42293930053711,44.276981353759766,44.048866271972656,43.50564956665039,42.482444763183594,41.578983306884766,40.88167190551758,40.47480773925781,40.18650817871094,39.538673400878906,38.18054962158203,36.70671463012695,35.56840515136719,34.947940826416016,35.33959197998047,36.49693298339844,37.16260528564453,36.682682037353516,35.300296783447266,34.16841506958008,33.944236755371094,31.6554012298584,28.323604583740234,29.327693939208984,33.46271514892578,34.17093276977539,30.794748306274414,27.55093002319336,29.365825653076172,28.36724281311035,24.728944778442383,30.291423797607422,32.00087356567383,30.2884578704834
46.91997146606445,49.91886520385742,50.594207763671875,49.50859451293945,48.12310791015625,47.30845642089844,46.783809661865234,45.983619689941406,44.890071868896484,43.84408950805664,43.29701232910156,43.384944915771484,43.58460998535156,43.29023361206055,42.46188735961914,41.4193000793457,40.64554214477539,40.34046936035156,40.00436782836914,39.17624282836914,37.75947952270508,36.472999572753906,35.56209945678711,35.44697952270508,36.249298095703125,37.326507568359375,37.33264923095703,35.932960510253906,35.12112808227539,34.9539909362793,32.9846305847168,31.146190643310547,30.19913673400879,32.426918029785156,35.32322311401367,35.71277618408203,31.807865142822266,27.05154800415039,25.077781677246094,28.620662689208984,33.70256805419922,36.84756851196289,37.071598052978516,33.056095123291016
45.82986831665039,48.50349426269531,49.081573486328125,48.48633575439453,47.518802642822266,46.558223724365234,45.647605895996094,44.7379264831543,43.86480712890625,43.209590911865234,42.99822235107422,43.299232482910156,43.56389236450195,43.18964385986328,42.21397018432617,41.04013442993164,40.512325286865234,40.19923782348633,39.940185546875,38.8835563659668,37.63618087768555,36.43547439575195,35.56413269042969,35.73416519165039,36.56753158569336,37.45866394042969,36.3862190246582,35.538551330566406,34.668060302734375,31.865428924560547,29.67418670654297,29.939573287963867,32.56562042236328,34.03288269042969,34.966819763183594,35.324066162109375,32.28170394897461,28.681846618652344,27.65203094482422,29.961196899414062,35.07963562011719,36.2556266784668,37.23626708984375,34.70503234863281
43.23988723754883,45.891929626464844,46.839385986328125,47.275489807128906,47.22528839111328,46.60728073120117,45.63258361816406,44.60023498535156,43.953338623046875,43.83099365234375,44.097713470458984,44.072242736816406,43.64362716674805,42.82204818725586,41.7804069519043,40.886619567871094,40.52982711791992,40.515586853027344,40.144649505615234,39.29879379272461,37.859561920166016,36.586917877197266,35.982444763183594,36.12678146362305,36.34177017211914,36.255645751953125,35.20038986206055,34.35887145996094,34.024539947509766,31.67229652404785,29.490907669067383,29.616247177124023,31.056570053100586,32.373573303222656,33.3714714050293,34.06069564819336,33.270729064941406,30.913087844848633,30.88923454284668,31.754085540771484,33.42485427856445,34.75666046142578,37.53443145751953,35.1184196472168
39.988670349121094,44.02111053466797,46.09938049316406,47.65583419799805,48.42881774902344,48.054378509521484,47.00143814086914,46.07227325439453,45.39320373535156,45.24224090576172,45.54816818237305,45.22724914550781,44.13948440551758,42.96088409423828,41.81986618041992,40.85214614868164,39.90076446533203,39.30717468261719,38.64876174926758,37.88701248168945,37.13534927368164,36.47030258178711,36.226158142089844,36.35997009277344,36.00718688964844,34.82316970825195,33.83993148803711,32.79481887817383,32.51970672607422,32.60662841796875,31.671003341674805,28.172597885131836,28.519630432128906,30.19808006286621,32.6707649230957,33.71306228637695,32.32518005371094,30.44685173034668,31.297590255737305,30.913379669189453,36.218902587890625,41.67731857299805,34.27198791503906,25.595443725585938
38.89777374267578,44.45541763305664,46.97499465942383,48.68734359741211,49.6917839050293,49.57802963256836,48.81538772583008,47.780677795410156,47.03959655761719,46.97580337524414,46.9927978515625,46.191123962402344,45.326683044433594,44.31968688964844,42.8358039855957,41.127254486083984,40.290931701660156,36.40327453613281,35.84843826293945,37.112545013427734,35.56389617919922,34.2351188659668,35.04658889770508,36.17357635498047,36.077980041503906,34.095394134521484,32.42273712158203,31.627164840698242,31.72050666809082,32.46680450439453,28.590770721435547,26.483470916748047,28.12535285949707,30.57355308532715,30.38247299194336,30.656522750854492,29.5654296875,29.424903869628906,29.188796997070312,31.5361328125,36.92831802368164,28.755704879760742,16.921756744384766,16.01451301574707
39.902950286865234,45.654541015625,48.17763900756836,49.68983459472656,50.539710998535156,50.80739974975586,50.432838439941406,49.00856399536133,48.2375373840332,48.249332427978516,48.11697769165039,47.298583984375,46.6606330871582,44.890499114990234,43.583290100097656,41.02459716796875,36.745994567871094,31.917203903198242,29.342792510986328,29.327430725097656,29.310266494750977,29.176668167114258,30.060482025146484,33.44514465332031,34.88666915893555,33.464359283447266,31.630775451660156,30.6124324798584,31.038082122802734,30.69779396057129,28.362808227539062,27.1108455657959,28.47897720336914,28.995975494384766,28.027429580688477,28.967266082763672,27.72248649597168,28.09276580810547,27.744054794311523,31.501543045043945,29.903608322143555,15.533367156982422,9.553223609924316,13.888826370239258
39.26640319824219,45.2169189453125,48.922122955322266,51.046356201171875,52.22372055053711,52.58685302734375,51.96231460571289,50.57341384887695,49.10310363769531,48.8037109375,48.9998664855957,48.03060531616211,47.35021209716797,44.9869499206543,43.783058166503906,38.40013122558594,32.57168960571289,29.337188720703125,28.362930297851562,28.709970474243164,30.248043060302734,31.321807861328125,32.61830139160156,33.796268463134766,33.7103157043457,32.523719787597656,30.93537139892578,29.497652053833008,29.121408462524414,28.22216796875,27.18779182434082,26.801746368408203,28.394207000732422,30.31392478942871,31.78202247619629,29.507463455200195,27.936187744140625,26.571840286254883,26.87672996520996,33.123008728027344,24.403629302978516,9.425261497497559,9.217693328857422,17.27674674987793
40.42501449584961,44.009098052978516,48.30400085449219,51.32191467285156,53.86937713623047,54.74349594116211,53.72936248779297,52.73672866821289,50.08163833618164,49.1894416809082,49.77305603027344,48.71293640136719,47.154869079589844,45.23666763305664,43.65906524658203,38.44635772705078,33.17810821533203,30.722658157348633,29.87873077392578,30.65522575378418,33.46724319458008,34.465858459472656,34.796600341796875,34.23973846435547,33.09259796142578,31.851116180419922,30.255067825317383,28.737375259399414,28.053720474243164,27.918701171875,28.013219833374023,28.24908447265625,28.650632858276367,29.983261108398438,30.86048126220703,28.556251525878906,29.366214752197266,25.38115692138672,27.24271011352539,34.963294982910156,24.541370391845703,11.245219230651855,16.74712371826172,27.157270431518555
