data/wind_data/wind_20_7.json
{"header": {"parameterUnit": "KT", "parameterCategory": 2, "nx": 256, "ny": 198, "lo1": 44.73521041870117, "la1": -3.236724853515625, "lo2": 111.26478576660156, "la2": 43.468475341796875, "dx": 0.2609002888202667, "dy": -0.23708222806453705, "refTime": "2025-02-19 20:00:00", "forecastTime": 0, "parameterNumber": 2, "parameterNumberName": "eastward_wind"}, "data":
[rows 80 to 99 of 198, columns 132 to 175 of 256]
45.1245002746582,44.5821647644043,43.82927703857422,43.16801834106445,42.788368225097656,42.634071350097656,42.43599319458008,42.05022430419922,41.45945358276367,40.65076446533203,39.77531051635742,39.15626525878906,38.7942008972168,38.36366271972656,38.14126968383789,38.625362396240234,39.55213165283203,40.369110107421875,40.92915344238281,41.25367736816406,41.31455993652344,41.15766525268555,41.00141143798828,41.05319595336914,41.28959274291992,41.45165252685547,41.37445831298828,41.21797561645508,41.22008514404297,41.37061309814453,41.44180679321289,41.27450942993164,40.951961517333984,40.62487030029297,40.339317321777344,40.1159553527832,40.04323196411133,40.1893424987793,40.48758316040039,40.79104995727539,40.95973587036133,40.91011047363281,40.684444427490234,40.475547790527344
46.19031524658203,46.192161560058594,45.86343765258789,45.47563171386719,45.42037582397461,45.585330963134766,45.352298736572266,44.49988555908203,43.36229705810547,42.33382797241211,41.6432991027832,41.31184768676758,40.9769172668457,40.42215347290039,40.255802154541016,40.865020751953125,41.72038269042969,42.415382385253906,42.977561950683594,43.31782913208008,43.277462005615234,43.006507873535156,42.848785400390625,43.06746292114258,43.63876724243164,44.10536193847656,44.01750183105469,43.51799774169922,43.133575439453125,43.15102767944336,43.386722564697266,43.4792366027832,43.30280303955078,43.02203369140625,42.80423355102539,42.66743850708008,42.55586624145508,42.4387321472168,42.349029541015625,42.405765533447266,42.63631057739258,42.8621826171875,42.884979248046875,42.73064041137695
46.606937408447266,46.93876266479492,47.244606018066406,47.43124008178711,47.78601837158203,48.19939041137695,48.1613883972168,47.36346435546875,45.96377182006836,44.424198150634766,43.25657272338867,42.81602096557617,42.7183952331543,42.41114044189453,42.458702087402344,43.26247024536133,44.01750946044922,44.52317810058594,45.08003616333008,45.47429656982422,45.44248962402344,45.154232025146484,44.97941589355469,45.21937942504883,45.8638916015625,46.45750427246094,46.47344207763672,45.95295715332031,45.396644592285156,45.18312454223633,45.26772689819336,45.37215042114258,45.273399353027344,45.04690933227539,44.865745544433594,44.81620407104492,44.87915802001953,44.91301727294922,44.714542388916016,44.303245544433594,44.02781295776367,44.138938903808594,44.46990966796875,44.71083068847656
47.41084289550781,47.75944900512695,48.37851333618164,49.11416244506836,49.86469650268555,50.40350341796875,50.47966384887695,49.97407531738281,48.933624267578125,47.44769287109375,45.75546646118164,44.56185531616211,44.203834533691406,44.0943489074707,44.33698272705078,45.46045684814453,46.52273941040039,47.044437408447266,47.469730377197266,47.746280670166016,47.72275924682617,47.49467849731445,47.33910369873047,47.552734375,48.07630920410156,48.52608871459961,48.55240249633789,48.18711471557617,47.79991149902344,47.631622314453125,47.57084274291992,47.435367584228516,47.20893096923828,47.0115966796875,46.89397048950195,46.81748580932617,46.81892013549805,46.913639068603516,46.90675735473633,46.51836013793945,45.83818817138672,45.38243103027344,45.49632263183594,46.01349639892578
48.723876953125,48.84150314331055,49.41281509399414,50.33455276489258,51.48044204711914,52.317115783691406,52.59590148925781,52.343597412109375,51.6100959777832,50.49925231933594,48.91701126098633,47.283992767333984,46.40245819091797,46.00514221191406,45.99653625488281,47.11650848388672,48.62970733642578,49.55302429199219,50.03345489501953,50.31565475463867,50.424617767333984,50.22943878173828,49.933067321777344,49.9837646484375,50.25750732421875,50.326473236083984,50.15532684326172,49.96471405029297,49.93369674682617,50.059661865234375,50.11626434326172,49.88735580444336,49.47092819213867,49.14548873901367,49.01723098754883,48.92782974243164,48.76652145385742,48.61908721923828,48.543582916259766,48.376312255859375,47.91371154785156,47.28697204589844,46.9233512878418,47.0984001159668
51.71753692626953,50.617618560791016,50.46674346923828,50.99095916748047,52.24201583862305,53.73403549194336,54.537879943847656,54.52838134765625,54.097110748291016,53.35774230957031,52.01211929321289,50.34116744995117,49.16168975830078,48.51069641113281,48.251991271972656,48.9586296081543,50.3900032043457,51.61514663696289,52.283321380615234,52.742897033691406,53.18819808959961,53.116336822509766,52.637367248535156,52.50048065185547,52.57227325439453,52.27012252807617,51.70381546020508,51.44565963745117,51.71064376831055,52.159637451171875,52.38338851928711,52.24687194824219,51.88096237182617,51.48007583618164,51.18302917480469,50.966922760009766,50.72612762451172,50.442264556884766,50.19767379760742,50.01190185546875,49.7746467590332,49.39983367919922,48.9919548034668,48.78384017944336
56.08439636230469,54.1636848449707,52.66924285888672,52.1208381652832,52.587120056152344,54.07626724243164,55.77939987182617,56.62210464477539,56.56180191040039,55.9870719909668,54.802913665771484,53.07585525512695,51.63701248168945,50.97183609008789,50.92671585083008,51.37406539916992,52.375030517578125,53.583126068115234,54.45571517944336,55.08314514160156,55.68546676635742,55.65530014038086,55.049278259277344,54.814125061035156,54.85663986206055,54.47089385986328,53.72932052612305,53.231868743896484,53.358211517333984,53.85953140258789,54.24040603637695,54.31753158569336,54.17645263671875,53.879615783691406,53.458927154541016,53.00090026855469,52.61179733276367,52.33222961425781,52.1317024230957,51.94745635986328,51.71575164794922,51.441890716552734,51.1759033203125,50.94212341308594
59.942100524902344,58.56943130493164,56.535099029541016,54.84288787841797,54.12340545654297,54.55837631225586,55.945308685302734,57.59962844848633,58.659690856933594,58.60789489746094,57.44367218017578,55.525001525878906,53.74993896484375,52.97038269042969,53.155582427978516,53.636756896972656,54.43296813964844,55.58687210083008,56.56774139404297,57.29352951049805,57.82735824584961,57.69483184814453,57.162353515625,57.0418701171875,57.13043975830078,56.76465606689453,56.0638542175293,55.52151870727539,55.384376525878906,55.61488342285156,55.98486328125,56.21164321899414,56.17605972290039,55.941104888916016,55.578792572021484,55.14291763305664,54.74544906616211,54.48332214355469,54.3121337890625,54.10944747924805,53.79684829711914,53.459693908691406,53.235897064208984,53.10154342651367
63.301185607910156,62.44457244873047,60.762874603271484,58.6133918762207,57.07908248901367,56.566097259521484,56.849788665771484,57.80189895629883,59.28631591796875,60.420650482177734,60.163307189941406,58.257408142089844,55.86545944213867,54.7277717590332,54.89033889770508,55.46355438232422,56.20632553100586,57.200435638427734,58.20809555053711,59.08622741699219,59.56049728393555,59.285316467285156,58.83308029174805,58.9569091796875,59.267696380615234,59.09066390991211,58.555206298828125,58.044342041015625,57.763038635253906,57.82421875,58.16940689086914,58.419979095458984,58.25403594970703,57.80452346801758,57.34157943725586,56.9803352355957,56.75505828857422,56.63224411010742,56.48486328125,56.2286491394043,55.888031005859375,55.55077362060547,55.307212829589844,55.15284729003906
66.24433898925781,65.60196685791016,64.49564361572266,62.78998947143555,60.8975944519043,59.620018005371094,59.01390838623047,58.90211868286133,59.391971588134766,60.46534729003906,61.54292678833008,60.95566177368164,58.482276916503906,56.727264404296875,56.887325286865234,57.6396598815918,58.43175506591797,59.214046478271484,59.8362922668457,60.530277252197266,61.08863067626953,60.953277587890625,60.62507629394531,60.7471923828125,61.03181457519531,61.08822250366211,60.838226318359375,60.365394592285156,59.95294189453125,59.96939468383789,60.45242691040039,60.88533020019531,60.70627212524414,60.01554870605469,59.28555679321289,58.78657150268555,58.533836364746094,58.355857849121094,58.05418395996094,57.69704055786133,57.50337219238281,57.4980583190918,57.49443435668945,57.333438873291016
68.36090087890625,67.7608871459961,67.1021499633789,66.22667694091797,64.98373413085938,63.56143569946289,62.396148681640625,61.56132888793945,60.96409225463867,60.901424407958984,61.70014572143555,61.98285675048828,60.29536056518555,58.3831901550293,58.478939056396484,59.863494873046875,61.18473815917969,62.02302551269531,62.366695404052734,62.62440872192383,62.8193244934082,62.70246887207031,62.60762405395508,62.795196533203125,63.0423583984375,63.2849235534668,63.30644226074219,62.81236267089844,62.148719787597656,61.96543502807617,62.41825485229492,63.01107406616211,63.13863754272461,62.67034149169922,61.93241500854492,61.24958038330078,60.726993560791016,60.19837188720703,59.50326156616211,58.89548873901367,58.75153350830078,59.02976608276367,59.33333969116211,59.323997497558594
70.32360076904297,69.60213470458984,69.0672378540039,68.47879791259766,67.71891021728516,66.85631561279297,66.0405502319336,65.2813720703125,64.30658721923828,63.42751693725586,63.33766174316406,63.17816162109375,61.72551727294922,60.10421371459961,59.88274383544922,60.80440139770508,62.2256965637207,63.63703918457031,64.54489135742188,65.00167846679688,65.11127471923828,64.85742950439453,64.58442687988281,64.6423568725586,65.04609680175781,65.65669250488281,66.03443908691406,65.73198699951172,64.96692657470703,64.46208190917969,64.5732650756836,64.97429656982422,65.19381713867188,65.05809783935547,64.62479400634766,64.01785278320312,63.338645935058594,62.54133987426758,61.61233901977539,60.86940002441406,60.63035202026367,60.777618408203125,60.89988327026367,60.74240493774414
72.45866394042969,71.68104553222656,71.0288314819336,70.42938232421875,69.83546447753906,69.28112030029297,68.77139282226562,68.25344848632812,67.53203582763672,66.73104095458984,66.311279296875,65.69999694824219,64.09416198730469,62.510074615478516,61.975502014160156,62.172298431396484,63.092803955078125,64.71426391601562,66.15641021728516,66.8909912109375,67.11821746826172,67.0146255493164,66.73867797851562,66.71711730957031,67.25334930419922,68.04598236083984,68.56909942626953,68.5362777709961,68.01111602783203,67.44364166259766,67.2747802734375,67.37810516357422,67.36911010742188,67.1463623046875,66.82044219970703,66.45526123046875,65.95148468017578,65.15170288085938,64.19902038574219,63.52311325073242,63.301475524902344,63.20899963378906,62.800262451171875,62.02975082397461
74.6409683227539,73.90127563476562,73.10382080078125,72.42422485351562,72.0799560546875,71.8966064453125,71.54631042480469,70.91900634765625,70.1546859741211,69.4440689086914,68.94043731689453,68.30877685546875,66.9601821899414,65.28605651855469,64.37277221679688,64.22045135498047,64.62906646728516,66.10944366455078,67.99433135986328,69.03746795654297,69.16312408447266,68.92256927490234,68.77274322509766,69.06266784667969,69.76686096191406,70.57279205322266,71.18143463134766,71.37251281738281,71.07097625732422,70.59589385986328,70.34224700927734,70.22834014892578,69.94267272949219,69.44683074951172,68.98827362060547,68.72771453857422,68.45753479003906,67.85598754882812,67.04000854492188,66.44692993164062,66.17008209228516,65.82559967041016,65.00733184814453,63.72299575805664
76.79593658447266,76.04064178466797,75.19014739990234,74.45604705810547,74.19503021240234,74.40605926513672,74.60567474365234,74.23042297363281,73.29467010498047,72.19082641601562,71.229736328125,70.42268371582031,69.49996948242188,68.19842529296875,66.96443939208984,66.50879669189453,66.82406616210938,67.91411590576172,69.66931915283203,71.0243148803711,71.36819458007812,71.0999755859375,70.97310638427734,71.43834686279297,72.22300720214844,72.98480987548828,73.6650619506836,73.9494857788086,73.68140411376953,73.41399383544922,73.42021179199219,73.28871154785156,72.71231842041016,71.87128448486328,71.21365356445312,70.94456481933594,70.75086212158203,70.2646255493164,69.6420669555664,69.2110824584961,68.8341293334961,68.15178680419922,67.07171630859375,65.7127914428711
78.90762329101562,78.01284790039062,77.3188247680664,76.68391418457031,76.27603912353516,76.44334411621094,77.22962951660156,77.6777114868164,76.9349365234375,75.42803955078125,73.90653991699219,72.7035903930664,71.91722869873047,71.21185302734375,70.23113250732422,69.43942260742188,69.55440521240234,70.59545135498047,71.81648254394531,72.61129760742188,72.99901580810547,73.2172622680664,73.43083953857422,73.79045104980469,74.34110260009766,75.04576110839844,75.6765365600586,75.74198150634766,75.37619018554688,75.37613677978516,75.81787872314453,75.9368667602539,75.24876403808594,74.15966033935547,73.36207580566406,73.01006317138672,72.63566589355469,71.96411895751953,71.3695068359375,71.15791320800781,70.91187286376953,70.13738250732422,68.98395538330078,67.79296112060547
81.15784454345703,80.17816162109375,79.61908721923828,79.072998046875,78.65221405029297,78.7994155883789,79.80828094482422,80.68407440185547,80.13579559326172,78.50727844238281,76.79241180419922,75.44471740722656,74.6686782836914,74.22919464111328,73.81806945800781,73.2865982055664,73.18465423583984,73.87223815917969,74.48177337646484,74.47093963623047,74.29479217529297,74.51608276367188,75.0777816772461,75.5127182006836,75.82079315185547,76.36200714111328,76.9298095703125,76.9669418334961,76.71904754638672,76.86038208007812,77.42162322998047,77.92723083496094,77.53067016601562,76.37104797363281,75.38433837890625,74.87686920166016,74.26814270019531,73.34790802001953,72.68733215332031,72.59532928466797,72.54239654541016,71.96956634521484,71.00242614746094,70.00106048583984
83.50593566894531,82.61408233642578,82.06591033935547,81.65602111816406,81.40416717529297,81.6314697265625,82.63245391845703,83.45746612548828,82.89141082763672,81.25675964355469,79.57505798339844,78.29043579101562,77.62866973876953,77.38833618164062,77.3649673461914,77.07025909423828,76.2012710571289,75.9366455078125,76.66202545166016,77.23187255859375,76.83164978027344,76.0931167602539,75.9986343383789,76.3908920288086,76.8485107421875,77.31169891357422,77.61087036132812,77.62860107421875,77.63517761230469,78.02364349365234,78.85127258300781,79.67770385742188,79.67919921875,78.56295013427734,77.4100341796875,76.7324447631836,76.06636810302734,75.27951049804688,74.76524353027344,74.64204406738281,74.51611328125,74.03079986572266,73.2352066040039,72.32867431640625
85.62353515625,84.84510040283203,84.31808471679688,84.06747436523438,84.09721374511719,84.53633117675781,85.39459991455078,85.94817352294922,85.38057708740234,83.79142761230469,82.22117614746094,81.24786376953125,80.76382446289062,80.64990234375,80.69512939453125,80.35311126708984,78.77320861816406,77.26447296142578,77.45348358154297,78.7710952758789,79.31861877441406,78.50094604492188,77.62004852294922,77.64019012451172,78.29000854492188,78.5461196899414,78.2476806640625,78.02765655517578,78.25469207763672,79.0180435180664,79.9327163696289,80.4962387084961,80.63426971435547,80.26163482666016,79.58537292480469,78.68022155761719,77.79684448242188,77.24340057373047,77.10375213623047,77.10174560546875,76.84674072265625,76.21720886230469,75.36222839355469,74.44733428955078
87.70132446289062,86.96070098876953,86.48548889160156,86.2390365600586,86.31240844726562,86.83940887451172,87.54803466796875,87.86983489990234,87.4156494140625,86.2343521118164,85.02312469482422,84.26206970214844,83.71760559082031,83.41349792480469,83.2887954711914,83.0167007446289,81.47525787353516,79.150634765625,78.32368469238281,79.54202270507812,80.70600128173828,80.26944732666016,79.13797760009766,78.83748626708984,79.47402954101562,79.76887512207031,79.16880798339844,78.64716339111328,79.0566177368164,80.1775131225586,81.11221313476562,81.291748046875,81.11251068115234,80.94579315185547,80.5958023071289,79.8884048461914,79.18562316894531,78.9095230102539,79.02239227294922,79.11539459228516,78.79998016357422,78.03927612304688,77.0526123046875,76.05948638916016
