data/wind_data/wind_71_7.json
{"header": {"parameterUnit": "KT", "parameterCategory": 2, "nx": 256, "ny": 198, "lo1": 44.73521041870117, "la1": -3.236724853515625, "lo2": 111.26478576660156, "la2": 43.468475341796875, "dx": 0.2609002888202667, "dy": -0.23708222806453705, "refTime": "2025-02-21 23:00:00", "forecastTime": 0, "parameterNumber": 2, "parameterNumberName": "eastward_wind"}, "data":
[rows 160 to 179 of 198, columns 0 to 43 of 256]
109.22552490234375,108.56073760986328,108.52413940429688,107.42191314697266,106.70986938476562,106.57817077636719,106.32931518554688,106.00968933105469,105.49575805664062,105.41352844238281,105.8719711303711,106.78913879394531,108.16567993164062,108.44438934326172,106.90470886230469,105.37606811523438,105.00193786621094,105.4046401977539,105.99626159667969,106.51879119873047,106.8207015991211,106.4742202758789,105.74833679199219,105.15766143798828,103.79131317138672,101.30787658691406,99.001708984375,96.65442657470703,94.533935546875,95.34906768798828,97.0064468383789,96.48615264892578,94.87651824951172,93.11067962646484,91.91474151611328,92.49274444580078,93.55320739746094,92.33982849121094,89.52808380126953,87.53573608398438,86.74175262451172,86.00367736816406,84.6142807006836,82.63326263427734
106.65814208984375,108.26760864257812,107.40711212158203,105.43714904785156,104.53956604003906,104.8764419555664,105.57974243164062,105.5555191040039,104.90576934814453,104.55924224853516,104.4815673828125,104.98953247070312,106.0061264038086,106.0145034790039,105.14344024658203,104.77909851074219,104.88362884521484,104.78732299804688,104.5099868774414,104.38027954101562,104.41313171386719,103.8734359741211,102.68777465820312,101.0582275390625,99.07656860351562,98.04536437988281,96.81623840332031,94.04113006591797,92.97752380371094,93.96342468261719,93.90955352783203,93.42621612548828,93.35452270507812,92.69921875,91.45133209228516,90.91602325439453,90.81953430175781,89.39939880371094,87.13449096679688,85.64643096923828,84.77520751953125,83.82404327392578,82.3226547241211,79.97618865966797
103.95929718017578,104.16043853759766,102.87686157226562,101.61705017089844,101.91209411621094,103.40296173095703,104.6131362915039,105.01422882080078,104.80596160888672,103.51554107666016,102.15534210205078,103.14285278320312,105.46204376220703,106.29623413085938,106.13864135742188,105.85346984863281,105.06676483154297,104.03943634033203,103.31974792480469,102.73441314697266,102.4295654296875,102.03404235839844,100.51895141601562,98.24092102050781,96.46044158935547,95.1778335571289,93.57017517089844,92.40613555908203,92.9408950805664,93.49475860595703,93.24115753173828,93.26598358154297,93.25804901123047,92.36312103271484,90.77472686767578,89.53910827636719,88.6520004272461,87.12480163574219,85.71526336669922,85.13323211669922,83.99933624267578,82.05075073242188,79.71178436279297,77.0721435546875
100.67243194580078,98.6762924194336,97.1794204711914,97.55757904052734,99.36820983886719,101.38240814208984,102.78692626953125,103.62799835205078,102.64671325683594,99.7500991821289,99.11711883544922,102.75605010986328,106.19731140136719,106.96308898925781,106.30900573730469,105.1027603149414,103.93434143066406,103.16094207763672,102.44978332519531,101.6764907836914,101.29535675048828,100.63160705566406,99.00564575195312,97.05440521240234,94.62187957763672,92.21443939208984,91.4503402709961,92.42909240722656,94.174560546875,95.24602508544922,95.02495574951172,94.14861297607422,93.01609802246094,91.60216522216797,90.08323669433594,88.9155502319336,87.9120864868164,86.58280944824219,85.57645416259766,84.83920288085938,83.08233642578125,80.45378875732422,77.8154525756836,75.60704803466797
97.00819396972656,93.8045425415039,92.6732177734375,94.94660949707031,97.7719955444336,99.48210144042969,100.71136474609375,100.9083251953125,98.589111328125,96.24343872070312,98.43438720703125,103.04612731933594,105.47415161132812,105.46484375,104.23480224609375,102.97726440429688,102.22789764404297,101.48082733154297,100.73855590820312,100.4214096069336,100.19573974609375,99.18146514892578,97.61012268066406,95.69660949707031,92.86498260498047,90.49544525146484,90.62100219726562,92.85334014892578,95.3846664428711,96.9134521484375,96.83698272705078,95.25115966796875,93.03369140625,91.11588287353516,89.7729263305664,88.86181640625,87.97166442871094,86.80044555664062,85.66844177246094,84.37323760986328,82.23323059082031,79.597412109375,77.28414154052734,75.5273208618164
93.37672424316406,89.8106918334961,89.7210693359375,93.41433715820312,96.46632385253906,97.66937255859375,98.1644287109375,97.13294219970703,94.95919036865234,94.94654083251953,97.94877624511719,101.24480438232422,102.9135971069336,102.68419647216797,101.61878967285156,100.70806884765625,99.74354553222656,98.79351043701172,98.44091033935547,98.49925994873047,98.19091033935547,97.1383056640625,95.71232604980469,93.67698669433594,91.14899444580078,89.94245147705078,91.13633728027344,93.41961669921875,95.54638671875,97.0372085571289,97.19477844238281,95.67462921142578,93.32258605957031,91.2923355102539,89.89964294433594,88.85682678222656,87.79193115234375,86.66860961914062,85.56829833984375,84.0565185546875,81.8106460571289,79.2811050415039,77.17186737060547,75.58918762207031
89.65074920654297,87.63975524902344,88.78443908691406,92.78429412841797,95.50431060791016,96.39144897460938,95.87968444824219,93.99564361572266,92.90569305419922,93.86740112304688,95.97341918945312,98.55520629882812,100.22509765625,100.12101745605469,99.14464569091797,97.8533706665039,96.46109008789062,95.67607879638672,95.54154968261719,95.46475982666016,95.18584442138672,94.44375610351562,93.16989135742188,91.411865234375,89.93804168701172,90.07022857666016,91.66551208496094,93.48014831542969,94.9034194946289,95.76063537597656,95.68675231933594,94.47920989990234,92.72858428955078,91.08748626708984,89.67315673828125,88.3765640258789,87.15521240234375,86.07568359375,84.9644546508789,83.40167236328125,81.2732925415039,78.86836242675781,76.71826171875,75.12647247314453
86.36779022216797,85.48880767822266,87.63470458984375,91.42479705810547,93.84356689453125,94.80224609375,93.74635314941406,91.78810119628906,91.75900268554688,92.9311752319336,94.34500122070312,96.36795806884766,97.73326873779297,97.43648529052734,96.0270004272461,94.26106262207031,92.7652816772461,92.18901062011719,92.08971405029297,92.01347351074219,92.07933807373047,91.67973327636719,90.67597961425781,89.64178466796875,89.30110931396484,90.16869354248047,91.64607238769531,92.84846496582031,93.58554077148438,93.77875518798828,93.15203857421875,91.89977264404297,90.66029357910156,89.60359954833984,88.43243408203125,87.11549377441406,85.8750991821289,84.76947021484375,83.61026000976562,82.07586669921875,80.03295135498047,77.7878646850586,75.72724151611328,74.07975006103516
83.9990005493164,84.17533874511719,86.43534851074219,89.513916015625,91.3467025756836,92.22354888916016,91.33863830566406,90.51158905029297,91.50489044189453,92.14781188964844,92.50479888916016,93.67278289794922,94.5457534790039,94.04653930664062,92.48016357421875,90.57633972167969,89.52899932861328,89.4906005859375,89.22742462158203,89.19815826416016,89.78211212158203,89.83906555175781,89.20408630371094,88.6212387084961,88.72940063476562,89.74859619140625,90.99357604980469,91.67996215820312,91.8257827758789,91.49242401123047,90.4399185180664,88.98338317871094,87.872802734375,87.13301849365234,86.15217590332031,84.85186004638672,83.64697265625,82.6428451538086,81.51490783691406,79.93025970458984,77.92152404785156,75.8826675415039,74.06261444091797,72.56663513183594
82.08501434326172,82.7273941040039,84.89531707763672,87.35983276367188,88.34114837646484,88.9845199584961,89.21884155273438,89.67849731445312,90.16548919677734,89.8438720703125,89.94781494140625,90.6497802734375,90.64714050292969,90.13575744628906,89.42677307128906,88.24959564208984,87.90306854248047,87.83445739746094,87.08124542236328,87.14149475097656,88.17100524902344,88.76757049560547,88.65473937988281,88.30358123779297,88.20219421386719,88.73101806640625,89.62934875488281,90.116455078125,89.88032531738281,89.0596923828125,87.76419830322266,86.33837890625,85.28092193603516,84.4637222290039,83.31178283691406,81.90161895751953,80.76856231689453,79.94702911376953,78.94357299804688,77.41328430175781,75.44964599609375,73.50692749023438,71.92134094238281,70.68159484863281
80.1522216796875,81.29671478271484,83.3270034790039,85.19176483154297,85.34839630126953,86.00367736816406,87.18404388427734,87.83293914794922,87.66621398925781,87.23411560058594,87.37022399902344,87.31094360351562,86.62566375732422,87.0905532836914,87.6841049194336,86.83651733398438,86.11872100830078,85.6111068725586,85.19156646728516,85.81403350830078,87.10214233398438,87.96554565429688,88.23151397705078,88.01782989501953,87.53968048095703,87.41403198242188,87.88751983642578,88.23755645751953,87.80142974853516,86.6275405883789,85.227783203125,84.04766845703125,83.12644958496094,82.09769439697266,80.66355895996094,79.09803009033203,77.91122436523438,77.1406021118164,76.3338623046875,75.0505142211914,73.2513198852539,71.35118865966797,69.78474426269531,68.647216796875
78.34197998046875,80.04141998291016,81.86283111572266,83.15483093261719,82.97162628173828,83.55337524414062,84.89053344726562,85.8042984008789,85.7423095703125,85.05110931396484,84.55447387695312,83.88023376464844,83.49951934814453,84.4838638305664,84.8719711303711,84.45450592041016,84.38533020019531,83.8239974975586,83.553466796875,84.71257019042969,86.28819274902344,87.12139129638672,87.30437469482422,87.0383529663086,86.39752197265625,85.92689514160156,86.0260238647461,86.1738052368164,85.63829803466797,84.37826538085938,83.02545928955078,81.97798156738281,81.09774780273438,79.9715347290039,78.45828247070312,76.8346176147461,75.47347259521484,74.5898666381836,73.9554214477539,73.04170227050781,71.5859146118164,69.78645324707031,68.1289291381836,67.09423065185547
75.92374420166016,78.3923568725586,80.14392852783203,81.10862731933594,80.77619934082031,81.20514678955078,82.88330841064453,84.42147827148438,84.30033111572266,82.89970397949219,81.71368408203125,80.97911071777344,80.75424194335938,80.9074935913086,81.27799987792969,82.72621154785156,83.80348205566406,82.9241943359375,82.3007583618164,83.5105209350586,85.0631103515625,85.6722640991211,85.65097045898438,85.37785339355469,84.86476135253906,84.42981719970703,84.33842468261719,84.2706069946289,83.72530364990234,82.58373260498047,81.28511047363281,80.19441986083984,79.12797546386719,77.80298614501953,76.29534912109375,74.80071258544922,73.50055694580078,72.62086486816406,72.07428741455078,71.43804168701172,70.37435913085938,68.84375762939453,67.24658966064453,66.28286743164062
72.28630828857422,75.27632141113281,77.24855041503906,77.98737335205078,77.5429916381836,78.29946899414062,80.5271987915039,82.30913543701172,81.89862060546875,80.25604248046875,79.24088287353516,78.76744079589844,78.1203842163086,77.72084045410156,78.82068634033203,81.42953491210938,83.12919616699219,82.6939697265625,81.98326110839844,82.37100219726562,83.0578384399414,83.40137481689453,83.57366943359375,83.61549377441406,83.42493438720703,83.21910858154297,83.15129852294922,83.01891326904297,82.57244110107422,81.66250610351562,80.40652465820312,78.95967102050781,77.30375671386719,75.61673736572266,74.19871520996094,73.06309509277344,72.1313247680664,71.46604919433594,70.96339416503906,70.4058837890625,69.62834167480469,68.49176788330078,67.12211608886719,66.13198852539062
68.55587768554688,72.13856506347656,73.99439239501953,74.26781463623047,73.74358367919922,74.44322967529297,76.5534896850586,78.5667495727539,78.63766479492188,77.48043823242188,76.73108673095703,76.34056091308594,75.76224517822266,75.69977569580078,77.11550903320312,79.7719955444336,82.15628814697266,82.77914428710938,82.07479858398438,81.27850341796875,80.88887786865234,81.0091781616211,81.5648422241211,82.14302062988281,82.35784149169922,82.34729766845703,82.40908813476562,82.47648620605469,82.27533721923828,81.52900695800781,80.09272766113281,78.0947494506836,75.90103149414062,74.02114868164062,72.79756164550781,72.0763168334961,71.55145263671875,71.07876586914062,70.55205535888672,69.95211029052734,69.31437683105469,68.56864929199219,67.61557006835938,66.64273071289062
66.11856079101562,69.74864959716797,71.16796875,70.9937973022461,69.93665313720703,70.04901885986328,72.13339233398438,74.67173767089844,75.23094940185547,74.24223327636719,73.46748352050781,73.17505645751953,73.09017181396484,73.93299102783203,75.84219360351562,78.1866683959961,80.36637878417969,81.49052429199219,81.20877075195312,80.21438598632812,79.3244400024414,79.18972778320312,79.95062255859375,80.97294616699219,81.50725555419922,81.5855941772461,81.78330993652344,82.17420196533203,82.1892318725586,81.398193359375,79.79650115966797,77.65552520751953,75.36764526367188,73.51795959472656,72.48696899414062,71.99402618408203,71.58792877197266,71.08894348144531,70.47456359863281,69.78166198730469,69.26883697509766,69.01470947265625,68.5063247680664,67.49274444580078
64.51219940185547,67.78984832763672,68.74569702148438,68.0069351196289,66.55371856689453,66.79378509521484,69.16171264648438,71.62860107421875,72.0697250366211,71.2345199584961,70.58403015136719,70.21985626220703,70.5677490234375,72.23308563232422,74.22916412353516,75.74783325195312,77.15321350097656,78.44405364990234,79.09587097167969,78.81851959228516,78.01795959472656,77.76345825195312,78.6248550415039,79.87891387939453,80.54630279541016,80.66504669189453,80.98597717285156,81.58751678466797,81.71595001220703,80.96483612060547,79.51114654541016,77.59489440917969,75.4749984741211,73.76155853271484,72.85578918457031,72.39698791503906,71.88053894042969,71.18485260009766,70.37406158447266,69.70521545410156,69.5589828491211,69.71915435791016,69.3750991821289,68.25430297851562
62.32746124267578,64.70360565185547,65.40910339355469,64.43872833251953,63.10928726196289,63.79194259643555,66.38651275634766,68.65480041503906,69.13664245605469,68.84266662597656,68.42996978759766,67.99017333984375,68.50357055664062,70.07958221435547,71.55166625976562,72.52384185791016,73.49404907226562,74.76052856445312,75.9798355102539,76.47515869140625,76.2109375,76.15655517578125,77.03241729736328,78.31737518310547,79.10588073730469,79.38597106933594,79.7938003540039,80.41608428955078,80.65492248535156,80.09033966064453,78.85726165771484,77.16041564941406,75.28681182861328,73.81320190429688,73.05227661132812,72.6623764038086,72.1016845703125,71.15734100341797,70.24971008300781,69.94361114501953,70.17755889892578,70.40912628173828,69.96939086914062,68.77392578125
59.28398132324219,64.5455551147461,64.25724792480469,62.595699310302734,61.03163528442383,61.78389358520508,64.404541015625,66.2425537109375,66.54619598388672,66.39978790283203,66.07473754882812,65.86085510253906,66.35370635986328,67.37962341308594,68.47123718261719,69.40615844726562,70.19340515136719,71.1502685546875,72.41206359863281,73.4988784790039,73.93101501464844,74.14036560058594,74.91452026367188,76.17906951904297,77.12055206298828,77.48100280761719,77.74793243408203,78.2198486328125,78.5542984008789,78.26158905029297,77.26930236816406,75.80044555664062,74.19450378417969,72.9442138671875,72.36894989013672,72.1814956665039,71.78897857666016,70.98985290527344,70.3701400756836,70.38875579833984,70.74240112304688,70.85620880126953,70.23412322998047,68.9800033569336
55.87833023071289,63.092063903808594,62.5739860534668,61.04767608642578,59.97282791137695,61.12577438354492,63.418827056884766,64.46170043945312,64.33866119384766,64.01287841796875,63.78773880004883,63.87495422363281,64.24872589111328,64.81452941894531,65.69290161132812,66.6697006225586,67.37459564208984,68.02005767822266,69.07987213134766,70.3841323852539,71.30070495605469,71.86619567871094,72.66657257080078,73.71904754638672,74.45648956298828,74.64744567871094,74.67756652832031,74.967041015625,75.37638854980469,75.39863586425781,74.7550277709961,73.54996490478516,72.10599517822266,70.9774169921875,70.5481948852539,70.57311248779297,70.5947494506836,70.49264526367188,70.43579864501953,70.58871459960938,70.87017059326172,70.81413269042969,70.03096771240234,68.76219940185547
