data/wind_data/wind_23_1.json
{"header": {"parameterUnit": "KT", "parameterCategory": 2, "nx": 256, "ny": 198, "lo1": 44.73521041870117, "la1": -3.236724853515625, "lo2": 111.26478576660156, "la2": 43.468475341796875, "dx": 0.2609002888202667, "dy": -0.23708222806453705, "refTime": "2025-02-19 23:00:00", "forecastTime": 0, "parameterNumber": 2, "parameterNumberName": "eastward_wind"}, "data":
[rows 19 to 37 of 198, columns 43 to 85 of 256]
-11.310235023498535,-10.617548942565918,-9.858638763427734,-11.349994659423828,-11.340776443481445,-11.242817878723145,-11.762665748596191,-11.94223690032959,-11.949005126953125,-11.506829261779785,-11.320568084716797,-11.02389144897461,-10.719743728637695,-10.333388328552246,-10.20550537109375,-10.39726448059082,-10.500630378723145,-9.637964248657227,-7.983809471130371,-7.126762390136719,-8.172270774841309,-9.589509010314941,-9.164962768554688,-6.2312912940979,-3.0465950965881348,-6.763774871826172,-11.121708869934082,-5.458454132080078,-0.40383410453796387,-6.535439968109131,-2.138650894165039,-2.683715581893921,-9.433755874633789,-6.537674903869629,-2.9763059616088867,-4.253759384155273,-5.5171661376953125,-5.126481533050537,-3.6994998455047607,-4.832703590393066,-5.728326320648193,-4.819758892059326,-5.4981465339660645
-12.278141975402832,-11.585576057434082,-10.0155668258667,-10.757845878601074,-11.781553268432617,-10.779913902282715,-12.225512504577637,-12.517611503601074,-12.892500877380371,-12.93496322631836,-12.553585052490234,-11.906381607055664,-11.272503852844238,-11.165075302124023,-10.568421363830566,-10.227200508117676,-10.466962814331055,-10.610512733459473,-9.421740531921387,-8.22136116027832,-8.224534034729004,-9.332440376281738,-8.867072105407715,-7.0400848388671875,-6.271315097808838,-6.511619567871094,-6.4664306640625,-2.747300386428833,-4.925448417663574,-6.750662803649902,-7.061444282531738,-3.3931632041931152,-3.5636091232299805,-7.70353364944458,-5.425892353057861,-6.465737342834473,-5.424734115600586,-3.723585844039917,-5.591733932495117,-5.950750827789307,-5.474663734436035,-4.7051682472229,-5.8664231300354
-12.901712417602539,-12.213916778564453,-11.608674049377441,-10.59780502319336,-10.929237365722656,-10.843280792236328,-11.399434089660645,-13.646656036376953,-13.205413818359375,-13.996649742126465,-13.398245811462402,-12.620420455932617,-11.76286792755127,-12.091673851013184,-11.486112594604492,-10.43212604522705,-10.098055839538574,-10.711158752441406,-10.813047409057617,-9.509956359863281,-7.851544380187988,-7.618147850036621,-8.441542625427246,-8.765093803405762,-6.262348175048828,-3.6030452251434326,-2.994446039199829,-8.305408477783203,-9.041120529174805,-5.8700480461120605,-6.270236015319824,-5.301087379455566,-4.137753963470459,-2.347236394882202,-7.192368507385254,-4.88594388961792,-4.254476547241211,-6.963064670562744,-6.876035213470459,-5.264027118682861,-5.4908013343811035,-5.073879241943359,-4.39332389831543
-13.936511039733887,-12.669836044311523,-11.168473243713379,-10.423521041870117,-10.596774101257324,-11.275997161865234,-12.16469955444336,-14.333913803100586,-13.433086395263672,-14.89840030670166,-14.264381408691406,-13.539554595947266,-13.240612030029297,-12.195712089538574,-12.303210258483887,-11.626527786254883,-10.894213676452637,-10.644729614257812,-10.721491813659668,-10.501846313476562,-9.2828950881958,-7.945403575897217,-7.323928356170654,-8.368790626525879,-8.919349670410156,-7.4471211433410645,-5.301193714141846,-6.146712303161621,-7.945134162902832,-5.43343448638916,-3.5170907974243164,-3.3168411254882812,-2.158600091934204,-3.4627952575683594,-6.278733253479004,-4.284317970275879,-3.468848705291748,-8.159152030944824,-6.467448711395264,-5.097393035888672,-6.474156856536865,-5.197851181030273,-2.9462640285491943
-13.904930114746094,-14.322134017944336,-10.273646354675293,-7.520240306854248,-9.890190124511719,-13.018386840820312,-13.448033332824707,-15.11852741241455,-14.970867156982422,-14.31225872039795,-14.50855827331543,-14.144195556640625,-14.336301803588867,-13.600418090820312,-12.326921463012695,-12.219097137451172,-12.154031753540039,-11.583425521850586,-10.818733215332031,-10.688777923583984,-10.458763122558594,-9.784311294555664,-8.756369590759277,-7.908046245574951,-9.928719520568848,-9.343282699584961,-6.073947906494141,-3.8910322189331055,-6.64666748046875,-8.117890357971191,-4.181105136871338,-3.533278465270996,-3.6906988620758057,-7.674158573150635,-7.480411052703857,-4.88431453704834,-2.903876543045044,-5.69221305847168,-7.254093170166016,-6.109518051147461,-5.738887786865234,-5.664764881134033,-4.808351993560791
-15.556995391845703,-13.885000228881836,-9.95700740814209,-4.4615159034729,-6.098215579986572,-10.43213939666748,-13.795186042785645,-15.80490779876709,-15.25345516204834,-14.646994590759277,-14.271832466125488,-14.57756233215332,-13.796493530273438,-13.855612754821777,-13.29086685180664,-12.12020492553711,-12.559021949768066,-12.618346214294434,-11.768220901489258,-10.090999603271484,-9.047800064086914,-10.416292190551758,-10.08162784576416,-9.625375747680664,-9.559951782226562,-7.830167293548584,-7.513299465179443,-6.190937519073486,-6.420333385467529,-5.840573310852051,-5.4836106300354,-6.683748722076416,-6.551168918609619,-6.56809139251709,-6.186441421508789,-6.52944803237915,-5.588626861572266,-4.909302711486816,-5.957891464233398,-6.0555524826049805,-4.951689720153809,-4.612142562866211,-6.64946174621582
-13.693432807922363,-12.779448509216309,-10.996769905090332,-6.423092842102051,-4.283041000366211,-4.437538146972656,-8.825544357299805,-14.800830841064453,-17.18184471130371,-14.540163040161133,-14.162407875061035,-14.60831356048584,-13.485038757324219,-12.462693214416504,-12.237454414367676,-12.627185821533203,-13.548014640808105,-13.425431251525879,-11.91256332397461,-10.106213569641113,-8.965121269226074,-10.160594940185547,-10.311262130737305,-10.70329475402832,-9.899815559387207,-9.613632202148438,-8.529634475708008,-7.287181377410889,-5.561840534210205,-6.501049041748047,-7.012336254119873,-5.85650634765625,-5.961069107055664,-6.5243916511535645,-6.024481773376465,-5.639736175537109,-6.102908134460449,-5.994457721710205,-5.472287654876709,-5.8025946617126465,-5.230062007904053,-4.286095142364502,-5.618495464324951
-10.624375343322754,-12.832383155822754,-10.302251815795898,-7.516557693481445,-6.952876567840576,-6.884828567504883,-5.459638595581055,-10.265742301940918,-15.790614128112793,-17.237707138061523,-14.731179237365723,-14.017374038696289,-12.563157081604004,-10.355341911315918,-8.513421058654785,-10.488960266113281,-15.137276649475098,-13.846146583557129,-11.46887493133545,-10.016282081604004,-9.380545616149902,-10.7020845413208,-10.46432113647461,-9.913057327270508,-9.840349197387695,-9.637414932250977,-9.623854637145996,-8.609946250915527,-8.204487800598145,-7.128760814666748,-6.06279182434082,-6.329375267028809,-6.337742328643799,-6.533453464508057,-6.687464714050293,-6.617130756378174,-5.9494781494140625,-6.267533779144287,-6.371541976928711,-5.810827255249023,-5.375035762786865,-5.094722270965576,-4.963799476623535
-11.097616195678711,-10.899833679199219,-9.062755584716797,-7.503880977630615,-7.700616836547852,-7.448854923248291,-7.410907745361328,-8.20170783996582,-10.984530448913574,-18.310529708862305,-16.50551414489746,-13.543612480163574,-11.360787391662598,-9.64219856262207,-5.376588821411133,-3.9272756576538086,-13.187613487243652,-13.132486343383789,-11.107429504394531,-9.838420867919922,-11.104239463806152,-12.027261734008789,-10.037795066833496,-9.334518432617188,-9.960099220275879,-8.90297794342041,-9.749025344848633,-9.364370346069336,-8.751264572143555,-7.225464820861816,-5.934099197387695,-6.201895236968994,-7.184755325317383,-7.1188578605651855,-6.190770149230957,-6.492124557495117,-6.343194007873535,-6.22193717956543,-6.301414489746094,-6.133535861968994,-5.762848377227783,-5.2099504470825195,-4.9942851066589355
-10.704107284545898,-8.987702369689941,-7.375494956970215,-8.2211332321167,-8.721549987792969,-8.027202606201172,-7.36567497253418,-9.088196754455566,-11.098769187927246,-17.968948364257812,-15.128540992736816,-13.593822479248047,-10.567665100097656,-9.539629936218262,-7.395040988922119,-5.519241809844971,-10.843669891357422,-10.718986511230469,-9.27665901184082,-8.920099258422852,-11.785741806030273,-12.63523006439209,-10.850205421447754,-9.718138694763184,-9.140951156616211,-9.324828147888184,-9.892374038696289,-9.749032020568848,-8.960515975952148,-8.251484870910645,-5.820878505706787,-6.44302225112915,-7.286177158355713,-7.759304046630859,-6.465488433837891,-6.269896984100342,-6.645324230194092,-6.274454593658447,-5.49907922744751,-5.902694225311279,-6.047371864318848,-5.505302429199219,-5.3543901443481445
-11.351725578308105,-9.190323829650879,-7.618274211883545,-8.979990005493164,-10.272072792053223,-9.046874046325684,-8.880915641784668,-10.760207176208496,-12.989316940307617,-15.549304008483887,-14.380731582641602,-13.80575942993164,-10.968263626098633,-9.109060287475586,-8.94127082824707,-11.212945938110352,-12.465941429138184,-8.520307540893555,-4.091338634490967,-5.8649210929870605,-11.053994178771973,-12.741228103637695,-11.922321319580078,-10.388323783874512,-9.322977066040039,-9.80310344696045,-10.643921852111816,-9.690006256103516,-9.665594100952148,-8.785604476928711,-6.503507614135742,-6.754692554473877,-7.2314372062683105,-7.4929609298706055,-7.1072540283203125,-6.186465263366699,-6.516974449157715,-6.711502552032471,-5.594249725341797,-5.4350457191467285,-6.01411771774292,-6.050966262817383,-6.0624518394470215
-12.25865650177002,-10.063570022583008,-7.712331771850586,-8.779061317443848,-10.47092342376709,-10.096772193908691,-10.340201377868652,-11.726724624633789,-12.06438159942627,-12.608229637145996,-14.059648513793945,-13.421369552612305,-10.467752456665039,-8.616933822631836,-9.157302856445312,-11.459186553955078,-10.068083763122559,-6.388123035430908,-3.58658766746521,-3.5535471439361572,-12.145402908325195,-13.096721649169922,-14.016620635986328,-11.040637016296387,-10.892745018005371,-10.070735931396484,-10.521821022033691,-10.354222297668457,-9.750621795654297,-8.461234092712402,-8.165802001953125,-7.943235874176025,-7.639429092407227,-7.505643367767334,-6.700979709625244,-7.005646228790283,-7.305555820465088,-7.653677940368652,-7.161771774291992,-5.559873580932617,-6.371954917907715,-6.907974720001221,-6.383288860321045
-10.660835266113281,-10.500840187072754,-8.43765640258789,-8.98155403137207,-10.68006420135498,-10.154561996459961,-9.723045349121094,-10.845172882080078,-12.284221649169922,-14.219511032104492,-13.956517219543457,-11.916548728942871,-10.632207870483398,-9.537623405456543,-10.341043472290039,-10.995288848876953,-8.586339950561523,-6.200745582580566,-7.620343208312988,-9.276078224182129,-10.54281997680664,-13.632244110107422,-14.36319351196289,-12.097043991088867,-11.31146240234375,-10.859013557434082,-10.270771980285645,-10.691913604736328,-9.332194328308105,-8.725878715515137,-8.1638822555542,-8.037039756774902,-7.820266246795654,-7.812485218048096,-8.017926216125488,-7.703085899353027,-7.684861183166504,-8.059832572937012,-7.895611763000488,-6.813249111175537,-6.619739055633545,-7.429459095001221,-6.459462642669678
-9.971150398254395,-10.410999298095703,-8.906829833984375,-8.704727172851562,-10.818876266479492,-10.921051025390625,-10.523093223571777,-11.953689575195312,-12.556122779846191,-13.170784950256348,-12.904154777526855,-12.276578903198242,-11.629673957824707,-10.840743064880371,-10.525218963623047,-9.615907669067383,-7.810065746307373,-6.893821716308594,-7.682905673980713,-6.681738376617432,-7.795198440551758,-15.808884620666504,-15.324849128723145,-13.350265502929688,-11.139472961425781,-10.337358474731445,-10.500646591186523,-11.07495403289795,-9.874910354614258,-8.91596508026123,-8.790876388549805,-8.238003730773926,-7.675384998321533,-7.806274890899658,-8.128632545471191,-8.042716979980469,-7.667088985443115,-7.027389049530029,-8.103571891784668,-7.770857810974121,-7.167253017425537,-7.625203609466553,-7.331346035003662
-10.567154884338379,-10.462715148925781,-8.828173637390137,-8.932473182678223,-10.23574161529541,-10.779637336730957,-11.936775207519531,-11.937692642211914,-10.907716751098633,-10.264192581176758,-11.218521118164062,-12.773453712463379,-12.671919822692871,-11.079732894897461,-9.92724323272705,-8.77453899383545,-7.49549674987793,-5.434640884399414,-3.359869956970215,-3.7412445545196533,-12.070259094238281,-16.832895278930664,-14.09304428100586,-12.771588325500488,-10.849405288696289,-9.638399124145508,-10.057126998901367,-10.652523040771484,-10.52190113067627,-9.30933666229248,-9.406391143798828,-8.999762535095215,-7.808654308319092,-7.961169242858887,-8.48182201385498,-8.589692115783691,-8.170660972595215,-6.78431510925293,-7.371625900268555,-7.578008651733398,-8.043274879455566,-7.904394149780273,-7.966254234313965
-10.0934476852417,-10.319587707519531,-9.408544540405273,-9.546359062194824,-10.01296329498291,-9.765264511108398,-12.414984703063965,-11.699536323547363,-12.007427215576172,-10.788208961486816,-10.544437408447266,-12.008509635925293,-12.86197280883789,-11.238598823547363,-10.323057174682617,-9.47015380859375,-6.764266490936279,-3.848031997680664,-4.111264228820801,-8.077157020568848,-14.014791488647461,-14.167562484741211,-13.330362319946289,-12.294998168945312,-9.003571510314941,-7.481112957000732,-7.55308723449707,-8.75259780883789,-10.564775466918945,-10.23621940612793,-9.212150573730469,-9.283419609069824,-8.628556251525879,-8.18344783782959,-8.345965385437012,-8.15750503540039,-8.237371444702148,-8.270581245422363,-7.761166572570801,-7.288765907287598,-7.763920783996582,-7.125054836273193,-7.546912670135498
-9.536172866821289,-10.424786567687988,-9.47595500946045,-9.855671882629395,-10.910332679748535,-10.530134201049805,-11.931597709655762,-12.126731872558594,-12.5466947555542,-12.238348007202148,-12.235237121582031,-12.125697135925293,-11.838149070739746,-11.047747611999512,-9.829017639160156,-9.194798469543457,-7.51096248626709,-6.009260177612305,-5.698721885681152,-7.316736221313477,-12.86284351348877,-14.246522903442383,-13.641814231872559,-10.705235481262207,-7.232425689697266,-4.55808162689209,-3.3314247131347656,-4.750711441040039,-10.03934383392334,-11.305811882019043,-9.292093276977539,-8.86845874786377,-9.275198936462402,-8.66058349609375,-8.156962394714355,-8.116722106933594,-7.847684860229492,-7.827495098114014,-7.953176498413086,-7.762953758239746,-7.2432684898376465,-7.084361553192139,-7.287718296051025
-9.052824974060059,-9.799506187438965,-9.935972213745117,-10.542390823364258,-11.11347484588623,-11.757859230041504,-10.481694221496582,-12.167738914489746,-12.179960250854492,-12.3826322555542,-11.70800495147705,-12.040667533874512,-11.439682960510254,-9.792585372924805,-8.121033668518066,-7.934920310974121,-9.17817497253418,-8.630404472351074,-6.465816497802734,-7.478540420532227,-13.174378395080566,-13.595229148864746,-11.456952095031738,-8.49245834350586,-6.532866477966309,-6.882058143615723,-4.111623287200928,-0.40211451053619385,-12.159513473510742,-12.722043991088867,-9.784215927124023,-7.304879188537598,-8.541068077087402,-8.512768745422363,-8.208168983459473,-7.888055801391602,-7.845050811767578,-7.323089599609375,-7.289699077606201,-7.662717342376709,-7.440812110900879,-7.042336940765381,-7.350437641143799
-7.505326747894287,-8.535170555114746,-10.507308959960938,-11.349836349487305,-10.637580871582031,-11.623156547546387,-10.715408325195312,-11.365994453430176,-11.197916984558105,-12.093117713928223,-12.706888198852539,-11.562210083007812,-10.679910659790039,-9.872145652770996,-8.706202507019043,-7.995482921600342,-10.138236045837402,-11.29962158203125,-9.58768367767334,-9.35736083984375,-11.204758644104004,-11.416281700134277,-9.757769584655762,-7.886308670043945,-8.903533935546875,-7.954783916473389,-5.040153503417969,-5.830825328826904,-13.216534614562988,-11.506999015808105,-7.640963554382324,-4.857258319854736,-5.514232635498047,-7.27513313293457,-7.842592239379883,-6.952547550201416,-7.839542865753174,-7.173967361450195,-6.581539154052734,-7.504369258880615,-7.593509197235107,-7.4427900314331055,-8.589871406555176
