data/wind_data/wind_66_9.json
{"header": {"parameterUnit": "KT", "parameterCategory": 2, "nx": 256, "ny": 198, "lo1": 44.73521041870117, "la1": -3.236724853515625, "lo2": 111.26478576660156, "la2": 43.468475341796875, "dx": 0.2609002888202667, "dy": -0.23708222806453705, "refTime": "2025-02-21 18:00:00", "forecastTime": 0, "parameterNumber": 2, "parameterNumberName": "eastward_wind"}, "data":
[rows 152 to 170 of 198, columns 43 to 85 of 256]
24.97679901123047,27.256330490112305,26.343481063842773,22.71854591369629,19.575315475463867,17.411972045898438,13.425968170166016,8.730600357055664,6.178365707397461,8.38893985748291,12.876601219177246,14.417285919189453,11.619415283203125,9.599738121032715,11.04107666015625,13.317878723144531,16.18165397644043,18.742162704467773,18.164949417114258,15.592111587524414,15.036256790161133,17.186656951904297,19.50348472595215,19.500322341918945,17.515647888183594,15.643921852111816,15.570650100708008,17.016101837158203,18.318689346313477,18.79578971862793,19.09226417541504,19.442930221557617,19.40057373046875,17.994373321533203,15.604536056518555,13.622804641723633,12.515545845031738,12.487483978271484,13.765717506408691,15.185933113098145,15.369836807250977,13.757055282592773,12.539985656738281
21.14834213256836,24.90340805053711,26.961000442504883,27.011310577392578,26.49209976196289,25.85503578186035,21.74638557434082,15.369109153747559,12.328438758850098,12.606770515441895,14.109766960144043,14.49738597869873,12.961438179016113,12.077570915222168,13.474196434020996,16.117265701293945,19.31290626525879,20.460052490234375,17.626781463623047,14.71224594116211,15.635757446289062,19.067569732666016,21.33266258239746,20.655235290527344,18.355627059936523,16.497493743896484,16.239377975463867,17.342905044555664,18.915786743164062,20.367015838623047,21.291114807128906,21.307825088500977,20.66493034362793,19.027137756347656,16.67380714416504,14.776165008544922,13.493968963623047,13.354246139526367,15.00123405456543,16.675546646118164,16.08052635192871,13.327905654907227,12.520980834960938
16.203222274780273,22.37533187866211,27.306785583496094,29.126710891723633,29.512800216674805,29.66037368774414,27.465070724487305,21.429359436035156,16.63323402404785,14.424650192260742,13.568037033081055,14.100701332092285,14.846616744995117,14.326231002807617,14.491700172424316,17.51293182373047,21.091991424560547,20.63330841064453,16.791261672973633,15.44640064239502,18.065061569213867,21.659229278564453,22.97576141357422,21.251354217529297,18.4321346282959,16.417587280273438,16.00287437438965,17.198566436767578,19.407176971435547,21.437397003173828,22.319942474365234,22.097105026245117,21.323009490966797,19.976613998413086,18.02471923828125,16.211511611938477,15.31525707244873,15.826388359069824,17.05597496032715,17.169879913330078,15.15635871887207,12.768168449401855,13.831950187683105
17.41483497619629,23.332935333251953,27.924022674560547,29.88942527770996,28.76372528076172,27.56739044189453,27.339075088500977,24.407245635986328,19.17359733581543,15.05445384979248,13.493846893310547,14.451647758483887,15.956429481506348,15.556646347045898,15.906575202941895,19.179996490478516,21.39663314819336,19.025920867919922,16.136919021606445,17.502676010131836,21.366315841674805,24.01523208618164,23.163166046142578,20.19738006591797,17.689714431762695,16.450199127197266,16.401857376098633,17.80152130126953,20.26526641845703,22.175893783569336,22.43745231628418,21.70868492126465,20.88847541809082,20.07263946533203,19.064617156982422,17.90822410583496,17.458433151245117,18.317934036254883,18.779312133789062,17.102588653564453,14.34399700164795,13.46393871307373,15.777242660522461
23.547880172729492,25.634071350097656,26.309078216552734,24.75486946105957,21.952932357788086,20.248512268066406,19.113759994506836,19.27480125427246,18.640422821044922,15.881512641906738,13.942668914794922,14.546552658081055,15.837226867675781,16.52582550048828,18.56350326538086,21.324663162231445,20.80686378479004,17.804950714111328,17.50412368774414,20.71454620361328,23.730546951293945,23.2647705078125,20.2276668548584,18.091022491455078,17.917335510253906,18.0957088470459,18.07901382446289,19.08106803894043,21.269784927368164,23.003725051879883,22.886812210083008,21.55457305908203,20.3079776763916,19.693429946899414,19.59203338623047,19.205224990844727,18.60690689086914,18.915040969848633,19.186250686645508,17.75459098815918,15.518952369689941,15.192814826965332,16.883434295654297
24.3315372467041,23.750377655029297,21.892818450927734,21.121326446533203,20.986618041992188,18.433462142944336,16.016399383544922,17.25165367126465,18.255769729614258,15.885085105895996,13.441967010498047,13.936497688293457,16.154651641845703,18.974489212036133,21.93739128112793,22.495630264282227,20.114704132080078,18.94182014465332,21.140178680419922,23.6788387298584,22.690513610839844,18.92839813232422,16.614303588867188,17.4904842376709,19.503631591796875,20.313940048217773,19.891984939575195,20.214086532592773,21.92863655090332,23.7860050201416,24.178625106811523,22.92143440246582,21.408416748046875,20.638225555419922,20.334630966186523,19.454246520996094,18.211578369140625,18.107484817504883,18.733633041381836,18.416698455810547,17.17580223083496,16.83085823059082,17.162981033325195
22.716806411743164,21.23878288269043,21.66758155822754,22.804231643676758,21.313251495361328,18.278026580810547,17.516433715820312,19.19620704650879,19.120798110961914,15.438409805297852,12.65975570678711,14.20561695098877,18.560144424438477,23.252609252929688,24.989198684692383,22.31044578552246,20.1029109954834,21.93360137939453,24.76893424987793,23.567317962646484,18.756696701049805,15.667672157287598,16.66632652282715,19.369964599609375,21.23263931274414,21.36199951171875,20.686927795410156,20.837400436401367,22.300195693969727,24.349050521850586,25.56316375732422,25.29825782775879,24.418323516845703,23.483768463134766,21.9816951751709,19.656299591064453,17.77367401123047,17.508136749267578,17.861806869506836,17.587169647216797,17.11659049987793,17.512346267700195,17.377147674560547
19.56378173828125,20.598506927490234,22.79150390625,23.772464752197266,21.794342041015625,19.2237491607666,19.39196014404297,20.79310417175293,19.16640281677246,14.738139152526855,13.074434280395508,16.73227882385254,23.128787994384766,27.895009994506836,26.057119369506836,21.146472930908203,21.46017074584961,25.4879150390625,25.633495330810547,20.22974967956543,16.020122528076172,17.201644897460938,20.434444427490234,22.056882858276367,21.509424209594727,20.785125732421875,21.0119686126709,21.92609405517578,23.215585708618164,24.889083862304688,26.395902633666992,27.233842849731445,27.384986877441406,26.704015731811523,24.48020362854004,20.856706619262695,18.312108993530273,17.646390914916992,16.934436798095703,15.572511672973633,15.24930191040039,16.570877075195312,17.351099014282227
18.940563201904297,20.40189552307129,22.855674743652344,24.237031936645508,23.122060775756836,21.640287399291992,21.671138763427734,20.987733840942383,17.57183837890625,14.255035400390625,15.564824104309082,21.638696670532227,28.55219841003418,29.784727096557617,24.14419937133789,21.15930938720703,25.19310760498047,27.920732498168945,23.165695190429688,17.381202697753906,17.948474884033203,22.262088775634766,24.556901931762695,22.80398178100586,20.418636322021484,20.48505210876465,22.34095573425293,24.011409759521484,24.865163803100586,25.67037582397461,26.87265968322754,28.218969345092773,29.11174774169922,29.04792594909668,26.853769302368164,22.899370193481445,20.004005432128906,18.415428161621094,16.314870834350586,13.94321060180664,13.416004180908203,14.940566062927246,16.626123428344727
22.702693939208984,22.6268310546875,23.854639053344727,24.713197708129883,24.400224685668945,23.994853973388672,23.054996490478516,20.009897232055664,16.16168212890625,15.247132301330566,19.57335662841797,27.1981201171875,31.790130615234375,28.16221809387207,22.525623321533203,24.104345321655273,28.983861923217773,27.505247116088867,21.20121955871582,19.196882247924805,23.005083084106445,26.956890106201172,26.151363372802734,22.17694091796875,20.301589965820312,21.82393455505371,24.394962310791016,25.982574462890625,26.376466751098633,26.679658889770508,27.59754180908203,28.971961975097656,30.021926879882812,30.008155822753906,28.258771896362305,25.527360916137695,22.81706428527832,19.48979949951172,15.824606895446777,13.2816801071167,12.842246055603027,13.911971092224121,15.496246337890625
26.01952362060547,25.45490837097168,25.67582893371582,25.994022369384766,26.010326385498047,25.471458435058594,23.23031997680664,19.07832908630371,15.931035041809082,17.560415267944336,23.86623764038086,30.79551124572754,32.03848648071289,27.35129737854004,24.673370361328125,27.37617301940918,29.24274253845215,26.213457107543945,22.844181060791016,23.615108489990234,27.195112228393555,29.056285858154297,26.476825714111328,22.635725021362305,21.8508358001709,23.788801193237305,25.893136978149414,26.88304901123047,27.264440536499023,27.900161743164062,28.980850219726562,30.04026985168457,30.25843048095703,29.67030143737793,29.199901580810547,28.62774085998535,25.75112533569336,20.01463508605957,14.834332466125488,12.645973205566406,12.773466110229492,13.672317504882812,15.015192985534668
26.340051651000977,26.23066520690918,26.710031509399414,27.621923446655273,27.929046630859375,26.36437225341797,22.745588302612305,18.517284393310547,17.171876907348633,20.783832550048828,26.921815872192383,31.748632431030273,32.330196380615234,29.80597686767578,27.56973648071289,27.207191467285156,27.313753128051758,26.55558204650879,25.93387794494629,26.889684677124023,29.076074600219727,29.794090270996094,27.312166213989258,24.128936767578125,23.53754234313965,25.07315444946289,26.420040130615234,26.97408103942871,27.733198165893555,29.09560775756836,30.331491470336914,30.634050369262695,30.049640655517578,29.79741096496582,30.886980056762695,31.234495162963867,27.037446975708008,19.62893295288086,13.817339897155762,11.755289077758789,12.301431655883789,13.795348167419434,15.575301170349121
25.926973342895508,26.437070846557617,27.590429306030273,29.083297729492188,29.227108001708984,26.711000442504883,22.542034149169922,19.370515823364258,19.82776641845703,23.575960159301758,28.429832458496094,32.713626861572266,34.5257682800293,31.8507022857666,26.82297134399414,24.970151901245117,26.80603790283203,28.385456085205078,28.241100311279297,28.34926986694336,29.591760635375977,30.057682037353516,28.190696716308594,25.49603271484375,24.59950828552246,25.552181243896484,26.543909072875977,27.112476348876953,28.105117797851562,29.540903091430664,30.48278045654297,30.699176788330078,30.805381774902344,31.44046974182129,32.6495246887207,31.707799911499023,26.72544288635254,20.006574630737305,14.685075759887695,12.095442771911621,12.181099891662598,13.973892211914062,16.377418518066406
25.974346160888672,27.378705978393555,29.040145874023438,30.290706634521484,29.814537048339844,27.195201873779297,23.79130744934082,22.036531448364258,23.090961456298828,26.198328018188477,30.586318969726562,34.884300231933594,35.12763977050781,29.8053035736084,24.363933563232422,24.87950325012207,28.734495162963867,30.390625,29.43636703491211,28.822593688964844,29.424915313720703,29.765064239501953,28.604503631591797,26.371957778930664,25.060089111328125,25.64569854736328,26.98026466369629,27.757095336914062,28.052366256713867,28.597673416137695,29.663715362548828,31.115161895751953,32.37080764770508,33.02152633666992,32.72376251220703,30.609996795654297,26.628847122192383,21.86265754699707,17.533977508544922,14.575823783874512,13.747770309448242,15.00040054321289,17.38224220275879
25.509227752685547,27.606979370117188,29.42424201965332,30.218164443969727,29.659597396850586,27.876848220825195,25.93849754333496,25.298919677734375,26.65694236755371,29.839073181152344,33.653194427490234,35.00796890258789,31.971435546875,26.80535316467285,24.759050369262695,27.561580657958984,30.89682960510254,31.28592872619629,29.98296356201172,29.107166290283203,29.05883026123047,29.27499008178711,28.612524032592773,26.54275894165039,24.95248794555664,25.73810577392578,27.765239715576172,28.428691864013672,27.548343658447266,27.412755966186523,29.076377868652344,31.424455642700195,32.89430618286133,32.922176361083984,31.847768783569336,30.096485137939453,27.474227905273438,24.01854705810547,20.643095016479492,18.144033432006836,17.12622833251953,17.7155818939209,19.243749618530273
25.10173225402832,27.129562377929688,28.789453506469727,29.486446380615234,29.377653121948242,28.61579704284668,27.908077239990234,28.327787399291992,30.34592056274414,32.92466735839844,33.997657775878906,32.09172058105469,28.645397186279297,26.41034698486328,27.324928283691406,30.21935272216797,31.820283889770508,31.510801315307617,30.59137725830078,29.4047908782959,28.57724380493164,28.53277587890625,27.8780574798584,25.88086700439453,24.78862762451172,26.33631706237793,28.676576614379883,28.884321212768555,27.501632690429688,27.2641658782959,28.76462745666504,30.58171844482422,31.671239852905273,31.903596878051758,31.617294311523438,30.798778533935547,28.748394012451172,25.613615036010742,22.875545501708984,21.291000366210938,20.684383392333984,20.822856903076172,21.201929092407227
25.619565963745117,27.545785903930664,29.147117614746094,29.559677124023438,29.331417083740234,29.36001205444336,29.9976749420166,31.01947784423828,31.847862243652344,32.17896270751953,31.862070083618164,30.79266929626465,29.166534423828125,28.229814529418945,29.56468391418457,31.689022064208984,32.13547134399414,31.594066619873047,30.876802444458008,29.313127517700195,27.56896209716797,26.670976638793945,26.089481353759766,25.320959091186523,25.51613426208496,27.51461410522461,29.71343231201172,29.83167839050293,28.392364501953125,27.571178436279297,27.973711013793945,29.036041259765625,30.3439998626709,31.536943435668945,32.24152755737305,31.851240158081055,29.75741195678711,26.716293334960938,24.497297286987305,23.521610260009766,23.068286895751953,22.808029174804688,22.431442260742188
26.50029754638672,28.344430923461914,30.26026153564453,30.644107818603516,30.154773712158203,30.460317611694336,31.213354110717773,30.999530792236328,30.13260269165039,30.062360763549805,31.106307983398438,31.697052001953125,30.674724578857422,29.748865127563477,30.980976104736328,32.38027572631836,31.93898582458496,30.9383487701416,30.194969177246094,28.50628662109375,25.503087997436523,23.615795135498047,24.25425910949707,25.926057815551758,27.384565353393555,28.921512603759766,30.48724937438965,30.81830596923828,29.281206130981445,27.305404663085938,26.8293514251709,28.239360809326172,30.432092666625977,32.217041015625,33.10309982299805,32.675209045410156,30.71597671508789,28.062238693237305,26.004108428955078,24.88453483581543,24.2066650390625,23.74755859375,23.348724365234375
27.71978759765625,29.05268096923828,31.145004272460938,32.301944732666016,31.984941482543945,30.993989944458008,29.754737854003906,28.588136672973633,28.345619201660156,29.381053924560547,30.92169761657715,31.45354652404785,30.59716033935547,30.295211791992188,31.617164611816406,32.078731536865234,30.74563980102539,29.2926082611084,28.283817291259766,26.318845748901367,23.057132720947266,21.430116653442383,23.271135330200195,26.70952606201172,29.06662368774414,29.81576919555664,30.122695922851562,30.009201049804688,28.428985595703125,26.366071701049805,26.274791717529297,28.41905975341797,31.003028869628906,32.776607513427734,33.66838455200195,33.560089111328125,32.24245834350586,30.112659454345703,27.838027954101562,25.997032165527344,24.806215286254883,24.277599334716797,24.280292510986328
