data/wind_data/wind_63_2.json
{"header": {"parameterUnit": "KT", "parameterCategory": 2, "nx": 256, "ny": 198, "lo1": 44.73521041870117, "la1": -3.236724853515625, "lo2": 111.26478576660156, "la2": 43.468475341796875, "dx": 0.2609002888202667, "dy": -0.23708222806453705, "refTime": "2025-02-21 15:00:00", "forecastTime": 0, "parameterNumber": 2, "parameterNumberName": "eastward_wind"}, "data":
[rows 95 to 113 of 198, columns 129 to 171 of 256]
11.607762336730957,11.17977237701416,8.736865997314453,5.727025032043457,5.512538433074951,8.658079147338867,2.5458831787109375,-5.156390190124512,-3.660438299179077,2.3320155143737793,4.534512996673584,3.230215072631836,3.6704893112182617,1.9747415781021118,4.834534645080566,-0.5787926316261292,-2.5032460689544678,-8.87445068359375,-10.322426795959473,-8.513557434082031,-4.708714485168457,-2.7946455478668213,-1.7582589387893677,-7.320575714111328,-7.901584625244141,-5.0981903076171875,-6.062331199645996,-6.305599689483643,-2.337123394012451,-1.1319679021835327,-0.1711191087961197,-1.414209008216858,-1.4449058771133423,-0.36740627884864807,1.4148435592651367,2.1835665702819824,1.8117222785949707,1.0906832218170166,0.39577287435531616,-0.28192785382270813,-0.6678840517997742,-0.8113579154014587,-0.167646124958992
10.38518238067627,10.193108558654785,8.632254600524902,8.120261192321777,7.286078453063965,8.975417137145996,2.879002332687378,-3.968432664871216,-1.7582614421844482,4.005427360534668,5.821822166442871,2.1140735149383545,0.6156749129295349,1.3138792514801025,3.889086961746216,4.052281856536865,-1.6344850063323975,-5.248219966888428,-5.88912296295166,-6.0655317306518555,-3.198472738265991,-2.739875078201294,0.5300095677375793,-2.339798927307129,-2.078906774520874,-3.3668243885040283,-2.9357879161834717,-1.690009593963623,-0.41138991713523865,-2.3423056602478027,-0.3824458420276642,0.46249866485595703,0.7188855409622192,0.7028551697731018,1.7136867046356201,2.7560789585113525,2.952392101287842,2.4214518070220947,1.457118034362793,0.30842965841293335,-0.33596858382225037,-0.6460742950439453,-0.3045926094055176
7.863339900970459,7.877260208129883,8.858760833740234,11.239614486694336,9.084599494934082,8.137276649475098,4.403306007385254,-2.105403184890747,-0.26390036940574646,4.888699054718018,3.699198007583618,1.148240327835083,0.6239184737205505,-0.13439662754535675,0.4265037178993225,1.0772273540496826,0.5736441016197205,1.440627098083496,1.626713514328003,2.20723295211792,2.1553454399108887,-0.0470779687166214,-1.0939558744430542,-5.610884189605713,-2.298363447189331,2.9069228172302246,0.36866798996925354,-0.9318668246269226,-0.2232702225446701,-3.1253817081451416,-0.2790506184101105,1.532047986984253,2.620615005493164,3.176682949066162,3.2359113693237305,2.6309361457824707,2.9439945220947266,2.447253704071045,1.1377133131027222,-0.20386728644371033,-0.1890641748905182,-0.09161314368247986,0.059303510934114456
6.577229976654053,7.348134517669678,9.996500015258789,10.850826263427734,8.393548965454102,7.58984375,4.668948650360107,-1.5634644031524658,-0.5564416646957397,4.600579261779785,6.181355953216553,3.072190999984741,3.4914743900299072,0.3360212743282318,3.984132766723633,1.9553358554840088,0.11348387598991394,2.709104537963867,0.9383983612060547,0.10708646476268768,-0.3683490455150604,-0.09867653250694275,-3.162262439727783,-0.9608086943626404,-0.5184247493743896,6.421472072601318,4.237515449523926,0.5613117814064026,-0.9775082468986511,0.029639123007655144,1.9889329671859741,-0.5995153784751892,2.006105661392212,5.160994052886963,4.236338138580322,2.043168544769287,2.6044440269470215,3.163325071334839,2.716160535812378,1.2408591508865356,1.5787795782089233,1.6191682815551758,1.6619113683700562
7.486299991607666,8.637768745422363,8.52958869934082,6.969030857086182,7.674566268920898,8.832694053649902,6.788314342498779,2.6657700538635254,0.5228808522224426,2.849529266357422,6.746852874755859,3.6068549156188965,-0.5657184720039368,0.26399871706962585,0.7496082186698914,1.6618947982788086,1.5189155340194702,0.3374025225639343,-0.297741562128067,-1.109623908996582,-1.9202121496200562,-2.5142085552215576,-3.1767804622650146,0.5543572306632996,0.9188700318336487,4.209558963775635,4.0211381912231445,2.3386833667755127,0.9560135006904602,1.0225660800933838,-0.19273200631141663,-3.510838747024536,-0.12984788417816162,3.128831386566162,2.208836078643799,2.030479669570923,2.5386483669281006,2.565814971923828,3.305431604385376,2.8779563903808594,1.8727374076843262,1.3466733694076538,1.1304824352264404
10.086970329284668,9.016631126403809,5.340549468994141,4.058887004852295,6.422083377838135,8.777031898498535,7.461764335632324,5.654062271118164,2.4331881999969482,4.1620683670043945,6.204537391662598,5.495199203491211,4.53908634185791,2.1484694480895996,1.639983892440796,2.408510446548462,2.6722209453582764,4.303936958312988,4.5851030349731445,1.8137764930725098,-2.4812302589416504,-3.2546491622924805,0.09811709076166153,0.5354562997817993,1.3273427486419678,5.904313087463379,7.01967716217041,5.28399133682251,1.020419955253601,-2.3159146308898926,-3.807807445526123,-5.01882266998291,-3.173923969268799,0.1790458858013153,1.341293454170227,1.4889717102050781,1.2415484189987183,1.7176395654678345,2.1913092136383057,2.91941237449646,3.387320041656494,3.6011950969696045,1.6338622570037842
10.109654426574707,7.438964366912842,4.041894912719727,3.897663116455078,4.918880462646484,7.669225692749023,8.37416934967041,6.094904899597168,2.829944372177124,6.182704448699951,9.07506275177002,11.32701301574707,5.380710601806641,2.7760603427886963,-0.12424209713935852,2.5274786949157715,-0.8134651184082031,4.326084613800049,5.074456691741943,3.7679855823516846,5.210024356842041,3.603386163711548,2.9291653633117676,2.7490897178649902,5.1282429695129395,8.13143253326416,9.297647476196289,3.607299566268921,-3.213209867477417,-4.8210954666137695,-4.527191162109375,-5.717606544494629,-5.1335015296936035,-0.8407267928123474,0.5325631499290466,0.6315615773200989,0.6367789506912231,0.8373656272888184,1.3309946060180664,3.7509725093841553,5.9289469718933105,7.178730010986328,5.483700752258301
6.02539587020874,5.828732013702393,5.241354465484619,4.92827033996582,2.979217052459717,6.381885528564453,5.454779148101807,4.152600288391113,5.372729778289795,7.957958221435547,6.62011194229126,8.708749771118164,1.3743799924850464,-1.8597623109817505,-0.8976608514785767,2.146904945373535,2.0177505016326904,3.7861692905426025,8.114034652709961,5.832385540008545,6.046243667602539,6.137615203857422,6.041695594787598,4.417300224304199,5.153899192810059,7.4280219078063965,8.061797142028809,2.057419776916504,-4.583507061004639,-4.947800636291504,-5.584939002990723,-7.432143211364746,-7.698637962341309,-3.7177915573120117,1.186862826347351,3.410935878753662,3.145156145095825,1.4238499402999878,1.8254436254501343,4.200911045074463,6.262150287628174,7.682429790496826,7.415197372436523
3.683880090713501,6.217108726501465,5.562082290649414,2.5033886432647705,0.749010443687439,3.3359882831573486,3.5759263038635254,5.9872894287109375,7.8751606941223145,9.917036056518555,9.392924308776855,7.643030166625977,2.4332168102264404,-0.28308477997779846,1.5691936016082764,3.7959372997283936,5.82666540145874,5.339686870574951,10.757781982421875,11.439064979553223,7.9888434410095215,6.045889377593994,6.496699810028076,6.64759635925293,5.777569770812988,5.292238712310791,5.818634986877441,-1.560158610343933,-4.992873668670654,-4.613910675048828,-3.757554292678833,-5.932945728302002,-6.464478015899658,-4.052793025970459,-1.4514180421829224,3.6070311069488525,2.709310293197632,1.5404446125030518,1.0045162439346313,2.72522234916687,2.9239401817321777,5.35308313369751,5.369866847991943
4.135218620300293,5.226452350616455,2.5797481536865234,1.84859037399292,1.7323389053344727,2.6725802421569824,4.993493556976318,4.265419960021973,6.628749370574951,8.418028831481934,8.428567886352539,5.558331489562988,0.08817032724618912,-0.35193777084350586,-0.2616930305957794,4.513240814208984,6.462706089019775,9.720616340637207,8.109540939331055,6.137157917022705,8.663252830505371,8.5803804397583,7.746638298034668,5.01092529296875,3.9376749992370605,3.296546459197998,4.655604839324951,-0.05913040041923523,3.4999396800994873,1.3629387617111206,0.8774466514587402,-3.2356157302856445,-3.71885085105896,-4.321526527404785,-3.141702651977539,0.9973905086517334,1.0822768211364746,3.009823799133301,2.759918212890625,3.110171318054199,5.715361595153809,6.4577178955078125,7.236841678619385
3.8197007179260254,1.6629552841186523,1.976701259613037,0.6238434910774231,3.016545534133911,2.507491111755371,4.9553351402282715,5.772790908813477,7.651065349578857,7.631984233856201,8.27193546295166,7.886234283447266,5.177480697631836,3.5340793132781982,3.2001614570617676,3.734394073486328,6.263219356536865,5.372345447540283,3.0980448722839355,-3.173415422439575,6.860864639282227,9.592653274536133,2.528337240219116,4.535300254821777,4.897918701171875,2.573622703552246,2.018756628036499,4.971445560455322,7.4473042488098145,1.0422945022583008,2.403301239013672,-1.0198880434036255,-2.9157564640045166,-4.886137008666992,-2.4588072299957275,-1.5611978769302368,0.034539833664894104,2.87575626373291,2.7319304943084717,2.8684158325195312,4.454952716827393,5.912888050079346,6.088551044464111
3.751160144805908,2.508601188659668,5.5008697509765625,1.3196790218353271,3.251067638397217,1.531244158744812,4.9806108474731445,5.86831521987915,8.190996170043945,8.083301544189453,6.090140342712402,4.886746883392334,6.7653679847717285,7.730360984802246,8.035628318786621,3.0334925651550293,-1.4569728374481201,1.4724823236465454,6.039478302001953,0.5555042624473572,-2.102745771408081,0.06082908809185028,4.355048656463623,4.336355686187744,6.404207706451416,10.100251197814941,8.53369426727295,3.905444860458374,0.4774124324321747,-1.8236464262008667,-1.1361371278762817,-3.2710447311401367,-3.3085429668426514,-4.170048236846924,-2.2946391105651855,0.11325111985206604,2.263960361480713,3.954477310180664,3.2426769733428955,2.220268487930298,3.7393338680267334,6.135721683502197,7.763999938964844
4.706404685974121,5.14947509765625,4.445667266845703,1.5566284656524658,1.7785943746566772,2.579453229904175,4.684623718261719,6.264161109924316,6.282999038696289,4.691889762878418,5.17832612991333,5.388331413269043,5.9645185470581055,6.358247756958008,8.754752159118652,6.0995283126831055,0.022432710975408554,-0.23735176026821136,6.206975936889648,2.979891300201416,-1.7908364534378052,-4.883767604827881,-2.1303772926330566,0.8429368734359741,-0.40557584166526794,-0.9730440974235535,-0.6456578373908997,-2.908721446990967,-3.8244895935058594,-2.8900251388549805,-0.750957190990448,-0.5628689527511597,-2.689598560333252,-3.4552950859069824,-1.5693923234939575,2.984133720397949,5.351700782775879,4.636176586151123,5.057686805725098,5.368668079376221,6.883379936218262,7.58154821395874,7.614352226257324
5.2735090255737305,4.025695323944092,4.0415754318237305,2.5000181198120117,-0.16750037670135498,1.9635106325149536,4.568195343017578,6.251220703125,5.961554050445557,6.658353805541992,7.847398281097412,7.181970119476318,8.77365779876709,9.47125244140625,10.729838371276855,10.656417846679688,6.948575019836426,1.5709022283554077,-1.0768228769302368,2.406789541244507,-0.4403902292251587,-2.352764844894409,-6.274049758911133,-9.155288696289062,-10.485373497009277,-11.200179100036621,-10.316414833068848,-6.787540435791016,-3.245445489883423,-1.4722658395767212,1.058600902557373,1.2261942625045776,-0.26014989614486694,0.0026340526528656483,1.6886252164840698,5.517269134521484,6.937475204467773,6.838667392730713,6.735838413238525,4.349264621734619,5.479969024658203,7.853788375854492,9.295184135437012
4.47633171081543,4.781321048736572,7.5098419189453125,4.399620532989502,0.5792999863624573,2.7612035274505615,5.407433032989502,7.464484691619873,7.509737014770508,7.549487113952637,6.315972328186035,3.6370420455932617,2.8834290504455566,5.154186248779297,3.382967948913574,3.0062355995178223,1.6638033390045166,1.3909097909927368,0.9917950630187988,1.1468960046768188,-1.0189791917800903,-3.2627317905426025,-4.515505313873291,-5.759274482727051,-7.452365398406982,-8.759526252746582,-11.403488159179688,-11.223123550415039,-8.469268798828125,-7.1083269119262695,-5.4672675132751465,-4.212898254394531,-4.108579635620117,-1.4547103643417358,0.12138737738132477,0.5639649033546448,0.7901065349578857,2.7205159664154053,3.632178544998169,3.6698100566864014,5.431857585906982,7.572667598724365,9.034444808959961
3.7293660640716553,4.834699630737305,7.577333927154541,5.579738140106201,3.9292407035827637,5.485080718994141,7.048650741577148,6.622652053833008,7.1303181648254395,7.278200149536133,7.2211127281188965,5.730672359466553,0.7641780376434326,-1.5013149976730347,-1.469799518585205,-1.610680341720581,-3.1059412956237793,-2.9994020462036133,-3.6516549587249756,-4.555061340332031,-4.1457061767578125,-2.932400703430176,-4.765810489654541,-6.384673118591309,-8.442509651184082,-9.104337692260742,-7.856431007385254,-7.130854606628418,-6.977743625640869,-6.721401691436768,-5.682768821716309,-4.16896390914917,-2.358997344970703,0.14692969620227814,3.1790452003479004,2.630929708480835,-0.7927954196929932,-0.5977997779846191,1.076703667640686,2.5792076587677,4.0275726318359375,5.783909797668457,7.707860469818115
4.176672458648682,5.499441623687744,7.459146022796631,7.477305889129639,7.8748345375061035,7.750420093536377,6.69562292098999,5.550864219665527,6.824308395385742,7.5269389152526855,8.17179012298584,7.3124284744262695,5.000288009643555,3.4755895137786865,1.016997218132019,-1.0007643699645996,-0.3470534086227417,-0.3887397050857544,-0.5081716179847717,-2.0679869651794434,-2.1850738525390625,-2.464566946029663,-4.679155349731445,-6.950375556945801,-8.689794540405273,-9.522953987121582,-8.027474403381348,-4.320728302001953,-1.2640477418899536,0.2437807321548462,1.6285066604614258,2.0553746223449707,2.871490001678467,3.7790098190307617,4.4042534828186035,5.440688610076904,6.074557781219482,6.001677989959717,4.676912784576416,4.197214603424072,4.964461803436279,6.478585720062256,8.684578895568848
7.741662979125977,8.765874862670898,8.044013023376465,7.683752536773682,8.252724647521973,8.157622337341309,6.519175052642822,5.806183338165283,6.8395771980285645,8.28173542022705,8.886646270751953,8.309297561645508,6.362454414367676,4.693767070770264,4.647143363952637,2.678365707397461,0.9492381811141968,2.3423960208892822,1.8684455156326294,-0.1646117866039276,-0.04013857617974281,-3.4915401935577393,-3.42750883102417,-4.5062994956970215,-4.901112079620361,-4.4796624183654785,-2.615466594696045,0.8064315319061279,3.286149501800537,5.566784381866455,7.20653772354126,6.866767883300781,5.216984748840332,4.329836845397949,4.680085182189941,5.7796735763549805,6.710084915161133,7.360232830047607,7.6699628829956055,7.499634265899658,7.424731254577637,8.381681442260742,10.440530776977539
8.670865058898926,8.719674110412598,7.732298374176025,7.579543113708496,8.138816833496094,9.176843643188477,8.284122467041016,7.840376377105713,7.401077747344971,9.354260444641113,9.209001541137695,8.284059524536133,8.09941291809082,5.93242073059082,5.432528495788574,6.449929237365723,4.137232780456543,3.6518001556396484,2.6244492530822754,0.4491730332374573,-0.4518204629421234,-3.3310439586639404,-2.955841064453125,-1.886073112487793,-1.7905522584915161,-0.750779926776886,1.9564803838729858,5.475682735443115,8.235640525817871,9.766990661621094,10.584452629089355,10.386064529418945,8.529406547546387,6.168825149536133,4.911280155181885,5.197223663330078,6.134025573730469,6.949668884277344,7.679632186889648,8.640545845031738,9.600798606872559,10.78199577331543,12.149117469787598
