data/wind_data/wind_44_1.json
{"header": {"parameterUnit": "KT", "parameterCategory": 2, "nx": 256, "ny": 198, "lo1": 44.73521041870117, "la1": -3.236724853515625, "lo2": 111.26478576660156, "la2": 43.468475341796875, "dx": 0.2609002888202667, "dy": -0.23708222806453705, "refTime": "2025-02-20 20:00:00", "forecastTime": 0, "parameterNumber": 2, "parameterNumberName": "eastward_wind"}, "data":
[rows 133 to 151 of 198, columns 43 to 85 of 256]
6.092686653137207,11.2550687789917,10.875298500061035,8.036009788513184,5.702121734619141,4.464963912963867,18.321828842163086,23.375919342041016,8.420955657958984,-2.8299217224121094,-5.9809112548828125,-7.448010444641113,-11.773780822753906,-9.423022270202637,-7.455611705780029,-6.510380268096924,-3.7777414321899414,-4.353752136230469,-1.1964153051376343,3.539882183074951,5.442978382110596,-1.5257843732833862,-4.51753044128418,-3.8951475620269775,-3.394820213317871,-5.171741962432861,-6.825165271759033,-7.367300033569336,-8.742777824401855,-8.702644348144531,-7.454928874969482,-6.027800559997559,-3.810041904449463,-3.0147550106048584,-3.2648017406463623,-2.5622642040252686,-2.441707134246826,-1.5802804231643677,-5.215651988983154,-5.8008503913879395,-2.34698748588562,-0.4054960310459137,0.6151332259178162
9.006543159484863,6.3614068031311035,6.7244672775268555,1.7058016061782837,1.7264716625213623,7.602246284484863,21.227331161499023,11.73408031463623,4.311680793762207,-4.1650214195251465,-4.868730068206787,-10.154824256896973,-11.45138168334961,-8.121864318847656,-7.2834343910217285,-8.435137748718262,-8.481749534606934,-6.685503005981445,-0.346098393201828,4.9049177169799805,5.00862979888916,-3.5511019229888916,-5.093145847320557,-2.921199083328247,-2.5412333011627197,-4.603288173675537,-7.0019354820251465,-6.7409868240356445,-7.334919452667236,-7.313205718994141,-5.636020183563232,-5.72578763961792,-5.465758323669434,-4.101315975189209,-3.137284994125366,-3.6743152141571045,-4.480969429016113,-2.5691301822662354,-4.018948554992676,-8.106201171875,-4.474963188171387,-0.9990187287330627,-1.2627063989639282
4.468681335449219,3.0734059810638428,4.197934627532959,-2.3763527870178223,-1.4251890182495117,17.293590545654297,20.34307098388672,7.505209445953369,0.00020928194862790406,-6.13919734954834,-9.204692840576172,-13.045032501220703,-11.947338104248047,-8.977364540100098,-6.508825778961182,-9.511874198913574,-11.62586498260498,-7.867321968078613,0.09110582619905472,4.960972309112549,4.470463275909424,-3.00618839263916,-3.485673666000366,-1.830642819404602,-2.7338595390319824,-4.994519233703613,-6.58563756942749,-6.096331596374512,-5.405757427215576,-4.695028781890869,-4.255641937255859,-5.464081287384033,-6.248012542724609,-5.199272155761719,-3.4903576374053955,-4.242220401763916,-5.0842814445495605,-4.809927940368652,-4.455082893371582,-9.619070053100586,-7.7943949699401855,-2.8753058910369873,-3.701486110687256
1.9634596109390259,5.158912181854248,2.4560627937316895,1.8146836757659912,8.318032264709473,22.56663703918457,7.221736907958984,5.033895969390869,-3.4540703296661377,-7.907704830169678,-13.037894248962402,-14.684507369995117,-12.185225486755371,-11.06573486328125,-11.999510765075684,-13.576034545898438,-13.288442611694336,-7.93942403793335,0.01985042542219162,5.030610084533691,2.971691846847534,-1.9633928537368774,-2.367748260498047,-1.9321614503860474,-3.4349117279052734,-5.483989238739014,-6.17393684387207,-5.831853866577148,-5.3738532066345215,-4.570012092590332,-3.7812726497650146,-5.259679794311523,-6.859102249145508,-5.834212779998779,-3.971849203109741,-4.285934925079346,-5.341216087341309,-5.558003902435303,-4.826430320739746,-7.935856819152832,-10.506077766418457,-6.641982555389404,-4.483339309692383
1.9149149656295776,3.4465012550354004,6.592064380645752,15.262791633605957,21.120567321777344,8.448726654052734,2.9288268089294434,-1.506340742111206,-7.011961936950684,-10.394404411315918,-14.954310417175293,-16.211668014526367,-13.819599151611328,-13.391515731811523,-17.711788177490234,-17.123327255249023,-11.785367965698242,-5.44647216796875,-0.7112367153167725,2.3455240726470947,0.24367068707942963,-1.4337587356567383,-1.962123990058899,-1.9785293340682983,-3.2772250175476074,-4.657285213470459,-5.356746673583984,-6.431857109069824,-6.08943510055542,-5.313224792480469,-4.461599349975586,-4.429838180541992,-6.3610053062438965,-5.559867858886719,-3.655802011489868,-3.0708608627319336,-3.7354378700256348,-3.853794813156128,-4.032810211181641,-5.6823554039001465,-9.42672061920166,-5.69703483581543,-0.8163824677467346
-1.9611002206802368,3.4654829502105713,16.648439407348633,28.83080291748047,9.501163482666016,1.5154998302459717,0.20422311127185822,-8.07062816619873,-7.6710991859436035,-11.061827659606934,-16.23383331298828,-17.763208389282227,-16.88111114501953,-16.61189079284668,-18.1107120513916,-16.8333797454834,-10.065250396728516,-4.281913757324219,-2.533679723739624,-0.89287269115448,0.33092519640922546,-0.186110258102417,-1.42948317527771,-1.9735565185546875,-2.6728336811065674,-4.39805269241333,-5.918920993804932,-6.484470844268799,-5.618100166320801,-4.732549667358398,-3.490368366241455,-4.043041229248047,-5.6866374015808105,-4.891984939575195,-2.5302748680114746,-1.613036036491394,-1.429300308227539,-0.7145974636077881,-2.0837948322296143,-4.852266788482666,-6.488998889923096,-4.335601806640625,0.15022820234298706
-1.9660229682922363,11.376365661621094,26.63121223449707,12.715188980102539,-5.777927875518799,0.4868251383304596,-2.6706244945526123,-7.02410888671875,-5.8590826988220215,-10.01872444152832,-16.209991455078125,-18.919973373413086,-19.31226348876953,-17.63347816467285,-15.52210807800293,-13.30524730682373,-8.486845016479492,-3.4215891361236572,-1.6668800115585327,-0.5726930499076843,-1.7084802389144897,-3.438096046447754,-1.6007248163223267,-3.349637269973755,-3.9829399585723877,-4.536773681640625,-5.208952903747559,-5.802624225616455,-5.501747131347656,-4.955543518066406,-2.779165744781494,-1.1316710710525513,-3.7277188301086426,-3.316100835800171,-1.5947705507278442,-1.7187613248825073,-1.4122663736343384,-0.5273435115814209,-1.730290174484253,-4.083670139312744,-4.1978230476379395,-4.012760639190674,-1.4979498386383057
5.87985897064209,19.178491592407227,19.810604095458984,-4.0057525634765625,-4.719201564788818,-2.6169493198394775,-0.48995915055274963,-3.4200572967529297,-1.627111792564392,-7.240683555603027,-15.056557655334473,-17.02678680419922,-17.277185440063477,-15.328239440917969,-13.46450424194336,-11.371821403503418,-6.904907703399658,-2.0410923957824707,0.03741120174527168,1.616498589515686,1.698065161705017,-2.572237253189087,-3.1070475578308105,-4.0005106925964355,-4.279702186584473,-4.34575080871582,-4.626115798950195,-4.865408897399902,-4.868603706359863,-4.7460455894470215,-3.5825819969177246,-1.556349515914917,-2.385080337524414,-2.9054532051086426,-4.743928909301758,-5.471639156341553,-2.7366552352905273,0.24353694915771484,-1.532136082649231,-2.563096761703491,-2.3010730743408203,-3.315314292907715,-1.7340681552886963
12.21320915222168,21.473386764526367,7.019639492034912,-9.101134300231934,-5.8509111404418945,-3.8177366256713867,2.1617579460144043,3.1712167263031006,1.1430269479751587,-5.3104963302612305,-12.329910278320312,-13.893019676208496,-14.13036060333252,-12.824848175048828,-10.00708293914795,-7.756852149963379,-5.574175834655762,-0.725671112537384,1.8964840173721313,3.4777770042419434,3.5483779907226562,-3.031139373779297,-4.031450271606445,-4.523263931274414,-4.83269739151001,-5.0356574058532715,-4.641411304473877,-4.593979835510254,-5.386692523956299,-5.739655494689941,-5.413094997406006,-5.0445876121521,-5.081700801849365,-5.483471870422363,-6.727912902832031,-6.838595867156982,-4.459702968597412,-0.07037175446748734,-2.801851749420166,-6.866644382476807,-5.050889492034912,-2.7615532875061035,0.7722325921058655
16.832059860229492,18.067062377929688,-4.412452220916748,-9.860774040222168,-7.252720355987549,-4.340349197387695,3.3633534908294678,6.417356491088867,0.19876188039779663,-7.500746250152588,-11.17202377319336,-11.334692001342773,-11.808626174926758,-10.7438383102417,-6.438815116882324,-3.560443162918091,-3.6583986282348633,-0.29627373814582825,2.7707767486572266,4.6333489418029785,2.764853000640869,-4.488903999328613,-3.4947705268859863,-4.5456390380859375,-5.957735538482666,-6.459731101989746,-4.88814640045166,-4.786314010620117,-6.7158660888671875,-6.795333385467529,-6.992266654968262,-7.037711143493652,-6.6323933601379395,-5.85926628112793,-6.74944543838501,-9.732022285461426,-8.785906791687012,-4.610354423522949,-4.349928855895996,-7.396786212921143,-4.678900718688965,-3.6475727558135986,-3.246901512145996
18.248146057128906,4.553257465362549,-10.224278450012207,-8.352548599243164,-7.793550491333008,-4.270187854766846,2.884546995162964,4.481442451477051,-2.1024727821350098,-7.951012134552002,-8.988285064697266,-9.035433769226074,-9.825571060180664,-9.504634857177734,-6.906220436096191,-2.245851755142212,0.3579331040382385,1.927078366279602,4.185268878936768,5.999580383300781,-1.9871244430541992,-5.750946998596191,-3.936102867126465,-5.73053503036499,-7.07847785949707,-7.230436325073242,-5.627390384674072,-5.166549205780029,-6.323214530944824,-7.411520957946777,-8.563040733337402,-8.429618835449219,-5.933435916900635,-3.6297805309295654,-6.851233959197998,-11.521796226501465,-9.869458198547363,-3.3460729122161865,-5.2393646240234375,-5.71444034576416,-2.474442958831787,-0.04704340547323227,-1.5431468486785889
5.696959495544434,-7.666196823120117,-8.295022010803223,-4.664119243621826,-5.265581130981445,-3.0127675533294678,1.3774551153182983,-0.46416404843330383,-3.611996650695801,-7.476115703582764,-8.611405372619629,-9.533686637878418,-11.085052490234375,-10.588216781616211,-7.846062660217285,-0.637545645236969,4.284928321838379,5.561116695404053,7.123091697692871,4.837151527404785,-6.877082347869873,-5.019848346710205,-4.760790824890137,-5.966741561889648,-6.497501373291016,-7.668385028839111,-7.140686511993408,-6.292049884796143,-6.877603530883789,-8.38138484954834,-9.347586631774902,-7.712055206298828,-2.929570198059082,2.110834836959839,-5.608807563781738,-12.994632720947266,-7.520956516265869,-0.8465903401374817,-4.149502754211426,-9.74830150604248,-5.139767646789551,-0.32625725865364075,2.1127207279205322
-3.729339599609375,-10.115701675415039,-5.444670677185059,-0.36822327971458435,-1.473034143447876,-4.434881687164307,-6.3181843757629395,-6.438248157501221,-5.670983791351318,-9.300562858581543,-11.39088249206543,-11.774370193481445,-11.97055721282959,-10.536225318908691,-6.642512321472168,-0.034005943685770035,5.294866561889648,8.128246307373047,9.683002471923828,1.9051895141601562,-7.6433024406433105,-5.170711994171143,-5.239645481109619,-5.912575721740723,-6.398888111114502,-7.822849750518799,-9.109748840332031,-7.783138751983643,-7.600916862487793,-9.679439544677734,-10.472383499145508,-7.612194061279297,-1.1332355737686157,3.8791022300720215,-2.805643320083618,-11.216647148132324,-4.941787242889404,-4.781803131103516,-6.713978290557861,-10.335952758789062,-9.529295921325684,-6.161739349365234,1.2498782873153687
-6.682653427124023,-9.668280601501465,-3.5383994579315186,1.2747656106948853,-3.4159433841705322,-10.865639686584473,-12.130494117736816,-7.715851783752441,-6.047883033752441,-9.32813835144043,-10.533088684082031,-10.765045166015625,-10.647337913513184,-9.499186515808105,-4.666960716247559,0.05159047618508339,5.732332229614258,9.385337829589844,9.896238327026367,-0.01210474781692028,-6.684601306915283,-5.883712291717529,-5.102140426635742,-5.579563617706299,-8.372108459472656,-10.157415390014648,-11.397944450378418,-9.784961700439453,-7.974729537963867,-9.165887832641602,-7.552606582641602,-6.405390739440918,-1.741137146949768,3.6958932876586914,1.456321358680725,-5.50445556640625,-1.4638053178787231,-7.028573989868164,-13.627601623535156,-9.964540481567383,-9.542155265808105,-10.48043155670166,-3.273683786392212
-10.245942115783691,-8.618612289428711,-1.8690578937530518,-0.6568382382392883,-8.884861946105957,-15.11110782623291,-10.293402671813965,-5.4329938888549805,-7.123786449432373,-8.42574691772461,-8.013337135314941,-7.938276767730713,-9.963736534118652,-8.755738258361816,-2.4382803440093994,0.6318954229354858,7.32023286819458,10.270159721374512,8.226679801940918,-2.5127756595611572,-5.406130790710449,-6.559549808502197,-5.807640552520752,-4.87420654296875,-7.460744380950928,-10.927403450012207,-13.907455444335938,-12.512063026428223,-8.436708450317383,-8.515381813049316,-9.008283615112305,-8.36778736114502,-5.658885955810547,1.5391051769256592,3.6742491722106934,1.5251938104629517,2.105139970779419,-6.667295455932617,-15.534225463867188,-8.739163398742676,-8.555675506591797,-13.41906452178955,-7.920891761779785
-11.871017456054688,-8.298513412475586,-2.246133327484131,-1.3351024389266968,-12.671850204467773,-12.864087104797363,-5.0063886642456055,-5.027377128601074,-10.564204216003418,-9.394391059875488,-9.553984642028809,-9.098316192626953,-8.002481460571289,-2.9889512062072754,0.26499655842781067,1.369637370109558,7.219758987426758,8.899030685424805,3.34415602684021,-5.679011821746826,-6.246899127960205,-7.449669361114502,-7.8426055908203125,-6.993481636047363,-8.659440040588379,-12.529793739318848,-14.496920585632324,-12.896207809448242,-9.24136734008789,-7.186931133270264,-6.637594223022461,-7.2794413566589355,-7.005622386932373,-2.295506477355957,1.9224417209625244,2.7656033039093018,4.512148380279541,-5.084779739379883,-12.70113754272461,-1.633968472480774,-3.8310229778289795,-12.983455657958984,-11.55676555633545
-9.91367244720459,-10.139269828796387,-6.713163375854492,-4.550336837768555,-9.753645896911621,-7.442144870758057,-1.9744290113449097,-7.9274163246154785,-13.164515495300293,-11.571025848388672,-12.638544082641602,-8.997621536254883,-1.955392599105835,2.695094585418701,1.643965721130371,1.6379156112670898,5.3431806564331055,4.995734214782715,-1.5418158769607544,-7.630537986755371,-9.033784866333008,-7.217531204223633,-6.981869220733643,-7.978754043579102,-10.525242805480957,-12.840197563171387,-11.954309463500977,-9.598654747009277,-6.802802085876465,-4.668972015380859,-4.985897064208984,-4.853844165802002,-6.2066569328308105,-5.8278961181640625,-3.3838319778442383,-0.43426647782325745,3.940814256668091,-2.435389757156372,-9.388742446899414,0.35643699765205383,-6.181826591491699,-13.906023979187012,-17.897932052612305
-7.459091663360596,-14.152836799621582,-12.75960636138916,-8.507357597351074,-3.912177801132202,-0.6428555846214294,-4.410722255706787,-11.25800609588623,-13.973706245422363,-12.770480155944824,-10.182087898254395,-1.9117287397384644,2.7998578548431396,3.6938486099243164,2.5960938930511475,0.7685303092002869,1.3527157306671143,-0.33248019218444824,-3.3324203491210938,-7.277169227600098,-9.63194751739502,-6.069865703582764,-3.3904995918273926,-3.179546594619751,-6.956560134887695,-8.798419952392578,-6.856206893920898,-3.7663168907165527,-1.4720410108566284,-2.2950196266174316,-2.8328654766082764,-1.7483519315719604,-3.48738694190979,-5.890404224395752,-6.55156946182251,-5.223748207092285,-0.41840797662734985,-1.9952857494354248,-5.070550441741943,-5.783895969390869,-16.242691040039062,-14.761320114135742,-10.006217002868652
-7.613126754760742,-15.411523818969727,-11.959024429321289,-4.598189353942871,0.3851175010204315,-3.2885735034942627,-4.7595133781433105,-12.906892776489258,-13.47603988647461,-10.113090515136719,-1.9829955101013184,2.3346307277679443,2.3416457176208496,1.231838583946228,-3.4725611209869385,-3.2990386486053467,-3.365403413772583,-6.492358207702637,-6.985130786895752,-7.147642612457275,-8.050655364990234,-5.23502254486084,-0.5237006545066833,2.316066026687622,-1.4558483362197876,-5.806653022766113,-4.961258411407471,-1.5449415445327759,-2.2537596225738525,-3.738328456878662,-3.5802340507507324,-4.156434059143066,-5.976673126220703,-6.683262825012207,-5.949156761169434,-4.793182849884033,-2.3689818382263184,-3.2772865295410156,-5.31817102432251,-3.426358222961426,-12.560799598693848,-11.672163963317871,-3.7214789390563965
