data/wind_data/wind_49_8.json
{"header": {"parameterUnit": "KT", "parameterCategory": 2, "nx": 256, "ny": 198, "lo1": 44.73521041870117, "la1": -3.236724853515625, "lo2": 111.26478576660156, "la2": 43.468475341796875, "dx": 0.2609002888202667, "dy": -0.23708222806453705, "refTime": "2025-02-21 01:00:00", "forecastTime": 0, "parameterNumber": 2, "parameterNumberName": "eastward_wind"}, "data":
[rows 0 to 18 of 198, columns 132 to 175 of 256]
13.741215705871582,14.193573951721191,14.180255889892578,13.957061767578125,14.081725120544434,14.328696250915527,14.504915237426758,14.749649047851562,15.312448501586914,15.599339485168457,15.130297660827637,14.539381980895996,14.06929874420166,13.419156074523926,12.448198318481445,11.983514785766602,12.153938293457031,12.324109077453613,12.468114852905273,12.342121124267578,11.952290534973145,11.01781177520752,9.966512680053711,10.604537010192871,12.17737102508545,13.895045280456543,15.12476634979248,14.002878189086914,12.594600677490234,12.826432228088379,13.233336448669434,13.016135215759277,13.265498161315918,14.511073112487793,15.649755477905273,16.486101150512695,16.714645385742188,16.24616813659668,15.950708389282227,15.83441162109375,15.374682426452637,14.620244026184082,13.71246337890625,12.74108600616455
12.271026611328125,13.484716415405273,14.21212387084961,14.449756622314453,14.798944473266602,14.845210075378418,14.611658096313477,14.724571228027344,14.959288597106934,14.588888168334961,14.127742767333984,13.673105239868164,12.635445594787598,12.181180953979492,12.130194664001465,12.229742050170898,12.769087791442871,13.003009796142578,13.129359245300293,13.197053909301758,12.756214141845703,11.698531150817871,10.564724922180176,10.805916786193848,12.069161415100098,13.110024452209473,13.509119033813477,12.798751831054688,12.223018646240234,12.986580848693848,13.561529159545898,12.36230754852295,11.356196403503418,12.745689392089844,15.354879379272461,17.48739242553711,18.39397621154785,18.906192779541016,19.34613609313965,18.919584274291992,18.046480178833008,17.409883499145508,16.877384185791016,16.249265670776367
9.59804916381836,10.386368751525879,11.229068756103516,11.989727973937988,12.478678703308105,12.453128814697266,12.686521530151367,13.351353645324707,13.358579635620117,12.4185152053833,11.425928115844727,10.938973426818848,10.695240020751953,10.974791526794434,11.250743865966797,10.926695823669434,10.652044296264648,10.828207015991211,11.133491516113281,10.972920417785645,10.288829803466797,9.349550247192383,8.436626434326172,8.263129234313965,8.931730270385742,9.772957801818848,10.502102851867676,11.05705451965332,11.797426223754883,12.739279747009277,13.24116039276123,12.993364334106445,12.736613273620605,13.543625831604004,15.190352439880371,16.591726303100586,17.196758270263672,17.879684448242188,18.962003707885742,19.48264503479004,19.037721633911133,18.217395782470703,17.701143264770508,17.483789443969727
4.007373332977295,4.532769680023193,5.47885799407959,6.439043998718262,6.69319486618042,6.199570178985596,6.3681511878967285,6.837333679199219,6.3360795974731445,5.078173637390137,3.931511640548706,3.5994486808776855,3.801584243774414,4.431943416595459,5.115250587463379,4.6776628494262695,4.3152289390563965,4.3447265625,3.9746506214141846,2.9756667613983154,2.0636861324310303,1.5419634580612183,0.9303826689720154,0.10880934447050095,0.09492050856351852,1.0872197151184082,2.3807008266448975,3.657871723175049,5.068334579467773,6.202010154724121,6.770994663238525,7.86982536315918,9.93007755279541,11.87410831451416,12.865889549255371,13.16628360748291,13.836462020874023,15.153909683227539,16.522977828979492,17.075639724731445,16.640583038330078,16.11145782470703,16.04596710205078,16.13633155822754
-4.21682071685791,-3.9906442165374756,-3.1325783729553223,-2.984978675842285,-3.5382463932037354,-4.443717002868652,-4.652615547180176,-6.273637294769287,-7.807045936584473,-8.95341968536377,-9.48718547821045,-9.207499504089355,-8.877678871154785,-7.705044269561768,-6.179615020751953,-6.113780498504639,-5.470829486846924,-5.795346260070801,-6.903920650482178,-7.990035533905029,-8.82826042175293,-8.96645736694336,-9.17440128326416,-10.632402420043945,-11.755576133728027,-11.15007209777832,-10.27023696899414,-10.462125778198242,-10.459454536437988,-9.499276161193848,-8.54379940032959,-7.485854625701904,-5.877435684204102,-3.807840347290039,-1.913395881652832,-1.1988016366958618,-0.12436967343091965,1.5729624032974243,2.621291399002075,2.2337677478790283,1.8007049560546875,2.537680149078369,3.3246030807495117,3.628765344619751
-0.1690072864294052,0.056605514138936996,1.5825345516204834,1.2839133739471436,-0.4140925705432892,-0.5696216821670532,-0.8208428025245667,-2.6576948165893555,-3.2792088985443115,-4.224841117858887,-4.890012264251709,-4.8564934730529785,-4.680628776550293,-3.8218679428100586,-3.0380101203918457,-3.2795469760894775,-2.5654757022857666,-2.363410711288452,-2.742457151412964,-3.486180543899536,-4.6259589195251465,-5.4723076820373535,-5.801572322845459,-6.640641212463379,-7.8187785148620605,-7.694060802459717,-6.644416809082031,-6.3539252281188965,-6.8426947593688965,-6.960216522216797,-6.944629669189453,-8.314253807067871,-10.097235679626465,-10.6376953125,-10.044293403625488,-8.949464797973633,-8.929289817810059,-7.514042854309082,-5.984076976776123,-4.634392261505127,-4.066430568695068,-3.61407470703125,-2.9492950439453125,-2.172539472579956
-1.615702748298645,-2.0637452602386475,-1.1793577671051025,-0.6973851323127747,-1.3886228799819946,-2.804699659347534,-4.991724967956543,-6.046907901763916,-5.917794704437256,-6.530370712280273,-7.539119243621826,-7.488296031951904,-6.923291206359863,-6.101819038391113,-5.184086799621582,-5.9414238929748535,-5.6270527839660645,-4.951858997344971,-4.807794094085693,-5.447062969207764,-7.009637355804443,-8.694107055664062,-9.479973793029785,-9.821786880493164,-10.749025344848633,-11.193174362182617,-11.013704299926758,-10.93230152130127,-11.03514289855957,-10.560759544372559,-10.106842994689941,-10.60071849822998,-11.375445365905762,-11.573127746582031,-10.771957397460938,-9.968485832214355,-10.109965324401855,-9.466193199157715,-8.170970916748047,-6.9175944328308105,-6.856968879699707,-7.301480770111084,-7.122230052947998,-5.68651819229126
0.1184709370136261,-0.006433014292269945,0.2798842787742615,0.32745352387428284,-0.3162386417388916,-2.920130491256714,-5.781613826751709,-4.9004387855529785,-4.291493892669678,-5.157739162445068,-6.2324018478393555,-6.27276086807251,-5.296120643615723,-5.053414344787598,-5.057467460632324,-5.567773342132568,-5.282680034637451,-4.110385894775391,-3.425178289413452,-3.9642648696899414,-5.3721771240234375,-7.047215461730957,-8.17546558380127,-8.51251220703125,-9.14821720123291,-9.566694259643555,-9.336660385131836,-9.506927490234375,-10.446741104125977,-10.56094741821289,-9.900355339050293,-9.774881362915039,-10.512669563293457,-11.080321311950684,-10.005210876464844,-9.445555686950684,-10.949498176574707,-11.082749366760254,-9.912505149841309,-8.672635078430176,-8.505967140197754,-8.863447189331055,-8.439900398254395,-6.902670860290527
-0.9513104557991028,-0.2996358275413513,0.42462027072906494,-0.04980737715959549,-1.7218080759048462,-4.183126449584961,-6.113730430603027,-5.569240093231201,-5.376973628997803,-6.746713161468506,-7.179890155792236,-6.849477291107178,-5.599425792694092,-5.3523101806640625,-6.685173034667969,-6.851922035217285,-6.098431587219238,-5.349856376647949,-4.9786248207092285,-5.626069068908691,-6.7990875244140625,-8.239555358886719,-9.853776931762695,-10.769584655761719,-10.943524360656738,-10.888383865356445,-10.17846965789795,-9.691177368164062,-10.631327629089355,-11.45498275756836,-10.546404838562012,-8.94205379486084,-7.94069242477417,-8.466073989868164,-9.110904693603516,-9.575886726379395,-10.889400482177734,-11.427689552307129,-11.000894546508789,-9.660478591918945,-8.602859497070312,-7.919642448425293,-7.41457462310791,-6.76072883605957
-2.305927276611328,-1.1073757410049438,0.09400323778390884,0.0630197748541832,-1.5417859554290771,-3.530447006225586,-4.640328884124756,-5.048059940338135,-5.511185646057129,-5.943174362182617,-5.852574348449707,-5.650201320648193,-5.188153266906738,-5.041415214538574,-6.491197109222412,-6.8297576904296875,-5.471982955932617,-5.239934921264648,-6.081180572509766,-6.809917449951172,-6.919993877410889,-7.702737331390381,-9.60063648223877,-11.08151912689209,-11.267661094665527,-11.050407409667969,-10.250475883483887,-8.880555152893066,-8.378569602966309,-9.022637367248535,-9.13284969329834,-7.886415004730225,-6.519852638244629,-6.175861835479736,-7.538222312927246,-8.287104606628418,-8.666295051574707,-9.075908660888672,-10.429000854492188,-9.938393592834473,-8.02940559387207,-6.178526878356934,-5.702368259429932,-6.558169364929199
-3.422118902206421,-2.618263006210327,-1.2665480375289917,-0.8263930678367615,-1.6070369482040405,-3.2934823036193848,-4.440453052520752,-4.633071422576904,-4.7321906089782715,-4.760853290557861,-4.815812587738037,-5.490643501281738,-5.502565383911133,-5.271389484405518,-6.63892126083374,-6.172867774963379,-5.224703311920166,-5.9360270500183105,-7.954411029815674,-8.573028564453125,-7.8150858879089355,-8.274415969848633,-10.393550872802734,-11.870461463928223,-12.042180061340332,-12.088616371154785,-11.757848739624023,-10.069436073303223,-7.424215316772461,-6.625011444091797,-7.294214725494385,-6.696497917175293,-5.314408779144287,-5.483814239501953,-7.039350509643555,-7.078405857086182,-6.829611301422119,-6.0660271644592285,-8.220163345336914,-9.412792205810547,-7.960488796234131,-5.764404296875,-5.494293212890625,-6.680562973022461
-3.533083200454712,-3.3549911975860596,-1.5482538938522339,-1.0741338729858398,-1.2886145114898682,-2.7036285400390625,-3.7060420513153076,-2.7960827350616455,-2.970335006713867,-4.325395584106445,-4.782238960266113,-5.7002644538879395,-4.790332794189453,-4.690591335296631,-6.347106456756592,-5.344378471374512,-5.554432392120361,-6.945057392120361,-7.897917747497559,-8.087818145751953,-7.940764427185059,-8.486184120178223,-10.047612190246582,-11.6171236038208,-12.169002532958984,-12.040471076965332,-11.995589256286621,-10.577677726745605,-7.736124038696289,-6.493359565734863,-6.957630157470703,-6.682760715484619,-4.76227331161499,-4.653019905090332,-5.6075334548950195,-6.965291976928711,-7.628271579742432,-7.685737609863281,-7.8732123374938965,-9.015810012817383,-8.618515014648438,-7.467477321624756,-7.696321964263916,-7.351714611053467
-3.4769392013549805,-4.106740474700928,-1.8047353029251099,-1.4913418292999268,-1.2852860689163208,-1.8445115089416504,-2.92639422416687,-1.9973292350769043,-2.6904232501983643,-4.841156482696533,-5.830104351043701,-5.564660549163818,-4.260430335998535,-4.025945663452148,-5.498823165893555,-6.662829399108887,-7.532060146331787,-8.400700569152832,-7.663684844970703,-6.884410381317139,-7.356055736541748,-8.520493507385254,-9.556337356567383,-11.83988094329834,-12.973983764648438,-12.125646591186523,-11.672334671020508,-10.546544075012207,-8.431122779846191,-7.734569072723389,-8.160407066345215,-7.823988914489746,-6.331278324127197,-4.996305465698242,-4.849292755126953,-6.143215656280518,-7.866764068603516,-9.519264221191406,-9.949823379516602,-10.329028129577637,-9.62039566040039,-7.349788188934326,-6.812975883483887,-8.255824089050293
-3.497976303100586,-4.547889232635498,-2.1258089542388916,-1.6640386581420898,-1.3902243375778198,-1.3308085203170776,-2.080681800842285,-2.267022132873535,-2.6994731426239014,-4.830917835235596,-6.00766134262085,-5.659682750701904,-4.167053699493408,-3.9531466960906982,-4.703911781311035,-7.994150161743164,-7.982642650604248,-8.937264442443848,-8.203194618225098,-6.9150872230529785,-6.293031215667725,-7.603168487548828,-9.077832221984863,-11.906174659729004,-13.503718376159668,-12.629783630371094,-10.905940055847168,-9.758498191833496,-8.204431533813477,-7.476545810699463,-9.133307456970215,-9.343794822692871,-8.137117385864258,-6.266596794128418,-5.8803839683532715,-6.445013523101807,-7.8878703117370605,-10.052624702453613,-11.810591697692871,-11.879642486572266,-10.392167091369629,-8.051372528076172,-5.712323188781738,-6.30537223815918
-2.9329042434692383,-3.9133734703063965,-2.9487979412078857,-1.7123990058898926,-1.7396020889282227,-2.0546510219573975,-1.83772873878479,-2.4171082973480225,-3.404859781265259,-4.166161060333252,-5.201183795928955,-5.564537525177002,-4.630146026611328,-4.895169734954834,-5.407289981842041,-7.973761081695557,-6.397227764129639,-9.065458297729492,-9.116915702819824,-7.843699932098389,-6.561532974243164,-7.2566986083984375,-8.834513664245605,-11.548389434814453,-13.861769676208496,-13.757630348205566,-10.869784355163574,-9.216779708862305,-8.502996444702148,-6.829028129577637,-7.576858043670654,-7.943240165710449,-8.838546752929688,-8.732255935668945,-7.324587345123291,-6.383518218994141,-7.407857418060303,-9.867488861083984,-11.604477882385254,-11.738333702087402,-10.133338928222656,-7.625856876373291,-6.299952983856201,-5.626574993133545
-1.5322481393814087,-3.7962546348571777,-3.106557846069336,-2.4724068641662598,-2.454359531402588,-2.23459792137146,-1.2979393005371094,-1.9684059619903564,-4.109724998474121,-3.8300082683563232,-4.344650745391846,-5.003946781158447,-5.074054718017578,-6.023116588592529,-7.221735954284668,-6.883933067321777,-5.567523956298828,-7.9908671379089355,-8.91944694519043,-8.480555534362793,-7.423798084259033,-7.256626605987549,-8.288800239562988,-10.325605392456055,-12.328072547912598,-14.14357852935791,-12.505086898803711,-9.063148498535156,-8.99050235748291,-7.127151012420654,-6.811304569244385,-7.293554782867432,-8.405085563659668,-8.974189758300781,-7.633000373840332,-5.394331932067871,-6.460775852203369,-8.639791488647461,-10.343535423278809,-11.170393943786621,-10.246223449707031,-8.10030746459961,-6.768423080444336,-6.920788764953613
-0.8650498986244202,-3.4193942546844482,-3.1039555072784424,-2.984539031982422,-3.8219127655029297,-2.0975520610809326,-0.590563178062439,-1.3420823812484741,-3.416684865951538,-3.5481276512145996,-3.966977834701538,-5.5105814933776855,-5.981241703033447,-6.718175888061523,-8.758816719055176,-6.4316277503967285,-5.949008464813232,-6.889842510223389,-7.463780879974365,-7.9372124671936035,-8.183009147644043,-7.740516185760498,-7.9996843338012695,-8.775567054748535,-10.382098197937012,-12.689911842346191,-11.825981140136719,-9.990147590637207,-9.233675956726074,-7.86241340637207,-7.140916347503662,-7.355626106262207,-7.804046630859375,-7.750275611877441,-6.735874652862549,-5.439095497131348,-6.620332717895508,-7.609127998352051,-8.970958709716797,-10.935291290283203,-11.428301811218262,-10.379111289978027,-9.627674102783203,-8.787262916564941
-1.3296637535095215,-2.5404956340789795,-3.145461082458496,-3.935544967651367,-4.719354152679443,-2.94293212890625,-1.8686773777008057,-1.0616230964660645,-1.371748447418213,-2.8398828506469727,-3.1797564029693604,-5.432475566864014,-6.3141303062438965,-8.008288383483887,-8.068082809448242,-8.228721618652344,-7.532787322998047,-6.902776718139648,-5.772787570953369,-6.269747257232666,-7.4495649337768555,-7.323553085327148,-7.265018939971924,-8.10763168334961,-9.980188369750977,-11.387001037597656,-9.96088981628418,-9.688282012939453,-9.27551555633545,-7.656885623931885,-6.556938171386719,-6.819075584411621,-7.520030975341797,-7.2291436195373535,-6.457883358001709,-6.006163120269775,-7.701294898986816,-8.562618255615234,-9.523543357849121,-10.902120590209961,-11.041234970092773,-11.108207702636719,-11.204472541809082,-10.382332801818848
-1.2555416822433472,-2.2533316612243652,-4.140258312225342,-5.036640167236328,-4.424633026123047,-3.6423280239105225,-3.6336379051208496,-2.3220694065093994,-1.2066426277160645,-1.7873399257659912,-2.9563610553741455,-4.675582408905029,-6.743527412414551,-8.641984939575195,-8.699300765991211,-8.914663314819336,-8.669455528259277,-6.896523952484131,-4.201352596282959,-4.155750274658203,-5.99522066116333,-7.269561290740967,-7.6872172355651855,-9.395281791687012,-9.797571182250977,-9.622872352600098,-8.211809158325195,-7.870769023895264,-8.160048484802246,-7.753706932067871,-6.499200344085693,-7.295118808746338,-8.209990501403809,-7.067729949951172,-6.091281414031982,-6.678154945373535,-8.24117660522461,-9.386262893676758,-10.536706924438477,-10.958793640136719,-10.550921440124512,-11.371140480041504,-11.93998908996582,-10.521615028381348
