data/wind_data/wind_2025-02-19_22.json
{"header": {"parameterUnit": "KT", "parameterCategory": 2, "nx": 255, "ny": 198, "lo1": 44.73521041870117, "la1": -3.236724853515625, "lo2": 111.26478576660156, "la2": 43.468475341796875, "dx": 0.26192745566368103, "dy": -0.23708222806453705, "refTime": "2025-02-19 22:00:00", "forecastTime": 0, "parameterNumber": 2, "parameterNumberName": "eastward_wind"}, "data":
[rows 133 to 151 of 198, columns 129 to 171 of 255]
-5.798765182495117,-4.340091228485107,-4.181962013244629,-5.8639349937438965,-6.122672080993652,-5.491197109222412,-4.881974220275879,-4.610950946807861,-3.442695140838623,1.411224603652954,3.615095853805542,0.5075825452804565,-3.8597986698150635,-6.08419132232666,-2.603860855102539,6.006067276000977,8.554120063781738,4.537458419799805,-0.7856963872909546,-1.1183799505233765,1.1124396324157715,2.607740879058838,3.827758550643921,5.250791549682617,6.9676361083984375,9.246437072753906,11.949675559997559,11.487338066101074,9.973970413208008,10.474278450012207,10.637494087219238,7.8823699951171875,7.283212184906006,8.228339195251465,7.198602676391602,5.216472625732422,4.073835372924805,4.812098026275635,5.193140506744385,4.742652416229248,4.999338150024414,6.701488494873047,6.255672454833984
-5.566816329956055,-4.623566150665283,-4.527831554412842,-6.006774425506592,-6.122642993927002,-6.0110578536987305,-3.422632932662964,-0.23817750811576843,3.7063326835632324,6.76329231262207,4.071355819702148,0.11796537041664124,-2.958981990814209,-1.703126311302185,5.544604301452637,7.643202304840088,4.308236122131348,2.1525144577026367,2.241131067276001,1.662746787071228,3.1103549003601074,7.565804958343506,8.075847625732422,8.299250602722168,10.406933784484863,12.57380199432373,12.341137886047363,9.581564903259277,7.317810535430908,6.354668140411377,7.528411388397217,6.8027777671813965,5.583715438842773,5.8735032081604,5.959726810455322,5.998208045959473,5.411662578582764,4.348929405212402,4.211409568786621,4.567809581756592,3.9588520526885986,4.425290107727051,5.341078758239746
-6.85084342956543,-4.820066928863525,-4.6907734870910645,-5.191046714782715,-5.153956413269043,-2.8295836448669434,1.719694972038269,4.718944549560547,6.8646392822265625,7.091916561126709,4.653810977935791,2.388629198074341,-0.5271987318992615,-0.6878949999809265,3.7316768169403076,5.759347438812256,4.926734924316406,6.18387508392334,6.269859790802002,4.826579570770264,5.956533908843994,10.859807014465332,12.260893821716309,11.212475776672363,11.775750160217285,11.8523588180542,10.80927848815918,8.216741561889648,5.847774505615234,6.233155250549316,8.088868141174316,7.557565212249756,5.2933573722839355,4.882631778717041,4.483978748321533,4.315830230712891,5.1748175621032715,4.919285297393799,4.660647392272949,4.237701892852783,1.993043065071106,1.8406884670257568,3.390721321105957
-5.275035858154297,-3.361428737640381,-4.486180782318115,-5.307790279388428,-2.416966676712036,2.3060243129730225,5.009216785430908,3.2589731216430664,3.505786895751953,4.593080997467041,2.700018882751465,-0.6060240864753723,-1.4187246561050415,0.41687506437301636,4.022268295288086,6.931417942047119,8.069494247436523,9.30707836151123,6.651664733886719,6.740293502807617,9.93635082244873,13.180344581604004,12.757096290588379,10.143912315368652,8.990511894226074,8.656954765319824,8.025749206542969,7.1840996742248535,6.9759039878845215,5.968278884887695,5.106107234954834,5.083751678466797,4.216384410858154,3.971942186355591,3.351330041885376,4.0321478843688965,3.751120090484619,2.9489541053771973,4.604531288146973,4.834828853607178,2.1985056400299072,1.5957555770874023,3.022000312805176
-2.7922046184539795,-0.7290942072868347,-3.4719579219818115,-3.712675094604492,5.508079528808594,10.229537010192871,3.446110486984253,0.5479252934455872,3.6929640769958496,2.4347686767578125,-0.07633893936872482,-0.20210939645767212,1.8449499607086182,3.274482250213623,5.023366451263428,8.231867790222168,10.6117582321167,9.681535720825195,6.769688606262207,7.476859092712402,12.025670051574707,12.87741756439209,9.701085090637207,6.130767345428467,4.808767318725586,5.407973289489746,5.604877948760986,6.477982521057129,4.540480613708496,3.790926218032837,3.800859212875366,3.233670234680176,5.811516284942627,13.324914932250977,6.722146511077881,2.638793706893921,1.6068358421325684,-0.3055567443370819,2.4016547203063965,5.844770431518555,5.460712909698486,3.571309804916382,2.632460355758667
-3.830841541290283,-0.5660713315010071,1.0881013870239258,1.897497534751892,4.503666877746582,1.0371650457382202,-4.418579578399658,-1.1676509380340576,0.8820764422416687,-0.5312614440917969,0.42102324962615967,2.3443005084991455,3.534259080886841,4.750924110412598,6.872392654418945,10.102775573730469,10.473714828491211,5.899217128753662,2.7943882942199707,5.997617244720459,10.684053421020508,8.835977554321289,2.9440431594848633,0.9028202295303345,3.7297282218933105,5.548033714294434,5.116311073303223,4.18808650970459,4.168332099914551,3.225494384765625,5.682033061981201,11.865972518920898,9.045104026794434,8.328130722045898,7.776668071746826,5.173763751983643,2.4435720443725586,1.887266755104065,3.3387770652770996,5.118445873260498,4.695797443389893,3.082458734512329,1.9455426931381226
-3.037357807159424,-0.7759790420532227,1.9659110307693481,-1.0518858432769775,-3.589958667755127,-7.50850772857666,-5.795055866241455,0.131516233086586,1.2429463863372803,2.3727104663848877,4.202803134918213,4.767573833465576,4.720594882965088,5.647538185119629,8.320955276489258,10.399822235107422,6.868051528930664,0.2164950966835022,-0.7466219663619995,5.862917423248291,12.130776405334473,8.38244915008545,2.404317855834961,2.0093584060668945,5.142838478088379,8.937477111816406,8.355677604675293,5.031012058258057,4.598806858062744,4.305113792419434,6.418673992156982,10.073531150817871,9.168391227722168,6.951815128326416,5.5205841064453125,4.464575290679932,3.8930296897888184,4.612148761749268,4.4176225662231445,4.1956610679626465,4.439286708831787,3.653364419937134,2.870756149291992
0.6982795596122742,-0.9459954500198364,-1.9632362127304077,-1.901913046836853,-5.805281162261963,-7.719711780548096,-0.9336517453193665,2.9004464149475098,3.9750630855560303,6.485139846801758,6.57639217376709,5.408712387084961,5.714524745941162,5.644895076751709,6.001341819763184,8.240260124206543,7.511739730834961,2.569887161254883,0.07590403407812119,6.121328830718994,13.13041877746582,11.087641716003418,6.108440399169922,4.974417686462402,7.023456573486328,8.654565811157227,7.546267032623291,5.388355255126953,4.982152938842773,5.741453170776367,6.317048072814941,7.896652698516846,8.945625305175781,8.1705322265625,6.272224426269531,5.158495903015137,4.579615592956543,4.946603298187256,5.620587348937988,6.6395087242126465,5.39064884185791,3.8983213901519775,3.2427780628204346
-2.779160499572754,-2.909191370010376,-1.6882027387619019,-2.7820587158203125,-5.931371212005615,-3.3950347900390625,1.973751425743103,4.8541035652160645,8.100041389465332,9.2899751663208,5.886054515838623,4.8880181312561035,4.6223063468933105,1.942649245262146,0.38549575209617615,4.3675689697265625,8.784931182861328,5.7140984535217285,3.4194607734680176,7.900121212005615,12.572991371154785,12.304327964782715,9.234925270080566,7.119898796081543,7.3339009284973145,7.674088001251221,8.120450019836426,8.260700225830078,8.279746055603027,7.9003825187683105,7.180044651031494,6.300583839416504,4.4527411460876465,3.5876643657684326,2.783012628555298,2.3936567306518555,2.6922216415405273,3.1242713928222656,4.401310920715332,5.573493480682373,4.558961391448975,3.933548927307129,4.481868267059326
-4.771337985992432,-2.253941059112549,-1.1879894733428955,-2.6702728271484375,-2.403141975402832,2.323788642883301,4.037092208862305,5.5024590492248535,7.98422384262085,3.3041129112243652,-1.2473398447036743,1.9947984218597412,3.5911412239074707,-0.7859587073326111,-1.0905346870422363,3.7389438152313232,8.34640121459961,8.408319473266602,7.999913215637207,9.203758239746094,10.232918739318848,10.017721176147461,9.090803146362305,8.193964958190918,6.056228160858154,3.822141647338867,3.4690842628479004,6.0218424797058105,7.775487899780273,7.28937292098999,5.843736171722412,2.134488821029663,1.0791490077972412,2.8171803951263428,4.307399272918701,4.95841121673584,4.458038806915283,3.597022294998169,4.403888702392578,5.947030067443848,4.825220584869385,3.255897283554077,3.4351069927215576
-2.627631187438965,-0.8050399422645569,-1.151610255241394,1.244663953781128,6.194540500640869,5.971054553985596,2.0835275650024414,3.2895123958587646,2.003331184387207,-3.045154571533203,-2.8964781761169434,1.4220049381256104,3.216928720474243,0.5357240438461304,0.8832849860191345,5.272669792175293,8.727540969848633,9.204991340637207,9.012300491333008,8.423197746276855,7.104686737060547,5.852029800415039,5.6278581619262695,5.977015495300293,6.414533615112305,5.517667293548584,4.010416507720947,4.514519691467285,5.574642658233643,6.355159282684326,6.01287317276001,4.364548683166504,2.730529546737671,4.365138053894043,6.681652069091797,7.514720439910889,6.6211323738098145,5.019107341766357,5.6470232009887695,6.053779125213623,3.706075429916382,2.275622606277466,0.2389046996831894
0.21564553678035736,0.6418645977973938,2.6830101013183594,8.175384521484375,6.312988758087158,-1.2013053894042969,-0.8061535954475403,2.5221383571624756,0.7186420559883118,1.1806849241256714,3.9752752780914307,2.7098045349121094,2.2592601776123047,2.5818119049072266,3.9052350521087646,6.960222244262695,8.809930801391602,9.312385559082031,8.579246520996094,8.387563705444336,8.741905212402344,5.900065898895264,3.602731943130493,4.794273376464844,6.40927267074585,7.887351989746094,7.861172199249268,5.797239780426025,5.786702632904053,5.663983345031738,5.67049503326416,5.315107345581055,4.158301830291748,5.826711177825928,7.469638347625732,7.878144264221191,7.153009414672852,5.803626537322998,5.298009872436523,4.687620162963867,3.2346110343933105,-1.0641474723815918,-2.860177516937256
2.7691614627838135,4.252918720245361,6.113397121429443,3.120222568511963,-4.2163405418396,-5.080129146575928,2.2290639877319336,6.67296028137207,3.095231056213379,2.615785598754883,6.404437065124512,4.706569194793701,2.363826274871826,3.295790672302246,4.876410484313965,6.563817024230957,7.404896259307861,8.26537036895752,8.648310661315918,9.645233154296875,11.233036041259766,8.789376258850098,5.980831146240234,5.753936767578125,6.545614242553711,7.14534330368042,6.215948104858398,5.538517951965332,5.735427379608154,5.917225360870361,6.418964385986328,6.203570365905762,4.674197196960449,4.614433288574219,5.357265949249268,5.968474864959717,5.908901691436768,5.334035396575928,4.418424129486084,4.396538257598877,2.5416738986968994,-0.8771041035652161,-2.7394144535064697
4.350711822509766,3.303438186645508,0.0891745537519455,-3.3519139289855957,-3.362231492996216,2.904543876647949,7.351696491241455,5.982085704803467,2.782597780227661,2.6170847415924072,4.657533168792725,4.84365177154541,2.701960563659668,3.319760322570801,5.010650634765625,4.8439812660217285,4.078654766082764,4.665609359741211,4.858143329620361,6.833930969238281,9.072543144226074,6.571890354156494,4.427002906799316,4.225951194763184,4.779021739959717,5.2101945877075195,4.502614498138428,3.157320976257324,3.908344268798828,5.096826553344727,5.990720272064209,5.751160144805908,3.833908796310425,2.755298376083374,4.444861888885498,5.063098430633545,4.380235195159912,2.4612858295440674,0.39088132977485657,0.5022807717323303,1.0155694484710693,-0.4359932839870453,-1.9802778959274292
1.7964261770248413,-1.38948655128479,-2.709909677505493,1.9712589979171753,5.237630367279053,2.541792869567871,-0.911405086517334,-3.7897157669067383,-3.352034330368042,-2.039935827255249,1.225604772567749,4.009232521057129,3.802095651626587,3.7720279693603516,5.532845497131348,5.277315616607666,1.6760867834091187,-0.3378801941871643,3.232114553451538,7.208292007446289,7.638354301452637,3.2470247745513916,0.5971828103065491,2.3222293853759766,3.0093765258789062,4.10778284072876,5.633651256561279,5.807246685028076,4.73689079284668,4.805626392364502,5.176192283630371,5.980062961578369,5.269189357757568,3.320390224456787,3.8704206943511963,4.407717704772949,4.18955659866333,0.0965207889676094,-4.199952125549316,-4.364677906036377,-3.568833827972412,-2.898984432220459,-1.167760968208313
0.19984197616577148,0.07634830474853516,0.6374685168266296,2.949262857437134,0.15166129171848297,-4.488263130187988,-4.616735458374023,-4.204805374145508,-4.676988124847412,-2.9590229988098145,0.24403183162212372,2.561518430709839,4.426994800567627,4.949215412139893,6.353055000305176,8.644465446472168,6.59140682220459,3.851588726043701,5.487303733825684,9.250383377075195,8.515543937683105,1.8491214513778687,-0.36615893244743347,2.5531177520751953,3.0542285442352295,3.429253339767456,6.317150592803955,7.920064926147461,5.680899143218994,3.905268907546997,4.142317295074463,6.624101638793945,7.5251264572143555,5.169538497924805,3.873378276824951,6.489779949188232,6.417807102203369,1.1314901113510132,-4.266036033630371,-5.547581195831299,-4.842811584472656,-3.4567196369171143,-2.099928379058838
-0.5057117342948914,-3.0382578372955322,-2.3403899669647217,-3.500638723373413,-3.832845687866211,-3.0311548709869385,-2.8819379806518555,-3.258248805999756,-2.7503817081451416,-0.6361689567565918,2.144735336303711,3.273730993270874,4.569211959838867,6.292098045349121,7.154854774475098,9.173975944519043,9.885411262512207,6.704718589782715,6.021579742431641,8.260403633117676,8.4752836227417,5.538326740264893,2.221834897994995,1.7176265716552734,1.913835883140564,2.541078567504883,5.016191482543945,6.761006832122803,4.6683349609375,1.3958152532577515,2.555393695831299,5.568645477294922,5.169440746307373,2.7115113735198975,2.9030849933624268,6.122326850891113,7.317924499511719,2.386889696121216,-3.9649288654327393,-7.2930755615234375,-7.239284038543701,-2.748073101043701,-0.2675298750400543
-7.899133205413818,-6.307158946990967,-3.1309292316436768,-2.7584517002105713,-0.46607500314712524,4.017555236816406,3.6649937629699707,-1.8629889488220215,-3.2725236415863037,-1.0070009231567383,2.093381404876709,3.529893159866333,3.4597771167755127,4.901023864746094,7.81271505355835,9.892078399658203,10.285818099975586,8.406532287597656,6.383718967437744,6.114427089691162,6.181899070739746,6.5794806480407715,5.2675275802612305,2.4063425064086914,0.8249166011810303,2.0457763671875,4.1066060066223145,3.4073102474212646,0.1453225463628769,-0.5175015926361084,1.3742940425872803,2.6180620193481445,1.7755399942398071,1.9751152992248535,4.435080051422119,6.792336940765381,6.417710304260254,1.850265383720398,-3.4115073680877686,-6.589432716369629,-5.4124250411987305,-1.5970711708068848,-0.27546143531799316
-9.885679244995117,-3.158276319503784,-0.5838457345962524,-1.3829649686813354,1.5135043859481812,6.433619022369385,5.120109558105469,-1.9863789081573486,-5.2826313972473145,-1.6176388263702393,3.8903286457061768,4.420004844665527,2.3752477169036865,3.990399122238159,8.912817001342773,9.597491264343262,7.920271873474121,7.3902130126953125,6.6474432945251465,5.678722381591797,4.5985565185546875,5.362648963928223,7.448010444641113,5.781570911407471,1.5662455558776855,-0.19761469960212708,-1.9465500116348267,-1.6533042192459106,1.0012967586517334,1.0336129665374756,0.9638500213623047,3.153318405151367,3.5686182975769043,3.1368367671966553,4.162835597991943,4.305270195007324,2.4990224838256836,0.030119022354483604,-2.4419119358062744,-3.817770481109619,-3.5752792358398438,-2.8600447177886963,-2.0356452465057373
