data/wind_data/wind_66_5.json
{"header": {"parameterUnit": "KT", "parameterCategory": 2, "nx": 256, "ny": 198, "lo1": 44.73521041870117, "la1": -3.236724853515625, "lo2": 111.26478576660156, "la2": 43.468475341796875, "dx": 0.2609002888202667, "dy": -0.23708222806453705, "refTime": "2025-02-21 18:00:00", "forecastTime": 0, "parameterNumber": 2, "parameterNumberName": "eastward_wind"}, "data":
[rows 19 to 37 of 198, columns 44 to 87 of 256]
-18.108171463012695,-18.41814613342285,-18.167001724243164,-17.53446388244629,-16.786884307861328,-16.114900588989258,-15.386541366577148,-14.985747337341309,-15.10511302947998,-15.931017875671387,-17.37111473083496,-18.738391876220703,-19.35540771484375,-19.559326171875,-19.916622161865234,-20.033720016479492,-20.463403701782227,-21.399478912353516,-22.249160766601562,-22.595510482788086,-22.72636604309082,-23.017986297607422,-23.44339370727539,-24.195613861083984,-25.095367431640625,-25.58786964416504,-25.579099655151367,-25.643482208251953,-25.813570022583008,-25.854408264160156,-25.699600219726562,-25.43921661376953,-25.24431610107422,-25.065319061279297,-24.8100643157959,-24.595333099365234,-24.594417572021484,-24.869361877441406,-25.136171340942383,-25.117952346801758,-24.770383834838867,-24.19365692138672,-23.50274658203125,-22.800853729248047
-18.27450180053711,-18.336118698120117,-17.894845962524414,-17.41822624206543,-16.889984130859375,-16.496639251708984,-16.443527221679688,-17.10825538635254,-18.48212432861328,-20.381244659423828,-21.935436248779297,-23.093189239501953,-23.87897491455078,-24.30632209777832,-24.723379135131836,-24.979869842529297,-24.848297119140625,-24.547985076904297,-24.451398849487305,-24.586381912231445,-24.78376579284668,-24.832979202270508,-25.122154235839844,-26.095651626586914,-27.06037139892578,-27.49567413330078,-27.313112258911133,-27.020126342773438,-26.806957244873047,-26.66874122619629,-26.507661819458008,-26.325664520263672,-26.139083862304688,-25.911344528198242,-25.613767623901367,-25.306320190429688,-25.157690048217773,-25.27549171447754,-25.55089569091797,-25.70758819580078,-25.444345474243164,-24.812110900878906,-24.132959365844727,-23.59718894958496
-18.71904182434082,-18.458887100219727,-18.147321701049805,-18.070249557495117,-18.217592239379883,-19.029457092285156,-20.66237449645996,-22.633983612060547,-24.705894470214844,-26.297975540161133,-27.32710075378418,-28.168209075927734,-28.746376037597656,-29.07756996154785,-29.312009811401367,-29.368513107299805,-28.999269485473633,-28.37487030029297,-27.831262588500977,-27.50658416748047,-27.21912384033203,-26.98077392578125,-27.128578186035156,-27.623031616210938,-28.120426177978516,-28.43726348876953,-28.391048431396484,-28.0673770904541,-27.729591369628906,-27.59879493713379,-27.57400894165039,-27.472749710083008,-27.175466537475586,-26.7273006439209,-26.261205673217773,-25.910736083984375,-25.769405364990234,-25.846864700317383,-26.054792404174805,-26.22807502746582,-26.040428161621094,-25.448816299438477,-24.760141372680664,-24.223981857299805
-19.052112579345703,-19.0874080657959,-19.371410369873047,-20.269542694091797,-22.0637149810791,-24.386932373046875,-26.494037628173828,-27.988554000854492,-28.95492172241211,-29.40250587463379,-29.439023971557617,-29.609134674072266,-29.934051513671875,-30.20534324645996,-30.45865249633789,-30.82083511352539,-30.894113540649414,-30.52191162109375,-29.994861602783203,-29.375349044799805,-28.795373916625977,-28.440753936767578,-28.42826271057129,-28.717912673950195,-29.118820190429688,-29.371261596679688,-29.335960388183594,-29.0495662689209,-28.763961791992188,-28.644935607910156,-28.58908462524414,-28.30518913269043,-27.797460556030273,-27.27728843688965,-26.89305305480957,-26.63606071472168,-26.464738845825195,-26.40200424194336,-26.51125144958496,-26.63214111328125,-26.53378677368164,-25.969533920288086,-25.196063995361328,-24.692577362060547
-20.199447631835938,-20.941102981567383,-22.317895889282227,-24.54488182067871,-27.113994598388672,-28.91179847717285,-29.6435604095459,-29.874910354614258,-29.843782424926758,-29.636215209960938,-29.387258529663086,-29.41055679321289,-29.71879768371582,-30.047277450561523,-30.258358001708984,-30.456268310546875,-30.6694393157959,-30.562368392944336,-30.46324920654297,-30.153188705444336,-29.791467666625977,-29.50345802307129,-29.470796585083008,-29.7391414642334,-30.067888259887695,-30.225900650024414,-30.115060806274414,-29.81971549987793,-29.590953826904297,-29.448177337646484,-29.20252799987793,-28.748371124267578,-28.198619842529297,-27.77851676940918,-27.598495483398438,-27.50609016418457,-27.264362335205078,-26.940305709838867,-26.808149337768555,-26.89067840576172,-26.832433700561523,-26.36488914489746,-25.527097702026367,-24.92987823486328
-22.903289794921875,-24.753637313842773,-26.968442916870117,-28.530651092529297,-29.253326416015625,-29.526870727539062,-29.578998565673828,-29.640178680419922,-29.734394073486328,-29.709882736206055,-29.59839630126953,-29.605697631835938,-29.796865463256836,-29.98211669921875,-30.20188331604004,-30.407926559448242,-30.756200790405273,-30.92186737060547,-30.70654296875,-30.519847869873047,-30.428138732910156,-30.58440399169922,-30.76047706604004,-30.878074645996094,-30.828609466552734,-30.60270881652832,-30.341203689575195,-30.19047737121582,-30.126699447631836,-29.96680450439453,-29.643165588378906,-29.181001663208008,-28.6621150970459,-28.284542083740234,-28.19721221923828,-28.14192008972168,-27.78653335571289,-27.272932052612305,-26.998239517211914,-26.98775863647461,-26.918983459472656,-26.577550888061523,-25.91236114501953,-25.200483322143555
-27.40717124938965,-28.50008773803711,-28.930360794067383,-28.854766845703125,-28.90645980834961,-29.17499542236328,-29.433408737182617,-29.597749710083008,-29.765954971313477,-29.961523056030273,-30.11141014099121,-30.181215286254883,-30.27391815185547,-30.454498291015625,-30.6719970703125,-30.82532501220703,-31.00197410583496,-31.14061164855957,-31.213598251342773,-31.2480525970459,-31.225128173828125,-31.238431930541992,-31.399845123291016,-31.53555679321289,-31.376846313476562,-30.94719696044922,-30.623676300048828,-30.52706527709961,-30.546083450317383,-30.466693878173828,-30.204654693603516,-29.75652313232422,-29.19144630432129,-28.71719741821289,-28.586048126220703,-28.464445114135742,-28.04495620727539,-27.456790924072266,-27.082277297973633,-27.020978927612305,-26.989322662353516,-26.77975082397461,-26.122631072998047,-25.381141662597656
-30.056785583496094,-29.46864128112793,-28.741130828857422,-28.404001235961914,-28.6250057220459,-29.12828826904297,-29.631614685058594,-29.984180450439453,-30.138769149780273,-30.382102966308594,-30.664081573486328,-30.77889633178711,-30.82904624938965,-30.99663734436035,-31.344898223876953,-31.603412628173828,-31.723045349121094,-31.711605072021484,-31.778188705444336,-31.833850860595703,-31.834762573242188,-31.820703506469727,-31.848833084106445,-31.88758087158203,-31.7452392578125,-31.39055824279785,-31.05889320373535,-30.9028377532959,-30.93412971496582,-30.939857482910156,-30.715145111083984,-30.21902084350586,-29.64786720275879,-29.17536735534668,-29.014892578125,-28.784439086914062,-28.304750442504883,-27.709890365600586,-27.19627571105957,-27.122291564941406,-27.034048080444336,-26.8657169342041,-26.197362899780273,-25.489076614379883
-31.01605224609375,-30.46258544921875,-29.362337112426758,-28.686172485351562,-28.74504280090332,-29.10370445251465,-29.851789474487305,-30.35317611694336,-30.754547119140625,-30.876230239868164,-31.035140991210938,-31.167346954345703,-31.297021865844727,-31.51457977294922,-31.727991104125977,-31.87491226196289,-31.888614654541016,-31.988771438598633,-32.03937530517578,-32.06047439575195,-32.085227966308594,-32.14383316040039,-32.189701080322266,-32.17153549194336,-32.092010498046875,-31.83958625793457,-31.583208084106445,-31.398698806762695,-31.381210327148438,-31.276975631713867,-30.974763870239258,-30.410856246948242,-29.945222854614258,-29.664230346679688,-29.441692352294922,-29.28890609741211,-28.69422721862793,-28.066911697387695,-27.30108070373535,-27.160329818725586,-27.032909393310547,-26.86914825439453,-26.2977294921875,-25.614360809326172
-32.06526565551758,-31.535940170288086,-30.146696090698242,-29.032133102416992,-29.328092575073242,-29.68269920349121,-30.294734954833984,-30.748876571655273,-31.23103141784668,-31.40663719177246,-31.44904899597168,-31.59865951538086,-31.69383430480957,-31.871479034423828,-31.957584381103516,-32.085975646972656,-32.12204360961914,-32.16261291503906,-32.12691879272461,-32.10161590576172,-32.177860260009766,-32.21673583984375,-32.298038482666016,-32.38788986206055,-32.3496208190918,-32.14332962036133,-31.945249557495117,-31.83663558959961,-31.731340408325195,-31.507802963256836,-31.029312133789062,-30.41290855407715,-30.027868270874023,-29.924577713012695,-29.906702041625977,-29.585691452026367,-29.008270263671875,-28.238664627075195,-27.48720359802246,-27.104936599731445,-27.034852981567383,-26.938087463378906,-26.41573715209961,-25.626285552978516
-32.51188659667969,-31.635025024414062,-30.280414581298828,-29.029098510742188,-29.492895126342773,-30.45904541015625,-30.340164184570312,-31.072484970092773,-31.235292434692383,-31.543180465698242,-31.681806564331055,-31.78972625732422,-31.917348861694336,-31.9465274810791,-32.084999084472656,-32.26787567138672,-32.367835998535156,-32.27268981933594,-32.12019729614258,-32.037879943847656,-32.010498046875,-32.010597229003906,-32.074554443359375,-32.29036331176758,-32.44483184814453,-32.29554748535156,-32.096946716308594,-31.962018966674805,-31.833175659179688,-31.527244567871094,-31.07197380065918,-30.484416961669922,-30.027774810791016,-29.855331420898438,-29.839069366455078,-29.658416748046875,-29.098188400268555,-28.28561019897461,-27.46237564086914,-27.106048583984375,-27.069278717041016,-26.895849227905273,-26.375572204589844,-25.553234100341797
-29.242429733276367,-28.659481048583984,-29.26000213623047,-30.361963272094727,-30.697052001953125,-30.24066734313965,-30.475311279296875,-31.113204956054688,-30.98084259033203,-31.466066360473633,-31.614606857299805,-31.77712059020996,-31.869321823120117,-31.993865966796875,-32.2357063293457,-32.42686080932617,-32.37225341796875,-32.196014404296875,-32.138427734375,-32.02762222290039,-31.808191299438477,-31.58949089050293,-31.66082191467285,-31.753511428833008,-32.004966735839844,-32.0313720703125,-31.986736297607422,-31.942527770996094,-31.859949111938477,-31.494796752929688,-31.02713394165039,-30.739273071289062,-30.05162239074707,-29.544904708862305,-29.346393585205078,-29.243249893188477,-28.931312561035156,-28.19593620300293,-27.40071678161621,-27.15003204345703,-27.134906768798828,-26.747011184692383,-26.207271575927734,-25.4964656829834
-30.51070213317871,-30.066387176513672,-30.06088638305664,-30.610986709594727,-30.97330665588379,-30.70348358154297,-30.700292587280273,-30.767663955688477,-30.974328994750977,-31.299577713012695,-31.494478225708008,-31.661901473999023,-31.80917739868164,-32.03431701660156,-32.28110122680664,-32.337493896484375,-32.340171813964844,-32.34977340698242,-32.30010986328125,-32.09384536743164,-31.79278564453125,-31.308691024780273,-31.07849884033203,-31.12132453918457,-31.323991775512695,-31.51498794555664,-31.666458129882812,-31.724109649658203,-31.671239852905273,-31.377296447753906,-30.985639572143555,-30.50713539123535,-29.936351776123047,-29.319114685058594,-28.855121612548828,-28.672042846679688,-28.477157592773438,-27.8750057220459,-27.405330657958984,-27.145307540893555,-27.075254440307617,-26.622346878051758,-26.061933517456055,-25.58709144592285
-31.97420883178711,-31.35935401916504,-30.357345581054688,-30.250045776367188,-30.932016372680664,-31.160249710083008,-30.9435977935791,-30.938798904418945,-31.15296173095703,-31.375486373901367,-31.52194595336914,-31.72858428955078,-31.877111434936523,-32.10898971557617,-32.292503356933594,-32.38520050048828,-32.36330032348633,-32.34211730957031,-32.39411163330078,-32.223506927490234,-31.810426712036133,-31.2740535736084,-30.799863815307617,-30.47994613647461,-30.56601333618164,-30.87224578857422,-31.13184928894043,-31.32337188720703,-31.33432388305664,-30.95806884765625,-30.612051010131836,-30.332427978515625,-29.701990127563477,-28.985492706298828,-28.583629608154297,-28.116106033325195,-27.701597213745117,-27.57942771911621,-27.191009521484375,-26.98027801513672,-26.745540618896484,-26.213638305664062,-25.925575256347656,-25.531190872192383
-31.80461311340332,-31.38123321533203,-30.577476501464844,-30.14505386352539,-30.399911880493164,-30.79753875732422,-31.02578353881836,-31.288955688476562,-31.459239959716797,-31.49852180480957,-31.600584030151367,-31.680063247680664,-31.81680679321289,-31.967500686645508,-32.184364318847656,-32.28296661376953,-32.279273986816406,-32.246498107910156,-32.151065826416016,-32.0203857421875,-31.752761840820312,-31.14361000061035,-30.478656768798828,-30.09313201904297,-30.126176834106445,-30.279953002929688,-30.49716567993164,-30.626850128173828,-30.644874572753906,-30.363691329956055,-30.22140121459961,-30.03626823425293,-29.413589477539062,-28.489416122436523,-27.925607681274414,-27.809511184692383,-27.275474548339844,-27.085224151611328,-26.91988182067871,-26.751567840576172,-26.220134735107422,-25.798084259033203,-25.553674697875977,-25.359821319580078
-31.174983978271484,-30.78017234802246,-30.37847137451172,-30.050695419311523,-30.005834579467773,-30.37297821044922,-30.876689910888672,-31.173660278320312,-31.18756103515625,-31.183013916015625,-31.286983489990234,-31.382808685302734,-31.455358505249023,-31.59385108947754,-31.90174102783203,-32.11968994140625,-32.07010269165039,-31.841747283935547,-31.729372024536133,-31.667940139770508,-31.4583683013916,-30.95035743713379,-30.36982536315918,-30.037174224853516,-29.89763069152832,-29.792112350463867,-29.717201232910156,-29.79257583618164,-29.93756675720215,-29.75139808654785,-29.67971420288086,-29.562271118164062,-28.98969268798828,-28.09872817993164,-27.19718360900879,-27.005538940429688,-27.076969146728516,-26.955350875854492,-26.831388473510742,-26.42156982421875,-25.897510528564453,-25.403942108154297,-25.097118377685547,-24.9853458404541
-30.340925216674805,-30.136083602905273,-29.937301635742188,-29.71856689453125,-29.656084060668945,-29.928531646728516,-30.3832950592041,-30.701725006103516,-30.776309967041016,-30.824771881103516,-30.977519989013672,-31.160024642944336,-31.246976852416992,-31.321144104003906,-31.50827407836914,-31.679996490478516,-31.72471809387207,-31.561899185180664,-31.283367156982422,-30.9981689453125,-30.703495025634766,-30.339502334594727,-30.05817985534668,-29.846120834350586,-29.72954559326172,-29.574504852294922,-29.368343353271484,-29.176008224487305,-29.135372161865234,-29.284399032592773,-29.413156509399414,-29.100847244262695,-28.130884170532227,-27.17845344543457,-26.571727752685547,-26.282886505126953,-26.757108688354492,-26.703908920288086,-26.546306610107422,-26.15972137451172,-25.613903045654297,-25.006412506103516,-24.685579299926758,-24.60345458984375
-29.625383377075195,-29.58409881591797,-29.4539852142334,-29.206356048583984,-29.153154373168945,-29.520671844482422,-30.13694953918457,-30.618457794189453,-30.721799850463867,-30.537607192993164,-30.41303062438965,-30.575084686279297,-30.875022888183594,-31.058351516723633,-31.093530654907227,-31.081865310668945,-31.159177780151367,-31.18113899230957,-30.958072662353516,-30.4737491607666,-29.87987518310547,-29.41105079650879,-29.384571075439453,-29.47964859008789,-29.445159912109375,-29.40733528137207,-29.296520233154297,-29.00309944152832,-28.62112808227539,-28.55787467956543,-28.784435272216797,-28.726226806640625,-27.780933380126953,-26.258724212646484,-25.218427658081055,-25.52142333984375,-26.1259765625,-26.406728744506836,-26.026546478271484,-25.824779510498047,-25.387516021728516,-24.63655662536621,-24.092208862304688,-23.951879501342773
-29.137008666992188,-29.152406692504883,-29.071273803710938,-28.755706787109375,-28.554691314697266,-28.88619041442871,-29.643247604370117,-30.32150650024414,-30.519084930419922,-30.27505111694336,-29.94227409362793,-29.855928421020508,-30.069290161132812,-30.33709716796875,-30.499765396118164,-30.531845092773438,-30.530588150024414,-30.53951644897461,-30.40372085571289,-30.032785415649414,-29.439598083496094,-28.849285125732422,-28.550800323486328,-28.728776931762695,-29.017288208007812,-29.13571548461914,-29.001956939697266,-28.70486068725586,-28.453332901000977,-28.140480041503906,-27.955307006835938,-27.680496215820312,-27.19916534423828,-25.998619079589844,-24.89368438720703,-24.6623477935791,-25.073633193969727,-25.655193328857422,-25.66094970703125,-25.506807327270508,-25.104700088500977,-24.291847229003906,-23.283878326416016,-22.98857307434082
