data/wind_data/wind_12_8.json
{"header": {"parameterUnit": "KT", "parameterCategory": 2, "nx": 256, "ny": 198, "lo1": 44.73521041870117, "la1": -3.236724853515625, "lo2": 111.26478576660156, "la2": 43.468475341796875, "dx": 0.2609002888202667, "dy": -0.23708222806453705, "refTime": "2025-02-19 12:00:00", "forecastTime": 0, "parameterNumber": 2, "parameterNumberName": "eastward_wind"}, "data":
[rows 114 to 132 of 198, columns 88 to 131 of 256]
60.64335632324219,60.65980911254883,57.29655075073242,54.52372360229492,55.446773529052734,58.505558013916016,61.2014045715332,62.46126174926758,62.29693603515625,60.84136962890625,58.361419677734375,55.92240905761719,55.0157356262207,55.81147003173828,56.564823150634766,55.8964958190918,55.19171142578125,56.735389709472656,60.45914077758789,63.38337326049805,62.90791320800781,59.90196990966797,57.066402435302734,55.4935302734375,54.51837158203125,53.91252899169922,54.49782180786133,56.46543502807617,58.41852569580078,59.44679641723633,60.39668655395508,61.55958557128906,61.95101547241211,60.95221710205078,59.0546760559082,57.496158599853516,57.18180847167969,58.03157424926758,59.179176330566406,59.71277618408203,59.58902359008789,59.40882110595703,59.213592529296875,58.18579864501953
59.59895324707031,59.09361267089844,56.682579040527344,55.033531188964844,56.2282600402832,59.03683853149414,61.911346435546875,63.969520568847656,64.0709457397461,61.808773040771484,58.365543365478516,55.4072265625,54.12611770629883,54.673763275146484,55.7781982421875,55.90272903442383,55.68547439575195,57.250186920166016,60.949241638183594,64.32808685302734,64.53001403808594,61.785709381103516,58.468902587890625,56.31052017211914,55.2401123046875,54.650657653808594,54.88200759887695,56.52816390991211,58.81468200683594,60.4957389831543,61.51197052001953,62.344696044921875,62.7351188659668,62.06843185424805,60.78105926513672,59.89104080200195,59.64794158935547,60.09903335571289,61.07023620605469,61.377010345458984,60.61100387573242,60.04780578613281,60.04347610473633,59.407814025878906
59.86302185058594,56.94856643676758,53.8699951171875,53.72408676147461,56.63916015625,60.25041580200195,63.3720817565918,65.43049621582031,65.15896606445312,62.38037109375,58.85483169555664,56.25279235839844,54.751644134521484,54.17038345336914,54.51460647583008,55.318363189697266,56.32613754272461,58.220428466796875,61.33372116088867,64.30158233642578,64.94136810302734,62.894981384277344,59.90461730957031,57.775474548339844,56.896728515625,56.368743896484375,56.080570220947266,57.03987503051758,59.3575439453125,61.754478454589844,62.89692687988281,62.94162368774414,62.790122985839844,62.46562194824219,61.99968719482422,61.62874984741211,61.518245697021484,61.95098114013672,62.709312438964844,62.81256103515625,61.96788787841797,61.07623291015625,60.5118293762207,59.69428253173828
61.214630126953125,56.872764587402344,52.01262664794922,51.67881774902344,55.42691421508789,60.13529586791992,64.54771423339844,66.9908218383789,65.89099884033203,62.29075241088867,58.82035446166992,57.11458969116211,56.537010192871094,55.768310546875,54.83710479736328,54.77000045776367,55.992584228515625,58.33290100097656,61.42530822753906,64.21906280517578,64.98230743408203,63.255226135253906,60.77198028564453,59.21744918823242,58.77205276489258,58.406768798828125,57.777381896972656,58.07029342651367,60.10061264038086,62.6590461730957,63.98193359375,63.8817253112793,63.35905456542969,62.93899154663086,62.90095901489258,63.21825408935547,63.43525695800781,63.448272705078125,63.546470642089844,63.570316314697266,63.05305862426758,61.93950271606445,60.557186126708984,59.15397644042969
61.2033576965332,55.88786315917969,51.589454650878906,52.10321044921875,56.01871109008789,60.340110778808594,64.69941711425781,67.39450073242188,66.23684692382812,62.27798080444336,58.73902893066406,57.54410934448242,57.86223602294922,57.70922088623047,56.32101821899414,54.9664421081543,55.19009780883789,57.31926345825195,60.635711669921875,63.659217834472656,64.82024383544922,63.8018798828125,61.98743438720703,60.72891616821289,60.21101379394531,59.9893684387207,59.45587158203125,59.35556411743164,60.78804397583008,63.11283874511719,64.82148742675781,65.27032470703125,64.71275329589844,63.97495651245117,64.0311050415039,64.91414642333984,65.46147155761719,64.96727752685547,64.29885864257812,64.1804428100586,63.776615142822266,62.31260299682617,60.34408950805664,58.65058135986328
60.300079345703125,53.09272384643555,49.11689758300781,52.08953094482422,58.25035858154297,62.82695388793945,65.39129638671875,66.28096771240234,65.10643768310547,62.27635192871094,59.40561294555664,57.9638557434082,57.88180923461914,57.91878890991211,56.894683837890625,55.32907485961914,54.97483444213867,56.720176696777344,59.7247428894043,62.452728271484375,64.01204681396484,64.30000305175781,63.575077056884766,62.2232666015625,61.233924865722656,61.145652770996094,61.12303924560547,60.930816650390625,61.631900787353516,63.64241409301758,65.97232055664062,67.01880645751953,66.03263092041016,64.58882904052734,64.80905151367188,66.42849731445312,67.2564926147461,66.52123260498047,65.51776885986328,64.93122863769531,63.829002380371094,61.928070068359375,60.13292694091797,58.876590728759766
59.4196662902832,49.91395950317383,46.10683822631836,51.84041976928711,60.52467727661133,65.14856719970703,65.54338836669922,64.77135467529297,63.59004211425781,61.479759216308594,58.98710250854492,57.255245208740234,56.81023406982422,57.0305290222168,56.5849609375,55.273277282714844,54.900390625,56.78605651855469,59.68427276611328,61.864009857177734,63.22493362426758,63.82437515258789,63.33456039428711,62.282371520996094,61.88850402832031,62.24045944213867,62.279151916503906,61.74091339111328,62.08749771118164,64.24620056152344,67.20255279541016,68.31878662109375,66.76141357421875,65.10435485839844,65.65269470214844,67.52189636230469,68.36180877685547,67.62245178222656,66.601318359375,65.6747817993164,64.04485321044922,61.86944580078125,60.12394714355469,59.14555740356445
57.672882080078125,47.83165740966797,45.59396743774414,52.122100830078125,60.87721252441406,64.97492980957031,64.29082489013672,62.79422378540039,61.9195556640625,60.58572006225586,58.06697082519531,55.3074836730957,53.96629333496094,54.45649719238281,55.33457565307617,55.18659973144531,54.99032211303711,56.34144592285156,58.902156829833984,61.23468017578125,62.596099853515625,62.647159576416016,61.72645950317383,61.128074645996094,61.456947326660156,61.85835266113281,61.696781158447266,61.343177795410156,61.98255157470703,64.14746856689453,67.0918197631836,68.6943588256836,67.630126953125,65.89778900146484,65.95610046386719,67.48320007324219,68.45645141601562,68.03907012939453,67.21503448486328,66.29607391357422,64.73079681396484,62.60515213012695,60.78496170043945,59.627864837646484
54.59819412231445,46.63282775878906,46.781925201416016,52.155452728271484,57.88657760620117,61.841278076171875,63.55303192138672,63.11998748779297,61.19562911987305,58.347328186035156,55.38862609863281,53.10935974121094,52.02253341674805,52.300724029541016,53.47059631347656,54.52731704711914,54.939537048339844,55.42339324951172,56.95893096923828,59.29539108276367,61.332210540771484,61.67428207397461,60.47480392456055,59.683589935302734,60.03515625,60.408287048339844,60.17517852783203,60.14845275878906,61.21785354614258,63.60804748535156,66.735107421875,68.7709732055664,68.16342163085938,66.2352294921875,65.74505615234375,66.9451904296875,67.87751770019531,67.79332733154297,67.35324096679688,66.67041015625,65.4053955078125,63.567012786865234,61.72003173828125,60.34882736206055
53.46137619018555,48.3808479309082,48.697166442871094,51.398067474365234,54.48026657104492,58.37648391723633,62.27163314819336,63.48482131958008,60.894813537597656,56.301788330078125,52.53650665283203,50.759918212890625,50.25651550292969,50.42060470581055,51.35116195678711,52.665977478027344,53.8560676574707,54.75917053222656,55.31698989868164,56.5479621887207,59.05057907104492,60.99049758911133,60.64812469482422,58.90770721435547,57.75608825683594,57.60054397583008,58.11334228515625,59.27546310424805,61.0557975769043,63.31974411010742,66.12593841552734,68.4408950805664,68.52348327636719,66.81993103027344,65.66752624511719,66.02718353271484,66.77484130859375,67.1319580078125,67.18399047851562,66.73741149902344,65.53932189941406,63.854251861572266,62.302364349365234,61.238319396972656
53.890663146972656,51.82048797607422,50.92974853515625,51.11482620239258,52.79719924926758,56.593624114990234,61.23381805419922,63.08635330200195,61.00477981567383,56.72983169555664,52.633514404296875,50.197540283203125,49.28972625732422,49.356651306152344,50.179588317871094,51.58735275268555,53.08321762084961,54.462894439697266,55.15437698364258,55.76667404174805,57.77568054199219,60.584171295166016,60.82786560058594,57.30997848510742,53.67522430419922,53.275577545166016,55.742652893066406,58.87574005126953,61.18507766723633,63.278079986572266,65.667724609375,67.91455841064453,68.6875,67.44792175292969,65.85296630859375,65.52932739257812,66.22662353515625,66.98532104492188,67.20863342285156,66.59583282470703,65.20802307128906,63.73033905029297,62.70346450805664,61.88974380493164
53.3404541015625,52.72020721435547,51.887062072753906,51.3173713684082,52.84846115112305,56.605899810791016,60.39060974121094,61.935813903808594,61.52272033691406,59.45460891723633,56.091156005859375,52.73118209838867,50.79051208496094,49.936363220214844,50.41993713378906,51.35684585571289,52.611244201660156,54.238197326660156,55.26657485961914,56.562591552734375,58.045223236083984,59.4123649597168,58.71573257446289,55.10536193847656,51.731910705566406,52.364601135253906,56.221168518066406,59.960262298583984,61.94361114501953,63.1890983581543,65.00827026367188,66.99064636230469,67.7408447265625,66.85658264160156,65.6217269897461,65.28838348388672,65.89259338378906,66.64712524414062,66.81173706054688,66.14617919921875,65.04115295410156,64.0780258178711,63.2994499206543,62.29098892211914
51.99130630493164,50.8815803527832,50.66748809814453,51.277015686035156,53.476524353027344,56.380577087402344,58.81972885131836,60.81050109863281,61.71659851074219,60.514400482177734,57.83734130859375,55.453731536865234,53.658782958984375,52.0973014831543,51.16632843017578,51.06483840942383,52.613834381103516,53.83803176879883,55.32498550415039,56.023685455322266,56.36101150512695,57.00483703613281,56.42989730834961,54.625858306884766,53.94009780883789,55.7765998840332,58.483726501464844,60.69855880737305,62.16228485107422,63.4805793762207,64.87303924560547,65.76189422607422,65.93524169921875,65.57286834716797,64.9708251953125,64.57440185546875,64.77415466308594,65.25923919677734,65.31514739990234,64.83729553222656,64.17534637451172,63.6472053527832,63.189476013183594,62.48284149169922
52.019840240478516,49.93762969970703,49.013938903808594,50.04705047607422,52.93318557739258,55.714630126953125,57.4882926940918,58.938926696777344,59.678897857666016,59.07164001464844,57.69184494018555,56.60720443725586,55.524532318115234,53.91925048828125,51.85947036743164,51.66850662231445,52.871429443359375,54.00385665893555,54.38433837890625,53.57952880859375,53.83190155029297,54.295570373535156,54.97443771362305,55.12055969238281,56.27414321899414,58.429805755615234,60.15473937988281,61.20526885986328,62.53361129760742,64.17668151855469,64.9697036743164,64.55224609375,63.958709716796875,63.74227523803711,63.554710388183594,63.31058120727539,63.10546875,62.8175163269043,62.252769470214844,61.557437896728516,61.223628997802734,61.47278594970703,62.024169921875,62.343116760253906
53.28359603881836,50.6750602722168,48.64704513549805,48.516990661621094,50.73039245605469,53.546653747558594,55.83253860473633,57.306182861328125,57.64683151245117,56.96812438964844,56.022274017333984,55.715126037597656,55.59709167480469,54.662109375,53.09355545043945,53.02714920043945,53.49950408935547,53.252685546875,51.86514663696289,50.9669075012207,51.452735900878906,52.41547393798828,53.47917556762695,54.408470153808594,56.657691955566406,58.96336364746094,60.13644790649414,60.814327239990234,62.365325927734375,64.44441223144531,65.05731201171875,63.801937103271484,62.248226165771484,61.819801330566406,62.28364562988281,62.410491943359375,61.34760665893555,59.36045455932617,57.3305778503418,56.04129409790039,56.030643463134766,57.369083404541016,59.45606231689453,61.4854621887207
54.36511993408203,51.40184020996094,49.0799446105957,47.939422607421875,49.09799575805664,51.72941970825195,54.32360076904297,55.70267868041992,55.658416748046875,54.49260711669922,53.325557708740234,53.234336853027344,53.73646926879883,53.885047912597656,53.94316482543945,54.43304443359375,53.50027084350586,50.86610794067383,48.635826110839844,48.466224670410156,49.4147834777832,50.53009796142578,51.400390625,53.62186813354492,56.535606384277344,58.40302658081055,59.32723617553711,60.4146842956543,62.24748229980469,63.73385238647461,63.60169982910156,62.27884292602539,61.05814743041992,60.5822868347168,60.72701644897461,60.83119583129883,59.59619140625,56.79618453979492,53.63800048828125,51.28535079956055,50.69493103027344,52.41287612915039,55.72783660888672,58.907100677490234
55.5850715637207,53.36073303222656,50.33964920043945,48.61274337768555,49.33365249633789,50.97279357910156,52.19077682495117,52.66099548339844,52.31238555908203,51.30570602416992,50.705596923828125,51.34031677246094,52.71150207519531,53.95476150512695,54.687137603759766,54.89631652832031,52.26634216308594,48.646141052246094,46.11671829223633,46.90077590942383,47.94904708862305,48.423065185546875,49.802520751953125,53.17914581298828,56.919578552246094,59.42775344848633,60.454532623291016,60.93513488769531,61.43515396118164,61.44725799560547,60.746849060058594,60.07001876831055,59.89031219482422,59.67203903198242,59.370243072509766,59.15349197387695,58.00971221923828,55.17513656616211,51.86115646362305,49.63918685913086,49.50157165527344,50.95782470703125,52.719749450683594,54.011653900146484
54.66607666015625,52.356624603271484,51.09885787963867,51.2497673034668,50.63905334472656,49.168636322021484,49.11186599731445,50.05347442626953,49.701576232910156,48.25638198852539,48.37987518310547,50.77759552001953,53.419410705566406,54.75061798095703,54.853431701660156,54.17575454711914,51.08226013183594,47.73324203491211,46.42951202392578,47.564571380615234,46.619171142578125,46.34291076660156,49.4044075012207,54.45981216430664,58.92301559448242,61.4222297668457,61.96833419799805,61.39546203613281,60.22967529296875,58.569068908691406,57.27558135986328,57.28646469116211,58.149688720703125,58.61433029174805,58.15677261352539,56.57793045043945,54.101165771484375,51.44492721557617,49.2388801574707,48.949317932128906,50.56296157836914,51.75153732299805,50.99208450317383,49.66943359375
49.912357330322266,50.561397552490234,52.92444610595703,53.42354965209961,49.67776870727539,45.718196868896484,45.60121536254883,47.857269287109375,48.82453536987305,47.55575942993164,47.44743728637695,50.27027130126953,53.233604431152344,54.340492248535156,54.041160583496094,53.12234878540039,50.52426528930664,48.24707794189453,47.76261520385742,47.557167053222656,45.69599151611328,46.64162826538086,50.968231201171875,56.24174499511719,60.36353302001953,63.05394744873047,63.50410079956055,62.037620544433594,59.42857360839844,56.59849548339844,54.88334655761719,55.25489044189453,56.56640625,57.064598083496094,55.976810455322266,53.48513412475586,49.8154182434082,45.52149963378906,44.008575439453125,46.539424896240234,50.175262451171875,51.64328384399414,50.09340286254883,47.77379608154297
