data/wind_data/wind_20_8.json
{"header": {"parameterUnit": "KT", "parameterCategory": 2, "nx": 256, "ny": 198, "lo1": 44.73521041870117, "la1": -3.236724853515625, "lo2": 111.26478576660156, "la2": 43.468475341796875, "dx": 0.2609002888202667, "dy": -0.23708222806453705, "refTime": "2025-02-19 20:00:00", "forecastTime": 0, "parameterNumber": 2, "parameterNumberName": "eastward_wind"}, "data":
[rows 76 to 94 of 198, columns 132 to 175 of 256]
13.994976997375488,11.89059066772461,12.008612632751465,12.80452823638916,12.476367950439453,11.146134376525879,10.065057754516602,9.625252723693848,9.1978178024292,8.550750732421875,7.984709739685059,7.584799766540527,7.326086044311523,7.157498359680176,6.816314697265625,6.0853447914123535,5.189165115356445,4.5673933029174805,4.487483501434326,4.7129130363464355,4.761600494384766,4.472095489501953,4.111322402954102,4.007907390594482,4.148336887359619,4.2711262702941895,4.185993194580078,3.9399843215942383,3.760697603225708,3.9511663913726807,4.587158203125,5.477889537811279,6.302724361419678,6.878917217254639,7.2766289710998535,7.643402576446533,7.984467506408691,8.078737258911133,7.618536472320557,6.7367753982543945,6.050109386444092,6.035660266876221,6.563452243804932,7.084827423095703
17.54716682434082,15.0709867477417,13.38416576385498,13.518861770629883,13.845720291137695,13.153151512145996,12.00352954864502,11.232736587524414,10.719195365905762,10.161441802978516,9.548479080200195,8.912018775939941,8.423998832702637,8.183015823364258,7.886272430419922,7.197458744049072,6.36956787109375,5.8418869972229,5.701840400695801,5.78109073638916,5.709527969360352,5.2904181480407715,4.782456874847412,4.642080783843994,4.9291605949401855,5.1297078132629395,4.920050621032715,4.446016788482666,4.0332255363464355,3.9506301879882812,4.3235249519348145,4.977991104125977,5.593830585479736,5.9520463943481445,6.118516445159912,6.362331867218018,6.813070774078369,7.26203727722168,7.2990827560424805,6.703066349029541,5.855658531188965,5.462966442108154,5.776155471801758,6.426470756530762
19.084501266479492,18.854345321655273,16.79157066345215,15.34992504119873,14.763051986694336,14.15218448638916,13.452986717224121,12.899106979370117,12.386356353759766,11.740914344787598,10.966658592224121,10.217741012573242,9.765189170837402,9.599678039550781,9.26009750366211,8.439260482788086,7.485495090484619,6.942037105560303,6.792028903961182,6.792234897613525,6.697416305541992,6.2477240562438965,5.5677642822265625,5.158259391784668,5.352390766143799,5.812164306640625,5.994222640991211,5.804577350616455,5.450764179229736,5.176815032958984,5.164459705352783,5.441321849822998,5.779649257659912,5.891066074371338,5.788000583648682,5.744644641876221,5.995681285858154,6.43926477432251,6.724420070648193,6.512748718261719,5.833345890045166,5.285140514373779,5.362607479095459,5.932651519775391
17.899221420288086,19.954635620117188,20.205310821533203,18.727386474609375,16.77080726623535,15.071684837341309,14.075535774230957,13.895115852355957,13.89815616607666,13.446267127990723,12.491329193115234,11.482462882995605,11.01866340637207,11.09528636932373,10.932777404785156,10.078605651855469,8.954493522644043,8.263598442077637,8.067259788513184,8.025558471679688,7.8934197425842285,7.419305324554443,6.644872188568115,6.008859634399414,5.883286476135254,6.238882541656494,6.745920181274414,7.153418064117432,7.288875102996826,7.1486921310424805,6.907042503356934,6.785813331604004,6.804105281829834,6.734138488769531,6.436900615692139,6.0817341804504395,5.978615760803223,6.1645708084106445,6.387290000915527,6.344118595123291,5.907257080078125,5.356298446655273,5.205568313598633,5.625535011291504
16.100488662719727,18.691184997558594,20.665359497070312,21.180896759033203,19.6949520111084,17.13027000427246,15.247897148132324,14.802727699279785,14.918910026550293,14.740240097045898,14.170015335083008,13.402823448181152,12.79166316986084,12.53912353515625,12.172300338745117,11.42196273803711,10.571234703063965,9.949766159057617,9.635770797729492,9.493598937988281,9.390048027038574,8.997180938720703,8.186574935913086,7.391951560974121,7.056530475616455,7.205694198608398,7.675030708312988,8.2928466796875,8.790448188781738,8.917988777160645,8.690360069274902,8.359506607055664,8.132861137390137,7.935339450836182,7.591240882873535,7.072850227355957,6.635188579559326,6.475492000579834,6.502414703369141,6.506411075592041,6.2883429527282715,5.80970573425293,5.3867926597595215,5.442620754241943
15.820661544799805,17.390674591064453,19.297088623046875,20.831331253051758,21.145557403564453,19.672229766845703,17.752832412719727,16.660953521728516,16.14666175842285,15.626818656921387,15.236722946166992,15.175198554992676,15.096443176269531,14.556715965270996,13.394850730895996,12.249642372131348,11.698296546936035,11.46163558959961,11.161933898925781,10.937155723571777,10.939152717590332,10.732333183288574,9.953856468200684,9.000739097595215,8.547555923461914,8.747178077697754,9.293021202087402,9.868131637573242,10.211809158325195,10.175195693969727,9.82286548614502,9.44493579864502,9.26216983795166,9.14960765838623,8.866436958312988,8.30402946472168,7.613413333892822,7.115514755249023,6.94484281539917,6.970337867736816,6.949190139770508,6.665536403656006,6.168185710906982,5.824326515197754
17.786922454833984,17.340925216674805,18.45098114013672,19.676790237426758,20.414148330688477,20.42993927001953,20.011816024780273,19.449705123901367,18.553678512573242,17.16287612915039,16.04673957824707,16.082082748413086,16.689638137817383,16.626222610473633,15.305106163024902,13.740087509155273,12.991201400756836,12.798681259155273,12.570919036865234,12.478775978088379,12.597305297851562,12.42445182800293,11.59886646270752,10.41845417022705,9.753262519836426,10.106024742126465,11.081068992614746,11.956579208374023,12.203672409057617,11.68895435333252,10.729665756225586,9.914078712463379,9.695481300354004,9.922233581542969,10.00681209564209,9.58333969116211,8.735173225402832,7.887179851531982,7.452969074249268,7.487070083618164,7.6996660232543945,7.726040363311768,7.428868293762207,7.004367828369141
21.330461502075195,18.227340698242188,18.058862686157227,19.336299896240234,19.95656967163086,19.93861198425293,20.33540153503418,21.1113338470459,21.151763916015625,19.8935489654541,18.180492401123047,17.203664779663086,17.127750396728516,17.31663703918457,16.93133544921875,15.798089981079102,14.701239585876465,14.133566856384277,14.047218322753906,14.406892776489258,14.617538452148438,14.121652603149414,13.066911697387695,11.813939094543457,10.976566314697266,11.211877822875977,12.346529960632324,13.543594360351562,14.041302680969238,13.552536964416504,12.297837257385254,10.835433959960938,9.934272766113281,9.96938705444336,10.415739059448242,10.509005546569824,9.934598922729492,8.960502624511719,8.172892570495605,7.966219902038574,8.22916316986084,8.558298110961914,8.661364555358887,8.515094757080078
25.658145904541016,21.51455307006836,18.45131492614746,18.676015853881836,19.980953216552734,20.31121253967285,20.36488151550293,21.23947525024414,22.302017211914062,22.219051361083984,21.07997703552246,19.703977584838867,18.56540298461914,18.05128288269043,17.92171287536621,17.166385650634766,15.915267944335938,15.02700424194336,15.123173713684082,16.09168243408203,16.60870933532715,15.935715675354004,14.620307922363281,13.370820045471191,12.681232452392578,12.882233619689941,13.723170280456543,14.554102897644043,14.891799926757812,14.720186233520508,14.082817077636719,12.849601745605469,11.249253273010254,10.166813850402832,10.18514347076416,10.718194007873535,10.907426834106445,10.38885498046875,9.49388313293457,8.825005531311035,8.7097806930542,8.978043556213379,9.326888084411621,9.590502738952637
28.210124969482422,26.13875389099121,22.271636962890625,19.575336456298828,19.17485809326172,19.987361907958984,20.827699661254883,21.899320602416992,22.957944869995117,23.148977279663086,22.69195556640625,22.14655113220215,21.262981414794922,20.57415771484375,20.024328231811523,18.672298431396484,16.918046951293945,15.675471305847168,15.676648139953613,16.638662338256836,17.343244552612305,17.261022567749023,16.588794708251953,15.541089057922363,14.833169937133789,15.031612396240234,15.601150512695312,15.723939895629883,15.361071586608887,15.13780403137207,15.269810676574707,15.029401779174805,13.695713996887207,11.75337028503418,10.613022804260254,10.8150053024292,11.461987495422363,11.579352378845215,11.014784812927246,10.236379623413086,9.753633499145508,9.659101486206055,9.800848960876465,10.107659339904785
28.538854598999023,28.93172836303711,27.14227867126465,23.85605812072754,21.058086395263672,19.28717803955078,19.61697006225586,21.360313415527344,23.47321319580078,24.616270065307617,24.482553482055664,24.024871826171875,23.491130828857422,23.010440826416016,22.49044418334961,21.17569351196289,19.153160095214844,17.391124725341797,16.6175594329834,16.62360191345215,16.944374084472656,17.515169143676758,18.114030838012695,18.245342254638672,17.8234806060791,17.434894561767578,17.3486385345459,17.20100975036621,16.632488250732422,16.155582427978516,16.21930503845215,16.34111213684082,15.632889747619629,14.036625862121582,12.493538856506348,11.904399871826172,12.047916412353516,12.171941757202148,11.977555274963379,11.656675338745117,11.423798561096191,11.22153377532959,10.926667213439941,10.728219032287598
28.77398109436035,29.34191131591797,29.764558792114258,28.573057174682617,25.829496383666992,22.26011848449707,19.36875343322754,19.18570327758789,21.340930938720703,24.154510498046875,26.096689224243164,26.896926879882812,26.523509979248047,25.470794677734375,24.229827880859375,22.900964736938477,21.0983943939209,19.016098022460938,17.846797943115234,17.37253761291504,17.161903381347656,17.705636978149414,18.915489196777344,20.188886642456055,20.846986770629883,20.298776626586914,19.03998374938965,18.351770401000977,18.370676040649414,18.284515380859375,17.84352684020996,17.18130874633789,16.335186004638672,15.413980484008789,14.56433391571045,13.86994457244873,13.283846855163574,12.763504028320312,12.496140480041504,12.686769485473633,13.145567893981934,13.290266036987305,12.76801872253418,11.91222858428955
29.316204071044922,29.259870529174805,30.094202041625977,31.079540252685547,30.386343002319336,27.158517837524414,22.677967071533203,19.2618408203125,18.753801345825195,20.977083206176758,24.299785614013672,27.494726181030273,29.585079193115234,29.606477737426758,27.58931541442871,24.78230094909668,22.079465866088867,19.30859375,17.65446662902832,17.630847930908203,18.217514038085938,18.906217575073242,19.989805221557617,21.3353328704834,22.424421310424805,22.404674530029297,21.044326782226562,19.65458869934082,19.5795955657959,20.15777015686035,19.802553176879883,18.35824203491211,16.760875701904297,15.860697746276855,15.680978775024414,15.559996604919434,14.952449798583984,14.015646934509277,13.433704376220703,13.715784072875977,14.527581214904785,14.974466323852539,14.42666244506836,13.204432487487793
29.663209915161133,29.585046768188477,30.26500129699707,31.68317413330078,32.65042495727539,31.45256233215332,27.654090881347656,22.845157623291016,19.354862213134766,18.67925262451172,20.964757919311523,25.04161834716797,29.410131454467773,31.910018920898438,31.316497802734375,28.493518829345703,24.848508834838867,21.242267608642578,18.699121475219727,18.186206817626953,19.10117530822754,20.38844108581543,21.567930221557617,22.312307357788086,22.771663665771484,23.08596420288086,22.571523666381836,21.319942474365234,20.567434310913086,20.841754913330078,20.902183532714844,19.76218032836914,17.872461318969727,16.453683853149414,16.124252319335938,16.409313201904297,16.38595199584961,15.780095100402832,15.20348834991455,15.303009033203125,15.886960983276367,16.142282485961914,15.466776847839355,14.141898155212402
30.23830795288086,30.074655532836914,30.648588180541992,31.899211883544922,33.207515716552734,33.42384338378906,31.669031143188477,27.862470626831055,23.391056060791016,20.244857788085938,19.75947380065918,22.773963928222656,27.66374969482422,31.55865478515625,31.994714736938477,29.903894424438477,26.931711196899414,23.568538665771484,21.265750885009766,20.734317779541016,21.474273681640625,22.60117530822754,23.585126876831055,23.77616310119629,23.313011169433594,23.180278778076172,23.17875099182129,22.501510620117188,21.42620849609375,20.915006637573242,20.815282821655273,20.3398494720459,19.179588317871094,17.768077850341797,16.901945114135742,16.91860580444336,17.310667037963867,17.450727462768555,17.377294540405273,17.386159896850586,17.396066665649414,17.044876098632812,16.114213943481445,14.837525367736816
31.637611389160156,31.11809539794922,31.025957107543945,31.93497085571289,33.38243103027344,34.33744430541992,33.674251556396484,31.103120803833008,27.500186920166016,24.136720657348633,22.06472396850586,22.942033767700195,26.86538314819336,30.214014053344727,30.486286163330078,28.465856552124023,25.876798629760742,23.539478302001953,21.836708068847656,21.97909164428711,23.601430892944336,25.44721031188965,26.430118560791016,26.01642608642578,24.740947723388672,23.83626365661621,23.57683563232422,23.188997268676758,22.279720306396484,21.263221740722656,20.444385528564453,19.90914535522461,19.576902389526367,19.100784301757812,18.4577693939209,18.062742233276367,18.144672393798828,18.55125617980957,18.989028930664062,19.14706802368164,18.761964797973633,17.872453689575195,16.756608963012695,15.71412467956543
33.37474060058594,32.794925689697266,32.01173782348633,32.162899017333984,33.49049377441406,34.95620346069336,34.97220993041992,32.88123321533203,29.634246826171875,26.778690338134766,25.008180618286133,25.347610473632812,28.1068172454834,30.15593147277832,29.621641159057617,27.697093963623047,24.590274810791016,21.538516998291016,20.1220760345459,20.86945152282715,23.513914108276367,26.5694580078125,28.591564178466797,28.451717376708984,26.65123748779297,25.029203414916992,24.175600051879883,23.64224624633789,23.14647102355957,22.548763275146484,21.48677635192871,20.1751766204834,19.588523864746094,19.890003204345703,20.305891036987305,20.155977249145508,19.610931396484375,19.391502380371094,19.723236083984375,19.994171142578125,19.571460723876953,18.576433181762695,17.615182876586914,17.04790496826172
34.997039794921875,34.399906158447266,33.57262420654297,33.30066680908203,34.04228973388672,35.371463775634766,35.76023483276367,34.1502799987793,31.024925231933594,28.009151458740234,26.557353973388672,27.365196228027344,29.95707893371582,31.97347068786621,31.327476501464844,29.07996940612793,26.114620208740234,21.66127586364746,18.70207405090332,19.207862854003906,22.229183197021484,25.758956909179688,28.398834228515625,29.409076690673828,28.588701248168945,27.024364471435547,25.489418029785156,24.263683319091797,23.869651794433594,24.08769989013672,23.58143424987793,21.931747436523438,20.53129005432129,20.676311492919922,21.78451156616211,22.32940673828125,21.61785316467285,20.643604278564453,20.359487533569336,20.43254280090332,20.109073638916016,19.38955307006836,18.829530715942383,18.681316375732422
36.52142333984375,35.86659622192383,35.25220489501953,35.13376998901367,35.361759185791016,35.788185119628906,35.760467529296875,34.601661682128906,32.25680160522461,29.55545425415039,27.651668548583984,27.89632225036621,30.42863655090332,33.43614196777344,34.54764938354492,32.70166778564453,29.217342376708984,24.599571228027344,20.30890464782715,19.779909133911133,22.46436309814453,24.977344512939453,26.43171501159668,27.316232681274414,28.118852615356445,28.80612564086914,27.874605178833008,26.009220123291016,25.122207641601562,25.318716049194336,24.954362869262695,23.70989418029785,22.604135513305664,22.469560623168945,23.11211395263672,23.651906967163086,23.256793975830078,22.404264450073242,21.83734893798828,21.470989227294922,21.061203002929688,20.695512771606445,20.46418571472168,20.33028793334961
