data/wind_data/wind_2025-02-19_23.json
{"header": {"parameterUnit": "KT", "parameterCategory": 2, "nx": 255, "ny": 198, "lo1": 44.73521041870117, "la1": -3.236724853515625, "lo2": 111.26478576660156, "la2": 43.468475341796875, "dx": 0.26192745566368103, "dy": -0.23708222806453705, "refTime": "2025-02-19 23:00:00", "forecastTime": 0, "parameterNumber": 2, "parameterNumberName": "eastward_wind"}, "data":
[rows 57 to 75 of 198, columns 0 to 42 of 255]
-10.253303527832031,-10.851869583129883,-11.26425552368164,-11.267784118652344,-9.860357284545898,-9.525575637817383,-10.552718162536621,-12.261134147644043,-13.766845703125,-13.982330322265625,-14.203530311584473,-14.2866792678833,-13.783553123474121,-12.758102416992188,-11.123865127563477,-9.810850143432617,-7.909484386444092,-3.7657246589660645,-1.7945834398269653,-2.326399803161621,-2.320638418197632,-4.542176246643066,-6.2150726318359375,-5.3526387214660645,-3.923267364501953,-4.463203430175781,-3.909367561340332,-2.2109081745147705,-3.6253201961517334,-5.45845365524292,-5.779029846191406,-6.6373395919799805,-7.265732765197754,-7.996537685394287,-8.652027130126953,-8.588516235351562,-8.854345321655273,-8.743162155151367,-8.73054313659668,-8.98527717590332,-9.017345428466797,-9.058290481567383,-9.245299339294434
-10.752800941467285,-11.199759483337402,-11.631064414978027,-12.24142837524414,-11.149003028869629,-10.520095825195312,-11.736017227172852,-13.50934886932373,-14.070893287658691,-13.241531372070312,-12.681913375854492,-12.00471019744873,-10.904949188232422,-9.89192008972168,-9.80872917175293,-10.132556915283203,-10.98984146118164,-11.551551818847656,-12.089259147644043,-12.47557544708252,-11.45886516571045,-9.31310749053955,-6.847202301025391,-4.658365726470947,-5.9043965339660645,-6.315637111663818,-4.920844554901123,-4.825673580169678,-5.777891159057617,-6.061264991760254,-6.7662248611450195,-6.9920783042907715,-7.217679500579834,-8.137988090515137,-8.869366645812988,-8.526233673095703,-7.400235176086426,-6.747436046600342,-6.912469863891602,-7.296969890594482,-7.470642566680908,-7.9722065925598145,-9.272845268249512
-11.325976371765137,-11.532313346862793,-11.908642768859863,-12.532391548156738,-11.637969970703125,-10.897706031799316,-11.568778991699219,-12.826961517333984,-13.938377380371094,-14.0343656539917,-13.100381851196289,-12.13167667388916,-11.397467613220215,-11.174917221069336,-11.100726127624512,-10.824328422546387,-11.670536994934082,-13.221604347229004,-13.700722694396973,-13.86679458618164,-13.0377197265625,-11.369604110717773,-9.82747745513916,-8.544991493225098,-7.478385925292969,-6.153759002685547,-5.305593490600586,-5.913193225860596,-6.926681041717529,-7.805777072906494,-7.977437973022461,-6.852407932281494,-6.679065227508545,-7.772533893585205,-8.20230484008789,-8.682204246520996,-8.537933349609375,-7.852044105529785,-7.6449174880981445,-8.211882591247559,-8.35045051574707,-8.007448196411133,-8.598676681518555
-12.029731750488281,-11.820348739624023,-12.081483840942383,-12.908246040344238,-12.401945114135742,-11.865771293640137,-11.659790992736816,-11.351028442382812,-11.939352035522461,-12.546835899353027,-12.459790229797363,-11.364982604980469,-10.600309371948242,-10.830656051635742,-10.483841896057129,-10.115235328674316,-11.35380744934082,-12.996347427368164,-13.384685516357422,-12.671364784240723,-11.866095542907715,-10.690191268920898,-9.578234672546387,-8.487865447998047,-7.347188949584961,-6.564910888671875,-6.363514423370361,-6.691235542297363,-7.270445346832275,-8.2053861618042,-8.228240966796875,-7.197846412658691,-7.061809062957764,-7.156134128570557,-5.3995561599731445,-5.729034423828125,-8.200767517089844,-7.6194539070129395,-6.639039039611816,-7.109919548034668,-7.373392581939697,-7.326324939727783,-8.133241653442383
-9.821627616882324,-9.813240051269531,-11.231093406677246,-12.91624927520752,-12.60865306854248,-11.963808059692383,-11.568632125854492,-11.185568809509277,-11.270136833190918,-10.70676326751709,-10.213170051574707,-11.059399604797363,-12.04469108581543,-11.368048667907715,-9.838418960571289,-9.00046443939209,-11.037203788757324,-13.060601234436035,-12.474542617797852,-11.160420417785645,-10.433919906616211,-9.704784393310547,-8.372695922851562,-7.563712120056152,-6.958945274353027,-5.798262119293213,-5.689226150512695,-6.411730766296387,-6.883937358856201,-6.910253524780273,-7.258240699768066,-7.898227691650391,-8.22804069519043,-8.007341384887695,-6.1012444496154785,-8.209607124328613,-5.97721004486084,-6.747445583343506,-6.991424560546875,-6.788420677185059,-7.264970779418945,-7.715445041656494,-8.202790260314941
-6.376955032348633,-6.051982402801514,-8.687410354614258,-12.257879257202148,-13.763130187988281,-13.143370628356934,-11.566171646118164,-10.393592834472656,-10.091217041015625,-9.799050331115723,-10.107254028320312,-10.490758895874023,-10.695671081542969,-10.059203147888184,-9.812170028686523,-9.89448356628418,-10.084303855895996,-11.493717193603516,-11.899957656860352,-10.329998016357422,-9.061759948730469,-8.796954154968262,-8.17910385131836,-7.153106212615967,-6.626373767852783,-5.475120544433594,-4.950164318084717,-5.6504316329956055,-5.933279991149902,-6.1056694984436035,-7.074995040893555,-8.53403091430664,-9.289606094360352,-9.277442932128906,-8.899330139160156,-9.007831573486328,-7.994641304016113,-6.634869575500488,-6.900182247161865,-7.243781089782715,-7.312472343444824,-7.677018165588379,-7.876035690307617
-3.037598133087158,-2.264949321746826,-3.9994139671325684,-4.624430179595947,-6.959938049316406,-10.454477310180664,-10.587456703186035,-9.446362495422363,-8.505295753479004,-7.831181526184082,-8.726265907287598,-9.372578620910645,-9.065571784973145,-8.908641815185547,-9.592117309570312,-10.372478485107422,-10.375566482543945,-10.563704490661621,-10.727041244506836,-10.409284591674805,-9.493038177490234,-8.549375534057617,-7.788646221160889,-7.15429162979126,-6.2865471839904785,-5.4266276359558105,-5.009825229644775,-4.912993907928467,-5.8255767822265625,-6.571018218994141,-6.646389007568359,-6.696315288543701,-6.940065860748291,-7.703263282775879,-8.13917064666748,-7.792053699493408,-7.349452972412109,-7.326785564422607,-7.2555832862854,-7.4948577880859375,-7.6638617515563965,-7.793552398681641,-7.9015984535217285
0.6260792016983032,0.5241671800613403,0.44636765122413635,1.8799018859863281,2.0220165252685547,-0.030796583741903305,-2.6510210037231445,-3.0036678314208984,-2.9998741149902344,-4.578493595123291,-6.088322639465332,-7.36450719833374,-9.091507911682129,-9.395458221435547,-9.59656047821045,-10.02249526977539,-9.836026191711426,-10.230657577514648,-10.342344284057617,-9.243144989013672,-7.605891704559326,-7.011438846588135,-7.179614067077637,-6.331362724304199,-5.118825912475586,-5.1789069175720215,-5.257945537567139,-4.851430416107178,-5.449459552764893,-5.858922004699707,-5.998733043670654,-6.209904670715332,-6.919824600219727,-7.424103736877441,-7.326339244842529,-7.659020900726318,-7.682465553283691,-7.667382717132568,-7.591812610626221,-7.58481502532959,-7.4741597175598145,-7.368873119354248,-7.347654342651367
2.1729576587677,2.5235962867736816,2.4626317024230957,4.23922872543335,5.639603137969971,4.209394931793213,2.915893793106079,0.7745162844657898,-1.339080572128296,-1.3525980710983276,0.44474515318870544,0.4136883318424225,-4.3789567947387695,-9.11925220489502,-9.505073547363281,-9.15216064453125,-9.43972110748291,-9.490102767944336,-9.429563522338867,-7.941097259521484,-6.426544189453125,-5.802702903747559,-5.911649227142334,-5.752857208251953,-4.60918664932251,-4.64660120010376,-5.088174343109131,-4.615474700927734,-4.097374439239502,-4.279648303985596,-5.499618053436279,-6.290080547332764,-6.4361772537231445,-6.681954383850098,-6.700536251068115,-6.705118656158447,-6.713829040527344,-6.912055492401123,-7.066312313079834,-6.974985599517822,-6.831614017486572,-6.612253665924072,-6.316134452819824
2.0889699459075928,3.0092947483062744,3.097968339920044,6.754941940307617,8.496734619140625,7.089005470275879,5.3499555587768555,2.7204952239990234,0.11357444524765015,-0.6035974621772766,1.001287579536438,1.3056036233901978,-0.6695771813392639,-2.9048755168914795,-6.596428394317627,-9.974650382995605,-8.982512474060059,-7.508618354797363,-7.4640583992004395,-7.5195841789245605,-7.282534599304199,-6.259075164794922,-5.322643280029297,-4.984210968017578,-5.029908657073975,-4.214248180389404,-3.663478136062622,-3.171884775161743,-3.619601011276245,-4.643873691558838,-5.155576229095459,-5.935030937194824,-6.228764057159424,-6.416056156158447,-6.369502067565918,-6.429468631744385,-6.566308498382568,-6.745212554931641,-6.857179641723633,-6.875118732452393,-6.837981700897217,-6.435449600219727,-5.900688648223877
2.922720193862915,3.5685315132141113,3.767688512802124,6.026193141937256,8.043159484863281,8.087039947509766,7.0328755378723145,4.947368621826172,2.1654112339019775,1.4947664737701416,3.3941073417663574,1.3892797231674194,-2.093614339828491,-3.4687018394470215,-3.513486862182617,-4.749524116516113,-7.541910171508789,-7.663093566894531,-6.4247541427612305,-6.766512870788574,-7.230566501617432,-6.211676597595215,-5.0335001945495605,-4.91128396987915,-4.482586860656738,-3.3351151943206787,-2.7194435596466064,-2.5040879249572754,-2.237867832183838,-3.1397061347961426,-4.3236470222473145,-4.938364028930664,-5.551468372344971,-5.920999526977539,-6.16169548034668,-6.302479267120361,-6.342007637023926,-6.495143890380859,-6.5808844566345215,-6.533356189727783,-6.347968578338623,-6.0557661056518555,-5.823343753814697
3.8337185382843018,4.695677757263184,5.312230110168457,5.750097274780273,7.718514442443848,7.127270698547363,4.768575191497803,1.4698660373687744,-1.1325701475143433,-0.6313571333885193,1.5645262002944946,-0.40246278047561646,-3.2966647148132324,-4.220273494720459,-4.360873699188232,-2.4346933364868164,-0.9930225014686584,-2.9695441722869873,-6.063938617706299,-6.36203670501709,-5.4260172843933105,-5.167438507080078,-3.719545841217041,-3.715376615524292,-4.3424577713012695,-2.933185577392578,-2.282076835632324,-1.5700550079345703,-1.415310263633728,-2.508898973464966,-3.297924518585205,-3.987600326538086,-4.524169445037842,-5.161572456359863,-5.689074993133545,-6.087597846984863,-6.250181198120117,-6.294461250305176,-6.189249038696289,-6.059440612792969,-5.9400954246521,-5.766699314117432,-5.612459659576416
4.240686893463135,4.474638938903809,5.117862224578857,7.203137397766113,9.862548828125,8.002666473388672,4.296416282653809,-1.2650146484375,-6.784967422485352,-6.379823207855225,-2.930065155029297,-2.017332077026367,-4.2603325843811035,-5.633170127868652,-4.511932849884033,0.16915009915828705,3.2952098846435547,1.2514193058013916,-2.0027289390563965,-3.8043031692504883,-4.392132759094238,-3.9089109897613525,-3.2869842052459717,-3.4696056842803955,-2.6680641174316406,-2.5342535972595215,-1.3445788621902466,-1.137231707572937,-1.261986255645752,-1.1874818801879883,-2.5883138179779053,-3.0381999015808105,-3.720823049545288,-4.315643787384033,-5.105290412902832,-5.650135040283203,-5.818487644195557,-5.772206783294678,-5.710186004638672,-5.66825008392334,-5.647572040557861,-5.610965251922607,-5.535572052001953
4.077545642852783,3.9041759967803955,5.097840785980225,7.7414045333862305,8.413573265075684,4.109403133392334,1.5357238054275513,-1.7153249979019165,-7.219537258148193,-8.710389137268066,-4.9570841789245605,-2.752230167388916,-3.573260545730591,-3.8577020168304443,-1.6968958377838135,1.4313238859176636,3.837639808654785,1.5014768838882446,-1.3679039478302002,-1.3139100074768066,0.22443170845508575,1.2029188871383667,0.5876753926277161,-0.4292697012424469,-0.6567440032958984,-1.949674129486084,-2.094195604324341,-0.38285529613494873,-0.015532475896179676,-0.7507234811782837,-1.655152678489685,-2.3774073123931885,-3.0009377002716064,-3.7128889560699463,-4.498943328857422,-5.076324939727783,-5.227241516113281,-5.1427106857299805,-5.027210712432861,-4.976286888122559,-5.077047824859619,-5.244749546051025,-5.352103233337402
4.957712173461914,6.263307571411133,6.988763809204102,8.022951126098633,6.832303047180176,0.6644881963729858,-1.861305832862854,-0.8702940344810486,-3.7718005180358887,-8.649384498596191,-5.579521179199219,-0.9401212930679321,0.2175273895263672,0.8412858247756958,1.4295848608016968,1.2522231340408325,-0.6781253218650818,-4.362096309661865,-5.015155792236328,-1.8728231191635132,1.286594033241272,3.267179489135742,3.3178305625915527,1.498200535774231,0.4287557005882263,0.4454444348812103,-0.808800458908081,0.3332225978374481,1.3312737941741943,0.2665495276451111,-0.45910170674324036,-1.514670729637146,-2.307770013809204,-3.1824610233306885,-3.949789047241211,-4.460605621337891,-4.602063179016113,-4.537149906158447,-4.367515563964844,-4.351561069488525,-4.499426364898682,-4.705277442932129,-4.9495625495910645
6.296189308166504,8.622344017028809,7.721007347106934,6.8185648918151855,3.9479777812957764,-1.63033926486969,-3.1538567543029785,-0.15631745755672455,1.7223166227340698,-2.045872449874878,-3.6369004249572754,-0.43577831983566284,1.6896551847457886,2.4988303184509277,1.7690478563308716,-0.26393985748291016,-2.0397157669067383,-3.564183235168457,-3.5706403255462646,-1.3317240476608276,0.8690772652626038,1.3014663457870483,-0.009560571983456612,-1.839233636856079,-0.8282852172851562,3.0668447017669678,4.735134601593018,3.442620277404785,2.0882699489593506,1.2214411497116089,0.6337156891822815,-0.4180513620376587,-1.483008861541748,-2.4813809394836426,-3.371006965637207,-3.869356632232666,-4.093654632568359,-4.025416851043701,-3.82389760017395,-3.6216843128204346,-3.553492546081543,-3.665254831314087,-3.9751362800598145
5.628048419952393,6.959422588348389,4.448612213134766,2.6306283473968506,0.679258406162262,-1.953762412071228,-3.0352983474731445,-0.3294709622859955,3.717895030975342,6.193698883056641,5.457618713378906,2.1388702392578125,0.043488845229148865,-0.7680696845054626,-1.4164446592330933,-1.6869893074035645,-1.166961908340454,-0.9570439457893372,-0.7169471979141235,0.10371734946966171,0.45263224840164185,-1.4743834733963013,-4.7822370529174805,-5.024694442749023,-1.1725599765777588,3.446805715560913,5.393096923828125,5.063941955566406,4.067239284515381,2.4810314178466797,1.7843904495239258,0.6932950615882874,-0.7595186233520508,-1.6472171545028687,-2.5860402584075928,-3.143153429031372,-3.4606668949127197,-3.3774306774139404,-3.1040730476379395,-2.773529291152954,-2.631516933441162,-2.724093437194824,-2.9307682514190674
2.9107820987701416,2.8172976970672607,1.2541515827178955,-0.14059355854988098,-1.0374752283096313,-1.6055258512496948,-2.294557809829712,-0.6332991123199463,2.879802703857422,3.481595993041992,-0.6644144058227539,-2.8059825897216797,-1.2768868207931519,-1.6222867965698242,-4.2839508056640625,-5.194385528564453,-3.9041318893432617,-2.5338239669799805,-1.4347034692764282,-3.214874267578125,-5.74525785446167,-6.747293472290039,-6.307963848114014,-3.7859880924224854,-0.3588823974132538,1.9678053855895996,4.098949909210205,5.823017597198486,6.308204650878906,5.031861782073975,3.5036706924438477,1.557023286819458,-0.1789490282535553,-1.033095359802246,-1.82835054397583,-2.451166868209839,-2.7894201278686523,-2.6979219913482666,-2.3425629138946533,-1.9781569242477417,-1.6932332515716553,-1.7076830863952637,-1.991779088973999
2.392314910888672,2.234138250350952,1.3817813396453857,0.9891084432601929,-0.3451736867427826,-2.126549482345581,-2.01531720161438,-0.10480228811502457,2.1620192527770996,1.5170944929122925,-1.6784319877624512,-2.2654430866241455,0.8438189029693604,1.1723387241363525,-3.2967917919158936,-5.304096221923828,-3.507457733154297,-3.3500845432281494,-5.098710060119629,-6.48403787612915,-7.6873064041137695,-6.862653732299805,-3.6518282890319824,-0.22899195551872253,2.0381274223327637,3.2994933128356934,4.321019172668457,5.4423346519470215,4.756222248077393,4.489200592041016,3.800516366958618,2.248782157897949,0.7182515263557434,-0.3330450654029846,-0.9814907908439636,-1.42355477809906,-1.6609734296798706,-1.6885169744491577,-1.305479645729065,-0.9296378493309021,-0.6922992467880249,-0.6841151118278503,-0.9302281141281128
