data/wind_data/wind_42_6.json
{"header": {"parameterUnit": "KT", "parameterCategory": 2, "nx": 256, "ny": 198, "lo1": 44.73521041870117, "la1": -3.236724853515625, "lo2": 111.26478576660156, "la2": 43.468475341796875, "dx": 0.2609002888202667, "dy": -0.23708222806453705, "refTime": "2025-02-20 18:00:00", "forecastTime": 0, "parameterNumber": 2, "parameterNumberName": "eastward_wind"}, "data":
[rows 20 to 39 of 198, columns 90 to 134 of 256]
-10.393994331359863,-10.030878067016602,-9.813343048095703,-9.706144332885742,-9.541756629943848,-9.63640308380127,-10.280517578125,-10.973968505859375,-11.331997871398926,-11.374958992004395,-10.725260734558105,-9.590371131896973,-8.726126670837402,-8.893157958984375,-9.071686744689941,-8.090946197509766,-6.617220401763916,-6.7054123878479,-7.847226142883301,-9.051654815673828,-9.421197891235352,-9.514228820800781,-9.626364707946777,-10.481128692626953,-9.923685073852539,-8.194550514221191,-6.225064754486084,-5.716740131378174,-7.226945877075195,-8.801111221313477,-9.085347175598145,-9.482090950012207,-8.865596771240234,-8.503386497497559,-8.509096145629883,-7.625392913818359,-5.734869956970215,-5.518573760986328,-8.34581470489502,-8.590306282043457,-8.440556526184082,-7.833383560180664,-7.741372585296631,-6.971060276031494,-6.32151985168457
-10.214384078979492,-9.389056205749512,-8.633482933044434,-8.41525650024414,-8.832261085510254,-9.63742446899414,-10.673918724060059,-11.510724067687988,-11.734508514404297,-11.30352783203125,-10.314348220825195,-9.370094299316406,-8.94845199584961,-9.142378807067871,-9.447550773620605,-8.602190971374512,-7.1546244621276855,-7.362572193145752,-8.68152904510498,-9.427264213562012,-9.479331970214844,-9.807814598083496,-10.45212173461914,-10.872787475585938,-10.034674644470215,-8.171111106872559,-6.599994659423828,-6.911718368530273,-8.428689002990723,-9.662862777709961,-9.25456714630127,-8.65963077545166,-8.58962345123291,-8.39517593383789,-8.285440444946289,-7.906660556793213,-7.720226764678955,-8.582167625427246,-8.820686340332031,-8.408105850219727,-8.31722354888916,-7.398784637451172,-6.663908958435059,-6.435245990753174,-6.6116461753845215
-9.85759449005127,-9.249673843383789,-8.472745895385742,-8.183381080627441,-8.949920654296875,-10.24788761138916,-11.173529624938965,-11.35056209564209,-11.273463249206543,-11.383419036865234,-11.33607006072998,-10.886392593383789,-10.171995162963867,-9.572054862976074,-9.286270141601562,-8.793911933898926,-8.21393871307373,-8.706106185913086,-9.775734901428223,-9.86792278289795,-9.55324649810791,-9.75566577911377,-10.064573287963867,-9.710236549377441,-8.763386726379395,-7.979874134063721,-7.729552745819092,-8.599936485290527,-9.960636138916016,-10.154932975769043,-9.05192756652832,-8.192861557006836,-8.21450138092041,-8.501486778259277,-8.37752628326416,-8.614961624145508,-8.775994300842285,-8.290197372436523,-8.972456932067871,-7.95750617980957,-7.091783046722412,-6.931294918060303,-6.487030982971191,-6.184990882873535,-6.620090961456299
-9.315309524536133,-8.606122970581055,-7.8349833488464355,-7.606791973114014,-8.46759033203125,-9.992834091186523,-10.99442195892334,-11.049834251403809,-11.029513359069824,-11.530037879943848,-12.073774337768555,-12.102158546447754,-11.687400817871094,-11.184524536132812,-10.738107681274414,-10.11354923248291,-9.66300106048584,-10.107781410217285,-10.522982597351074,-9.994048118591309,-9.524064064025879,-9.588788986206055,-9.423120498657227,-8.788119316101074,-8.040346145629883,-8.043768882751465,-8.871872901916504,-10.023737907409668,-10.782183647155762,-10.413480758666992,-9.28111457824707,-8.567723274230957,-8.48023796081543,-8.376134872436523,-8.331833839416504,-9.016368865966797,-9.345379829406738,-8.689655303955078,-8.517895698547363,-8.487645149230957,-7.818027019500732,-7.549347400665283,-6.875309467315674,-6.385342597961426,-6.832213878631592
-8.475341796875,-7.956860065460205,-7.514924049377441,-7.49246072769165,-8.200620651245117,-9.5562744140625,-10.759003639221191,-11.20979118347168,-11.341317176818848,-11.649253845214844,-11.921198844909668,-11.956914901733398,-11.91209888458252,-11.861371040344238,-11.731610298156738,-11.51906967163086,-11.267449378967285,-11.200761795043945,-10.991504669189453,-10.310274124145508,-9.667871475219727,-9.323348999023438,-8.834624290466309,-8.127182006835938,-7.656804084777832,-8.200467109680176,-9.520563125610352,-10.503809928894043,-10.6983642578125,-10.353802680969238,-9.94601821899414,-9.514459609985352,-9.063407897949219,-8.845234870910645,-8.964966773986816,-9.253152847290039,-9.554281234741211,-9.16174030303955,-8.637248039245605,-8.778959274291992,-9.204800605773926,-8.963526725769043,-7.954970359802246,-8.10367202758789,-8.682497024536133
-7.876060962677002,-8.062373161315918,-8.436071395874023,-8.703930854797363,-9.22150707244873,-10.356273651123047,-11.576279640197754,-12.091349601745605,-11.964606285095215,-11.635236740112305,-11.411599159240723,-11.522261619567871,-12.08926773071289,-12.757511138916016,-13.013996124267578,-12.842206954956055,-12.414732933044434,-12.088821411132812,-11.968000411987305,-11.528416633605957,-10.692458152770996,-9.858851432800293,-8.987555503845215,-8.006185531616211,-7.730949401855469,-8.488950729370117,-9.377519607543945,-9.859480857849121,-10.0059814453125,-9.788665771484375,-9.57442569732666,-9.791487693786621,-10.544156074523926,-11.295042037963867,-11.22917652130127,-10.38580322265625,-9.835002899169922,-9.832571029663086,-9.653043746948242,-9.605112075805664,-10.229639053344727,-10.409652709960938,-10.385635375976562,-10.779996871948242,-10.800870895385742
-7.818127155303955,-8.523120880126953,-9.611344337463379,-10.319993019104004,-10.708789825439453,-11.585698127746582,-12.7637300491333,-13.142257690429688,-12.63509464263916,-11.929935455322266,-11.453668594360352,-11.509632110595703,-12.188148498535156,-12.987473487854004,-13.398201942443848,-13.362082481384277,-13.125069618225098,-13.008306503295898,-13.076906204223633,-12.868138313293457,-12.10998821258545,-11.145435333251953,-10.083524703979492,-9.01945972442627,-8.61126708984375,-8.716387748718262,-8.57785415649414,-8.452332496643066,-8.721936225891113,-9.067992210388184,-9.550203323364258,-10.951878547668457,-12.978721618652344,-14.115673065185547,-13.532868385314941,-12.27379035949707,-11.736518859863281,-12.073179244995117,-11.844738006591797,-11.163808822631836,-11.506110191345215,-12.466736793518066,-12.988933563232422,-12.915644645690918,-13.021076202392578
-8.443073272705078,-9.490738868713379,-10.704294204711914,-11.389690399169922,-11.658991813659668,-12.30703067779541,-13.245621681213379,-13.607962608337402,-13.136249542236328,-12.30685043334961,-11.696707725524902,-11.668360710144043,-12.172643661499023,-12.901308059692383,-13.444600105285645,-13.52411937713623,-13.325438499450684,-13.22220516204834,-13.292333602905273,-13.289935111999512,-12.981959342956543,-12.43784236907959,-11.701355934143066,-10.852086067199707,-10.220230102539062,-9.623003959655762,-8.745096206665039,-8.082557678222656,-8.304312705993652,-9.416961669921875,-11.285612106323242,-13.430708885192871,-14.67983341217041,-14.875714302062988,-14.600109100341797,-14.362564086914062,-14.492837905883789,-14.292529106140137,-13.460960388183594,-12.900367736816406,-13.356606483459473,-14.375245094299316,-14.81196117401123,-14.856744766235352,-15.316131591796875
-8.703514099121094,-9.589590072631836,-10.786700248718262,-11.726997375488281,-12.146278381347656,-12.58029842376709,-13.195771217346191,-13.543951034545898,-13.355074882507324,-12.811004638671875,-12.324763298034668,-12.243393898010254,-12.555822372436523,-13.080869674682617,-13.490097045898438,-13.543931007385254,-13.358034133911133,-13.281079292297363,-13.366990089416504,-13.350110054016113,-13.209165573120117,-13.061227798461914,-12.957799911499023,-12.738981246948242,-12.211310386657715,-11.263435363769531,-10.116543769836426,-9.433457374572754,-9.812875747680664,-11.14252758026123,-12.885270118713379,-14.436127662658691,-15.142261505126953,-15.084606170654297,-14.962706565856934,-15.254500389099121,-15.559377670288086,-15.072754859924316,-14.429930686950684,-14.608870506286621,-15.247679710388184,-15.775182723999023,-15.837126731872559,-16.178630828857422,-16.691865921020508
-8.612936973571777,-9.093476295471191,-10.114346504211426,-11.440489768981934,-12.343587875366211,-12.766767501831055,-13.080137252807617,-13.332599639892578,-13.343633651733398,-13.168469429016113,-13.048405647277832,-13.119680404663086,-13.277665138244629,-13.426037788391113,-13.587475776672363,-13.628231048583984,-13.531608581542969,-13.513823509216309,-13.62366771697998,-13.616154670715332,-13.477453231811523,-13.437782287597656,-13.721766471862793,-14.208337783813477,-14.254241943359375,-13.499490737915039,-12.367762565612793,-11.719090461730957,-12.035455703735352,-12.941433906555176,-13.897302627563477,-14.93832778930664,-15.723999977111816,-15.765556335449219,-15.54206371307373,-15.525856018066406,-15.619657516479492,-15.38512897491455,-15.20923900604248,-15.827576637268066,-16.748924255371094,-17.230058670043945,-17.278173446655273,-17.66887092590332,-18.08192253112793
-8.536758422851562,-8.816657066345215,-9.45117473602295,-10.585081100463867,-11.653251647949219,-12.372884750366211,-12.888944625854492,-13.25129508972168,-13.410980224609375,-13.45297622680664,-13.465432167053223,-13.446514129638672,-13.399767875671387,-13.385282516479492,-13.487561225891113,-13.66321086883545,-13.73574447631836,-13.808252334594727,-13.947115898132324,-14.078865051269531,-14.1001558303833,-14.176204681396484,-14.617420196533203,-15.430012702941895,-15.936427116394043,-15.534430503845215,-14.548083305358887,-13.841085433959961,-13.814842224121094,-14.150217056274414,-14.641203880310059,-15.491496086120605,-16.40209197998047,-16.691608428955078,-16.39952850341797,-16.072280883789062,-16.012699127197266,-16.12151336669922,-16.351661682128906,-17.009485244750977,-17.917749404907227,-18.444950103759766,-18.548725128173828,-18.79534339904785,-19.10114860534668
-8.551278114318848,-8.879340171813965,-9.09916877746582,-9.762696266174316,-10.689568519592285,-11.630270004272461,-12.490264892578125,-13.170534133911133,-13.580775260925293,-13.810239791870117,-13.813579559326172,-13.527244567871094,-13.153059005737305,-12.991582870483398,-13.147197723388672,-13.559172630310059,-14.095383644104004,-14.568780899047852,-14.839900970458984,-14.938401222229004,-14.926458358764648,-15.084171295166016,-15.706924438476562,-16.52504539489746,-16.762298583984375,-16.075733184814453,-14.994460105895996,-14.288223266601562,-14.314878463745117,-14.83166790008545,-15.550553321838379,-16.36320686340332,-17.08234977722168,-17.341711044311523,-17.055166244506836,-16.779144287109375,-16.866636276245117,-17.200857162475586,-17.77517318725586,-18.530553817749023,-19.023578643798828,-19.073875427246094,-19.01675033569336,-19.22791862487793,-19.456764221191406
-8.47487735748291,-8.808403968811035,-8.951056480407715,-9.479619979858398,-10.3474760055542,-11.222012519836426,-11.962308883666992,-12.674936294555664,-13.3776216506958,-13.912760734558105,-14.026641845703125,-13.67733383178711,-13.205251693725586,-12.914215087890625,-12.908987045288086,-13.293919563293457,-14.140918731689453,-15.086854934692383,-15.636578559875488,-15.64575481414795,-15.483768463134766,-15.760648727416992,-16.651935577392578,-17.376590728759766,-17.137325286865234,-16.09696388244629,-14.996582984924316,-14.438250541687012,-14.6748046875,-15.481738090515137,-16.450218200683594,-17.173877716064453,-17.487241744995117,-17.539989471435547,-17.450178146362305,-17.515304565429688,-17.8070068359375,-18.173730850219727,-18.832944869995117,-19.653501510620117,-20.004642486572266,-19.762744903564453,-19.437957763671875,-19.401527404785156,-19.365068435668945
-8.424286842346191,-8.904847145080566,-9.206944465637207,-9.691756248474121,-10.5255126953125,-11.30257797241211,-11.873438835144043,-12.381314277648926,-13.03438663482666,-13.706101417541504,-14.008407592773438,-13.795536994934082,-13.40386962890625,-13.094391822814941,-12.922537803649902,-13.123181343078613,-13.939072608947754,-15.140035629272461,-15.972305297851562,-15.985794067382812,-15.629680633544922,-15.850570678710938,-16.91433334350586,-17.878637313842773,-17.820404052734375,-17.007070541381836,-16.211660385131836,-15.81764030456543,-15.740531921386719,-16.10474395751953,-16.98489761352539,-17.647626876831055,-17.73552703857422,-17.607803344726562,-17.84481430053711,-18.296167373657227,-18.636260986328125,-18.84929084777832,-19.243188858032227,-19.944622039794922,-20.54574203491211,-20.54652976989746,-20.14107322692871,-19.9462890625,-19.916860580444336
-8.778852462768555,-9.296346664428711,-9.730250358581543,-10.095699310302734,-10.78968334197998,-11.532988548278809,-12.157033920288086,-12.541949272155762,-12.898797988891602,-13.462762832641602,-13.873125076293945,-13.765654563903809,-13.427213668823242,-13.201072692871094,-13.12349796295166,-13.300116539001465,-13.960618019104004,-15.120685577392578,-16.117908477783203,-16.31484603881836,-15.857609748840332,-15.733477592468262,-16.68738555908203,-18.0603084564209,-18.53763771057129,-18.2155818939209,-17.909164428710938,-17.634801864624023,-17.167516708374023,-16.98249053955078,-17.499971389770508,-18.154434204101562,-18.106956481933594,-17.92922019958496,-18.22591209411621,-18.736469268798828,-19.045549392700195,-19.071928024291992,-19.0148983001709,-19.402833938598633,-20.245132446289062,-20.77262306213379,-20.674335479736328,-20.615144729614258,-20.787357330322266
-9.133919715881348,-9.653056144714355,-10.111445426940918,-10.492416381835938,-11.033510208129883,-11.75854778289795,-12.464394569396973,-12.733510971069336,-12.746201515197754,-13.02973747253418,-13.425870895385742,-13.440910339355469,-13.11701774597168,-12.911364555358887,-13.13066291809082,-13.625415802001953,-14.182883262634277,-14.943016052246094,-15.87479019165039,-16.359704971313477,-16.030860900878906,-15.637065887451172,-16.27078628540039,-17.720901489257812,-18.48248863220215,-18.381574630737305,-18.59247589111328,-19.031444549560547,-18.503190994262695,-17.872957229614258,-18.109344482421875,-18.632455825805664,-18.61536407470703,-18.37725067138672,-18.493436813354492,-18.867996215820312,-19.132732391357422,-18.94093894958496,-18.47604751586914,-18.518360137939453,-19.345483779907227,-20.309858322143555,-20.820720672607422,-21.069448471069336,-21.22890853881836
-9.156943321228027,-9.66540813446045,-10.218233108520508,-10.76235580444336,-11.429536819458008,-12.14534854888916,-12.647793769836426,-12.707906723022461,-12.421923637390137,-12.325478553771973,-12.625716209411621,-12.8734130859375,-12.627938270568848,-12.315872192382812,-12.699350357055664,-13.589982986450195,-14.28171157836914,-14.787739753723145,-15.492100715637207,-16.08453369140625,-16.01510238647461,-15.7227201461792,-16.147254943847656,-17.266462326049805,-17.91654396057129,-18.209632873535156,-19.133913040161133,-19.405010223388672,-18.776517868041992,-18.698532104492188,-18.486722946166992,-18.64356803894043,-18.882783889770508,-18.841352462768555,-18.90667724609375,-19.072702407836914,-19.1822509765625,-18.865005493164062,-18.152244567871094,-17.762147903442383,-18.23799705505371,-19.367908477783203,-20.441123962402344,-21.037405014038086,-21.091876983642578
-9.24243450164795,-9.374062538146973,-9.925331115722656,-10.67082405090332,-11.495809555053711,-12.262332916259766,-12.598428726196289,-12.506128311157227,-12.042999267578125,-11.619836807250977,-11.728017807006836,-12.104455947875977,-12.098800659179688,-11.825953483581543,-12.062457084655762,-12.92525863647461,-13.785533905029297,-14.373038291931152,-14.960387229919434,-15.516016960144043,-15.681792259216309,-15.663999557495117,-16.10698127746582,-16.850996017456055,-17.10371971130371,-17.992795944213867,-19.92155647277832,-19.105337142944336,-18.219236373901367,-19.002214431762695,-18.67339324951172,-18.503528594970703,-18.924774169921875,-19.195453643798828,-19.343734741210938,-19.4058895111084,-19.388566970825195,-19.048158645629883,-18.331754684448242,-17.71129608154297,-17.755584716796875,-18.611644744873047,-19.744522094726562,-20.44972038269043,-20.571617126464844
-9.40368938446045,-9.23631763458252,-9.634294509887695,-10.330257415771484,-11.133155822753906,-11.819075584411621,-12.101478576660156,-12.007405281066895,-11.60184097290039,-11.109084129333496,-10.954726219177246,-11.209334373474121,-11.475082397460938,-11.47270679473877,-11.53543758392334,-12.045791625976562,-12.804951667785645,-13.550785064697266,-14.225614547729492,-14.769506454467773,-15.090035438537598,-15.216922760009766,-15.619540214538574,-16.413278579711914,-16.729228973388672,-17.24954605102539,-19.413677215576172,-19.522037506103516,-17.968469619750977,-18.67368507385254,-18.92801284790039,-18.61795997619629,-18.96552276611328,-19.39780616760254,-19.72285270690918,-19.812896728515625,-19.676910400390625,-19.39944076538086,-18.89442253112793,-18.27712631225586,-17.89421272277832,-18.089693069458008,-18.7735595703125,-19.43674659729004,-19.777568817138672
-9.502528190612793,-9.395591735839844,-9.552765846252441,-10.069232940673828,-10.715349197387695,-11.231743812561035,-11.431253433227539,-11.355371475219727,-10.957911491394043,-10.496076583862305,-10.20770263671875,-10.300125122070312,-10.745623588562012,-11.029281616210938,-11.153214454650879,-11.387892723083496,-11.855796813964844,-12.5671968460083,-13.283008575439453,-13.902009963989258,-14.351175308227539,-14.483101844787598,-14.641072273254395,-15.432299613952637,-16.543010711669922,-17.307167053222656,-18.095197677612305,-18.575693130493164,-17.78721809387207,-18.518033981323242,-19.343788146972656,-18.799238204956055,-18.737092971801758,-19.15284538269043,-19.702625274658203,-20.07130241394043,-19.8083438873291,-19.289087295532227,-18.861713409423828,-18.543554306030273,-18.103601455688477,-17.7169246673584,-17.812524795532227,-18.36380386352539,-18.94109535217285
