data/wind_data/wind_27_2.json
{"header": {"parameterUnit": "KT", "parameterCategory": 2, "nx": 256, "ny": 198, "lo1": 44.73521041870117, "la1": -3.236724853515625, "lo2": 111.26478576660156, "la2": 43.468475341796875, "dx": 0.2609002888202667, "dy": -0.23708222806453705, "refTime": "2025-02-20 03:00:00", "forecastTime": 0, "parameterNumber": 2, "parameterNumberName": "eastward_wind"}, "data":
[rows 57 to 75 of 198, columns 129 to 171 of 256]
-11.360807418823242,-8.933269500732422,-6.431591987609863,-8.101579666137695,-8.224319458007812,-5.741290092468262,-4.6452956199646,-8.719980239868164,-7.057723045349121,-9.644457817077637,-11.462271690368652,-11.151471138000488,-11.62148666381836,-13.67011547088623,-12.767539024353027,-11.94664478302002,-11.9461669921875,-12.091050148010254,-11.771449089050293,-12.04664421081543,-12.865571975708008,-12.47068977355957,-11.602557182312012,-10.343000411987305,-9.683809280395508,-9.284736633300781,-9.850205421447754,-11.150729179382324,-10.7638521194458,-11.38132381439209,-11.58998966217041,-10.651591300964355,-10.420955657958984,-9.82851791381836,-10.518704414367676,-11.235786437988281,-10.9791898727417,-10.890820503234863,-11.309059143066406,-10.896411895751953,-11.217875480651855,-10.671018600463867,-10.93946647644043
-11.644383430480957,-9.932004928588867,-6.774641990661621,-7.068005084991455,-9.539613723754883,-7.019202709197998,-0.911812961101532,-6.3179707527160645,-9.992082595825195,-9.31955623626709,-12.202916145324707,-11.908875465393066,-12.94007396697998,-13.972150802612305,-14.197320938110352,-13.303260803222656,-14.419438362121582,-14.446228981018066,-13.728012084960938,-13.059845924377441,-11.963777542114258,-10.102466583251953,-9.934131622314453,-10.323006629943848,-8.834230422973633,-7.984336853027344,-10.499472618103027,-10.41520881652832,-9.53089427947998,-10.055306434631348,-11.510092735290527,-11.166434288024902,-10.755844116210938,-10.154515266418457,-9.926810264587402,-9.795753479003906,-10.31242847442627,-10.435439109802246,-10.857704162597656,-10.787787437438965,-10.83914566040039,-10.56117057800293,-10.36266040802002
-9.05575942993164,-8.537538528442383,-6.547817707061768,-6.248080730438232,-8.627837181091309,-8.044917106628418,-4.93667459487915,-3.740400552749634,-9.646156311035156,-9.311347961425781,-11.370599746704102,-12.75896167755127,-13.576132774353027,-14.181985855102539,-13.9879150390625,-13.463516235351562,-14.523782730102539,-15.681310653686523,-15.516600608825684,-13.27769660949707,-10.441678047180176,-9.933761596679688,-10.343442916870117,-9.4347505569458,-10.10056209564209,-10.428086280822754,-8.72398853302002,-8.217880249023438,-11.155624389648438,-11.66109561920166,-10.154805183410645,-9.993969917297363,-11.921306610107422,-10.917210578918457,-9.340087890625,-8.622062683105469,-9.239402770996094,-9.77643871307373,-10.295553207397461,-10.605122566223145,-10.45057487487793,-10.178750991821289,-9.989298820495605
-7.262330055236816,-8.5278902053833,-8.705355644226074,-7.151768207550049,-8.034131050109863,-8.622444152832031,-6.85007381439209,-2.0011842250823975,-6.798676013946533,-9.921504020690918,-11.108403205871582,-13.582497596740723,-14.129803657531738,-13.875716209411621,-13.403331756591797,-13.054816246032715,-14.053189277648926,-15.054243087768555,-13.967248916625977,-12.846487045288086,-11.744239807128906,-10.454440116882324,-10.160667419433594,-8.39713191986084,-9.026394844055176,-9.938599586486816,-9.297698974609375,-10.079398155212402,-8.838672637939453,-9.21583080291748,-9.759422302246094,-9.7016019821167,-11.06859016418457,-9.494596481323242,-9.191211700439453,-8.393081665039062,-8.293318748474121,-8.760892868041992,-9.59772777557373,-10.124746322631836,-10.248067855834961,-10.044707298278809,-9.754156112670898
-8.637535095214844,-9.791450500488281,-10.069445610046387,-8.267457962036133,-7.556957721710205,-8.798664093017578,-7.498290061950684,-3.1335198879241943,-5.444742679595947,-7.892398357391357,-12.519734382629395,-12.410319328308105,-13.555852890014648,-13.818792343139648,-12.860160827636719,-11.504934310913086,-11.960053443908691,-12.803689956665039,-12.145833015441895,-11.284769058227539,-11.413575172424316,-11.477413177490234,-10.423293113708496,-9.377689361572266,-9.415401458740234,-9.566315650939941,-9.551891326904297,-9.467159271240234,-9.287487983703613,-9.809536933898926,-10.248618125915527,-10.671311378479004,-8.596551895141602,-8.855366706848145,-8.716975212097168,-8.362916946411133,-8.223849296569824,-7.459158420562744,-8.60595989227295,-9.099390029907227,-9.569787979125977,-9.5187349319458,-9.31529712677002
-11.402770042419434,-10.01140308380127,-9.360291481018066,-8.208592414855957,-7.2283525466918945,-8.187616348266602,-8.883186340332031,-7.6524176597595215,-5.014618396759033,-6.218301773071289,-12.04914665222168,-11.826709747314453,-12.416677474975586,-13.888359069824219,-13.67553424835205,-12.143839836120605,-12.143941879272461,-13.108826637268066,-12.947155952453613,-12.239834785461426,-11.211709976196289,-9.768031120300293,-9.523908615112305,-9.425980567932129,-9.032917022705078,-9.563751220703125,-9.158589363098145,-9.20867919921875,-9.691215515136719,-10.073464393615723,-9.383008003234863,-9.382319450378418,-9.980501174926758,-8.842121124267578,-9.019068717956543,-8.50748348236084,-7.83315372467041,-6.744889259338379,-7.5940070152282715,-7.963850021362305,-8.434439659118652,-8.549051284790039,-8.476605415344238
-13.718401908874512,-12.045169830322266,-10.388092041015625,-9.216684341430664,-8.270187377929688,-8.922840118408203,-10.345765113830566,-10.375288009643555,-6.1867756843566895,-7.457522392272949,-10.3168306350708,-11.597334861755371,-11.545849800109863,-13.333558082580566,-13.39689826965332,-13.71565055847168,-13.760571479797363,-14.156930923461914,-14.019827842712402,-13.576611518859863,-11.862512588500977,-9.759918212890625,-9.1824951171875,-9.60732364654541,-9.144309997558594,-9.72489070892334,-10.400911331176758,-9.588916778564453,-8.341902732849121,-9.967207908630371,-10.338798522949219,-9.848499298095703,-9.324164390563965,-8.690555572509766,-9.035170555114746,-8.417229652404785,-7.34124755859375,-6.8953776359558105,-6.662888526916504,-6.911993503570557,-7.196444511413574,-7.383677005767822,-7.315009117126465
-14.23711109161377,-13.607769012451172,-12.477277755737305,-11.172508239746094,-10.19327449798584,-10.300749778747559,-10.947959899902344,-11.694644927978516,-10.127354621887207,-9.02115249633789,-9.83347225189209,-11.103789329528809,-11.126578330993652,-12.199825286865234,-12.434974670410156,-12.805831909179688,-13.779072761535645,-13.463178634643555,-12.819964408874512,-13.37517261505127,-11.901909828186035,-10.621648788452148,-9.908857345581055,-9.45144271850586,-9.093792915344238,-10.205061912536621,-10.38443374633789,-10.17492389678955,-11.527252197265625,-10.539993286132812,-8.673537254333496,-9.4037446975708,-9.847783088684082,-9.479069709777832,-8.126252174377441,-9.388492584228516,-8.64867115020752,-6.695364475250244,-6.364206314086914,-6.042898654937744,-6.083230495452881,-6.227578639984131,-6.175451278686523
-13.25821590423584,-13.45270824432373,-13.17633056640625,-12.512337684631348,-11.46532917022705,-10.903951644897461,-11.107550621032715,-12.35345458984375,-12.151501655578613,-10.869853019714355,-10.68466567993164,-10.785856246948242,-11.469766616821289,-11.589459419250488,-11.627918243408203,-10.728362083435059,-11.520753860473633,-11.67160415649414,-11.658364295959473,-12.127782821655273,-11.911723136901855,-11.24609375,-10.166339874267578,-9.21120834350586,-9.072793960571289,-9.806281089782715,-10.927717208862305,-11.510224342346191,-10.77647876739502,-8.533957481384277,-8.367480278015137,-10.640451431274414,-10.758593559265137,-8.312307357788086,-9.009912490844727,-11.845259666442871,-8.727335929870605,-7.0739641189575195,-6.688279151916504,-5.705770015716553,-5.2743144035339355,-5.188508033752441,-5.149935722351074
-13.059814453125,-13.15692138671875,-12.827672958374023,-12.339581489562988,-11.790933609008789,-11.01628589630127,-11.14221477508545,-12.520956993103027,-12.642828941345215,-11.388653755187988,-11.4819917678833,-11.506221771240234,-11.537759780883789,-11.416714668273926,-11.66357707977295,-10.9269380569458,-9.747642517089844,-10.566008567810059,-11.26210880279541,-11.307379722595215,-11.49332332611084,-11.353199005126953,-10.519002914428711,-9.416630744934082,-9.142929077148438,-10.037055015563965,-11.834239959716797,-11.051283836364746,-8.002001762390137,-7.612133026123047,-10.849270820617676,-13.25400161743164,-10.990043640136719,-7.784744739532471,-8.857992172241211,-11.720136642456055,-9.201871871948242,-7.641294956207275,-7.424271106719971,-6.037521839141846,-4.973757743835449,-4.404500961303711,-4.388193130493164
-12.012959480285645,-12.054293632507324,-11.995306968688965,-11.547685623168945,-11.214653015136719,-10.818771362304688,-11.247214317321777,-12.401567459106445,-12.695355415344238,-11.070541381835938,-11.396875381469727,-11.48999309539795,-11.38498306274414,-11.531923294067383,-11.748397827148438,-11.502312660217285,-10.563153266906738,-10.6244535446167,-10.964973449707031,-11.03908920288086,-11.142114639282227,-11.174604415893555,-10.718123435974121,-9.776354789733887,-9.153820037841797,-9.769027709960938,-10.57369327545166,-10.423299789428711,-11.509513854980469,-11.811643600463867,-11.19629192352295,-10.298192977905273,-9.129870414733887,-9.298673629760742,-9.523489952087402,-9.81856632232666,-8.994353294372559,-7.874663829803467,-8.002260208129883,-6.717935085296631,-5.192895889282227,-4.299415111541748,-3.6912529468536377
-8.146220207214355,-8.986001014709473,-9.45233154296875,-9.385457038879395,-9.71197509765625,-10.074170112609863,-11.017327308654785,-12.210777282714844,-12.601827621459961,-10.460490226745605,-11.076985359191895,-10.984071731567383,-11.063959121704102,-11.484588623046875,-11.7000732421875,-11.598158836364746,-11.50041389465332,-11.218655586242676,-10.997156143188477,-10.927350044250488,-11.05698013305664,-11.186572074890137,-10.946165084838867,-10.028913497924805,-9.05925178527832,-9.395132064819336,-11.12633991241455,-12.714624404907227,-13.132111549377441,-11.8754243850708,-10.34125804901123,-10.331457138061523,-10.450650215148926,-9.247956275939941,-9.11058521270752,-10.092795372009277,-8.699634552001953,-7.523186206817627,-9.144269943237305,-7.975330352783203,-5.56105899810791,-4.599088191986084,-3.4914207458496094
-5.307727336883545,-6.787531852722168,-7.631571292877197,-7.382769584655762,-8.33060359954834,-9.14699935913086,-10.461403846740723,-11.84674072265625,-12.116045951843262,-9.683356285095215,-10.375589370727539,-10.383137702941895,-10.453224182128906,-10.917275428771973,-11.293652534484863,-11.49868106842041,-11.576902389526367,-11.435340881347656,-11.190999031066895,-11.017447471618652,-11.04908561706543,-11.141030311584473,-11.031002044677734,-10.431004524230957,-9.606424331665039,-9.599824905395508,-11.033377647399902,-12.77589225769043,-13.112824440002441,-11.11767292022705,-8.876636505126953,-10.339101791381836,-12.067121505737305,-11.642047882080078,-11.896421432495117,-10.472208023071289,-8.02314281463623,-8.280104637145996,-9.892486572265625,-8.08491325378418,-6.191221714019775,-5.374579429626465,-3.6361684799194336
-4.426587104797363,-6.678892612457275,-6.750822067260742,-6.642452716827393,-7.500242233276367,-8.46298885345459,-9.695162773132324,-10.988688468933105,-11.296947479248047,-9.150358200073242,-8.973737716674805,-9.458627700805664,-9.588449478149414,-10.057151794433594,-10.587861061096191,-11.060724258422852,-11.258642196655273,-11.27001667022705,-11.189428329467773,-11.049869537353516,-10.997713088989258,-10.999836921691895,-10.963102340698242,-10.81144905090332,-10.371119499206543,-9.790178298950195,-9.936491012573242,-11.026958465576172,-11.71504020690918,-11.052746772766113,-11.616209030151367,-13.09718132019043,-11.004989624023438,-10.253707885742188,-11.57570743560791,-10.573872566223145,-8.152080535888672,-8.196044921875,-9.859955787658691,-8.575098037719727,-6.740427017211914,-6.277504920959473,-4.398946285247803
-3.8828072547912598,-6.841083526611328,-7.00700044631958,-6.621426582336426,-6.982574462890625,-7.801194667816162,-8.727083206176758,-9.81201457977295,-10.127511024475098,-8.380719184875488,-7.806262016296387,-8.167170524597168,-8.35071849822998,-8.876904487609863,-9.569156646728516,-10.330467224121094,-10.724221229553223,-10.828545570373535,-10.929027557373047,-10.967211723327637,-10.925676345825195,-10.866543769836426,-10.834455490112305,-10.8607816696167,-10.775334358215332,-10.34056282043457,-9.740741729736328,-9.596624374389648,-10.659150123596191,-12.079499244689941,-12.141533851623535,-12.040337562561035,-12.085135459899902,-12.020984649658203,-9.967511177062988,-9.959334373474121,-10.053707122802734,-9.9209623336792,-9.33917236328125,-7.765456676483154,-7.704588890075684,-6.879864692687988,-5.649037837982178
-2.1933860778808594,-6.417769908905029,-7.206227779388428,-6.158567905426025,-6.214295864105225,-6.656594276428223,-7.760141372680664,-9.068818092346191,-8.337926864624023,-7.669726848602295,-7.260666847229004,-6.945625305175781,-7.135055065155029,-7.4905781745910645,-8.156428337097168,-9.14315128326416,-9.913725852966309,-10.18479061126709,-10.39592456817627,-10.679139137268066,-10.81676959991455,-10.774847030639648,-10.696980476379395,-10.69822883605957,-10.737704277038574,-10.639233589172363,-10.160128593444824,-9.409436225891113,-9.231080055236816,-10.217013359069824,-11.274168968200684,-11.595683097839355,-11.609889030456543,-11.397855758666992,-10.447892189025879,-9.6582612991333,-9.935017585754395,-10.312067985534668,-9.778810501098633,-8.492999076843262,-7.53525972366333,-7.585240840911865,-6.831869125366211
-1.643357515335083,-5.7391037940979,-7.267446994781494,-5.253757476806641,-4.946436882019043,-5.40305233001709,-6.45851469039917,-8.084770202636719,-6.846244812011719,-6.061227798461914,-6.131692886352539,-6.154371738433838,-5.794804096221924,-5.949803352355957,-6.630335330963135,-7.665546417236328,-8.570161819458008,-9.234047889709473,-9.653563499450684,-10.121386528015137,-10.505990982055664,-10.607656478881836,-10.523346900939941,-10.447746276855469,-10.477170944213867,-10.510583877563477,-10.327093124389648,-9.89535903930664,-9.455794334411621,-9.35934066772461,-9.53738021850586,-9.96489429473877,-10.216638565063477,-10.290102005004883,-10.108099937438965,-9.897271156311035,-10.103915214538574,-10.573616027832031,-10.507953643798828,-9.73062515258789,-8.437009811401367,-7.839533805847168,-7.762378215789795
-2.504477024078369,-4.760679721832275,-6.046896934509277,-5.22539758682251,-4.078973770141602,-4.1907572746276855,-5.112259864807129,-6.758758544921875,-6.737807750701904,-5.255552291870117,-5.268425464630127,-4.9056925773620605,-4.647547721862793,-5.048266887664795,-5.430431365966797,-5.924320697784424,-6.8643059730529785,-7.805551052093506,-8.668474197387695,-9.37528133392334,-9.91329288482666,-10.23381233215332,-10.27780818939209,-10.152195930480957,-10.067228317260742,-10.113306999206543,-10.137652397155762,-10.034516334533691,-9.708654403686523,-9.348837852478027,-9.303117752075195,-9.288613319396973,-8.843360900878906,-8.486303329467773,-9.321167945861816,-10.017855644226074,-10.308984756469727,-10.946063995361328,-11.20888614654541,-10.570655822753906,-9.138747215270996,-8.413626670837402,-8.369330406188965
-2.4043421745300293,-2.746159553527832,-5.105167388916016,-4.58243989944458,-3.1333365440368652,-2.8660597801208496,-3.8328607082366943,-5.760863780975342,-4.453233242034912,-3.7401039600372314,-3.4827992916107178,-4.09929895401001,-3.4828455448150635,-3.291968822479248,-3.6817710399627686,-4.686153411865234,-5.097049713134766,-6.114628791809082,-7.261195182800293,-8.354639053344727,-9.115765571594238,-9.542826652526855,-9.782690048217773,-9.829994201660156,-9.664739608764648,-9.596907615661621,-9.633736610412598,-9.6937255859375,-9.62628173828125,-9.398292541503906,-9.142877578735352,-8.881013870239258,-8.502525329589844,-8.386409759521484,-8.788808822631836,-9.351848602294922,-9.888885498046875,-10.639372825622559,-10.8577241897583,-10.177072525024414,-9.442736625671387,-9.082386016845703,-8.70409870147705
