data/wind_data/wind_56_5.json
{"header": {"parameterUnit": "KT", "parameterCategory": 2, "nx": 256, "ny": 198, "lo1": 44.73521041870117, "la1": -3.236724853515625, "lo2": 111.26478576660156, "la2": 43.468475341796875, "dx": 0.2609002888202667, "dy": -0.23708222806453705, "refTime": "2025-02-21 08:00:00", "forecastTime": 0, "parameterNumber": 2, "parameterNumberName": "eastward_wind"}, "data":
[rows 76 to 94 of 198, columns 88 to 131 of 256]
5.952280044555664,5.945430755615234,5.9919352531433105,6.123281955718994,6.326226711273193,6.602198600769043,6.969076156616211,7.339049339294434,7.539528846740723,7.411852836608887,6.928903579711914,6.393463134765625,6.229394435882568,6.525358200073242,6.825041770935059,6.829100608825684,7.11150598526001,7.925152778625488,8.442015647888184,8.565049171447754,8.697916030883789,8.616131782531738,9.55627155303955,9.678474426269531,10.754591941833496,12.503003120422363,12.494654655456543,11.446568489074707,10.674101829528809,10.652678489685059,11.101964950561523,11.56407642364502,11.8829345703125,11.91610050201416,11.799439430236816,11.64488410949707,11.528397560119629,11.648777961730957,11.989809036254883,12.448486328125,12.956131935119629,13.357906341552734,13.101434707641602,12.355490684509277
6.301437854766846,6.363762378692627,6.492746353149414,6.6492533683776855,6.821424961090088,7.063070774078369,7.392137050628662,7.724158763885498,7.954820156097412,7.961079120635986,7.653281211853027,7.159176826477051,6.776279926300049,6.847103118896484,7.256145477294922,7.5133490562438965,7.750163555145264,8.318751335144043,8.941460609436035,9.283855438232422,9.457500457763672,9.677705764770508,10.931126594543457,10.10323715209961,11.924653053283691,13.13252067565918,13.204336166381836,12.827199935913086,12.38516902923584,12.068029403686523,12.073705673217773,12.245316505432129,12.439970970153809,12.52704906463623,12.483587265014648,12.405921936035156,12.368623733520508,12.510189056396484,12.722764015197754,12.96205997467041,13.267656326293945,13.362454414367676,12.682488441467285,11.44209098815918
6.618686676025391,6.76376485824585,6.964560031890869,7.112335681915283,7.224942207336426,7.443726062774658,7.8104681968688965,8.2030611038208,8.48460578918457,8.56185245513916,8.442255973815918,8.109725952148438,7.640047550201416,7.403074741363525,7.660845756530762,8.131875038146973,8.55714225769043,8.908835411071777,9.276968002319336,9.616397857666016,9.717408180236816,10.6972017288208,11.934051513671875,11.771771430969238,13.263449668884277,13.882386207580566,13.887354850769043,14.142836570739746,14.215859413146973,13.833287239074707,13.37833309173584,12.989819526672363,12.720312118530273,12.668746948242188,12.778177261352539,12.943902015686035,13.176894187927246,13.43006420135498,13.550955772399902,13.729181289672852,13.809776306152344,13.28007698059082,12.235852241516113,10.804644584655762
7.049356937408447,7.280073165893555,7.5576491355896,7.678248882293701,7.671375751495361,7.795921325683594,8.155608177185059,8.653218269348145,9.079517364501953,9.218875885009766,9.151069641113281,8.948373794555664,8.5551176071167,8.164716720581055,8.121604919433594,8.502628326416016,9.113919258117676,9.558716773986816,9.75418758392334,10.027203559875488,10.402485847473145,12.18079948425293,11.028472900390625,12.99110221862793,14.741196632385254,15.044215202331543,14.840303421020508,15.123902320861816,15.266000747680664,15.053388595581055,14.70561408996582,14.139901161193848,13.552093505859375,13.192061424255371,13.083745002746582,13.137385368347168,13.303330421447754,13.563467025756836,13.916550636291504,14.336481094360352,14.421875953674316,13.528617858886719,11.958356857299805,10.418770790100098
7.696867942810059,7.99921178817749,8.293168067932129,8.359137535095215,8.245244026184082,8.236988067626953,8.492208480834961,8.998430252075195,9.551873207092285,9.841143608093262,9.786831855773926,9.585369110107422,9.298120498657227,8.963683128356934,8.77919864654541,8.945816993713379,9.518959045410156,10.15540599822998,10.529033660888672,10.782776832580566,11.502998352050781,12.73294734954834,11.154869079589844,13.90373706817627,16.172605514526367,16.30002784729004,15.904141426086426,15.746807098388672,15.588140487670898,15.5812406539917,15.629283905029297,15.446969032287598,15.035795211791992,14.66554069519043,14.403467178344727,14.065597534179688,13.770842552185059,13.796865463256836,14.250933647155762,14.625103950500488,14.476537704467773,13.85187816619873,12.297042846679688,10.51208209991455
8.526740074157715,8.878152847290039,9.113265037536621,9.081088066101074,8.897193908691406,8.808932304382324,8.955578804016113,9.360660552978516,9.894757270812988,10.328583717346191,10.41664981842041,10.209734916687012,9.941876411437988,9.720622062683105,9.62194538116455,9.694148063659668,10.129338264465332,10.863734245300293,11.499101638793945,11.739561080932617,11.986708641052246,12.188135147094727,13.159555435180664,15.75688362121582,17.756637573242188,17.62133026123047,16.909482955932617,16.35365867614746,15.945263862609863,15.894976615905762,15.9570951461792,16.063779830932617,16.158601760864258,16.22890853881836,16.169002532958984,15.725371360778809,15.100847244262695,14.67758846282959,14.545434951782227,14.340569496154785,14.007518768310547,13.90638542175293,13.28372859954834,11.520352363586426
9.45155143737793,9.758249282836914,9.893017768859863,9.796417236328125,9.60323715209961,9.502570152282715,9.581412315368652,9.819501876831055,10.189213752746582,10.6484375,10.976297378540039,10.971324920654297,10.721917152404785,10.534534454345703,10.557427406311035,10.654767036437988,10.944806098937988,11.609674453735352,12.295239448547363,12.642594337463379,12.910884857177734,12.699467658996582,15.172720909118652,17.765222549438477,19.13939094543457,18.763341903686523,17.944610595703125,17.286312103271484,16.822343826293945,16.528711318969727,16.24555015563965,16.157922744750977,16.46450424194336,16.851093292236328,16.86880874633789,16.59547996520996,16.164403915405273,15.62326431274414,14.837602615356445,14.015329360961914,13.616366386413574,13.621742248535156,13.473933219909668,12.274434089660645
10.35566234588623,10.52497673034668,10.524516105651855,10.416145324707031,10.29888916015625,10.254280090332031,10.322084426879883,10.435646057128906,10.578989028930664,10.843608856201172,11.266403198242188,11.63815975189209,11.682928085327148,11.506166458129883,11.489566802978516,11.677724838256836,11.857510566711426,12.272175788879395,12.89091682434082,13.45147705078125,14.172274589538574,14.25413703918457,16.692768096923828,19.279626846313477,20.15294647216797,19.74176597595215,19.03071403503418,18.480411529541016,18.1824951171875,17.743240356445312,17.10544776916504,16.734342575073242,16.755773544311523,16.724382400512695,16.43988037109375,16.19176483154297,16.095251083374023,15.846112251281738,15.140501976013184,14.346619606018066,14.003316879272461,13.74935531616211,13.19473648071289,12.165216445922852
11.10250473022461,11.151674270629883,11.081656455993652,10.982751846313477,10.945938110351562,10.9681978225708,11.05360221862793,11.150994300842285,11.203368186950684,11.256789207458496,11.50266170501709,11.966619491577148,12.405743598937988,12.5195894241333,12.398146629333496,12.4756498336792,12.647977828979492,12.784918785095215,13.255727767944336,14.067505836486816,14.904854774475098,15.778675079345703,18.10497283935547,20.45453643798828,20.977567672729492,20.60858726501465,20.087560653686523,19.617597579956055,19.35011100769043,18.997629165649414,18.60818862915039,18.304210662841797,17.74321174621582,16.829586029052734,15.957901954650879,15.492501258850098,15.33233642578125,15.13847827911377,14.82934856414795,14.59792423248291,14.397180557250977,14.004322052001953,13.279562950134277,12.245719909667969
11.712873458862305,11.72484016418457,11.720305442810059,11.66959285736084,11.619562149047852,11.611573219299316,11.654524803161621,11.731207847595215,11.84130859375,11.965453147888184,12.114362716674805,12.393351554870605,12.794072151184082,13.086180686950684,13.079450607299805,12.980768203735352,13.118690490722656,13.217536926269531,13.404973983764648,14.336286544799805,15.56330394744873,16.837507247924805,18.8909969329834,20.854969024658203,21.446319580078125,21.3458194732666,21.22173500061035,21.007783889770508,20.588218688964844,20.17041778564453,19.97429656982422,19.597209930419922,18.644136428833008,17.243730545043945,15.910140037536621,15.098060607910156,14.748611450195312,14.4963960647583,14.280903816223145,14.182278633117676,13.969869613647461,13.525599479675293,12.997993469238281,12.150949478149414
12.266592025756836,12.35476303100586,12.511892318725586,12.552786827087402,12.425318717956543,12.25944995880127,12.156291007995605,12.168566703796387,12.34345817565918,12.659649848937988,12.961807250976562,13.170994758605957,13.320233345031738,13.399312973022461,13.36059284210205,13.246720314025879,13.316530227661133,13.586323738098145,13.696632385253906,14.216242790222168,15.807316780090332,17.44493865966797,19.086881637573242,20.81117820739746,21.77239227294922,22.08319854736328,22.26997184753418,22.284404754638672,21.885791778564453,21.224735260009766,20.367816925048828,19.309064865112305,18.174489974975586,17.003999710083008,16.011667251586914,15.3707914352417,14.946670532226562,14.605472564697266,14.33831787109375,13.957474708557129,13.453407287597656,12.936288833618164,12.32155704498291,11.705195426940918
12.832347869873047,13.021900177001953,13.344536781311035,13.512810707092285,13.37254524230957,13.049116134643555,12.774927139282227,12.735045433044434,12.969156265258789,13.383837699890137,13.8248872756958,14.088319778442383,14.091226577758789,13.92028522491455,13.730563163757324,13.579936981201172,13.58388614654541,13.858429908752441,14.191902160644531,14.352410316467285,15.481588363647461,17.221668243408203,18.827457427978516,20.637510299682617,21.989370346069336,22.446640014648438,22.337247848510742,22.18491554260254,21.800697326660156,20.858444213867188,19.546274185180664,18.2824649810791,17.29178810119629,16.634769439697266,16.301258087158203,16.165420532226562,15.980862617492676,15.685600280761719,15.231208801269531,14.31186294555664,13.324379920959473,12.742717742919922,12.20399284362793,11.72364330291748
13.434887886047363,13.62779426574707,14.003701210021973,14.257372856140137,14.187361717224121,13.860296249389648,13.547164916992188,13.550009727478027,13.909361839294434,14.391593933105469,14.82494068145752,15.082925796508789,15.073288917541504,14.847442626953125,14.5683012008667,14.336297035217285,14.231884002685547,14.373927116394043,14.73865032196045,15.116676330566406,15.602079391479492,16.7663516998291,18.325544357299805,20.471586227416992,21.933130264282227,21.967586517333984,21.362751007080078,21.130308151245117,20.88823127746582,19.92232894897461,18.663833618164062,17.698396682739258,17.077394485473633,16.788381576538086,16.78310203552246,16.928091049194336,17.037769317626953,16.940628051757812,16.441938400268555,15.295087814331055,13.71198844909668,12.505838394165039,12.101869583129883,11.851924896240234
14.061410903930664,14.15928840637207,14.498844146728516,14.775520324707031,14.787652969360352,14.611148834228516,14.451530456542969,14.577726364135742,15.069631576538086,15.628150939941406,15.990856170654297,16.17374038696289,16.218524932861328,16.151531219482422,15.962040901184082,15.656323432922363,15.348353385925293,15.272223472595215,15.53906536102295,16.04087257385254,16.622562408447266,17.736541748046875,19.106796264648438,20.609899520874023,21.183433532714844,20.588830947875977,19.85987663269043,19.818078994750977,20.08258819580078,19.641809463500977,18.581043243408203,17.61756134033203,17.08405303955078,16.968568801879883,17.240375518798828,17.656461715698242,17.808032989501953,17.57470703125,17.042692184448242,16.347612380981445,14.906978607177734,12.87692928314209,11.67504596710205,11.341376304626465
14.722585678100586,14.72350788116455,15.039615631103516,15.357097625732422,15.46679401397705,15.487287521362305,15.558494567871094,15.795904159545898,16.273151397705078,16.78564453125,17.094097137451172,17.253772735595703,17.36728858947754,17.467544555664062,17.490453720092773,17.29250144958496,16.938312530517578,16.679569244384766,16.734968185424805,17.187002182006836,17.83283042907715,19.074392318725586,20.60365104675293,21.13418197631836,20.487701416015625,19.65485954284668,19.03095245361328,19.00699234008789,19.410860061645508,19.400514602661133,18.658546447753906,17.56654930114746,16.915605545043945,16.952402114868164,17.540672302246094,18.282989501953125,18.462114334106445,18.01614761352539,17.545053482055664,17.085439682006836,16.357635498046875,14.645492553710938,12.404417991638184,11.00481128692627
15.51732063293457,15.473973274230957,15.784588813781738,16.20024299621582,16.4774227142334,16.651445388793945,16.82205581665039,17.05325698852539,17.369380950927734,17.683889389038086,17.91275978088379,18.13698959350586,18.36823844909668,18.53449821472168,18.639419555664062,18.65581512451172,18.554203033447266,18.385562896728516,18.315631866455078,18.572893142700195,19.106889724731445,20.071016311645508,21.40144157409668,21.93722152709961,21.117185592651367,20.145517349243164,19.253896713256836,18.852983474731445,19.00140953063965,18.925989151000977,18.303037643432617,17.440414428710938,16.81704330444336,16.766082763671875,17.247982025146484,17.98097801208496,18.538877487182617,18.601388931274414,18.288776397705078,18.00415802001953,17.668575286865234,16.64718246459961,14.229594230651855,11.757421493530273
16.572338104248047,16.535995483398438,16.767066955566406,17.228872299194336,17.712915420532227,18.01845359802246,18.114694595336914,18.176298141479492,18.270965576171875,18.39997673034668,18.575605392456055,18.82781982421875,19.10646629333496,19.289817810058594,19.39829444885254,19.551572799682617,19.769861221313477,19.916118621826172,19.95662498474121,20.024795532226562,20.270593643188477,20.86663818359375,21.96851348876953,22.934673309326172,22.515357971191406,21.279407501220703,19.96074676513672,18.95124053955078,18.599233627319336,18.410980224609375,17.902267456054688,17.167909622192383,16.58642578125,16.262102127075195,16.340280532836914,16.8851375579834,17.685598373413086,18.358625411987305,18.530122756958008,18.583688735961914,18.52162742614746,18.019033432006836,16.004165649414062,13.191747665405273
17.845693588256836,17.824533462524414,17.89334487915039,18.282548904418945,18.881168365478516,19.291078567504883,19.300918579101562,19.133563995361328,19.03400993347168,19.109514236450195,19.317441940307617,19.613826751708984,19.866933822631836,19.96523666381836,20.00300407409668,20.20893669128418,20.622482299804688,21.063867568969727,21.39069366455078,21.56853675842285,21.699281692504883,21.89213752746582,22.471786499023438,23.358793258666992,23.435895919799805,22.219823837280273,20.680438995361328,19.52346420288086,18.893421173095703,18.507402420043945,17.887603759765625,17.087936401367188,16.403419494628906,15.7404203414917,15.375826835632324,15.833386421203613,16.802885055541992,17.67435073852539,18.200246810913086,18.439638137817383,18.48372459411621,18.565078735351562,17.811803817749023,15.247273445129395
19.128128051757812,19.101261138916016,19.0322208404541,19.28942108154297,19.852787017822266,20.298973083496094,20.32488250732422,20.055543899536133,19.839582443237305,19.894041061401367,20.289880752563477,20.82080078125,21.259199142456055,21.348989486694336,21.102567672729492,21.005048751831055,21.325489044189453,21.88340187072754,22.46654510498047,22.87906265258789,23.138362884521484,23.28268814086914,23.34920883178711,23.62684440612793,23.741182327270508,22.749940872192383,21.203577041625977,20.14741325378418,19.718727111816406,19.509817123413086,18.905845642089844,17.970064163208008,17.16057777404785,16.190412521362305,15.401158332824707,15.43761920928955,16.138105392456055,16.964414596557617,17.58890724182129,17.962923049926758,18.12993049621582,18.20913314819336,18.789527893066406,17.91049575805664
