data/wind_data/wind_2025-02-21_13.json
{"header": {"parameterUnit": "KT", "parameterCategory": 2, "nx": 255, "ny": 198, "lo1": 44.73521041870117, "la1": -3.236724853515625, "lo2": 111.26478576660156, "la2": 43.468475341796875, "dx": 0.26192745566368103, "dy": -0.23708222806453705, "refTime": "2025-02-21 13:00:00", "forecastTime": 0, "parameterNumber": 2, "parameterNumberName": "eastward_wind"}, "data":
[rows 152 to 170 of 198, columns 0 to 42 of 255]
6.291927814483643,7.482193946838379,8.294268608093262,6.3582377433776855,7.638565540313721,10.755910873413086,4.355656623840332,2.2615933418273926,7.543389797210693,6.015666484832764,5.2208733558654785,10.827558517456055,12.345194816589355,7.719105243682861,5.533421993255615,6.587417125701904,9.295256614685059,10.621870994567871,8.157952308654785,7.2215728759765625,12.10372257232666,14.26749324798584,14.060113906860352,13.38149356842041,13.826266288757324,9.314656257629395,3.7836530208587646,2.2512121200561523,0.3996257483959198,0.6908506155014038,0.8282871842384338,0.19142234325408936,-0.9225092530250549,-1.296169638633728,-0.5724056363105774,0.4924289882183075,1.87104070186615,3.608224630355835,4.6115875244140625,4.882669925689697,4.512947082519531,4.151753902435303,4.242579460144043
6.722115993499756,7.973630428314209,9.088918685913086,6.758540153503418,4.432351589202881,7.303900718688965,6.407996654510498,3.990468978881836,6.469140529632568,7.4300031661987305,7.086737632751465,10.634519577026367,13.300300598144531,10.54383659362793,7.113612651824951,8.924161911010742,10.112225532531738,8.478904724121094,9.083688735961914,8.682632446289062,9.31938648223877,11.277088165283203,13.446097373962402,14.153098106384277,14.785698890686035,10.465194702148438,4.117063999176025,3.1427648067474365,3.7358672618865967,4.714400291442871,4.867454528808594,4.414312362670898,3.5093555450439453,2.290762186050415,2.2645936012268066,3.3531641960144043,4.547672271728516,5.363006591796875,5.735697269439697,6.03191614151001,6.574198246002197,6.86057186126709,6.799824237823486
6.8453803062438965,8.256279945373535,9.626246452331543,7.339230060577393,4.642064571380615,6.08517599105835,5.9064154624938965,6.661876678466797,7.277578353881836,6.828001022338867,7.125087738037109,8.745742797851562,10.045000076293945,10.281312942504883,9.393033981323242,8.005457878112793,7.7608418464660645,9.112984657287598,12.727901458740234,12.972416877746582,10.923311233520508,7.949285507202148,4.324406147003174,5.025205612182617,8.190407752990723,6.970432281494141,4.677680015563965,5.575569152832031,6.621914863586426,6.535759449005127,5.198300361633301,3.9948902130126953,3.9652013778686523,4.6231279373168945,5.46834135055542,6.101157188415527,6.865667343139648,7.388633728027344,7.595551490783691,7.774514675140381,8.185683250427246,8.423439979553223,8.309897422790527
6.696792125701904,8.321362495422363,9.630158424377441,9.513123512268066,7.023061275482178,6.592687606811523,6.284296035766602,5.774761199951172,6.528730392456055,7.683895111083984,9.553581237792969,10.301712036132812,8.254156112670898,5.895819664001465,4.3808159828186035,2.875535726547241,2.3205301761627197,5.66092586517334,9.89748477935791,9.841282844543457,6.599379062652588,-0.4773525893688202,-4.19261360168457,-3.107747793197632,0.04013022780418396,6.99200963973999,8.92985725402832,6.281532287597656,5.387616157531738,4.345074653625488,3.902756452560425,3.9848084449768066,4.103535175323486,5.073213577270508,6.217222213745117,7.146668910980225,7.485866546630859,7.401588439941406,7.517998218536377,7.9957098960876465,8.695464134216309,9.06884479522705,8.765229225158691
6.760708808898926,7.947559833526611,8.903911590576172,8.206281661987305,7.106100559234619,7.4536285400390625,7.629696846008301,7.213609218597412,6.022298812866211,6.522972583770752,9.381336212158203,11.354040145874023,10.092456817626953,5.648028373718262,0.8449869155883789,-0.032490942627191544,1.007871150970459,2.1417312622070312,4.391139507293701,6.243758201599121,5.470118522644043,1.9371086359024048,-2.002258062362671,-2.313460111618042,2.5673985481262207,8.830641746520996,8.600991249084473,5.444259166717529,5.371938228607178,5.758256912231445,4.7078447341918945,3.473717451095581,3.648078441619873,4.685624599456787,6.039358615875244,7.0402727127075195,8.176133155822754,9.32815170288086,9.663348197937012,8.998205184936523,8.495279312133789,8.621870040893555,8.623099327087402
6.507155418395996,7.523806571960449,8.230729103088379,6.704099655151367,5.369644641876221,7.276876926422119,8.693659782409668,10.91372299194336,11.8875732421875,8.417832374572754,5.463322639465332,6.740869045257568,9.327963829040527,8.909252166748047,2.52716326713562,-0.40688928961753845,2.1861813068389893,4.674157619476318,7.022762298583984,9.771535873413086,9.84055233001709,8.43471622467041,3.8700711727142334,-0.6707459688186646,0.06987212598323822,4.374258041381836,6.733567714691162,6.695876598358154,7.515520095825195,9.304742813110352,10.306342124938965,8.001561164855957,3.6612277030944824,2.874887228012085,5.439165115356445,7.846627235412598,9.183268547058105,10.25255298614502,9.334264755249023,7.125627040863037,6.721158027648926,7.397768497467041,7.506722927093506
7.0440192222595215,7.647598743438721,7.987223148345947,6.112267971038818,4.076719760894775,5.934637546539307,7.9026312828063965,12.707021713256836,16.61989402770996,12.696229934692383,5.169933319091797,1.8158754110336304,5.817805767059326,8.670903205871582,4.362705707550049,2.1158981323242188,4.7722697257995605,7.304559707641602,10.17318344116211,12.46650218963623,12.55269718170166,11.458999633789062,4.30190896987915,-2.8244102001190186,-2.9941134452819824,0.43364018201828003,4.692590713500977,7.553736209869385,8.857940673828125,7.848108291625977,5.066652774810791,4.139224052429199,2.833972215652466,2.387700319290161,5.650506019592285,9.037666320800781,10.611037254333496,11.909685134887695,10.296150207519531,5.98745584487915,4.20767879486084,4.622059345245361,5.4790215492248535
7.616157531738281,7.643006801605225,7.828230381011963,7.219726085662842,5.572768688201904,5.168873310089111,8.00650691986084,14.233019828796387,16.493709564208984,12.123010635375977,8.519234657287598,4.879486560821533,2.7781054973602295,5.458415508270264,5.700328350067139,3.9324069023132324,2.6229403018951416,3.030956745147705,3.9470207691192627,4.961145877838135,5.367801189422607,0.3061801493167877,-5.127972602844238,-6.764217376708984,-4.042394638061523,0.2708759009838104,3.3269262313842773,5.74975061416626,10.481024742126465,13.888916015625,9.040555953979492,4.939773082733154,2.5537867546081543,2.7167446613311768,7.252734661102295,11.04548168182373,10.83506965637207,11.034253120422363,8.533209800720215,4.515829563140869,3.0279974937438965,2.675044536590576,3.4549169540405273
6.77285623550415,7.614330768585205,8.816906929016113,8.876517295837402,9.74804401397705,9.71154499053955,9.259101867675781,10.716896057128906,11.031155586242676,9.113225936889648,9.029531478881836,8.82692813873291,4.841456413269043,3.225123167037964,3.2452476024627686,3.1346275806427,2.099097728729248,-1.5488357543945312,-3.602710008621216,-2.4536964893341064,-2.4754481315612793,-4.631713390350342,-6.609811782836914,-4.807548522949219,-0.073638416826725,6.006521701812744,10.93879508972168,13.695801734924316,9.71812629699707,3.499385356903076,-0.28133511543273926,-1.1634024381637573,0.4683310091495514,2.731264591217041,5.47364616394043,8.074594497680664,5.052774906158447,0.3357846140861511,-0.8100603818893433,1.2977262735366821,3.6634159088134766,4.330516338348389,3.5832598209381104
6.406668186187744,7.677732467651367,8.043441772460938,9.236363410949707,12.565836906433105,12.428155899047852,7.269707202911377,5.340531349182129,6.16259765625,7.34139347076416,10.033394813537598,11.688232421875,6.724588394165039,4.719238758087158,4.231725692749023,3.2274057865142822,3.806894302368164,-1.2831535339355469,-2.589247703552246,-1.2050241231918335,-2.6592159271240234,-3.5881638526916504,-4.7483720779418945,1.5543562173843384,9.959461212158203,7.467593669891357,5.521044731140137,4.243601322174072,-0.5069087743759155,-1.9755741357803345,-0.02803456038236618,1.025088906288147,1.2385672330856323,1.3350803852081299,2.318241834640503,5.009308815002441,0.9639968276023865,-3.883087635040283,-1.0336060523986816,3.487758159637451,6.765693664550781,8.118973731994629,6.155423641204834
4.299805641174316,6.591993808746338,7.724459648132324,9.544565200805664,12.953690528869629,12.863056182861328,8.325830459594727,2.3191165924072266,1.1878536939620972,5.515560150146484,10.8326416015625,13.079631805419922,8.096449851989746,5.907164096832275,6.136777400970459,2.885953664779663,-2.857283115386963,-5.35430383682251,-1.38736891746521,-0.12720046937465668,0.5697160959243774,1.3626112937927246,2.4187164306640625,4.722630977630615,2.384915590286255,0.4227789342403412,2.0587210655212402,3.0870018005371094,2.8015615940093994,2.786839485168457,2.290614604949951,2.0716631412506104,1.319748878479004,1.3894951343536377,0.29008597135543823,-0.5016385912895203,0.2713834047317505,-0.09935516864061356,-0.15621282160282135,2.259315013885498,5.635928630828857,8.218372344970703,8.070107460021973
4.13715124130249,7.428530216217041,8.877241134643555,10.17094612121582,12.583901405334473,12.256172180175781,9.92813491821289,5.407772541046143,2.2889115810394287,6.166818141937256,12.425758361816406,11.038578987121582,5.876743316650391,4.442426681518555,3.639248847961426,-2.069502830505371,-6.4591779708862305,-4.87582540512085,-1.6817326545715332,-0.8561393618583679,-0.4707171618938446,3.340338706970215,1.5065722465515137,-0.5504064559936523,2.8659110069274902,6.138124465942383,11.12813663482666,12.246219635009766,9.756498336791992,6.64776611328125,1.885290503501892,-1.0394401550292969,-0.6491329669952393,0.9215904474258423,1.8241117000579834,1.73550546169281,0.9596063494682312,0.25520551204681396,0.10902378708124161,0.05530984327197075,2.060075521469116,4.522401332855225,4.5513176918029785
6.177385330200195,9.715473175048828,10.194339752197266,9.861984252929688,10.633688926696777,9.873956680297852,8.981093406677246,9.458219528198242,8.929329872131348,10.021331787109375,9.800312995910645,5.766679763793945,4.023900508880615,4.7993340492248535,0.09486760944128036,-7.842371940612793,-7.399799346923828,-4.0358428955078125,-1.720786452293396,0.9091365933418274,2.8471789360046387,3.6664257049560547,5.128427505493164,9.172001838684082,14.61425495147705,16.553165435791016,13.964310646057129,10.457779884338379,6.658662796020508,1.6509311199188232,-1.4092741012573242,-1.0355887413024902,-0.07616987079381943,1.1864925622940063,3.40814208984375,6.0865960121154785,8.410873413085938,8.85876750946045,6.6533589363098145,3.5531139373779297,2.6224405765533447,3.5124447345733643,4.604103088378906
7.7762908935546875,10.494985580444336,10.406103134155273,9.124417304992676,9.964601516723633,8.731950759887695,7.704440116882324,10.077277183532715,12.022854804992676,10.36036205291748,4.313413619995117,3.5770936012268066,5.772289752960205,-0.0696522444486618,-8.777201652526855,-10.362213134765625,-6.973830223083496,-2.2590243816375732,1.7697643041610718,4.684937477111816,7.3956298828125,10.248435974121094,17.012283325195312,19.618587493896484,17.61769676208496,13.533143043518066,5.996254920959473,-2.0866782665252686,-5.0523600578308105,-3.9547131061553955,-2.901561975479126,-2.387641668319702,-0.9114381074905396,0.914435863494873,3.234689474105835,6.521005630493164,8.21213150024414,9.48480224609375,9.785737991333008,9.438316345214844,6.800937652587891,5.563460826873779,5.911571025848389
7.572906017303467,10.283608436584473,9.429931640625,6.016330718994141,5.98222017288208,6.933854579925537,6.890437602996826,9.960023880004883,13.002273559570312,10.338539123535156,3.349963426589966,-1.016426920890808,-6.939248561859131,-12.326513290405273,-12.47301959991455,-9.563589096069336,-4.702052593231201,1.2113643884658813,7.457924842834473,7.401129245758057,7.340123653411865,13.261399269104004,12.429777145385742,6.13527250289917,-0.558533251285553,-6.597002029418945,-9.76952838897705,-9.260947227478027,-7.348383903503418,-5.549002170562744,-4.206271648406982,-2.967599630355835,-1.1131536960601807,0.37326645851135254,3.0957398414611816,7.2252044677734375,9.27593994140625,10.550301551818848,11.203510284423828,9.273775100708008,7.595505714416504,8.271883010864258,7.449539661407471
6.052587032318115,7.922733783721924,6.296998977661133,1.192397117614746,0.899262547492981,5.863798141479492,7.244745254516602,8.716764450073242,10.053768157958984,6.484490394592285,-1.2510251998901367,-7.817195415496826,-12.543081283569336,-15.24964714050293,-12.411603927612305,-6.419669151306152,-1.2171876430511475,5.129240036010742,12.352312088012695,7.755369663238525,-0.13982604444026947,-4.096871376037598,-7.104825496673584,-8.601764678955078,-9.826925277709961,-10.699176788330078,-11.206903457641602,-10.263659477233887,-8.013017654418945,-6.179234504699707,-5.475605010986328,-3.8923561573028564,-1.4220407009124756,0.16534912586212158,2.86708664894104,5.960238456726074,7.858833312988281,8.31479263305664,8.213627815246582,8.359513282775879,7.209756851196289,7.060598373413086,7.787783145904541
4.118838787078857,4.548479080200195,3.5374016761779785,2.355374574661255,3.8129091262817383,6.230411052703857,8.63630485534668,10.20514965057373,7.931582927703857,3.3260207176208496,-2.5691561698913574,-7.481665134429932,-10.394813537597656,-12.50537395477295,-11.87817096710205,-5.504754543304443,1.6825355291366577,8.931244850158691,5.437560558319092,-6.3069167137146,-9.32102108001709,-7.494205951690674,-6.7213544845581055,-6.8851094245910645,-7.792945861816406,-8.946178436279297,-9.539517402648926,-8.712218284606934,-6.748305797576904,-5.376918315887451,-5.489100456237793,-4.348280429840088,-1.5997083187103271,0.026524128392338753,2.6948254108428955,5.29599666595459,6.745926856994629,6.770030975341797,6.012086391448975,6.5638837814331055,7.317775726318359,7.441434860229492,8.845611572265625
2.872868537902832,2.4850716590881348,2.2219038009643555,4.245304107666016,7.365551471710205,9.213159561157227,11.540583610534668,8.36560344696045,2.4427669048309326,-1.9733027219772339,-5.221550464630127,-6.142677307128906,-6.684063911437988,-10.488190650939941,-12.258094787597656,-6.199924945831299,2.180558681488037,7.279444217681885,-0.28020036220550537,-8.352396965026855,-9.75488567352295,-9.656204223632812,-8.84499740600586,-9.042494773864746,-8.940780639648438,-8.479741096496582,-7.595459461212158,-6.9376606941223145,-6.089147090911865,-4.502161979675293,-4.484335422515869,-3.94010853767395,-1.5108586549758911,0.21124528348445892,2.787302017211914,4.681051254272461,5.583365440368652,5.73405122756958,5.432584762573242,5.806910514831543,7.362555027008057,9.02515697479248,9.57967472076416
1.7207684516906738,1.3438835144042969,1.8395051956176758,2.377849817276001,3.7956185340881348,7.6059370040893555,11.520379066467285,9.368546485900879,2.220519542694092,-2.152355670928955,-3.740492820739746,-2.8754303455352783,-5.178430557250977,-10.101210594177246,-12.029439926147461,-7.090891361236572,3.5079221725463867,5.806014060974121,-4.324095726013184,-11.750322341918945,-11.959061622619629,-10.751740455627441,-9.202133178710938,-8.209210395812988,-7.71120548248291,-6.932571887969971,-5.791762351989746,-5.424551486968994,-5.633907318115234,-4.19289493560791,-3.488377332687378,-3.3666436672210693,-1.149178385734558,0.8838824033737183,2.887446641921997,4.394186496734619,5.033047199249268,5.869043350219727,6.0304670333862305,5.593129634857178,6.600862979888916,8.03774642944336,8.34981918334961
