data/wind_data/wind_Surface_39.json
{"header": {"parameterUnit": "KT", "parameterCategory": 2, "nx": 255, "ny": 198, "lo1": 44.73521041870117, "la1": -3.236724853515625, "lo2": 111.26478576660156, "la2": 43.468475341796875, "dx": 0.26192745566368103, "dy": -0.23708222806453705, "refTime": "2025-02-20 15:00:00", "forecastTime": 0, "parameterNumber": 2, "parameterNumberName": "eastward_wind"}, "data":
[rows 19 to 37 of 198, columns 172 to 214 of 255]
-3.5279839038848877,-3.051370859146118,-2.3471858501434326,-2.930581569671631,-3.2470171451568604,-2.913740873336792,-1.774827003479004,-1.2137017250061035,-3.6055235862731934,-5.6046552658081055,-6.4645209312438965,-6.057641506195068,-4.413718223571777,-4.199401378631592,-4.376355171203613,-4.379334926605225,-4.028486251831055,-3.6026015281677246,-3.6179707050323486,-3.3431591987609863,-2.5464696884155273,-2.057042360305786,-1.4452300071716309,-0.21518385410308838,1.2214341163635254,1.9161925315856934,1.2822141647338867,1.345268964767456,2.554431915283203,3.972179412841797,3.3037898540496826,-1.183768630027771,-1.8344542980194092,0.7158458828926086,1.241176962852478,-1.205209732055664,-3.9285120964050293,-1.4616191387176514,1.8860805034637451,2.0440802574157715,1.5821157693862915,2.1976752281188965,0.727514386177063
-4.64597225189209,-3.1914801597595215,-1.4900438785552979,-4.060177803039551,-3.856504440307617,-1.680631160736084,-3.5030272006988525,-5.006776332855225,-5.7488813400268555,-5.347377300262451,-6.127162456512451,-5.8959550857543945,-5.061800479888916,-5.0368547439575195,-4.435878753662109,-4.446518898010254,-4.293850421905518,-4.12747049331665,-3.917235851287842,-3.2761130332946777,-2.5320534706115723,-1.6594974994659424,-0.5214741230010986,0.820658802986145,1.512001395225525,1.2631776332855225,0.707421600818634,1.2887494564056396,2.488157033920288,3.5562775135040283,2.1495678424835205,-1.348568320274353,-0.7297989130020142,1.6636608839035034,1.649432897567749,-1.8353266716003418,-3.2028656005859375,0.9613502025604248,3.298352003097534,3.517174482345581,1.9747644662857056,0.25531378388404846,-0.802427351474762
-5.356574535369873,-4.040808200836182,-3.8527567386627197,-5.227488994598389,-4.009838581085205,-3.0440919399261475,-4.229465007781982,-4.1315460205078125,-6.294892311096191,-5.741852283477783,-4.200488090515137,-5.4814133644104,-5.499507904052734,-5.118053436279297,-4.594315052032471,-4.266853332519531,-4.136335849761963,-4.079494953155518,-3.6936933994293213,-3.024515151977539,-2.1331188678741455,-0.9095836281776428,0.4173804223537445,1.3508750200271606,1.0680358409881592,0.09824619442224503,-0.2060467153787613,0.4308359622955322,1.407480001449585,0.6938043236732483,-3.7313711643218994,-2.0982277393341064,0.6740429401397705,1.034980297088623,-0.5204328298568726,-3.512530565261841,-1.7392410039901733,3.487194299697876,4.035799980163574,3.1011173725128174,1.9381091594696045,-0.15357568860054016,-4.138850688934326
-5.783987522125244,-5.260326385498047,-4.465566158294678,-3.8090319633483887,-5.342694282531738,-6.339741230010986,-5.125600337982178,-4.506932258605957,-5.151708126068115,-6.321360111236572,-4.689229488372803,-4.047074317932129,-5.365076541900635,-4.629551887512207,-4.005697727203369,-3.9291234016418457,-4.044558048248291,-3.6743297576904297,-2.9834039211273193,-2.165421724319458,-1.0048339366912842,-0.15447832643985748,0.6632073521614075,0.7893196940422058,-0.010970045812427998,-0.6172810196876526,-0.6447310447692871,-0.09002218395471573,0.10621397197246552,-3.1879072189331055,-6.47805118560791,-2.110051393508911,0.030826106667518616,0.003930369392037392,-1.4678986072540283,-2.6973586082458496,-0.06160316988825798,3.0800023078918457,3.26371693611145,2.012486696243286,1.1556589603424072,0.744137167930603,-0.6025494933128357
-6.524977684020996,-5.895992279052734,-4.284978866577148,-4.673450946807861,-7.628996849060059,-8.460151672363281,-6.71198844909668,-5.292627334594727,-5.109920978546143,-5.888256549835205,-5.739647388458252,-4.6600823402404785,-4.579274654388428,-4.418423175811768,-3.849973440170288,-3.4288270473480225,-3.065249443054199,-2.5064644813537598,-1.534865379333496,-0.5778605937957764,-0.13209199905395508,-0.1445087194442749,-0.662277340888977,-0.22467903792858124,0.039359986782073975,-0.9084020256996155,-0.6770101189613342,-0.0658227801322937,0.05123641714453697,-1.8691259622573853,-2.8433334827423096,-1.492415189743042,0.5204508304595947,-0.837449312210083,-2.39754056930542,-1.1029987335205078,1.482770323753357,2.396303415298462,1.8450596332550049,0.39826318621635437,-0.44534194469451904,-1.1325201988220215,-1.1746509075164795
-7.413808345794678,-6.736294746398926,-6.234189987182617,-7.963410377502441,-9.564604759216309,-9.103591918945312,-7.48170280456543,-5.781663417816162,-5.137637615203857,-5.465414047241211,-6.384879112243652,-5.588412284851074,-3.5340285301208496,-3.9677040576934814,-4.014112949371338,-3.156531810760498,-2.4519290924072266,-1.4236613512039185,-0.6703475117683411,-0.19388709962368011,-0.13646940886974335,-0.38142457604408264,-0.8611865043640137,-0.9030117392539978,-1.2127201557159424,-2.249018430709839,-1.1387872695922852,-0.5951608419418335,-1.1633132696151733,-0.2782266438007355,-0.9857653975486755,-1.7146155834197998,-1.8879241943359375,-2.637340545654297,-1.5156017541885376,1.3253141641616821,2.5846502780914307,2.0898916721343994,0.30307289958000183,-0.9207949042320251,-1.2435038089752197,-2.134012460708618,-0.5732617378234863
-8.09322452545166,-7.364964485168457,-7.021371841430664,-8.755358695983887,-10.178930282592773,-9.683404922485352,-7.986764430999756,-6.640711307525635,-6.345363140106201,-6.101749897003174,-5.41412878036499,-6.6051411628723145,-6.138020992279053,-4.193979740142822,-4.16698694229126,-3.4431545734405518,-1.8493701219558716,-0.8022047281265259,-0.4382707178592682,-0.4657910168170929,-0.48083752393722534,-0.32479554414749146,0.4503219723701477,-0.4917409420013428,-2.0675933361053467,-2.231593132019043,-2.009230136871338,-1.6022636890411377,-0.3799198865890503,0.7681376934051514,-1.2418534755706787,-3.377289295196533,-2.375420570373535,-0.7784155607223511,0.5570228695869446,1.6880841255187988,0.6656056046485901,-1.2061853408813477,-1.5026177167892456,-0.4351069927215576,0.3659689724445343,0.21165958046913147,-1.0268793106079102
-7.772459983825684,-7.548741340637207,-7.194966793060303,-7.9955244064331055,-9.623217582702637,-10.052324295043945,-9.05090618133545,-8.177530288696289,-7.749043941497803,-7.178816318511963,-7.138083457946777,-8.50908088684082,-8.649773597717285,-5.530679225921631,-3.9387357234954834,-3.774341344833374,-2.0635569095611572,-0.9440705180168152,-0.23226767778396606,-0.18989121913909912,0.08090878278017044,0.9567620158195496,3.1266345977783203,1.7935904264450073,-0.8664115071296692,-1.853305697441101,-2.4880239963531494,-1.0669161081314087,-1.0594897270202637,-1.912652850151062,-0.16834352910518646,-0.13675320148468018,0.0967218205332756,1.9415830373764038,2.7239553928375244,1.3542150259017944,-0.38249659538269043,-1.247941493988037,-0.756177544593811,-0.32039874792099,0.321556031703949,0.7504981756210327,0.4689117968082428
-8.184826850891113,-7.618509769439697,-6.34190559387207,-5.780821323394775,-7.958931922912598,-10.635880470275879,-10.870123863220215,-9.641205787658691,-8.861970901489258,-8.624992370605469,-8.436623573303223,-8.557509422302246,-8.332788467407227,-8.196956634521484,-6.723903179168701,-3.6578471660614014,-1.2599186897277832,-0.46900951862335205,-0.08407199382781982,0.4522337317466736,1.2417851686477661,2.586190938949585,3.2335288524627686,2.850961208343506,0.5138561129570007,-1.8338308334350586,-0.4541028141975403,-0.10420551896095276,-4.118223190307617,-4.220152378082275,1.8887978792190552,2.2976460456848145,1.6551960706710815,2.305250883102417,1.035454511642456,-0.26048538088798523,-0.5702069997787476,-0.295158326625824,0.3033734858036041,0.6288225650787354,1.369251012802124,1.5356580018997192,0.26180315017700195
-8.636618614196777,-7.541665554046631,-5.4425811767578125,-5.313456058502197,-9.797276496887207,-13.045731544494629,-12.339814186096191,-10.84140396118164,-9.851922988891602,-9.446414947509766,-8.83176326751709,-8.9317045211792,-9.026623725891113,-8.613734245300293,-7.179943084716797,-4.656744480133057,-1.9439743757247925,-0.7115402221679688,0.7111416459083557,2.0275990962982178,2.3583266735076904,2.948863983154297,3.2396109104156494,2.6487512588500977,-0.47921887040138245,-0.5260646343231201,1.5848885774612427,-2.2895612716674805,-6.912395000457764,-1.877074956893921,2.2195870876312256,2.074826717376709,2.9572103023529053,2.3404734134674072,0.38340991735458374,0.1736147105693817,0.3918159008026123,0.6450076699256897,1.2317237854003906,1.6715704202651978,2.2310240268707275,0.9391111135482788,-0.5692136883735657
-8.501541137695312,-7.774777889251709,-8.691160202026367,-11.268138885498047,-12.502876281738281,-12.358272552490234,-12.305419921875,-10.973450660705566,-9.827445983886719,-9.350034713745117,-8.725482940673828,-8.775315284729004,-8.816329956054688,-8.437522888183594,-7.388299942016602,-5.754366874694824,-3.8394198417663574,-1.759812593460083,0.3256917893886566,2.7665350437164307,3.6472980976104736,3.6743102073669434,3.7468388080596924,-0.5804625153541565,-2.2876594066619873,1.2742207050323486,-0.5805323719978333,-4.958620071411133,-3.104956865310669,-0.4795994460582733,0.9020112156867981,1.6293973922729492,1.7776166200637817,0.218175008893013,-0.500156819820404,0.3158840835094452,0.8414105176925659,1.2563894987106323,1.8447262048721313,1.8160761594772339,1.696653962135315,-0.4386180341243744,-1.9190582036972046
-8.780630111694336,-9.010189056396484,-10.462811470031738,-11.146482467651367,-11.581862449645996,-11.371296882629395,-9.663515090942383,-7.15647029876709,-6.18622350692749,-7.506749629974365,-9.051837921142578,-8.974148750305176,-8.119467735290527,-7.465089321136475,-6.843154430389404,-6.548336505889893,-6.083353042602539,-5.148836135864258,-3.1522929668426514,-0.2886725962162018,2.0464353561401367,2.910449743270874,2.6123743057250977,-0.7672646045684814,-2.1588828563690186,1.267645239830017,-1.2425845861434937,-2.9956276416778564,-0.2950843572616577,0.20006607472896576,0.036790281534194946,0.17932705581188202,-1.6126433610916138,-1.9373817443847656,-0.935357928276062,-0.22353419661521912,0.3429374098777771,0.8165940046310425,1.0552550554275513,1.0340574979782104,0.682779848575592,-0.6484239101409912,-1.0451563596725464
-9.222930908203125,-9.810111999511719,-9.775598526000977,-9.309429168701172,-9.527618408203125,-9.2003755569458,-7.302811145782471,-4.351729869842529,-4.482141971588135,-9.150029182434082,-11.142631530761719,-9.356910705566406,-7.897831916809082,-6.634088516235352,-6.282747268676758,-7.948951721191406,-9.571677207946777,-10.446152687072754,-10.009968757629395,-6.929630279541016,-3.6296207904815674,-1.331007957458496,0.4001966118812561,-0.888967752456665,-2.5711348056793213,-2.541964530944824,-2.675290107727051,-2.6933484077453613,-1.1799355745315552,-0.6090596318244934,-1.1296262741088867,-2.138415813446045,-2.232600688934326,-1.4283016920089722,-1.3250221014022827,-1.3261525630950928,-1.0058681964874268,0.07262774556875229,0.6031328439712524,0.2203959971666336,-1.8272786140441895,-2.9058127403259277,-1.725520372390747
-10.044785499572754,-9.154099464416504,-9.108041763305664,-9.55306625366211,-9.955952644348145,-9.127506256103516,-7.644773006439209,-6.648318767547607,-7.232405185699463,-8.760446548461914,-8.810003280639648,-7.882328510284424,-7.1864213943481445,-6.807119369506836,-8.437925338745117,-10.926858901977539,-12.405420303344727,-14.410378456115723,-15.108786582946777,-12.972537994384766,-11.12279987335205,-10.325450897216797,-7.560934066772461,-7.22776460647583,-6.1902241706848145,-3.790827751159668,-3.4642105102539062,-3.502854585647583,-3.44638991355896,-3.5900723934173584,-5.617318153381348,-4.67650032043457,-2.9606399536132812,-2.2815585136413574,-2.4435465335845947,-2.8265795707702637,-1.952515721321106,-1.5519967079162598,-2.8464198112487793,-4.707867622375488,-6.0605998039245605,-4.5095014572143555,-3.068136215209961
-10.25969409942627,-9.57893180847168,-9.720776557922363,-10.434854507446289,-10.298133850097656,-9.333794593811035,-8.169923782348633,-7.458650588989258,-7.722879886627197,-8.01380729675293,-7.592707633972168,-6.9942169189453125,-6.95456075668335,-9.134395599365234,-12.411395072937012,-13.649394989013672,-14.169097900390625,-16.166475296020508,-16.95462417602539,-15.842934608459473,-12.855409622192383,-8.554936408996582,-9.730818748474121,-10.187457084655762,-12.672475814819336,-12.57051944732666,-11.676580429077148,-11.41096019744873,-10.283416748046875,-8.914412498474121,-7.346482753753662,-5.634088516235352,-4.229316234588623,-3.5258493423461914,-3.1177468299865723,-3.550558090209961,-5.807532787322998,-9.535521507263184,-12.533491134643555,-13.0948486328125,-10.550941467285156,-5.892721176147461,-4.374551296234131
-10.442720413208008,-11.294429779052734,-11.15240478515625,-11.05402946472168,-10.104708671569824,-9.131515502929688,-8.741024017333984,-8.723479270935059,-9.237425804138184,-9.732256889343262,-8.560840606689453,-7.208405017852783,-8.112159729003906,-11.452739715576172,-13.494369506835938,-13.757596015930176,-14.52206802368164,-15.582342147827148,-15.478418350219727,-14.534602165222168,-14.964042663574219,-16.221317291259766,-15.76453971862793,-14.437445640563965,-14.08759593963623,-13.888494491577148,-13.290729522705078,-12.70425796508789,-11.955314636230469,-10.687661170959473,-9.242253303527832,-7.686814785003662,-6.311775207519531,-5.674581527709961,-7.8001627922058105,-12.438989639282227,-15.171401977539062,-15.703561782836914,-15.805273056030273,-15.409011840820312,-12.027665138244629,-6.396459102630615,-5.8585896492004395
-10.428099632263184,-11.635641098022461,-11.73264217376709,-10.85189151763916,-10.173453330993652,-10.000101089477539,-9.99280071258545,-9.397525787353516,-9.023858070373535,-9.471024513244629,-9.49317455291748,-8.525763511657715,-8.660209655761719,-10.687223434448242,-12.867194175720215,-13.664621353149414,-15.1414213180542,-17.055660247802734,-16.81936264038086,-15.764749526977539,-15.526432991027832,-15.728187561035156,-15.816946983337402,-15.925002098083496,-15.816361427307129,-15.302718162536621,-14.533753395080566,-13.680811882019043,-12.60720157623291,-11.314062118530273,-9.738926887512207,-8.752965927124023,-9.467012405395508,-12.470706939697266,-15.234635353088379,-15.854975700378418,-15.29908561706543,-15.304637908935547,-15.384916305541992,-14.81397819519043,-12.185831069946289,-7.048350811004639,-7.113286018371582
-10.910317420959473,-11.272212982177734,-11.163064956665039,-9.642263412475586,-8.954419136047363,-10.375165939331055,-10.769457817077637,-8.496477127075195,-7.15968656539917,-8.769144058227539,-9.867048263549805,-8.70655345916748,-8.123147964477539,-10.493704795837402,-13.780735969543457,-15.278162002563477,-16.373374938964844,-16.760622024536133,-16.196910858154297,-15.946846961975098,-16.15288734436035,-16.558124542236328,-16.737028121948242,-16.456850051879883,-16.044219970703125,-15.261988639831543,-14.175911903381348,-13.127203941345215,-11.972740173339844,-10.453619956970215,-8.920711517333984,-9.785943984985352,-13.098358154296875,-15.505404472351074,-15.910993576049805,-15.464485168457031,-15.44400405883789,-15.389262199401855,-15.262896537780762,-12.657913208007812,-6.9349470138549805,-6.099764823913574,-5.933493614196777
-11.34274959564209,-9.547825813293457,-8.903732299804688,-8.154176712036133,-9.528260231018066,-11.536944389343262,-10.264883041381836,-8.4110746383667,-8.25442886352539,-9.562294006347656,-10.447232246398926,-9.82738208770752,-10.135823249816895,-13.20598030090332,-15.393802642822266,-15.286577224731445,-15.664763450622559,-16.190732955932617,-16.472118377685547,-16.671463012695312,-16.903236389160156,-16.897693634033203,-16.403953552246094,-15.684250831604004,-15.004637718200684,-14.25385570526123,-13.373188972473145,-12.565759658813477,-11.685237884521484,-10.177781105041504,-9.33043098449707,-11.490727424621582,-14.620311737060547,-15.879222869873047,-15.814837455749512,-15.795357704162598,-15.741332054138184,-15.755261421203613,-16.274812698364258,-13.907143592834473,-7.4718756675720215,-5.87136697769165,-5.476329326629639
