data/wind_data/wind_Surface_69.json
{"header": {"parameterUnit": "KT", "parameterCategory": 2, "nx": 255, "ny": 198, "lo1": 44.73521041870117, "la1": -3.236724853515625, "lo2": 111.26478576660156, "la2": 43.468475341796875, "dx": 0.26192745566368103, "dy": -0.23708222806453705, "refTime": "2025-02-21 21:00:00", "forecastTime": 0, "parameterNumber": 3, "parameterNumberName": "northward_wind"}, "data":
[rows 57 to 75 of 198, columns 129 to 171 of 255]
-5.285799503326416,-4.979891777038574,-4.128351211547852,-3.0659823417663574,-1.151288628578186,-1.339052438735962,-1.3191536664962769,-1.3415436744689941,-2.0693893432617188,-2.6119790077209473,-2.1332645416259766,-1.4116955995559692,-2.0729565620422363,-2.7693519592285156,-2.6924288272857666,-2.4763224124908447,-3.9555728435516357,-5.711038112640381,-7.193533420562744,-6.6150946617126465,-4.255235195159912,-4.968191623687744,-6.3914947509765625,-6.927881240844727,-6.082308292388916,-6.076962947845459,-6.8040266036987305,-7.403428077697754,-8.700957298278809,-9.293371200561523,-9.185558319091797,-8.943122863769531,-8.797858238220215,-9.099817276000977,-9.37720012664795,-9.427779197692871,-9.677226066589355,-9.632184982299805,-9.4911527633667,-9.794950485229492,-9.473937034606934,-9.180841445922852,-8.811897277832031
-2.45400333404541,-3.8513424396514893,-4.438655853271484,-3.416585922241211,-1.4489015340805054,-2.2086215019226074,-1.5667445659637451,-0.4930408000946045,-1.220632553100586,-1.7362698316574097,-1.9098224639892578,-2.162212371826172,-1.8890639543533325,-0.41095098853111267,-0.22064241766929626,-2.8042986392974854,-3.6348917484283447,-2.2748501300811768,-3.695631980895996,-5.249328136444092,-4.353254795074463,-3.7985591888427734,-4.785759925842285,-6.117677688598633,-5.932562828063965,-5.56829309463501,-5.881592750549316,-6.845903396606445,-8.483129501342773,-9.527493476867676,-9.631793022155762,-9.27434253692627,-8.524351119995117,-8.43053150177002,-8.536150932312012,-8.72199821472168,-9.157090187072754,-9.315301895141602,-9.01679801940918,-9.129456520080566,-9.318635940551758,-9.372380256652832,-9.253271102905273
-0.8131178617477417,-0.943047821521759,-2.4137301445007324,-2.3192496299743652,-2.1076278686523438,-2.9853885173797607,-1.011896014213562,0.5514649748802185,1.2940601110458374,0.5903899073600769,-2.2133288383483887,-3.6562485694885254,-2.6969611644744873,-0.6381619572639465,-0.960545539855957,-2.004216194152832,-2.1155893802642822,-1.6695154905319214,-1.036801815032959,-1.2134301662445068,-2.3373043537139893,-3.1027870178222656,-3.8936760425567627,-4.165042400360107,-4.3845086097717285,-5.195165157318115,-5.743780136108398,-6.8449225425720215,-8.31103515625,-9.13135814666748,-9.731898307800293,-9.678888320922852,-9.096816062927246,-8.508102416992188,-8.31017780303955,-8.159515380859375,-8.433526039123535,-8.789490699768066,-8.852937698364258,-8.635679244995117,-8.730040550231934,-8.92704963684082,-9.225741386413574
-1.6744762659072876,0.22994937002658844,0.41357293725013733,-0.33036288619041443,-1.5189348459243774,-1.9214372634887695,-0.17354778945446014,0.7578961849212646,0.7942102551460266,1.2036420106887817,1.666597604751587,1.750089168548584,-0.4549616873264313,-3.438262939453125,-4.478346824645996,-0.24635551869869232,1.0283654928207397,-1.3551162481307983,-1.9564300775527954,-1.9280109405517578,-2.6386382579803467,-3.338035821914673,-3.0349819660186768,-3.2283971309661865,-4.775171756744385,-5.500621795654297,-5.959863662719727,-6.621617317199707,-7.373908519744873,-8.176868438720703,-9.287052154541016,-9.566793441772461,-9.51943588256836,-9.355754852294922,-8.720779418945312,-8.250853538513184,-8.06091594696045,-8.178060531616211,-8.43523120880127,-8.532814979553223,-8.474178314208984,-8.33967113494873,-8.562856674194336
-3.200874090194702,-2.392704486846924,-0.537861704826355,-0.00645535159856081,-0.03691716492176056,-1.6363979578018188,-0.7917555570602417,1.5485641956329346,0.48887428641319275,1.2097928524017334,3.056318998336792,3.5023889541625977,1.6021273136138916,-1.6184693574905396,-3.052091598510742,-0.586907684803009,0.8642165660858154,-0.8721374273300171,-2.8929264545440674,-2.21147084236145,-1.0639592409133911,-2.8096718788146973,-3.2857420444488525,-2.7339375019073486,-3.639946937561035,-4.40914249420166,-5.145846843719482,-5.484502792358398,-6.187396049499512,-6.811152458190918,-7.701127052307129,-8.63227653503418,-9.496116638183594,-9.771400451660156,-9.379535675048828,-8.825321197509766,-8.181469917297363,-7.783840179443359,-7.699777603149414,-7.964090824127197,-8.230168342590332,-8.220468521118164,-8.040761947631836
-2.3444578647613525,-2.868806838989258,-3.1225109100341797,-1.572655439376831,0.6853286623954773,-0.2289857566356659,-0.38321182131767273,2.297250270843506,2.455103874206543,1.917209267616272,1.2914036512374878,1.7328017950057983,2.904212474822998,3.2668559551239014,1.4475469589233398,-0.5160300135612488,-0.9518933296203613,0.4186208248138428,0.3581858277320862,0.07029347866773605,0.3880882263183594,-1.264158010482788,-3.7548091411590576,-4.240782737731934,-3.790172815322876,-4.124591827392578,-4.467421531677246,-5.136030673980713,-5.538287162780762,-5.672771453857422,-6.015712261199951,-7.356354236602783,-8.655284881591797,-9.478123664855957,-9.817435264587402,-9.46255874633789,-8.686244010925293,-7.8237385749816895,-7.266600131988525,-7.207701206207275,-7.505548477172852,-7.704498767852783,-7.628618240356445
1.1556669473648071,-0.02591327205300331,-1.959706425666809,-1.0098459720611572,0.38011258840560913,-0.882549524307251,-0.38338616490364075,2.4961841106414795,2.9562337398529053,2.6869022846221924,2.375871419906616,2.5394344329833984,2.673208236694336,2.4547033309936523,2.366689443588257,2.0430908203125,1.2081499099731445,0.37631815671920776,-0.7876189947128296,-1.5949838161468506,-1.4026843309402466,-1.5979864597320557,-1.8869011402130127,-2.9881811141967773,-4.45681095123291,-4.320389270782471,-4.703188896179199,-4.926255702972412,-4.707921504974365,-5.03789758682251,-5.53225040435791,-6.321325778961182,-7.089508056640625,-8.159689903259277,-9.127218246459961,-9.359435081481934,-8.974825859069824,-8.08309268951416,-7.4683308601379395,-7.018396377563477,-6.817748069763184,-6.773988723754883,-6.869654178619385
4.981226921081543,4.131705284118652,2.021329164505005,1.36216139793396,1.445387601852417,-0.3533558249473572,0.05630176514387131,3.45548415184021,3.148420810699463,2.9146180152893066,3.261127233505249,3.370345115661621,3.111503839492798,2.3477025032043457,1.6982649564743042,1.6903724670410156,1.838106393814087,0.2901693880558014,-0.7423855662345886,-1.0687096118927002,-1.7350767850875854,-2.5990042686462402,-1.8801828622817993,-1.2260031700134277,-1.8676921129226685,-2.5024895668029785,-3.61798357963562,-4.10338830947876,-4.7018961906433105,-5.357626914978027,-5.480369567871094,-5.455877304077148,-5.801269054412842,-6.296897888183594,-6.945788860321045,-7.769296646118164,-8.368439674377441,-8.330788612365723,-8.001148223876953,-7.398952960968018,-6.860978126525879,-6.451076984405518,-6.135666847229004
6.649919509887695,6.159488201141357,5.861021041870117,3.8718481063842773,2.143744468688965,1.3666490316390991,0.7980586886405945,3.7904789447784424,3.188175678253174,2.882556915283203,3.1458301544189453,3.0491456985473633,3.111588716506958,3.3787992000579834,2.6010971069335938,1.1922420263290405,0.5897849202156067,0.8445536494255066,0.6576134562492371,0.3405446708202362,-0.4031846225261688,-1.2399882078170776,-1.5086206197738647,-0.9912211894989014,-0.3928886651992798,-1.255699872970581,-2.4013407230377197,-3.5778162479400635,-4.85250186920166,-5.088771343231201,-4.985317230224609,-5.126308441162109,-5.198141098022461,-5.353310585021973,-5.645609378814697,-6.286184310913086,-7.336857795715332,-8.22661018371582,-8.337844848632812,-7.836121559143066,-7.4103264808654785,-6.903656005859375,-6.334966659545898
7.145950794219971,7.85044527053833,7.394759654998779,5.869040012359619,2.5696845054626465,1.2455217838287354,2.102799415588379,4.696709156036377,4.306718826293945,3.6191868782043457,2.776153802871704,2.0578980445861816,2.18337082862854,2.801058769226074,3.3138179779052734,3.3490419387817383,3.1108927726745605,2.1322546005249023,1.080912709236145,1.4306215047836304,1.0012743473052979,0.03728143870830536,0.3248290717601776,0.7330435514450073,0.1482119858264923,-1.2135720252990723,-2.536728858947754,-3.547078847885132,-4.3466925621032715,-4.314509868621826,-4.85821533203125,-5.0365214347839355,-5.072417259216309,-5.262415885925293,-5.5531511306762695,-5.9691243171691895,-6.634639739990234,-7.375627040863037,-7.890093803405762,-7.843062400817871,-7.831911087036133,-7.5171122550964355,-7.160925388336182
6.6515092849731445,6.895576000213623,6.201321125030518,5.149064540863037,2.5235588550567627,1.7551462650299072,2.800673723220825,4.174598693847656,4.076663017272949,4.2079758644104,3.911133289337158,2.6529362201690674,2.2597737312316895,2.5016486644744873,2.891019105911255,2.945674419403076,3.0513017177581787,3.0901694297790527,3.009897232055664,2.371370315551758,1.293405294418335,1.1946362257003784,0.9520187377929688,0.42268499732017517,-0.5590929985046387,-1.638519287109375,-2.449584484100342,-2.775357961654663,-3.521789312362671,-4.128899097442627,-4.637905120849609,-4.911533832550049,-5.127837657928467,-5.168868064880371,-5.206821918487549,-5.39971399307251,-5.663167953491211,-6.18789529800415,-6.839785099029541,-7.201418399810791,-7.673890590667725,-7.775650978088379,-7.778019428253174
4.3644118309021,4.59119176864624,4.08781099319458,3.9115920066833496,3.9629294872283936,3.17439341545105,2.062182664871216,4.6625189781188965,4.392424583435059,4.2908616065979,4.147690773010254,3.9269914627075195,2.838071823120117,2.2680647373199463,2.432675361633301,2.564967632293701,2.606245994567871,3.069324493408203,2.7808542251586914,2.337836980819702,1.7535921335220337,1.3652392625808716,0.5482783913612366,0.11005578190088272,-0.43194448947906494,-1.3354321718215942,-1.7608697414398193,-2.11938738822937,-2.853595733642578,-3.614867687225342,-3.9964334964752197,-4.532923698425293,-4.8415207862854,-4.966711044311523,-4.91989803314209,-4.805785179138184,-4.78584623336792,-5.128240585327148,-5.635708808898926,-6.215292930603027,-6.835646629333496,-7.282693862915039,-7.629501819610596
2.457435131072998,2.818359375,3.3535759449005127,4.542659759521484,5.520013332366943,2.4136645793914795,2.251030206680298,5.13987398147583,4.785181999206543,4.298384666442871,4.024945259094238,4.229028224945068,3.6386048793792725,2.9783804416656494,2.7255630493164062,2.8103294372558594,2.854567050933838,2.673386812210083,2.5400545597076416,1.8104729652404785,1.2851883172988892,0.8270585536956787,0.5200513005256653,0.15044870972633362,-0.27812501788139343,-0.9490285515785217,-1.292857050895691,-1.8328245878219604,-2.180046796798706,-2.5760154724121094,-3.1166927814483643,-3.6042730808258057,-4.077894687652588,-4.42937707901001,-4.5611348152160645,-4.562325954437256,-4.505056381225586,-4.537124156951904,-4.845808029174805,-5.300256252288818,-5.780272483825684,-6.348112106323242,-6.869926452636719
3.2437167167663574,3.283083915710449,4.064876556396484,5.104006290435791,5.082564353942871,2.927891492843628,6.244060516357422,5.794488906860352,5.108078956604004,4.8367438316345215,4.54175329208374,4.390437126159668,4.2273712158203125,3.439727544784546,2.5779786109924316,2.1969451904296875,2.559756278991699,2.2868001461029053,2.2084097862243652,1.831838846206665,1.0462013483047485,1.1386648416519165,1.588154673576355,0.3024686276912689,-0.48592785000801086,-0.95478355884552,-1.26878821849823,-1.3738080263137817,-1.5478495359420776,-1.8648090362548828,-2.2540323734283447,-2.6876487731933594,-3.1416542530059814,-3.6210150718688965,-4.026663780212402,-4.327846050262451,-4.508556365966797,-4.6372785568237305,-4.725312232971191,-4.802568435668945,-5.046189785003662,-5.583950042724609,-6.23105525970459
4.6129469871521,4.217281341552734,4.860440254211426,5.353729724884033,5.0022687911987305,5.649645805358887,8.456411361694336,7.58739709854126,6.589174270629883,5.676269054412842,4.704888343811035,4.107667446136475,4.213711738586426,3.683941125869751,2.8592443466186523,2.4342310428619385,2.5353610515594482,2.532869577407837,2.3781800270080566,2.8053362369537354,2.7722795009613037,1.7545932531356812,0.9112634658813477,0.05252966657280922,-0.48143306374549866,-0.9901077747344971,-1.3401024341583252,-1.4297889471054077,-1.4499435424804688,-1.5221604108810425,-1.6851698160171509,-1.9503605365753174,-2.317349433898926,-2.75813364982605,-3.34287166595459,-3.982187271118164,-4.539161205291748,-4.965462684631348,-5.081785202026367,-5.017642974853516,-4.989535808563232,-5.277339458465576,-5.874587535858154
4.6176958084106445,4.255166053771973,4.990013599395752,5.385288715362549,5.438492774963379,6.727664470672607,6.8555474281311035,8.640828132629395,7.4882073402404785,6.705522060394287,5.550325870513916,4.992149353027344,4.890408992767334,4.591933727264404,3.644930601119995,2.891266107559204,2.7689952850341797,2.4247918128967285,2.181579828262329,2.6467719078063965,3.1337783336639404,2.1175036430358887,0.7536830902099609,0.311155766248703,-0.5359813570976257,-0.9747509956359863,-1.3059784173965454,-1.4362963438034058,-1.4543172121047974,-1.4053807258605957,-1.3496692180633545,-1.4270292520523071,-1.6652731895446777,-2.0257368087768555,-2.5757369995117188,-3.2900390625,-4.017432689666748,-4.761253833770752,-5.292932987213135,-5.497744560241699,-5.47612190246582,-5.483753204345703,-5.765614986419678
3.480532646179199,3.2739078998565674,5.012268543243408,4.883854866027832,5.301151752471924,5.6973795890808105,5.278618812561035,9.919059753417969,8.58343505859375,8.035760879516602,7.2484025955200195,6.084773063659668,5.603943347930908,5.2848615646362305,4.233058929443359,3.1503868103027344,2.7382562160491943,1.8805242776870728,1.8912273645401,2.4949607849121094,3.209327459335327,2.781116485595703,1.6509445905685425,0.7374711632728577,-0.1647574007511139,-0.7770212888717651,-0.9185370206832886,-0.933708906173706,-1.121923565864563,-1.3555266857147217,-1.4303330183029175,-1.4308642148971558,-1.4808825254440308,-1.6605771780014038,-2.038322687149048,-2.5856621265411377,-3.196458339691162,-3.9571785926818848,-4.740861892700195,-5.461879730224609,-5.912115573883057,-6.030155658721924,-6.083686351776123
3.3669543266296387,3.758518934249878,5.328104019165039,5.362226963043213,5.331506729125977,4.895064353942871,3.6246156692504883,6.142816543579102,6.256432056427002,5.776095867156982,8.056036949157715,7.102763652801514,6.578526020050049,5.66314172744751,4.326234340667725,3.560112953186035,2.2984354496002197,2.0180740356445312,1.8895323276519775,1.6403239965438843,1.9507699012756348,1.7822622060775757,1.3412491083145142,1.0263450145721436,0.30522066354751587,-0.2723006308078766,-0.2962222993373871,-0.21292954683303833,-0.7213632464408875,-1.1810110807418823,-1.514454960823059,-1.6838189363479614,-1.691204309463501,-1.750199794769287,-2.0514163970947266,-2.3844151496887207,-2.7841320037841797,-3.320253372192383,-3.9714412689208984,-4.817589282989502,-5.704573631286621,-6.348454475402832,-6.602044582366943
3.8569626808166504,6.582072734832764,8.498621940612793,8.58759880065918,7.468113899230957,6.363042831420898,3.852435827255249,2.8041932582855225,3.9798471927642822,2.4049665927886963,3.3929169178009033,7.099331855773926,6.068741321563721,5.383118629455566,5.081450462341309,3.985297918319702,3.021392822265625,2.655622959136963,2.0468883514404297,1.0831321477890015,-0.12130790948867798,0.45500513911247253,1.0278183221817017,1.183656930923462,0.4478144943714142,0.16607168316841125,0.5285010933876038,0.4055413603782654,-0.21903742849826813,-0.7623451948165894,-1.2537693977355957,-1.6483871936798096,-1.8244978189468384,-1.9676538705825806,-2.3186097145080566,-2.6867971420288086,-3.0810985565185547,-3.3444361686706543,-3.637965202331543,-4.149857044219971,-4.942271709442139,-5.910583972930908,-6.614431381225586
