data/wind_data/wind_41_5.json
{"header": {"parameterUnit": "KT", "parameterCategory": 2, "nx": 256, "ny": 198, "lo1": 44.73521041870117, "la1": -3.236724853515625, "lo2": 111.26478576660156, "la2": 43.468475341796875, "dx": 0.2609002888202667, "dy": -0.23708222806453705, "refTime": "2025-02-20 17:00:00", "forecastTime": 0, "parameterNumber": 2, "parameterNumberName": "eastward_wind"}, "data":
[rows 0 to 18 of 198, columns 88 to 131 of 256]
-13.273341178894043,-13.340904235839844,-13.451388359069824,-13.539790153503418,-13.37125301361084,-13.099992752075195,-13.074994087219238,-13.087322235107422,-12.857913970947266,-12.63099479675293,-12.593789100646973,-12.687840461730957,-12.980388641357422,-13.179113388061523,-13.140470504760742,-13.02258014678955,-12.84724235534668,-12.65653133392334,-12.466257095336914,-12.068265914916992,-11.467558860778809,-11.025819778442383,-10.748120307922363,-10.86402416229248,-11.232544898986816,-11.375396728515625,-11.391226768493652,-11.273284912109375,-11.150065422058105,-11.297964096069336,-11.44416332244873,-11.326913833618164,-11.183367729187012,-11.123388290405273,-11.11241626739502,-11.156218528747559,-11.236024856567383,-11.35912036895752,-11.399555206298828,-11.321535110473633,-11.593713760375977,-12.212503433227539,-12.623055458068848,-12.845656394958496
-13.336746215820312,-13.332265853881836,-13.321436882019043,-13.29270076751709,-13.090538024902344,-12.810269355773926,-12.882365226745605,-13.02715015411377,-12.768617630004883,-12.457685470581055,-12.444747924804688,-12.59000301361084,-12.9003267288208,-13.09563159942627,-12.943904876708984,-12.605975151062012,-12.25095272064209,-11.998878479003906,-11.763246536254883,-11.377204895019531,-10.871393203735352,-10.530603408813477,-10.32387638092041,-10.407075881958008,-10.766002655029297,-11.077816009521484,-11.24948787689209,-11.094680786132812,-10.911227226257324,-11.025629043579102,-11.080853462219238,-10.772768020629883,-10.529233932495117,-10.689031600952148,-10.72866153717041,-10.472352027893066,-10.382606506347656,-10.521584510803223,-10.589054107666016,-10.533784866333008,-10.821324348449707,-11.42248821258545,-11.81401538848877,-12.062845230102539
-12.946845054626465,-12.917091369628906,-12.942668914794922,-12.93291187286377,-12.808131217956543,-12.666319847106934,-12.721301078796387,-12.755721092224121,-12.592219352722168,-12.468247413635254,-12.50088119506836,-12.538422584533691,-12.656235694885254,-12.718255043029785,-12.488142013549805,-11.936006546020508,-11.175836563110352,-10.823101043701172,-10.671523094177246,-10.572720527648926,-10.508856773376465,-10.355704307556152,-10.183999061584473,-10.300827980041504,-10.541166305541992,-10.57799243927002,-10.620970726013184,-10.555002212524414,-10.507347106933594,-10.701705932617188,-10.844164848327637,-10.593509674072266,-10.346331596374512,-10.418780326843262,-10.27274227142334,-9.829307556152344,-9.703996658325195,-9.858977317810059,-9.953729629516602,-9.950494766235352,-9.979506492614746,-10.170964241027832,-10.550336837768555,-10.954787254333496
-12.219754219055176,-12.266504287719727,-12.518179893493652,-12.71848201751709,-12.680603981018066,-12.4553861618042,-12.243812561035156,-12.058387756347656,-11.848652839660645,-11.611949920654297,-11.592555046081543,-11.30950927734375,-10.808494567871094,-10.511870384216309,-10.762124061584473,-10.093413352966309,-8.574786186218262,-8.255659103393555,-8.360045433044434,-8.600043296813965,-8.94677734375,-9.018102645874023,-9.004201889038086,-9.164645195007324,-9.505311965942383,-9.465494155883789,-9.52248764038086,-9.405545234680176,-9.433196067810059,-9.860191345214844,-10.227139472961426,-10.081313133239746,-9.77053165435791,-9.66933536529541,-9.44332504272461,-9.075723648071289,-8.952152252197266,-8.956933975219727,-8.9218111038208,-8.850975036621094,-8.677412033081055,-8.694256782531738,-9.168632507324219,-9.70997428894043
-11.378918647766113,-11.871318817138672,-12.592986106872559,-12.900060653686523,-12.444002151489258,-11.373480796813965,-10.50974178314209,-9.940073013305664,-9.476725578308105,-8.956879615783691,-8.73105525970459,-7.459354877471924,-4.961767673492432,-3.2384557723999023,-6.605880260467529,-4.839578151702881,-4.180500030517578,-4.1888813972473145,-4.476613521575928,-4.819929599761963,-5.26705265045166,-5.441144943237305,-6.462094783782959,-6.067736625671387,-7.071908950805664,-7.699916362762451,-8.106595993041992,-7.597026824951172,-7.272059440612793,-8.18093490600586,-8.851517677307129,-8.90688705444336,-8.455177307128906,-8.196056365966797,-8.1416015625,-8.150562286376953,-8.040563583374023,-7.692545413970947,-7.102851390838623,-6.511592864990234,-6.332939624786377,-6.7307915687561035,-7.481749534606934,-8.21475887298584
-10.607755661010742,-10.955480575561523,-11.422755241394043,-11.01393985748291,-10.526971817016602,-9.824743270874023,-9.133661270141602,-7.563307285308838,-6.27602481842041,-7.774072170257568,-8.432372093200684,-8.059738159179688,-4.990729331970215,0.2745857834815979,-6.072514057159424,-1.458964467048645,-5.663428783416748,-6.085590839385986,-5.7656073570251465,-6.092001914978027,-6.225332736968994,-6.1717071533203125,-9.442461013793945,-6.5130839347839355,-7.408315658569336,-8.255364418029785,-9.32575511932373,-8.679183959960938,-6.903526306152344,-8.558239936828613,-9.028148651123047,-8.993029594421387,-8.548126220703125,-8.36548137664795,-8.147600173950195,-7.800683975219727,-7.515199661254883,-7.251767158508301,-6.957767486572266,-6.795289039611816,-6.957423210144043,-7.35784912109375,-7.857784271240234,-8.231218338012695
-8.42813491821289,-8.916959762573242,-8.45546817779541,-7.868578910827637,-8.469460487365723,-9.951746940612793,-9.22310733795166,-4.352989673614502,-4.882368087768555,-5.911064624786377,-7.974620342254639,-10.062238693237305,-10.41286849975586,-9.500697135925293,-12.54902172088623,-10.356587409973145,-7.22445011138916,-7.356078147888184,-7.5482988357543945,-8.093503952026367,-9.352975845336914,-9.527582168579102,-8.6621675491333,-8.514060020446777,-7.362088680267334,-7.912293910980225,-9.422872543334961,-9.478819847106934,-5.18403434753418,-7.8918561935424805,-8.398643493652344,-8.159400939941406,-7.727632999420166,-7.760735511779785,-7.777221202850342,-7.481026649475098,-7.225574016571045,-7.10280179977417,-6.880615234375,-6.65836238861084,-6.783153533935547,-7.150881290435791,-7.433350086212158,-7.605832099914551
-5.827569484710693,-8.270395278930664,-7.36362886428833,-7.568114757537842,-8.930681228637695,-12.37862777709961,-13.239296913146973,-10.180052757263184,-8.66498851776123,-7.170940399169922,-8.575213432312012,-10.420849800109863,-10.132561683654785,-9.391510009765625,-8.937192916870117,-9.094327926635742,-7.982509136199951,-8.342540740966797,-9.131889343261719,-8.446642875671387,-8.741677284240723,-8.152528762817383,-7.640863418579102,-8.156283378601074,-7.815027713775635,-8.164938926696777,-8.688374519348145,-8.970076560974121,-5.719376087188721,-7.821849346160889,-8.378656387329102,-7.807411193847656,-7.173352241516113,-7.243270397186279,-7.546623706817627,-7.55523157119751,-7.461190223693848,-7.466614246368408,-7.364243984222412,-7.133986473083496,-6.866189956665039,-6.782275199890137,-6.878249645233154,-7.089232444763184
-8.48233413696289,-8.291438102722168,-8.560770988464355,-9.598808288574219,-10.936858177185059,-12.510866165161133,-12.533534049987793,-8.280834197998047,-9.437692642211914,-7.039180278778076,-8.417936325073242,-10.952980041503906,-10.176360130310059,-10.710262298583984,-9.402982711791992,-8.915258407592773,-8.272332191467285,-7.5012102127075195,-9.984152793884277,-8.127725601196289,-7.448646545410156,-8.146535873413086,-8.02920150756836,-8.545488357543945,-8.014457702636719,-7.871069431304932,-7.906188488006592,-7.611029148101807,-7.625716209411621,-7.420591831207275,-7.927638053894043,-7.497392654418945,-6.807369709014893,-6.939443588256836,-7.412472724914551,-7.633386611938477,-7.541994094848633,-7.386602401733398,-7.457390785217285,-7.451818943023682,-6.6966142654418945,-5.97072696685791,-6.03913688659668,-6.697875022888184
-10.437119483947754,-10.26837158203125,-10.028434753417969,-11.965832710266113,-13.353165626525879,-13.277273178100586,-11.127741813659668,-6.917778015136719,-8.025724411010742,-6.821672439575195,-8.804749488830566,-11.19677448272705,-11.594697952270508,-10.207582473754883,-9.996659278869629,-10.602932929992676,-10.506415367126465,-10.096296310424805,-9.285209655761719,-9.184625625610352,-7.89341402053833,-8.812594413757324,-8.417525291442871,-8.485336303710938,-7.637258529663086,-7.5644025802612305,-8.303351402282715,-7.360705375671387,-7.531036376953125,-7.049438953399658,-7.205893039703369,-7.086819648742676,-6.881505012512207,-7.11629056930542,-7.51753568649292,-7.694530963897705,-7.431116104125977,-7.017866611480713,-7.088140964508057,-7.126975059509277,-6.24729061126709,-5.52219295501709,-5.557418346405029,-6.008938789367676
-6.358554363250732,-7.871165752410889,-10.76262378692627,-11.493165016174316,-11.63393783569336,-11.43050479888916,-10.21214771270752,-9.008133888244629,-8.29064655303955,-7.887121200561523,-10.563253402709961,-10.950113296508789,-10.695879936218262,-10.2409029006958,-10.587369918823242,-11.20526123046875,-11.374951362609863,-11.388169288635254,-10.065190315246582,-9.491509437561035,-9.293540000915527,-8.217150688171387,-9.130821228027344,-8.459309577941895,-7.8960065841674805,-7.411787509918213,-7.130034446716309,-6.882715702056885,-7.125443935394287,-6.754496097564697,-6.578013896942139,-6.58233642578125,-7.0695013999938965,-7.482874393463135,-7.730954647064209,-7.846169471740723,-7.63024377822876,-7.2032999992370605,-6.794702529907227,-6.274538040161133,-5.424261093139648,-5.056251525878906,-5.416412353515625,-5.7254862785339355
-11.234107971191406,-10.269874572753906,-11.815183639526367,-12.262232780456543,-12.58029556274414,-12.690995216369629,-11.622532844543457,-10.38412094116211,-10.554972648620605,-10.407662391662598,-11.253915786743164,-11.670859336853027,-10.46294116973877,-10.400761604309082,-10.478090286254883,-10.076408386230469,-10.34648323059082,-10.513448715209961,-10.054022789001465,-9.92153263092041,-9.383842468261719,-7.500034809112549,-9.494847297668457,-8.984079360961914,-7.330330848693848,-8.00231647491455,-7.546757221221924,-6.9293341636657715,-6.672426700592041,-6.496712684631348,-6.313087463378906,-6.346451759338379,-7.023601055145264,-7.696004867553711,-7.807597637176514,-7.7329912185668945,-7.919304370880127,-7.775343894958496,-6.886857032775879,-5.792163372039795,-5.147051811218262,-4.995290279388428,-5.255129337310791,-5.378612041473389
-13.327462196350098,-12.013981819152832,-11.874117851257324,-11.431722640991211,-11.893904685974121,-11.026310920715332,-11.04027271270752,-10.622527122497559,-10.671500205993652,-11.464741706848145,-11.88636302947998,-11.841732025146484,-10.574256896972656,-9.901249885559082,-10.116495132446289,-9.404414176940918,-9.216463088989258,-9.772835731506348,-10.037711143493652,-9.579484939575195,-8.19970417022705,-8.219943046569824,-7.852844715118408,-8.060059547424316,-8.164461135864258,-7.897376537322998,-7.376593589782715,-7.342844486236572,-7.043715000152588,-6.431377410888672,-6.192361354827881,-6.586851119995117,-6.930841445922852,-7.602784633636475,-7.808198928833008,-7.50160551071167,-8.032387733459473,-7.949896335601807,-6.87592887878418,-5.777194023132324,-5.4648308753967285,-5.509519100189209,-5.647451877593994,-5.9285078048706055
-13.897507667541504,-12.109676361083984,-11.79023551940918,-11.659603118896484,-11.409271240234375,-10.952568054199219,-11.695022583007812,-13.397294998168945,-12.206661224365234,-11.865547180175781,-10.996798515319824,-8.996347427368164,-11.094949722290039,-9.262674331665039,-9.378609657287598,-8.715005874633789,-8.865676879882812,-8.566885948181152,-9.35740852355957,-9.276552200317383,-8.52999210357666,-7.570592880249023,-7.738184452056885,-8.1818208694458,-8.036606788635254,-7.769137859344482,-7.427845478057861,-7.625612258911133,-8.149937629699707,-6.437171936035156,-6.095289707183838,-6.670862674713135,-6.997537612915039,-7.090190887451172,-7.629542350769043,-7.66454553604126,-8.097755432128906,-7.550017356872559,-6.494757652282715,-5.952291488647461,-5.751369476318359,-5.701310634613037,-5.528659343719482,-5.676377773284912
-14.29662036895752,-10.964144706726074,-11.87768840789795,-12.848121643066406,-13.176284790039062,-13.663651466369629,-12.965594291687012,-13.842155456542969,-13.438752174377441,-7.993407726287842,-9.685458183288574,-11.362503051757812,-9.424741744995117,-8.723855018615723,-8.427909851074219,-8.661283493041992,-8.489778518676758,-7.576869487762451,-7.949941635131836,-8.673104286193848,-8.336182594299316,-7.648817539215088,-8.290157318115234,-7.936944961547852,-7.381808280944824,-7.748018264770508,-7.646531105041504,-7.744255542755127,-8.142986297607422,-7.180874824523926,-6.325632572174072,-6.06987190246582,-7.006168365478516,-6.508272647857666,-7.171836853027344,-7.782217502593994,-7.834499835968018,-7.024060249328613,-6.017717361450195,-6.079269886016846,-5.829239368438721,-5.401254653930664,-4.705300331115723,-4.215825080871582
-12.5399751663208,-11.657081604003906,-11.682618141174316,-12.969182014465332,-12.75660514831543,-13.211814880371094,-12.296466827392578,-13.846278190612793,-19.03456687927246,5.284750461578369,-6.607448101043701,-8.729207992553711,-9.4984769821167,-7.888874053955078,-7.5902886390686035,-8.762550354003906,-8.92552375793457,-7.755695343017578,-7.400852203369141,-8.197373390197754,-9.228079795837402,-7.452287673950195,-8.580713272094727,-7.773396015167236,-6.197839736938477,-6.744419574737549,-7.229493618011475,-7.5362548828125,-8.09959602355957,-7.504139423370361,-6.2179388999938965,-6.277897357940674,-6.545328617095947,-6.041593551635742,-6.736100196838379,-7.502087593078613,-7.100988388061523,-6.7504563331604,-5.909348011016846,-5.911514759063721,-5.556665420532227,-4.881371974945068,-4.702863693237305,-4.406720161437988
-13.427043914794922,-12.470531463623047,-11.689380645751953,-11.74330997467041,-12.132750511169434,-12.358087539672852,-12.596488952636719,-12.051939010620117,-11.491920471191406,-9.015593528747559,-8.88056468963623,-7.963738441467285,-8.679728507995605,-6.962924003601074,-7.7853169441223145,-8.480867385864258,-9.096163749694824,-8.493666648864746,-8.058165550231934,-8.19356918334961,-9.001921653747559,-8.634912490844727,-8.317121505737305,-7.512903213500977,-5.296817302703857,-5.252022743225098,-6.592480659484863,-7.64100980758667,-8.729154586791992,-7.480057716369629,-7.015117168426514,-6.6877665519714355,-6.314755916595459,-6.129212379455566,-6.334019660949707,-6.804300308227539,-6.429498195648193,-6.350712776184082,-5.9826340675354,-5.643989086151123,-5.145636081695557,-4.26583194732666,-4.3208417892456055,-4.67734956741333
-12.840503692626953,-12.023219108581543,-11.403253555297852,-11.734607696533203,-11.631354331970215,-11.803071975708008,-12.370706558227539,-13.310601234436035,-13.024516105651855,-10.683378219604492,-10.383790969848633,-10.432785987854004,-8.945541381835938,-7.220939636230469,-8.179010391235352,-9.71094036102295,-9.939554214477539,-9.237602233886719,-9.119046211242676,-8.361444473266602,-9.019820213317871,-8.681097030639648,-8.083321571350098,-7.380195617675781,-5.735270977020264,-6.449888706207275,-6.384377956390381,-7.871997356414795,-8.108954429626465,-6.25899600982666,-7.785621643066406,-7.303664207458496,-6.502388954162598,-6.857690334320068,-5.849536418914795,-6.302501201629639,-5.781550884246826,-5.749523162841797,-5.607123851776123,-5.282968521118164,-4.995823860168457,-4.737040042877197,-4.680300235748291,-5.692666530609131
-11.8801908493042,-11.883405685424805,-11.843234062194824,-11.430148124694824,-11.236673355102539,-11.06250286102295,-11.065947532653809,-11.328886985778809,-11.407500267028809,-11.479053497314453,-11.315863609313965,-10.344559669494629,-9.58483600616455,-9.098455429077148,-8.605586051940918,-8.93447208404541,-9.530801773071289,-9.455879211425781,-9.658931732177734,-8.01303768157959,-8.011359214782715,-8.868339538574219,-8.70648193359375,-8.695308685302734,-7.857066631317139,-7.516878128051758,-5.047220706939697,-6.990907192230225,-7.039741516113281,-6.495386123657227,-6.466315746307373,-7.244192600250244,-7.3294525146484375,-6.704588890075684,-5.598743915557861,-5.489444255828857,-4.8403778076171875,-5.446989059448242,-5.359368801116943,-4.742687225341797,-4.509364604949951,-5.0906782150268555,-5.378818511962891,-6.351345062255859
