data/wind_data/wind_9_0.json
{"header": {"parameterUnit": "KT", "parameterCategory": 2, "nx": 255, "ny": 198, "lo1": 44.73521041870117, "la1": -3.236724853515625, "lo2": 111.26478576660156, "la2": 43.468475341796875, "dx": 0.26192745566368103, "dy": -0.23708222806453705, "refTime": "2025-02-19 09:00:00", "forecastTime": 0, "parameterNumber": 3, "parameterNumberName": "northward_wind"}, "data":
[rows 38 to 56 of 198, columns 43 to 85 of 255]
-11.360834121704102,-11.632781982421875,-11.915392875671387,-12.027838706970215,-11.677824974060059,-11.886286735534668,-11.865012168884277,-11.895735740661621,-11.862606048583984,-11.015166282653809,-9.838384628295898,-9.34375,-9.003778457641602,-8.98997974395752,-8.612317085266113,-8.099228858947754,-8.099077224731445,-7.690882682800293,-7.480307579040527,-7.136485576629639,-6.6043782234191895,-6.478058338165283,-6.42610502243042,-6.447425365447998,-7.198822021484375,-8.32446002960205,-9.595179557800293,-9.261117935180664,-6.531648635864258,-3.993288516998291,-4.135080337524414,-3.1620991230010986,-3.1906049251556396,-3.8177027702331543,-4.323268890380859,-4.293900012969971,-4.013955116271973,-3.5195376873016357,-3.2899086475372314,-3.13885235786438,-3.142826557159424,-3.355587959289551,-3.655414342880249
-12.034480094909668,-11.87511157989502,-12.050835609436035,-12.218389511108398,-12.154641151428223,-12.085028648376465,-12.012348175048828,-11.909517288208008,-11.746718406677246,-11.618797302246094,-10.77186107635498,-10.035998344421387,-9.523497581481934,-9.480281829833984,-9.175145149230957,-8.453595161437988,-8.246228218078613,-8.248944282531738,-7.851706504821777,-7.144191741943359,-6.713175296783447,-6.735978603363037,-6.684151649475098,-6.778754234313965,-6.850727081298828,-7.760534286499023,-8.91412353515625,-10.156542778015137,-10.076224327087402,-8.638629913330078,-8.27902603149414,-7.692181587219238,-6.442734241485596,-5.003480911254883,-3.9561498165130615,-4.50812292098999,-4.093325138092041,-3.4481635093688965,-3.024973154067993,-2.6964423656463623,-2.5741279125213623,-2.570777654647827,-2.6565210819244385
-12.45180606842041,-12.520329475402832,-12.631917953491211,-12.774125099182129,-12.708150863647461,-12.440423965454102,-12.270041465759277,-12.136703491210938,-11.916606903076172,-11.804347038269043,-11.626655578613281,-10.906838417053223,-10.275763511657715,-10.000531196594238,-9.800718307495117,-9.226778984069824,-8.958456039428711,-8.614097595214844,-8.046414375305176,-7.4879608154296875,-7.254137992858887,-7.4519758224487305,-7.240279197692871,-7.0346527099609375,-6.871943473815918,-7.714781284332275,-8.390766143798828,-9.350923538208008,-10.033341407775879,-9.59169864654541,-9.21263599395752,-9.499420166015625,-9.042166709899902,-7.586703777313232,-4.2020955085754395,-3.2073681354522705,-3.5128328800201416,-3.6528260707855225,-3.2798216342926025,-2.894730806350708,-2.5301008224487305,-2.3797035217285156,-2.3346505165100098
-12.613329887390137,-12.788193702697754,-12.929348945617676,-13.063663482666016,-13.018025398254395,-12.8074369430542,-12.638910293579102,-12.563949584960938,-12.37553596496582,-12.180880546569824,-11.91238784790039,-11.608601570129395,-10.814970016479492,-10.377226829528809,-10.140142440795898,-9.704176902770996,-9.572223663330078,-9.071240425109863,-8.438210487365723,-7.9429779052734375,-7.691470146179199,-7.483644485473633,-7.23978328704834,-7.080722808837891,-7.1302947998046875,-7.315786361694336,-7.6424736976623535,-8.372052192687988,-8.737066268920898,-8.605912208557129,-7.766605377197266,-7.743392467498779,-8.069854736328125,-8.062990188598633,-6.074320316314697,-2.7186412811279297,-2.586754322052002,-3.360447406768799,-3.6413068771362305,-3.557163953781128,-3.1876163482666016,-2.993044137954712,-2.8854501247406006
-12.313302993774414,-12.407611846923828,-12.541144371032715,-12.62246036529541,-12.662332534790039,-12.590177536010742,-12.557522773742676,-12.574764251708984,-12.5725679397583,-12.377409934997559,-11.97835922241211,-11.557225227355957,-11.130280494689941,-10.75516128540039,-10.561899185180664,-10.219403266906738,-9.888347625732422,-9.492974281311035,-9.012234687805176,-8.540668487548828,-8.24519157409668,-7.8250508308410645,-7.441240310668945,-7.441690921783447,-7.646182537078857,-7.835432052612305,-7.821213722229004,-8.206315040588379,-8.312358856201172,-8.058484077453613,-7.693912506103516,-7.330917835235596,-6.783237457275391,-6.936639785766602,-7.798945903778076,-6.616318702697754,-3.5619382858276367,-2.8358676433563232,-3.444884777069092,-3.6656694412231445,-3.6176295280456543,-3.4635393619537354,-3.480311870574951
-11.635061264038086,-11.726790428161621,-11.73088264465332,-11.87707805633545,-11.939708709716797,-11.791101455688477,-11.933924674987793,-12.075183868408203,-12.243328094482422,-12.213008880615234,-12.014594078063965,-11.849873542785645,-11.33241081237793,-10.94583511352539,-10.745179176330566,-10.517072677612305,-10.195862770080566,-9.832405090332031,-9.574801445007324,-9.149935722351074,-8.701371192932129,-8.27623462677002,-8.027981758117676,-7.977178573608398,-8.008097648620605,-8.226027488708496,-8.494412422180176,-8.556509971618652,-8.1055908203125,-7.518672466278076,-7.931330680847168,-8.185667991638184,-7.364207744598389,-6.864818572998047,-7.945880889892578,-9.137862205505371,-6.6089582443237305,-4.980916976928711,-3.2980949878692627,-2.971444606781006,-3.566021203994751,-2.90541934967041,-2.942286491394043
-10.495930671691895,-10.772429466247559,-10.786955833435059,-10.928034782409668,-11.002047538757324,-11.233613967895508,-11.49805736541748,-11.647543907165527,-11.681121826171875,-11.88163948059082,-12.077669143676758,-11.970566749572754,-11.53382396697998,-11.038920402526855,-10.701541900634766,-10.377809524536133,-10.115991592407227,-9.814885139465332,-9.572328567504883,-9.303847312927246,-8.785438537597656,-8.095762252807617,-7.897745609283447,-8.101518630981445,-8.381170272827148,-8.37900447845459,-8.177282333374023,-7.9208550453186035,-7.646681785583496,-6.96850061416626,-7.314475059509277,-7.4195661544799805,-7.166706085205078,-7.00270938873291,-7.751908779144287,-8.544835090637207,-8.732611656188965,-7.916750431060791,-6.003955841064453,-5.42790412902832,-5.107504367828369,-3.6578431129455566,-2.744460344314575
-9.507852554321289,-9.850422859191895,-10.170970916748047,-10.14101505279541,-10.26350212097168,-10.595948219299316,-10.924403190612793,-10.967385292053223,-10.769701957702637,-10.975767135620117,-11.272765159606934,-11.434922218322754,-11.169404029846191,-10.629488945007324,-10.273204803466797,-10.062895774841309,-10.005034446716309,-9.961345672607422,-9.855301856994629,-9.676473617553711,-9.133162498474121,-8.772285461425781,-8.826504707336426,-8.69214153289795,-8.344075202941895,-8.031902313232422,-7.745771884918213,-7.310881614685059,-7.036487579345703,-6.852376937866211,-6.777882099151611,-6.797929763793945,-6.757775783538818,-6.928226947784424,-7.50840425491333,-7.917193412780762,-8.153573989868164,-7.86776065826416,-8.24824333190918,-8.035321235656738,-7.232194900512695,-6.860648155212402,-5.8263654708862305
-8.653674125671387,-8.716060638427734,-9.200581550598145,-9.272324562072754,-9.370362281799316,-9.790522575378418,-10.022175788879395,-10.043656349182129,-9.92282485961914,-9.879914283752441,-10.075533866882324,-10.391664505004883,-10.306585311889648,-10.110447883605957,-9.92453384399414,-9.862486839294434,-10.108125686645508,-10.000428199768066,-9.916379928588867,-9.949895858764648,-9.903298377990723,-10.243094444274902,-10.183981895446777,-9.485186576843262,-8.806504249572754,-8.399820327758789,-8.031311988830566,-7.616782188415527,-7.614800453186035,-7.870871067047119,-7.433799743652344,-7.324463844299316,-7.32827615737915,-7.188842296600342,-7.206383228302002,-7.364238739013672,-7.337246894836426,-7.076797962188721,-7.360119819641113,-7.496983528137207,-7.659393310546875,-7.8112921714782715,-7.83803653717041
-7.526118755340576,-7.751776695251465,-8.261099815368652,-8.57174301147461,-8.737597465515137,-9.200797080993652,-9.256440162658691,-9.275984764099121,-9.309357643127441,-9.209922790527344,-9.283016204833984,-9.533443450927734,-9.509537696838379,-9.618035316467285,-9.615549087524414,-9.498373031616211,-9.677276611328125,-9.551337242126465,-9.345356941223145,-9.538068771362305,-10.02968692779541,-10.452678680419922,-10.339131355285645,-10.04313850402832,-9.559849739074707,-9.608880043029785,-9.565378189086914,-9.394686698913574,-9.192099571228027,-8.966194152832031,-8.397758483886719,-7.883237838745117,-7.845479488372803,-7.884768962860107,-7.750555515289307,-7.700040340423584,-7.719438552856445,-7.5656938552856445,-7.550627708435059,-7.587735176086426,-7.496120929718018,-6.955567359924316,-6.999378204345703
-6.911696434020996,-7.853385925292969,-8.462370872497559,-8.635723114013672,-8.704904556274414,-8.671016693115234,-8.576125144958496,-8.474016189575195,-8.465960502624512,-8.46491813659668,-8.472550392150879,-8.467114448547363,-8.39865493774414,-8.506759643554688,-8.257798194885254,-7.945655822753906,-7.99907112121582,-8.033374786376953,-7.958073616027832,-8.219550132751465,-8.590044975280762,-8.816801071166992,-8.993847846984863,-9.270029067993164,-9.305658340454102,-9.670109748840332,-10.129266738891602,-10.409987449645996,-10.42629337310791,-10.189827919006348,-9.7007417678833,-9.299160957336426,-9.166342735290527,-9.08460807800293,-8.833757400512695,-8.592289924621582,-8.429131507873535,-8.36973762512207,-8.298102378845215,-7.8124823570251465,-7.549468994140625,-7.042760372161865,-6.793642997741699
-7.1554718017578125,-7.920041084289551,-8.363554000854492,-8.364887237548828,-8.138869285583496,-7.841865062713623,-7.8065056800842285,-7.562265396118164,-7.268146991729736,-7.1809539794921875,-7.452569961547852,-7.620296955108643,-7.919242858886719,-8.236964225769043,-8.150093078613281,-7.585975170135498,-7.441647052764893,-7.555394172668457,-8.0411958694458,-8.006044387817383,-7.555753707885742,-7.552598476409912,-7.68973970413208,-8.005376815795898,-8.49334716796875,-8.878996849060059,-9.465575218200684,-10.179959297180176,-10.61572265625,-10.589749336242676,-10.368955612182617,-10.204236030578613,-10.101522445678711,-10.051187515258789,-9.804673194885254,-9.625805854797363,-9.271656036376953,-8.974771499633789,-8.56936264038086,-7.930211067199707,-7.712245941162109,-7.015910625457764,-6.491803169250488
-6.851470947265625,-6.764159679412842,-6.99448823928833,-7.304702281951904,-7.340630531311035,-7.293453216552734,-7.257335662841797,-7.081397533416748,-6.817634582519531,-6.761551856994629,-7.250014305114746,-7.931160926818848,-8.44196605682373,-8.68989372253418,-8.948162078857422,-8.97856616973877,-8.838233947753906,-8.544610977172852,-8.528943061828613,-8.369648933410645,-8.083332061767578,-8.061112403869629,-8.074637413024902,-8.209239959716797,-8.60395622253418,-9.042134284973145,-9.377761840820312,-9.490888595581055,-9.9000244140625,-10.044960975646973,-10.173957824707031,-10.100565910339355,-10.100410461425781,-10.175482749938965,-9.969725608825684,-9.99967098236084,-9.682367324829102,-9.247880935668945,-8.823270797729492,-8.209132194519043,-7.962101459503174,-7.199414253234863,-6.09910774230957
-6.351023197174072,-6.233983516693115,-6.328007698059082,-6.483392715454102,-6.416412830352783,-6.191160678863525,-5.984468936920166,-6.064986705780029,-6.336394309997559,-6.667224407196045,-6.983924865722656,-7.3364739418029785,-7.4581828117370605,-7.265144348144531,-7.3482842445373535,-8.400421142578125,-8.821979522705078,-8.356480598449707,-7.617669105529785,-7.676944732666016,-8.08020305633545,-8.441381454467773,-8.685126304626465,-8.727495193481445,-8.802762031555176,-9.04932975769043,-9.1057767868042,-8.852152824401855,-8.813431739807129,-8.97510051727295,-9.096651077270508,-9.196456909179688,-9.33693790435791,-9.589754104614258,-9.657181739807129,-9.726763725280762,-9.661345481872559,-9.35689926147461,-8.860352516174316,-8.320158004760742,-7.886411190032959,-7.481009483337402,-6.94273042678833
-6.132593631744385,-5.9257588386535645,-5.939238548278809,-5.875301837921143,-5.6438727378845215,-5.499851226806641,-5.3689165115356445,-5.298958778381348,-5.460599899291992,-5.764393329620361,-5.912178993225098,-6.007152080535889,-6.238978385925293,-6.577301502227783,-6.872097015380859,-7.197872638702393,-7.3752851486206055,-7.835683345794678,-7.842788219451904,-7.475704193115234,-7.304035663604736,-7.529167175292969,-7.9011712074279785,-8.010713577270508,-7.7154645919799805,-7.314277172088623,-7.226617336273193,-7.70589542388916,-7.836294174194336,-7.810324668884277,-7.845306396484375,-8.016788482666016,-8.233302116394043,-8.563499450683594,-8.788797378540039,-8.938158988952637,-9.037540435791016,-9.063119888305664,-8.654296875,-8.241785049438477,-7.832959175109863,-7.520669937133789,-7.376821994781494
-5.946322441101074,-5.688758850097656,-5.7442193031311035,-5.699422836303711,-5.637495040893555,-5.682737827301025,-5.463001728057861,-5.244966506958008,-5.256551742553711,-5.322795867919922,-5.5043625831604,-5.853644371032715,-6.386048316955566,-7.235297679901123,-7.417036056518555,-6.9505205154418945,-6.665040969848633,-7.100326061248779,-7.635891437530518,-8.002089500427246,-7.760128974914551,-7.483138561248779,-7.508090019226074,-7.625341892242432,-7.413234710693359,-6.979352951049805,-6.975175380706787,-7.173758029937744,-7.235526084899902,-7.161258220672607,-7.226176738739014,-7.238537311553955,-7.206341743469238,-7.333316326141357,-7.576589584350586,-7.938202381134033,-8.151655197143555,-8.306821823120117,-8.197853088378906,-8.074298858642578,-7.963750839233398,-7.797978401184082,-7.93910551071167
-5.768962860107422,-5.753241062164307,-5.644432067871094,-5.565571308135986,-5.2386369705200195,-4.967819690704346,-4.9935526847839355,-5.137861251831055,-5.141568183898926,-5.313782215118408,-5.538219928741455,-5.776829719543457,-6.1469573974609375,-6.741156578063965,-7.067448616027832,-7.454934597015381,-7.5390119552612305,-7.445069789886475,-7.747751235961914,-8.394484519958496,-8.469590187072754,-8.222553253173828,-7.884973049163818,-7.719723701477051,-7.705517768859863,-7.682898044586182,-7.6584014892578125,-7.378127098083496,-7.238684177398682,-7.275335311889648,-7.297535419464111,-7.212185859680176,-7.089916706085205,-6.853801250457764,-6.8990478515625,-7.152294635772705,-7.320656776428223,-7.439325332641602,-7.5871758460998535,-7.66281270980835,-7.648806571960449,-7.826786041259766,-8.17421817779541
-5.042879104614258,-5.28835391998291,-4.905292987823486,-4.751781463623047,-4.76924467086792,-4.898963451385498,-5.174189567565918,-5.261713981628418,-5.251850128173828,-5.455279350280762,-5.686786651611328,-5.75529146194458,-5.698547840118408,-5.893258571624756,-6.535707950592041,-7.396936893463135,-7.78776216506958,-7.789381980895996,-7.80070686340332,-7.788822174072266,-7.938107967376709,-8.159451484680176,-8.131335258483887,-7.944028854370117,-7.705565929412842,-7.629154682159424,-7.458792686462402,-7.427261829376221,-7.5251922607421875,-7.498550891876221,-7.461697101593018,-7.53135347366333,-7.563642501831055,-7.329592704772949,-7.111982822418213,-7.10080623626709,-6.932196617126465,-6.798834323883057,-6.885903358459473,-7.060312271118164,-7.074897766113281,-7.160742282867432,-7.318325042724609
-5.239774227142334,-5.216545581817627,-4.86287784576416,-4.634292125701904,-4.754985332489014,-4.950461387634277,-4.940971374511719,-5.062863826751709,-5.38424015045166,-5.559193134307861,-5.6948041915893555,-5.795887470245361,-5.752429008483887,-5.816778659820557,-6.007728099822998,-6.205449104309082,-6.5209641456604,-6.642008304595947,-6.701379299163818,-6.934938430786133,-7.232381343841553,-7.552408218383789,-7.8610663414001465,-8.170501708984375,-8.327033042907715,-8.291492462158203,-8.151809692382812,-7.828864097595215,-7.736673355102539,-7.615005016326904,-7.531584739685059,-7.629184722900391,-7.5280985832214355,-7.466632843017578,-7.36179256439209,-7.192098140716553,-6.833098411560059,-6.596723556518555,-6.465232849121094,-6.557483673095703,-6.6055779457092285,-6.600590229034424,-6.764028549194336
