data/wind_data/wind_10_2.json
{"header": {"parameterUnit": "KT", "parameterCategory": 2, "nx": 256, "ny": 198, "lo1": 44.73521041870117, "la1": -3.236724853515625, "lo2": 111.26478576660156, "la2": 43.468475341796875, "dx": 0.2609002888202667, "dy": -0.23708222806453705, "refTime": "2025-02-19 10:00:00", "forecastTime": 0, "parameterNumber": 2, "parameterNumberName": "eastward_wind"}, "data":
[rows 38 to 56 of 198, columns 0 to 42 of 256]
-9.93455982208252,-10.677741050720215,-11.012476921081543,-10.819045066833496,-11.087301254272461,-10.801594734191895,-10.464713096618652,-10.539905548095703,-10.335532188415527,-10.48658561706543,-10.382631301879883,-10.678277015686035,-10.900472640991211,-11.606561660766602,-12.230000495910645,-13.154502868652344,-14.627280235290527,-15.216683387756348,-16.800819396972656,-18.821575164794922,-14.549003601074219,-12.739021301269531,-13.55241870880127,-13.155708312988281,-14.961628913879395,-14.647229194641113,-14.319074630737305,-13.678861618041992,-13.507506370544434,-13.69847583770752,-13.80907917022705,-12.99747371673584,-11.52669620513916,-11.099233627319336,-11.109952926635742,-11.498777389526367,-12.628478050231934,-13.68918514251709,-13.973011016845703,-14.055011749267578,-14.199742317199707,-14.35438060760498,-14.511126518249512
-9.381610870361328,-10.02912712097168,-10.408578872680664,-10.57168197631836,-11.114148139953613,-10.686004638671875,-10.208907127380371,-10.352291107177734,-10.401032447814941,-10.463875770568848,-10.319954872131348,-10.637575149536133,-10.851460456848145,-11.063824653625488,-11.558544158935547,-12.458380699157715,-13.927872657775879,-15.940918922424316,-15.779633522033691,-18.068023681640625,-16.92081069946289,-12.322443962097168,-13.252639770507812,-13.664131164550781,-14.093466758728027,-14.507919311523438,-13.339675903320312,-12.315790176391602,-12.12126350402832,-12.235496520996094,-12.360736846923828,-12.052385330200195,-11.20162582397461,-11.046245574951172,-11.570138931274414,-12.802926063537598,-13.915762901306152,-14.766483306884766,-15.146259307861328,-14.867936134338379,-14.416537284851074,-14.316689491271973,-14.46414566040039
-8.638731002807617,-9.092813491821289,-9.54769229888916,-9.852010726928711,-10.5487060546875,-9.742319107055664,-9.27344036102295,-9.44661808013916,-9.943360328674316,-10.205914497375488,-10.222894668579102,-10.39572525024414,-10.574226379394531,-10.653656005859375,-11.106776237487793,-11.750046730041504,-12.75500202178955,-14.144898414611816,-15.220394134521484,-15.972990989685059,-17.739883422851562,-13.908292770385742,-12.748147964477539,-14.52927017211914,-13.182469367980957,-13.576887130737305,-12.41918659210205,-11.433337211608887,-11.391690254211426,-11.226551055908203,-11.118979454040527,-11.23922061920166,-10.836091041564941,-10.797392845153809,-12.629227638244629,-14.075772285461426,-14.787294387817383,-15.729907989501953,-15.685446739196777,-15.191633224487305,-14.549043655395508,-14.132762908935547,-14.114261627197266
-8.139930725097656,-8.278998374938965,-8.474454879760742,-8.77454948425293,-9.317567825317383,-8.414793968200684,-8.409211158752441,-8.692864418029785,-8.979207038879395,-9.381686210632324,-9.795023918151855,-9.89030933380127,-9.866870880126953,-10.010774612426758,-10.426998138427734,-10.428333282470703,-12.43527889251709,-13.898588180541992,-15.079981803894043,-14.547961235046387,-16.223796844482422,-15.990663528442383,-12.529866218566895,-13.825474739074707,-13.17724323272705,-12.068660736083984,-11.619911193847656,-10.81932258605957,-10.73046875,-10.906817436218262,-10.922289848327637,-11.313901901245117,-11.057707786560059,-10.736126899719238,-12.835536003112793,-14.91884708404541,-15.046141624450684,-15.506172180175781,-15.50019645690918,-15.195756912231445,-14.6358060836792,-14.10484504699707,-13.75119686126709
-7.608129978179932,-7.532351493835449,-7.408233642578125,-7.599947929382324,-8.038293838500977,-7.65045166015625,-7.981485843658447,-8.131684303283691,-8.35676383972168,-9.040971755981445,-9.607789993286133,-9.556868553161621,-9.395713806152344,-9.48958969116211,-9.565176963806152,-9.936138153076172,-11.628446578979492,-12.931864738464355,-14.83699893951416,-13.328767776489258,-13.245840072631836,-15.69449234008789,-13.595213890075684,-12.055306434631348,-12.552787780761719,-11.277097702026367,-10.888381958007812,-11.064242362976074,-10.393177032470703,-10.598136901855469,-10.78215217590332,-10.98635196685791,-11.196209907531738,-10.820489883422852,-12.351194381713867,-14.583027839660645,-14.581103324890137,-14.971210479736328,-15.245684623718262,-14.951761245727539,-14.481656074523926,-14.068081855773926,-13.704176902770996
-7.21424674987793,-7.0597124099731445,-6.718989372253418,-6.764068603515625,-7.045491695404053,-7.43123197555542,-7.896515369415283,-7.761750221252441,-8.396343231201172,-9.173406600952148,-9.380699157714844,-9.717369079589844,-10.115991592407227,-10.026142120361328,-9.867194175720215,-10.01700210571289,-10.650955200195312,-11.776508331298828,-13.197442054748535,-14.196939468383789,-13.724977493286133,-15.002118110656738,-15.541502952575684,-11.659278869628906,-11.313145637512207,-11.895268440246582,-10.136896133422852,-11.313516616821289,-10.490178108215332,-10.374239921569824,-10.620176315307617,-10.649264335632324,-10.920418739318848,-10.719581604003906,-11.707616806030273,-13.479717254638672,-14.003644943237305,-14.457731246948242,-14.637543678283691,-14.370284080505371,-13.97336196899414,-13.609734535217285,-13.331425666809082
-7.395190238952637,-7.366681098937988,-6.975360870361328,-6.627023220062256,-6.475530624389648,-7.315100193023682,-8.004058837890625,-8.05867862701416,-8.470974922180176,-9.214308738708496,-9.963509559631348,-9.987699508666992,-9.98233699798584,-10.09384536743164,-9.84339714050293,-9.526887893676758,-9.710319519042969,-10.329449653625488,-11.411139488220215,-13.116071701049805,-15.229789733886719,-13.253663063049316,-15.090197563171387,-13.82544231414795,-9.856114387512207,-11.757369995117188,-10.346525192260742,-10.55033016204834,-10.699188232421875,-10.05274772644043,-10.546615600585938,-10.739655494689941,-10.706930160522461,-11.114248275756836,-12.090627670288086,-12.735756874084473,-13.413984298706055,-13.846803665161133,-13.85085391998291,-13.70275592803955,-13.30049991607666,-12.742740631103516,-12.35383415222168
-7.410151481628418,-7.32811975479126,-7.0057268142700195,-6.57713508605957,-6.57339334487915,-7.415670871734619,-8.20432186126709,-8.362217903137207,-8.566736221313477,-8.930968284606934,-9.203341484069824,-9.718839645385742,-10.094488143920898,-10.03055191040039,-9.818668365478516,-9.361651420593262,-9.592555046081543,-10.07781982421875,-10.530048370361328,-12.28010082244873,-13.590001106262207,-12.954934120178223,-12.987677574157715,-14.575520515441895,-10.555522918701172,-10.149558067321777,-11.48575210571289,-9.666177749633789,-10.669161796569824,-10.32041072845459,-12.19189453125,-12.612106323242188,-11.724272727966309,-11.43810749053955,-12.165861129760742,-12.495647430419922,-12.765396118164062,-13.087645530700684,-13.235756874084473,-13.14089584350586,-12.618867874145508,-11.973872184753418,-11.593226432800293
-6.624896049499512,-6.356568336486816,-5.962038993835449,-6.0644330978393555,-6.825622081756592,-7.15549898147583,-7.778293609619141,-7.944612979888916,-7.495377540588379,-7.660830974578857,-7.691832542419434,-8.455907821655273,-8.955754280090332,-9.421064376831055,-9.225297927856445,-9.268787384033203,-10.097930908203125,-11.243953704833984,-11.205450057983398,-11.529766082763672,-12.794024467468262,-13.249592781066895,-11.960665702819824,-13.839868545532227,-12.58509349822998,-8.416793823242188,-11.523244857788086,-9.66818904876709,-10.305575370788574,-11.351066589355469,-12.315844535827637,-11.809578895568848,-11.443633079528809,-11.381898880004883,-11.83548641204834,-11.933493614196777,-11.961687088012695,-12.348736763000488,-12.849407196044922,-12.902898788452148,-12.274415969848633,-11.568199157714844,-11.361763000488281
-5.751753807067871,-5.33761739730835,-5.280415058135986,-5.826294898986816,-6.36095666885376,-6.2724761962890625,-6.380784034729004,-6.410492897033691,-5.7662858963012695,-6.1279616355896,-6.440274715423584,-6.883995056152344,-8.198616027832031,-9.047149658203125,-9.185389518737793,-8.335847854614258,-10.345885276794434,-12.209359169006348,-11.610827445983887,-11.248331069946289,-12.12071704864502,-12.830764770507812,-12.652780532836914,-12.188753128051758,-13.718436241149902,-9.929536819458008,-10.68995189666748,-11.490607261657715,-10.564350128173828,-12.247272491455078,-11.591522216796875,-10.664737701416016,-10.41336441040039,-10.75748348236084,-11.214940071105957,-11.265820503234863,-11.558618545532227,-12.116109848022461,-12.608720779418945,-12.757418632507324,-12.269428253173828,-11.4442138671875,-10.86842155456543
-5.082762241363525,-5.352051734924316,-5.753081321716309,-5.878628253936768,-5.422408580780029,-4.613105297088623,-4.215120792388916,-4.649938106536865,-4.915122985839844,-5.006804466247559,-5.295560359954834,-5.66293478012085,-6.420578479766846,-7.784257411956787,-8.153510093688965,-9.113414764404297,-11.11885929107666,-11.943204879760742,-11.02981185913086,-10.988004684448242,-11.683646202087402,-12.125009536743164,-13.06950855255127,-11.42754077911377,-12.76867389678955,-12.04369831085205,-6.826162338256836,-10.608031272888184,-9.15999698638916,-11.414703369140625,-9.904106140136719,-9.841924667358398,-9.292150497436523,-9.963241577148438,-10.692705154418945,-11.14276123046875,-11.887495994567871,-12.460382461547852,-12.565674781799316,-12.144135475158691,-11.510293960571289,-10.623997688293457,-9.258050918579102
-4.118515968322754,-4.760711193084717,-5.045853614807129,-4.4668073654174805,-2.924985408782959,-3.079674482345581,-2.56874680519104,-3.4345474243164062,-3.8110973834991455,-4.121244430541992,-4.442262649536133,-4.98956823348999,-5.582211017608643,-6.986062049865723,-7.7217535972595215,-9.553093910217285,-10.799397468566895,-10.937386512756348,-10.785622596740723,-11.050736427307129,-11.587512016296387,-11.701775550842285,-12.372210502624512,-11.373427391052246,-11.189529418945312,-12.624123573303223,-6.284140586853027,-9.98172664642334,-8.178975105285645,-10.339969635009766,-9.1004638671875,-9.371224403381348,-8.801031112670898,-9.865509986877441,-10.832200050354004,-11.186059951782227,-11.713313102722168,-12.023242950439453,-11.767557144165039,-10.654117584228516,-9.499212265014648,-8.606233596801758,-7.803614616394043
-2.2253305912017822,-2.003228187561035,-1.8172951936721802,-1.685537576675415,-0.7303574681282043,-1.547468662261963,-0.8247396349906921,-1.238340139389038,-0.734686553478241,-1.5511540174484253,-2.6555473804473877,-5.132406711578369,-5.693669319152832,-6.714585304260254,-7.4632697105407715,-9.664810180664062,-10.236456871032715,-10.436386108398438,-10.888474464416504,-10.787745475769043,-10.635825157165527,-10.969449043273926,-12.361943244934082,-9.029529571533203,-10.026032447814941,-11.348261833190918,-6.786611557006836,-10.49439525604248,-8.742051124572754,-10.224486351013184,-8.687355995178223,-8.697837829589844,-8.289615631103516,-9.088757514953613,-10.119235038757324,-10.570677757263184,-10.489372253417969,-10.009737968444824,-9.618118286132812,-8.843297958374023,-8.123289108276367,-7.494520664215088,-7.5497660636901855
-0.17777059972286224,2.9492318630218506,1.9650421142578125,0.11742591112852097,-2.028151512145996,-0.5832840204238892,1.1106786727905273,0.09579212218523026,3.9285237789154053,3.4959311485290527,-1.3059329986572266,-5.282954692840576,-5.646312236785889,-5.957181930541992,-8.11230754852295,-9.28563404083252,-10.297840118408203,-10.770902633666992,-10.569683074951172,-10.413923263549805,-10.856939315795898,-10.962614059448242,-12.519280433654785,-9.46046257019043,-8.878291130065918,-10.904540061950684,-8.656257629394531,-10.832296371459961,-10.764751434326172,-10.128690719604492,-8.637009620666504,-8.359259605407715,-7.927211284637451,-7.712796688079834,-8.773087501525879,-10.307930946350098,-10.123062133789062,-8.620430946350098,-7.940866470336914,-8.652119636535645,-8.869701385498047,-8.799832344055176,-8.614418029785156
-2.4224114418029785,2.393878936767578,0.5089629888534546,-0.24242712557315826,0.045345865190029144,0.8309620022773743,-2.71760630607605,-0.3258807361125946,3.3472530841827393,2.808624505996704,-0.030176378786563873,-5.5485687255859375,-5.467570781707764,-6.516712665557861,-7.624807357788086,-9.050573348999023,-10.327253341674805,-10.18474292755127,-10.544232368469238,-10.989978790283203,-11.697282791137695,-11.867720603942871,-13.157303810119629,-10.73769474029541,-9.046610832214355,-10.784750938415527,-11.371028900146484,-10.11159610748291,-12.310358047485352,-9.402627944946289,-8.537372589111328,-8.473339080810547,-7.688230037689209,-6.985767841339111,-8.296606063842773,-9.981027603149414,-9.861501693725586,-8.24577522277832,-7.627625942230225,-10.005234718322754,-10.403955459594727,-9.973686218261719,-9.716073036193848
-5.815291404724121,-5.777499675750732,-3.798870325088501,-1.9928065538406372,-1.5071284770965576,-4.294702053070068,-3.1799497604370117,0.24000266194343567,-2.320387125015259,-4.4118499755859375,-2.5132341384887695,-5.716933250427246,-4.350760459899902,-6.042964458465576,-6.60465669631958,-7.692361354827881,-8.068212509155273,-7.364874362945557,-7.45358419418335,-9.58958911895752,-12.359959602355957,-12.483891487121582,-12.16957950592041,-11.740922927856445,-10.710700988769531,-8.675067901611328,-11.142974853515625,-9.82848834991455,-11.571186065673828,-9.003928184509277,-7.9900031089782715,-8.382588386535645,-7.422946453094482,-6.786425590515137,-8.300373077392578,-9.503204345703125,-9.810128211975098,-9.619967460632324,-9.93925666809082,-11.069893836975098,-10.857274055480957,-10.312381744384766,-10.223261833190918
-8.508383750915527,-8.803365707397461,-7.625386714935303,-5.545076370239258,-0.32012394070625305,-2.0981712341308594,-2.4755361080169678,-2.800841808319092,-2.355193614959717,-5.1795430183410645,-7.131612300872803,-6.717960357666016,-4.032779216766357,-4.940898895263672,-5.613618850708008,-6.737978458404541,-6.197794437408447,-3.7243590354919434,-1.4887839555740356,-1.378559947013855,-9.125481605529785,-11.964393615722656,-10.527463912963867,-12.262320518493652,-7.964366912841797,-8.1538667678833,-11.326467514038086,-9.613784790039062,-10.07532787322998,-8.19090461730957,-7.670425891876221,-7.65984582901001,-7.540576457977295,-7.937219142913818,-9.148143768310547,-10.051412582397461,-10.810224533081055,-11.040670394897461,-10.7631254196167,-10.115739822387695,-10.220926284790039,-10.1751708984375,-9.309370040893555
-10.323346138000488,-10.600533485412598,-10.328453063964844,-9.821413040161133,-8.50618839263916,-6.865058898925781,-5.249856472015381,-4.082286834716797,-2.5783960819244385,-2.6015093326568604,-5.449267864227295,-2.5410420894622803,-1.1411150693893433,-0.4376668930053711,-3.0621695518493652,-5.763760566711426,-4.346210956573486,0.8039763569831848,1.6542398929595947,-0.16130384802818298,-10.748994827270508,-11.717766761779785,-9.435068130493164,-12.397765159606934,-8.365167617797852,-7.438939571380615,-10.797198295593262,-8.567438125610352,-8.69583511352539,-8.615398406982422,-8.978046417236328,-7.025665283203125,-8.264710426330566,-9.421131134033203,-9.900383949279785,-10.076931953430176,-10.773887634277344,-11.01585578918457,-11.222576141357422,-11.645773887634277,-11.560218811035156,-10.616533279418945,-9.395064353942871
-11.071495056152344,-11.609853744506836,-11.45539665222168,-11.282907485961914,-10.958327293395996,-10.764490127563477,-8.415498733520508,-7.476658821105957,-6.304044723510742,-5.6375322341918945,-4.424195766448975,-4.098731994628906,-2.77347993850708,-1.539772868156433,-1.0277767181396484,-3.1172213554382324,-3.131387948989868,-2.700145721435547,-6.50066614151001,-9.797418594360352,-10.444178581237793,-8.340970993041992,-5.033015727996826,-10.214693069458008,-8.101204872131348,-8.150464057922363,-9.939275741577148,-8.241118431091309,-8.99956226348877,-9.509264945983887,-8.806117057800293,-8.230189323425293,-9.338543891906738,-10.0941162109375,-9.718684196472168,-9.727911949157715,-10.524879455566406,-11.896469116210938,-12.764476776123047,-12.878661155700684,-12.462444305419922,-12.153468132019043,-10.861207962036133
