data/wind_data/wind_70_1.json
{"header": {"parameterUnit": "KT", "parameterCategory": 2, "nx": 256, "ny": 198, "lo1": 44.73521041870117, "la1": -3.236724853515625, "lo2": 111.26478576660156, "la2": 43.468475341796875, "dx": 0.2609002888202667, "dy": -0.23708222806453705, "refTime": "2025-02-21 22:00:00", "forecastTime": 0, "parameterNumber": 2, "parameterNumberName": "eastward_wind"}, "data":
[rows 0 to 18 of 198, columns 43 to 85 of 256]
-8.324186325073242,-7.950089931488037,-7.189908027648926,-6.784201622009277,-6.659509181976318,-6.362923622131348,-6.063717365264893,-6.496066570281982,-7.104875087738037,-6.610264778137207,-5.646279811859131,-4.620868682861328,-3.9787325859069824,-4.638596057891846,-5.349917411804199,-5.275352478027344,-5.2134881019592285,-5.353832244873047,-5.913674354553223,-7.1325178146362305,-7.623960971832275,-7.173890590667725,-6.391780376434326,-5.332187175750732,-5.523512840270996,-6.657752513885498,-6.575653553009033,-5.7642693519592285,-5.323829174041748,-5.065834999084473,-4.950040340423584,-5.006270408630371,-5.383808612823486,-5.736495018005371,-5.684841632843018,-5.469755172729492,-5.110543251037598,-4.885892868041992,-5.003368854522705,-4.9829840660095215,-4.684698581695557,-4.410851001739502,-4.196170330047607
-8.509779930114746,-8.37098503112793,-7.5173845291137695,-6.871601581573486,-6.499933242797852,-5.777933120727539,-5.226555347442627,-6.323461055755615,-7.704225540161133,-7.128024578094482,-6.080279350280762,-5.370187759399414,-4.716753959655762,-5.059020042419434,-5.726062297821045,-5.802493095397949,-5.982244491577148,-6.732288837432861,-7.606681823730469,-8.25471305847168,-8.214337348937988,-7.654018402099609,-6.892734050750732,-5.888132095336914,-5.5432820320129395,-5.78376579284668,-5.865899085998535,-5.80314826965332,-5.452871322631836,-5.042177677154541,-4.868680477142334,-4.943235874176025,-5.345815658569336,-5.653576374053955,-5.741974353790283,-5.724941730499268,-5.431638240814209,-5.264664649963379,-5.408036708831787,-5.37965726852417,-5.140006065368652,-4.808278560638428,-4.3597187995910645
-7.524013042449951,-7.974095821380615,-8.012736320495605,-7.563876628875732,-6.539045333862305,-5.626891136169434,-5.27595853805542,-6.265934944152832,-7.431037902832031,-7.30025053024292,-7.00545597076416,-6.4861674308776855,-5.909692287445068,-6.336059093475342,-6.918219089508057,-6.966665744781494,-7.057934761047363,-7.218095302581787,-7.7387309074401855,-8.39932632446289,-8.173627853393555,-7.42048978805542,-6.884851932525635,-6.324329853057861,-6.020275115966797,-6.130599498748779,-6.176578044891357,-6.070159435272217,-5.767256259918213,-5.3482489585876465,-4.914731502532959,-4.814737319946289,-5.248413562774658,-5.511307239532471,-5.5709357261657715,-5.699077606201172,-5.709173679351807,-5.65482234954834,-5.532734394073486,-5.427742004394531,-5.350536823272705,-5.146412372589111,-4.663961410522461
-7.45260763168335,-8.013806343078613,-8.567970275878906,-8.808834075927734,-7.976910591125488,-7.167857646942139,-6.835379600524902,-6.971219539642334,-7.1367692947387695,-7.340249538421631,-7.605886459350586,-7.510448455810547,-7.409426212310791,-7.527013778686523,-7.627658843994141,-7.810856342315674,-8.344759941101074,-8.487689971923828,-8.412480354309082,-8.425742149353027,-7.976088523864746,-7.273592472076416,-6.876952648162842,-6.484884738922119,-6.1488776206970215,-6.2609758377075195,-6.465295314788818,-6.548568248748779,-6.26936674118042,-5.529300212860107,-4.69270658493042,-4.703810691833496,-5.713995933532715,-6.361239433288574,-6.237175941467285,-5.888235569000244,-6.135590076446533,-6.144219875335693,-5.161326885223389,-4.738427639007568,-5.096135139465332,-5.812465190887451,-5.299286842346191
-9.381168365478516,-9.344076156616211,-10.028165817260742,-11.88100814819336,-11.478545188903809,-10.53957462310791,-9.952191352844238,-8.457703590393066,-7.4679107666015625,-8.533180236816406,-8.812789916992188,-8.481608390808105,-9.168620109558105,-8.394082069396973,-7.935206890106201,-8.209701538085938,-9.378177642822266,-10.164846420288086,-9.80399227142334,-8.68033218383789,-7.8451032638549805,-7.398499488830566,-6.655364990234375,-5.497686862945557,-4.708732604980469,-5.326448440551758,-6.447973251342773,-7.478823184967041,-7.201864242553711,-5.49111795425415,-3.643139362335205,-3.408108711242676,-6.911592483520508,-8.949467658996582,-9.476945877075195,-6.1216888427734375,-6.880549430847168,-7.576781272888184,-3.274585008621216,-1.435541033744812,-3.056710958480835,-9.078927993774414,-7.766168594360352
-8.4161376953125,-8.106377601623535,-8.414523124694824,-12.113384246826172,-10.872503280639648,-10.097439765930176,-10.156972885131836,-8.618264198303223,-7.754623889923096,-9.675918579101562,-10.410704612731934,-8.678043365478516,-8.738760948181152,-7.879553318023682,-7.7562127113342285,-7.66597843170166,-7.6442461013793945,-7.601551532745361,-8.179778099060059,-8.315032958984375,-7.489223480224609,-6.751940727233887,-5.66940450668335,-4.4386491775512695,-3.238807201385498,-3.2993171215057373,-4.818110466003418,-6.779428958892822,-8.356468200683594,-6.861268997192383,-3.4290990829467773,-0.37776821851730347,-5.657932758331299,-7.376778602600098,-11.043357849121094,-5.795774459838867,-8.800609588623047,-9.446162223815918,-3.6156787872314453,0.1980520635843277,-1.2527540922164917,-8.684264183044434,-5.33194637298584
-9.30932331085205,-8.338175773620605,-12.167987823486328,-13.790815353393555,-11.149150848388672,-10.551614761352539,-10.26374626159668,-9.133881568908691,-8.900873184204102,-8.676986694335938,-9.54354190826416,-10.277761459350586,-9.445531845092773,-8.027153015136719,-7.628396034240723,-7.151939868927002,-7.598953723907471,-8.182947158813477,-8.391534805297852,-8.141448974609375,-7.138304233551025,-7.687816143035889,-5.9664483070373535,-3.311152219772339,-2.216268539428711,-1.6902512311935425,-2.5609114170074463,-5.5180983543396,-8.745412826538086,-7.1987481117248535,-3.181825876235962,-2.5996665954589844,-7.942885398864746,-11.717422485351562,-11.677712440490723,-10.151928901672363,-10.272244453430176,-7.925638675689697,-3.0845437049865723,-2.0625882148742676,-4.840656280517578,-4.8754987716674805,-4.320375919342041
-5.73555326461792,-6.072234153747559,-11.29024887084961,-13.012954711914062,-10.652582168579102,-8.475740432739258,-8.877946853637695,-10.453625679016113,-9.909865379333496,-8.690881729125977,-9.781830787658691,-10.607935905456543,-9.849209785461426,-8.658224105834961,-7.212014675140381,-6.650494575500488,-6.414577484130859,-7.720907688140869,-8.246716499328613,-7.055193901062012,-7.690366744995117,-8.729296684265137,-6.512560844421387,-4.185608863830566,-2.162081480026245,-1.3795042037963867,-4.44010066986084,-6.744989395141602,-7.204120635986328,-6.920681476593018,-4.350343704223633,-3.950410842895508,-6.642076015472412,-12.905031204223633,-11.037717819213867,-8.68936538696289,-7.573232650756836,-5.899606227874756,-5.789902687072754,-4.756888389587402,-4.900350570678711,-5.855185031890869,-1.675639033317566
-9.839089393615723,-10.933926582336426,-12.643762588500977,-12.851606369018555,-10.470609664916992,-8.83172607421875,-9.420666694641113,-7.513011932373047,-7.714705467224121,-9.823129653930664,-9.553365707397461,-9.245650291442871,-9.800557136535645,-8.738301277160645,-6.572385311126709,-3.6768879890441895,-4.845999240875244,-9.006155967712402,-9.366130828857422,-9.38082504272461,-10.4915132522583,-8.75130558013916,-7.8282904624938965,-6.166244029998779,-5.387126922607422,-5.714963912963867,-7.8590922355651855,-8.739190101623535,-7.178816318511963,-5.550330638885498,-4.4699296951293945,-1.761277198791504,-3.040226936340332,-14.295722961425781,-10.206650733947754,-8.16666316986084,-4.949163436889648,-4.9225664138793945,-8.59182071685791,-4.406672954559326,-2.44724702835083,-6.209731578826904,-6.641944408416748
-13.21449089050293,-11.731049537658691,-11.673332214355469,-10.501903533935547,-10.804227828979492,-9.971858024597168,-8.273880004882812,-4.203673839569092,-5.622561931610107,-10.356303215026855,-9.126334190368652,-8.371987342834473,-9.815403938293457,-8.35647964477539,-5.801268100738525,-2.623993396759033,-0.39542099833488464,-6.7608184814453125,-10.629037857055664,-12.434876441955566,-12.558538436889648,-11.225421905517578,-8.852629661560059,-5.6440510749816895,-5.2315144538879395,-5.877277374267578,-6.758973598480225,-6.465103626251221,-5.827908515930176,-5.530759811401367,-4.90251350402832,-4.419881820678711,-5.911545753479004,-9.486429214477539,-9.620229721069336,-10.654657363891602,-8.413766860961914,-7.9388651847839355,-7.874269008636475,-4.680238246917725,-4.1650848388671875,-4.214105606079102,-7.152245998382568
-12.097875595092773,-10.808309555053711,-8.914579391479492,-8.253654479980469,-9.669234275817871,-10.366825103759766,-8.036395072937012,-7.0851922035217285,-7.046485900878906,-8.084479331970215,-8.887738227844238,-9.928852081298828,-9.646224975585938,-7.889744758605957,-6.104033470153809,-4.89694356918335,-4.075215816497803,-4.492189884185791,-6.084675312042236,-9.258599281311035,-13.925420761108398,-12.647966384887695,-9.036747932434082,-7.118146896362305,-7.566618919372559,-6.444950580596924,-6.650084495544434,-5.8284912109375,-5.353371620178223,-4.299992084503174,-3.703296184539795,-3.4177348613739014,-4.607357025146484,-8.42180061340332,-13.654780387878418,-10.901991844177246,-7.653086185455322,-7.883430480957031,-5.930948734283447,-5.570450305938721,-5.124721050262451,-6.16226053237915,-9.627408027648926
-6.986854076385498,-11.860183715820312,-13.208288192749023,-8.61185359954834,-6.1115546226501465,-7.910536766052246,-9.609006881713867,-8.06771469116211,-5.6504926681518555,-7.236011981964111,-10.312036514282227,-11.24418830871582,-10.703238487243652,-9.919075965881348,-8.671391487121582,-7.790217399597168,-7.387750148773193,-8.8338041305542,-9.621186256408691,-6.174160957336426,-10.553207397460938,-13.029279708862305,-10.766692161560059,-9.328880310058594,-9.056802749633789,-8.140341758728027,-6.967763900756836,-6.121710300445557,-4.77109432220459,-3.5444679260253906,-2.2393593788146973,-0.741827130317688,-7.600614547729492,-11.82606315612793,-13.700334548950195,-9.364442825317383,-7.233788013458252,-8.435486793518066,-7.5304999351501465,-6.165882110595703,-7.612525463104248,-9.25478458404541,-8.677578926086426
-6.141292572021484,-13.074173927307129,-12.892250061035156,-7.52634334564209,-4.419394493103027,-7.808466911315918,-9.50939655303955,-4.593719005584717,-3.9726402759552,-4.6279802322387695,-9.15339469909668,-12.338993072509766,-13.445122718811035,-11.961282730102539,-9.033470153808594,-8.814224243164062,-9.228419303894043,-9.01854133605957,-9.705568313598633,-10.513346672058105,-11.922865867614746,-10.667228698730469,-12.942736625671387,-11.933043479919434,-8.983872413635254,-7.717267036437988,-6.302296161651611,-5.74906587600708,-7.114917278289795,-6.357969284057617,-3.401548385620117,-4.989683151245117,-10.603140830993652,-11.270759582519531,-13.701727867126465,-10.357440948486328,-7.121300220489502,-8.542061805725098,-9.203511238098145,-6.753779888153076,-8.48085880279541,-9.3402099609375,-8.346490859985352
-10.777796745300293,-11.494242668151855,-9.426660537719727,-5.400902271270752,-6.410264492034912,-10.863780975341797,-9.3812837600708,-5.353945255279541,-4.23936128616333,-2.9415600299835205,-2.396019458770752,-9.525275230407715,-15.198030471801758,-13.069998741149902,-9.32090950012207,-10.292407989501953,-11.050430297851562,-10.377710342407227,-10.919857025146484,-10.687151908874512,-11.706708908081055,-12.456595420837402,-12.454544067382812,-10.770167350769043,-9.215217590332031,-6.931936740875244,-5.262522220611572,-7.933283805847168,-12.478272438049316,-8.276869773864746,-5.0292067527771,-8.916027069091797,-11.396540641784668,-11.776850700378418,-10.37713623046875,-9.330586433410645,-8.782835006713867,-8.572050094604492,-9.407459259033203,-7.867164611816406,-8.443392753601074,-8.153032302856445,-8.23608684539795
-11.376648902893066,-8.115169525146484,-6.807082653045654,-6.51357364654541,-4.919417381286621,-6.218153953552246,-11.705521583557129,-10.46644115447998,-6.270854473114014,-6.413815021514893,-8.275726318359375,-14.256569862365723,-13.47121524810791,-11.582564353942871,-10.799121856689453,-11.214835166931152,-11.593490600585938,-11.032870292663574,-11.64408016204834,-12.357372283935547,-12.315668106079102,-12.049726486206055,-10.792452812194824,-7.769522666931152,-6.536019325256348,-7.7851128578186035,-9.710745811462402,-10.837762832641602,-9.335514068603516,-6.336203098297119,-9.283315658569336,-10.47342586517334,-7.5618791580200195,-8.80355167388916,-9.671419143676758,-9.257096290588379,-9.678848266601562,-9.191469192504883,-8.847785949707031,-8.434842109680176,-8.855659484863281,-8.386821746826172,-7.412662982940674
-9.84671401977539,-10.10116958618164,-10.497701644897461,-12.161164283752441,-10.939311981201172,-7.691890239715576,-8.090886116027832,-9.979747772216797,-10.729842185974121,-10.461605072021484,-11.565983772277832,-13.232731819152832,-12.499671936035156,-10.746200561523438,-11.022643089294434,-11.666101455688477,-10.836727142333984,-10.930331230163574,-11.136933326721191,-12.080981254577637,-12.295385360717773,-10.893756866455078,-8.98623275756836,-8.108373641967773,-6.845242500305176,-8.133050918579102,-11.806941032409668,-10.137313842773438,-5.501495361328125,-6.621962547302246,-11.362836837768555,-10.433180809020996,-8.15783977508545,-9.818629264831543,-10.465047836303711,-10.350343704223633,-9.182377815246582,-9.603556632995605,-9.39525318145752,-9.788092613220215,-9.437682151794434,-8.513200759887695,-8.1729154586792
-8.183307647705078,-10.109712600708008,-12.161799430847168,-13.097548484802246,-10.279736518859863,-6.950767993927002,-9.335100173950195,-11.580989837646484,-11.015941619873047,-10.866280555725098,-11.603837013244629,-10.871503829956055,-10.214194297790527,-10.851598739624023,-11.924057006835938,-11.716469764709473,-10.641118049621582,-11.128029823303223,-11.490424156188965,-11.635889053344727,-11.555828094482422,-10.983400344848633,-11.186566352844238,-11.124226570129395,-9.005087852478027,-8.38415813446045,-9.372903823852539,-9.634553909301758,-8.811840057373047,-9.764628410339355,-10.623226165771484,-10.218907356262207,-9.708525657653809,-10.640458106994629,-10.282123565673828,-10.562942504882812,-9.933080673217773,-10.032426834106445,-10.548080444335938,-10.693133354187012,-10.765439987182617,-9.767910957336426,-9.009590148925781
-8.08532428741455,-11.170461654663086,-13.467077255249023,-10.104689598083496,-8.811683654785156,-10.306867599487305,-11.410665512084961,-11.456646919250488,-11.120967864990234,-11.640161514282227,-12.357233047485352,-12.377287864685059,-11.923762321472168,-11.76522445678711,-12.202159881591797,-11.1802339553833,-9.797574996948242,-11.278965950012207,-12.71979808807373,-11.765448570251465,-11.026135444641113,-11.722586631774902,-10.86306095123291,-9.778203010559082,-9.223747253417969,-9.45490550994873,-9.45468807220459,-10.916624069213867,-11.278885841369629,-10.106677055358887,-9.5450439453125,-9.76153564453125,-10.740922927856445,-11.04246997833252,-11.05991268157959,-10.825421333312988,-10.668785095214844,-10.378192901611328,-11.198699951171875,-11.431843757629395,-11.23482894897461,-10.415447235107422,-9.350085258483887
-14.2740478515625,-13.338563919067383,-9.822279930114746,-10.217772483825684,-11.500320434570312,-10.736713409423828,-10.895915031433105,-11.859514236450195,-12.275263786315918,-12.148416519165039,-12.644389152526855,-13.283065795898438,-13.382436752319336,-12.70383358001709,-12.017407417297363,-10.86927318572998,-10.183067321777344,-12.200395584106445,-14.344534873962402,-11.90395736694336,-10.595189094543457,-12.021366119384766,-10.92031192779541,-9.2648344039917,-9.431384086608887,-8.93024730682373,-9.922425270080566,-12.05147933959961,-9.965841293334961,-8.893899917602539,-10.422316551208496,-10.916964530944824,-10.917985916137695,-11.006366729736328,-11.095115661621094,-10.867108345031738,-10.322752952575684,-10.040555000305176,-10.954376220703125,-11.224699020385742,-10.782744407653809,-10.255653381347656,-9.3941650390625
