data/wind_data/wind_13_3.json
{"header": {"parameterUnit": "KT", "parameterCategory": 2, "nx": 256, "ny": 198, "lo1": 44.73521041870117, "la1": -3.236724853515625, "lo2": 111.26478576660156, "la2": 43.468475341796875, "dx": 0.2609002888202667, "dy": -0.23708222806453705, "refTime": "2025-02-19 13:00:00", "forecastTime": 0, "parameterNumber": 2, "parameterNumberName": "eastward_wind"}, "data":
[rows 152 to 170 of 198, columns 176 to 219 of 256]
18.876079559326172,22.867965698242188,25.890060424804688,28.221403121948242,30.034269332885742,30.566959381103516,28.716053009033203,24.81887435913086,20.64556884765625,19.387826919555664,21.29134750366211,23.760494232177734,26.512083053588867,29.122114181518555,30.878376007080078,31.900693893432617,32.58251953125,32.549861907958984,30.164865493774414,26.695232391357422,23.333250045776367,20.665302276611328,18.575271606445312,16.656843185424805,14.527070045471191,13.275162696838379,14.03133773803711,14.150185585021973,16.174583435058594,16.21702766418457,11.361568450927734,8.01502513885498,10.015106201171875,14.086274147033691,15.625585556030273,11.92194652557373,10.038504600524902,11.503424644470215,13.07356071472168,13.866325378417969,15.835144996643066,19.65629005432129,24.735389709472656,26.464658737182617
25.97959327697754,29.998123168945312,33.29730987548828,35.57870864868164,36.950950622558594,37.599365234375,37.34814453125,34.976341247558594,30.0030574798584,24.529010772705078,21.566165924072266,22.30185317993164,22.939510345458984,22.71678924560547,22.09067153930664,21.32059669494629,21.399932861328125,20.68334197998047,18.56566619873047,16.23866081237793,14.707965850830078,14.940078735351562,15.348665237426758,14.721445083618164,12.89382553100586,10.97649097442627,9.1622314453125,10.817090034484863,12.460606575012207,14.18101692199707,14.745879173278809,14.708629608154297,15.815706253051758,19.04754066467285,11.033164978027344,4.993881702423096,4.912684917449951,6.170125961303711,7.558662414550781,10.48892879486084,13.188237190246582,16.964576721191406,19.030454635620117,19.370542526245117
28.606374740600586,31.554061889648438,34.242515563964844,35.30137634277344,35.64775466918945,36.31814956665039,37.76011657714844,39.66887283325195,40.29426574707031,37.731529235839844,33.27448654174805,29.195711135864258,26.020902633666992,24.437841415405273,25.722166061401367,25.1934871673584,21.95431137084961,20.102876663208008,20.954814910888672,20.34538459777832,16.882434844970703,16.374103546142578,17.27082633972168,16.57486915588379,15.280285835266113,14.474527359008789,14.873581886291504,15.7791109085083,16.141511917114258,17.568525314331055,19.93107795715332,21.632431030273438,19.370182037353516,20.440019607543945,8.976448059082031,5.391797065734863,4.940131664276123,6.51478910446167,9.555025100708008,11.902852058410645,10.349752426147461,9.600178718566895,11.823267936706543,15.055045127868652
28.699363708496094,30.0200252532959,31.429298400878906,30.992504119873047,29.791648864746094,30.224580764770508,32.60406494140625,35.70888900756836,38.70335006713867,41.28017044067383,41.9917106628418,40.29908752441406,35.533729553222656,29.599443435668945,28.084186553955078,32.60112762451172,32.4223518371582,25.60944938659668,21.481477737426758,20.670923233032227,20.355913162231445,19.723573684692383,20.848474502563477,21.848562240600586,22.545063018798828,23.830154418945312,24.856718063354492,25.366491317749023,25.315326690673828,25.17886734008789,25.58704376220703,24.4521484375,20.321998596191406,17.057479858398438,11.319640159606934,9.13975715637207,6.434361934661865,5.947305679321289,8.231343269348145,11.190407752990723,10.73375415802002,8.457232475280762,10.298257827758789,9.20103931427002
29.222715377807617,29.980743408203125,30.10307502746582,29.393451690673828,27.889623641967773,27.672611236572266,30.096837997436523,32.40559768676758,32.72542953491211,33.23612594604492,35.69002914428711,38.48178482055664,39.26176452636719,37.15439987182617,32.804866790771484,33.29312515258789,33.20465850830078,28.995222091674805,25.04829978942871,23.58638572692871,24.211538314819336,25.227136611938477,26.634124755859375,27.817594528198242,28.753538131713867,30.203346252441406,31.282997131347656,31.257936477661133,32.054603576660156,32.855072021484375,30.39911651611328,27.656936645507812,27.87661361694336,25.392093658447266,23.351396560668945,16.082429885864258,11.572336196899414,10.279550552368164,10.684795379638672,9.7252779006958,10.976621627807617,9.329405784606934,12.135025024414062,9.571325302124023
32.54677200317383,33.32975387573242,33.74628448486328,34.078792572021484,32.72494125366211,30.253360748291016,29.465126037597656,28.176713943481445,26.352575302124023,26.79266357421875,28.16436004638672,29.99362564086914,33.08192825317383,36.2714958190918,36.44719314575195,32.77240753173828,31.027254104614258,30.949495315551758,28.960987091064453,24.370838165283203,22.083528518676758,24.466983795166016,28.531545639038086,30.767478942871094,31.37381362915039,32.918540954589844,35.13498306274414,36.63923263549805,36.42138671875,37.098609924316406,37.77703857421875,36.85869598388672,36.5448112487793,32.2453498840332,28.812349319458008,20.32891082763672,14.125679016113281,14.962309837341309,16.883764266967773,16.522972106933594,16.843904495239258,16.067960739135742,16.649093627929688,16.138078689575195
33.90900802612305,34.432743072509766,34.5950813293457,34.86608123779297,33.22128677368164,29.26047706604004,26.12263298034668,24.833511352539062,25.02872085571289,27.073469161987305,28.373809814453125,26.83564567565918,26.025466918945312,27.831525802612305,28.568187713623047,26.161611557006836,24.17255401611328,24.40619659423828,24.86948013305664,24.253154754638672,24.104209899902344,25.035051345825195,27.300363540649414,29.386178970336914,29.169477462768555,29.22112274169922,31.39178466796875,33.311439514160156,32.23051071166992,32.956642150878906,37.170963287353516,41.0998649597168,43.827091217041016,41.91608428955078,38.2476692199707,26.693838119506836,15.320916175842285,15.644647598266602,19.417757034301758,21.269445419311523,22.00818634033203,22.640634536743164,23.309926986694336,20.478023529052734
34.064666748046875,35.29262924194336,34.880409240722656,32.981895446777344,30.368112564086914,26.477006912231445,23.99295997619629,25.374542236328125,27.26926040649414,30.066390991210938,32.07612228393555,30.32520866394043,24.55289077758789,20.861064910888672,18.01140785217285,14.885169982910156,14.85992431640625,17.173215866088867,18.337265014648438,19.706138610839844,21.880992889404297,22.648523330688477,22.526880264282227,23.91459083557129,24.313941955566406,22.951932907104492,22.95463752746582,24.463590621948242,26.53499412536621,29.77791404724121,34.5986213684082,39.716983795166016,45.0919303894043,46.03774642944336,42.74057388305664,31.435945510864258,19.219085693359375,17.555776596069336,19.582176208496094,22.41678810119629,23.70699691772461,24.00261688232422,24.287349700927734,21.080141067504883
32.65594482421875,34.863338470458984,34.581626892089844,30.138566970825195,26.5882568359375,23.303604125976562,24.48789405822754,28.16730499267578,31.316761016845703,32.05235290527344,32.87575149536133,31.689258575439453,26.282058715820312,20.369373321533203,16.068798065185547,13.937667846679688,14.080044746398926,17.077651977539062,19.30870819091797,20.065961837768555,21.88745880126953,23.029495239257812,22.568225860595703,22.440082550048828,22.258682250976562,20.240707397460938,19.160905838012695,20.778348922729492,24.37165641784668,29.371204376220703,35.966312408447266,41.5662956237793,45.65598678588867,45.45927810668945,43.69459915161133,35.45283508300781,19.79058265686035,17.772037506103516,19.17691421508789,21.62973403930664,23.576719284057617,24.42158317565918,21.72269058227539,16.06985092163086
30.331254959106445,32.099700927734375,31.844280242919922,26.2263240814209,22.794620513916016,24.089357376098633,26.30685043334961,29.56901741027832,31.52680015563965,32.55016326904297,27.185283660888672,19.817232131958008,14.774266242980957,12.72833251953125,12.138040542602539,11.398942947387695,11.378039360046387,12.76583194732666,14.424640655517578,15.360861778259277,17.01656150817871,18.483503341674805,18.277799606323242,17.724966049194336,17.54182243347168,16.778854370117188,16.859708786010742,18.675640106201172,21.479175567626953,26.16548728942871,34.54950714111328,42.25405502319336,43.995574951171875,40.85087585449219,37.27280807495117,38.17050552368164,27.1912841796875,20.93858528137207,20.368349075317383,21.71698570251465,22.221986770629883,21.8529052734375,13.460807800292969,9.744450569152832
30.01718521118164,31.89011001586914,32.14491653442383,24.30203628540039,22.26123046875,25.128047943115234,25.8502197265625,25.846736907958984,26.223814010620117,23.21770477294922,11.115213394165039,5.748268127441406,5.78175687789917,7.1505818367004395,8.61422348022461,9.740890502929688,10.762253761291504,11.849468231201172,12.688631057739258,13.40494441986084,14.25774097442627,15.243788719177246,16.389514923095703,17.447195053100586,18.450841903686523,19.443084716796875,20.069982528686523,20.445749282836914,21.955215454101562,24.877124786376953,30.157114028930664,35.140506744384766,35.0421028137207,31.0443115234375,32.23263168334961,35.22745132446289,40.92790222167969,27.18120765686035,23.426061630249023,24.67600440979004,22.037752151489258,15.802481651306152,9.86808967590332,7.57304048538208
28.824020385742188,30.941545486450195,31.022602081298828,23.621017456054688,23.098800659179688,23.08241081237793,21.3182373046875,14.374839782714844,6.275025844573975,4.959585666656494,6.749725341796875,8.158390998840332,8.654961585998535,9.311320304870605,10.697117805480957,12.331378936767578,13.152935028076172,13.050091743469238,13.06375503540039,13.618820190429688,14.428755760192871,15.74786376953125,18.587961196899414,21.65009117126465,23.753868103027344,24.651229858398438,24.148590087890625,22.96524429321289,22.33476448059082,23.63018226623535,26.318971633911133,27.797212600708008,27.666257858276367,28.584444046020508,31.887353897094727,32.61021041870117,32.63472366333008,23.001047134399414,24.869396209716797,28.29707908630371,28.707244873046875,16.449798583984375,3.1908907890319824,4.915437698364258
26.861080169677734,31.22829246520996,29.337615966796875,23.12703514099121,19.95555305480957,16.501924514770508,10.872797966003418,8.37677001953125,9.012605667114258,11.16340446472168,12.468060493469238,11.547362327575684,10.58558464050293,11.054963111877441,12.377641677856445,13.76779556274414,14.984618186950684,15.666772842407227,15.912160873413086,16.448034286499023,17.75525665283203,19.753555297851562,22.709564208984375,25.718151092529297,27.029773712158203,26.169921875,24.416418075561523,23.337825775146484,21.646440505981445,21.417644500732422,23.394506454467773,24.921022415161133,26.266979217529297,27.967296600341797,28.065631866455078,24.18734359741211,21.12550163269043,18.553394317626953,25.626218795776367,30.43214988708496,31.777368545532227,19.975418090820312,4.428245544433594,10.347874641418457
28.244604110717773,33.881980895996094,27.394163131713867,20.108694076538086,14.458779335021973,9.41268539428711,10.240707397460938,12.630230903625488,14.686833381652832,14.20600700378418,11.690205574035645,10.425215721130371,10.529764175415039,11.615450859069824,13.196216583251953,15.001450538635254,17.040502548217773,18.91827392578125,20.97684097290039,23.793237686157227,27.543182373046875,31.00921058654785,31.851228713989258,30.191150665283203,26.36591148376465,22.31237030029297,20.05910301208496,19.81602668762207,20.71126365661621,22.058509826660156,23.490447998046875,24.27985382080078,22.719282150268555,21.073320388793945,17.8494815826416,16.183191299438477,22.697908401489258,25.682788848876953,24.283565521240234,23.15996742248535,28.41152000427246,24.236000061035156,11.773411750793457,19.631847381591797
29.55621337890625,31.287012100219727,23.564067840576172,23.736631393432617,19.225894927978516,11.99093246459961,12.913702011108398,14.022639274597168,12.249155044555664,9.681245803833008,8.525836944580078,7.960231304168701,8.931883811950684,11.357474327087402,14.164130210876465,17.28007698059082,20.111225128173828,22.855941772460938,26.191253662109375,29.906763076782227,33.150169372558594,35.015010833740234,33.757301330566406,30.04585075378418,24.552688598632812,18.970386505126953,16.75457000732422,19.5100040435791,21.84736442565918,23.43590545654297,24.713645935058594,24.44515609741211,21.599153518676758,17.928123474121094,14.971678733825684,22.301586151123047,24.329893112182617,24.899208068847656,22.025516510009766,13.926307678222656,10.759638786315918,10.40333366394043,12.680856704711914,22.29826545715332
27.984952926635742,25.267412185668945,24.73739242553711,24.93418312072754,18.70819091796875,12.162199974060059,13.616601943969727,14.464373588562012,13.181376457214355,12.150243759155273,11.14522933959961,10.394563674926758,11.973108291625977,14.943077087402344,18.080421447753906,21.6513671875,24.01762580871582,26.378925323486328,29.398395538330078,31.026100158691406,31.47289276123047,31.638423919677734,31.454858779907227,29.060388565063477,26.111949920654297,21.747262954711914,15.394378662109375,18.130661010742188,20.389936447143555,21.877269744873047,24.470664978027344,26.082416534423828,25.63829803466797,18.44717025756836,21.01275634765625,24.342090606689453,25.5328369140625,27.011009216308594,26.537763595581055,24.870080947875977,17.5582275390625,14.549542427062988,18.203737258911133,24.613672256469727
28.508188247680664,27.39594078063965,26.368932723999023,20.27147674560547,14.738763809204102,12.578710556030273,13.257604598999023,14.919987678527832,15.94892406463623,16.39058494567871,16.696550369262695,17.770225524902344,19.418663024902344,20.844812393188477,21.630558013916016,22.105485916137695,21.592361450195312,23.51425552368164,28.996618270874023,32.2033576965332,31.28140640258789,29.965267181396484,30.54082489013672,29.762985229492188,27.322080612182617,24.308433532714844,21.388532638549805,21.675371170043945,20.911401748657227,20.838659286499023,19.865947723388672,20.22826385498047,21.726926803588867,23.320026397705078,26.085777282714844,19.59703254699707,12.163686752319336,10.43392562866211,12.177729606628418,17.159530639648438,17.43743324279785,14.535226821899414,12.165301322937012,8.762843132019043
28.374813079833984,27.5014705657959,28.020517349243164,26.97982406616211,20.46987533569336,15.105234146118164,15.12848949432373,16.953075408935547,17.935287475585938,19.27541732788086,21.151552200317383,22.62570571899414,22.516399383544922,21.566368103027344,20.70914649963379,19.351682662963867,18.552658081054688,21.529809951782227,28.6890926361084,32.648101806640625,31.637197494506836,30.334699630737305,30.288227081298828,29.208206176757812,27.19453239440918,25.52239418029785,23.926128387451172,22.40312385559082,21.302669525146484,22.730443954467773,22.443695068359375,20.30008316040039,16.46849250793457,21.362634658813477,24.224056243896484,21.80786895751953,17.040651321411133,13.053160667419434,10.702191352844238,10.062678337097168,11.080805778503418,8.359715461730957,4.725305557250977,2.9374148845672607
25.737049102783203,25.930648803710938,24.75469398498535,22.9852237701416,18.969083786010742,15.873092651367188,17.04515266418457,18.934782028198242,20.622459411621094,22.08466148376465,23.419910430908203,23.14737319946289,20.51724624633789,18.498308181762695,19.044219970703125,19.236339569091797,19.947275161743164,23.358652114868164,28.029937744140625,30.487218856811523,30.2332820892334,29.628707885742188,28.444406509399414,26.540014266967773,25.703685760498047,25.609594345092773,24.601388931274414,23.3486328125,21.70477294921875,19.357006072998047,19.01087188720703,18.533432006835938,15.099590301513672,16.43597984313965,19.248872756958008,24.1065673828125,21.819982528686523,12.878355026245117,8.317306518554688,7.645293235778809,6.935886859893799,5.6591715812683105,4.43586540222168,2.464329957962036
