data/wind_data/wind_Surface_24.json
{"header": {"parameterUnit": "KT", "parameterCategory": 2, "nx": 255, "ny": 198, "lo1": 44.73521041870117, "la1": -3.236724853515625, "lo2": 111.26478576660156, "la2": 43.468475341796875, "dx": 0.26192745566368103, "dy": -0.23708222806453705, "refTime": "2025-02-20 00:00:00", "forecastTime": 0, "parameterNumber": 3, "parameterNumberName": "northward_wind"}, "data":
[rows 114 to 132 of 198, columns 86 to 128 of 255]
-6.117499351501465,-9.466833114624023,-9.700748443603516,-8.257881164550781,-6.20431661605835,-5.32648229598999,-4.042006492614746,-2.82781982421875,-2.233349323272705,-2.055233955383301,-1.0513039827346802,0.2900552749633789,1.0936179161071777,1.0554492473602295,0.3135729730129242,-0.6265919804573059,-1.6131582260131836,-2.153803586959839,-0.02825741469860077,3.4684858322143555,4.358330726623535,4.106909275054932,5.129889011383057,6.156123161315918,7.32844877243042,7.637489318847656,5.280665874481201,2.9633424282073975,0.9479001760482788,1.1276301145553589,2.150496006011963,2.0186989307403564,1.415282964706421,3.749891757965088,4.817835807800293,3.5470118522644043,4.430662631988525,6.488032341003418,7.345791816711426,6.714526176452637,5.896159648895264,4.8715434074401855,4.805469989776611
-6.375655651092529,-7.547700881958008,-7.269098281860352,-6.1694207191467285,-5.196531295776367,-5.256344795227051,-5.084113121032715,-4.6518473625183105,-4.186758518218994,-4.193141460418701,-3.621736526489258,-1.9166321754455566,-0.047173164784908295,0.9211505651473999,1.1302406787872314,0.4628824293613434,-0.5577826499938965,-1.7342485189437866,-1.3908179998397827,1.5283032655715942,3.8507261276245117,4.4517927169799805,4.741259574890137,5.933651447296143,6.854684352874756,7.839264869689941,7.394737243652344,5.084657669067383,3.180109739303589,1.6755547523498535,1.3549493551254272,1.2783551216125488,2.032698392868042,4.2960309982299805,4.793338298797607,3.6102097034454346,3.673494815826416,5.228952884674072,7.146092414855957,7.253012657165527,6.531980991363525,5.4176435470581055,4.862098693847656
-4.8208723068237305,-3.394871711730957,-2.2873780727386475,-2.9251270294189453,-4.129602909088135,-4.472255229949951,-4.647013187408447,-5.80582857131958,-5.606901168823242,-5.955563068389893,-5.478325366973877,-3.645369529724121,-2.5583293437957764,-0.06104716286063194,0.8693411946296692,0.21837325394153595,-0.8802372813224792,-1.5290544033050537,-1.7695343494415283,-0.586965024471283,2.3074111938476562,4.1814093589782715,4.12729549407959,4.872422695159912,5.905720233917236,6.912773132324219,7.374803066253662,6.460018157958984,3.9118423461914062,2.287651300430298,2.7128756046295166,2.215909004211426,1.3454519510269165,2.244849443435669,3.047281503677368,3.5440056324005127,5.130177974700928,4.336456298828125,4.619997501373291,5.2436113357543945,6.758278846740723,6.21063756942749,5.653556823730469
-4.340044975280762,-0.8974654078483582,-0.20323307812213898,-1.5602182149887085,-3.121525764465332,-3.728060245513916,-4.5084004402160645,-6.206369876861572,-6.331676959991455,-6.034163951873779,-5.8892436027526855,-4.591753959655762,-4.4271016120910645,-2.5286386013031006,-1.2014480829238892,-0.9584450721740723,-1.4602755308151245,-1.7320526838302612,-1.6120643615722656,-1.0422323942184448,0.8350546360015869,3.450115442276001,3.7325594425201416,4.123274326324463,5.0366950035095215,5.713332176208496,6.090805530548096,5.851713180541992,4.326478481292725,3.658592700958252,4.287313461303711,2.432971477508545,0.2676181495189667,-0.8982596397399902,-0.6439151167869568,0.04394616186618805,3.388145685195923,5.529757976531982,5.116790771484375,4.426536560058594,5.651460647583008,6.811967849731445,6.3758978843688965
-6.44336462020874,-3.5912389755249023,-0.756118893623352,-0.3846256136894226,-1.9929031133651733,-3.5518479347229004,-4.500169277191162,-4.9655842781066895,-5.301366329193115,-5.620749473571777,-5.661646842956543,-4.76256799697876,-5.857398509979248,-4.35626220703125,-3.0083091259002686,-2.4487380981445312,-1.9720954895019531,-2.0411269664764404,-1.9581503868103027,-0.9929555654525757,0.6205887794494629,2.8526556491851807,4.515398025512695,4.355930328369141,4.915375709533691,5.465587615966797,5.554611682891846,6.221219062805176,5.4426589012146,4.497524261474609,4.936606407165527,2.180910587310791,0.323035329580307,-2.6794700622558594,-4.287112236022949,-4.61406946182251,-3.895662546157837,0.1688859611749649,2.9744503498077393,0.7422965168952942,0.08348079770803452,1.6457804441452026,3.8352999687194824
-6.870962142944336,-6.089015483856201,-1.721343755722046,-0.01569737307727337,-1.2519128322601318,-2.1338231563568115,-3.2424139976501465,-3.731106758117676,-4.805250644683838,-5.5896196365356445,-5.562026023864746,-5.745382785797119,-5.138090133666992,-5.22852897644043,-3.8584067821502686,-3.5638372898101807,-2.8908753395080566,-2.6399857997894287,-2.7752153873443604,-1.5592896938323975,0.6659780740737915,2.745734691619873,5.094457149505615,5.394364833831787,5.709157466888428,6.092924118041992,6.505228042602539,7.71631383895874,6.713326454162598,4.655533313751221,2.075305461883545,0.3114452660083771,-0.6198102235794067,-2.6465563774108887,-4.589966773986816,-4.442138671875,-4.7750325202941895,-4.998553276062012,-3.0866262912750244,-3.6813790798187256,-5.773690700531006,-6.550642490386963,-5.228909969329834
-5.050250053405762,-3.960334300994873,-1.8018125295639038,-1.514832615852356,-1.878690242767334,-2.330639123916626,-3.7810959815979004,-4.7602667808532715,-5.649804592132568,-6.042820930480957,-5.932605266571045,-6.084179401397705,-5.463986396789551,-4.200756072998047,-3.7753915786743164,-2.9699363708496094,-2.6708812713623047,-2.188018560409546,-2.096174478530884,-1.5922218561172485,0.17515280842781067,2.272418975830078,4.856607437133789,6.707460403442383,7.367100238800049,6.721484184265137,6.947830677032471,8.314035415649414,7.806037425994873,4.988211631774902,1.8695992231369019,1.22091543674469,1.5160218477249146,0.7710426449775696,-0.6219287514686584,-1.0784834623336792,-0.5372698903083801,-0.148978129029274,-0.19553284347057343,0.03969975933432579,-1.4050434827804565,-3.8960354328155518,-6.681663513183594
-5.313222885131836,-3.6842052936553955,-1.1979219913482666,-1.4834234714508057,-2.129814624786377,-2.955343008041382,-4.1543192863464355,-5.0953288078308105,-5.927579879760742,-6.376555442810059,-6.320952415466309,-6.18104362487793,-5.533432483673096,-4.457566738128662,-3.6808605194091797,-2.5249831676483154,-2.0146706104278564,-1.4221922159194946,-0.7233677506446838,-0.5645151734352112,-0.42856156826019287,1.115943193435669,3.943840265274048,6.583219528198242,7.777907371520996,7.378596305847168,7.423220634460449,6.682098865509033,6.621794700622559,5.116746425628662,4.090553283691406,3.672287702560425,4.8279643058776855,4.904201507568359,4.459887504577637,2.3760757446289062,1.449656367301941,2.70231556892395,2.3147809505462646,2.0956668853759766,2.1593048572540283,1.4710025787353516,-0.08118923753499985
-6.050191402435303,-4.787631988525391,-2.236726760864258,-0.6295320391654968,-0.7916192412376404,-1.567256212234497,-2.640126943588257,-3.56567120552063,-4.721728324890137,-5.967370510101318,-6.354353904724121,-6.119684219360352,-5.670310020446777,-5.013294219970703,-4.169699192047119,-2.599177360534668,-2.175551652908325,-2.10209584236145,-1.6048433780670166,-0.9200573563575745,-0.04553406313061714,1.1500641107559204,4.2105865478515625,7.135474681854248,8.50148868560791,8.573509216308594,8.216910362243652,6.998860836029053,7.246479034423828,7.22784423828125,6.152474403381348,6.281394958496094,6.815699100494385,6.977181911468506,5.782954692840576,4.053972244262695,2.113616943359375,1.1453508138656616,1.3456556797027588,1.3201559782028198,1.7084465026855469,1.864700198173523,1.3995531797409058
-3.5520598888397217,-2.1359174251556396,-1.6792936325073242,-0.6024714112281799,0.307231605052948,0.263898104429245,-1.1431496143341064,-2.426569700241089,-3.5089218616485596,-4.6398234367370605,-5.642205238342285,-5.954986572265625,-5.6518330574035645,-5.426233291625977,-5.363133907318115,-4.2040252685546875,-2.935377597808838,-3.527679920196533,-4.184805393218994,-3.382749319076538,-0.8471652865409851,2.1726326942443848,6.00669527053833,9.079573631286621,10.416111946105957,10.21197509765625,9.108323097229004,7.72822380065918,7.078438758850098,6.3969807624816895,7.201612949371338,8.153860092163086,8.199913024902344,6.703668594360352,5.766568660736084,4.872644901275635,3.244770050048828,1.5674177408218384,1.919569969177246,1.50905442237854,0.597775936126709,0.24402977526187897,0.29807209968566895
-1.2508922815322876,1.4789953231811523,0.7344481348991394,-0.23051774501800537,0.39760851860046387,-0.35948336124420166,-1.140892505645752,-1.698323130607605,-3.3750417232513428,-4.057983875274658,-4.01436710357666,-5.61513090133667,-5.627651691436768,-5.570011615753174,-5.890967845916748,-5.9856953620910645,-4.973006725311279,-4.676381587982178,-5.243569374084473,-5.594649791717529,-3.581165313720703,-0.3133341073989868,6.021385669708252,9.564271926879883,10.547722816467285,9.96373462677002,8.252458572387695,6.617410182952881,4.90647029876709,3.7436728477478027,3.837407350540161,4.207357883453369,3.460355520248413,2.0172786712646484,0.8537918925285339,1.3092292547225952,2.6050217151641846,3.137784004211426,2.2860913276672363,0.4858207702636719,-1.3302900791168213,-1.922836422920227,-1.2022472620010376
-0.9989676475524902,2.7571322917938232,1.7697222232818604,1.487885594367981,-0.2975834906101227,-3.1489102840423584,-2.334970712661743,-0.8711153268814087,-3.511822462081909,-4.328320026397705,-3.6311867237091064,-4.669571876525879,-4.8831095695495605,-5.891313076019287,-6.2794599533081055,-6.8349785804748535,-6.5018229484558105,-5.463197231292725,-4.977592945098877,-6.195858955383301,-6.353271007537842,-5.200226783752441,-0.6964483261108398,6.986660957336426,7.696832180023193,7.568691730499268,7.405686855316162,6.282983779907227,5.04703950881958,3.668224811553955,2.937744617462158,1.8269610404968262,0.5698162317276001,-1.1201127767562866,-2.723107099533081,-3.4158051013946533,-1.6593573093414307,0.11498960107564926,-0.14416904747486115,-0.9661038517951965,-1.6825461387634277,-2.4280953407287598,-3.2987558841705322
-1.615316390991211,3.2732417583465576,3.255316972732544,0.10031862556934357,-4.968915939331055,-6.580631732940674,-6.705585479736328,-3.877775192260742,-4.749165058135986,-5.944462299346924,-4.510293483734131,-4.660984992980957,-5.4957051277160645,-5.43574857711792,-6.689353942871094,-7.592174053192139,-7.252429008483887,-6.925947189331055,-6.134899616241455,-6.182861328125,-6.407112121582031,-7.015246868133545,-7.023955821990967,-1.1160588264465332,5.110431671142578,4.7135419845581055,6.716930866241455,7.331882953643799,7.143877029418945,6.316739559173584,5.485705375671387,4.169210910797119,2.7357702255249023,1.7041759490966797,0.6045425534248352,-0.5163016319274902,-1.696889042854309,-1.8484851121902466,-2.238800048828125,-0.561231791973114,0.2828478515148163,-0.6112799644470215,-2.654493570327759
-4.018012523651123,4.8593363761901855,1.9696686267852783,-7.658346176147461,-10.24972915649414,-11.732401847839355,-10.371918678283691,-8.942166328430176,-8.385189056396484,-7.967341423034668,-7.218369007110596,-5.154072284698486,-5.567587375640869,-5.966249465942383,-6.392296314239502,-8.609237670898438,-7.835494518280029,-8.649956703186035,-6.846754550933838,-5.5760369300842285,-6.524264812469482,-7.460451126098633,-7.578341960906982,-8.453363418579102,-1.3749182224273682,3.1199331283569336,4.879016399383545,6.229606628417969,6.51008939743042,5.7803239822387695,4.869659423828125,4.028966903686523,3.5722243785858154,2.881322145462036,2.197981119155884,1.0896118879318237,-0.3769553601741791,-1.3942149877548218,-2.7469632625579834,-2.0579071044921875,-0.6290441155433655,0.17194996774196625,-0.09410125017166138
-10.742990493774414,4.850606441497803,-5.584558010101318,-12.523636817932129,-11.360396385192871,-10.439894676208496,-9.958752632141113,-10.871987342834473,-11.97028923034668,-11.34952163696289,-7.833162307739258,-6.984671592712402,-5.408302307128906,-5.968728065490723,-6.438022613525391,-8.516321182250977,-7.769603729248047,-8.719765663146973,-8.479591369628906,-5.979409217834473,-6.634528160095215,-7.315087795257568,-6.701974391937256,-8.760016441345215,-8.561366081237793,-1.9171150922775269,1.4251433610916138,3.711665391921997,4.310580253601074,3.6268279552459717,2.6178572177886963,2.1498847007751465,2.1008706092834473,1.9554753303527832,1.5772385597229004,0.7833318114280701,0.349173903465271,-0.8300415277481079,-2.1131465435028076,-3.9046478271484375,-3.840534210205078,-2.539457321166992,-1.0830605030059814
-14.305119514465332,-1.4988923072814941,-6.728102684020996,-10.653175354003906,-7.897476673126221,-6.9860734939575195,-7.989690780639648,-9.75782299041748,-11.26613998413086,-12.889527320861816,-8.994516372680664,-6.560904026031494,-4.912506580352783,-5.449571132659912,-6.169956684112549,-6.968631267547607,-7.483112812042236,-7.481776714324951,-8.546292304992676,-6.2312541007995605,-5.338859558105469,-5.777632236480713,-5.3119215965271,-5.818061828613281,-8.214729309082031,-6.283907890319824,-2.9782235622406006,-0.5659515261650085,1.6239445209503174,2.754429340362549,2.349386215209961,1.6025387048721313,0.919924259185791,0.9676806330680847,1.1906002759933472,1.2667255401611328,1.244462013244629,0.5699318647384644,-0.30611804127693176,-1.8121644258499146,-3.5944576263427734,-4.207862854003906,-3.669130802154541
-13.494792938232422,-10.436539649963379,-5.559314250946045,-6.070599555969238,-5.012444019317627,-5.8343400955200195,-9.108182907104492,-12.047030448913574,-13.784290313720703,-14.459921836853027,-12.182513236999512,-5.521540641784668,-3.9386236667633057,-5.0575480461120605,-5.378503799438477,-5.922337532043457,-6.657540321350098,-6.843804836273193,-6.818739414215088,-6.819365978240967,-4.996678829193115,-4.144761562347412,-4.593786716461182,-5.771213054656982,-6.322179794311523,-5.872363567352295,-4.707814693450928,-4.512604713439941,-2.5748026371002197,-0.28922924399375916,1.3313356637954712,1.157524824142456,0.11931002885103226,-0.14967848360538483,0.4218161404132843,1.230699062347412,0.8666999340057373,0.577933132648468,0.9590761661529541,0.8060016632080078,-0.5365237593650818,-2.3185153007507324,-4.455677509307861
-15.487491607666016,-19.8273868560791,-8.570354461669922,-0.32023507356643677,-4.327746868133545,-5.218707084655762,-9.267053604125977,-13.886677742004395,-16.84657096862793,-17.5179443359375,-15.38719367980957,-7.308802604675293,-3.8423197269439697,-4.513819217681885,-4.826523303985596,-4.922354221343994,-5.438854217529297,-6.084404945373535,-6.028372764587402,-5.576639652252197,-3.795027017593384,-3.8829729557037354,-4.954762935638428,-6.192588806152344,-7.67332124710083,-7.57921028137207,-4.858271598815918,-2.763563632965088,-3.185800552368164,-3.761284112930298,-1.3589261770248413,0.22017024457454681,-0.0672188252210617,-0.7681041955947876,-0.8360955119132996,0.24310708045959473,0.753872811794281,-0.28386956453323364,-0.6653004884719849,-0.9668925404548645,-1.344232201576233,-2.335466146469116,-4.3427605628967285
-19.08049774169922,-27.073455810546875,-21.482250213623047,-7.3509416580200195,-2.5763962268829346,-1.3455557823181152,-5.076670169830322,-10.595219612121582,-14.148211479187012,-15.776023864746094,-15.0856351852417,-11.108796119689941,-5.894193172454834,-4.148158073425293,-4.219363689422607,-4.417819023132324,-4.579307556152344,-4.8858184814453125,-5.604920387268066,-4.723722457885742,-2.429731845855713,-2.3689944744110107,-4.946937561035156,-6.583695411682129,-7.826891899108887,-9.243670463562012,-8.034934043884277,-3.627418279647827,-1.060771107673645,-0.8454894423484802,-0.8229876756668091,-0.003881629556417465,-0.16213755309581757,-0.9572425484657288,-1.879492998123169,-1.1702083349227905,0.6670386791229248,0.24133728444576263,-1.2843201160430908,-1.5016814470291138,-1.2597426176071167,-1.7490103244781494,-2.85623836517334
