data/wind_data/wind_42_0.json
{"header": {"parameterUnit": "KT", "parameterCategory": 2, "nx": 255, "ny": 198, "lo1": 44.73521041870117, "la1": -3.236724853515625, "lo2": 111.26478576660156, "la2": 43.468475341796875, "dx": 0.26192745566368103, "dy": -0.23708222806453705, "refTime": "2025-02-20 18:00:00", "forecastTime": 0, "parameterNumber": 3, "parameterNumberName": "northward_wind"}, "data":
[rows 57 to 75 of 198, columns 172 to 214 of 255]
-8.896551132202148,-9.50516128540039,-10.196549415588379,-10.57923698425293,-9.735238075256348,-8.2623872756958,-7.118749141693115,-7.312948703765869,-8.184270858764648,-9.183659553527832,-8.827038764953613,-7.2843475341796875,-7.902382850646973,-7.843668460845947,-7.107079029083252,-7.383814334869385,-7.2341227531433105,-7.483065605163574,-8.198863983154297,-9.441685676574707,-10.190923690795898,-8.812281608581543,-7.867183685302734,-7.628805160522461,-7.62408971786499,-7.970360279083252,-8.412458419799805,-8.674293518066406,-8.565652847290039,-8.52230453491211,-8.564859390258789,-8.34510612487793,-8.060654640197754,-7.858897686004639,-5.5120954513549805,-1.91387140750885,-1.9729549884796143,-1.8397717475891113,-2.3476619720458984,-0.5301963090896606,0.01197361946105957,-0.3404560089111328,-0.9556342363357544
-8.868762969970703,-9.226049423217773,-9.339393615722656,-9.276725769042969,-8.905920028686523,-8.054492950439453,-7.029003620147705,-6.1712646484375,-6.112727165222168,-6.905082702636719,-7.319811820983887,-4.638544082641602,-7.454355239868164,-6.897024631500244,-6.897939682006836,-6.757739543914795,-6.8995537757873535,-6.789705276489258,-7.340786933898926,-7.990915298461914,-8.435193061828613,-8.307014465332031,-7.959629535675049,-7.939863681793213,-8.218904495239258,-8.455279350280762,-8.389859199523926,-8.476151466369629,-8.66374683380127,-8.8523588180542,-8.818567276000977,-8.642097473144531,-8.104479789733887,-8.553411483764648,-2.6588404178619385,-2.105238199234009,-2.295471429824829,-1.6812467575073242,-2.087218761444092,-1.3524577617645264,0.40862616896629333,0.4464885890483856,-0.17325645685195923
-8.395284652709961,-8.788595199584961,-9.026575088500977,-9.289813995361328,-9.085217475891113,-8.57364273071289,-7.474617958068848,-6.2504963874816895,-5.721821308135986,-6.272098541259766,-6.6749043464660645,-4.543191432952881,-6.060967922210693,-6.222899913787842,-6.731216907501221,-6.952706336975098,-6.973991394042969,-7.197668075561523,-7.5417680740356445,-7.437083721160889,-7.360191345214844,-7.562900543212891,-7.801276206970215,-7.951487064361572,-8.465136528015137,-8.616575241088867,-8.388276100158691,-8.655943870544434,-9.09717082977295,-9.111515045166016,-8.993207931518555,-9.264543533325195,-8.802424430847168,-8.85012435913086,-2.7197113037109375,-2.227152109146118,-2.5350890159606934,-2.1720800399780273,-1.8079043626785278,-1.7262213230133057,0.09977215528488159,0.6827161908149719,0.746242344379425
-7.440720081329346,-7.935514450073242,-8.365153312683105,-8.785452842712402,-8.914057731628418,-8.841318130493164,-8.194021224975586,-7.255784511566162,-6.509801864624023,-6.408431529998779,-6.002523899078369,-3.8043923377990723,-3.9705450534820557,-6.550431728363037,-7.06239652633667,-7.540503978729248,-7.573414325714111,-7.499453067779541,-7.420879364013672,-7.535826683044434,-7.501691818237305,-7.395898342132568,-7.447167873382568,-7.827637195587158,-8.208067893981934,-8.137674331665039,-7.995156764984131,-8.047647476196289,-8.409139633178711,-8.846919059753418,-9.056495666503906,-9.531248092651367,-9.164315223693848,-7.973276138305664,-3.594252586364746,-2.9790825843811035,-3.4067842960357666,-2.7510313987731934,-2.1209990978240967,-2.5884320735931396,-0.6461502909660339,0.47498440742492676,0.8765230774879456
-6.224194526672363,-6.556628227233887,-7.047889709472656,-7.613023281097412,-8.103278160095215,-8.354296684265137,-8.236907958984375,-7.631875514984131,-7.0203704833984375,-6.723755836486816,-6.320678234100342,-4.495181560516357,-3.2000627517700195,-7.11931037902832,-7.174344062805176,-7.454658031463623,-7.600351333618164,-7.613100051879883,-7.3880462646484375,-7.384425163269043,-7.337517738342285,-7.4004364013671875,-7.321751117706299,-7.545838832855225,-7.452247142791748,-7.277889728546143,-7.3309245109558105,-7.280837535858154,-7.905850410461426,-8.809144973754883,-9.09786605834961,-9.348936080932617,-8.701632499694824,-6.710328102111816,-2.42254376411438,-3.6415305137634277,-3.961088180541992,-3.814044713973999,-2.583479642868042,-3.571901798248291,-1.6576893329620361,0.382772833108902,0.6582812666893005
-5.268739700317383,-5.254321098327637,-5.700429439544678,-6.259265422821045,-6.599404335021973,-7.031742095947266,-7.250198841094971,-7.124141693115234,-6.999580383300781,-6.901309013366699,-6.755182266235352,-6.31093692779541,-5.022293567657471,-7.249455451965332,-7.055733680725098,-7.244244575500488,-7.168281078338623,-7.151618003845215,-6.9930806159973145,-6.840124607086182,-6.754461288452148,-6.892411231994629,-6.915318012237549,-6.981842041015625,-6.90078067779541,-6.822320938110352,-7.121963977813721,-7.216939926147461,-8.029776573181152,-8.590087890625,-8.561808586120605,-8.602910995483398,-7.634481906890869,-5.258011817932129,-2.064990520477295,-3.5059878826141357,-3.9352469444274902,-3.8981776237487793,-3.1469690799713135,-3.82515025138855,-4.214652061462402,-1.1391655206680298,-0.10458127409219742
-4.958380222320557,-4.713408946990967,-4.851852893829346,-5.233513355255127,-5.404538631439209,-5.7685441970825195,-5.939907073974609,-6.091989517211914,-6.1187639236450195,-6.308618068695068,-6.202686786651611,-5.531403541564941,-3.0096852779388428,-6.869860649108887,-6.570953845977783,-6.691454887390137,-6.662457466125488,-6.673644065856934,-6.505311489105225,-6.282254219055176,-6.087470054626465,-6.084341526031494,-6.168124675750732,-6.262874126434326,-6.4413018226623535,-6.5929484367370605,-7.179120063781738,-7.597838401794434,-7.865408897399902,-7.984879016876221,-7.626543045043945,-6.875887393951416,-5.9289350509643555,-4.044073104858398,-2.262248992919922,-2.9492387771606445,-3.0557329654693604,-2.948969841003418,-3.9759671688079834,-5.533188343048096,-6.687341690063477,-4.4315338134765625,-1.7998418807983398
-5.2689642906188965,-4.999179363250732,-4.816585540771484,-4.877285003662109,-4.98435115814209,-5.020892143249512,-5.036262512207031,-5.1712775230407715,-5.212425231933594,-5.654189109802246,-5.72261905670166,-4.9731245040893555,-3.1030852794647217,-6.012630939483643,-6.080229759216309,-6.183701992034912,-6.114348411560059,-5.988370418548584,-5.673226356506348,-5.392566204071045,-5.22086238861084,-5.32732629776001,-5.384172439575195,-5.555274486541748,-5.918211460113525,-6.338706016540527,-6.850403308868408,-7.296596527099609,-7.052879333496094,-7.107855796813965,-6.868514537811279,-5.231973648071289,-2.643256664276123,-2.120682716369629,-3.371302366256714,-3.2663662433624268,-3.0675439834594727,-4.072866916656494,-5.458000659942627,-5.829954624176025,-6.441270351409912,-6.420478820800781,-4.0272040367126465
-5.6075310707092285,-5.591641426086426,-5.393200874328613,-5.185807704925537,-5.2068705558776855,-5.016533374786377,-4.7925615310668945,-4.607362270355225,-4.552464962005615,-4.929841041564941,-5.223023414611816,-5.295918941497803,-5.011596202850342,-5.455531120300293,-5.699925899505615,-5.809720516204834,-5.818995475769043,-5.668832302093506,-5.279772758483887,-4.821340560913086,-4.410239219665527,-4.455620288848877,-4.490987300872803,-4.780652046203613,-5.372154235839844,-5.961159706115723,-6.342548847198486,-6.218977451324463,-5.687558174133301,-5.744032859802246,-5.691758632659912,-3.914100170135498,-1.1568225622177124,-1.4042922258377075,-3.3361549377441406,-3.344764471054077,-4.939375400543213,-5.456218719482422,-5.428303241729736,-3.9877536296844482,-3.925741195678711,-3.846766233444214,-3.608344078063965
-5.313255786895752,-5.73951530456543,-5.823143005371094,-5.671234607696533,-5.580150127410889,-5.4690680503845215,-5.138201713562012,-4.77484655380249,-4.610191822052002,-4.8528032302856445,-5.1102118492126465,-5.149345397949219,-5.446255207061768,-5.390754699707031,-5.441086292266846,-5.683935165405273,-5.796260833740234,-5.871162414550781,-5.596681594848633,-5.1384406089782715,-4.337252140045166,-3.9465744495391846,-3.7344610691070557,-3.8952181339263916,-4.308072566986084,-4.896261215209961,-5.391293048858643,-5.114178657531738,-4.612186908721924,-4.459704875946045,-3.9002604484558105,-2.0626769065856934,-1.0623699426651,-2.454951763153076,-4.0064873695373535,-4.251309871673584,-5.787651062011719,-6.838520526885986,-6.562802314758301,-3.2116787433624268,-3.4028847217559814,-3.1113979816436768,-2.402909994125366
-4.3936848640441895,-5.1028971672058105,-5.518128871917725,-5.665555000305176,-5.7074384689331055,-5.7063093185424805,-5.508606433868408,-5.266412734985352,-5.086930751800537,-5.142818450927734,-5.264718055725098,-5.264712333679199,-5.362001895904541,-5.530625343322754,-5.490277290344238,-5.778926372528076,-6.032601356506348,-6.222828388214111,-6.188786029815674,-6.075080871582031,-5.415429592132568,-4.617249965667725,-3.8703763484954834,-3.469968795776367,-3.20512318611145,-3.426510810852051,-3.964934825897217,-4.03680944442749,-3.990037202835083,-3.6093854904174805,-2.452465057373047,-0.9485621452331543,-1.2971937656402588,-1.8013091087341309,-0.8350700736045837,-2.7492241859436035,-4.829878330230713,-6.032370567321777,-5.299767017364502,-4.412180423736572,-3.8285739421844482,-4.46793794631958,-1.9718315601348877
-3.6243338584899902,-4.140113353729248,-4.599651336669922,-4.930519104003906,-5.2538862228393555,-5.484585285186768,-5.543100833892822,-5.504467010498047,-5.416934013366699,-5.273278713226318,-5.282700061798096,-5.4961090087890625,-5.597569942474365,-5.724430084228516,-5.670959949493408,-5.913222312927246,-6.405081748962402,-6.649383544921875,-6.807794570922852,-6.761053085327148,-6.534639358520508,-5.853877544403076,-5.063819885253906,-4.114216327667236,-2.9424197673797607,-2.3362865447998047,-2.615978479385376,-2.9613683223724365,-3.1795194149017334,-2.67261004447937,-1.223201036453247,-0.9033506512641907,-1.780543327331543,-1.2151457071304321,1.5522680282592773,1.3221031427383423,-1.1231051683425903,-2.6944503784179688,-4.990992069244385,-7.032268524169922,-3.9354634284973145,-4.3705596923828125,-3.4552392959594727
-3.2303802967071533,-3.4320690631866455,-3.742858409881592,-4.131176948547363,-4.538597583770752,-4.960077285766602,-5.207339763641357,-5.349541187286377,-5.40065860748291,-5.251403331756592,-5.2528557777404785,-5.452594757080078,-5.635279655456543,-5.821992874145508,-5.947757720947266,-6.085474491119385,-6.702404022216797,-7.080442428588867,-7.108318328857422,-6.828601360321045,-6.570439338684082,-6.298459053039551,-5.985143661499023,-5.337345123291016,-3.82322096824646,-2.2177700996398926,-1.6037492752075195,-1.718780279159546,-1.8627676963806152,-1.4314316511154175,-0.12366976588964462,-1.0365352630615234,-1.2757927179336548,-0.14488770067691803,1.1919114589691162,0.8439948558807373,0.23612196743488312,-1.5138734579086304,-4.303608417510986,-5.243809700012207,-3.730771780014038,-4.628993988037109,-3.0373640060424805
-2.6549336910247803,-2.8901102542877197,-3.254284381866455,-3.730503559112549,-4.1664910316467285,-4.5775041580200195,-4.812026023864746,-5.0799384117126465,-5.223365783691406,-5.202800750732422,-5.26758337020874,-5.364217281341553,-5.558961391448975,-5.835710525512695,-5.951343059539795,-6.041353225708008,-6.63594388961792,-6.914276123046875,-6.786927700042725,-6.817000389099121,-6.388275146484375,-5.849827289581299,-5.627035617828369,-5.613945960998535,-4.968998908996582,-3.064323663711548,-1.1906145811080933,-0.49086126685142517,-0.5816993713378906,-0.7333505153656006,-0.3326910436153412,-0.7421733140945435,-0.3053639829158783,0.1362038552761078,-0.3472916781902313,-1.395297884941101,-0.8236861824989319,0.051300451159477234,-0.42000287771224976,-1.2958592176437378,-2.226802110671997,-3.2283761501312256,-1.020064353942871
-1.8495259284973145,-2.260378360748291,-2.811433792114258,-3.4186248779296875,-4.019392013549805,-4.488970756530762,-4.768283367156982,-5.113829612731934,-5.157655715942383,-5.091516494750977,-5.241479873657227,-5.362708568572998,-5.457061290740967,-5.647390842437744,-5.732082366943359,-5.790530204772949,-6.214351177215576,-6.218746185302734,-5.984592914581299,-7.100322246551514,-7.232352256774902,-5.8461408615112305,-4.847690105438232,-4.571024417877197,-4.824360370635986,-3.9624428749084473,-1.294758677482605,0.37822288274765015,0.23918761312961578,-0.47348329424858093,-1.027782678604126,0.2906830906867981,0.11994745582342148,-0.22450567781925201,-0.2828722596168518,-0.6766477823257446,0.22721143066883087,2.835415840148926,1.7177318334579468,0.37039121985435486,0.47232571244239807,0.7850064635276794,0.6847193837165833
-1.4612691402435303,-1.8218085765838623,-2.3659050464630127,-3.0321457386016846,-3.743539571762085,-4.388377666473389,-4.881753921508789,-5.321397304534912,-5.394566059112549,-5.266347408294678,-5.232602119445801,-5.307503700256348,-5.2240424156188965,-5.133979320526123,-5.412788391113281,-5.388487815856934,-5.677900791168213,-5.744874954223633,-5.637710094451904,-6.902315616607666,-7.173150062561035,-6.142833232879639,-4.693686008453369,-3.4453823566436768,-3.177427291870117,-3.4604361057281494,-1.6794049739837646,0.7541273832321167,0.7977868914604187,0.3769231140613556,-0.9751492142677307,0.2169165164232254,0.8249074816703796,1.7229573726654053,2.4210824966430664,2.161816120147705,1.8734405040740967,3.959339141845703,4.868540287017822,4.963308334350586,4.23240852355957,3.533078908920288,0.7089924216270447
-1.9106844663619995,-2.0764007568359375,-2.3809292316436768,-2.9000673294067383,-3.537802219390869,-4.283991813659668,-4.797328948974609,-5.186317443847656,-5.41792106628418,-5.418529033660889,-5.320262432098389,-5.316978454589844,-5.00314998626709,-4.828319072723389,-5.015463829040527,-4.94681978225708,-5.369478225708008,-5.262328624725342,-5.5415263175964355,-5.240542888641357,-4.998824119567871,-5.0898261070251465,-4.31010103225708,-2.9046437740325928,-1.6460703611373901,-1.6940515041351318,-1.8538869619369507,0.42109352350234985,1.3913521766662598,1.7107642889022827,-0.0407877117395401,0.05016953498125076,1.5862128734588623,2.2166011333465576,1.278078556060791,1.455452799797058,2.4134409427642822,6.398192882537842,7.482785224914551,7.930935859680176,7.470995903015137,3.893221139907837,0.19000573456287384
-2.8713085651397705,-3.0049493312835693,-3.0352396965026855,-3.2326645851135254,-3.6756527423858643,-4.343614101409912,-4.621071815490723,-4.783000469207764,-4.924602508544922,-5.044841289520264,-5.138798713684082,-5.312134742736816,-5.038363456726074,-5.114420413970947,-4.985390663146973,-4.8349785804748535,-5.0781989097595215,-4.121468544006348,-4.444637298583984,-2.44244384765625,-2.6449756622314453,-2.527472734451294,-1.8835426568984985,-2.124084949493408,-1.136519432067871,-0.28246399760246277,-1.2999874353408813,0.0018357932567596436,2.0548977851867676,2.9074912071228027,2.0680902004241943,0.8133113980293274,-0.35904577374458313,-0.9883050918579102,-0.937018871307373,-0.5806145071983337,0.10605581104755402,2.0824575424194336,2.557473659515381,1.337066411972046,3.8231678009033203,2.4176909923553467,-0.1454240083694458
-3.590420961380005,-3.931802988052368,-3.899839162826538,-3.8992843627929688,-4.036487579345703,-4.363565444946289,-4.409060001373291,-4.404358386993408,-4.3453755378723145,-4.378201961517334,-4.519014358520508,-4.8575968742370605,-5.049519062042236,-5.515002727508545,-5.647590637207031,-5.362942218780518,-5.00468111038208,-2.9557981491088867,-2.4277002811431885,-0.6840834021568298,-1.1884369850158691,-0.9352566003799438,-0.5749242305755615,-0.8658128380775452,-1.3348819017410278,-0.46262869238853455,-1.0662736892700195,-0.3414127230644226,2.7061727046966553,3.5494747161865234,3.3295819759368896,1.4426249265670776,-0.7196553945541382,-1.7183454036712646,-0.8142380714416504,-0.8671181201934814,-1.5252323150634766,-2.1757946014404297,-1.707276463508606,-2.3645334243774414,-0.781441867351532,0.22242684662342072,-1.9548763036727905
