data/wind_data/wind_Surface_15.json
{"header": {"parameterUnit": "KT", "parameterCategory": 2, "nx": 255, "ny": 198, "lo1": 44.73521041870117, "la1": -3.236724853515625, "lo2": 111.26478576660156, "la2": 43.468475341796875, "dx": 0.26192745566368103, "dy": -0.23708222806453705, "refTime": "2025-02-19 15:00:00", "forecastTime": 0, "parameterNumber": 2, "parameterNumberName": "eastward_wind"}, "data":
[rows 95 to 113 of 198, columns 43 to 85 of 255]
0.0838138610124588,0.22712454199790955,0.4356887638568878,0.6816421747207642,1.0577327013015747,0.8136988878250122,-0.18410393595695496,-1.2536327838897705,-1.7965832948684692,-3.054990291595459,-2.7572593688964844,-0.1228482648730278,0.44258853793144226,1.9570904970169067,4.01295804977417,5.361255168914795,5.535289764404297,5.334573745727539,4.500234603881836,3.3682198524475098,2.6140239238739014,1.8982124328613281,1.470056414604187,1.5007333755493164,1.965608835220337,2.7132296562194824,3.1466357707977295,2.9900596141815186,2.5915327072143555,2.504652738571167,3.020094633102417,3.765615940093994,4.169142723083496,4.0078840255737305,3.426466703414917,2.844468355178833,2.8229126930236816,3.23595929145813,3.62370228767395,3.80538010597229,3.763446807861328,3.4514293670654297,3.1982998847961426
0.36181485652923584,0.7481856942176819,1.21515691280365,1.1610835790634155,1.3427165746688843,1.587419867515564,1.863317847251892,1.5443059206008911,0.7387789487838745,-1.6495968103408813,-2.708636999130249,-0.06691142916679382,2.5185279846191406,3.6451375484466553,4.085048198699951,4.7766828536987305,5.235260486602783,4.713781356811523,3.8421711921691895,2.625332832336426,1.2785429954528809,0.7870232462882996,0.7490538954734802,1.2353096008300781,2.2560760974884033,3.013031482696533,3.3264074325561523,3.2788562774658203,3.0517263412475586,3.0708539485931396,3.4823226928710938,3.922389507293701,4.162710666656494,4.083592891693115,3.6439709663391113,3.3006980419158936,3.4856934547424316,3.9005179405212402,4.260221481323242,4.405688762664795,4.099515914916992,3.674610137939453,3.742626905441284
1.7315059900283813,1.5302664041519165,1.5418996810913086,1.961144208908081,2.445650100708008,2.789480447769165,3.1746249198913574,2.90219783782959,1.9468941688537598,1.6630759239196777,0.009614511393010616,-0.8882526755332947,2.1727240085601807,4.653476715087891,5.47986364364624,4.405881404876709,3.5666582584381104,3.5387351512908936,3.059647798538208,1.2794618606567383,-0.26036855578422546,-0.30829140543937683,0.4350038766860962,1.4549236297607422,2.646254777908325,3.3657851219177246,3.505032777786255,3.404445171356201,3.272392749786377,3.428162097930908,3.9529612064361572,4.465980529785156,4.6486124992370605,4.44546365737915,4.055178165435791,3.8763883113861084,4.0958075523376465,4.417320728302002,4.658295154571533,4.854911804199219,4.746866226196289,4.589393615722656,4.962894439697266
1.7087651491165161,1.9494524002075195,2.112393856048584,2.5675265789031982,3.504142999649048,3.939894437789917,4.233351230621338,3.9076955318450928,3.3456528186798096,2.6550087928771973,2.690551280975342,1.5701212882995605,-1.5284868478775024,-1.5674629211425781,2.3809561729431152,5.011720180511475,5.255069255828857,3.8941664695739746,1.6319506168365479,-0.9533639550209045,-1.7927026748657227,-0.7553011178970337,0.5260459780693054,1.8867957592010498,3.1258037090301514,3.9073843955993652,4.1271586418151855,3.7284274101257324,3.5158393383026123,3.776789665222168,4.243710994720459,4.659931182861328,4.796607971191406,4.700956344604492,4.425600528717041,4.249480724334717,4.440450668334961,4.874533176422119,5.3688225746154785,5.721868991851807,5.6824188232421875,5.7259345054626465,6.248255252838135
2.1789748668670654,2.5127878189086914,2.7623860836029053,3.205479621887207,4.011261940002441,4.644113063812256,4.899766445159912,4.5979228019714355,4.109804630279541,3.255173444747925,3.4136030673980713,-0.4797509014606476,-7.156129360198975,-7.13212776184082,-1.983850359916687,2.1140458583831787,5.107909679412842,3.182565689086914,-0.7773441076278687,-2.7145631313323975,-2.5062267780303955,-1.0289493799209595,0.5420802235603333,1.9191884994506836,3.4291133880615234,4.260046005249023,4.300239562988281,4.045146465301514,3.8734312057495117,4.117771625518799,4.609370708465576,5.039925575256348,5.448816299438477,5.616482734680176,5.326783180236816,4.876999855041504,4.791152477264404,5.233710289001465,5.887261867523193,6.526673793792725,6.912528038024902,7.2148871421813965,7.7603068351745605
2.628331422805786,3.3431718349456787,3.670785665512085,3.9182138442993164,4.484295845031738,5.175833702087402,5.428338527679443,5.576775074005127,4.959300518035889,4.377202987670898,3.9187819957733154,-0.5320245623588562,-4.784818172454834,-2.643456220626831,-1.2060648202896118,-1.5153157711029053,-0.0679372027516365,-0.10030727833509445,-2.077068567276001,-3.0986077785491943,-2.7026634216308594,-1.4456218481063843,0.07966752350330353,1.5946376323699951,3.032810688018799,3.699207067489624,3.7769503593444824,3.8775153160095215,4.097276210784912,4.439853191375732,4.885403633117676,5.300666809082031,5.6892499923706055,6.006174087524414,5.9893083572387695,5.667037010192871,5.543709754943848,5.883876323699951,6.712817668914795,7.592236518859863,8.099747657775879,8.560834884643555,9.241104125976562
2.9256949424743652,4.19717264175415,4.542876720428467,4.9970197677612305,5.176490783691406,5.917446613311768,5.312380790710449,4.460590839385986,3.552493095397949,2.0623714923858643,-2.24933123588562,-3.2083346843719482,0.3423542380332947,2.9145092964172363,3.0761165618896484,1.807755708694458,-0.40676093101501465,-2.61965012550354,-3.5778725147247314,-3.0613253116607666,-2.7814879417419434,-2.4186086654663086,-0.9730164408683777,0.5501936078071594,1.9311659336090088,2.681283473968506,2.990187406539917,3.2364463806152344,3.6985743045806885,4.460385322570801,5.276191234588623,5.802870750427246,6.1389665603637695,6.369133949279785,6.4447922706604,6.482906341552734,6.396778583526611,6.561432838439941,7.3087592124938965,8.259507179260254,9.00469970703125,9.739153861999512,10.378402709960938
2.6393957138061523,3.9082157611846924,4.026496410369873,4.408413410186768,4.617281436920166,4.449928283691406,3.523265838623047,0.11792832612991333,-1.5372849702835083,-2.5825908184051514,-4.749481201171875,-2.767238140106201,2.9222071170806885,7.94823694229126,5.988199710845947,2.604464530944824,-0.12587970495224,-2.4595139026641846,-3.0170698165893555,-3.165496587753296,-3.960430145263672,-3.8290021419525146,-2.537101984024048,-0.8975996375083923,0.3600221574306488,1.2689210176467896,2.0361902713775635,2.767441511154175,3.655325412750244,4.4876556396484375,5.243646144866943,6.042361259460449,6.587305068969727,6.770122051239014,6.792959690093994,6.81483268737793,6.873104572296143,7.181960105895996,7.70433235168457,8.48980712890625,9.386013984680176,10.132158279418945,10.852609634399414
2.0722591876983643,3.6116950511932373,3.818802833557129,3.2141878604888916,2.2169837951660156,-0.23408149182796478,-2.095216751098633,-1.9644232988357544,-1.692865014076233,-1.2687386274337769,-0.07496016472578049,2.3934614658355713,5.491288185119629,6.431241989135742,5.437948703765869,2.527557849884033,-0.6082393527030945,-2.64583158493042,-3.7548110485076904,-4.718226909637451,-5.232181549072266,-4.481473922729492,-2.9280221462249756,-1.3426762819290161,-0.1698174774646759,0.7937069535255432,1.9651317596435547,3.074347496032715,4.233744144439697,5.259556293487549,5.938781261444092,6.344489574432373,6.677983283996582,7.048311710357666,7.249298095703125,7.299420356750488,7.196342945098877,7.343818187713623,7.882789134979248,8.576593399047852,9.628036499023438,10.903888702392578,11.688861846923828
1.3899891376495361,2.847440004348755,1.1976144313812256,-3.4245734214782715,-5.062724590301514,-4.114537239074707,-2.403371572494507,0.1314166784286499,0.6961725950241089,1.9550327062606812,3.4557361602783203,2.8491241931915283,3.6501147747039795,5.3193182945251465,4.740052700042725,1.9295804500579834,-1.467836618423462,-3.9236204624176025,-5.072167873382568,-5.23591947555542,-4.731614589691162,-3.623516321182251,-2.204463481903076,-0.7876352071762085,0.2930733561515808,1.3654985427856445,2.552804470062256,3.8293099403381348,5.023859977722168,5.878841876983643,6.417766571044922,6.748709678649902,6.846292495727539,7.028048515319824,7.293484210968018,7.562776565551758,7.801414966583252,7.923531532287598,8.352487564086914,9.271553039550781,10.249408721923828,11.261598587036133,11.777726173400879
0.1964617669582367,-0.48149025440216064,-5.226404190063477,-8.716791152954102,-5.58889627456665,-2.4761412143707275,0.3246079087257385,1.515043020248413,2.3134193420410156,3.8654937744140625,4.083758354187012,3.408473491668701,4.4320149421691895,5.575196743011475,4.897714138031006,1.8918448686599731,-1.9416497945785522,-3.9780333042144775,-4.233685493469238,-3.9177846908569336,-3.3093676567077637,-2.446406602859497,-1.3548048734664917,-0.15522527694702148,1.019582986831665,2.197803258895874,3.3919782638549805,4.666459083557129,5.864712238311768,6.88830041885376,7.548886299133301,7.721343517303467,7.592869758605957,7.3003058433532715,7.466105937957764,8.082551002502441,8.32284927368164,8.692766189575195,9.230386734008789,9.829668998718262,10.360971450805664,11.207781791687012,11.901122093200684
-0.41739776730537415,-2.6439566612243652,-5.888625621795654,-5.365857124328613,-3.1484951972961426,-1.391532063484192,0.6727790832519531,2.284980535507202,3.266779661178589,4.128040790557861,4.883674144744873,5.178608417510986,5.281520843505859,5.461429119110107,4.929339408874512,2.624099016189575,-0.8353160619735718,-3.077493906021118,-3.2405874729156494,-2.4448494911193848,-1.5380042791366577,-0.6820470690727234,0.15321017801761627,1.2348061800003052,2.2772104740142822,3.3608782291412354,4.414612770080566,5.451559066772461,6.66763973236084,7.61752462387085,7.684528827667236,7.8710222244262695,8.287854194641113,8.111857414245605,8.336835861206055,8.60745620727539,8.895583152770996,9.51920223236084,9.791925430297852,10.422740936279297,10.972521781921387,11.44707202911377,12.139616012573242
0.12707319855690002,-2.355435609817505,-4.727522373199463,-2.85579514503479,-2.760624647140503,-2.21157169342041,0.033153925091028214,2.3512253761291504,3.662128448486328,4.260019779205322,4.488824367523193,4.55416202545166,4.609593391418457,4.590651988983154,4.169066905975342,2.8473105430603027,0.5264446139335632,-1.5234628915786743,-2.0782439708709717,-1.077561378479004,0.36924809217453003,1.6164911985397339,2.6737828254699707,3.5398881435394287,4.351783752441406,5.1206583976745605,6.307403087615967,7.666856288909912,8.636489868164062,9.796088218688965,10.339138984680176,10.11451530456543,9.660149574279785,9.177682876586914,9.242545127868652,9.576700210571289,10.099499702453613,10.71749210357666,10.89268684387207,11.072770118713379,11.391501426696777,11.92844295501709,12.6512451171875
1.6760584115982056,-1.1241209506988525,-4.603217124938965,-1.6414251327514648,-1.4171115159988403,-2.762348175048828,-1.2692922353744507,1.478023648262024,3.2728986740112305,3.921856641769409,3.912625551223755,3.7932941913604736,3.7489776611328125,3.694997787475586,3.402083396911621,2.5782134532928467,1.1743417978286743,-0.09894324094057083,-0.4326595962047577,0.6636513471603394,2.3822152614593506,4.2302398681640625,5.47373104095459,6.398641109466553,7.449540615081787,8.16710376739502,9.073147773742676,10.12654972076416,11.34588623046875,12.200133323669434,12.90042495727539,13.194592475891113,12.084945678710938,11.24571704864502,10.750504493713379,10.60749340057373,11.081642150878906,11.426810264587402,11.51151180267334,11.287823677062988,11.94078254699707,12.811969757080078,12.919732093811035
4.221255779266357,2.197228193283081,-2.943425178527832,-1.4684211015701294,-3.081171751022339,-3.6291279792785645,-0.921519935131073,1.339990258216858,3.138794183731079,3.8986682891845703,3.858966112136841,3.5829524993896484,3.366683006286621,3.3320364952087402,3.6191911697387695,3.728318452835083,3.2874624729156494,2.4925696849823,2.0315330028533936,2.6279969215393066,4.150750637054443,5.894129276275635,7.584514617919922,8.940568923950195,9.754547119140625,10.80777359008789,12.020585060119629,13.006189346313477,14.085650444030762,14.419002532958984,14.457343101501465,14.527032852172852,13.977972030639648,13.340852737426758,12.761547088623047,12.607964515686035,12.305171012878418,11.815970420837402,11.7545747756958,11.720027923583984,12.195112228393555,12.971539497375488,13.513571739196777
5.773481845855713,3.5032196044921875,-2.9610276222229004,-3.2378270626068115,-4.509763240814209,-2.9553349018096924,0.38279369473457336,2.364656448364258,3.638144016265869,4.114565372467041,3.972496509552002,3.9371845722198486,4.361511707305908,4.901556968688965,5.235203742980957,5.7544050216674805,6.132867813110352,5.863552570343018,5.254092216491699,5.315074443817139,6.246710300445557,7.729487419128418,9.173674583435059,10.630714416503906,11.746661186218262,12.66136360168457,13.026979446411133,13.594386100769043,14.204055786132812,14.425148963928223,14.19257640838623,13.994729042053223,14.35102367401123,14.510361671447754,14.423030853271484,14.09294605255127,13.694025993347168,13.212311744689941,13.276637077331543,13.40936279296875,13.273351669311523,14.143220901489258,13.87877082824707
5.996057987213135,3.199490785598755,-2.5578486919403076,-1.8682780265808105,-2.7098708152770996,-1.8001368045806885,1.5180498361587524,3.6980388164520264,4.900661468505859,4.878825664520264,4.1804094314575195,4.350954532623291,5.521414279937744,6.697877883911133,7.527499198913574,7.848505020141602,8.17638874053955,8.448898315429688,7.931041240692139,7.017317295074463,7.145240783691406,8.09279727935791,9.62997055053711,11.485809326171875,12.83069896697998,13.742542266845703,14.061182022094727,13.94543743133545,13.76296329498291,13.978867530822754,14.49075698852539,14.723872184753418,14.768389701843262,14.725162506103516,14.52576732635498,14.218283653259277,13.71468734741211,13.33651351928711,12.944732666015625,13.038116455078125,12.598557472229004,9.858114242553711,8.17552661895752
6.128289222717285,3.7822036743164062,-1.197830080986023,0.33594197034835815,0.009621080942451954,0.14977656304836273,3.2163705825805664,5.32424783706665,5.718228816986084,4.3665900230407715,3.551501750946045,4.715929985046387,6.624536037445068,8.270051002502441,9.205809593200684,10.023637771606445,10.691904067993164,11.16777515411377,10.992719650268555,8.966830253601074,8.415324211120605,8.535812377929688,8.92725658416748,9.449299812316895,10.532790184020996,12.680582046508789,13.70124340057373,14.077960968017578,12.308393478393555,13.27867603302002,14.101968765258789,14.757060050964355,15.24826717376709,15.522191047668457,15.207006454467773,14.687972068786621,14.603938102722168,14.234820365905762,13.90680980682373,14.350075721740723,13.796472549438477,10.261919021606445,8.789998054504395
6.249535083770752,3.1619412899017334,-0.3457367420196533,2.355642080307007,2.858962297439575,3.109278917312622,4.547392845153809,5.426095485687256,5.287219047546387,5.523999214172363,6.534242630004883,7.073761940002441,6.199462413787842,5.789104461669922,5.340578079223633,5.293982028961182,5.664485931396484,6.05582332611084,6.266549587249756,6.350652694702148,6.6991095542907715,7.107015609741211,7.1636643409729,7.367952823638916,7.699671745300293,8.09283447265625,8.06837272644043,8.319305419921875,8.980645179748535,10.037994384765625,11.226776123046875,11.961671829223633,11.636157035827637,11.2896146774292,11.347970962524414,11.629570960998535,12.1693115234375,12.014347076416016,11.579279899597168,13.460335731506348,14.036388397216797,10.5087308883667,9.3313627243042
