data/wind_data/wind_2025-02-20_09.json
{"header": {"parameterUnit": "KT", "parameterCategory": 2, "nx": 255, "ny": 198, "lo1": 44.73521041870117, "la1": -3.236724853515625, "lo2": 111.26478576660156, "la2": 43.468475341796875, "dx": 0.26192745566368103, "dy": -0.23708222806453705, "refTime": "2025-02-20 09:00:00", "forecastTime": 0, "parameterNumber": 3, "parameterNumberName": "northward_wind"}, "data":
[rows 114 to 132 of 198, columns 172 to 214 of 255]
1.9254860877990723,1.8306893110275269,1.5071585178375244,1.240631103515625,1.9538509845733643,1.2220239639282227,-0.8979514837265015,-2.641724109649658,-0.75185626745224,1.9664477109909058,2.520592212677002,2.132896900177002,1.3634856939315796,-0.5939061045646667,-0.5986741185188293,0.09930717945098877,-0.48512983322143555,-2.995757818222046,-2.8295655250549316,-5.398696422576904,-0.5769225358963013,5.987201690673828,3.2628612518310547,3.803527593612671,4.015585422515869,3.1349034309387207,3.2827017307281494,2.1939139366149902,-0.8025351166725159,1.778836727142334,2.263885736465454,2.1019558906555176,0.7770389914512634,0.07485439628362656,-0.2242947369813919,1.960300087928772,4.479265213012695,5.941870212554932,6.103704929351807,5.096303462982178,5.6513285636901855,5.036475658416748,3.3668017387390137
0.9344460368156433,1.1332932710647583,0.0035803571809083223,-1.0654370784759521,-1.6014890670776367,-3.523467540740967,-5.617990493774414,-5.332971096038818,-4.121937274932861,-2.4171979427337646,0.45104557275772095,1.0458613634109497,2.674264907836914,1.8160285949707031,1.4618927240371704,2.0101535320281982,1.1864171028137207,0.026155412197113037,-1.318341851234436,-0.18272769451141357,-1.7321281433105469,3.3631417751312256,3.567376136779785,1.865285873413086,2.524653911590576,2.686981201171875,2.135019540786743,2.054274082183838,1.2376798391342163,2.016749143600464,3.0733582973480225,2.6489577293395996,1.3151012659072876,0.30044540762901306,0.09845671057701111,1.176872730255127,3.373026132583618,6.134088039398193,5.56208610534668,6.317488193511963,5.885799407958984,5.611988544464111,5.408921718597412
1.6723730564117432,1.8269929885864258,1.827443242073059,1.007665991783142,0.018397392705082893,-0.8695024847984314,-1.1895140409469604,-2.0229287147521973,-2.3111298084259033,-3.1542279720306396,-1.8368711471557617,-0.6214868426322937,0.370640367269516,1.789682149887085,2.1384575366973877,1.9516841173171997,1.4320578575134277,1.5866891145706177,1.228022813796997,1.4149377346038818,0.923566460609436,1.9921231269836426,3.3203606605529785,1.8121761083602905,2.8771703243255615,1.9650102853775024,1.2502505779266357,1.3944225311279297,3.271627187728882,2.905748128890991,1.31135094165802,-0.11156006157398224,0.5299731492996216,1.3258202075958252,1.384809970855713,1.947584867477417,2.683048963546753,4.548252105712891,3.463047742843628,5.253598690032959,4.706791877746582,4.515187740325928,6.042642116546631
1.9214917421340942,1.6673471927642822,1.9193024635314941,1.6390835046768188,1.0752601623535156,0.036627158522605896,-0.7631873488426208,-1.0520530939102173,-0.9429405927658081,-1.3507345914840698,-1.4299490451812744,-1.454911231994629,-0.4114290773868561,0.038748253136873245,0.48972031474113464,0.17187200486660004,0.434896856546402,1.6016645431518555,1.844875454902649,1.889295220375061,0.33459314703941345,-0.13014869391918182,3.8441107273101807,4.472671985626221,3.379047393798828,1.4860817193984985,0.6850334405899048,-0.1497265249490738,2.0558087825775146,3.3086206912994385,1.7268576622009277,-0.1432226002216339,0.9076622724533081,1.1249943971633911,0.6019474864006042,0.9006237983703613,0.19715453684329987,0.49140504002571106,1.1275174617767334,2.978774070739746,2.885620594024658,3.8254036903381348,4.209650039672852
3.4223344326019287,3.2551755905151367,2.7330541610717773,3.1683897972106934,2.1469228267669678,1.454001545906067,1.9759972095489502,2.7716662883758545,2.1642396450042725,0.8767445087432861,-0.5773794054985046,0.039522167295217514,0.3390343487262726,-0.3543947637081146,-0.5135583281517029,0.17025774717330933,0.8562549352645874,1.0717270374298096,0.8211893439292908,-0.127533957362175,-2.0363829135894775,-3.5127086639404297,2.4421472549438477,2.615739107131958,3.923701047897339,3.576735496520996,3.2933058738708496,2.5696566104888916,3.848724365234375,4.550710201263428,3.79182767868042,2.34100604057312,2.4744491577148438,0.859794557094574,0.16005299985408783,-0.2952278256416321,-1.9723893404006958,-1.34406316280365,-0.20912766456604004,0.17597696185112,0.28729796409606934,1.9827754497528076,3.5046277046203613
7.567014694213867,6.5199079513549805,6.067628383636475,6.365543365478516,6.014423847198486,5.490098476409912,5.339787006378174,5.567899227142334,5.053187847137451,4.840751647949219,5.404628276824951,3.3803603649139404,2.6167235374450684,2.5464367866516113,2.2522761821746826,0.806833803653717,0.30896055698394775,0.3763364255428314,0.06300265341997147,-1.2082780599594116,-2.2835886478424072,-4.538942813873291,-1.906233787536621,0.7180323600769043,2.611205577850342,4.292011737823486,4.601558685302734,5.466513156890869,5.45233678817749,2.944730043411255,2.740635633468628,3.188941478729248,2.654202938079834,1.6183422803878784,0.7020647525787354,0.5811244249343872,-0.01259931456297636,-0.255790650844574,-0.7953791618347168,-1.2556877136230469,0.019483376294374466,2.4389758110046387,4.5778117179870605
8.694937705993652,7.481889724731445,7.143762111663818,6.952152729034424,6.593021869659424,6.401601791381836,7.638583183288574,7.813394546508789,7.206850051879883,7.254819869995117,6.2472076416015625,6.169317722320557,5.988315105438232,7.035586833953857,6.58057975769043,5.1342453956604,2.5974183082580566,0.3647172152996063,-0.6975607872009277,-1.2825413942337036,-1.8387854099273682,-2.725790500640869,-4.0553083419799805,-0.44196000695228577,2.913076162338257,3.3811917304992676,4.461225509643555,5.523999214172363,4.523557662963867,2.0978384017944336,2.2500290870666504,2.380281686782837,2.157071113586426,2.974097967147827,3.255375623703003,2.4061076641082764,1.122706651687622,0.22778840363025665,-1.44594407081604,-2.0118682384490967,0.13903628289699554,2.7314863204956055,5.9734344482421875
9.482261657714844,8.073627471923828,6.923711776733398,7.499335289001465,6.7039570808410645,5.931897163391113,6.615676403045654,6.179469108581543,3.6664676666259766,4.742831707000732,4.531620025634766,4.662555694580078,5.934486389160156,6.557295322418213,5.656380653381348,4.153191089630127,4.526454925537109,3.4956674575805664,1.5702929496765137,0.3729202449321747,-0.5064518451690674,-0.6691649556159973,-1.2738173007965088,-1.13265860080719,-0.3121163547039032,-0.28313615918159485,3.409954309463501,4.692917346954346,5.128564834594727,4.358422756195068,2.806285858154297,2.2179977893829346,2.146613836288452,3.6167216300964355,5.0122294425964355,3.4719810485839844,2.080428123474121,1.4896615743637085,-0.1462240219116211,-0.7821998596191406,0.35577070713043213,1.979421854019165,6.489494800567627
10.919981002807617,9.736832618713379,7.525083541870117,9.612221717834473,8.972192764282227,7.752582550048828,7.216845512390137,6.948615550994873,4.271298885345459,5.0400261878967285,11.004291534423828,6.681758880615234,6.592660427093506,3.4679622650146484,2.6186933517456055,3.452519416809082,5.410439968109131,4.626323699951172,3.8123154640197754,3.5555922985076904,1.6413378715515137,0.5679105520248413,0.45872002840042114,-0.1536467969417572,-2.018773317337036,-1.9910285472869873,1.2446775436401367,3.08105731010437,3.8352949619293213,3.474837303161621,4.468283653259277,4.5908589363098145,3.7158780097961426,4.276391983032227,5.110758304595947,4.120535850524902,3.936115026473999,3.2563018798828125,2.5953574180603027,1.4923529624938965,1.6571379899978638,3.371354818344116,7.14141321182251
10.696708679199219,11.09329605102539,11.323887825012207,10.283066749572754,12.558550834655762,9.509841918945312,10.571545600891113,12.939823150634766,10.699520111083984,6.513253688812256,10.790374755859375,14.36716079711914,9.759954452514648,3.6450209617614746,4.20700740814209,6.6764140129089355,5.137979507446289,5.16684103012085,5.570260524749756,4.813662528991699,3.7779319286346436,2.330951690673828,1.5967991352081299,1.149590253829956,0.816989541053772,-0.03316434100270271,0.32117241621017456,-0.03455062955617905,3.0961763858795166,7.350270748138428,7.362403392791748,6.639553546905518,6.347345352172852,6.51413631439209,5.040652751922607,4.203070163726807,5.747934341430664,6.2021284103393555,4.435644626617432,1.3581645488739014,0.5545604825019836,3.4285106658935547,7.827056884765625
14.681376457214355,16.33781623840332,16.808191299438477,10.90402603149414,14.565119743347168,14.96257209777832,15.362957000732422,15.830466270446777,14.82681941986084,14.797587394714355,11.05862045288086,14.815140724182129,11.717824935913086,4.737946510314941,4.978875160217285,5.4397969245910645,5.636037826538086,5.297530174255371,4.303496360778809,4.087887287139893,4.345857620239258,3.7724292278289795,3.267662286758423,4.058714866638184,5.099870204925537,3.6837286949157715,2.7246179580688477,0.8787263631820679,4.561084270477295,8.765873908996582,8.960854530334473,6.934342861175537,6.690485954284668,6.512612342834473,6.032665729522705,6.182398319244385,7.547769546508789,8.68729019165039,6.546191692352295,2.223080635070801,1.0281078815460205,2.776390790939331,7.737005710601807
15.547248840332031,17.34724998474121,16.869260787963867,10.8246431350708,14.602405548095703,20.58553123474121,18.941967010498047,15.381369590759277,13.481335639953613,16.415843963623047,8.087763786315918,8.29991626739502,7.627306938171387,5.097729206085205,5.369238376617432,3.047621011734009,5.275794982910156,5.579076290130615,5.079473972320557,5.104837894439697,5.714947700500488,5.236093521118164,5.028526782989502,6.903690338134766,8.266227722167969,7.832263946533203,5.7834954261779785,5.11209774017334,2.4005746841430664,-2.000657796859741,6.074161529541016,8.762846946716309,8.795063018798828,8.196303367614746,8.242183685302734,8.61549186706543,9.290376663208008,9.386314392089844,8.717791557312012,3.999103546142578,2.320652723312378,2.1418144702911377,3.745112180709839
11.217728614807129,9.086665153503418,6.737420082092285,1.473807454109192,2.308054208755493,12.856294631958008,14.802688598632812,12.52803897857666,9.036261558532715,5.527250289916992,-0.05710846558213234,1.1169066429138184,5.527122974395752,6.98400354385376,8.88435173034668,3.954838275909424,3.500450611114502,2.426257610321045,3.4655354022979736,5.547946453094482,6.834159851074219,7.017998695373535,6.178668975830078,6.0690388679504395,5.707018852233887,6.532883644104004,5.093414306640625,4.354710578918457,0.5210655331611633,-4.505407333374023,-0.6316848397254944,5.371584892272949,10.469655990600586,12.624494552612305,11.092175483703613,9.01792049407959,9.932616233825684,11.062256813049316,11.28215503692627,6.771639347076416,4.312102794647217,2.874485492706299,3.8927032947540283
6.038168907165527,3.7519166469573975,1.504258155822754,0.3637089729309082,0.6078283786773682,3.9667539596557617,5.058228015899658,5.6361494064331055,2.4442574977874756,-1.493790626525879,-1.4191944599151611,-0.40587007999420166,6.8812994956970215,9.56822681427002,11.49870777130127,9.331772804260254,3.8132054805755615,0.9784178733825684,2.6916348934173584,5.179590225219727,6.321811676025391,5.144856929779053,6.933507442474365,7.171607971191406,4.558176040649414,1.3218826055526733,3.062225103378296,3.09238862991333,2.220515251159668,0.7112048864364624,-0.5200449824333191,0.9764456748962402,6.2311882972717285,12.749879837036133,12.472221374511719,9.519022941589355,10.154294967651367,12.001426696777344,11.390596389770508,8.041216850280762,5.362707138061523,3.617138147354126,3.3094329833984375
-0.21087127923965454,0.3229342997074127,-0.6070154905319214,0.6385118365287781,1.124539852142334,-1.9788358211517334,-4.773416042327881,-5.791477203369141,-7.304755687713623,-8.004585266113281,-7.575016975402832,-5.240096569061279,3.2162668704986572,9.668099403381348,12.029934883117676,10.20666217803955,6.364840030670166,4.602765083312988,3.852179527282715,4.396938323974609,5.612015247344971,2.433772087097168,6.0782084465026855,6.815709590911865,4.903040409088135,1.8810220956802368,2.2421860694885254,2.9149951934814453,4.747245788574219,4.75954008102417,6.385100841522217,5.766036510467529,4.076501369476318,9.453722953796387,12.309747695922852,11.638022422790527,12.056288719177246,13.936970710754395,12.641530990600586,8.88330364227295,6.136799335479736,4.469092845916748,2.5106372833251953
-1.01096510887146,-1.6064331531524658,-2.60756254196167,-2.7967867851257324,-2.52793288230896,-3.7977118492126465,-5.037785530090332,-6.6899094581604,-7.967422008514404,-9.58551025390625,-10.572081565856934,-9.812673568725586,-4.716273784637451,3.1840012073516846,7.982526779174805,10.38304328918457,9.608866691589355,7.779816627502441,4.180849552154541,2.515754222869873,5.228320121765137,2.8372507095336914,4.8859124183654785,5.717715740203857,4.875240802764893,5.878116130828857,6.24929666519165,5.607131481170654,8.402095794677734,10.615260124206543,10.276010513305664,8.368460655212402,6.184798717498779,6.9703474044799805,10.291722297668457,11.99858570098877,12.508554458618164,13.658820152282715,13.05243968963623,10.424891471862793,7.541685581207275,5.04894495010376,3.6160054206848145
6.377107620239258,5.672916412353516,5.158478736877441,5.799554347991943,5.197094917297363,1.1771209239959717,-0.523615837097168,-1.214141845703125,-2.1098334789276123,-3.4882898330688477,-5.44012451171875,-6.987823009490967,-7.907738208770752,-5.582632541656494,-1.914307951927185,4.1401801109313965,9.29150390625,8.48388385772705,7.367060661315918,7.458157539367676,4.849890232086182,3.144993305206299,3.194261312484741,7.070155620574951,6.976809501647949,7.878777503967285,12.650418281555176,9.376970291137695,5.766611099243164,9.739801406860352,12.577292442321777,10.467714309692383,10.268564224243164,7.529541969299316,8.493247032165527,10.34156322479248,8.917644500732422,9.717936515808105,12.698075294494629,11.03337287902832,8.01195240020752,5.2212138175964355,4.677626609802246
8.685911178588867,7.854124069213867,6.396275997161865,3.5303714275360107,-1.2184041738510132,-5.459451675415039,-3.8338279724121094,-0.26678743958473206,0.6431385278701782,-0.1635846048593521,-1.2205474376678467,-1.8297134637832642,-3.4625134468078613,-4.837646961212158,-5.299567699432373,-3.2118947505950928,5.269664764404297,6.862702369689941,9.027073860168457,6.954080104827881,4.645444869995117,3.779576063156128,2.4575328826904297,5.368081092834473,7.633463382720947,8.346447944641113,9.165055274963379,8.20263957977295,0.22271190583705902,6.397051811218262,12.055557250976562,11.948516845703125,11.136926651000977,9.53406047821045,8.35504150390625,9.153050422668457,8.015517234802246,6.976794242858887,10.941872596740723,10.81503963470459,8.57895565032959,6.1165056228637695,4.396125316619873
5.1681742668151855,5.138850212097168,4.863002777099609,1.5430538654327393,-3.6381707191467285,-2.727452039718628,-0.012969361618161201,-1.116979718208313,0.721696138381958,1.9251086711883545,2.130857467651367,2.3506646156311035,1.3715288639068604,-1.076728343963623,-1.6710381507873535,0.25400105118751526,4.7297821044921875,8.025635719299316,5.2742462158203125,1.148845911026001,3.9699790477752686,4.111688137054443,4.167929649353027,4.753457069396973,6.422847270965576,6.372678756713867,9.885972023010254,9.570603370666504,3.4731228351593018,5.633888244628906,9.429238319396973,10.206464767456055,9.411849975585938,8.652277946472168,7.733022212982178,8.102760314941406,11.091424942016602,8.834019660949707,9.579336166381836,9.722643852233887,7.82290506362915,5.725128173828125,2.3173210620880127
