data/wind_data/wind_0_9.json
{"header": {"parameterUnit": "KT", "parameterCategory": 2, "nx": 256, "ny": 198, "lo1": 44.73521041870117, "la1": -3.236724853515625, "lo2": 111.26478576660156, "la2": 43.468475341796875, "dx": 0.2609002888202667, "dy": -0.23708222806453705, "refTime": "2025-02-19 00:00:00", "forecastTime": 0, "parameterNumber": 2, "parameterNumberName": "eastward_wind"}, "data":
[rows 114 to 132 of 198, columns 0 to 43 of 256]
15.613930702209473,17.010093688964844,17.75509262084961,16.491117477416992,14.256359100341797,12.385448455810547,12.119022369384766,14.029134750366211,16.249847412109375,18.211095809936523,19.64566421508789,18.896955490112305,18.183387756347656,18.60544776916504,19.135942459106445,19.26995086669922,18.79909896850586,18.404226303100586,18.05595588684082,17.870609283447266,18.161439895629883,17.791418075561523,16.5928955078125,15.592806816101074,15.173930168151855,15.225969314575195,15.55270767211914,15.611112594604492,15.689107894897461,15.86150074005127,15.960474967956543,15.938136100769043,16.097333908081055,16.323854446411133,15.866250038146973,14.427145004272461,13.86149787902832,14.474220275878906,14.71781063079834,14.337604522705078,14.999628067016602,16.690643310546875,17.77391815185547,19.551597595214844
15.480664253234863,17.16879653930664,17.944835662841797,16.669374465942383,14.980603218078613,13.554603576660156,12.697728157043457,13.622082710266113,15.463912963867188,16.989002227783203,18.128292083740234,18.49542236328125,17.788232803344727,17.51900291442871,17.775279998779297,18.105173110961914,18.119367599487305,18.184511184692383,18.405973434448242,18.487709045410156,18.582094192504883,18.168537139892578,17.22407341003418,16.418485641479492,16.064279556274414,16.16068458557129,16.49359130859375,16.315120697021484,15.794046401977539,15.63841724395752,15.691791534423828,15.734701156616211,16.0037899017334,16.373462677001953,15.872601509094238,14.799787521362305,14.300077438354492,14.373006820678711,14.933782577514648,15.750303268432617,15.924051284790039,15.653892517089844,15.815723419189453,17.602996826171875
14.79806137084961,17.147380828857422,18.419309616088867,17.71460723876953,16.591148376464844,15.71377944946289,14.553803443908691,14.360793113708496,15.033956527709961,16.348928451538086,17.38788604736328,18.104677200317383,18.0118408203125,17.47141456604004,17.29438018798828,17.6859188079834,18.3951358795166,18.881103515625,18.9627628326416,18.874351501464844,18.848398208618164,18.710962295532227,18.398452758789062,17.85753631591797,17.31416893005371,17.044605255126953,17.325693130493164,17.51994514465332,17.090917587280273,16.302581787109375,15.588144302368164,15.246471405029297,15.758222579956055,16.11924171447754,15.433409690856934,14.811758041381836,14.65746784210205,14.963845252990723,15.528407096862793,16.221906661987305,15.818674087524414,14.277974128723145,13.846617698669434,16.151805877685547
14.158495903015137,15.803088188171387,17.524446487426758,18.257776260375977,18.1674747467041,17.639923095703125,16.552518844604492,15.86105728149414,15.897653579711914,16.48464012145996,17.125253677368164,17.604616165161133,17.987171173095703,17.974140167236328,17.883159637451172,18.67180061340332,19.815279006958008,20.60980224609375,20.584760665893555,20.194272994995117,19.584230422973633,18.923221588134766,18.612525939941406,18.576549530029297,18.399768829345703,17.98260498046875,17.798189163208008,17.9990291595459,18.183380126953125,17.594982147216797,16.307262420654297,15.636391639709473,16.132282257080078,16.33746910095215,15.716137886047363,15.536260604858398,15.713496208190918,15.594230651855469,15.443998336791992,15.72679328918457,15.421984672546387,14.09511661529541,13.924544334411621,16.23644256591797
13.97610855102539,14.8734130859375,16.373811721801758,17.70808219909668,18.46249008178711,18.539133071899414,18.0311279296875,17.507272720336914,17.66893196105957,17.688993453979492,17.68363380432129,17.652036666870117,18.07680320739746,18.71975326538086,19.260103225708008,20.057313919067383,21.081506729125977,21.785600662231445,21.96122169494629,21.68960189819336,21.069257736206055,20.382673263549805,19.637508392333984,19.23793601989746,19.250774383544922,18.88680076599121,17.973718643188477,17.33198356628418,17.437551498413086,17.349201202392578,16.811683654785156,17.036956787109375,17.58295440673828,17.213106155395508,16.820730209350586,16.937671661376953,16.88263511657715,16.082489013671875,14.866318702697754,14.818704605102539,15.050264358520508,14.382554054260254,14.665645599365234,16.576614379882812
15.04967975616455,15.529243469238281,16.473400115966797,17.53565788269043,18.019142150878906,18.1817569732666,18.559293746948242,18.7778263092041,18.90703773498535,18.85386848449707,18.50913429260254,18.32248878479004,18.68229866027832,19.496065139770508,20.363853454589844,21.20947265625,22.02423667907715,22.394710540771484,22.16143035888672,21.755056381225586,21.333118438720703,20.903491973876953,20.39432144165039,20.1018123626709,20.011547088623047,19.61842918395996,18.571205139160156,17.29299545288086,16.906925201416016,17.047325134277344,17.518394470214844,18.386493682861328,18.49424171447754,18.18844985961914,18.38986587524414,18.584856033325195,17.839693069458008,16.87929916381836,15.042941093444824,14.203010559082031,14.753799438476562,14.819562911987305,14.995391845703125,16.03316879272461
17.563692092895508,17.78307342529297,17.79593849182129,18.156597137451172,18.179718017578125,17.843320846557617,18.363950729370117,19.390756607055664,19.886608123779297,19.595664978027344,19.38250160217285,19.387161254882812,19.371868133544922,19.74392318725586,20.449979782104492,21.316307067871094,22.07816505432129,22.659685134887695,22.35502052307129,21.41426658630371,20.575979232788086,20.010305404663086,19.722082138061523,20.162887573242188,20.655054092407227,20.366762161254883,19.568899154663086,18.364439010620117,17.55181121826172,17.232507705688477,17.779680252075195,18.387983322143555,18.769752502441406,19.36900520324707,19.511688232421875,19.54874610900879,18.49203109741211,17.117313385009766,15.691641807556152,14.545846939086914,14.554059982299805,14.956050872802734,15.70099925994873,16.375879287719727
18.989675521850586,19.283504486083984,19.089027404785156,18.66545295715332,18.432449340820312,17.861743927001953,17.864669799804688,19.02376365661621,20.246152877807617,20.396677017211914,20.4583740234375,20.257720947265625,19.907211303710938,19.996179580688477,20.382680892944336,20.563196182250977,20.78468894958496,21.365528106689453,21.625022888183594,21.134113311767578,20.190649032592773,19.498641967773438,19.1229305267334,19.771467208862305,20.706022262573242,20.724422454833984,20.248554229736328,19.120145797729492,18.483797073364258,18.064029693603516,17.867652893066406,18.065717697143555,19.360637664794922,20.380859375,19.943307876586914,19.61771011352539,18.975643157958984,17.231964111328125,16.30851936340332,15.265557289123535,14.680791854858398,15.446099281311035,17.24937629699707,18.223047256469727
18.543394088745117,18.558238983154297,19.004716873168945,18.60904884338379,18.147111892700195,17.866539001464844,17.733848571777344,18.346717834472656,19.46265411376953,20.445693969726562,20.731489181518555,20.36784553527832,20.113313674926758,20.312374114990234,20.36479949951172,19.665081024169922,19.09561538696289,19.042938232421875,19.325748443603516,19.67083740234375,19.564056396484375,19.211029052734375,18.851465225219727,19.48080062866211,20.29383087158203,20.42020034790039,20.286052703857422,19.254281997680664,19.331298828125,19.431739807128906,18.80035972595215,19.17778778076172,20.125652313232422,20.1791934967041,19.62097930908203,19.244211196899414,19.016834259033203,17.759838104248047,16.68265151977539,15.383047103881836,15.093000411987305,16.744543075561523,18.470876693725586,19.284194946289062
18.805248260498047,17.947948455810547,18.09870719909668,18.4705810546875,18.5422306060791,18.552021026611328,18.303722381591797,18.15363883972168,18.496660232543945,19.156784057617188,19.505605697631836,19.514873504638672,19.456077575683594,19.702909469604492,19.613235473632812,18.605260848999023,17.819923400878906,17.702707290649414,17.64317512512207,17.446514129638672,17.82863998413086,17.882747650146484,17.47119140625,18.60138511657715,19.894323348999023,19.829364776611328,19.733949661254883,19.55097007751465,20.10977554321289,19.94423484802246,19.68021583557129,20.701072692871094,20.377052307128906,19.19820785522461,18.76973533630371,18.91408348083496,18.540279388427734,17.523662567138672,16.512056350708008,15.618823051452637,15.77401065826416,17.8518009185791,19.15752601623535,19.3372802734375
19.565080642700195,18.745227813720703,18.481643676757812,18.836566925048828,19.53439712524414,19.547765731811523,18.742664337158203,17.841394424438477,17.702184677124023,18.591796875,18.68561363220215,18.288742065429688,18.528396606445312,19.016708374023438,19.068729400634766,18.0349063873291,16.842748641967773,16.31810760498047,16.122777938842773,15.900156021118164,16.028202056884766,15.920160293579102,15.874458312988281,17.481365203857422,18.860857009887695,18.612722396850586,18.644277572631836,19.41919708251953,20.4173526763916,20.211414337158203,20.194293975830078,20.86724853515625,19.957195281982422,19.099105834960938,19.1727294921875,19.543020248413086,19.19927978515625,17.80137825012207,16.886566162109375,17.12489891052246,17.360294342041016,18.94998550415039,20.61038589477539,20.29815101623535
20.2698917388916,19.407379150390625,19.043079376220703,19.022144317626953,19.015031814575195,19.416751861572266,19.5553035736084,18.943071365356445,18.54241943359375,18.824872970581055,19.110824584960938,19.041677474975586,18.707561492919922,18.39820671081543,18.317968368530273,18.389362335205078,17.399545669555664,15.48877239227295,14.615744590759277,14.64851188659668,14.755850791931152,14.214272499084473,14.150278091430664,15.945121765136719,17.515182495117188,17.054460525512695,17.626550674438477,18.916955947875977,19.624528884887695,20.27192497253418,21.093353271484375,20.804811477661133,19.641801834106445,19.482587814331055,19.898731231689453,20.394075393676758,20.689159393310547,20.287525177001953,18.737401962280273,18.71388053894043,18.683683395385742,19.35137939453125,20.01836395263672,18.829538345336914
19.939334869384766,19.54790687561035,19.145998001098633,18.494579315185547,18.412534713745117,18.743061065673828,19.123737335205078,19.116043090820312,18.604162216186523,18.20148468017578,17.98819923400879,17.671466827392578,17.615982055664062,17.62856101989746,17.621131896972656,17.669208526611328,17.626386642456055,17.0402889251709,16.212682723999023,15.31920337677002,14.407851219177246,13.60654067993164,13.452446937561035,14.756226539611816,16.03108024597168,16.062768936157227,17.363990783691406,19.134044647216797,19.408479690551758,20.349172592163086,20.786916732788086,20.424907684326172,19.540184020996094,19.360567092895508,19.706844329833984,20.016056060791016,19.916358947753906,20.40705680847168,20.747421264648438,20.167217254638672,19.150936126708984,19.005386352539062,18.541688919067383,16.651662826538086
20.94816780090332,20.854217529296875,19.923826217651367,18.938695907592773,18.416093826293945,18.424449920654297,18.35580062866211,18.278961181640625,17.83662223815918,17.226558685302734,16.757633209228516,17.448400497436523,18.175125122070312,18.30198860168457,17.996774673461914,17.312833786010742,16.748035430908203,17.002708435058594,17.25657081604004,16.40031623840332,14.824522018432617,13.18908977508545,12.96593189239502,14.174962997436523,15.426942825317383,15.27659797668457,15.778237342834473,18.22898292541504,19.6807804107666,20.075918197631836,19.936851501464844,19.793119430541992,19.44937515258789,19.347938537597656,19.07285499572754,20.29741668701172,21.143798828125,21.98150634765625,22.763999938964844,22.116512298583984,20.492427825927734,19.820425033569336,17.781156539916992,15.600476264953613
20.997968673706055,20.86095428466797,20.584781646728516,19.669435501098633,18.673789978027344,17.99650001525879,17.73296356201172,17.460521697998047,17.05042839050293,16.204437255859375,16.57511329650879,17.815519332885742,18.539997100830078,18.36665153503418,17.639192581176758,17.378976821899414,17.3388671875,17.721805572509766,18.14242172241211,18.0538330078125,16.728981018066406,15.030865669250488,14.185604095458984,15.196534156799316,15.9381103515625,15.812273025512695,16.24737548828125,17.645952224731445,19.647613525390625,19.607969284057617,18.574453353881836,17.893287658691406,17.332557678222656,18.867733001708984,20.038530349731445,21.476865768432617,22.701879501342773,23.907955169677734,24.24236297607422,22.697025299072266,21.30694580078125,19.60455894470215,16.72283935546875,15.74825668334961
23.082767486572266,21.936443328857422,21.119958877563477,20.266740798950195,19.156463623046875,17.789287567138672,16.716053009033203,16.42396354675293,16.413848876953125,16.44808006286621,17.257349014282227,18.542694091796875,19.627098083496094,19.840164184570312,19.615304946899414,19.17045783996582,18.794218063354492,18.66286277770996,18.444087982177734,18.483884811401367,18.124345779418945,17.26487159729004,16.648921966552734,16.622419357299805,16.465421676635742,16.13807487487793,16.222370147705078,15.83760929107666,16.744245529174805,16.915603637695312,16.674468994140625,17.574270248413086,18.199649810791016,19.11849021911621,20.47015380859375,22.307458877563477,23.260704040527344,23.147470474243164,23.31962776184082,22.194887161254883,20.730510711669922,19.48403549194336,17.504377365112305,16.5623836517334
25.060789108276367,24.172019958496094,23.01629638671875,21.770782470703125,20.04075050354004,18.0959529876709,16.551618576049805,15.945351600646973,16.47611427307129,17.570560455322266,18.329605102539062,19.195653915405273,20.358558654785156,21.00046157836914,20.981412887573242,20.438209533691406,19.615644454956055,18.835643768310547,18.16327476501465,18.023881912231445,17.924434661865234,17.56073570251465,17.423940658569336,17.49001121520996,16.949562072753906,16.415809631347656,16.110544204711914,16.02008819580078,16.034154891967773,15.849042892456055,15.901086807250977,17.329376220703125,17.606584548950195,18.109439849853516,20.50606918334961,22.317176818847656,22.60878562927246,21.87663459777832,22.111099243164062,21.991310119628906,21.15662956237793,20.469491958618164,18.78302764892578,17.522085189819336
25.708534240722656,25.223608016967773,24.43208885192871,23.205116271972656,21.31935691833496,19.24367904663086,17.524555206298828,16.683897018432617,16.885116577148438,17.310800552368164,17.61260223388672,18.47252082824707,19.496191024780273,19.905662536621094,20.04671287536621,20.17030906677246,19.866565704345703,19.060359954833984,18.2711124420166,18.14429473876953,17.954833984375,17.409589767456055,17.159666061401367,17.48752784729004,17.77984046936035,17.7325439453125,17.310131072998047,17.572059631347656,17.420190811157227,16.755464553833008,16.485872268676758,16.70067024230957,15.650665283203125,16.131776809692383,18.494524002075195,21.585418701171875,22.75860595703125,22.009967803955078,21.245309829711914,21.15943717956543,21.057628631591797,20.828176498413086,19.186044692993164,17.742259979248047
25.66812515258789,25.578712463378906,25.019317626953125,23.806795120239258,22.09339141845703,20.37175750732422,18.81273651123047,17.776151657104492,17.25895881652832,16.908599853515625,17.111528396606445,17.78339958190918,18.025304794311523,17.687732696533203,17.48837661743164,17.83759307861328,18.29740333557129,18.201387405395508,17.868947982788086,18.07330322265625,18.305330276489258,18.1512508392334,17.90322494506836,18.128726959228516,18.832881927490234,18.792625427246094,18.39298439025879,18.754901885986328,18.4409122467041,17.907861709594727,17.323965072631836,15.889891624450684,15.348225593566895,16.04030990600586,17.93947410583496,21.090635299682617,22.346965789794922,20.868032455444336,20.016830444335938,20.184165954589844,20.586734771728516,20.584260940551758,19.176151275634766,17.588455200195312
