data/wind_data/wind_55_6.json
{"header": {"parameterUnit": "KT", "parameterCategory": 2, "nx": 256, "ny": 198, "lo1": 44.73521041870117, "la1": -3.236724853515625, "lo2": 111.26478576660156, "la2": 43.468475341796875, "dx": 0.2609002888202667, "dy": -0.23708222806453705, "refTime": "2025-02-21 07:00:00", "forecastTime": 0, "parameterNumber": 2, "parameterNumberName": "eastward_wind"}, "data":
[rows 0 to 19 of 198, columns 88 to 131 of 256]
-12.938429832458496,-12.133204460144043,-11.551371574401855,-11.068373680114746,-10.432622909545898,-9.618085861206055,-8.390216827392578,-6.961369037628174,-5.369178295135498,-4.27191686630249,-4.549856185913086,-5.485294342041016,-7.100477695465088,-8.001715660095215,-7.311914443969727,-6.603779315948486,-6.15228271484375,-6.386474609375,-7.4341325759887695,-8.1785888671875,-8.617609024047852,-10.027917861938477,-12.135701179504395,-13.11579418182373,-13.269168853759766,-12.97108268737793,-12.266133308410645,-11.34696102142334,-10.330527305603027,-9.44118881225586,-8.761516571044922,-8.568197250366211,-8.379331588745117,-7.660464763641357,-7.6329474449157715,-8.991296768188477,-10.278914451599121,-11.169371604919434,-11.868123054504395,-12.388728141784668,-12.43846321105957,-12.046524047851562,-12.52990436553955,-13.65720272064209
-12.223031997680664,-11.883392333984375,-11.606683731079102,-11.112805366516113,-9.973058700561523,-8.688305854797363,-7.8696770668029785,-6.900222301483154,-5.185788154602051,-4.12143611907959,-4.730959415435791,-5.880257606506348,-7.39782190322876,-8.277719497680664,-8.043130874633789,-7.392989158630371,-6.499195098876953,-5.908188819885254,-5.417604446411133,-5.188063144683838,-5.499836444854736,-7.339557647705078,-10.023696899414062,-11.341711044311523,-11.824854850769043,-11.640653610229492,-10.81423282623291,-9.758171081542969,-8.765340805053711,-8.189725875854492,-7.8740153312683105,-7.642678737640381,-7.544073581695557,-7.731644153594971,-8.445672988891602,-9.631987571716309,-10.773970603942871,-11.855451583862305,-12.37374210357666,-12.329132080078125,-11.987655639648438,-11.398805618286133,-11.474432945251465,-12.055925369262695
-11.722131729125977,-11.798556327819824,-11.57086181640625,-10.846052169799805,-9.236987113952637,-7.535447120666504,-7.127997875213623,-6.829955577850342,-5.747951984405518,-5.102733135223389,-4.968595027923584,-5.23147439956665,-6.411160945892334,-7.3428544998168945,-7.639461994171143,-7.17269229888916,-6.091166019439697,-5.398325443267822,-4.9325103759765625,-4.850564479827881,-5.2369303703308105,-6.3449554443359375,-7.957850933074951,-9.290390014648438,-10.136526107788086,-9.908018112182617,-9.225520133972168,-8.47922134399414,-7.83384895324707,-7.841409683227539,-8.053425788879395,-8.067705154418945,-8.177656173706055,-8.701753616333008,-9.345525741577148,-9.871309280395508,-10.308423042297363,-10.792064666748047,-11.202781677246094,-11.419489860534668,-11.17532730102539,-10.488582611083984,-10.138651847839355,-10.112730979919434
-11.475264549255371,-11.912111282348633,-11.590091705322266,-10.3978271484375,-8.586556434631348,-7.110122203826904,-7.136374473571777,-7.120148181915283,-6.444094657897949,-6.146604537963867,-5.658989429473877,-5.614526271820068,-6.361603260040283,-6.853963851928711,-7.283590316772461,-6.904253005981445,-5.967575550079346,-5.557876110076904,-5.495377540588379,-5.551932334899902,-5.826976299285889,-6.1548542976379395,-6.701195240020752,-7.722047328948975,-8.604647636413574,-8.334446907043457,-7.8797607421875,-7.489656448364258,-7.165738105773926,-7.41541051864624,-7.93609094619751,-8.261109352111816,-8.413064956665039,-8.712688446044922,-8.898372650146484,-8.884035110473633,-8.754910469055176,-8.552743911743164,-8.7935209274292,-9.28654670715332,-9.335365295410156,-8.938013076782227,-8.520814895629883,-8.193462371826172
-11.431962966918945,-11.34687614440918,-10.037495613098145,-7.793615341186523,-5.8689680099487305,-4.654623508453369,-3.7462077140808105,-2.877718210220337,-2.7978978157043457,-3.1992247104644775,-2.8906021118164062,-2.828744888305664,-3.1516804695129395,-2.761035203933716,-2.8265750408172607,-2.5310895442962646,-2.2451508045196533,-1.8466788530349731,-2.23271107673645,-2.0112459659576416,-2.4221532344818115,-3.631801128387451,-4.1621575355529785,-3.2170474529266357,-3.1762866973876953,-4.165678977966309,-5.207727909088135,-6.204001426696777,-6.887795925140381,-7.369685173034668,-7.960981845855713,-7.778324127197266,-6.516533851623535,-5.579699993133545,-5.458838939666748,-5.932981014251709,-5.900606632232666,-5.053547382354736,-4.396481990814209,-4.882235050201416,-6.366098880767822,-7.36747407913208,-7.307249546051025,-6.984736442565918
-10.036177635192871,-8.630961418151855,-7.22310733795166,-6.235223770141602,-6.0638651847839355,-5.737846374511719,-4.946048259735107,-4.1131792068481445,-3.365920305252075,-3.4003663063049316,-3.497234582901001,-4.129472255706787,-5.417049407958984,-4.840182781219482,-3.8967039585113525,-2.091031789779663,-1.2016745805740356,-0.9496010541915894,-2.327134370803833,-2.886528968811035,-1.8357685804367065,-2.288661003112793,-3.1323368549346924,-2.9285387992858887,-2.695016860961914,-3.515383243560791,-4.224414348602295,-5.29597806930542,-6.4794487953186035,-6.836129188537598,-6.938612937927246,-6.65862512588501,-5.520359039306641,-4.66469144821167,-4.820512294769287,-5.540987491607666,-5.712375640869141,-4.977622032165527,-4.349557399749756,-4.642058372497559,-5.6946306228637695,-6.806930065155029,-7.46781063079834,-7.5865797996521
-9.968832969665527,-8.623528480529785,-7.329881191253662,-6.303536415100098,-5.809960842132568,-5.170959949493408,-4.276371479034424,-4.065881252288818,-4.329944133758545,-4.93162727355957,-4.476668834686279,-4.941780090332031,-7.0212883949279785,-5.228668212890625,-4.364543914794922,-3.717043161392212,-2.3082563877105713,-1.330269455909729,-1.5163167715072632,-2.0337157249450684,-2.225395441055298,-3.375322103500366,-3.3212735652923584,-3.057903289794922,-1.742920994758606,-2.584559440612793,-3.9770305156707764,-5.1403913497924805,-6.183764934539795,-6.160662651062012,-5.944561958312988,-6.286874771118164,-6.523791790008545,-6.331401824951172,-6.286734580993652,-6.576277256011963,-6.51512336730957,-5.875618934631348,-5.288403034210205,-5.39394474029541,-6.160723686218262,-7.265556812286377,-8.117246627807617,-8.343173027038574
-9.949483871459961,-8.527559280395508,-7.2706193923950195,-6.689046859741211,-6.154215335845947,-5.5726752281188965,-4.308901309967041,-3.805711030960083,-4.8364410400390625,-6.3633527755737305,-7.863802433013916,-7.932434558868408,-10.681182861328125,-8.650557518005371,-9.07414436340332,-6.220202445983887,-1.8083876371383667,-1.1683180332183838,-1.6911120414733887,-1.6873058080673218,-2.455420970916748,-4.622098922729492,-5.322674751281738,-5.8907928466796875,-3.054898500442505,-1.6287834644317627,-4.213772296905518,-4.769532680511475,-5.66357421875,-5.618104934692383,-5.423762321472168,-5.991175174713135,-6.599442481994629,-6.888787269592285,-6.834005355834961,-6.732461929321289,-6.405189037322998,-6.031350612640381,-5.735775947570801,-6.033297538757324,-6.727414608001709,-7.249517440795898,-7.746228218078613,-8.456174850463867
-8.63064193725586,-6.719058513641357,-7.158781051635742,-10.277787208557129,-9.04940414428711,-7.995341777801514,-5.98191499710083,-4.933492183685303,-5.404554843902588,-7.355436325073242,-10.845097541809082,-9.3417329788208,-11.088834762573242,-17.0098934173584,-16.95697021484375,-11.16799259185791,2.694242000579834,1.6819485425949097,-1.9387685060501099,-2.959815502166748,-2.796022415161133,-5.5063557624816895,-7.812949180603027,-5.646006107330322,-7.415661811828613,-3.7627429962158203,-4.282658576965332,-4.48490047454834,-5.224740028381348,-5.434803009033203,-5.325703144073486,-6.1804304122924805,-7.110804080963135,-7.826548099517822,-7.7850213050842285,-7.418308258056641,-7.004978179931641,-6.998392581939697,-6.984339714050293,-6.882782936096191,-6.908133506774902,-7.40630578994751,-8.353852272033691,-8.89100456237793
-9.909247398376465,-9.054061889648438,-9.539484024047852,-11.459954261779785,-12.054999351501465,-10.396195411682129,-7.560159206390381,-5.640114784240723,-6.043136119842529,-8.863883972167969,-10.71585750579834,-10.37624740600586,-10.092672348022461,-17.961532592773438,-23.540136337280273,-15.613388061523438,2.1712193489074707,3.0045831203460693,-1.7619596719741821,-2.1139791011810303,-1.61793053150177,-3.7637438774108887,-2.381643056869507,-0.8744007349014282,-4.888020038604736,-5.963952541351318,-3.3788673877716064,-4.289154052734375,-5.376277446746826,-5.685209274291992,-5.522648334503174,-6.308821201324463,-7.1986188888549805,-8.31317138671875,-8.69973087310791,-8.255565643310547,-7.770035743713379,-8.200216293334961,-8.53760814666748,-7.991260051727295,-7.458097457885742,-7.963066577911377,-9.042771339416504,-9.025956153869629
-8.87344741821289,-8.266667366027832,-8.912689208984375,-10.984404563903809,-12.356804847717285,-11.31286334991455,-8.388452529907227,-4.549426555633545,-4.337265968322754,-7.4579010009765625,-8.21171760559082,-7.521679878234863,-8.339417457580566,-12.148728370666504,-15.879106521606445,-15.86756420135498,-3.86012601852417,-3.681333065032959,-3.3176558017730713,-1.0048871040344238,-0.3493334949016571,-2.7264633178710938,-3.866030693054199,-3.9747025966644287,-4.576423168182373,-4.491833686828613,-3.004910469055176,-4.919499397277832,-6.024967670440674,-6.298882007598877,-6.291831970214844,-6.396360874176025,-7.471518516540527,-9.159869194030762,-9.656451225280762,-8.997400283813477,-8.711478233337402,-9.369850158691406,-9.955370903015137,-9.227941513061523,-8.302811622619629,-8.258806228637695,-9.00313949584961,-9.31962776184082
-7.8633575439453125,-8.385555267333984,-9.176966667175293,-9.760412216186523,-11.291116714477539,-11.79168701171875,-9.587961196899414,-4.191083908081055,-4.249637126922607,-5.281523704528809,-5.434886455535889,-5.063971519470215,-6.708441734313965,-6.817123889923096,-5.768479824066162,-9.281563758850098,-10.742817878723145,-7.606096267700195,-5.179440498352051,-3.691401243209839,-5.179970741271973,-6.516122341156006,-6.446929454803467,-4.700392723083496,-3.931506872177124,-3.7290351390838623,-2.9917194843292236,-5.250028610229492,-6.999606132507324,-7.056204795837402,-6.957118511199951,-6.558900833129883,-7.979309558868408,-9.874390602111816,-10.18725299835205,-9.357447624206543,-9.473536491394043,-10.378804206848145,-10.777872085571289,-10.092057228088379,-9.311542510986328,-9.051300048828125,-8.793278694152832,-9.315925598144531
-9.834723472595215,-9.762909889221191,-8.888740539550781,-7.678066253662109,-8.0625,-9.252938270568848,-7.8443684577941895,-7.318493366241455,-7.227593898773193,-5.558676719665527,-4.987641334533691,-4.45047664642334,-5.388176918029785,-6.6179375648498535,-7.065417289733887,-9.112560272216797,-11.201149940490723,-9.743760108947754,-7.35069465637207,-7.593105316162109,-10.515058517456055,-11.361478805541992,-7.228150844573975,-4.338922500610352,-3.644946336746216,-3.711200475692749,-2.8029820919036865,-4.720291614532471,-7.40673828125,-7.707088470458984,-7.325642108917236,-6.988515853881836,-8.45130443572998,-10.121994972229004,-10.550097465515137,-9.936619758605957,-10.094490051269531,-10.71953296661377,-11.105522155761719,-10.534451484680176,-8.84915828704834,-8.990447044372559,-9.43701457977295,-9.517898559570312
-9.391645431518555,-8.809335708618164,-7.499489784240723,-6.141082286834717,-5.254166126251221,-5.174106597900391,-4.23662805557251,-4.551449298858643,-5.9728899002075195,-5.62548303604126,-4.5385050773620605,-4.617213726043701,-5.304291248321533,-6.502781391143799,-7.93243932723999,-9.657103538513184,-10.45753288269043,-9.922192573547363,-9.261021614074707,-11.079346656799316,-12.662393569946289,-10.997456550598145,-6.358767509460449,-4.708317279815674,-4.94711971282959,-5.193387985229492,-5.983595371246338,-5.593331813812256,-7.805842876434326,-8.455305099487305,-7.8438520431518555,-7.686561584472656,-9.02148723602295,-10.232114791870117,-10.627671241760254,-10.398767471313477,-10.801000595092773,-11.11782169342041,-11.698921203613281,-11.377433776855469,-10.260358810424805,-9.880783081054688,-10.277643203735352,-9.911029815673828
-8.532381057739258,-7.243300914764404,-6.153984546661377,-5.718895435333252,-5.146179676055908,-4.400794982910156,-3.6501777172088623,-3.648989200592041,-4.553403377532959,-5.208188533782959,-5.074591159820557,-4.848209381103516,-4.999411106109619,-5.742112636566162,-7.208963394165039,-9.338179588317871,-9.4462251663208,-8.12576675415039,-6.8177642822265625,-6.9396138191223145,-7.644364356994629,-6.069119930267334,-4.896235466003418,-4.563841819763184,-6.468554973602295,-10.48341178894043,-8.129227638244629,-5.71047306060791,-8.080427169799805,-7.9767985343933105,-8.495122909545898,-9.156435012817383,-10.18313217163086,-10.321232795715332,-10.26111125946045,-10.150530815124512,-9.49169635772705,-8.47690486907959,-10.486458778381348,-9.724632263183594,-9.20115852355957,-9.535257339477539,-10.258131980895996,-10.964958190917969
-7.365337371826172,-6.942141056060791,-6.378742694854736,-6.290976047515869,-6.114103317260742,-5.678203105926514,-4.698338031768799,-3.9262161254882812,-4.182600975036621,-4.832043170928955,-5.085878372192383,-4.9925079345703125,-4.9488911628723145,-4.964094638824463,-5.445455551147461,-8.265180587768555,-7.808138847351074,-6.6122517585754395,-6.154900074005127,-5.742365837097168,-4.639307498931885,-3.901228427886963,-4.643327713012695,-7.737229347229004,-10.164470672607422,-12.056626319885254,-9.146597862243652,-7.198553562164307,-8.77296257019043,-9.832984924316406,-10.110763549804688,-10.968127250671387,-11.779335975646973,-10.090896606445312,-9.641657829284668,-9.015111923217773,-8.906593322753906,-8.610238075256348,-8.807726860046387,-8.36591911315918,-7.912826061248779,-9.619040489196777,-11.31771469116211,-12.466557502746582
-6.689791202545166,-7.218873500823975,-7.548617839813232,-7.7666401863098145,-7.61477518081665,-6.888922214508057,-5.755756378173828,-5.150076389312744,-4.815298557281494,-4.638308048248291,-4.244274616241455,-3.994967222213745,-4.291473388671875,-4.516386032104492,-4.20872163772583,-5.556610584259033,-5.368833541870117,-4.549381256103516,-4.690443992614746,-4.437241554260254,-3.0581681728363037,-2.307661533355713,-5.8948893547058105,-11.122098922729492,-12.501402854919434,-12.26603889465332,-10.351752281188965,-9.333291053771973,-9.91119384765625,-11.320786476135254,-11.576550483703613,-12.919361114501953,-13.218310356140137,-6.457852840423584,-6.715144157409668,-7.142338275909424,-7.036070823669434,-9.103979110717773,-9.396218299865723,-9.484590530395508,-8.974997520446777,-10.932829856872559,-11.786455154418945,-12.720239639282227
-5.683608531951904,-6.207661151885986,-7.083015441894531,-7.7915873527526855,-8.254494667053223,-7.954541206359863,-6.903438091278076,-6.218609809875488,-5.678065776824951,-5.23756742477417,-4.700433254241943,-4.00935173034668,-3.6352908611297607,-3.5000417232513428,-3.310201406478882,-3.5961403846740723,-3.474839687347412,-3.5591299533843994,-5.037978649139404,-5.37083625793457,-3.6343607902526855,-3.269717216491699,-6.444287300109863,-11.221674919128418,-12.319178581237793,-11.433370590209961,-10.686681747436523,-10.75050163269043,-10.786425590515137,-11.316139221191406,-12.755565643310547,-13.449982643127441,-11.751934051513672,-5.5031867027282715,-4.162917137145996,-6.4588518142700195,-6.48646879196167,-8.706094741821289,-10.8246488571167,-10.854325294494629,-11.03276252746582,-11.834955215454102,-11.626335144042969,-11.62546443939209
-5.003284454345703,-5.690057754516602,-6.945530414581299,-7.557592868804932,-7.500911235809326,-7.431717395782471,-7.011834621429443,-6.457140922546387,-6.229559898376465,-6.1692304611206055,-5.825182914733887,-4.635467052459717,-3.0925705432891846,-2.2222232818603516,-2.218806028366089,-2.8009867668151855,-2.898475408554077,-3.3196210861206055,-5.02896785736084,-6.038429260253906,-5.189972400665283,-4.843842029571533,-7.017314910888672,-10.09769344329834,-11.865355491638184,-12.032074928283691,-11.512589454650879,-11.281145095825195,-11.601515769958496,-12.267754554748535,-13.892444610595703,-13.5372896194458,-10.577281951904297,-6.705669403076172,-5.713217735290527,-5.6157121658325195,-6.955930233001709,-8.735581398010254,-10.728100776672363,-11.895344734191895,-12.11065673828125,-11.855217933654785,-11.320767402648926,-10.894366264343262
-4.528822422027588,-4.9476494789123535,-6.344446659088135,-7.093128681182861,-6.7850542068481445,-6.644134998321533,-6.734009265899658,-6.464775085449219,-6.1384501457214355,-6.1531548500061035,-6.1312479972839355,-5.006628036499023,-3.1199493408203125,-1.7763844728469849,-1.4812374114990234,-1.961681604385376,-2.5160698890686035,-3.520735263824463,-4.989390850067139,-6.103470802307129,-6.125820159912109,-5.959015369415283,-7.147958278656006,-8.703901290893555,-10.824538230895996,-12.485854148864746,-12.133304595947266,-11.274301528930664,-11.274855613708496,-12.289596557617188,-13.836127281188965,-13.709465026855469,-10.402168273925781,-6.237565517425537,-4.7951579093933105,-5.678312301635742,-7.9629106521606445,-8.906851768493652,-9.930137634277344,-11.597066879272461,-12.068784713745117,-11.91478157043457,-12.659689903259277,-12.42151165008545
