data/wind_data/wind_9_0.json
{"header": {"parameterUnit": "KT", "parameterCategory": 2, "nx": 255, "ny": 198, "lo1": 44.73521041870117, "la1": -3.236724853515625, "lo2": 111.26478576660156, "la2": 43.468475341796875, "dx": 0.26192745566368103, "dy": -0.23708222806453705, "refTime": "2025-02-19 09:00:00", "forecastTime": 0, "parameterNumber": 2, "parameterNumberName": "eastward_wind"}, "data":
[rows 76 to 94 of 198, columns 0 to 42 of 255]
-0.10471485555171967,-1.8263893127441406,-3.0521492958068848,-2.1383023262023926,-1.7760735750198364,-1.1561424732208252,0.4167824685573578,2.1537370681762695,4.698882102966309,6.3958353996276855,7.695168495178223,6.678853988647461,3.78102707862854,1.8544434309005737,0.8780839443206787,-0.34248530864715576,-1.4908947944641113,-1.5342206954956055,-2.2437779903411865,-2.939581871032715,-2.932891368865967,-2.793358325958252,-3.0790746212005615,-4.313507080078125,-3.9659481048583984,-4.124485492706299,-3.5444424152374268,-3.647881269454956,-3.6406872272491455,-3.0317394733428955,-1.5797021389007568,1.7811448574066162,1.991300344467163,1.5925312042236328,1.735610008239746,1.5470114946365356,1.299209475517273,1.6230753660202026,2.145163059234619,2.370853900909424,2.369244337081909,2.343146324157715,2.0238430500030518
-0.48272114992141724,-2.226118803024292,-3.4555206298828125,-2.8410308361053467,-2.258638381958008,-1.6027557849884033,0.251837819814682,1.9187513589859009,4.017139434814453,6.1288347244262695,7.285599231719971,6.048300743103027,2.5775973796844482,0.8837454915046692,0.18696239590644836,-0.7575598359107971,-0.6790083646774292,0.1302400827407837,-0.5595822930335999,-1.1738377809524536,-1.4132914543151855,-2.23363995552063,-2.8942744731903076,-3.1869497299194336,-2.618572950363159,-2.9452967643737793,-2.424190044403076,-2.896014928817749,-1.7523853778839111,-0.1925932914018631,-0.20151150226593018,0.997093677520752,0.013116135261952877,0.9665568470954895,3.316114902496338,2.9780800342559814,1.6943809986114502,1.6376335620880127,2.8610355854034424,3.7774503231048584,3.813328742980957,3.203963041305542,2.570199489593506
-2.984377384185791,-4.088135719299316,-3.8904848098754883,-4.553423881530762,-3.976785182952881,-3.1651439666748047,-1.5252788066864014,0.40058523416519165,1.649595022201538,3.701789617538452,5.069765090942383,3.0528464317321777,0.35537928342819214,-0.8247908353805542,-1.7654918432235718,-1.2257012128829956,-0.19498127698898315,0.7114885449409485,-0.23536312580108643,-0.3930020332336426,-0.38841456174850464,-1.6972509622573853,-2.4303441047668457,-2.7798311710357666,-2.4884722232818604,-1.7997697591781616,-1.371626615524292,-1.3512212038040161,-0.25755706429481506,1.244632601737976,1.276495099067688,0.3864249289035797,-0.7718796730041504,0.011005792766809464,1.5510213375091553,-0.04643941670656204,-1.32168447971344,0.7131292819976807,3.193044424057007,5.106151580810547,5.314403533935547,3.9464142322540283,2.831937313079834
-4.608279705047607,-4.846364498138428,-4.769487380981445,-5.670844554901123,-5.652425289154053,-4.153114318847656,-2.9605374336242676,-2.7366790771484375,-1.5886340141296387,-0.16735084354877472,-0.1135135367512703,-1.6797252893447876,-3.5503737926483154,-4.0433173179626465,-4.147487640380859,-3.8282625675201416,-3.1313111782073975,-2.554135322570801,-2.338646650314331,-1.1661376953125,-0.4006381332874298,-1.1107453107833862,-0.9327481985092163,-0.9601475596427917,-1.7061731815338135,-1.504884123802185,-1.5047316551208496,-0.5593773126602173,0.9747503995895386,0.9463730454444885,0.1424967497587204,-0.6702613830566406,-0.13471387326717377,-0.26441073417663574,-0.926146388053894,-1.6512001752853394,-0.037709686905145645,1.8835240602493286,2.3393476009368896,2.507232904434204,3.168053150177002,3.515321969985962,2.5676701068878174
-5.574868679046631,-5.273807048797607,-5.5937299728393555,-7.1600422859191895,-6.820321559906006,-5.736814498901367,-5.104324817657471,-4.776321887969971,-4.955805778503418,-4.570731163024902,-5.359719753265381,-6.66903829574585,-7.429239749908447,-7.144023895263672,-6.485879898071289,-5.886449337005615,-5.116900444030762,-4.053781509399414,-3.2807843685150146,-1.4997522830963135,-0.09363003075122833,0.20819993317127228,0.6224247813224792,0.680802047252655,-0.9266761541366577,-2.5431864261627197,-2.3853516578674316,-1.9638285636901855,-1.109815239906311,-1.0241585969924927,-1.216504454612732,-1.8898133039474487,-1.4309667348861694,-0.28163206577301025,-1.1766694784164429,-1.7601547241210938,0.6121441721916199,3.736201763153076,3.3987977504730225,-0.7341083884239197,-2.7802786827087402,-1.3037875890731812,0.23729920387268066
-6.036553382873535,-6.273563385009766,-6.565681457519531,-7.942383766174316,-7.837701320648193,-7.165432929992676,-7.413619518280029,-7.332571506500244,-7.438925266265869,-7.8722333908081055,-8.597609519958496,-9.153685569763184,-9.099063873291016,-8.557957649230957,-8.085418701171875,-7.524899005889893,-6.302822113037109,-5.049577713012695,-4.149648189544678,-2.514308214187622,-1.1895345449447632,-0.17528662085533142,0.9313942790031433,1.9750752449035645,2.3125476837158203,1.531726598739624,0.6742039918899536,-0.12061662971973419,-0.5639588236808777,-0.6052207350730896,-0.6340101957321167,-0.36100950837135315,-0.5083258152008057,-0.7491058707237244,-0.9584254622459412,-0.5258880257606506,0.4658370018005371,1.9878144264221191,2.024261951446533,-2.137197256088257,-6.556640148162842,-5.586670398712158,-1.3676397800445557
-6.165284156799316,-7.017271518707275,-7.628109455108643,-9.148958206176758,-9.168766975402832,-8.760795593261719,-9.345173835754395,-9.639994621276855,-10.120288848876953,-10.321114540100098,-10.559041023254395,-10.634602546691895,-10.720037460327148,-10.181283950805664,-9.659107208251953,-9.019198417663574,-8.050277709960938,-7.332675933837891,-6.877708911895752,-5.818195343017578,-4.126242637634277,-2.3134167194366455,-0.49352699518203735,1.0649131536483765,2.098268985748291,2.927548408508301,3.7293686866760254,4.156721591949463,3.648582935333252,2.439945936203003,1.510675072669983,1.2893785238265991,1.535725712776184,1.5663175582885742,1.4581331014633179,1.353614091873169,1.4316102266311646,0.9520693421363831,-0.6027406454086304,-2.9900383949279785,-6.512791633605957,-4.612743377685547,-0.6651800870895386
-6.5416436195373535,-7.307138442993164,-8.360503196716309,-9.871190071105957,-10.15982437133789,-10.091767311096191,-10.865736961364746,-11.23235034942627,-11.472957611083984,-11.672381401062012,-11.873546600341797,-11.791872024536133,-11.514761924743652,-11.184353828430176,-10.979924201965332,-10.383840560913086,-9.800130844116211,-9.33580207824707,-8.763850212097168,-7.8787007331848145,-6.320919036865234,-4.415722846984863,-2.59552264213562,-1.1387004852294922,0.3473619222640991,1.7657548189163208,2.821427583694458,4.098682403564453,5.16764497756958,5.356320858001709,4.798069000244141,4.18760871887207,3.8133058547973633,3.503753423690796,3.3905367851257324,3.2078328132629395,3.0730929374694824,1.894436240196228,-0.38262420892715454,-0.6529261469841003,-2.7918243408203125,-2.104302167892456,0.23761241137981415
-7.31488037109375,-7.645634174346924,-8.584228515625,-10.456311225891113,-10.824213027954102,-10.984603881835938,-11.655365943908691,-11.889209747314453,-12.058749198913574,-12.167963027954102,-12.516864776611328,-12.637226104736328,-12.562216758728027,-12.21002197265625,-11.580875396728516,-10.728028297424316,-10.076691627502441,-9.91895580291748,-9.471318244934082,-8.486973762512207,-7.141502857208252,-5.532865524291992,-3.953122138977051,-2.5638296604156494,-0.9647111892700195,0.40183329582214355,1.6783336400985718,3.309216022491455,4.931411266326904,6.507714748382568,7.2305755615234375,7.373862266540527,7.219808578491211,6.2865777015686035,5.261109352111816,4.69317102432251,4.295879364013672,3.347766876220703,0.9090819954872131,0.8419513702392578,0.5862762331962585,0.4607201814651489,1.4048888683319092
-7.634218692779541,-8.20141315460205,-9.303401947021484,-10.791984558105469,-11.12161636352539,-11.463457107543945,-12.027669906616211,-12.036121368408203,-12.196613311767578,-12.266493797302246,-12.433131217956543,-12.524099349975586,-12.607136726379395,-12.454452514648438,-12.030294418334961,-11.388260841369629,-10.771125793457031,-10.31045913696289,-10.106657981872559,-9.240047454833984,-7.918478488922119,-6.632352828979492,-4.982787132263184,-3.5627779960632324,-2.663940906524658,-1.5884699821472168,-0.0066432226449251175,1.4296345710754395,3.292264223098755,5.647390842437744,7.148214817047119,8.441198348999023,8.932255744934082,8.205974578857422,6.922693729400635,5.6326775550842285,5.095759868621826,4.513103008270264,2.711064577102661,1.381583333015442,1.9651252031326294,2.1608731746673584,2.392528772354126
-8.116373062133789,-8.742623329162598,-9.565901756286621,-11.031582832336426,-11.358001708984375,-11.53689956665039,-11.987664222717285,-12.071246147155762,-12.443224906921387,-12.587575912475586,-12.68519115447998,-12.691553115844727,-12.891739845275879,-12.84771728515625,-12.5504732131958,-12.035048484802246,-11.588249206542969,-11.23082447052002,-10.701445579528809,-9.905296325683594,-8.852080345153809,-7.705908298492432,-6.589538097381592,-5.218557834625244,-4.147770404815674,-3.1072499752044678,-1.9996683597564697,-0.5081367492675781,1.426922082901001,3.2310168743133545,5.264404773712158,6.929252624511719,8.01026725769043,7.748020172119141,6.75382137298584,5.7902703285217285,5.196653842926025,4.793949604034424,3.7176218032836914,2.4499547481536865,2.8497862815856934,3.208559513092041,3.0439951419830322
-8.754534721374512,-9.1815824508667,-9.683544158935547,-11.2741060256958,-11.51755142211914,-11.686115264892578,-12.284063339233398,-12.34498119354248,-12.88743782043457,-13.074009895324707,-13.072213172912598,-12.921043395996094,-13.052273750305176,-13.080172538757324,-12.865935325622559,-12.46494197845459,-12.103525161743164,-11.817773818969727,-11.329721450805664,-10.505341529846191,-9.57841968536377,-8.652172088623047,-7.735751152038574,-6.967855930328369,-6.144275665283203,-4.914207935333252,-3.745321273803711,-2.386380672454834,-0.5703138113021851,1.2389113903045654,3.242929697036743,5.1976494789123535,6.684757232666016,7.27308988571167,6.575545310974121,5.0918660163879395,4.399713039398193,4.2698540687561035,3.6261610984802246,3.11605167388916,3.4556548595428467,3.7077231407165527,3.3802499771118164
-9.419351577758789,-9.778379440307617,-10.185311317443848,-11.508651733398438,-11.827632904052734,-12.212815284729004,-12.668844223022461,-12.721734046936035,-13.112712860107422,-13.369847297668457,-13.401199340820312,-13.147936820983887,-13.017736434936523,-12.97950267791748,-12.816264152526855,-12.462119102478027,-12.127654075622559,-11.823424339294434,-11.474871635437012,-10.88398551940918,-10.196638107299805,-9.528545379638672,-8.8223295211792,-8.143562316894531,-7.498149394989014,-6.768344402313232,-5.7763566970825195,-4.304564476013184,-2.6357767581939697,-1.162322998046875,0.17383907735347748,1.8854575157165527,3.461270809173584,4.854601860046387,4.721194744110107,3.7921946048736572,3.0547730922698975,2.3175771236419678,2.1357529163360596,2.2721307277679443,2.915069103240967,3.226907253265381,3.245352268218994
-10.074865341186523,-10.516478538513184,-11.067571640014648,-11.433313369750977,-11.78487777709961,-12.38261890411377,-12.913285255432129,-13.088351249694824,-13.422981262207031,-13.530280113220215,-13.415426254272461,-12.979904174804688,-12.779960632324219,-12.678768157958984,-12.508733749389648,-12.220235824584961,-12.004989624023438,-11.826559066772461,-11.561010360717773,-11.195767402648926,-10.719059944152832,-10.18681526184082,-9.670763969421387,-9.155960083007812,-8.6797513961792,-8.018131256103516,-7.192063331604004,-6.114892482757568,-4.718710899353027,-3.355315923690796,-2.7845780849456787,-2.219712257385254,-1.0440164804458618,0.2660587430000305,1.2550376653671265,0.9812466502189636,0.5484432578086853,0.5313386917114258,0.5198333263397217,0.5962054133415222,1.3025327920913696,2.305856227874756,3.117391586303711
-10.261571884155273,-10.84511947631836,-11.752046585083008,-12.352705955505371,-12.582682609558105,-13.002129554748535,-13.323987007141113,-13.469942092895508,-13.69406509399414,-13.463705062866211,-12.988847732543945,-12.522878646850586,-12.413921356201172,-12.379010200500488,-12.251643180847168,-12.151556015014648,-12.168804168701172,-12.043846130371094,-11.744492530822754,-11.379341125488281,-10.993258476257324,-10.513581275939941,-10.065815925598145,-9.639034271240234,-9.185378074645996,-8.600179672241211,-7.862050533294678,-7.01328706741333,-6.316303730010986,-5.317291259765625,-4.846027851104736,-5.123307228088379,-4.863668441772461,-4.085969924926758,-3.052016019821167,-0.8551318049430847,-0.9207022190093994,-0.8728892803192139,0.3531401455402374,0.28020527958869934,1.0573647022247314,2.046121597290039,3.5043020248413086
-10.637479782104492,-11.168963432312012,-12.075413703918457,-12.668621063232422,-12.92755126953125,-13.408148765563965,-13.722064018249512,-13.738210678100586,-13.68982219696045,-13.011560440063477,-12.281509399414062,-11.997714042663574,-12.137299537658691,-12.135393142700195,-11.928241729736328,-11.96854305267334,-12.190425872802734,-12.126319885253906,-11.780628204345703,-11.34822940826416,-10.98967170715332,-10.598357200622559,-10.11841869354248,-9.601655006408691,-9.108123779296875,-8.598045349121094,-8.084877014160156,-7.622591495513916,-7.276524066925049,-6.983428955078125,-6.57952880859375,-6.753296375274658,-6.865581035614014,-6.564627647399902,-5.839812278747559,-4.109987735748291,-0.9846816062927246,-0.2140287160873413,0.15649978816509247,1.5950241088867188,2.015535354614258,3.0832266807556152,4.128139972686768
-10.833867073059082,-11.175336837768555,-12.151111602783203,-12.514892578125,-12.609408378601074,-13.644742965698242,-13.863564491271973,-13.811131477355957,-13.486050605773926,-12.893680572509766,-12.219938278198242,-11.955388069152832,-11.959382057189941,-11.873863220214844,-11.596632957458496,-11.584266662597656,-11.845004081726074,-11.961567878723145,-11.794631958007812,-11.428272247314453,-11.087621688842773,-10.751890182495117,-10.214947700500488,-9.576302528381348,-9.082111358642578,-8.609920501708984,-8.176397323608398,-7.946874618530273,-7.942456245422363,-7.968300819396973,-7.661641597747803,-7.51507043838501,-7.940071105957031,-7.66575288772583,-6.819708347320557,-5.2456207275390625,-1.5496220588684082,-0.788162887096405,-0.48598960041999817,1.8111153841018677,2.9613254070281982,3.9217355251312256,4.867170333862305
-10.962307929992676,-11.29987907409668,-12.218477249145508,-13.448225975036621,-13.818351745605469,-13.887786865234375,-13.784878730773926,-13.521635055541992,-13.385980606079102,-12.982046127319336,-12.54288387298584,-12.136880874633789,-11.936556816101074,-11.750304222106934,-11.507583618164062,-11.407315254211426,-11.522457122802734,-11.649809837341309,-11.620770454406738,-11.422934532165527,-11.147613525390625,-10.810150146484375,-10.32357406616211,-9.667163848876953,-9.115743637084961,-8.674758911132812,-8.284343719482422,-8.1237154006958,-8.179950714111328,-8.203747749328613,-8.149032592773438,-7.965933322906494,-8.15491771697998,-8.034259796142578,-7.148634433746338,-5.835752964019775,-3.8033854961395264,-2.6808021068573,-1.0982134342193604,0.8629044890403748,2.701845645904541,4.51660680770874,5.193729400634766
-10.291365623474121,-10.712589263916016,-12.167983055114746,-13.966058731079102,-14.081413269042969,-13.907195091247559,-13.616239547729492,-13.242341995239258,-13.197897911071777,-12.940096855163574,-12.685755729675293,-12.296406745910645,-12.026325225830078,-11.782992362976074,-11.621822357177734,-11.530317306518555,-11.513946533203125,-11.458950996398926,-11.347888946533203,-11.170306205749512,-10.88798713684082,-10.5194091796875,-10.06605339050293,-9.557159423828125,-9.058184623718262,-8.63680362701416,-8.330272674560547,-8.21668815612793,-8.285295486450195,-8.270134925842285,-8.121320724487305,-7.9139084815979,-8.026567459106445,-7.816765308380127,-7.026851177215576,-6.1953020095825195,-5.311330795288086,-4.316478252410889,-2.114701747894287,-0.851262092590332,1.7543390989303589,3.2797014713287354,3.7275092601776123
