data/wind_data/wind_23_6.json
{"header": {"parameterUnit": "KT", "parameterCategory": 2, "nx": 256, "ny": 198, "lo1": 44.73521041870117, "la1": -3.236724853515625, "lo2": 111.26478576660156, "la2": 43.468475341796875, "dx": 0.2609002888202667, "dy": -0.23708222806453705, "refTime": "2025-02-19 23:00:00", "forecastTime": 0, "parameterNumber": 2, "parameterNumberName": "eastward_wind"}, "data":
[rows 80 to 99 of 198, columns 0 to 44 of 256]
46.935272216796875,47.24972152709961,46.57238006591797,45.828651428222656,45.911766052246094,45.538124084472656,45.32019805908203,46.044464111328125,47.31883239746094,48.44399642944336,49.30495834350586,49.93494415283203,50.2182731628418,50.22136688232422,50.22256851196289,50.24496841430664,50.072330474853516,49.75034713745117,49.49770736694336,49.073020935058594,48.52664566040039,48.40304946899414,48.448028564453125,47.90217590332031,46.9122428894043,46.066349029541016,45.50459289550781,45.105567932128906,44.8315315246582,44.725372314453125,44.755950927734375,44.892459869384766,45.10910415649414,45.32147979736328,45.43964767456055,45.34306716918945,45.01408767700195,44.55659866333008,44.08157730102539,43.661903381347656,43.630218505859375,44.091583251953125,44.44917678833008,44.42876434326172,44.359527587890625
48.94453430175781,48.51399612426758,48.078880310058594,47.71080780029297,47.9302978515625,47.80740737915039,47.74317932128906,48.2425537109375,49.110294342041016,49.91368103027344,50.60245895385742,51.20820617675781,51.58131790161133,51.720924377441406,51.80729675292969,51.966365814208984,52.141605377197266,52.176292419433594,51.822689056396484,51.00481033325195,50.13473892211914,49.689849853515625,49.58584976196289,49.265869140625,48.62342071533203,47.98964309692383,47.57308578491211,47.380680084228516,47.34843444824219,47.41058349609375,47.54921340942383,47.767784118652344,48.06422424316406,48.3881950378418,48.59600830078125,48.54585647583008,48.25106430053711,47.85801315307617,47.485748291015625,47.08504867553711,46.74747085571289,46.913082122802734,47.39889144897461,47.60175323486328,47.57042694091797
50.99116134643555,49.92057800292969,49.69631576538086,49.98299026489258,50.463035583496094,50.507850646972656,50.370731353759766,50.494529724121094,50.88982009887695,51.29795455932617,51.59658432006836,51.866607666015625,52.12162780761719,52.36700439453125,52.58654022216797,52.73050308227539,52.88134002685547,53.15183639526367,53.37159729003906,53.04752731323242,52.11314392089844,51.12456512451172,50.5177001953125,50.15522384643555,49.83345413208008,49.57135772705078,49.41952896118164,49.440093994140625,49.59389114379883,49.758243560791016,49.926658630371094,50.190635681152344,50.58863067626953,51.08920669555664,51.473060607910156,51.535377502441406,51.345130920410156,50.985836029052734,50.51120376586914,50.029747009277344,49.67264175415039,49.590614318847656,49.867393493652344,50.19740676879883,50.27934265136719
53.384639739990234,52.20053482055664,52.16059875488281,52.67121887207031,53.42642593383789,53.766788482666016,53.44053268432617,53.061100006103516,52.90586853027344,52.82615661621094,52.677894592285156,52.508785247802734,52.460933685302734,52.692806243896484,53.18767166137695,53.596839904785156,53.72963333129883,53.84930419921875,54.20199966430664,54.54490661621094,54.32642364501953,53.47827911376953,52.51028823852539,51.772193908691406,51.3115119934082,51.11029815673828,51.135398864746094,51.370052337646484,51.6798210144043,51.89988327026367,52.0872688293457,52.41827392578125,52.93055725097656,53.54589080810547,54.024330139160156,54.162879943847656,53.967288970947266,53.473453521728516,52.88005828857422,52.38108825683594,52.1263313293457,52.093936920166016,52.214691162109375,52.385318756103516,52.416664123535156
55.852073669433594,55.04640197753906,54.98805618286133,55.37514877319336,55.80961227416992,56.128387451171875,55.88433837890625,55.43696975708008,55.01700210571289,54.57058334350586,54.125282287597656,53.720760345458984,53.46233367919922,53.54570770263672,54.09148406982422,54.770111083984375,55.18891906738281,55.42924880981445,55.691749572753906,56.00071716308594,56.179466247558594,55.9643669128418,55.3040657043457,54.48110580444336,53.77298355102539,53.305538177490234,53.154502868652344,53.35086441040039,53.7143669128418,54.0135383605957,54.24970245361328,54.591888427734375,55.11116027832031,55.71437072753906,56.20133590698242,56.34033966064453,56.044151306152344,55.441802978515625,54.84111022949219,54.52943801879883,54.519264221191406,54.661109924316406,54.74627685546875,54.666568756103516,54.411399841308594
57.613189697265625,57.0613899230957,57.00977325439453,57.30573272705078,57.449581146240234,57.51456832885742,57.395103454589844,57.17012405395508,56.86625671386719,56.317562103271484,55.6906852722168,55.16448211669922,54.821712493896484,54.82899475097656,55.31327438354492,56.035518646240234,56.62738800048828,57.084197998046875,57.51937484741211,57.861328125,58.00762939453125,57.90574264526367,57.49860382080078,56.848175048828125,56.17143630981445,55.672786712646484,55.44839859008789,55.52687454223633,55.78800582885742,56.03401565551758,56.23904037475586,56.510257720947266,56.94350814819336,57.512447357177734,58.033790588378906,58.21064758300781,57.865604400634766,57.24959182739258,56.82610321044922,56.784019470214844,56.94664001464844,57.05643081665039,56.988712310791016,56.74632263183594,56.39534378051758
58.894927978515625,58.36375045776367,58.386924743652344,58.660335540771484,58.933414459228516,59.050079345703125,59.0374870300293,58.92006301879883,58.68415832519531,58.13795471191406,57.37358474731445,56.80165481567383,56.52248764038086,56.51744842529297,56.88404846191406,57.538082122802734,58.15814208984375,58.65625,59.19281005859375,59.7745361328125,60.162017822265625,60.11050033569336,59.6164436340332,58.90775680541992,58.246681213378906,57.84054946899414,57.79063415527344,58.00092697143555,58.271324157714844,58.4242057800293,58.448795318603516,58.4840087890625,58.6898193359375,59.158485412597656,59.797306060791016,60.172607421875,59.85569381713867,59.109527587890625,58.60411071777344,58.63291931152344,58.873104095458984,58.962890625,58.879554748535156,58.710609436035156,58.548954010009766
59.858219146728516,59.315879821777344,59.515281677246094,60.005767822265625,60.685447692871094,61.24497985839844,61.481082916259766,61.4304313659668,61.2136344909668,60.66548156738281,59.79955291748047,59.06267166137695,58.768898010253906,58.79564666748047,59.03127670288086,59.46846389770508,59.982704162597656,60.4536018371582,60.9297981262207,61.477638244628906,62.001564025878906,62.198978424072266,61.87454605102539,61.165977478027344,60.399818420410156,59.88138198852539,59.78791427612305,60.044464111328125,60.4381217956543,60.807411193847656,61.02853775024414,61.01118850708008,60.88318634033203,60.96839141845703,61.45984649658203,61.955074310302734,61.793704986572266,61.02311706542969,60.386837005615234,60.318077087402344,60.52732849121094,60.6403923034668,60.65334701538086,60.65175247192383,60.59433364868164
60.61652755737305,60.45769119262695,60.820289611816406,61.54218673706055,62.66209411621094,63.61655044555664,64.06929779052734,64.1344985961914,64.08959197998047,63.818363189697266,63.04252243041992,62.0711784362793,61.501258850097656,61.43433380126953,61.618892669677734,61.92000198364258,62.299766540527344,62.71696090698242,63.1270751953125,63.485496520996094,63.77348709106445,63.8776969909668,63.68418502807617,63.26400375366211,62.73255157470703,62.19443130493164,61.81062698364258,61.70583724975586,61.8609504699707,62.236412048339844,62.72021484375,63.040313720703125,63.04458999633789,62.93186569213867,63.03250503540039,63.3303337097168,63.275535583496094,62.6147346496582,61.90058517456055,61.676856994628906,61.761356353759766,61.79440689086914,61.769290924072266,61.82925796508789,61.920711517333984
61.78367233276367,61.67501449584961,62.149349212646484,63.033016204833984,64.45500946044922,65.5809555053711,66.16248321533203,66.36418914794922,66.48056030273438,66.51560974121094,66.04683685302734,65.03833770751953,64.11141967773438,63.7715950012207,63.9021110534668,64.23196411132812,64.65807342529297,65.14286041259766,65.5862808227539,65.83937072753906,65.8409652709961,65.61320495605469,65.25181579589844,64.95528411865234,64.776123046875,64.51203155517578,64.07161712646484,63.57743835449219,63.2136344909668,63.179561614990234,63.538700103759766,63.99781799316406,64.3332290649414,64.56883239746094,64.76810455322266,64.91651153564453,64.80451965332031,64.24517059326172,63.551727294921875,63.25331115722656,63.32350540161133,63.30527877807617,63.023826599121094,62.74365234375,62.62616729736328
63.24150848388672,63.091217041015625,63.610382080078125,64.54618835449219,65.98066711425781,67.1285629272461,67.87373352050781,68.35257720947266,68.62779998779297,68.74423217773438,68.5298843383789,67.75531005859375,66.70571899414062,65.95559692382812,65.80878448486328,66.11309051513672,66.66761016845703,67.3572769165039,67.99797821044922,68.32913970947266,68.21858978271484,67.76318359375,67.19847869873047,66.79029083251953,66.62496185302734,66.49340057373047,66.19251251220703,65.69847869873047,65.08580780029297,64.63187408447266,64.63960266113281,64.94525146484375,65.2788314819336,65.71892547607422,66.24176025390625,66.61964416503906,66.61166381835938,66.10298919677734,65.35193634033203,64.92478942871094,65.01290893554688,65.1698989868164,64.9901123046875,64.53984832763672,64.11544799804688
64.97856903076172,64.96891021728516,65.5606689453125,66.42827606201172,67.71046447753906,68.7375717163086,69.45804595947266,70.06961059570312,70.52009582519531,70.74735260009766,70.79141998291016,70.48793029785156,69.70683288574219,68.77799987792969,68.18354034423828,68.20568084716797,68.69999694824219,69.4765625,70.27423095703125,70.73855590820312,70.69486236572266,70.2466812133789,69.63014221191406,69.0234375,68.51683807373047,68.13404083251953,67.85538482666016,67.59049224853516,67.16634368896484,66.6214370727539,66.32998657226562,66.3560791015625,66.43640899658203,66.70783233642578,67.3577880859375,68.03862762451172,68.23526000976562,67.84062957763672,67.11510467529297,66.58386993408203,66.58201599121094,66.82706451416016,66.84010314941406,66.49808502197266,66.05364990234375
66.91233825683594,67.05377197265625,67.74188995361328,68.5469741821289,69.72083282470703,70.60993957519531,71.12284088134766,71.58980560302734,72.10105895996094,72.52099609375,72.8092269897461,72.9156723022461,72.59455108642578,71.80967712402344,71.05062866210938,70.78654479980469,71.08745574951172,71.70111846923828,72.34384155273438,72.77010345458984,72.87102508544922,72.65646362304688,72.19009399414062,71.50011444091797,70.68067169189453,69.9666519165039,69.56710052490234,69.45947265625,69.34709930419922,68.98867797851562,68.57429504394531,68.34886932373047,68.20838928222656,68.19537353515625,68.63055419921875,69.3656234741211,69.78430938720703,69.5579605102539,68.93083190917969,68.43647766113281,68.39273834228516,68.60655212402344,68.64985656738281,68.39087677001953,68.06654357910156
68.46101379394531,68.60612487792969,69.3900375366211,70.2857437133789,71.40373229980469,72.27660369873047,72.72159576416016,72.9964599609375,73.39649963378906,73.91724395751953,74.4019775390625,74.73111724853516,74.74871826171875,74.35738372802734,73.82261657714844,73.56778717041016,73.64396667480469,73.85966491699219,74.07804107666016,74.29924011230469,74.51986694335938,74.62262725830078,74.43354034423828,73.84864044189453,72.97814178466797,72.13936614990234,71.63044738769531,71.50506591796875,71.5126953125,71.34016418457031,70.96211242675781,70.61546325683594,70.41749572753906,70.3536376953125,70.56842041015625,71.0805435180664,71.47868347167969,71.35671997070312,70.87626647949219,70.50529479980469,70.53645324707031,70.83885955810547,70.98562622070312,70.7607192993164,70.40123748779297
69.80681610107422,69.89668273925781,70.73953247070312,71.71814727783203,72.68468475341797,73.57472229003906,74.12569427490234,74.3465347290039,74.55821990966797,74.9746322631836,75.50689697265625,75.96194458007812,76.20105743408203,76.2093276977539,76.07994079589844,75.95033264160156,75.8485336303711,75.71221160888672,75.5819320678711,75.58443450927734,75.80265808105469,76.06889343261719,76.10929870605469,75.7437744140625,75.03811645507812,74.28933715820312,73.82574462890625,73.72982788085938,73.79998016357422,73.78941345214844,73.60226440429688,73.30581665039062,73.10041809082031,73.12022399902344,73.36067962646484,73.74313354492188,73.95579528808594,73.69996643066406,73.12613677978516,72.67475128173828,72.71424102783203,73.15569305419922,73.58383178710938,73.58455657958984,73.19210815429688
71.91874694824219,71.80621337890625,72.5223617553711,73.42943572998047,74.05882263183594,74.7413330078125,75.3655776977539,75.68896484375,75.86725616455078,76.20624542236328,76.7533187866211,77.29536437988281,77.7149658203125,78.04104614257812,78.24581146240234,78.24446105957031,78.01499938964844,77.63404846191406,77.2928237915039,77.19662475585938,77.37760162353516,77.6619873046875,77.8349609375,77.71434783935547,77.29898071289062,76.79966735839844,76.51634979248047,76.5356216430664,76.66898345947266,76.75634765625,76.7306137084961,76.529052734375,76.2649154663086,76.18081665039062,76.35775756835938,76.70799255371094,76.9393539428711,76.69033813476562,75.95075225830078,75.15355682373047,74.80201721191406,75.03858184814453,75.55793762207031,75.8212890625,75.62953186035156
74.63008880615234,74.33785247802734,74.7720718383789,75.46542358398438,75.67971801757812,75.97248077392578,76.6055679321289,77.13607025146484,77.47750854492188,77.93647003173828,78.56788635253906,79.17646026611328,79.69166564941406,80.170654296875,80.54296112060547,80.66372680664062,80.47270965576172,80.03604125976562,79.57443237304688,79.35945129394531,79.45738983154297,79.71444702148438,79.9377212524414,79.97293090820312,79.77253723144531,79.45608520507812,79.31118774414062,79.39253234863281,79.52588653564453,79.64208221435547,79.72802734375,79.62969207763672,79.3382797241211,79.0713119506836,78.98928833007812,79.12029266357422,79.35092163085938,79.37810516357422,78.88688659667969,77.9520263671875,77.10807037353516,76.85829162597656,77.15473175048828,77.47598266601562,77.47579956054688
76.96769714355469,76.57172393798828,76.74829864501953,77.12841033935547,76.99044036865234,77.00023651123047,77.67324829101562,78.39949035644531,79.00341796875,79.73151397705078,80.48867797851562,81.05933380126953,81.51666259765625,82.00519561767578,82.42278289794922,82.61011505126953,82.48997497558594,82.08856964111328,81.59883880615234,81.32815551757812,81.39186096191406,81.62417602539062,81.82106018066406,81.87879943847656,81.79656219482422,81.66517639160156,81.63711547851562,81.76052856445312,81.86073303222656,81.92745208740234,82.0535659790039,82.06929016113281,81.84199523925781,81.5196533203125,81.26032257080078,81.14854431152344,81.22708129882812,81.3818130493164,81.28447723388672,80.70062255859375,79.76983642578125,79.05232238769531,78.94542694091797,79.18426513671875,79.23824310302734
78.99944305419922,78.45950317382812,78.35887908935547,78.30193328857422,78.0401611328125,77.9573974609375,78.45789337158203,79.18623352050781,79.98161315917969,80.96137237548828,81.9008560180664,82.45250701904297,82.77513122558594,83.19979095458984,83.66738891601562,83.9254379272461,83.81708526611328,83.38204193115234,82.87545013427734,82.63085174560547,82.74826049804688,83.0400390625,83.28657531738281,83.4015121459961,83.43234252929688,83.45269012451172,83.52204132080078,83.64717102050781,83.68634796142578,83.6492691040039,83.73551940917969,83.86293029785156,83.76387023925781,83.47271728515625,83.19285583496094,83.0130615234375,82.97185516357422,83.07427215576172,83.1736068725586,83.01397705078125,82.45439147949219,81.65899658203125,81.18241119384766,81.2270736694336,81.30207824707031
81.1008529663086,80.24430847167969,79.96617126464844,79.82828521728516,79.7006607055664,79.66083526611328,79.8770523071289,80.33171844482422,81.08049011230469,82.11295318603516,83.09809875488281,83.6573257446289,83.93675231933594,84.33970642089844,84.85333251953125,85.13594818115234,84.9815673828125,84.4991226196289,84.0093765258789,83.79884338378906,83.9201889038086,84.2263412475586,84.5282211303711,84.70018005371094,84.7970199584961,84.89927673339844,84.99713897705078,85.06106567382812,85.0401840209961,84.90926361083984,84.91291046142578,85.15594482421875,85.33577728271484,85.23757934570312,84.9990005493164,84.81465148925781,84.74079895019531,84.78092956542969,84.9177474975586,85.00169372558594,84.82276153564453,84.30148315429688,83.6882553100586,83.49505615234375,83.66542053222656
