data/wind_data/wind_33_4.json
{"header": {"parameterUnit": "KT", "parameterCategory": 2, "nx": 256, "ny": 198, "lo1": 44.73521041870117, "la1": -3.236724853515625, "lo2": 111.26478576660156, "la2": 43.468475341796875, "dx": 0.2609002888202667, "dy": -0.23708222806453705, "refTime": "2025-02-20 09:00:00", "forecastTime": 0, "parameterNumber": 2, "parameterNumberName": "eastward_wind"}, "data":
[rows 0 to 18 of 198, columns 176 to 219 of 256]
4.714225769042969,5.516232967376709,5.3750433921813965,5.103612422943115,5.940776824951172,6.844377040863037,7.100769519805908,6.7850189208984375,5.5639801025390625,4.485051155090332,3.891570806503296,4.06574821472168,5.238643169403076,6.25457763671875,6.948300838470459,8.292365074157715,10.230066299438477,10.549615859985352,9.516120910644531,8.05738639831543,6.5143938064575195,7.011373043060303,8.324222564697266,8.137465476989746,7.5952277183532715,7.756295680999756,8.137683868408203,8.568181991577148,9.008420944213867,9.412699699401855,9.71231746673584,9.842191696166992,9.986370086669922,10.18501091003418,10.454277038574219,10.821860313415527,10.611409187316895,9.85488224029541,9.674004554748535,9.912832260131836,9.704590797424316,9.422480583190918,10.511174201965332,11.86616325378418
4.908956527709961,4.845454692840576,4.837865829467773,5.141347408294678,6.054091930389404,6.966183185577393,7.370954990386963,6.688053607940674,5.071707248687744,4.084935188293457,3.8776466846466064,4.681889533996582,6.452723026275635,7.635869026184082,8.346905708312988,8.703656196594238,8.677599906921387,9.074403762817383,9.770807266235352,9.09630298614502,7.760970592498779,7.958211421966553,8.701191902160645,8.271173477172852,7.760283470153809,7.938534259796143,8.38920783996582,8.857234001159668,8.999631881713867,8.693703651428223,8.568991661071777,8.908761978149414,9.733129501342773,11.005582809448242,11.682856559753418,12.166510581970215,12.06282901763916,11.277273178100586,9.955389976501465,8.496759414672852,8.012249946594238,8.102237701416016,10.061849594116211,13.599199295043945
4.445903301239014,4.502538204193115,4.617154598236084,4.982736587524414,5.959686279296875,6.717458248138428,6.270163059234619,5.227921009063721,4.441850662231445,4.238309860229492,4.546932220458984,5.437616348266602,6.888487815856934,7.885405540466309,8.374948501586914,8.62000560760498,8.604487419128418,8.588828086853027,8.651948928833008,8.482285499572754,8.222702026367188,7.370870590209961,6.140071868896484,5.696318626403809,6.025233745574951,6.777892589569092,7.627226829528809,8.136751174926758,8.395025253295898,8.244169235229492,7.865943908691406,7.729221820831299,8.31563949584961,9.415376663208008,10.141590118408203,10.37786865234375,10.336769104003906,10.314967155456543,9.667298316955566,8.141227722167969,7.311391353607178,7.4848713874816895,10.659555435180664,13.3561429977417
3.772031307220459,4.0446672439575195,4.2802815437316895,4.436199188232422,5.318059921264648,6.131822109222412,5.316005229949951,4.291170120239258,4.309044361114502,4.799971103668213,5.4386210441589355,6.266075134277344,7.073497295379639,7.574937343597412,7.662986755371094,7.6816205978393555,7.726256847381592,7.5697245597839355,7.443332195281982,7.823270320892334,8.371329307556152,7.083337306976318,4.962799549102783,4.41233491897583,4.968963623046875,6.098190784454346,7.094878673553467,7.61067008972168,7.957976818084717,7.949613571166992,7.479926109313965,7.303887844085693,7.775664329528809,8.366910934448242,8.727200508117676,8.840407371520996,8.98024845123291,9.224310874938965,9.11305046081543,8.051920890808105,7.659440994262695,5.988025665283203,11.49271011352539,12.022278785705566
2.536283493041992,2.9640445709228516,3.4756100177764893,2.822005271911621,2.9121124744415283,3.317373037338257,3.8309924602508545,5.507335186004639,6.5891900062561035,6.965474605560303,6.560074329376221,6.417984485626221,6.205452919006348,5.990468502044678,5.64088773727417,4.967072486877441,4.622140884399414,5.80417013168335,7.049340724945068,7.62122917175293,7.381003379821777,6.896310329437256,6.982182502746582,7.0920634269714355,6.639383316040039,6.593755722045898,7.240331172943115,7.8801140785217285,8.510863304138184,8.517058372497559,8.169413566589355,8.592135429382324,8.796091079711914,8.31717300415039,8.516928672790527,9.143630981445312,9.343481063842773,8.758667945861816,9.070841789245605,8.889803886413574,10.23547649383545,-4.667860507965088,12.374004364013672,9.876996994018555
2.828561544418335,3.241792678833008,3.1054232120513916,2.9529242515563965,2.6381406784057617,3.2072532176971436,3.41825270652771,6.281673431396484,6.486828804016113,6.077417850494385,6.828663349151611,7.43379020690918,7.316392421722412,6.093362808227539,4.627790451049805,4.056936264038086,4.176898956298828,5.16311502456665,6.586918830871582,7.200432300567627,6.566570281982422,5.793686389923096,5.807693958282471,6.942641258239746,7.79713773727417,7.500646114349365,7.670594692230225,8.259288787841797,8.49093246459961,8.238777160644531,8.174788475036621,8.88126277923584,7.882503509521484,7.495532989501953,8.66622257232666,9.935663223266602,9.999065399169922,10.191490173339844,11.563146591186523,10.785371780395508,13.255842208862305,8.278095245361328,9.048616409301758,10.819754600524902
2.0095951557159424,2.0317158699035645,1.9094752073287964,3.0005042552948,4.161906719207764,4.095798492431641,3.3540384769439697,4.6222968101501465,5.728297233581543,5.824665069580078,6.232003688812256,6.4416327476501465,6.041569232940674,5.062048435211182,3.8593084812164307,3.0931220054626465,2.8197598457336426,3.8635642528533936,5.380743026733398,5.657278060913086,4.805106163024902,4.031408309936523,4.818461894989014,6.307584285736084,7.497694492340088,7.685085773468018,7.800877571105957,8.326781272888184,8.567278861999512,8.537918090820312,8.47337818145752,9.29085636138916,8.198731422424316,8.51318359375,9.561578750610352,10.414519309997559,10.552888870239258,11.250346183776855,12.634477615356445,12.414515495300293,9.353185653686523,11.654431343078613,14.516885757446289,15.618569374084473
2.427496910095215,2.057335138320923,1.643049716949463,3.38838267326355,4.894733428955078,4.542707443237305,4.0425310134887695,4.310931205749512,4.158015727996826,4.599112510681152,5.968604564666748,5.434371471405029,4.283668518066406,3.957900285720825,3.440171957015991,3.0365118980407715,3.284520387649536,3.6310665607452393,3.866237163543701,4.087542533874512,3.661694288253784,3.6360971927642822,4.857601165771484,5.948992729187012,6.803635120391846,7.334640979766846,7.7239813804626465,8.279494285583496,8.553685188293457,8.4664888381958,8.422805786132812,9.193106651306152,10.073042869567871,10.979618072509766,11.300058364868164,11.148900985717773,10.946948051452637,11.918514251708984,13.375700950622559,12.23234748840332,12.118410110473633,12.778265953063965,13.712082862854004,14.86786937713623
2.4350569248199463,2.8808488845825195,3.0979318618774414,4.174262046813965,4.29006814956665,3.712594509124756,4.011622428894043,4.1315202713012695,3.570106267929077,3.8749892711639404,5.386740207672119,5.108062267303467,4.036885738372803,3.714482307434082,3.772871732711792,3.915588855743408,5.034350872039795,5.216031551361084,3.932833194732666,3.7015345096588135,4.929938316345215,6.4386305809021,7.020344257354736,7.328969955444336,7.724419593811035,7.9171037673950195,8.043356895446777,8.262395858764648,8.452953338623047,8.152227401733398,8.727533340454102,9.705618858337402,11.063507080078125,11.476255416870117,11.517804145812988,11.629712104797363,11.587355613708496,12.438831329345703,12.980237007141113,13.709173202514648,13.828536033630371,13.427363395690918,13.991144180297852,14.25110912322998
3.0200772285461426,2.7910659313201904,3.4204370975494385,3.2933433055877686,3.68825364112854,3.5196309089660645,3.5999906063079834,4.014501094818115,4.128269195556641,4.516013145446777,5.502745628356934,5.660464286804199,4.55071496963501,3.7022368907928467,4.119819641113281,4.379246711730957,5.218918323516846,5.813231468200684,5.081802845001221,4.6891703605651855,5.681150913238525,7.045810699462891,7.80833625793457,8.383879661560059,8.570849418640137,8.53317642211914,8.578685760498047,8.564525604248047,8.59386920928955,8.711570739746094,8.975791931152344,10.174785614013672,11.289472579956055,11.917805671691895,12.493851661682129,12.442163467407227,12.687877655029297,13.218820571899414,14.061476707458496,14.715032577514648,14.84816837310791,14.098827362060547,13.507295608520508,13.65580940246582
3.5483946800231934,3.6778738498687744,3.6480042934417725,3.8648109436035156,3.8145785331726074,3.560199022293091,3.3271656036376953,4.037561416625977,4.880579948425293,5.614679336547852,6.194181442260742,6.077866077423096,4.956198215484619,4.222938537597656,4.4640655517578125,4.145278453826904,4.020351886749268,4.830126762390137,5.543793201446533,6.227334499359131,6.938736915588379,7.398125648498535,7.9809675216674805,8.73264217376709,8.957807540893555,8.89130973815918,8.876882553100586,8.856952667236328,8.693921089172363,8.89568042755127,9.603351593017578,10.741731643676758,11.754709243774414,12.505695343017578,13.629033088684082,14.209396362304688,14.110112190246582,14.22460651397705,14.89450740814209,15.447997093200684,15.507978439331055,15.029178619384766,14.007351875305176,13.333734512329102
2.3279342651367188,4.049971103668213,4.632233142852783,4.464597225189209,4.341485023498535,4.065062522888184,3.9509642124176025,4.5097784996032715,5.355922698974609,6.13700008392334,6.390511512756348,6.267052173614502,5.496723651885986,5.1278605461120605,5.535824298858643,4.8539934158325195,3.9097368717193604,3.9315578937530518,5.007603645324707,6.694220066070557,7.903788089752197,8.352300643920898,8.501569747924805,8.771269798278809,9.06490707397461,9.123312950134277,9.021149635314941,9.343770027160645,8.870146751403809,9.10790729522705,10.247221946716309,11.504592895507812,12.499227523803711,13.63815689086914,14.916827201843262,15.882331848144531,14.999092102050781,13.94747257232666,15.638114929199219,16.57421875,16.28767967224121,15.677250862121582,14.626651763916016,13.757204055786133
1.8703734874725342,4.163710117340088,3.8844540119171143,4.398768424987793,5.038018703460693,4.500792026519775,4.2286295890808105,4.773442268371582,5.532581329345703,6.3462347984313965,6.588311672210693,6.366768836975098,5.478835105895996,5.221642017364502,6.303098678588867,6.489567279815674,5.851619243621826,5.671082019805908,6.206707000732422,6.961178302764893,7.583133697509766,8.086024284362793,8.36395263671875,8.598993301391602,9.080672264099121,9.217945098876953,9.324531555175781,9.655906677246094,9.406885147094727,9.835437774658203,11.037590980529785,12.278619766235352,13.35398006439209,15.061532020568848,15.110877990722656,15.370999336242676,12.84036922454834,13.819402694702148,16.02794075012207,17.251014709472656,16.92413330078125,16.03438377380371,15.249098777770996,14.502584457397461
1.8327199220657349,2.2827656269073486,1.4907633066177368,2.5715126991271973,4.092700958251953,4.526286602020264,4.506504535675049,4.269749164581299,4.861667156219482,5.8372416496276855,5.796721458435059,6.68859338760376,6.487525463104248,5.5467023849487305,6.010196208953857,6.593182563781738,6.897459030151367,7.599050045013428,8.102096557617188,7.629031658172607,7.314155101776123,7.665438652038574,8.151843070983887,8.494585037231445,8.987533569335938,9.388367652893066,9.445929527282715,9.722250938415527,10.420470237731934,11.197644233703613,12.043235778808594,12.92721176147461,14.036956787109375,16.156373977661133,13.153180122375488,14.20923900604248,15.714676856994629,16.71238136291504,17.254684448242188,17.081851959228516,16.542016983032227,16.122413635253906,15.66066837310791,15.14890193939209
1.7787740230560303,2.303619384765625,1.3486595153808594,1.3748530149459839,2.5854153633117676,2.052908182144165,4.735583782196045,4.065996170043945,3.3422021865844727,5.392348289489746,2.8651058673858643,5.21021032333374,6.3401947021484375,5.849192142486572,6.0799736976623535,6.477943420410156,6.6296000480651855,7.251046180725098,7.909734725952148,7.761794567108154,7.554808616638184,7.836723327636719,8.211080551147461,8.56460952758789,9.139739990234375,9.698036193847656,9.854958534240723,10.107047080993652,10.614463806152344,11.73887825012207,12.608866691589355,13.329485893249512,14.088262557983398,14.77313232421875,15.155590057373047,16.8900089263916,18.01156997680664,17.99001693725586,17.524272918701172,17.01263427734375,16.52439308166504,16.21846580505371,15.704657554626465,15.160806655883789
1.9503895044326782,2.6024668216705322,4.025141716003418,4.20069694519043,2.5808379650115967,0.2596874535083771,2.7949721813201904,3.146450996398926,3.0417256355285645,4.612462520599365,-1.4458236694335938,3.88734769821167,2.9688427448272705,3.821378469467163,5.409159183502197,7.184576034545898,7.577820301055908,7.397500038146973,7.1064066886901855,7.012269973754883,7.3862738609313965,8.011920928955078,8.652247428894043,9.065935134887695,9.647734642028809,10.10189151763916,10.466336250305176,10.94228744506836,11.157110214233398,11.86662483215332,12.755824089050293,13.907976150512695,13.158987045288086,13.671551704406738,16.35147476196289,18.240026473999023,17.907255172729492,16.973508834838867,16.86107063293457,16.754638671875,16.39488410949707,16.01066780090332,15.467275619506836,14.846308708190918
1.7525076866149902,4.03830099105835,2.717188835144043,4.804227352142334,4.1831231117248535,3.7680089473724365,1.8002876043319702,2.6412880420684814,3.8227977752685547,6.087540149688721,5.514382362365723,3.1137852668762207,2.381922960281372,2.4404592514038086,3.8631582260131836,5.963813781738281,7.156007766723633,7.575662612915039,7.304623126983643,6.81660270690918,7.116598606109619,7.986276149749756,8.963861465454102,9.698457717895508,10.1205415725708,10.279642105102539,11.137565612792969,11.837844848632812,11.936787605285645,12.474879264831543,13.42443561553955,14.017236709594727,14.542201042175293,15.619023323059082,16.59340476989746,16.988651275634766,15.931062698364258,15.995390892028809,16.0924072265625,15.700981140136719,15.610452651977539,15.366915702819824,15.01114559173584,14.032318115234375
2.0075292587280273,3.117126226425171,3.613593101501465,5.462859630584717,5.359528541564941,3.982320785522461,3.377199411392212,4.445675849914551,5.589963912963867,6.259590148925781,6.689847946166992,6.410681247711182,5.10329532623291,4.362793445587158,4.836953639984131,5.309937000274658,6.421710968017578,7.649036407470703,7.855146408081055,7.411761283874512,7.268681526184082,8.13805103302002,9.089241027832031,10.198318481445312,10.800276756286621,10.545341491699219,11.53791618347168,12.250826835632324,12.749391555786133,13.337756156921387,13.732090950012207,13.854351043701172,14.067861557006836,14.667327880859375,15.234305381774902,15.447270393371582,14.377310752868652,14.433786392211914,13.182473182678223,12.43768310546875,12.6567964553833,13.433836936950684,14.052586555480957,13.379310607910156
2.277334213256836,2.8545844554901123,3.631129741668701,5.094926357269287,4.7431559562683105,4.210160255432129,4.21108341217041,5.058187961578369,5.349133491516113,5.942264556884766,6.126250267028809,7.151444435119629,7.470826148986816,7.4558892250061035,7.827796459197998,6.514135837554932,6.104395866394043,7.188677787780762,7.606424808502197,7.641368865966797,7.851365566253662,8.403214454650879,9.319953918457031,10.448314666748047,11.400705337524414,11.42192554473877,11.775047302246094,12.376463890075684,13.235129356384277,13.723801612854004,14.053133010864258,14.162075996398926,14.246946334838867,14.548161506652832,14.869285583496094,13.645917892456055,12.704344749450684,10.87136459350586,8.399209976196289,8.461692810058594,9.207408905029297,10.59400463104248,12.314502716064453,12.580324172973633
