data/wind_data/wind_15_7.json
{"header": {"parameterUnit": "KT", "parameterCategory": 2, "nx": 256, "ny": 198, "lo1": 44.73521041870117, "la1": -3.236724853515625, "lo2": 111.26478576660156, "la2": 43.468475341796875, "dx": 0.2609002888202667, "dy": -0.23708222806453705, "refTime": "2025-02-19 15:00:00", "forecastTime": 0, "parameterNumber": 2, "parameterNumberName": "eastward_wind"}, "data":
[rows 100 to 119 of 198, columns 44 to 87 of 256]
98.52581024169922,98.844970703125,98.84991455078125,98.36842346191406,97.8203353881836,97.62030792236328,97.63577270507812,97.68126678466797,97.89259338378906,98.51060485839844,98.61315155029297,97.65875244140625,97.34580993652344,98.3472671508789,98.69442749023438,97.94219207763672,97.53373718261719,97.90438842773438,98.33916473388672,98.32831573486328,98.0300521850586,97.72781372070312,97.46023559570312,97.19641876220703,96.95643615722656,96.7227554321289,96.41410827636719,96.05047607421875,95.80794525146484,95.82860565185547,96.02931213378906,96.20132446289062,96.1861801147461,95.90196228027344,95.3177261352539,94.5503921508789,93.85206604003906,93.34255981445312,92.849365234375,92.21407318115234,91.65176391601562,91.47456359863281,91.70097351074219,92.12285614013672
100.82420349121094,101.24746704101562,101.1104736328125,100.26142883300781,99.48455047607422,99.31656646728516,99.67951202392578,100.50682830810547,101.45024871826172,102.07052612304688,101.68656921386719,99.9362564086914,98.58892822265625,98.88933563232422,99.6036376953125,100.15130615234375,100.62936401367188,100.76504516601562,100.41950988769531,99.8433837890625,99.44715118408203,99.43338775634766,99.59927368164062,99.61840057373047,99.38936614990234,99.0221939086914,98.63263702392578,98.30378723144531,98.1590805053711,98.28739929199219,98.59612274169922,98.8263931274414,98.74122619628906,98.23629760742188,97.34494018554688,96.27479553222656,95.35855102539062,94.76509094238281,94.33707427978516,93.90641784667969,93.60655212402344,93.62490844726562,93.95291137695312,94.46162414550781
103.12593078613281,103.47269439697266,102.81505584716797,101.37178802490234,100.45589447021484,100.79454040527344,102.0686264038086,103.7083511352539,104.46930694580078,104.2455062866211,103.28013610839844,101.45387268066406,100.04503631591797,100.38072967529297,101.59974670410156,102.34396362304688,102.2983169555664,102.01930236816406,101.8382568359375,101.70475769042969,101.6768798828125,101.8392333984375,102.01243591308594,101.95543670654297,101.6561279296875,101.31837463378906,101.08856201171875,100.97947692871094,100.98267364501953,101.10783386230469,101.2983627319336,101.35579681396484,101.03336334228516,100.2287826538086,99.07971954345703,97.89168548583984,96.97132873535156,96.42599487304688,96.12739562988281,95.94082641601562,95.88966369628906,96.03926086425781,96.40432739257812,96.9399185180664
105.99754333496094,105.84770202636719,104.00239562988281,101.8998031616211,101.64081573486328,103.2215576171875,105.08143615722656,106.47406005859375,106.58348846435547,105.44539642333984,104.27822875976562,103.56904602050781,103.1399154663086,102.95915985107422,103.13328552246094,103.58538818359375,103.97294616699219,104.20721435546875,104.36180114746094,104.45121002197266,104.46261596679688,104.4189453125,104.3438491821289,104.21797180175781,104.052001953125,103.89396667480469,103.76927947998047,103.69020080566406,103.69598388671875,103.82823944091797,104.0211181640625,104.04957580566406,103.63960266113281,102.72216033935547,101.5166015625,100.3587417602539,99.50203704833984,99.02809143066406,98.86344909667969,98.87229919433594,98.95256042480469,99.09001922607422,99.34559631347656,99.7653579711914
108.74713134765625,107.7303237915039,105.27723693847656,103.5903091430664,104.26660919189453,106.12272644042969,107.08445739746094,107.66002655029297,108.09866333007812,107.44744110107422,106.14822387695312,105.28751373291016,104.93162536621094,104.8182601928711,105.078369140625,105.6480941772461,106.20283508300781,106.60401153564453,106.87579345703125,107.01534271240234,107.01219940185547,106.91729736328125,106.79429626464844,106.67633056640625,106.56675720214844,106.43539428710938,106.24754333496094,106.06324005126953,106.0484390258789,106.3128662109375,106.7256088256836,106.93412017822266,106.609619140625,105.70126342773438,104.48033905029297,103.33421325683594,102.54148864746094,102.17988586425781,102.14281463623047,102.22595977783203,102.24906921386719,102.19712829589844,102.2160873413086,102.46060943603516
110.15574645996094,108.18659210205078,106.42436218261719,105.84751892089844,106.24114990234375,107.6963119506836,108.9474868774414,108.97354125976562,108.36109161376953,107.67230987548828,107.14461517333984,106.85712432861328,106.74015808105469,106.83513641357422,107.2221450805664,107.68656158447266,108.02417755126953,108.38551330566406,108.89822387695312,109.39738464355469,109.61859893798828,109.47863006591797,109.13207244873047,108.79993438720703,108.5943603515625,108.47065734863281,108.33540344238281,108.2152328491211,108.28596496582031,108.65042114257812,109.12718963623047,109.32391357421875,108.93986511230469,108.005859375,106.83654022216797,105.79076385498047,105.11702728271484,104.8929672241211,104.97942352294922,105.06771850585938,104.91741180419922,104.57860565185547,104.33157348632812,104.45089721679688
111.17194366455078,108.4903335571289,106.74530792236328,107.13001251220703,108.38285064697266,109.8228759765625,110.76837921142578,110.40975189208984,109.13573455810547,108.02936553955078,107.59578704833984,107.68232727050781,108.01600646972656,108.53394317626953,109.2326889038086,109.80721282958984,110.008544921875,110.1222915649414,110.49959564208984,111.0289306640625,111.34161376953125,111.27935028076172,110.99578094482422,110.68790435791016,110.4359359741211,110.26644897460938,110.21653747558594,110.34207916259766,110.676025390625,111.11666107177734,111.38400268554688,111.19293212890625,110.4737548828125,109.43104553222656,108.38373565673828,107.56947326660156,107.1065902709961,107.02873992919922,107.21273803710938,107.3309097290039,107.10921478271484,106.63945007324219,106.28532409667969,106.37158966064453
112.52531433105469,109.45960998535156,107.77758026123047,108.63394165039062,110.5739517211914,112.16157531738281,112.7628173828125,112.3784408569336,111.27213287353516,109.79142761230469,108.49392700195312,108.10719299316406,108.84847259521484,110.12499237060547,111.1661148071289,111.6293716430664,111.65279388427734,111.685791015625,112.03132629394531,112.52550506591797,112.84001159667969,112.88343048095703,112.7520980834961,112.52017211914062,112.26234436035156,112.13709259033203,112.32295989990234,112.86817169189453,113.58113098144531,114.07373046875,113.97661590576172,113.21566009521484,112.06642150878906,110.9338150024414,110.11033630371094,109.67183685302734,109.53297424316406,109.58382415771484,109.7447280883789,109.83116912841797,109.62711334228516,109.14827728271484,108.67363739013672,108.5983657836914
114.45978546142578,111.33457946777344,109.8195571899414,110.93423461914062,112.96928405761719,114.43916320800781,114.83349609375,114.4007568359375,113.31708526611328,111.69969177246094,110.15746307373047,109.5657730102539,110.17022705078125,111.3750228881836,112.46721649169922,113.22154998779297,113.73721313476562,114.20181274414062,114.68290710449219,115.04198455810547,115.12918853759766,114.94627380371094,114.60858917236328,114.2893295288086,114.19249725341797,114.47551727294922,115.14522552490234,116.04359436035156,116.83011627197266,117.09674072265625,116.54596710205078,115.30982208251953,113.8900375366211,112.8234634399414,112.35057067871094,112.35265350341797,112.52288055419922,112.60901641845703,112.58051300048828,112.48944091796875,112.23248291015625,111.65267944335938,110.90177917480469,110.55242919921875
115.97151947021484,113.13394165039062,111.76834869384766,113.00421142578125,114.94285583496094,116.1206283569336,116.39324188232422,115.93619537353516,114.8354721069336,113.50106048583984,112.64199829101562,112.49314880371094,112.72671508789062,113.10257720947266,113.80293273925781,114.99366760253906,116.4279556274414,117.60021209716797,118.15486145019531,118.09115600585938,117.64447021484375,117.06648254394531,116.54830932617188,116.26502227783203,116.3619613647461,116.84610748291016,117.56260681152344,118.22795104980469,118.51712036132812,118.18926239013672,117.19312286376953,115.82445526123047,114.56463623046875,113.79509735107422,113.618408203125,113.86461639404297,114.20307922363281,114.30264282226562,114.0906982421875,113.74351501464844,113.2225341796875,112.27618408203125,111.0951919555664,110.57588195800781
116.71711730957031,114.63941192626953,113.71981811523438,114.7838134765625,116.46893310546875,117.52865600585938,117.64041137695312,116.92462921142578,115.84353637695312,115.17971801757812,115.17459869384766,115.24286651611328,114.93692016601562,114.65314483642578,115.051025390625,116.2592544555664,117.76465606689453,118.81607055664062,118.96453094482422,118.37356567382812,117.53089904785156,116.8152847290039,116.3765869140625,116.24591064453125,116.41817474365234,116.79521942138672,117.15841674804688,117.23975372314453,116.81089782714844,115.85948944091797,114.67424774169922,113.62393951416016,112.8995132446289,112.52046203613281,112.49354553222656,112.81156921386719,113.27901458740234,113.50601196289062,113.30213165283203,112.74967956542969,111.7650146484375,110.20013427734375,108.59759521484375,108.2010269165039
116.94425201416016,115.78446197509766,115.58149719238281,116.43511962890625,117.53463745117188,118.17310333251953,117.91624450683594,116.7315444946289,115.41266632080078,114.78470611572266,114.62721252441406,114.20332336425781,113.54518127441406,113.35014343261719,113.92292785644531,114.8699951171875,115.64796447753906,115.91282653808594,115.58279418945312,114.84808349609375,114.06785583496094,113.51094818115234,113.2325668334961,113.20037078857422,113.3979721069336,113.71098327636719,113.88098907470703,113.636474609375,112.84426879882812,111.7096939086914,110.7108154296875,110.13809967041016,109.87047576904297,109.70707702636719,109.7326431274414,110.12203216552734,110.69673919677734,111.02410125732422,110.9342041015625,110.35266876220703,108.98057556152344,106.89066314697266,105.11973571777344,105.07171630859375
115.97957611083984,115.40350341796875,115.70800018310547,116.35150909423828,116.72573852539062,116.57439422607422,115.654296875,114.00814056396484,112.37139892578125,111.2835464477539,110.42699432373047,109.54510498046875,109.17045593261719,109.70872497558594,110.72642517089844,111.52372741699219,111.75555419921875,111.48902130126953,110.97654724121094,110.44212341308594,110.01880645751953,109.73869323730469,109.59616088867188,109.6204833984375,109.87225341796875,110.23944854736328,110.36925506591797,109.97525787353516,109.08172607421875,108.06625366210938,107.3778076171875,107.06219482421875,106.84689331054688,106.706298828125,106.95087432861328,107.66218566894531,108.38296508789062,108.6417236328125,108.63531494140625,108.25904083251953,106.6551513671875,103.97191619873047,101.98278045654297,102.23990631103516
112.32861328125,112.02880859375,112.55915832519531,112.91484069824219,112.7747573852539,112.21871185302734,111.11328887939453,109.44813537597656,107.62042236328125,106.07833099365234,104.92241668701172,104.41832733154297,104.98485565185547,106.30216217041016,107.52877807617188,108.12177276611328,108.08151245117188,107.78620147705078,107.59046173095703,107.55494689941406,107.52507019042969,107.3944091796875,107.26667022705078,107.3116683959961,107.64469146728516,108.08853912353516,108.15010833740234,107.62678527832031,106.7486801147461,105.89622497558594,105.3667984008789,105.03347778320312,104.71112823486328,104.77445220947266,105.58013153076172,106.73387908935547,107.38037109375,107.23412322998047,107.14653015136719,106.97393035888672,105.11360168457031,101.90133666992188,99.90955352783203,100.66499328613281
107.73860168457031,107.68927001953125,108.5376205444336,109.03536987304688,109.06088256835938,108.84194946289062,108.1490249633789,106.5186767578125,104.150634765625,102.1646728515625,101.51351165771484,102.21318054199219,103.70742797851562,105.08935546875,105.86359405517578,106.12100982666016,106.2059555053711,106.46705627441406,106.91551208496094,107.21868133544922,107.1646957397461,106.9024429321289,106.75655364990234,106.87943267822266,107.18327331542969,107.39231872558594,107.20206451416016,106.68826293945312,106.10984802246094,105.51564025878906,104.98004913330078,104.60474395751953,104.49845886230469,105.13579559326172,106.5370101928711,107.57695007324219,107.27481842041016,106.35205078125,106.40338134765625,106.52166748046875,104.39806365966797,101.05459594726562,99.685302734375,101.21932220458984
106.10558319091797,105.90625762939453,106.76777648925781,107.79591369628906,108.4409408569336,108.6390380859375,108.20590209960938,106.22846984863281,102.92160034179688,100.73284912109375,101.2065658569336,103.19677734375,104.86318969726562,105.52008819580078,105.70396423339844,106.03300476074219,106.65320587158203,107.38878631591797,107.92677307128906,108.0076904296875,107.7425765991211,107.52786254882812,107.64013671875,107.9129638671875,107.9032211303711,107.47767639160156,106.93753051757812,106.6342544555664,106.53158569335938,106.19115447998047,105.57855987548828,105.43944549560547,106.13880920410156,107.33850860595703,108.44457244873047,108.49824523925781,107.11605834960938,105.83052825927734,106.35804748535156,106.86618041992188,104.63390350341797,101.55423736572266,101.08145904541016,103.15979766845703
106.95716857910156,106.55146789550781,106.9410629272461,107.99370574951172,109.04842376708984,109.62832641601562,109.22443389892578,106.62130737304688,102.75139617919922,101.08747100830078,102.49159240722656,104.64236450195312,105.8349609375,106.1734619140625,106.58360290527344,107.46600341796875,108.4119873046875,108.89007568359375,108.82748413085938,108.5659408569336,108.44697570800781,108.6187744140625,109.0867691040039,109.36468505859375,108.84016418457031,107.94596099853516,107.598388671875,107.8754653930664,108.14418029785156,107.91060638427734,107.38285064697266,107.3026123046875,108.00852966308594,109.02146911621094,109.58861541748047,109.11206817626953,107.69193267822266,106.66046142578125,107.35213470458984,108.07001495361328,105.94944763183594,103.07659912109375,103.01782989501953,105.06697845458984
108.24300384521484,108.10309600830078,108.00145721435547,108.55569458007812,109.7808837890625,110.70843505859375,109.95576477050781,106.95475006103516,103.88114929199219,103.15428924560547,104.22052764892578,105.48786163330078,106.50392150878906,107.5744400024414,108.73443603515625,109.62134552001953,110.06845092773438,110.13783264160156,109.95417022705078,109.8206558227539,109.89533996582031,110.2379379272461,110.80340576171875,110.65718841552734,109.40603637695312,108.7258529663086,109.64262390136719,110.82910919189453,111.14495086669922,110.76937103271484,110.09117889404297,109.41790008544922,109.21180725097656,109.68553924560547,110.2451400756836,110.19685363769531,109.52584075927734,108.89917755126953,109.1785659790039,109.22026824951172,106.92740631103516,104.32722473144531,104.71072387695312,106.95219421386719
109.19489288330078,109.3915786743164,109.17402648925781,109.59349060058594,111.091064453125,112.06573486328125,110.77076721191406,107.97383880615234,105.94244384765625,105.23140716552734,105.51898193359375,106.69942474365234,108.32843017578125,109.87257385253906,110.80784606933594,111.07002258300781,111.24253845214844,111.51464080810547,111.59732818603516,111.56059265136719,111.59261322021484,112.01309967041016,112.37129974365234,111.22120666503906,109.5478515625,110.06916046142578,112.34044647216797,113.83621215820312,113.80524444580078,112.98639678955078,111.96910858154297,110.98751068115234,110.36795043945312,110.4454574584961,110.94623565673828,111.27252960205078,111.13495635986328,110.59922790527344,110.1817855834961,109.41321563720703,107.0998306274414,105.09601593017578,106.22956848144531,109.111328125
109.2949447631836,109.75923156738281,110.02995300292969,110.75686645507812,112.22914123535156,113.09807586669922,111.9799575805664,109.56332397460938,107.46587371826172,106.41329956054688,106.96664428710938,108.79501342773438,110.38819885253906,111.07745361328125,111.35179138183594,111.79016876220703,112.46956634521484,112.85249328613281,112.71205139160156,112.5188217163086,112.71383666992188,113.29724884033203,112.77488708496094,110.62361907958984,110.12448120117188,112.42601776123047,114.4500503540039,114.84369659423828,114.59568786621094,114.13971710205078,113.11076354980469,111.64705657958984,110.6035385131836,110.55665588378906,111.1253662109375,111.57168579101562,111.69464111328125,111.4216079711914,110.55274963378906,109.12518310546875,107.06504821777344,105.57593536376953,106.9477767944336,110.38833618164062
