data/wind_data/wind_13_1.json
{"header": {"parameterUnit": "KT", "parameterCategory": 2, "nx": 256, "ny": 198, "lo1": 44.73521041870117, "la1": -3.236724853515625, "lo2": 111.26478576660156, "la2": 43.468475341796875, "dx": 0.2609002888202667, "dy": -0.23708222806453705, "refTime": "2025-02-19 13:00:00", "forecastTime": 0, "parameterNumber": 2, "parameterNumberName": "eastward_wind"}, "data":
[rows 19 to 37 of 198, columns 172 to 214 of 256]
-4.7094879150390625,-4.304774284362793,-3.9213383197784424,-3.40632700920105,-2.1197307109832764,-0.1745578944683075,0.7800562977790833,-1.7270677089691162,-3.55644154548645,-3.342730760574341,-1.5034507513046265,-1.293917179107666,-0.1822136640548706,1.9877456426620483,-0.9858293533325195,-0.4257057309150696,-0.7501770257949829,0.10540725290775299,-0.6261855363845825,-0.9430690407752991,-0.8979066014289856,0.44851264357566833,-0.9601914286613464,1.7921665906906128,1.1203597784042358,3.0100207328796387,3.2398128509521484,3.7942118644714355,3.5114896297454834,4.442046642303467,4.376457691192627,1.9588052034378052,-0.20270155370235443,-4.152781963348389,-8.785028457641602,-4.531930446624756,4.356718063354492,-8.165515899658203,-6.269626140594482,-1.998953938484192,-4.401953220367432,-3.7145004272460938,-2.9065170288085938
-4.728894233703613,-3.8949029445648193,-3.9895741939544678,-3.182236909866333,-2.1116209030151367,-0.48294007778167725,-1.8965981006622314,-5.689754009246826,-2.961582660675049,-2.0501251220703125,-3.5229249000549316,-1.8190882205963135,-1.0364172458648682,0.13785973191261292,-0.6768112182617188,0.4362657070159912,0.003985919989645481,0.02177097275853157,-1.0655697584152222,-1.8116353750228882,-1.185038685798645,-1.3308780193328857,0.34556668996810913,1.3473154306411743,0.9234973192214966,2.522773265838623,2.9859249591827393,3.58579683303833,3.9819188117980957,4.165065765380859,4.167625904083252,1.5334155559539795,-0.3307127058506012,-3.434931516647339,-2.813068151473999,-0.15206579864025116,4.671826362609863,-5.432244300842285,-6.307864665985107,-1.962731122970581,-4.3632025718688965,-2.542955160140991,-1.7514963150024414
-4.051163673400879,-3.6728053092956543,-3.3806915283203125,-2.6300787925720215,-1.5470755100250244,-2.271674156188965,-4.691465377807617,-4.359159469604492,-2.9945321083068848,-2.1641409397125244,-3.7564237117767334,-2.044766902923584,-1.9964288473129272,-0.35458943247795105,0.09247598052024841,0.866823673248291,0.5994717478752136,-0.09472372382879257,-1.0810788869857788,-1.5795140266418457,-1.7568962574005127,-1.019703984260559,0.5543676614761353,0.8429138660430908,1.589032769203186,1.9435771703720093,2.6364071369171143,3.044138193130493,3.9010486602783203,3.2523813247680664,2.586611032485962,-0.32631924748420715,-3.596635580062866,-2.5904054641723633,0.32672953605651855,0.869611382484436,-2.067286729812622,1.2001094818115234,2.281977415084839,-4.251850605010986,-3.894117832183838,-4.049924850463867,-2.316340208053589
-3.5767626762390137,-3.1551616191864014,-2.791076898574829,-2.376124143600464,-1.3156871795654297,-3.2504167556762695,-4.396618843078613,-3.953312635421753,-2.091167449951172,-3.983427047729492,-1.5057520866394043,-1.8877090215682983,-3.026965379714966,-0.32176563143730164,-0.05101878568530083,1.0371578931808472,0.9423283934593201,0.45920756459236145,-1.5451642274856567,-1.2436904907226562,-1.2525615692138672,-0.5444479584693909,0.7271968722343445,1.500576376914978,2.1573264598846436,2.232900381088257,2.029698610305786,3.1396610736846924,1.9181277751922607,2.3913016319274902,0.8390425443649292,0.5283355712890625,-0.8390570282936096,5.836930751800537,-2.349982500076294,-3.420567274093628,-4.7040486335754395,3.31598162651062,1.3666446208953857,-3.7528138160705566,-1.926175594329834,-2.509673833847046,-2.5631091594696045
-3.521547317504883,-2.2183501720428467,-2.5821146965026855,-4.479412078857422,-1.9914324283599854,-1.6045700311660767,-5.164751052856445,-2.789597272872925,-3.8864500522613525,-3.904883623123169,-0.6227213144302368,-0.04265938326716423,-4.577889919281006,-0.8212493062019348,-0.40468403697013855,0.2988494634628296,0.5452677011489868,0.16131147742271423,-1.779884934425354,-0.4343225359916687,-0.5885100960731506,-0.18141379952430725,0.6251128315925598,1.255797028541565,2.51297926902771,2.0351927280426025,1.6381129026412964,0.9242576360702515,-0.6711315512657166,-0.06454749405384064,1.138465166091919,-2.2665505409240723,-1.3334323167800903,8.08002758026123,-4.920648097991943,-5.179105758666992,-2.9489359855651855,1.9209145307540894,0.05370505154132843,-0.5192822813987732,-2.1026880741119385,-2.2440567016601562,-1.4210275411605835
-2.828248977661133,-0.7496066093444824,-3.2214484214782715,-5.708392143249512,-0.7251490950584412,-4.307858467102051,-4.996133804321289,-4.100996971130371,-6.004731178283691,-2.3029048442840576,-1.7506355047225952,-0.3518647253513336,-6.00065803527832,-3.053938388824463,-0.8243129849433899,-1.800347924232483,-0.9171689748764038,-0.1712963730096817,-0.633386492729187,0.3373902440071106,0.17848043143749237,0.4742441773414612,0.317004919052124,0.4238497316837311,0.5221979022026062,0.9628332257270813,-0.8867941498756409,-0.7969903945922852,-3.046250343322754,1.0427266359329224,3.4322104454040527,-2.282322645187378,-0.643917977809906,1.9011104106903076,-3.8890092372894287,-3.4629576206207275,-0.8350253701210022,3.0155189037323,-0.6549413800239563,-0.584653913974762,-2.039515495300293,-1.2348531484603882,-1.0590723752975464
-2.0512871742248535,-0.16009269654750824,-5.015035152435303,-4.128299236297607,-3.7125144004821777,-6.5024566650390625,-5.336590766906738,-6.790093421936035,-5.169710159301758,-3.2028675079345703,-4.292365550994873,-4.894783973693848,-4.396075248718262,-4.498218536376953,-2.3432838916778564,-2.784320116043091,-0.3960801959037781,-0.9240370988845825,1.3442233800888062,1.135470986366272,1.1206706762313843,0.5473018884658813,0.2741549611091614,-0.411018043756485,-0.5632111430168152,-0.9762899875640869,-1.631238341331482,-1.2499494552612305,0.0049668182618916035,-0.2753792405128479,2.73370099067688,-4.6035475730896,-5.693089485168457,-4.890138626098633,0.9832653403282166,-2.9153382778167725,-0.7611686587333679,0.14780086278915405,-0.8472216725349426,-2.5198354721069336,-2.713975667953491,-1.0660624504089355,-0.8506797552108765
-2.4795796871185303,-2.249929189682007,-4.460831642150879,-4.838272571563721,-8.407660484313965,-7.593751430511475,-7.6681036949157715,-6.783794403076172,-4.0070414543151855,-3.4105544090270996,-2.6333155632019043,-4.586418628692627,-4.6663665771484375,-4.294641494750977,-3.6143593788146973,-3.653668165206909,-2.633174180984497,-0.6285800337791443,0.8452842831611633,1.6149135828018188,1.924400806427002,1.0762519836425781,0.32449647784233093,0.7194942831993103,-0.935590922832489,-0.7006755471229553,-3.1389119625091553,-0.19551636278629303,-0.6237653493881226,5.642746925354004,-3.2651126384735107,-2.318876266479492,-6.311192989349365,-2.6124966144561768,0.862688422203064,-2.167900562286377,0.5126994848251343,-1.5831496715545654,-1.3024001121520996,-3.130258083343506,-1.9938195943832397,-1.6365913152694702,-1.3612488508224487
-3.995051145553589,-5.391491889953613,-5.938338756561279,-5.415543079376221,-9.988107681274414,-7.755122184753418,-9.141739845275879,-6.278099060058594,-4.325257301330566,-2.6347811222076416,-0.6995499730110168,-2.0857908725738525,-4.978072643280029,-5.509979248046875,-5.157905101776123,-5.370270729064941,-3.924798011779785,-2.355031967163086,-0.45646336674690247,1.5069129467010498,2.8134865760803223,1.9921634197235107,1.9074898958206177,0.8592116832733154,1.7995487451553345,-2.0103156566619873,-1.8078476190567017,-0.973774254322052,-2.7772371768951416,1.72856605052948,-5.227074146270752,0.6709849238395691,-1.3837958574295044,-2.0795652866363525,-0.5848680734634399,-1.36422860622406,-1.271652340888977,-0.4137694239616394,-0.821918249130249,-2.799562692642212,-2.2805798053741455,-0.8040033578872681,-1.0021144151687622
-5.892016887664795,-6.631010055541992,-7.110677242279053,-7.913753986358643,-8.648816108703613,-7.269980430603027,-8.422845840454102,-7.966127872467041,-4.316836833953857,-2.6065783500671387,-0.6743819713592529,-5.6756720542907715,-7.477914810180664,-8.664115905761719,-6.439484596252441,-4.928993225097656,-5.244779109954834,-3.645857095718384,-1.7498117685317993,1.1929490566253662,3.286431312561035,4.138742923736572,3.137540340423584,3.144605875015259,2.4573357105255127,-0.4148210883140564,-0.9192203879356384,-0.9280058741569519,-0.8035852909088135,-2.165677070617676,-2.7798264026641846,-0.5388785004615784,0.7259068489074707,-0.8791386485099792,-2.528657913208008,-0.8176075220108032,-1.3886520862579346,-0.5421419739723206,-1.2997490167617798,-2.2397077083587646,-1.8757246732711792,-1.5731308460235596,-1.7217613458633423
-6.300224304199219,-7.217695236206055,-8.018105506896973,-9.55572509765625,-8.782451629638672,-6.381514549255371,-8.382413864135742,-8.654906272888184,-4.930827617645264,-4.373220443725586,-4.026848793029785,-11.5787992477417,-6.5798115730285645,-8.398237228393555,-6.293739318847656,-6.174011707305908,-6.38010311126709,-4.066237926483154,-3.193298578262329,-0.5118324160575867,2.8999080657958984,4.700040340423584,5.022508144378662,3.741666078567505,2.998023509979248,-2.1207070350646973,3.799863576889038,-0.25133800506591797,-4.4110517501831055,-3.6927342414855957,-1.279914379119873,0.7518712878227234,-0.12881684303283691,-0.8321923613548279,-1.5698161125183105,-1.1222190856933594,-0.4317678213119507,-0.8395779728889465,-1.8135631084442139,-2.552093744277954,-2.153571844100952,-4.3137102127075195,-5.252843379974365
-4.708891868591309,-5.871668815612793,-10.563702583312988,-10.986051559448242,-8.323406219482422,-5.146857261657715,-8.022029876708984,-9.723432540893555,-7.120168209075928,-5.7848687171936035,-4.757912635803223,-8.715107917785645,-10.353355407714844,-7.915290832519531,-6.791445732116699,-7.842900276184082,-5.840130805969238,-5.41010046005249,-4.97283935546875,-3.7946128845214844,-0.7579292058944702,2.0405688285827637,3.9241414070129395,3.3257815837860107,0.6015601754188538,-1.108596920967102,3.2022387981414795,-0.9903184175491333,-6.9318976402282715,-0.0333765372633934,-0.4537866413593292,-0.20029599964618683,-1.168111801147461,-2.13735294342041,-1.5714870691299438,-0.6478312015533447,-0.6492285132408142,-0.5772337913513184,-2.074758291244507,-2.958432912826538,-2.610990285873413,-6.246025085449219,-5.666524887084961
-1.5807452201843262,-7.3126020431518555,-12.042499542236328,-11.657410621643066,-8.127237319946289,-4.872037887573242,-7.544588088989258,-11.254985809326172,-8.994446754455566,-6.7157816886901855,-5.622476577758789,-6.854278564453125,-10.081583976745605,-9.403889656066895,-6.676429748535156,-7.229681491851807,-6.820069789886475,-6.542306423187256,-6.868410110473633,-7.235603332519531,-6.606919765472412,-5.9151692390441895,-1.69935142993927,-0.6763461232185364,-4.547104835510254,-5.792603015899658,-4.8774495124816895,-2.901477336883545,-3.4837422370910645,1.0351133346557617,-0.9382281303405762,-1.6501137018203735,-3.186840295791626,-2.2564356327056885,-2.4527738094329834,-1.2969982624053955,-0.7485561966896057,-0.7910012602806091,-3.1112139225006104,-3.5575873851776123,-5.708503723144531,-7.787189960479736,-3.403355598449707
-3.699431896209717,-13.250986099243164,-10.36950397491455,-11.58287239074707,-9.619500160217285,-9.33658504486084,-9.355225563049316,-8.589295387268066,-9.835471153259277,-8.129297256469727,-5.98921012878418,-6.594503879547119,-10.435654640197754,-9.676196098327637,-7.182042598724365,-6.4097466468811035,-7.07269287109375,-6.702552795410156,-8.034822463989258,-9.137260437011719,-10.536470413208008,-11.359786033630371,-8.979449272155762,-4.9690656661987305,-6.0992608070373535,-5.165556907653809,-4.285192489624023,-2.5645968914031982,-2.8675177097320557,-1.7086071968078613,-3.911243200302124,-4.026651859283447,-4.410558223724365,-3.389777183532715,-3.1680185794830322,-1.588136076927185,-1.6971849203109741,-1.9814114570617676,-4.494060039520264,-4.570258617401123,-7.415161609649658,-5.187492370605469,-2.58735728263855
-9.14675235748291,-10.260737419128418,-9.409749031066895,-9.890344619750977,-12.984976768493652,-11.691712379455566,-8.48985481262207,-7.638060092926025,-9.806678771972656,-9.27878475189209,-6.266983509063721,-7.309930801391602,-10.437620162963867,-9.71657657623291,-7.281157970428467,-6.4269938468933105,-6.697486877441406,-6.349575042724609,-7.818793296813965,-8.462959289550781,-10.58756160736084,-8.849292755126953,-6.506141662597656,-5.881269454956055,-5.84246826171875,-7.160449028015137,-4.980216979980469,-5.40385627746582,-5.448676586151123,-5.615999698638916,-5.849188804626465,-5.7349019050598145,-4.609917163848877,-4.510453224182129,-3.261315107345581,-3.022077798843384,-3.3610565662384033,-4.603224754333496,-5.7197265625,-5.713939189910889,-7.1788716316223145,-1.897560477256775,1.686326503753662
-9.673639297485352,-7.787474632263184,-4.846242427825928,-9.257716178894043,-15.27772331237793,-11.866148948669434,-8.21202564239502,-9.07170581817627,-9.711962699890137,-8.860238075256348,-8.385058403015137,-7.723405361175537,-9.961565017700195,-9.637993812561035,-6.634857177734375,-6.341965198516846,-7.026775360107422,-6.891972064971924,-7.2680816650390625,-7.678805828094482,-8.718727111816406,-9.74666690826416,-8.293460845947266,-6.199916362762451,-6.033971309661865,-5.874453544616699,-6.061973571777344,-6.0547990798950195,-6.718089580535889,-6.327648639678955,-6.079213619232178,-5.664783954620361,-5.23822546005249,-4.442917823791504,-5.045557498931885,-4.893392086029053,-5.7739787101745605,-6.057505130767822,-6.662761211395264,-6.096909046173096,-4.17462158203125,-0.5784873366355896,-0.27252334356307983
-7.661579608917236,-6.533324718475342,-8.554503440856934,-12.606741905212402,-11.995222091674805,-12.069700241088867,-10.32764720916748,-10.243935585021973,-9.877878189086914,-8.388925552368164,-7.370628833770752,-6.561130523681641,-9.656098365783691,-9.46684455871582,-6.8376665115356445,-7.2114667892456055,-7.119456768035889,-7.491436004638672,-7.331984519958496,-7.211258411407471,-7.405767440795898,-7.370372772216797,-6.646511077880859,-5.509363174438477,-5.3714141845703125,-5.400510787963867,-4.976099967956543,-5.57098388671875,-6.471622943878174,-6.362744331359863,-5.606680870056152,-4.983982563018799,-4.780463695526123,-5.280832290649414,-5.898781776428223,-6.9196343421936035,-6.893603801727295,-7.061841011047363,-8.025818824768066,-8.522787094116211,-5.104981899261475,0.8950256109237671,2.0254697799682617
-7.7121381759643555,-8.298903465270996,-10.471612930297852,-12.434433937072754,-12.42876148223877,-10.529256820678711,-10.674797058105469,-10.220431327819824,-8.636577606201172,-9.08691692352295,-8.786412239074707,-7.103756427764893,-6.595422744750977,-9.529184341430664,-9.430191993713379,-7.220865249633789,-7.229753494262695,-7.995883464813232,-7.243420600891113,-7.537773132324219,-6.636556625366211,-6.723176956176758,-5.574173450469971,-5.270471096038818,-5.847740650177002,-5.502973556518555,-4.402781009674072,-5.279748916625977,-5.583028316497803,-5.237634181976318,-4.047733783721924,-3.5846500396728516,-4.09764289855957,-5.134687900543213,-6.186202526092529,-6.618558883666992,-6.610151290893555,-7.644533157348633,-9.757132530212402,-10.673661231994629,-5.32475471496582,3.8999433517456055,-0.506864070892334
-9.101295471191406,-9.560304641723633,-10.234960556030273,-10.836678504943848,-10.88772964477539,-9.947409629821777,-9.215690612792969,-8.574110984802246,-7.445837497711182,-9.403504371643066,-10.085630416870117,-7.749351978302002,-5.457513809204102,-8.851032257080078,-10.531192779541016,-7.9615631103515625,-6.78101921081543,-8.506510734558105,-7.957439422607422,-7.989372730255127,-6.2217020988464355,-6.963742256164551,-6.824419975280762,-7.449368000030518,-7.0178656578063965,-4.941658020019531,-5.079596996307373,-4.435132026672363,-4.213047981262207,-3.3296637535095215,-2.2518343925476074,-1.9099791049957275,-2.7488558292388916,-4.4928975105285645,-5.996982097625732,-6.064533710479736,-6.407881259918213,-8.709603309631348,-10.622329711914062,-10.174469947814941,-5.655467987060547,-1.8808809518814087,-5.431166172027588
