data/wind_data/wind_16_4.json
{"header": {"parameterUnit": "KT", "parameterCategory": 2, "nx": 256, "ny": 198, "lo1": 44.73521041870117, "la1": -3.236724853515625, "lo2": 111.26478576660156, "la2": 43.468475341796875, "dx": 0.2609002888202667, "dy": -0.23708222806453705, "refTime": "2025-02-19 16:00:00", "forecastTime": 0, "parameterNumber": 2, "parameterNumberName": "eastward_wind"}, "data":
[rows 76 to 94 of 198, columns 88 to 131 of 256]
8.7749662399292,9.148552894592285,9.474465370178223,9.706754684448242,9.830283164978027,9.89265251159668,9.979281425476074,10.112289428710938,10.201765060424805,10.143099784851074,9.940628051757812,9.638819694519043,9.254210472106934,8.788023948669434,8.270831108093262,7.743393421173096,7.177962303161621,6.783594131469727,6.826118469238281,7.212136268615723,7.6895751953125,7.627426624298096,7.936889171600342,9.625293731689453,11.93877124786377,12.1343355178833,12.195122718811035,15.876423835754395,14.932637214660645,8.216299057006836,7.251016616821289,7.40343713760376,8.144353866577148,9.14983081817627,9.652212142944336,9.856222152709961,10.111113548278809,10.447132110595703,10.646295547485352,10.928911209106445,12.233174324035645,16.52381134033203,14.966961860656738,14.646894454956055
10.28654670715332,10.516889572143555,10.668907165527344,10.748382568359375,10.793225288391113,10.85073184967041,10.961470603942871,11.133121490478516,11.312594413757324,11.397579193115234,11.347453117370605,11.176483154296875,10.893513679504395,10.512261390686035,10.064518928527832,9.635096549987793,9.185054779052734,8.754853248596191,8.506963729858398,8.53692626953125,8.708358764648438,8.642409324645996,9.197394371032715,10.983965873718262,13.31839370727539,13.139570236206055,13.466267585754395,17.15052032470703,15.77022933959961,10.551441192626953,8.813223838806152,8.713844299316406,9.516807556152344,10.281839370727539,10.717947006225586,11.00713062286377,11.351095199584961,12.155784606933594,12.513810157775879,12.9029541015625,13.643925666809082,15.906123161315918,15.746328353881836,14.82285213470459
11.520553588867188,11.862469673156738,11.981195449829102,11.940023422241211,11.851953506469727,11.841545104980469,11.950446128845215,12.137672424316406,12.318690299987793,12.443851470947266,12.499748229980469,12.479077339172363,12.347715377807617,12.08568000793457,11.70651912689209,11.303647994995117,10.918020248413086,10.57249641418457,10.273069381713867,10.117621421813965,9.911683082580566,9.632676124572754,10.294586181640625,12.207589149475098,14.691067695617676,14.716959953308105,14.366377830505371,18.772449493408203,18.38973045349121,13.695479393005371,9.953886032104492,9.01368236541748,9.77979850769043,10.87791633605957,11.438375473022461,12.142584800720215,12.856304168701172,13.30435848236084,13.38840103149414,13.707446098327637,13.896466255187988,13.308463096618652,15.572696685791016,14.744634628295898
12.039584159851074,12.5767240524292,12.921594619750977,13.069005966186523,13.109867095947266,13.152931213378906,13.257734298706055,13.404106140136719,13.522525787353516,13.581835746765137,13.611810684204102,13.609254837036133,13.542922019958496,13.37170696258545,13.087103843688965,12.717056274414062,12.32890510559082,12.012940406799316,11.783621788024902,11.77218246459961,11.543171882629395,11.330223083496094,11.924906730651855,13.682270050048828,15.981514930725098,15.828998565673828,15.600653648376465,20.015100479125977,18.748703002929688,15.147122383117676,11.945972442626953,10.349114418029785,10.197112083435059,11.24627685546875,12.371959686279297,13.20207691192627,13.528131484985352,13.681710243225098,14.029203414916992,14.178498268127441,13.83230209350586,12.620551109313965,13.890650749206543,14.476484298706055
12.07660961151123,12.547950744628906,12.973174095153809,13.3322172164917,13.63278579711914,13.89201831817627,14.123438835144043,14.331476211547852,14.478096008300781,14.524242401123047,14.48834228515625,14.412707328796387,14.30695629119873,14.159245491027832,13.959272384643555,13.682405471801758,13.370359420776367,13.115824699401855,12.982458114624023,13.1566743850708,13.16074275970459,13.382856369018555,13.85167407989502,15.50365161895752,17.914709091186523,16.93984603881836,17.395835876464844,19.719579696655273,18.06983184814453,15.577502250671387,13.376954078674316,12.216060638427734,11.93690013885498,12.826560974121094,13.902227401733398,14.556368827819824,14.366558074951172,14.477802276611328,14.722264289855957,14.387825012207031,13.125985145568848,12.163867950439453,11.01109504699707,13.901809692382812
12.126690864562988,12.3317232131958,12.606297492980957,12.952020645141602,13.327317237854004,13.676198959350586,13.969779968261719,14.197161674499512,14.35157585144043,14.43226146697998,14.457372665405273,14.441845893859863,14.389832496643066,14.338828086853027,14.270161628723145,14.156020164489746,14.032744407653809,13.977746963500977,14.065410614013672,14.270647048950195,14.498565673828125,15.065180778503418,15.643523216247559,17.550554275512695,19.923524856567383,18.741884231567383,18.884445190429688,18.386552810668945,17.913022994995117,16.41421127319336,15.048409461975098,14.503874778747559,14.384819030761719,15.299777030944824,16.071489334106445,16.105966567993164,15.560834884643555,15.077536582946777,14.5404052734375,13.624966621398926,12.210968017578125,11.46869945526123,11.706177711486816,12.363397598266602
12.698470115661621,12.781530380249023,12.89021110534668,13.049150466918945,13.24738597869873,13.453715324401855,13.64130973815918,13.794269561767578,13.901188850402832,13.967339515686035,14.032485961914062,14.123173713684082,14.226364135742188,14.367173194885254,14.510483741760254,14.579108238220215,14.600870132446289,14.740873336791992,15.084267616271973,15.292794227600098,15.543886184692383,16.42426109313965,17.125749588012695,18.854249954223633,20.451679229736328,20.098464965820312,19.811256408691406,17.41933250427246,16.867286682128906,17.184341430664062,17.091697692871094,16.915958404541016,16.75385284423828,17.258831024169922,17.556875228881836,16.885738372802734,15.837943077087402,15.027562141418457,14.348210334777832,13.388385772705078,12.633913040161133,12.321440696716309,12.378787994384766,12.187455177307129
13.550431251525879,13.657061576843262,13.750465393066406,13.831485748291016,13.873441696166992,13.871241569519043,13.850824356079102,13.8575439453125,13.90622615814209,13.965790748596191,14.034119606018066,14.145231246948242,14.31445026397705,14.568870544433594,14.874567985534668,15.119376182556152,15.265789031982422,15.464313507080078,15.871546745300293,16.147451400756836,16.28046417236328,17.18830680847168,18.33700180053711,19.684856414794922,20.631641387939453,21.014129638671875,20.625648498535156,18.655975341796875,18.061416625976562,18.689022064208984,19.052417755126953,19.048110961914062,18.65045166015625,18.043474197387695,17.586151123046875,16.9034423828125,16.112049102783203,15.639740943908691,15.14736557006836,14.643742561340332,14.484338760375977,14.50146770477295,14.392909049987793,14.43024730682373
14.37392807006836,14.435125350952148,14.499192237854004,14.580453872680664,14.639410972595215,14.633986473083496,14.566333770751953,14.49754810333252,14.469170570373535,14.46450424194336,14.462122917175293,14.467206954956055,14.535370826721191,14.741629600524902,15.073995590209961,15.438563346862793,15.760452270507812,16.122346878051758,16.533912658691406,16.805580139160156,16.976884841918945,17.49759864807129,19.077320098876953,20.48084259033203,21.04146957397461,21.499792098999023,21.925857543945312,20.476625442504883,20.084814071655273,20.31096076965332,20.487577438354492,19.986604690551758,18.753734588623047,17.819490432739258,17.38155746459961,17.04712677001953,16.6303768157959,16.315048217773438,16.052871704101562,16.00030517578125,16.224414825439453,16.28816795349121,16.15423583984375,15.793136596679688
15.06393051147461,15.116985321044922,15.132218360900879,15.143239974975586,15.182862281799316,15.241903305053711,15.288029670715332,15.3066987991333,15.286690711975098,15.215655326843262,15.097757339477539,14.948649406433105,14.837728500366211,14.884069442749023,15.105978012084961,15.48076343536377,15.879507064819336,16.448734283447266,16.957935333251953,17.320903778076172,17.65146827697754,17.944150924682617,19.05802345275879,20.65985107421875,21.26811408996582,21.932100296020508,23.015810012817383,22.27099609375,21.68191146850586,21.275150299072266,20.77463150024414,19.80126953125,18.90030860900879,18.615306854248047,18.686172485351562,18.561262130737305,18.179691314697266,17.746580123901367,17.475847244262695,17.425634384155273,17.62276268005371,17.82518196105957,17.78047752380371,17.30429458618164
15.472151756286621,15.670195579528809,15.761155128479004,15.783451080322266,15.81687068939209,15.872747421264648,15.920692443847656,15.944230079650879,15.90654182434082,15.754642486572266,15.50058364868164,15.27277660369873,15.16396713256836,15.189824104309082,15.28779411315918,15.547564506530762,15.879124641418457,16.539661407470703,17.054414749145508,17.58795928955078,18.141210556030273,18.374401092529297,18.883174896240234,20.18271255493164,21.134750366210938,21.701778411865234,23.055051803588867,22.765911102294922,21.563278198242188,20.770784378051758,20.463085174560547,20.28934669494629,20.213594436645508,20.371871948242188,20.38793182373047,20.032264709472656,19.60643196105957,19.330951690673828,18.963315963745117,18.630783081054688,18.795028686523438,19.238792419433594,19.353483200073242,18.53619384765625
15.755851745605469,16.198101043701172,16.45521354675293,16.51028823852539,16.49127769470215,16.477828979492188,16.430551528930664,16.28535270690918,16.029464721679688,15.644757270812988,15.183720588684082,14.945018768310547,15.105401039123535,15.428549766540527,15.586089134216309,15.741506576538086,16.045848846435547,16.70186424255371,17.27696990966797,17.88964080810547,18.474578857421875,18.81414031982422,19.006591796875,19.550926208496094,20.822490692138672,21.4771785736084,22.11308479309082,22.83087158203125,21.880706787109375,20.55156707763672,20.1723575592041,20.369159698486328,20.95755386352539,21.617889404296875,21.815040588378906,21.40634536743164,20.956933975219727,20.762849807739258,20.554424285888672,20.159164428710938,20.187515258789062,20.51821517944336,20.423622131347656,19.828594207763672
16.05712890625,16.63800621032715,17.016427993774414,17.094797134399414,16.93345832824707,16.65812110900879,16.32896614074707,15.905129432678223,15.346999168395996,14.690503120422363,14.077604293823242,13.919610023498535,14.474864959716797,15.235862731933594,15.69168758392334,15.92183780670166,16.299100875854492,16.908489227294922,17.709611892700195,18.358394622802734,18.866701126098633,19.211894989013672,19.305927276611328,19.678247451782227,20.701520919799805,21.43818473815918,21.820358276367188,22.142555236816406,21.96706199645996,20.965328216552734,20.26573371887207,20.307708740234375,20.89729118347168,21.637760162353516,22.142526626586914,22.24960708618164,22.10165023803711,21.99136734008789,21.79929542541504,21.359010696411133,21.037372589111328,21.113183975219727,21.23845672607422,21.218843460083008
16.513404846191406,16.944684982299805,17.184293746948242,17.115108489990234,16.668834686279297,15.983476638793945,15.362293243408203,14.88294506072998,14.32507038116455,13.742046356201172,13.418179512023926,13.48921012878418,14.071664810180664,14.738907814025879,15.346753120422363,15.932699203491211,16.473285675048828,16.998741149902344,17.789430618286133,18.54829978942871,19.17127227783203,19.46161460876465,19.66554069519043,20.195981979370117,20.96822166442871,21.455408096313477,21.589384078979492,21.410686492919922,21.19795036315918,20.970720291137695,20.765289306640625,20.80299949645996,21.201007843017578,21.963191986083984,22.89222526550293,23.551076889038086,23.645307540893555,23.357107162475586,22.874231338500977,22.258424758911133,21.74740219116211,21.683345794677734,22.030506134033203,22.48027801513672
17.333877563476562,17.396087646484375,17.209049224853516,16.66277503967285,15.691600799560547,14.591718673706055,14.023907661437988,13.997794151306152,13.943361282348633,13.868172645568848,14.100746154785156,14.443266868591309,14.725253105163574,14.831018447875977,15.135963439941406,15.884559631347656,16.579580307006836,17.053720474243164,17.572235107421875,18.215269088745117,18.768890380859375,19.192739486694336,19.621490478515625,19.96419334411621,20.211305618286133,20.662464141845703,20.950618743896484,20.841997146606445,20.670961380004883,20.729576110839844,20.919078826904297,21.30718231201172,21.815927505493164,22.608346939086914,23.779041290283203,24.74004364013672,24.896930694580078,24.39653205871582,23.662330627441406,22.93254280090332,22.469545364379883,22.458219528198242,22.698301315307617,23.28392791748047
18.372802734375,18.071086883544922,17.38983154296875,16.261228561401367,14.826796531677246,13.717970848083496,13.681120872497559,14.28099250793457,14.7679443359375,15.150786399841309,15.539048194885254,15.897276878356934,16.129316329956055,16.04621696472168,15.906998634338379,16.222488403320312,16.99518394470215,17.562213897705078,17.830585479736328,17.840919494628906,17.801082611083984,18.03133773803711,18.510826110839844,18.829771041870117,18.830480575561523,19.27061653137207,20.028789520263672,20.63319206237793,20.97450828552246,21.39495849609375,21.713085174560547,21.961183547973633,22.26105499267578,22.746543884277344,23.67997169494629,24.81682014465332,25.400388717651367,25.147686004638672,24.38238525390625,23.532087326049805,23.029455184936523,23.201414108276367,23.53250503540039,24.081745147705078
19.311565399169922,18.68934440612793,17.589792251586914,16.2103214263916,15.03062915802002,14.659821510314941,15.222474098205566,16.006460189819336,16.653900146484375,17.110036849975586,17.08671760559082,17.13005256652832,17.434972763061523,17.45941734313965,17.13426399230957,17.024921417236328,17.730010986328125,18.49837303161621,18.522809982299805,17.77456283569336,17.002744674682617,16.93747901916504,17.700077056884766,18.695863723754883,18.96510124206543,19.03628158569336,19.525590896606445,20.316753387451172,21.29203987121582,22.257410049438477,22.958776473999023,23.175037384033203,23.018898010253906,22.860782623291016,23.22811508178711,24.37285041809082,25.49205207824707,25.70633316040039,24.894418716430664,23.858675003051758,23.371219635009766,23.610212326049805,24.036911010742188,24.605600357055664
20.14676284790039,19.287078857421875,17.996915817260742,16.823104858398438,16.413082122802734,16.779150009155273,17.383460998535156,17.82118034362793,18.49153709411621,19.09158706665039,19.038619995117188,19.118175506591797,19.304309844970703,19.169248580932617,18.913835525512695,18.419721603393555,18.307188034057617,18.597429275512695,18.600046157836914,17.958087921142578,17.135238647460938,17.12944221496582,18.334918975830078,20.023441314697266,20.894838333129883,20.53378677368164,20.32984161376953,20.65950584411621,21.444238662719727,22.418670654296875,23.238380432128906,23.809438705444336,24.045589447021484,23.880207061767578,23.871463775634766,24.567697525024414,25.46762466430664,25.88771629333496,25.46385955810547,24.634130477905273,24.431541442871094,24.44964599609375,24.552549362182617,24.960277557373047
20.874805450439453,19.946121215820312,18.808324813842773,18.031055450439453,18.06705665588379,18.498899459838867,18.74648094177246,18.803756713867188,19.432748794555664,20.253746032714844,20.92972183227539,21.74643325805664,22.193702697753906,22.098064422607422,22.12334632873535,21.33246612548828,19.626256942749023,18.494224548339844,18.251270294189453,18.218873977661133,17.996131896972656,18.320940017700195,19.483932495117188,21.286527633666992,22.728097915649414,22.61107063293457,21.902297973632812,21.80989646911621,22.26756477355957,22.761852264404297,23.188636779785156,23.890974044799805,24.87746810913086,25.454883575439453,25.487483978271484,25.57188606262207,25.862285614013672,26.323537826538086,26.631256103515625,26.136112213134766,25.99818992614746,25.92738914489746,26.044055938720703,25.867027282714844
