data/wind_data/wind_64_5.json
{"header": {"parameterUnit": "KT", "parameterCategory": 2, "nx": 256, "ny": 198, "lo1": 44.73521041870117, "la1": -3.236724853515625, "lo2": 111.26478576660156, "la2": 43.468475341796875, "dx": 0.2609002888202667, "dy": -0.23708222806453705, "refTime": "2025-02-21 16:00:00", "forecastTime": 0, "parameterNumber": 2, "parameterNumberName": "eastward_wind"}, "data":
[rows 0 to 18 of 198, columns 176 to 219 of 256]
8.561290740966797,8.315027236938477,8.678759574890137,9.165350914001465,8.846385955810547,8.851845741271973,10.623833656311035,12.007574081420898,11.728081703186035,10.586530685424805,8.475811004638672,6.943629741668701,6.65733528137207,4.690149307250977,0.484659880399704,0.01142164971679449,3.2135579586029053,4.238359451293945,3.640289306640625,3.3679633140563965,3.48872709274292,5.567500114440918,8.19001579284668,8.133562088012695,7.257994174957275,7.531605243682861,7.951343059539795,8.043816566467285,7.897847652435303,7.247000217437744,7.146444320678711,8.279857635498047,8.912812232971191,8.56573486328125,8.333845138549805,8.330329895019531,8.308499336242676,8.280537605285645,8.373600006103516,8.564349174499512,8.801769256591797,9.0830078125,9.318183898925781,9.73357105255127
9.794906616210938,8.847748756408691,10.15178394317627,11.418248176574707,9.413989067077637,7.325139999389648,9.187713623046875,11.891048431396484,13.104540824890137,12.304905891418457,8.7197265625,6.45875358581543,7.274946689605713,5.8577046394348145,0.9290556907653809,-1.097544550895691,0.48736152052879333,1.9179165363311768,2.5359277725219727,2.4840362071990967,2.9565558433532715,5.407041072845459,7.846863746643066,7.6174821853637695,6.766932964324951,7.696281433105469,8.462084770202637,7.585286617279053,7.018330097198486,7.4063239097595215,7.853042125701904,8.352951049804688,8.463923454284668,8.24146556854248,8.23507022857666,8.194318771362305,7.861893177032471,7.542977809906006,7.542819976806641,7.8626484870910645,8.30026626586914,8.688396453857422,9.084366798400879,10.210920333862305
9.450138092041016,8.923099517822266,9.581673622131348,10.037259101867676,8.03154182434082,5.548589706420898,6.183208465576172,8.44097900390625,10.583723068237305,11.234313011169434,9.397539138793945,8.22374153137207,8.7620267868042,7.392306327819824,3.7935004234313965,1.6302908658981323,1.7207838296890259,2.2820489406585693,3.11059832572937,4.312201976776123,5.3206706047058105,5.887572288513184,6.138556480407715,6.471508502960205,7.0025410652160645,7.766358375549316,8.298868179321289,8.108969688415527,7.962215900421143,8.154708862304688,7.8759355545043945,7.183656215667725,6.773927688598633,6.747919082641602,6.956963062286377,7.166141510009766,6.952899932861328,6.418591499328613,6.190979480743408,6.418753147125244,7.126255512237549,8.005950927734375,8.422272682189941,8.396807670593262
8.564964294433594,8.644683837890625,8.621112823486328,8.633980751037598,7.462589740753174,5.605294227600098,4.633802890777588,4.621657848358154,5.944474220275879,7.518838405609131,8.086250305175781,8.4540433883667,8.7511625289917,8.512561798095703,7.640261650085449,5.666498184204102,4.778589725494385,5.226476669311523,5.970972537994385,7.021754264831543,7.502898693084717,6.800530433654785,6.213306427001953,6.782207489013672,7.520233631134033,7.966444969177246,8.708279609680176,9.083529472351074,9.164863586425781,9.079066276550293,8.21201229095459,6.949447154998779,6.391477108001709,6.135735034942627,5.9564433097839355,6.263338088989258,6.360352993011475,5.847485065460205,5.75437593460083,6.336386203765869,6.757289409637451,7.320488452911377,8.033947944641113,6.899641036987305
7.199217319488525,7.280763626098633,6.213014602661133,7.042351722717285,7.759322643280029,7.856161117553711,6.011878490447998,2.7651681900024414,2.0390758514404297,4.585904598236084,6.6139726638793945,6.619254112243652,6.743269920349121,7.67645788192749,8.287888526916504,8.766413688659668,9.24712085723877,10.176800727844238,10.864190101623535,9.83365249633789,8.226947784423828,8.16392707824707,9.336119651794434,9.070981979370117,8.031124114990234,8.252172470092773,10.122426986694336,10.576066017150879,10.488614082336426,10.619064331054688,9.854101181030273,8.745417594909668,8.677051544189453,8.012580871582031,7.151924133300781,7.648401260375977,8.023391723632812,7.66586446762085,7.6771016120910645,8.280424118041992,8.054702758789062,9.693506240844727,11.495139122009277,8.054302215576172
6.328813076019287,6.465620517730713,5.384051322937012,6.605437278747559,6.529921531677246,5.506845951080322,4.965111255645752,3.4788286685943604,3.553596258163452,5.955776214599609,7.4593095779418945,5.577615737915039,4.494138717651367,5.50452995300293,6.182327747344971,6.438658237457275,7.194558143615723,8.240509986877441,8.522860527038574,6.979727745056152,6.0667290687561035,6.883587837219238,8.032801628112793,8.478982925415039,8.987317085266113,9.390274047851562,9.97437572479248,9.528996467590332,9.90018081665039,10.45712947845459,9.498113632202148,8.185019493103027,8.02733039855957,7.290275573730469,6.6511149406433105,7.413723468780518,7.870076656341553,8.42697811126709,8.071887969970703,6.78017520904541,4.837795734405518,3.424297332763672,6.939883708953857,8.0554838180542
6.869420528411865,5.354900360107422,4.193769931793213,5.576645374298096,6.175183296203613,7.43880558013916,5.8100690841674805,4.481972694396973,4.401303768157959,5.787766456604004,6.294265270233154,4.996944904327393,4.999475002288818,5.793097019195557,6.2851762771606445,7.107231140136719,7.814523220062256,7.799960136413574,6.930522441864014,6.704256534576416,7.041158676147461,8.492975234985352,9.584044456481934,9.748932838439941,9.574092864990234,9.53908634185791,9.84097957611084,9.33755111694336,9.551155090332031,9.729449272155762,8.504633903503418,7.64028263092041,7.737360000610352,7.157672882080078,6.843662261962891,6.898413181304932,6.840864181518555,7.53226375579834,8.422298431396484,4.5713629722595215,2.231390953063965,0.831141471862793,5.747760772705078,9.626583099365234
6.988522529602051,4.396509170532227,3.6944730281829834,5.101113796234131,5.276124954223633,8.134095191955566,3.4318830966949463,4.173527717590332,5.0979766845703125,5.745258808135986,4.93715238571167,4.07676362991333,5.3564910888671875,6.351893424987793,6.057961940765381,6.879883289337158,7.7115559577941895,7.855881214141846,7.470712661743164,8.096173286437988,8.290834426879883,9.108139991760254,9.45683479309082,9.490463256835938,9.441455841064453,9.497982025146484,9.363460540771484,9.025908470153809,8.924459457397461,8.393346786499023,7.46750020980835,7.43648099899292,7.568552494049072,7.066262722015381,6.628323554992676,6.356274127960205,5.868024826049805,7.249831199645996,6.571141719818115,1.4642752408981323,2.594040870666504,2.5756375789642334,6.279235363006592,9.087509155273438
5.355653285980225,4.994839191436768,3.9085264205932617,4.3054375648498535,4.434053897857666,6.424962520599365,4.559723377227783,4.378165245056152,6.4326605796813965,5.877739429473877,5.149823188781738,4.3311591148376465,6.235363006591797,8.010758399963379,8.163610458374023,7.683421611785889,7.156692981719971,7.9556403160095215,9.27118968963623,8.804872512817383,9.877815246582031,10.24395751953125,9.659106254577637,9.664743423461914,9.653194427490234,9.182381629943848,8.65168571472168,8.423739433288574,7.870776653289795,7.304126262664795,6.952474594116211,7.469118595123291,7.7174601554870605,7.361294269561768,6.773849010467529,6.146544456481934,4.952421188354492,6.6490302085876465,3.8817362785339355,-0.08655162155628204,3.047349214553833,3.8594908714294434,7.985630989074707,11.272253036499023
3.8148691654205322,3.6005473136901855,2.8860769271850586,4.399126052856445,3.696894645690918,6.528195381164551,6.147296905517578,6.414462566375732,5.478058815002441,3.7842929363250732,7.095699310302734,7.715489864349365,6.899232864379883,9.135785102844238,9.018774032592773,8.830238342285156,8.944624900817871,8.265617370605469,9.122873306274414,8.137337684631348,11.784266471862793,11.122550964355469,9.681278228759766,8.939967155456543,9.074178695678711,8.761045455932617,8.343430519104004,7.2483015060424805,6.9764323234558105,6.909644603729248,7.060225963592529,7.449572563171387,7.394253730773926,7.176529407501221,7.234071731567383,6.229227066040039,4.844473838806152,5.804093837738037,2.9676523208618164,0.33779090642929077,1.227976679801941,3.204432725906372,6.911523342132568,11.326899528503418
2.950540065765381,3.1230852603912354,2.365896463394165,3.8365817070007324,4.431612968444824,4.196193218231201,4.746277809143066,5.092027187347412,5.0520830154418945,5.2976393699646,6.299624443054199,7.121111869812012,7.124386787414551,8.86920166015625,8.547035217285156,7.637725353240967,7.423309803009033,6.1262898445129395,9.431700706481934,10.185098648071289,10.239311218261719,9.259284973144531,8.86864948272705,8.62748908996582,8.86986255645752,8.707143783569336,8.045515060424805,6.958414077758789,6.791957378387451,6.91959810256958,7.094245910644531,7.158026695251465,6.753567218780518,6.369801998138428,6.431926250457764,5.556711673736572,5.096891403198242,4.942469120025635,2.197531223297119,2.1955485343933105,4.047874450683594,5.8388800621032715,6.5379815101623535,8.849035263061523
2.9651081562042236,3.6726114749908447,4.031955242156982,2.4973065853118896,3.231712579727173,2.8710150718688965,3.3676304817199707,3.500429630279541,4.878201961517334,5.326286315917969,6.112059593200684,6.675999164581299,6.995484352111816,8.110055923461914,7.794302940368652,6.600300312042236,7.561795711517334,9.088340759277344,10.33100700378418,10.284375190734863,9.155501365661621,8.307859420776367,8.226493835449219,8.474924087524414,8.499313354492188,8.15404224395752,7.416891098022461,6.994020462036133,7.092790126800537,6.820968151092529,6.245264530181885,6.753378391265869,6.5808844566345215,5.381464958190918,5.062211990356445,3.1558334827423096,5.305045127868652,2.12154483795166,4.622259140014648,5.003031253814697,6.7537031173706055,5.981139183044434,6.127295017242432,7.000558376312256
3.5091638565063477,4.148540496826172,4.862077236175537,2.9752004146575928,3.357555389404297,3.3612372875213623,3.315678596496582,4.57918119430542,4.9315619468688965,5.256407260894775,6.211476802825928,7.376187324523926,7.302395343780518,7.033113479614258,7.931310176849365,7.827984809875488,8.022253036499023,9.254697799682617,10.31900691986084,9.725334167480469,8.325840950012207,7.911702632904053,8.183576583862305,8.121315002441406,7.719842433929443,7.455636978149414,6.9727888107299805,7.093806266784668,7.187633037567139,6.154655933380127,5.717805862426758,6.240991592407227,6.152133941650391,5.778170585632324,5.614002704620361,2.3615798950195312,0.41833895444869995,0.17501531541347504,2.9141416549682617,6.30277681350708,6.0749831199646,5.57753324508667,4.954553604125977,4.885533332824707
4.7578582763671875,4.9117207527160645,4.108213901519775,6.346829891204834,4.695919036865234,3.948140859603882,4.333691120147705,5.397563934326172,5.503037452697754,5.7112603187561035,6.648585796356201,7.960294246673584,8.02513313293457,7.6405253410339355,7.536935806274414,8.32143497467041,9.658738136291504,10.549549102783203,9.974528312683105,8.41991901397705,7.644521713256836,7.86348295211792,8.003568649291992,7.367762088775635,6.904199123382568,6.965761184692383,7.045934677124023,6.919188976287842,6.588399887084961,5.278927326202393,5.935478210449219,5.738353729248047,5.687567710876465,5.768203258514404,5.708121299743652,1.5257866382598877,-0.01244624238461256,3.104440927505493,3.4538772106170654,3.320413827896118,3.0041158199310303,4.445924282073975,3.596818685531616,3.224285125732422
6.4997477531433105,5.710295677185059,5.798191547393799,5.525414943695068,4.74862813949585,4.122959613800049,4.25822114944458,5.266443252563477,5.984848499298096,6.2121100425720215,6.446794033050537,7.280725002288818,7.385537147521973,7.086751937866211,7.728188991546631,8.825222969055176,10.078465461730957,9.917238235473633,8.552531242370605,7.264185428619385,7.414700031280518,7.8154168128967285,7.511423110961914,6.944662094116211,6.859802722930908,7.052823066711426,6.497809410095215,5.95865535736084,5.534801959991455,5.485868453979492,5.68198299407959,5.582499980926514,5.085625171661377,5.050111770629883,4.264217376708984,1.70033597946167,2.0012757778167725,1.7476459741592407,2.1018457412719727,2.346466541290283,0.7994582653045654,1.8946505784988403,2.3195579051971436,2.4942758083343506
7.515726566314697,5.764321804046631,5.197556972503662,5.501445770263672,5.273449897766113,3.9266161918640137,3.511813163757324,4.599606990814209,5.960202217102051,6.010805606842041,5.854349136352539,6.326852321624756,6.528522968292236,6.635356426239014,7.7414469718933105,8.830916404724121,9.180441856384277,8.093083381652832,7.341264724731445,6.867915630340576,7.515384197235107,7.271388530731201,6.805967330932617,6.904874801635742,6.61521577835083,5.9897966384887695,5.097073078155518,4.517510890960693,4.772489547729492,5.2637457847595215,4.94893217086792,5.576518535614014,4.641287326812744,4.511941432952881,4.468604564666748,3.458477735519409,4.244809150695801,4.336178302764893,2.5911264419555664,1.3441985845565796,-0.2852723300457001,0.6305970549583435,1.8798059225082397,2.6852710247039795
0.71729975938797,9.837244987487793,4.338328838348389,4.883256912231445,5.891756057739258,4.9840474128723145,3.9158568382263184,4.446137428283691,5.545506477355957,5.8443498611450195,6.251701354980469,6.446413993835449,6.41743803024292,6.428149223327637,7.227158546447754,8.011641502380371,8.22121524810791,7.460428714752197,6.934432029724121,6.538195610046387,6.884376049041748,5.974222660064697,6.017762660980225,6.119900226593018,4.771409034729004,4.144510269165039,4.056631565093994,3.5757455825805664,3.8333349227905273,3.8182177543640137,3.0912322998046875,5.9647321701049805,6.123757839202881,3.043098211288452,1.8242385387420654,3.43245267868042,3.7344577312469482,2.218348503112793,0.8123316168785095,0.6611034870147705,0.25736960768699646,0.8812432289123535,2.191277027130127,3.6171746253967285
5.614630699157715,4.614957809448242,4.556849002838135,5.049752712249756,4.152040004730225,5.508563995361328,4.536655902862549,4.274823188781738,4.54940128326416,5.604734897613525,6.912578582763672,7.024807929992676,6.22506046295166,5.984122276306152,6.19573974609375,6.900184154510498,7.830959796905518,7.501936435699463,6.738789081573486,5.546136856079102,5.797235012054443,4.751103401184082,4.526102066040039,4.173233509063721,2.938621997833252,2.9277970790863037,2.94083571434021,2.493034601211548,2.4443047046661377,1.6088260412216187,1.4812560081481934,2.731281280517578,5.613358974456787,2.9277732372283936,2.2078583240509033,3.0623791217803955,2.3126003742218018,1.2156039476394653,0.6935848593711853,0.3332892060279846,1.0406227111816406,1.9403361082077026,3.7913904190063477,4.619458198547363
3.2167232036590576,3.8550708293914795,4.762770175933838,4.439393997192383,3.6645569801330566,3.6200361251831055,3.7616517543792725,3.3289709091186523,3.847212791442871,5.285030364990234,6.580215930938721,6.5827860832214355,5.50756311416626,4.8061370849609375,5.171507358551025,6.206057548522949,7.16288423538208,6.552550792694092,5.731553077697754,4.381554126739502,4.472762107849121,3.891772747039795,3.13580060005188,2.6106698513031006,1.6917812824249268,1.5955393314361572,1.7139933109283447,0.8006497025489807,0.19821330904960632,0.4837678372859955,-0.8466615676879883,1.1155681610107422,0.544259250164032,0.2129143476486206,2.216217041015625,1.7964422702789307,0.5100104212760925,0.43893036246299744,0.929063081741333,1.0482171773910522,2.2113819122314453,3.3341214656829834,4.317611217498779,4.283217430114746
