data/wind_data/wind_46_6.json
{"header": {"parameterUnit": "KT", "parameterCategory": 2, "nx": 256, "ny": 198, "lo1": 44.73521041870117, "la1": -3.236724853515625, "lo2": 111.26478576660156, "la2": 43.468475341796875, "dx": 0.2609002888202667, "dy": -0.23708222806453705, "refTime": "2025-02-20 22:00:00", "forecastTime": 0, "parameterNumber": 2, "parameterNumberName": "eastward_wind"}, "data":
[rows 60 to 79 of 198, columns 176 to 219 of 256]
-0.30099180340766907,0.2798209488391876,0.5315428376197815,0.12241188436746597,-0.27297651767730713,0.04080100357532501,0.12484283000230789,-0.22757308185100555,-0.6035804152488708,-0.9961021542549133,-1.1413902044296265,-0.7030282020568848,-0.0573444589972496,0.161393940448761,-0.2824721932411194,-0.17826172709465027,0.6106136441230774,1.6502962112426758,2.687150478363037,3.4348106384277344,3.8212177753448486,4.419992446899414,5.57549524307251,6.566577434539795,7.1091814041137695,7.378744125366211,7.5138373374938965,7.331449508666992,6.682584285736084,6.136743545532227,5.4692277908325195,4.2573161125183105,3.089900493621826,2.9428300857543945,3.0626132488250732,2.641836643218994,2.5939507484436035,3.729370594024658,5.284339427947998,5.752547740936279,4.981298923492432,2.6224262714385986,0.5650335550308228,0.8215939998626709
1.3819643259048462,1.9127095937728882,2.379030227661133,2.1614387035369873,1.4028229713439941,1.1255964040756226,1.2146333456039429,1.1155650615692139,0.7260251641273499,0.4011193811893463,0.45109298825263977,0.794455885887146,1.5045223236083984,2.0312588214874268,1.622734785079956,1.1211585998535156,1.2186568975448608,1.833785057067871,2.808558702468872,4.033817291259766,5.0704026222229,5.6693902015686035,6.707874774932861,8.042454719543457,8.811823844909668,8.777955055236816,8.578407287597656,8.311010360717773,7.843905925750732,7.3267598152160645,6.641812801361084,5.808824062347412,5.309406280517578,5.096327304840088,4.525187969207764,3.5407626628875732,2.804004430770874,2.862044095993042,3.5234334468841553,3.337836265563965,3.1853795051574707,2.8488495349884033,2.0301311016082764,1.8582853078842163
3.597630500793457,3.8216965198516846,4.25653076171875,4.37430477142334,3.833019733428955,3.137742519378662,2.6968231201171875,2.542807102203369,2.3113455772399902,1.954612374305725,1.8423552513122559,2.1112942695617676,2.8584837913513184,3.708853006362915,3.7437119483947754,3.0950405597686768,2.608628749847412,2.5255770683288574,2.817370891571045,3.780857563018799,5.161570072174072,6.126652240753174,7.093723773956299,8.544309616088867,9.956817626953125,10.487656593322754,10.113155364990234,9.512755393981934,9.240253448486328,8.952872276306152,8.35185432434082,7.810940742492676,7.365992069244385,6.71878719329834,5.775079250335693,4.54347038269043,3.938171625137329,3.9827044010162354,3.63677716255188,2.1605350971221924,2.0505123138427734,2.910670518875122,3.5139553546905518,3.2999534606933594
6.0944647789001465,6.102514266967773,6.286282539367676,6.479862213134766,6.277520179748535,5.611854076385498,4.780561447143555,4.210679531097412,3.8775718212127686,3.6014130115509033,3.3793892860412598,3.464909791946411,4.0625834465026855,5.0019731521606445,5.532395839691162,5.204409122467041,4.500062465667725,3.9491782188415527,3.777251958847046,4.2946319580078125,5.274843692779541,6.073330402374268,6.766643524169922,8.179337501525879,9.927907943725586,11.079111099243164,11.131624221801758,10.667950630187988,10.476700782775879,10.301023483276367,9.969045639038086,9.83051872253418,9.601512908935547,8.506281852722168,6.88657283782959,5.41695499420166,4.353788375854492,4.072015285491943,4.31101655960083,4.3210883140563965,4.181334495544434,4.4685797691345215,4.96120023727417,4.653221607208252
7.8296308517456055,7.976934909820557,8.12348747253418,8.25875473022461,8.217325210571289,7.8166632652282715,7.043787479400635,6.141702651977539,5.407992362976074,5.071710109710693,4.909318923950195,4.873864650726318,5.285033226013184,6.115817070007324,6.808878421783447,6.838940620422363,6.2551093101501465,5.56525993347168,5.227781772613525,5.552872657775879,6.198630332946777,6.712917804718018,7.214075088500977,8.279790878295898,9.676966667175293,10.812835693359375,11.258416175842285,11.267333030700684,11.266576766967773,11.02376937866211,10.624319076538086,10.377248764038086,10.382824897766113,9.727582931518555,8.214004516601562,6.876377582550049,5.691545486450195,4.857364177703857,5.27329683303833,6.234445571899414,6.61313009262085,6.720492362976074,6.691391944885254,6.239953994750977
8.87206745147705,9.108596801757812,9.450862884521484,9.696080207824707,9.705716133117676,9.501779556274414,9.100497245788574,8.359016418457031,7.369429588317871,6.6971049308776855,6.485535144805908,6.438051700592041,6.639703750610352,7.249852657318115,7.891134738922119,8.113473892211914,7.816315174102783,7.241196632385254,6.7555155754089355,6.788923263549805,7.111974239349365,7.52946138381958,8.15097427368164,9.035628318786621,9.917551040649414,10.641829490661621,11.21471118927002,11.723394393920898,11.858673095703125,11.23697566986084,10.301595687866211,10.259796142578125,10.691102981567383,10.475846290588379,9.64652156829834,8.647891998291016,7.498900413513184,6.898836612701416,7.309713363647461,7.8985443115234375,7.831104278564453,7.865602493286133,8.1085786819458,7.7165117263793945
9.987608909606934,10.11711597442627,10.472784996032715,10.909090995788574,11.029107093811035,10.891351699829102,10.747469902038574,10.463229179382324,9.762380599975586,8.968561172485352,8.545173645019531,8.39111328125,8.441048622131348,8.838053703308105,9.344537734985352,9.560212135314941,9.466021537780762,9.166712760925293,8.769911766052246,8.530326843261719,8.46957778930664,8.649007797241211,9.260799407958984,10.077341079711914,10.729422569274902,11.013130187988281,11.239316940307617,11.736620903015137,12.196857452392578,11.64925479888916,10.66026782989502,10.49433708190918,10.909278869628906,10.980378150939941,10.608576774597168,9.878266334533691,9.06379508972168,9.216299057006836,9.935456275939941,10.342185020446777,9.88278579711914,9.290472984313965,9.131053924560547,8.813672065734863
11.68834400177002,11.693879127502441,11.85794448852539,12.177510261535645,12.379365921020508,12.31054401397705,12.167131423950195,12.083288192749023,11.842248916625977,11.375838279724121,10.956028938293457,10.705070495605469,10.605083465576172,10.811820030212402,11.17380142211914,11.319560050964355,11.223648071289062,11.008543968200684,10.793305397033691,10.710609436035156,10.60643196105957,10.616105079650879,11.044266700744629,11.740915298461914,12.205233573913574,12.492676734924316,12.597415924072266,12.586986541748047,12.638253211975098,12.18763542175293,11.380151748657227,11.011068344116211,11.182470321655273,11.325709342956543,11.118443489074707,10.65810489654541,10.514974594116211,11.096861839294434,11.666529655456543,12.239837646484375,12.452519416809082,11.803855895996094,11.018074035644531,10.427179336547852
13.765389442443848,13.775184631347656,13.889986991882324,14.00325870513916,14.019567489624023,13.916238784790039,13.748324394226074,13.632884979248047,13.565134048461914,13.410677909851074,13.199326515197754,12.991344451904297,12.797323226928711,12.77373218536377,12.98736572265625,13.192704200744629,13.172751426696777,12.914375305175781,12.661138534545898,12.671557426452637,12.757650375366211,12.848201751708984,13.226309776306152,13.928540229797363,14.295279502868652,14.318500518798828,14.244356155395508,14.306485176086426,14.245736122131348,13.738981246948242,12.705367088317871,11.854045867919922,11.928544044494629,12.623575210571289,12.532203674316406,12.114457130432129,12.588403701782227,13.266203880310059,13.531810760498047,13.609158515930176,13.566940307617188,13.064264297485352,12.657432556152344,12.33109188079834
15.95730972290039,16.005157470703125,16.132108688354492,16.202194213867188,16.084753036499023,15.83165454864502,15.575214385986328,15.411078453063965,15.358719825744629,15.329553604125977,15.240682601928711,15.067832946777344,14.8173189163208,14.62805461883545,14.716414451599121,14.985492706298828,15.129668235778809,14.964159965515137,14.727962493896484,14.681336402893066,14.738557815551758,14.75927734375,15.025713920593262,15.751533508300781,16.342554092407227,16.445587158203125,16.1671085357666,16.013914108276367,15.77610969543457,15.317214012145996,14.780120849609375,13.771422386169434,13.39505386352539,14.111172676086426,14.546908378601074,14.44155216217041,14.483360290527344,14.912442207336426,15.378294944763184,15.486283302307129,14.6613187789917,13.622543334960938,13.543210983276367,13.912322998046875
18.085861206054688,18.141176223754883,18.26107406616211,18.356597900390625,18.294761657714844,18.061912536621094,17.718915939331055,17.415912628173828,17.295263290405273,17.31377601623535,17.270666122436523,17.06085968017578,16.74248504638672,16.503427505493164,16.563068389892578,16.845651626586914,17.063209533691406,16.981359481811523,16.791959762573242,16.753820419311523,16.803504943847656,16.692319869995117,16.71636199951172,17.232913970947266,17.83552360534668,18.05516815185547,17.992361068725586,18.104543685913086,17.71237564086914,17.21206283569336,16.786401748657227,16.136728286743164,15.610721588134766,15.64952564239502,16.30738639831543,16.45263671875,16.218645095825195,16.698837280273438,17.137313842773438,16.80344009399414,15.90170955657959,15.271831512451172,15.423341751098633,15.765935897827148
20.191143035888672,20.181533813476562,20.220008850097656,20.316999435424805,20.36920738220215,20.308326721191406,20.090442657470703,19.732501983642578,19.435901641845703,19.358497619628906,19.327754974365234,19.105579376220703,18.728458404541016,18.449474334716797,18.487899780273438,18.777828216552734,19.07563018798828,19.095291137695312,18.844606399536133,18.72852897644043,18.840839385986328,18.782453536987305,18.698169708251953,19.055137634277344,19.42333221435547,19.455305099487305,19.47715187072754,19.744497299194336,19.803232192993164,19.446765899658203,18.80519676208496,18.18351173400879,17.910581588745117,17.74626350402832,18.017719268798828,18.290071487426758,17.911632537841797,17.866989135742188,18.292160034179688,18.231468200683594,17.64813232421875,17.408538818359375,17.715145111083984,17.93967628479004
22.429073333740234,22.33696937561035,22.230592727661133,22.210979461669922,22.27313232421875,22.34976577758789,22.337478637695312,22.15726661682129,21.86492347717285,21.648090362548828,21.50883674621582,21.26666259765625,20.875450134277344,20.50600814819336,20.414236068725586,20.633930206298828,21.006263732910156,21.241111755371094,21.054407119750977,20.744705200195312,20.75434112548828,20.769073486328125,20.727903366088867,21.130083084106445,21.469751358032227,21.29349136352539,21.07731056213379,21.1976318359375,21.538362503051758,21.67989158630371,20.93045997619629,19.835220336914062,19.836978912353516,20.428163528442383,20.17681884765625,19.71845817565918,19.480003356933594,19.30937385559082,19.454858779907227,19.81583595275879,20.04651641845703,19.937118530273438,19.776905059814453,19.79387664794922
24.88014030456543,24.712217330932617,24.48841667175293,24.30371856689453,24.231782913208008,24.2779541015625,24.339200973510742,24.32393455505371,24.257568359375,24.197216033935547,24.073644638061523,23.76649284362793,23.27173614501953,22.735315322875977,22.412708282470703,22.488536834716797,22.846172332763672,23.22698211669922,23.311426162719727,23.079631805419922,22.901039123535156,22.73363494873047,22.63396453857422,22.984161376953125,23.536415100097656,23.566221237182617,23.091169357299805,22.886089324951172,23.207733154296875,23.66425323486328,22.670669555664062,21.658384323120117,21.946393966674805,22.79528045654297,22.49567222595215,21.53792953491211,21.3267879486084,21.700231552124023,21.800661087036133,21.67801856994629,21.745689392089844,21.76494598388672,21.454484939575195,21.277297973632812
27.381357192993164,27.164018630981445,26.91476058959961,26.669540405273438,26.470813751220703,26.356395721435547,26.324260711669922,26.30401611328125,26.355066299438477,26.577327728271484,26.79416275024414,26.690004348754883,26.165250778198242,25.383502960205078,24.71664047241211,24.53470802307129,24.821496963500977,25.257070541381836,25.520505905151367,25.554792404174805,25.506900787353516,25.248003005981445,24.9730224609375,25.06707000732422,25.492481231689453,25.892745971679688,25.67804527282715,25.138565063476562,24.89415740966797,24.957447052001953,24.090173721313477,23.65643310546875,24.155513763427734,24.527990341186523,24.356334686279297,23.86566925048828,23.83108139038086,24.291656494140625,24.313072204589844,23.846202850341797,23.426549911499023,23.127685546875,22.844276428222656,22.78931999206543
29.809497833251953,29.551300048828125,29.29916763305664,29.073850631713867,28.897323608398438,28.74154281616211,28.59784507751465,28.487674713134766,28.52601432800293,28.8525333404541,29.31146812438965,29.483909606933594,29.166210174560547,28.44817352294922,27.60875701904297,27.10013771057129,27.167255401611328,27.59792137145996,27.957242965698242,28.084735870361328,28.167438507080078,28.10334014892578,27.867900848388672,27.680612564086914,27.752233505249023,28.141279220581055,28.395145416259766,27.868539810180664,27.019302368164062,26.349626541137695,25.657798767089844,25.458803176879883,25.80428695678711,25.663043975830078,25.47612953186035,25.961050033569336,26.462697982788086,26.59659194946289,26.27650260925293,25.797510147094727,25.31768798828125,24.810482025146484,24.540122985839844,24.684179306030273
32.23493957519531,31.993295669555664,31.700822830200195,31.417573928833008,31.221525192260742,31.111873626708984,31.067031860351562,31.094816207885742,31.234846115112305,31.544029235839844,31.887840270996094,32.0081672668457,31.823444366455078,31.363359451293945,30.70620346069336,30.101465225219727,29.94888687133789,30.27935028076172,30.748672485351562,30.96278953552246,30.93027687072754,30.811105728149414,30.71791648864746,30.49942970275879,30.224096298217773,30.33182716369629,30.818876266479492,30.655641555786133,29.70412826538086,28.625574111938477,27.536924362182617,27.003623962402344,27.16582489013672,27.1335391998291,27.356107711791992,27.94793701171875,28.476768493652344,28.548768997192383,28.034170150756836,27.473703384399414,27.06648063659668,26.627647399902344,26.53453254699707,26.94208335876465
34.59706115722656,34.44243621826172,34.183921813964844,33.84427261352539,33.50812911987305,33.2974853515625,33.32453155517578,33.63261795043945,34.092559814453125,34.51091003417969,34.70563888549805,34.62405776977539,34.375762939453125,34.02920913696289,33.537906646728516,32.95814895629883,32.63243103027344,32.834693908691406,33.401344299316406,33.88392639160156,33.91135787963867,33.49972915649414,33.24736404418945,33.0977897644043,32.620445251464844,32.30944061279297,32.68109893798828,32.93402862548828,32.286373138427734,31.195253372192383,29.990781784057617,29.14643669128418,28.755584716796875,28.49441909790039,29.071640014648438,30.161134719848633,30.425189971923828,30.28912353515625,29.966630935668945,29.337793350219727,28.790353775024414,28.376760482788086,28.355112075805664,28.917449951171875
36.72541809082031,36.70375061035156,36.5151252746582,36.20170593261719,35.82815170288086,35.55356979370117,35.593143463134766,35.96047592163086,36.45176315307617,36.9045295715332,37.206295013427734,37.22872543334961,37.00349044799805,36.65637969970703,36.189815521240234,35.582908630371094,35.0423583984375,34.91916275024414,35.35053634643555,36.12608337402344,36.600616455078125,36.21263122558594,35.63619613647461,35.319419860839844,34.78755187988281,34.18883514404297,34.29252243041992,34.653873443603516,34.41352844238281,33.54380798339844,32.38958740234375,31.125991821289062,30.44556999206543,30.2906551361084,30.610200881958008,31.837444305419922,32.549224853515625,32.58482360839844,32.281166076660156,31.49184799194336,30.71708869934082,30.381093978881836,30.44605255126953,30.80768585205078
38.71395492553711,38.793731689453125,38.68335723876953,38.34442901611328,37.960567474365234,37.8443603515625,38.07695770263672,38.35963821411133,38.4935188293457,38.60970687866211,38.89301300048828,39.21779251098633,39.32805252075195,39.163673400878906,38.78791809082031,38.192054748535156,37.472782135009766,36.93717956542969,36.922245025634766,37.636478424072266,38.54490661621094,38.65342330932617,38.149070739746094,37.69012451171875,37.066307067871094,36.28337860107422,36.105491638183594,36.3458366394043,36.2287483215332,35.52277374267578,34.54948425292969,33.73658752441406,33.259361267089844,32.563690185546875,32.438846588134766,33.60536193847656,34.595882415771484,34.73857879638672,34.24070358276367,33.31662368774414,32.5644645690918,32.54815673828125,32.9932975769043,33.2768440246582
