data/wind_data/wind_50_9.json
{"header": {"parameterUnit": "KT", "parameterCategory": 2, "nx": 256, "ny": 198, "lo1": 44.73521041870117, "la1": -3.236724853515625, "lo2": 111.26478576660156, "la2": 43.468475341796875, "dx": 0.2609002888202667, "dy": -0.23708222806453705, "refTime": "2025-02-21 02:00:00", "forecastTime": 0, "parameterNumber": 2, "parameterNumberName": "eastward_wind"}, "data":
[rows 76 to 94 of 198, columns 88 to 131 of 256]
0.6617102026939392,1.4390718936920166,1.9375485181808472,2.2154428958892822,2.4487156867980957,2.6097559928894043,2.235091209411621,1.0206046104431152,-0.4276122748851776,-1.237842321395874,-1.3790233135223389,-1.3948301076889038,-1.5292079448699951,-1.5536104440689087,-1.2632423639297485,-0.7788411974906921,-0.36077192425727844,-0.04503437504172325,0.32506227493286133,0.38081347942352295,-0.03723166137933731,0.03358634561300278,1.1786506175994873,2.8286304473876953,4.001367568969727,3.7412590980529785,1.7307063341140747,-1.0880404710769653,-3.2781147956848145,-3.934981346130371,-3.2635321617126465,-1.851907730102539,-0.060431674122810364,1.5425093173980713,2.4472858905792236,2.743286371231079,2.6142337322235107,2.10721755027771,1.4094949960708618,0.9959430694580078,1.222739338874817,1.9488325119018555,2.74131178855896,3.394462823867798
1.3310118913650513,2.448317527770996,3.1530354022979736,3.439239263534546,3.550504446029663,3.5325722694396973,3.0205254554748535,1.7113008499145508,0.02840637043118477,-1.130735993385315,-1.3142622709274292,-0.8969998359680176,-0.40647080540657043,-0.06856794655323029,0.17258110642433167,0.3718249499797821,0.396651029586792,0.2870709300041199,0.27966076135635376,-0.06420721858739853,-0.9685103893280029,-1.3519562482833862,-0.5117583274841309,0.8460981845855713,2.211686611175537,3.29457688331604,3.3245086669921875,1.7124589681625366,-0.7696395516395569,-2.5791897773742676,-2.8232474327087402,-1.7525720596313477,-0.10970433056354523,1.4162083864212036,2.4110515117645264,2.9557509422302246,3.204960823059082,3.0111405849456787,2.4096975326538086,1.9056814908981323,1.9773449897766113,2.5562074184417725,3.284968137741089,3.8548169136047363
1.8947099447250366,2.911266803741455,3.6247715950012207,3.9752447605133057,4.081711292266846,4.029834270477295,3.6316864490509033,2.5637216567993164,0.9467710256576538,-0.4921291768550873,-1.0108897686004639,-0.5435113906860352,0.39064821600914,1.253770351409912,1.7383322715759277,1.7837343215942383,1.56020188331604,1.1746973991394043,0.7932132482528687,0.06695251911878586,-1.2940603494644165,-2.3463449478149414,-2.1886000633239746,-0.9914977550506592,0.5639513731002808,1.950730323791504,2.912349224090576,2.947262763977051,1.8146036863327026,0.1201397255063057,-0.8810492157936096,-0.6909796595573425,0.35036447644233704,1.5978001356124878,2.5778205394744873,3.1348683834075928,3.369966745376587,3.320531129837036,2.9630017280578613,2.6166324615478516,2.7006335258483887,3.3054590225219727,4.1502299308776855,4.809096813201904
2.7312088012695312,3.339639902114868,3.7597053050994873,3.923276424407959,3.860982894897461,3.7690494060516357,3.700016498565674,3.275404930114746,2.1835343837738037,0.824822187423706,-0.023191111162304878,0.0663331001996994,0.8774451017379761,1.8706402778625488,2.589395046234131,2.7952425479888916,2.5173163414001465,2.0099191665649414,1.4548691511154175,0.7343681454658508,-0.6543715596199036,-2.344226360321045,-3.124315023422241,-2.413306474685669,-0.7473269104957581,0.8725552558898926,1.9322322607040405,2.491129159927368,2.734658718109131,2.378542423248291,1.6821038722991943,1.394620418548584,1.7322731018066406,2.364825487136841,2.9483888149261475,3.361084461212158,3.558626651763916,3.5413808822631836,3.340131998062134,3.1448886394500732,3.2128381729125977,3.636876344680786,4.386348247528076,5.14059591293335
3.7435808181762695,4.099329471588135,4.170003414154053,3.8716204166412354,3.36590838432312,3.069082736968994,3.1940770149230957,3.4311134815216064,3.2527034282684326,2.548863649368286,1.7716617584228516,1.4384641647338867,1.707978367805481,2.3286192417144775,2.8757452964782715,3.041510820388794,2.789294719696045,2.296157121658325,1.7042899131774902,1.047692060470581,0.14403599500656128,-1.1863398551940918,-2.5959136486053467,-3.0511655807495117,-1.8756579160690308,-0.019456157460808754,1.322852611541748,2.0332906246185303,2.754258155822754,3.345604181289673,3.3494861125946045,3.238424777984619,3.4235212802886963,3.696760892868042,3.7962591648101807,3.76092791557312,3.788832426071167,3.9436826705932617,3.985405921936035,3.83624529838562,3.737377882003784,3.747089147567749,3.884049415588379,4.182779788970947
4.443004131317139,4.861299514770508,4.841516017913818,4.193618297576904,3.2606546878814697,2.6345937252044678,2.6244497299194336,3.1153504848480225,3.700648069381714,3.957033634185791,3.759002923965454,3.3678364753723145,3.150632619857788,3.2051990032196045,3.283773899078369,3.0665700435638428,2.5544564723968506,1.9714512825012207,1.4084031581878662,0.7876838445663452,0.14067131280899048,-0.5091952681541443,-1.2825934886932373,-2.1101572513580322,-2.2026286125183105,-0.9389777779579163,0.8807328343391418,2.1323354244232178,2.9304091930389404,3.749673366546631,4.3409271240234375,4.658553600311279,4.76313591003418,4.755399703979492,4.739574909210205,4.579939842224121,4.40843391418457,4.540807723999023,4.79694938659668,4.757649898529053,4.468770980834961,4.066685676574707,3.4199886322021484,2.7973921298980713
4.72182035446167,5.185999870300293,5.23409366607666,4.649921417236328,3.6970748901367188,2.8245608806610107,2.441210985183716,2.7941575050354004,3.7084999084472656,4.634962558746338,5.076082706451416,4.983543872833252,4.692927360534668,4.436332702636719,4.0791826248168945,3.39931583404541,2.4875717163085938,1.5957523584365845,0.8703159093856812,0.19804620742797852,-0.4442780315876007,-0.8350923657417297,-0.8918928503990173,-0.8807646036148071,-1.0269238948822021,-0.7237738966941833,0.5165556073188782,2.018620491027832,3.036651372909546,3.8006908893585205,4.589234352111816,5.348562240600586,5.736586093902588,5.7353105545043945,5.688980579376221,5.634696006774902,5.506396293640137,5.4693217277526855,5.535083770751953,5.365879535675049,4.898373126983643,4.372452735900879,3.7166473865509033,2.6297600269317627
5.024116516113281,5.2736496925354,5.149249076843262,4.696388244628906,4.008970260620117,3.166630506515503,2.540414810180664,2.6344945430755615,3.522721767425537,4.698879241943359,5.510876655578613,5.7012786865234375,5.503607273101807,5.260484218597412,4.932475566864014,4.235799789428711,3.22713565826416,2.135385036468506,1.0348949432373047,0.07509907335042953,-0.6356852054595947,-1.032747507095337,-0.9928388595581055,-0.4881809651851654,0.13671918213367462,0.5316720604896545,1.0223699808120728,1.9382281303405762,2.9758095741271973,3.7180495262145996,4.309045314788818,5.041591644287109,6.002898216247559,6.793416976928711,7.0396504402160645,6.899525165557861,6.798366546630859,6.768975257873535,6.459346771240234,5.630227565765381,4.4832305908203125,3.6754674911499023,3.384704828262329,3.003499746322632
5.603017330169678,5.60504150390625,5.068775653839111,4.419493198394775,3.8148484230041504,3.1195709705352783,2.5195467472076416,2.4572222232818604,3.091878890991211,4.1489949226379395,5.092074871063232,5.5452561378479,5.48809289932251,5.2729363441467285,5.157226085662842,4.9531474113464355,4.373086929321289,3.494227647781372,2.3742477893829346,1.1544809341430664,0.2074144333600998,-0.33030980825424194,-0.5233519673347473,-0.33236584067344666,0.402185320854187,1.4623609781265259,2.2602713108062744,2.4565258026123047,2.5168159008026123,3.0578463077545166,3.978501319885254,4.940553188323975,5.9914469718933105,7.281074047088623,8.223489761352539,8.393244743347168,8.051515579223633,7.792316913604736,7.574615001678467,6.43755578994751,4.1467719078063965,2.03609561920166,1.225523591041565,1.3290878534317017
6.131323337554932,6.111652851104736,5.311379432678223,4.3462066650390625,3.5362730026245117,2.8158798217773438,2.271580934524536,2.134026050567627,2.4434564113616943,3.093156099319458,3.8908441066741943,4.524349689483643,4.756921768188477,4.7162041664123535,4.793179512023926,5.0621867179870605,5.057308197021484,4.573024272918701,3.843996286392212,2.922895669937134,1.9473119974136353,1.2384917736053467,0.8036023378372192,0.5010954737663269,0.5705509781837463,1.4292136430740356,2.7384777069091797,3.6626806259155273,3.482079267501831,2.6761293411254883,2.756154775619507,4.066933631896973,5.728119850158691,7.254213333129883,8.669045448303223,9.698844909667969,9.629475593566895,8.945816993713379,8.317023277282715,7.333789825439453,5.001652717590332,1.6679080724716187,-0.9042275547981262,-1.7473326921463013
6.285799503326416,6.309016704559326,5.507932662963867,4.4620041847229,3.4881670475006104,2.6476476192474365,2.093717575073242,1.9041205644607544,1.9074653387069702,2.009101629257202,2.3426976203918457,2.909177541732788,3.429858446121216,3.7775728702545166,4.125802993774414,4.598145484924316,4.831971168518066,4.617772102355957,4.31456184387207,4.073190689086914,3.7441837787628174,3.4297549724578857,3.1065726280212402,2.4541244506835938,1.8101229667663574,1.8356493711471558,2.746772050857544,4.0056233406066895,4.662311553955078,4.1789703369140625,3.030961036682129,3.076444149017334,4.710496425628662,6.5965576171875,8.014981269836426,9.307833671569824,10.284807205200195,10.373441696166992,9.608025550842285,8.490972518920898,6.732464790344238,3.572391986846924,-0.42960143089294434,-3.32401704788208
6.196390628814697,6.143072605133057,5.408463478088379,4.466771125793457,3.5100815296173096,2.6489601135253906,2.0937252044677734,1.8281340599060059,1.591485857963562,1.2742173671722412,1.1011475324630737,1.2965481281280518,1.8656761646270752,2.635692834854126,3.441296339035034,4.047873020172119,4.175949573516846,3.962130546569824,3.919436454772949,4.17064094543457,4.44701623916626,4.710211753845215,5.111729621887207,5.0005950927734375,4.027083396911621,3.34452223777771,3.5091333389282227,4.299151420593262,5.137936592102051,5.42665958404541,4.911856651306152,4.03777551651001,4.248368263244629,5.743191242218018,7.311651229858398,8.48544692993164,9.588170051574707,10.53996753692627,10.917337417602539,10.474225997924805,9.232133865356445,6.731380939483643,2.4557433128356934,-2.520401954650879
6.04596471786499,5.906630039215088,5.260074615478516,4.471097946166992,3.6478617191314697,2.8557002544403076,2.2397541999816895,1.783700704574585,1.3253803253173828,0.7848280072212219,0.2711673378944397,0.04831590875983238,0.4025817811489105,1.4710205793380737,2.8548734188079834,3.8624699115753174,4.1100897789001465,3.938344955444336,3.8905627727508545,4.106991291046143,4.464671611785889,4.928554058074951,5.618652820587158,6.175410270690918,5.882244110107422,5.233870506286621,5.091202259063721,5.343318462371826,5.618391990661621,5.841453552246094,5.92449951171875,5.66181755065918,5.3384623527526855,5.658937454223633,6.732929706573486,7.999577045440674,9.189077377319336,10.399168968200684,11.518418312072754,12.10956859588623,11.75636100769043,10.073628425598145,6.236808776855469,0.3242434859275818
5.727550506591797,5.705158710479736,5.27732515335083,4.681150436401367,4.0371270179748535,3.3607828617095947,2.634988784790039,1.8593064546585083,1.0849601030349731,0.343855619430542,-0.3683108687400818,-0.8342689871788025,-0.6522138118743896,0.43503469228744507,2.0628535747528076,3.521566390991211,4.364785194396973,4.694658279418945,4.770452976226807,4.718810081481934,4.69151496887207,4.913238048553467,5.424749851226807,5.923328399658203,6.084975719451904,6.115108489990234,6.367604732513428,6.701449871063232,6.7261481285095215,6.4065022468566895,6.134022235870361,6.169346332550049,6.2970147132873535,6.371524333953857,6.648785591125488,7.385849475860596,8.64798355102539,10.250161170959473,11.868841171264648,13.085466384887695,13.418502807617188,12.57693099975586,9.896112442016602,4.577433109283447
5.168882846832275,5.451343536376953,5.346820831298828,4.947567939758301,4.459860801696777,3.928011655807495,3.187709331512451,2.175906181335449,1.0276105403900146,-0.04602512717247009,-0.8955621123313904,-1.3167483806610107,-1.0806994438171387,-0.2435036450624466,1.0084549188613892,2.5035057067871094,4.059543132781982,5.325938701629639,5.907811641693115,5.842049598693848,5.476222991943359,5.248163223266602,5.344647407531738,5.549358367919922,5.649894714355469,5.940886974334717,6.633109092712402,7.375129222869873,7.73264741897583,7.45465087890625,6.805078983306885,6.333994388580322,6.352594375610352,6.603602886199951,6.788751125335693,7.110795497894287,7.984315872192383,9.60258674621582,11.684441566467285,13.57945442199707,14.543642044067383,14.322307586669922,12.648926734924316,8.898665428161621
4.637658596038818,5.207880020141602,5.349727153778076,5.149266719818115,4.810303688049316,4.326199531555176,3.5253822803497314,2.3916029930114746,1.0628163814544678,-0.25378626585006714,-1.2159554958343506,-1.521191954612732,-1.17849600315094,-0.5082099437713623,0.38325071334838867,1.7099919319152832,3.5134167671203613,5.3859100341796875,6.596303939819336,6.870960235595703,6.502722263336182,5.931710720062256,5.502491474151611,5.411762714385986,5.538051128387451,5.877472400665283,6.508598327636719,7.253758430480957,7.826599597930908,8.003484725952148,7.653862953186035,7.044070243835449,6.641315937042236,6.645692348480225,6.866398811340332,7.1672282218933105,7.782503604888916,9.076622009277344,11.000531196594238,13.175654411315918,14.860455513000488,15.3807954788208,14.543654441833496,12.087251663208008
4.175718784332275,4.881640911102295,5.21703577041626,5.334527969360352,5.276743412017822,4.8266987800598145,3.8420567512512207,2.49910569190979,1.1202220916748047,-0.11961282789707184,-1.0617306232452393,-1.4846537113189697,-1.3255892992019653,-0.6503572463989258,0.478668212890625,1.9415333271026611,3.6217970848083496,5.337156295776367,6.650067329406738,7.226986408233643,7.1463093757629395,6.585897445678711,5.7683539390563965,5.34935998916626,5.631056308746338,6.1717023849487305,6.559122562408447,6.848620414733887,7.228714466094971,7.6404337882995605,7.841383934020996,7.638397216796875,7.287605285644531,7.218172073364258,7.4965972900390625,7.869691848754883,8.270818710327148,9.096606254577637,10.62618637084961,12.527767181396484,14.293060302734375,15.208280563354492,14.845829963684082,13.465929985046387
3.428980827331543,4.086325168609619,4.655167102813721,5.279542446136475,5.722348213195801,5.604867935180664,4.768725395202637,3.3455522060394287,1.7326557636260986,0.3638724982738495,-0.6149026155471802,-1.252020239830017,-1.4062410593032837,-0.702440083026886,0.8107551336288452,2.570730209350586,4.151458740234375,5.473195552825928,6.4869065284729,7.035776138305664,7.122300148010254,6.847736358642578,6.175366401672363,5.667241096496582,6.038730144500732,6.784726142883301,7.109798908233643,7.0769572257995605,7.0958356857299805,7.28387451171875,7.574204921722412,7.778303146362305,7.780444145202637,7.797360897064209,8.122071266174316,8.735142707824707,9.365795135498047,10.080842018127441,11.201384544372559,12.546894073486328,13.720664024353027,14.321747779846191,13.86801815032959,12.590296745300293
2.411807060241699,2.866478681564331,3.6023221015930176,4.695409774780273,5.722552299499512,6.249471664428711,6.103452682495117,5.11336088180542,3.319814920425415,1.3400676250457764,-0.15115638077259064,-1.0377329587936401,-1.2308528423309326,-0.41983288526535034,1.171973705291748,2.88438081741333,4.306314468383789,5.433769226074219,6.309807300567627,6.814027786254883,6.85398006439209,6.697735786437988,6.503712177276611,6.4694671630859375,7.069643497467041,7.971354007720947,8.392308235168457,8.291888236999512,8.0905122756958,7.962615966796875,7.934845447540283,8.022764205932617,8.128357887268066,8.184772491455078,8.390668869018555,9.037318229675293,10.134367942810059,11.480690002441406,12.887226104736328,13.86790657043457,13.938454627990723,13.236587524414062,12.16286563873291,10.795413970947266
