data/wind_data/wind_58_7.json
{"header": {"parameterUnit": "KT", "parameterCategory": 2, "nx": 256, "ny": 198, "lo1": 44.73521041870117, "la1": -3.236724853515625, "lo2": 111.26478576660156, "la2": 43.468475341796875, "dx": 0.2609002888202667, "dy": -0.23708222806453705, "refTime": "2025-02-21 10:00:00", "forecastTime": 0, "parameterNumber": 2, "parameterNumberName": "eastward_wind"}, "data":
[rows 80 to 99 of 198, columns 88 to 131 of 256]
47.778404235839844,47.117801666259766,46.24982452392578,45.323970794677734,44.56950759887695,44.12154006958008,43.91181182861328,43.787139892578125,43.72047424316406,43.83366394042969,44.1805534362793,44.536808013916016,44.59360885620117,44.32875442504883,44.01115798950195,43.82658386230469,43.83141326904297,43.912811279296875,43.982723236083984,44.07245635986328,44.321868896484375,44.65555191040039,44.556236267089844,44.49162673950195,44.99675750732422,45.45447540283203,45.477352142333984,45.29423904418945,45.231163024902344,45.23125457763672,45.23305130004883,45.24518966674805,45.30926513671875,45.44078826904297,45.6142578125,45.74214553833008,45.70553970336914,45.552459716796875,45.46515655517578,45.59011459350586,45.96333694458008,46.521080017089844,47.001861572265625,47.16236877441406
50.073272705078125,49.433319091796875,48.60816955566406,47.667137145996094,46.79310607910156,46.15250778198242,45.76456069946289,45.51913070678711,45.345924377441406,45.307167053222656,45.51237869262695,45.897239685058594,46.19917678833008,46.204315185546875,45.89301681518555,45.44329833984375,45.06244659423828,44.814693450927734,44.7421989440918,44.83875274658203,44.915531158447266,45.22549819946289,45.5552978515625,45.41408920288086,45.65630340576172,46.35272216796875,46.75655746459961,46.82440185546875,46.841426849365234,46.900054931640625,47.04875946044922,47.215057373046875,47.268497467041016,47.2374382019043,47.26155471801758,47.38627243041992,47.50189208984375,47.50929641723633,47.498775482177734,47.69542694091797,48.125518798828125,48.6854133605957,49.269474029541016,49.563480377197266
52.20277404785156,51.64997100830078,50.923362731933594,50.06454086303711,49.188480377197266,48.43901443481445,47.888282775878906,47.500701904296875,47.21162796020508,47.04137420654297,47.065208435058594,47.29414367675781,47.6030387878418,47.826316833496094,47.810325622558594,47.45375061035156,46.857261657714844,46.26118850708008,45.91046142578125,45.95383834838867,46.05572509765625,46.03295135498047,46.28802490234375,46.52611541748047,46.77640151977539,47.375911712646484,47.85929870605469,48.09989929199219,48.313167572021484,48.55862808227539,48.80867004394531,49.00111389160156,49.01122283935547,48.87723159790039,48.777748107910156,48.82792282104492,49.04824447631836,49.3317985534668,49.50393295288086,49.629905700683594,49.91134262084961,50.39889144897461,51.074371337890625,51.69414138793945
54.202972412109375,53.70256042480469,53.12312698364258,52.39451217651367,51.59027862548828,50.81314468383789,50.156089782714844,49.67949295043945,49.34733581542969,49.10801696777344,48.98036575317383,48.99079895019531,49.1052360534668,49.29214859008789,49.48860168457031,49.49184799194336,49.063289642333984,48.30658721923828,47.644744873046875,47.446014404296875,47.647830963134766,47.69987106323242,47.570960998535156,47.684532165527344,48.03191375732422,48.50680160522461,48.94514465332031,49.27222442626953,49.63315200805664,50.1251106262207,50.59307861328125,50.841575622558594,50.83232879638672,50.685306549072266,50.55120086669922,50.53559494018555,50.71106719970703,51.1108283996582,51.555152893066406,51.73448181152344,51.70492172241211,51.85931396484375,52.43755340576172,53.24586868286133
55.98016357421875,55.503658294677734,55.06282043457031,54.60630798339844,53.99751281738281,53.25212097167969,52.50559616088867,51.92338562011719,51.55880355834961,51.3437614440918,51.194522857666016,51.062889099121094,50.94450759887695,50.87222671508789,50.95131301879883,51.164066314697266,51.16728591918945,50.65443420410156,49.89636993408203,49.42036819458008,49.459754943847656,49.65880584716797,49.55397415161133,49.431461334228516,49.58634948730469,49.80989074707031,50.05047607421875,50.349246978759766,50.78694152832031,51.42965316772461,52.09333038330078,52.54066467285156,52.7156982421875,52.71575927734375,52.6733512878418,52.70640182495117,52.877628326416016,53.21870803833008,53.714691162109375,54.0652961730957,54.01359558105469,53.820350646972656,54.015869140625,54.69868469238281
57.4166374206543,56.978363037109375,56.681175231933594,56.463233947753906,56.160037994384766,55.61996841430664,54.89773178100586,54.22746276855469,53.76751708984375,53.51407241821289,53.39110565185547,53.294803619384766,53.12910461425781,52.88215255737305,52.70035934448242,52.749603271484375,52.945796966552734,52.83930587768555,52.307952880859375,51.81848907470703,51.70719909667969,51.78057861328125,51.68221664428711,51.550201416015625,51.54307174682617,51.48471450805664,51.42924118041992,51.55744171142578,51.96840286254883,52.59475326538086,53.25556945800781,53.82823181152344,54.28010559082031,54.5872802734375,54.78065872192383,54.97377014160156,55.24484634399414,55.576446533203125,55.95881652832031,56.3279914855957,56.52296447753906,56.457740783691406,56.415435791015625,56.74941635131836
58.53748321533203,58.15312194824219,57.97178649902344,57.94255447387695,57.86573791503906,57.557865142822266,57.019412994384766,56.41175842285156,55.920196533203125,55.60123825073242,55.44668960571289,55.39254379272461,55.325008392333984,55.17032241821289,54.969478607177734,54.84604263305664,54.90928649902344,54.96473693847656,54.6883430480957,54.28839874267578,54.25757598876953,54.40083694458008,54.20624542236328,53.877986907958984,53.73392105102539,53.50742721557617,53.168121337890625,53.05625534057617,53.35795593261719,53.90799331665039,54.48511505126953,55.00912094116211,55.4738883972168,55.904327392578125,56.31459045410156,56.77030563354492,57.2993049621582,57.76837158203125,58.106624603271484,58.41450119018555,58.72260665893555,58.92335510253906,59.02166748046875,59.21126937866211
59.56142044067383,59.26513671875,59.155975341796875,59.18162536621094,59.162841796875,58.95366287231445,58.579410552978516,58.16779327392578,57.80950164794922,57.55115509033203,57.39762496948242,57.34636306762695,57.36033248901367,57.364662170410156,57.340152740478516,57.32834243774414,57.349117279052734,57.40483474731445,57.316123962402344,56.991336822509766,56.82578659057617,57.096435546875,57.1776008605957,56.780086517333984,56.40358352661133,56.01810836791992,55.41172409057617,54.96733856201172,55.050479888916016,55.517738342285156,56.04198455810547,56.45473098754883,56.73298263549805,57.00032424926758,57.40347671508789,58.032501220703125,58.864959716796875,59.586021423339844,60.01767349243164,60.34305191040039,60.63407897949219,60.872886657714844,61.150779724121094,61.411808013916016
60.7510986328125,60.58193588256836,60.524505615234375,60.51508712768555,60.424827575683594,60.17453384399414,59.83382797241211,59.5397834777832,59.347713470458984,59.24818420410156,59.21867752075195,59.239295959472656,59.30104064941406,59.39064025878906,59.48899841308594,59.634334564208984,59.80514907836914,59.94917678833008,60.08771896362305,60.04561233520508,59.797019958496094,59.777122497558594,59.96734619140625,59.84626388549805,59.500648498535156,59.06233596801758,58.288963317871094,57.478607177734375,57.19777297973633,57.45637893676758,57.84823989868164,58.10519790649414,58.21870040893555,58.2902946472168,58.51457595825195,59.06610107421875,59.989871978759766,61.004783630371094,61.77159881591797,62.321502685546875,62.68186950683594,62.833282470703125,63.02544403076172,63.353336334228516
62.100772857666016,62.021034240722656,62.00740432739258,61.98398971557617,61.8636474609375,61.620689392089844,61.32185363769531,61.102901458740234,61.02436828613281,61.03957748413086,61.10014724731445,61.1793212890625,61.24110412597656,61.26872634887695,61.308135986328125,61.46832275390625,61.77838897705078,62.10529327392578,62.4371337890625,62.76729965209961,62.87824630737305,62.74782943725586,62.627933502197266,62.500267028808594,62.33182144165039,62.054073333740234,61.362369537353516,60.42762756347656,59.81026077270508,59.747779846191406,59.95439910888672,60.05458450317383,59.96853256225586,59.860809326171875,59.907379150390625,60.24491882324219,60.951847076416016,61.95517349243164,63.023399353027344,63.98353576660156,64.72554779052734,65.11421203613281,65.25344848632812,65.46495056152344
63.442726135253906,63.35176467895508,63.35852813720703,63.40937805175781,63.41632843017578,63.33757781982422,63.20199966430664,63.1109619140625,63.1353874206543,63.22559356689453,63.28057861328125,63.260498046875,63.16991424560547,63.05147171020508,62.99422836303711,63.061073303222656,63.306575775146484,63.68294143676758,64.10052490234375,64.61016845703125,65.10354614257812,65.2405776977539,65.02391052246094,64.87368774414062,64.8376693725586,64.62115478515625,64.10018157958984,63.33882522583008,62.59780502319336,62.17758560180664,62.155517578125,62.2352180480957,62.092987060546875,61.825096130371094,61.708229064941406,61.86431884765625,62.30644226074219,63.05261993408203,63.99889373779297,64.97688293457031,65.98774719238281,66.97801208496094,67.61853790283203,67.90313720703125
64.75173950195312,64.61289978027344,64.60781860351562,64.77550506591797,65.03871154785156,65.2641830444336,65.369873046875,65.3958511352539,65.43437194824219,65.49649810791016,65.49039459228516,65.32752990722656,65.03399658203125,64.76752471923828,64.66531372070312,64.72653198242188,64.89142608642578,65.138427734375,65.41246795654297,65.7963638305664,66.30286407470703,66.61135864257812,66.54803466796875,66.54052734375,66.79951477050781,66.88041687011719,66.55924224853516,66.00917053222656,65.33821105957031,64.69208526611328,64.34370422363281,64.29105377197266,64.21546173095703,63.9915885925293,63.85798263549805,63.99784851074219,64.37054443359375,64.97779846191406,65.70592498779297,66.26030731201172,66.75306701660156,67.79327392578125,69.29932403564453,70.40084075927734
66.01569366455078,65.92692565917969,65.96290588378906,66.23218536376953,66.71700286865234,67.25982666015625,67.63949584960938,67.74385833740234,67.6575698852539,67.53148651123047,67.39381408691406,67.11314392089844,66.702392578125,66.3758544921875,66.29912567138672,66.44741821289062,66.65122985839844,66.77685546875,66.86831665039062,67.03614807128906,67.27347564697266,67.44258880615234,67.40406799316406,67.39337158203125,67.80145263671875,68.37681579589844,68.53265380859375,68.23907470703125,67.72230529785156,67.15274047851562,66.74333190917969,66.53197479248047,66.35143280029297,66.11082458496094,65.96955871582031,66.10140991210938,66.50106048583984,67.13359832763672,67.85653686523438,68.26961517333984,68.23632049560547,68.4573974609375,69.88398742675781,72.07266235351562
67.1939697265625,67.32874298095703,67.49237823486328,67.8140869140625,68.38679504394531,69.1040267944336,69.67208862304688,69.83851623535156,69.62969207763672,69.28770446777344,68.95780181884766,68.54464721679688,68.076171875,67.76641845703125,67.76025390625,68.02677917480469,68.32327270507812,68.45856475830078,68.4979248046875,68.53341674804688,68.55247497558594,68.52224731445312,68.39254760742188,68.24553680419922,68.42778778076172,69.04591369628906,69.53665924072266,69.49192810058594,69.12753295898438,68.80278015136719,68.74827575683594,68.84473419189453,68.78106689453125,68.50708770751953,68.27706146240234,68.2618179321289,68.46281433105469,68.93855285644531,69.62348937988281,70.11321258544922,70.1205062866211,69.91349792480469,70.43140411376953,72.5378646850586
68.3409423828125,68.74465942382812,69.06749725341797,69.4254150390625,69.96851348876953,70.66130065917969,71.25560760498047,71.49993133544922,71.3141098022461,70.8672866821289,70.32259368896484,69.68836212158203,69.08065032958984,68.77313995361328,68.91332244873047,69.33490753173828,69.76921081542969,70.00157928466797,70.06084442138672,70.06716918945312,70.01143646240234,69.94384002685547,69.86256408691406,69.70135498046875,69.54363250732422,69.68108367919922,69.96803283691406,69.90435791015625,69.5380630493164,69.3685302734375,69.69347381591797,70.34700775146484,70.8677749633789,70.94246673583984,70.73690795898438,70.60926818847656,70.64017486572266,70.8489990234375,71.27850341796875,71.67647552490234,71.79643249511719,71.63723754882812,71.56292724609375,72.64655303955078
69.4819107055664,70.05107116699219,70.51271057128906,70.92301940917969,71.38768005371094,71.9544906616211,72.50782012939453,72.84477996826172,72.75439453125,72.22454833984375,71.44038391113281,70.57386779785156,69.79485321044922,69.46214294433594,69.78215789794922,70.44185638427734,71.02577209472656,71.33122253417969,71.41594696044922,71.46987915039062,71.5105209350586,71.50054931640625,71.4940185546875,71.46722412109375,71.24176788330078,70.89730834960938,70.65149688720703,70.30683135986328,69.77008056640625,69.50334930419922,69.90838623046875,70.95028686523438,72.13499450683594,72.82133483886719,72.88321685791016,72.741455078125,72.73307800292969,72.86444091796875,73.12440490722656,73.34033203125,73.32173156738281,73.17249298095703,72.93903350830078,73.14588928222656
70.67271423339844,71.24079895019531,71.74650573730469,72.21302032470703,72.64820861816406,73.12565612792969,73.65834045410156,74.05609893798828,74.04421997070312,73.4389419555664,72.39045715332031,71.26801300048828,70.4277114868164,70.19886016845703,70.67594909667969,71.55057525634766,72.29227447509766,72.61354064941406,72.65919494628906,72.73490905761719,72.87564086914062,72.94275665283203,72.89085388183594,72.83541870117188,72.76171875,72.50008392333984,72.0771484375,71.49452209472656,70.74620819091797,70.18487548828125,70.25167083740234,71.20144653320312,72.71632385253906,73.93414306640625,74.34152221679688,74.24244689941406,74.22673797607422,74.48566436767578,74.81253051757812,75.00749969482422,74.89791107177734,74.56116485595703,74.28108215332031,74.16409301757812
71.88247680664062,72.33786010742188,72.80020141601562,73.32808685302734,73.86673736572266,74.3807601928711,74.89842224121094,75.31016540527344,75.30879211425781,74.68218231201172,73.47447967529297,72.12207794189453,71.2229995727539,71.13904571533203,71.73529052734375,72.62255859375,73.34461212158203,73.59274291992188,73.52897644042969,73.55919647216797,73.77751159667969,73.96192169189453,73.95960998535156,73.7665786743164,73.5984115600586,73.6356430053711,73.6203842163086,73.17556762695312,72.33627319335938,71.52479553222656,71.24878692626953,71.82260131835938,73.10128784179688,74.37955474853516,74.9917984008789,75.0583267211914,75.15484619140625,75.60202026367188,76.21047973632812,76.58792877197266,76.54183959960938,76.14344787597656,75.66783142089844,75.30518341064453
73.03736877441406,73.33333587646484,73.71831512451172,74.29998016357422,75.00392150878906,75.67477416992188,76.2372055053711,76.60331726074219,76.51078033447266,75.7621078491211,74.45587158203125,73.05264282226562,72.17929077148438,72.15032958984375,72.73001861572266,73.46942901611328,74.02721405029297,74.15469360351562,73.93266296386719,73.83505249023438,74.1207504272461,74.52227783203125,74.71399688720703,74.57023620605469,74.23375701904297,74.10016632080078,74.2751235961914,74.33541870117188,73.8532485961914,73.00287628173828,72.50531005859375,72.8254623413086,73.76227569580078,74.74443054199219,75.27896881103516,75.45423889160156,75.73146057128906,76.36766815185547,77.21516418457031,77.88987731933594,78.08456420898438,77.77440643310547,77.09252166748047,76.32231140136719
74.07775115966797,74.21278381347656,74.51642608642578,75.10921478271484,75.89349365234375,76.6923599243164,77.3902359008789,77.7403793334961,77.40426635742188,76.34086608886719,74.88235473632812,73.55657958984375,72.85699462890625,72.89213562011719,73.37382507324219,73.9345932006836,74.31715393066406,74.39640045166016,74.20030212402344,74.04412078857422,74.25672149658203,74.75025177001953,75.13963317871094,75.18899536132812,74.88887786865234,74.53507995605469,74.56056213378906,74.89910888671875,74.94233703613281,74.38702392578125,73.75933837890625,73.79780578613281,74.51544189453125,75.31565856933594,75.76943969726562,75.94851684570312,76.21141815185547,76.81204986572266,77.68309020996094,78.52421569824219,78.99931335449219,78.9401626586914,78.33446502685547,77.34904479980469
