data/wind_data/wind_22_2.json
{"header": {"parameterUnit": "KT", "parameterCategory": 2, "nx": 256, "ny": 198, "lo1": 44.73521041870117, "la1": -3.236724853515625, "lo2": 111.26478576660156, "la2": 43.468475341796875, "dx": 0.2609002888202667, "dy": -0.23708222806453705, "refTime": "2025-02-19 22:00:00", "forecastTime": 0, "parameterNumber": 2, "parameterNumberName": "eastward_wind"}, "data":
[rows 152 to 170 of 198, columns 43 to 85 of 256]
-4.849287986755371,-4.234950065612793,-4.544681549072266,-5.438510894775391,-6.435434818267822,-7.262341022491455,-6.288238525390625,-2.3530845642089844,1.204795241355896,2.5013396739959717,2.022904634475708,-2.583411455154419,-3.530754327774048,-2.3518218994140625,-1.159144639968872,-1.5569323301315308,-3.213895320892334,0.3282454311847687,5.4307732582092285,2.750171422958374,-2.9724819660186768,-3.8560187816619873,-4.285755634307861,-6.754182815551758,-7.994515895843506,-5.7259979248046875,-3.8026463985443115,-4.760036468505859,-4.170571327209473,-3.096536159515381,-2.2500367164611816,-1.184201717376709,-0.00392381614074111,0.39239218831062317,0.4398781359195709,0.40407195687294006,0.5698419809341431,-0.1260319948196411,0.5293788313865662,2.8900041580200195,-0.2499540150165558,-5.461675643920898,-5.535097599029541
-5.017446517944336,-4.972201824188232,-6.80841064453125,-6.776252746582031,-5.381375312805176,-5.607740879058838,-6.204338550567627,-3.8095085620880127,-2.424572229385376,-2.498387336730957,-5.249762058258057,-6.7717790603637695,-6.567488193511963,-4.338057518005371,-2.4092562198638916,-0.47863706946372986,3.321765661239624,6.031667232513428,6.696477890014648,0.37187162041664124,-3.308494806289673,-1.72852623462677,-1.812501072883606,-2.6604597568511963,-3.4098446369171143,-3.100632667541504,-2.746325969696045,-2.5401947498321533,-1.7874951362609863,-1.9332515001296997,-1.1685582399368286,-0.1748562455177307,0.1517953872680664,0.3136131465435028,0.35112079977989197,-0.06097116321325302,-1.200383186340332,-1.3706501722335815,1.7826080322265625,2.8875935077667236,0.9453465938568115,-4.7038798332214355,-7.98518705368042
-3.506545305252075,-3.3599541187286377,-5.66042947769165,-5.982692241668701,-2.9957563877105713,-2.710580587387085,-5.626430034637451,-5.487575531005859,-5.888514041900635,-5.8017354011535645,-6.599320411682129,-6.447838306427002,-5.301169395446777,-3.0345659255981445,-0.34826362133026123,3.6947107315063477,6.654979228973389,8.648223876953125,5.575008869171143,-1.1308566331863403,-2.5473287105560303,0.8653954267501831,0.9135816693305969,-1.3334591388702393,-3.0778098106384277,-3.782525062561035,-3.565541982650757,-3.1546432971954346,-2.8760271072387695,-3.3887734413146973,-3.530345916748047,-2.6256256103515625,-1.59035062789917,-0.5015450716018677,1.4209314584732056,2.0161261558532715,-0.550750732421875,1.3402019739151,3.9837498664855957,2.968136787414551,-0.3282215893268585,-1.8962135314941406,-5.884700298309326
-2.095076322555542,-2.1897525787353516,-3.6153318881988525,-4.886982440948486,-3.111063003540039,-2.379382610321045,-3.782500743865967,-4.302419662475586,-5.454844951629639,-6.17249870300293,-7.738378047943115,-8.545304298400879,-5.5196099281311035,-1.4493328332901,1.8646150827407837,7.327683448791504,8.004193305969238,9.328545570373535,5.3487467765808105,-0.608193576335907,-1.29153311252594,1.551230788230896,0.4031410813331604,-1.602343201637268,-3.4268345832824707,-4.093369960784912,-4.2855634689331055,-4.637141704559326,-4.9160003662109375,-5.277863025665283,-6.8974409103393555,-6.735204219818115,-4.483551025390625,-2.889115571975708,-0.0990138128399849,1.3580708503723145,1.9910074472427368,3.864736557006836,4.348120212554932,0.6840360760688782,-1.756028175354004,0.16497865319252014,-3.073211908340454
-2.2314937114715576,-1.868920922279358,-1.6197419166564941,-1.9877196550369263,-0.6267927885055542,-0.4599498212337494,-2.102790117263794,-2.2956416606903076,-2.377861976623535,-3.023256540298462,-2.845210552215576,-2.121073007583618,1.1496269702911377,4.859663963317871,7.997118949890137,9.585003852844238,8.726497650146484,9.841869354248047,6.760505199432373,1.9946062564849854,1.1276146173477173,2.0592994689941406,1.4151417016983032,-1.2600805759429932,-3.781602382659912,-4.170289039611816,-4.284753322601318,-4.563897609710693,-3.9329495429992676,-3.341177225112915,-4.502169132232666,-3.846262216567993,-2.7931716442108154,-2.7900490760803223,-1.5769208669662476,1.0068347454071045,4.009130001068115,3.305032968521118,3.4649832248687744,0.49820563197135925,-1.6856684684753418,-0.7979302406311035,-0.7863572239875793
-2.293336868286133,-1.188796043395996,-0.14233975112438202,0.2921541929244995,2.0019121170043945,2.227623462677002,1.2982760667800903,0.5415477156639099,0.5519061088562012,0.7561757564544678,2.1819915771484375,4.357920169830322,6.303921699523926,8.358989715576172,10.58548355102539,10.06851577758789,10.488631248474121,10.168423652648926,7.966503620147705,4.576091766357422,2.6507134437561035,2.4759433269500732,1.3685983419418335,-0.6848646998405457,-2.1730966567993164,-2.552044153213501,-2.946828842163086,-3.3902740478515625,-1.7171443700790405,0.14370004832744598,-1.747451901435852,-2.4230616092681885,-1.0299640893936157,0.4129434823989868,0.5284003019332886,2.3523755073547363,3.0218722820281982,2.8505361080169678,3.749633312225342,3.3402066230773926,1.108066201210022,0.09890999644994736,-0.5414687395095825
-1.484850525856018,-0.986677348613739,1.3398226499557495,2.329008102416992,4.856017589569092,5.3750104904174805,4.260005474090576,4.023971080780029,4.233485698699951,4.515516757965088,5.421172142028809,5.902689456939697,5.669337749481201,8.353992462158203,10.64527702331543,11.707985877990723,11.829024314880371,10.535829544067383,7.411201477050781,2.2924816608428955,1.5259857177734375,2.842655658721924,1.9531430006027222,0.2399471402168274,-1.3675880432128906,-1.8559322357177734,-1.595266580581665,-1.6474690437316895,-0.3359355330467224,0.30203697085380554,-1.7315819263458252,-3.214292287826538,-2.503267526626587,-0.5108152031898499,1.3945451974868774,2.4368014335632324,2.460580587387085,2.910844326019287,2.8050694465637207,3.430217981338501,4.219055652618408,3.085350751876831,1.237956166267395
2.769956111907959,0.6158954501152039,2.770930528640747,3.3166604042053223,4.957134246826172,6.353174209594727,7.2762861251831055,6.9155354499816895,5.0581817626953125,4.694853782653809,6.295924663543701,8.071199417114258,7.9633049964904785,11.543883323669434,13.998801231384277,13.866799354553223,10.848660469055176,8.241646766662598,5.807003498077393,1.3283520936965942,0.9657261967658997,2.9604415893554688,3.026013135910034,1.6005873680114746,-0.25559738278388977,-1.633679747581482,-1.3223741054534912,-1.529855489730835,-1.0773342847824097,0.057292819023132324,-0.6714358329772949,-2.587944746017456,-2.9668915271759033,-2.121534824371338,0.2930174171924591,1.897294521331787,2.9146840572357178,4.69861364364624,5.308902740478516,5.460549831390381,5.632113933563232,4.986412048339844,4.260140419006348
6.4545159339904785,1.8498555421829224,2.6353344917297363,3.1380743980407715,2.3726415634155273,3.3497626781463623,5.345583915710449,6.315523624420166,6.526414394378662,6.589733123779297,5.364193439483643,3.2846593856811523,8.779431343078613,13.197016716003418,14.774060249328613,11.178196907043457,7.634793281555176,6.2505598068237305,4.318739891052246,2.258636951446533,2.1756129264831543,2.6184871196746826,2.7706313133239746,1.9741923809051514,0.5015535354614258,-1.1423211097717285,0.01894761621952057,1.1097502708435059,0.22189681231975555,-0.15191157162189484,-0.6407922506332397,-1.7126243114471436,-2.1580569744110107,-1.3549597263336182,-0.07208415120840073,1.1118502616882324,3.2005245685577393,5.101013660430908,7.14324951171875,6.945528984069824,5.901476860046387,5.450993061065674,4.8631911277771
7.019931793212891,2.9217169284820557,2.8076412677764893,2.7522597312927246,1.1881171464920044,2.7417538166046143,4.676667213439941,4.689100742340088,5.189309597015381,6.221512317657471,6.431772708892822,8.790102005004883,11.55843448638916,12.086997032165527,11.000988960266113,8.579254150390625,8.707890510559082,8.15807056427002,3.028146505355835,2.2249114513397217,2.087697982788086,2.300902843475342,2.5507469177246094,2.18361759185791,1.4972223043441772,0.4860769808292389,1.3966476917266846,2.91276478767395,2.9129021167755127,1.9775590896606445,0.6228851079940796,-0.30312249064445496,-0.9730803966522217,-0.5436350107192993,0.23487648367881775,0.7685707807540894,2.033597230911255,3.7145795822143555,5.130486965179443,6.179314136505127,7.141697883605957,6.742010116577148,6.1179022789001465
6.763589859008789,4.546599388122559,4.363160610198975,2.701190948486328,3.2646636962890625,6.046858787536621,6.133838653564453,5.987010955810547,4.4525146484375,5.83013391494751,9.186150550842285,12.218961715698242,12.034904479980469,11.267391204833984,9.749921798706055,11.191839218139648,11.573619842529297,9.1441650390625,1.9827497005462646,1.0603758096694946,0.6848332285881042,1.9389739036560059,3.1378579139709473,3.260175943374634,2.5928773880004883,1.6920605897903442,2.8514249324798584,4.112163543701172,4.504405498504639,3.8256664276123047,2.6256868839263916,1.522170066833496,0.8971189260482788,0.6129525899887085,1.2356748580932617,1.9460206031799316,2.3990674018859863,3.8569600582122803,5.54939603805542,7.362541198730469,9.532195091247559,8.905328750610352,8.364279747009277
7.068446636199951,5.600460529327393,5.836305618286133,4.743340015411377,5.429295063018799,6.3257737159729,4.569156169891357,2.8265786170959473,5.633633613586426,9.782419204711914,12.447023391723633,13.02314281463623,11.12847900390625,11.821310043334961,12.905914306640625,10.029277801513672,9.629591941833496,6.15808629989624,0.5514289736747742,-0.2696651518344879,0.007841852493584156,2.1272315979003906,4.103743076324463,4.231624126434326,3.4853286743164062,2.246363878250122,2.8743295669555664,3.8553519248962402,4.739421844482422,4.481730937957764,3.551520824432373,2.7460696697235107,1.4328114986419678,0.5835089087486267,0.8765537738800049,2.125469446182251,3.2685863971710205,4.531216621398926,6.637932777404785,9.308238983154297,11.950345039367676,12.977683067321777,13.572745323181152
6.909799098968506,6.149907112121582,6.115422248840332,6.231222629547119,4.6541852951049805,3.9074904918670654,3.6821963787078857,5.784424304962158,10.839090347290039,13.293469429016113,11.81380844116211,12.626733779907227,12.593734741210938,13.116472244262695,9.579378128051758,4.270756244659424,2.007658004760742,-0.06909743696451187,-1.847060203552246,-1.0171486139297485,0.1470930278301239,2.6462886333465576,4.241849422454834,4.023916721343994,3.9597368240356445,2.0947461128234863,1.5436389446258545,2.0944509506225586,3.222111940383911,3.4813013076782227,2.8830339908599854,2.0139875411987305,1.0568065643310547,1.3754040002822876,1.0484416484832764,1.992324948310852,3.6561663150787354,4.9307427406311035,6.661294937133789,9.920453071594238,13.379141807556152,16.015119552612305,18.19454002380371
7.251997470855713,5.294576168060303,5.252996444702148,5.434752941131592,5.012864589691162,3.9570326805114746,5.990046977996826,11.155694007873535,12.277447700500488,10.22802448272705,11.422612190246582,12.592720031738281,13.601470947265625,11.30844783782959,7.256982803344727,4.055222511291504,-1.4746159315109253,-3.498143196105957,-2.744548797607422,-1.2334448099136353,0.4419010579586029,2.6868600845336914,3.3970165252685547,3.3444063663482666,3.5706584453582764,1.6008634567260742,0.9191796779632568,1.7671250104904175,2.444251298904419,2.338168144226074,1.763476014137268,1.2439442873001099,1.3231176137924194,1.8755346536636353,2.811985492706299,3.5912060737609863,4.415124893188477,5.1070356369018555,6.82047176361084,9.684334754943848,13.15677261352539,17.22490882873535,21.101505279541016
8.281241416931152,5.664710521697998,5.726790428161621,5.673131942749023,6.630476474761963,8.476198196411133,10.780989646911621,11.67853832244873,10.7916259765625,11.089163780212402,12.892217636108398,14.422321319580078,11.905863761901855,6.930210590362549,3.779836416244507,0.0878228023648262,-3.7672717571258545,-4.004269123077393,-3.0629050731658936,-1.0064878463745117,0.736577033996582,2.2664849758148193,2.428946018218994,2.457378387451172,2.3285229206085205,1.325462818145752,1.2952344417572021,1.9063628911972046,1.6271218061447144,0.8674137592315674,0.7219200730323792,1.3715577125549316,2.5367729663848877,3.7822425365448,5.282999515533447,6.349388122558594,6.819969177246094,7.124851226806641,8.468907356262207,10.372218132019043,14.6770658493042,20.101268768310547,23.81979751586914
10.578052520751953,9.789830207824707,9.239457130432129,8.401089668273926,8.802762985229492,9.377708435058594,9.866579055786133,9.675589561462402,9.560151100158691,12.148621559143066,13.245793342590332,8.422332763671875,4.887094020843506,2.203130006790161,1.083803653717041,-2.286228656768799,-4.122045516967773,-3.8810272216796875,-2.7758090496063232,-0.4090183973312378,0.9586485028266907,1.5955411195755005,1.586626648902893,1.438469409942627,1.2245407104492188,1.1018280982971191,1.0460721254348755,0.7629655599594116,0.07726597785949707,-0.01146459486335516,0.8520999550819397,2.120115041732788,3.5298404693603516,4.780256748199463,6.1567254066467285,7.461571216583252,8.214618682861328,8.866741180419922,9.47935962677002,11.084186553955078,17.4288387298584,22.220003128051758,20.158615112304688
11.842591285705566,12.81515884399414,9.56554126739502,7.586382865905762,8.191117286682129,8.711167335510254,9.048851013183594,9.534948348999023,11.271978378295898,11.117060661315918,8.219439506530762,4.658670902252197,1.2397897243499756,0.153126522898674,-1.016371726989746,-3.5280637741088867,-4.421600818634033,-3.6933207511901855,-1.8359203338623047,0.16550904512405396,0.8744171261787415,0.8788495063781738,0.8733130693435669,0.48548004031181335,0.4207299053668976,0.37921059131622314,-0.04465401917695999,-0.639558732509613,-0.4727700650691986,0.535374641418457,1.9125901460647583,3.1682660579681396,4.2559051513671875,5.0938262939453125,6.26483678817749,7.448331832885742,8.192615509033203,8.732637405395508,9.007306098937988,11.502156257629395,16.518123626708984,18.59754753112793,12.48392105102539
10.063945770263672,11.827047348022461,7.793079376220703,6.587557315826416,8.311424255371094,9.114388465881348,9.992398262023926,10.880882263183594,9.784112930297852,5.741557598114014,2.9146151542663574,0.9518424868583679,-0.4800278842449188,-1.4471135139465332,-3.5159809589385986,-5.131008625030518,-4.919332027435303,-3.1774277687072754,-1.0362935066223145,0.3522632420063019,0.5501338243484497,0.540730357170105,0.5592622756958008,0.05449042469263077,-0.115298792719841,-0.1042354628443718,-0.17148450016975403,-0.16861677169799805,0.7074378132820129,2.1576879024505615,3.6173672676086426,4.427121162414551,4.9420952796936035,5.635467052459717,6.651082992553711,7.796682357788086,8.608695030212402,8.991683959960938,9.256706237792969,9.915825843811035,11.057818412780762,12.31775951385498,9.693946838378906
6.061329364776611,9.95075511932373,8.107089042663574,6.744508743286133,6.980271816253662,8.545291900634766,10.7921142578125,7.716800689697266,2.614795207977295,0.32512521743774414,-2.21463942527771,-1.4613332748413086,-2.698007106781006,-4.8624701499938965,-6.430296897888184,-6.477678298950195,-4.757195472717285,-2.417038917541504,-0.5387351512908936,-0.0780680775642395,-0.03885556012392044,0.33877894282341003,0.5949563980102539,0.29400327801704407,-0.011339647695422173,0.14033225178718567,0.4468485414981842,1.0445719957351685,1.9386621713638306,2.9399585723876953,3.7342886924743652,4.228817939758301,4.817570209503174,5.628046035766602,6.655945777893066,7.858617305755615,8.573302268981934,8.480042457580566,7.637304782867432,7.363722801208496,7.367455959320068,9.607492446899414,9.60771369934082
