data/wind_data/wind_21_1.json
{"header": {"parameterUnit": "KT", "parameterCategory": 2, "nx": 256, "ny": 198, "lo1": 44.73521041870117, "la1": -3.236724853515625, "lo2": 111.26478576660156, "la2": 43.468475341796875, "dx": 0.2609002888202667, "dy": -0.23708222806453705, "refTime": "2025-02-19 21:00:00", "forecastTime": 0, "parameterNumber": 2, "parameterNumberName": "eastward_wind"}, "data":
[rows 0 to 18 of 198, columns 172 to 214 of 256]
10.169929504394531,9.774942398071289,9.988459587097168,10.580056190490723,10.995640754699707,11.279409408569336,11.30974292755127,11.099579811096191,10.47875690460205,9.911986351013184,9.89374828338623,10.116011619567871,10.651690483093262,10.734502792358398,9.898877143859863,9.04076099395752,8.269139289855957,8.268267631530762,9.189018249511719,9.706809997558594,9.774873733520508,8.974588394165039,7.456630229949951,6.024606704711914,4.819931507110596,4.968609809875488,5.843959331512451,6.402097702026367,6.885349750518799,7.242045879364014,7.653651714324951,8.45690631866455,9.00736141204834,8.908326148986816,8.391700744628906,7.39084529876709,6.514297008514404,5.936655044555664,5.365769386291504,4.76060152053833,4.626904487609863,4.931931018829346,5.049398422241211
9.597330093383789,9.324392318725586,9.608809471130371,10.236669540405273,10.849120140075684,11.206231117248535,11.006319046020508,10.533164024353027,9.900703430175781,9.65323257446289,10.027506828308105,10.159002304077148,10.100983619689941,9.895153999328613,9.076339721679688,8.115631103515625,7.529867172241211,7.732354164123535,8.460183143615723,9.118481636047363,9.685998916625977,8.98625373840332,7.31378698348999,6.189952850341797,5.54198694229126,4.758554458618164,4.300693988800049,5.273809432983398,6.440326690673828,6.758755207061768,7.270029544830322,8.257308959960938,8.587061882019043,8.097596168518066,7.572797775268555,7.0748467445373535,6.427547931671143,5.536654949188232,5.0799641609191895,5.000192642211914,4.2845892906188965,3.4728376865386963,2.70094633102417
9.257669448852539,9.18135929107666,9.600133895874023,10.208612442016602,10.593036651611328,10.60820484161377,9.867901802062988,8.993258476257324,8.730178833007812,9.007037162780762,9.384690284729004,9.5621919631958,9.264829635620117,8.819597244262695,8.468605041503906,7.88853120803833,7.186156272888184,7.355624675750732,8.031916618347168,8.438848495483398,8.711037635803223,8.155355453491211,7.0167555809021,6.1915106773376465,5.622719764709473,4.959834098815918,4.3471198081970215,4.627322673797607,5.307687282562256,5.974194526672363,6.703434467315674,7.296713352203369,7.241110801696777,6.596383571624756,6.348474502563477,6.377737522125244,6.184995174407959,5.724702835083008,5.176689147949219,4.86886739730835,4.385458946228027,3.595942497253418,1.830422282218933
8.34083366394043,8.728798866271973,9.483642578125,9.664807319641113,9.677720069885254,9.419493675231934,8.360991477966309,7.87045955657959,7.837089538574219,8.02289867401123,7.8248748779296875,8.088235855102539,7.734734058380127,7.2304229736328125,6.687526226043701,6.262585639953613,5.834409713745117,6.323294639587402,7.056473255157471,6.97607421875,6.894738674163818,6.118950366973877,5.554232597351074,5.3809332847595215,5.050413608551025,5.061809539794922,4.137107849121094,4.088912010192871,4.427831172943115,4.88094425201416,5.665740013122559,5.548107624053955,5.062347412109375,4.4816484451293945,4.687086582183838,4.992044925689697,5.201231479644775,5.098678112030029,4.683839321136475,4.552409648895264,4.658014297485352,4.605151653289795,2.8910140991210938
5.9024128913879395,7.459568023681641,9.855012893676758,8.12095832824707,7.598984718322754,7.510164260864258,6.660504341125488,7.66400671005249,7.473766803741455,6.08447790145874,4.751410484313965,6.1290788650512695,4.217165470123291,4.038018703460693,1.8476271629333496,2.3631668090820312,2.6433000564575195,3.8774852752685547,4.388595104217529,2.350302219390869,3.275404214859009,2.2843708992004395,2.73433780670166,3.2960705757141113,3.069404363632202,5.509032726287842,2.7254316806793213,2.834707021713257,3.904433250427246,2.715662956237793,3.2932894229888916,2.2042171955108643,2.0972299575805664,0.8185831308364868,2.6372928619384766,2.183128595352173,2.5067079067230225,3.140413761138916,2.944662570953369,3.9195995330810547,5.082070827484131,5.866565227508545,6.9122772216796875
5.706617832183838,6.845016956329346,9.956873893737793,7.661067008972168,7.606549263000488,7.154942035675049,7.776480674743652,6.255497455596924,6.4178786277771,4.835424423217773,5.284642696380615,5.7058892250061035,0.9508315324783325,4.750649929046631,2.602759599685669,3.648674726486206,2.2713239192962646,5.664820671081543,4.325467109680176,2.9289886951446533,3.3953614234924316,2.2537198066711426,3.230930805206299,2.60998797416687,3.178281307220459,5.335195064544678,3.0129427909851074,1.6292718648910522,3.672236919403076,2.0936050415039062,3.26340389251709,2.0310747623443604,2.0532288551330566,0.406404584646225,3.71484637260437,1.5491580963134766,1.5450173616409302,3.322751760482788,4.165676593780518,4.510156631469727,5.969453811645508,5.1016035079956055,1.7738144397735596
6.191746234893799,7.202277183532715,7.254777908325195,9.133091926574707,5.973079204559326,4.384971618652344,8.50854206085205,2.6493043899536133,5.708496570587158,3.5127272605895996,3.586390733718872,4.1843953132629395,0.8898932337760925,3.7691140174865723,2.1065213680267334,2.98730206489563,1.8321497440338135,6.375959873199463,2.9583382606506348,1.360114574432373,2.66483998298645,3.9490418434143066,0.4677087664604187,2.7178566455841064,3.0787606239318848,2.693242311477661,3.7540714740753174,2.5391876697540283,2.396195411682129,2.499706983566284,2.356783628463745,1.7358373403549194,1.0781859159469604,0.1522412747144699,2.8226168155670166,0.097315713763237,1.6028000116348267,3.170645236968994,3.209746837615967,2.706278085708618,4.201492786407471,2.890684127807617,-1.0412670373916626
5.634430408477783,9.305480003356934,5.413298606872559,10.373821258544922,3.10163950920105,1.918944239616394,4.630274772644043,3.692744255065918,5.651414394378662,2.9293837547302246,3.732757568359375,4.2551751136779785,7.1579437255859375,1.3217334747314453,3.0310096740722656,2.276765823364258,3.1581027507781982,6.699671745300293,2.0335869789123535,-1.4745397567749023,5.096399784088135,4.194375991821289,0.20617184042930603,0.04774918034672737,2.2505910396575928,2.7700605392456055,2.617495059967041,1.893580675125122,1.2225133180618286,2.313693046569824,1.1578643321990967,2.1642367839813232,-0.3470434844493866,1.4948605298995972,-0.18840233981609344,-0.006068088114261627,3.374887466430664,1.3593817949295044,1.4349812269210815,2.2063498497009277,1.5644268989562988,-0.018027784302830696,-4.076243877410889
4.294882774353027,5.97698450088501,3.96440052986145,6.607544898986816,4.05544376373291,2.9380948543548584,1.201048493385315,4.929917812347412,3.3635265827178955,4.629400730133057,2.4115352630615234,4.314291477203369,3.251455068588257,2.8696794509887695,4.577154159545898,2.3943674564361572,2.985872507095337,3.266260862350464,3.0633113384246826,1.64724862575531,4.252045154571533,4.575237274169922,2.272374391555786,-0.9298839569091797,2.623332977294922,2.029927968978882,0.992328941822052,0.5418356657028198,0.20620785653591156,1.7612026929855347,0.5310045480728149,1.1068717241287231,-0.7605230808258057,1.0932828187942505,-2.308764696121216,0.479535311460495,1.9744261503219604,0.38489386439323425,0.649450421333313,0.8231532573699951,-2.0295348167419434,-5.522074222564697,-1.9560004472732544
4.943586349487305,-0.21155668795108795,6.98123025894165,4.422593593597412,3.2877280712127686,0.7772127985954285,3.4147047996520996,1.7182105779647827,3.5862655639648438,5.825762748718262,0.20241577923297882,3.3543169498443604,1.7986385822296143,5.399798393249512,4.524847030639648,1.985185146331787,2.32643461227417,-0.7709298133850098,4.578472137451172,4.554644584655762,0.6172696948051453,3.9038381576538086,2.843843936920166,-0.2835642695426941,1.3663288354873657,2.0168612003326416,0.8442566990852356,-0.9370154738426208,0.48037588596343994,-0.5467315316200256,0.49567246437072754,-0.8036258220672607,0.32990384101867676,-1.1380116939544678,0.16672998666763306,0.23714666068553925,-0.9255217909812927,-0.2380140721797943,-0.6057658195495605,-0.7416518330574036,-5.795441150665283,-9.91062068939209,-5.3090009689331055
1.61259126663208,1.3179621696472168,3.9305219650268555,3.518960952758789,2.397725820541382,1.4746402502059937,2.8467421531677246,0.5696820020675659,3.563565731048584,5.270329475402832,-1.8795148134231567,2.4622297286987305,2.0242652893066406,5.896439075469971,1.7357689142227173,2.3289225101470947,1.0245614051818848,1.6429554224014282,3.690307855606079,5.511405944824219,1.6913671493530273,0.4387626349925995,3.5603463649749756,-0.4408232271671295,1.1001948118209839,0.16000835597515106,1.4474523067474365,-0.6808755993843079,0.5604116320610046,-2.7396292686462402,-0.12878145277500153,-2.0554280281066895,0.165653258562088,-2.9891202449798584,0.20358991622924805,-0.5666221380233765,-1.3534306287765503,-1.6894739866256714,-2.277561664581299,-2.584928512573242,-4.177863121032715,-8.499785423278809,-3.702113389968872
-1.263536810874939,4.671131610870361,-3.3403170108795166,4.933891296386719,2.120246410369873,0.10481725633144379,1.1632152795791626,1.854225993156433,2.7258241176605225,1.0750434398651123,2.7022907733917236,-1.5947428941726685,4.078348159790039,3.223928928375244,4.642686367034912,1.0147216320037842,2.2377588748931885,3.247614860534668,2.6177146434783936,2.952760934829712,3.596221923828125,1.4653903245925903,1.3931859731674194,1.7180733680725098,0.7968360781669617,-2.901691198348999,2.03776216506958,0.508306086063385,-1.098258376121521,-0.9008957743644714,-1.0528326034545898,-2.2028613090515137,-1.1651453971862793,-3.2406680583953857,-0.21408137679100037,-1.9433319568634033,-3.119640588760376,-4.664956569671631,-4.936531066894531,-2.8460843563079834,-7.053244590759277,-7.140292644500732,0.4211023449897766
-0.653739869594574,-1.7334574460983276,-5.182251453399658,7.0216898918151855,-0.9770938158035278,2.844325542449951,2.0230722427368164,2.214293956756592,1.4732528924942017,-1.548453688621521,4.354037761688232,-3.8388822078704834,2.012847423553467,3.935467004776001,3.9398930072784424,-0.19092997908592224,2.532855272293091,2.388888120651245,1.63435959815979,0.4238259196281433,3.8190717697143555,3.771716833114624,-1.4765124320983887,2.1773970127105713,0.7772970795631409,-4.791790008544922,2.245436668395996,-0.6075606942176819,-0.5962175726890564,-0.929749071598053,-1.6428402662277222,-2.241299629211426,-2.371058940887451,-2.416992664337158,-1.1937580108642578,-3.5307199954986572,-5.296501159667969,-6.234513759613037,-4.565154552459717,-5.725900173187256,-9.995478630065918,-6.040088176727295,1.8554683923721313
-3.680328845977783,-0.24900805950164795,-2.5607492923736572,1.2745163440704346,1.7008296251296997,4.097999095916748,2.962557554244995,1.2584216594696045,-0.2466852068901062,-2.4928202629089355,-1.4466726779937744,-0.7381319999694824,2.198645830154419,4.8600664138793945,1.1807630062103271,-0.6739688515663147,2.7094647884368896,0.14930196106433868,-1.3681936264038086,-1.3532507419586182,0.49784916639328003,3.186156749725342,1.9214890003204346,0.19170060753822327,-2.0274863243103027,2.0739736557006836,-2.833834648132324,-0.4994751811027527,-1.1833727359771729,-1.6651675701141357,-2.335834503173828,-2.7277488708496094,-2.888350009918213,-2.443269729614258,-2.357492685317993,-3.758777618408203,-4.673022270202637,-1.2172186374664307,0.06483274698257446,-8.734774589538574,-8.983790397644043,-4.577353000640869,2.2968101501464844
-1.4813189506530762,-0.6586393713951111,-0.7910352945327759,0.3753181993961334,3.737354278564453,3.0017707347869873,0.2517048418521881,-1.733973503112793,-1.8879995346069336,-2.7959234714508057,-3.0277581214904785,-0.556352436542511,2.4719667434692383,5.213747501373291,-7.251020431518555,2.962059259414673,-2.1290886402130127,-2.709911823272705,-0.4329133927822113,-2.042393445968628,1.5907572507858276,1.3650821447372437,1.172534704208374,0.5405634045600891,0.019431715831160545,-0.6536062955856323,-1.046960473060608,-1.3240243196487427,-1.8471577167510986,-2.2774412631988525,-2.812751531600952,-3.3738718032836914,-3.6080448627471924,-3.3067948818206787,-3.4905731678009033,-4.474878787994385,-3.062453508377075,2.103285074234009,-5.518185615539551,-9.796830177307129,-3.297933340072632,-2.095853328704834,1.8311564922332764
-0.8252530097961426,-1.8542234897613525,-0.2793579399585724,2.079188108444214,4.065680027008057,-2.2839698791503906,-4.210958957672119,-3.8194851875305176,-1.807525634765625,-4.395691394805908,-3.0059733390808105,-0.9142537117004395,-0.061815571039915085,0.8948913812637329,-0.936784029006958,-2.313490867614746,-1.390903115272522,0.8293683528900146,-1.5128302574157715,-0.7675451636314392,3.9497079849243164,-1.7908036708831787,0.7834555506706238,1.1723148822784424,-0.24063614010810852,-0.49808281660079956,-1.314765214920044,-2.1538515090942383,-2.619197130203247,-2.11177396774292,-3.1489553451538086,-4.652698516845703,-4.590930938720703,-3.49603271484375,-4.277897357940674,-4.832731246948242,-3.4563233852386475,-3.183037042617798,-7.085673809051514,-6.80933952331543,-0.6532175540924072,0.8398206830024719,0.3087884783744812
-2.236879587173462,-0.9198327660560608,1.7292115688323975,2.081088066101074,-0.04964659735560417,-3.3011858463287354,-1.9656007289886475,-4.960386276245117,-4.370419025421143,-2.2614009380340576,-4.623178005218506,-1.107310175895691,-0.04846228286623955,0.9629961848258972,-1.7342250347137451,-1.414867639541626,-0.48739421367645264,-1.1925852298736572,-1.5803494453430176,-0.9185250401496887,1.9993559122085571,1.080641269683838,-1.581700086593628,0.48986297845840454,-0.7613674998283386,-0.8983541131019592,-2.1415743827819824,-2.365788459777832,-3.4062817096710205,-2.876746654510498,-3.556969165802002,-2.1780753135681152,-6.90153694152832,-2.72715163230896,-7.615807056427002,-9.528825759887695,-8.333598136901855,-8.750171661376953,-6.785656929016113,-2.4522135257720947,-0.32499030232429504,-0.20781199634075165,-0.1478707641363144
-2.5905447006225586,-1.746716856956482,2.0165815353393555,-0.7804377675056458,-4.1486687660217285,-4.811110496520996,-3.8691091537475586,-2.2320809364318848,-2.7504100799560547,-1.9994089603424072,-3.7323310375213623,-3.0947458744049072,0.5611945390701294,0.39963382482528687,-0.5730100870132446,-0.18375948071479797,-1.6547952890396118,-1.309187650680542,-3.111725330352783,-0.8472931385040283,1.480953335762024,1.7299113273620605,-3.0416038036346436,-2.0391643047332764,-2.3582308292388916,-1.950563669204712,-2.852323055267334,-3.224315643310547,-4.1078290939331055,-4.343029499053955,-1.1078976392745972,-1.8227202892303467,-7.265941143035889,-3.929424524307251,-9.654643058776855,-5.805049896240234,-6.963759899139404,-8.86573600769043,-2.2898659706115723,0.31685754656791687,0.0648021548986435,-0.5778229236602783,0.5221536755561829
-3.3448398113250732,-3.1194679737091064,-3.5348880290985107,-5.154486179351807,-4.936448574066162,-5.638120174407959,-2.5089268684387207,1.642297625541687,-3.9889066219329834,-2.765815258026123,-2.2080273628234863,-5.901139259338379,0.4012705087661743,2.004509925842285,-1.3500548601150513,-0.6339555978775024,-2.5537219047546387,-2.5628769397735596,-2.08503794670105,-0.530503511428833,-0.3404576778411865,0.7040141820907593,-3.8821756839752197,-2.8204474449157715,-3.1731936931610107,-3.3224055767059326,-3.925156354904175,-3.9393341541290283,-3.1330301761627197,-3.3812172412872314,-4.3787689208984375,-5.525567054748535,-4.436074256896973,-4.92487907409668,-6.302766799926758,-4.264883518218994,-7.088239669799805,-7.154965877532959,-0.7254379391670227,0.25660964846611023,1.240055799484253,0.5149653553962708,-0.8711096048355103
