data/wind_data/wind_7_9.json
{"header": {"parameterUnit": "KT", "parameterCategory": 2, "nx": 256, "ny": 198, "lo1": 44.73521041870117, "la1": -3.236724853515625, "lo2": 111.26478576660156, "la2": 43.468475341796875, "dx": 0.2609002888202667, "dy": -0.23708222806453705, "refTime": "2025-02-19 07:00:00", "forecastTime": 0, "parameterNumber": 2, "parameterNumberName": "eastward_wind"}, "data":
[rows 152 to 170 of 198, columns 129 to 171 of 256]
-5.755484104156494,-7.443027973175049,-7.598083972930908,-6.652835369110107,-5.403059959411621,-5.375863552093506,-5.59430456161499,-5.7530341148376465,-6.371401309967041,-6.7661638259887695,-5.037717819213867,-2.389366388320923,-1.5100513696670532,-1.9807385206222534,-2.3217523097991943,-1.8542567491531372,-0.9649962186813354,-0.1197061687707901,0.4725450873374939,0.2845440208911896,-0.6393999457359314,-1.660813331604004,-2.310347080230713,-2.4574105739593506,-2.4454705715179443,-2.644425630569458,-2.6017329692840576,-1.895980954170227,-0.988358736038208,-0.4787173569202423,0.09324765205383301,0.7277319431304932,1.0966072082519531,1.389742374420166,2.0267486572265625,3.1357173919677734,4.069802761077881,3.8595292568206787,2.8758256435394287,2.8134467601776123,3.49664306640625,3.9915637969970703,4.0854339599609375
-4.326163291931152,-6.394333362579346,-7.625391006469727,-7.359686374664307,-7.226515769958496,-7.7241950035095215,-6.697656154632568,-6.0719804763793945,-7.205062389373779,-7.8984222412109375,-6.007199287414551,-2.8372576236724854,-1.7227100133895874,-1.4644172191619873,-0.8290324211120605,-0.3753827214241028,-0.4255480170249939,-0.2926740050315857,0.3366944193840027,0.8852011561393738,0.696969211101532,0.022748343646526337,-0.34299105405807495,-0.271722674369812,0.012644670903682709,0.30894792079925537,0.4120315611362457,0.5369187593460083,0.8697373270988464,1.3460540771484375,2.498361110687256,3.421041488647461,3.6999282836914062,3.8643763065338135,4.272695064544678,4.923954963684082,5.050827503204346,3.623685598373413,1.7107396125793457,1.3724161386489868,2.243194580078125,3.2000467777252197,3.6055545806884766
-2.4589805603027344,-5.230930328369141,-7.627811908721924,-8.998147010803223,-9.516358375549316,-8.675570487976074,-6.287272930145264,-5.259352684020996,-6.630005836486816,-7.856996536254883,-6.831056594848633,-4.098829746246338,-1.7176169157028198,0.04424452781677246,1.1147288084030151,1.0016045570373535,0.0033993422985076904,-0.58680659532547,0.3399977684020996,1.923783540725708,2.6391639709472656,2.128629684448242,1.5174381732940674,1.586206078529358,2.010451316833496,2.397127389907837,2.40883207321167,1.933832049369812,1.7528393268585205,2.4853098392486572,4.664799690246582,6.027839660644531,5.566301345825195,4.730320453643799,4.701285362243652,5.382808208465576,5.6266350746154785,4.123046875,1.7800780534744263,0.6728544235229492,0.8199079036712646,1.539823055267334,2.553131103515625
-1.3098406791687012,-3.6387808322906494,-5.733791351318359,-7.660831451416016,-8.796791076660156,-7.732032775878906,-5.161404132843018,-3.9301698207855225,-4.357537269592285,-5.154021263122559,-4.96059513092041,-3.613220691680908,-1.4331269264221191,0.739015519618988,1.795196771621704,1.413212776184082,0.14531250298023224,-0.6784673929214478,0.013856411911547184,1.8283871412277222,3.340806722640991,3.8120694160461426,3.568355083465576,3.3559296131134033,3.5559141635894775,3.869907855987549,3.922593355178833,3.4831902980804443,2.849212884902954,3.1186602115631104,5.263952732086182,7.392189025878906,7.63065767288208,6.3745503425598145,5.269616603851318,5.129065036773682,5.277666091918945,4.571709156036377,2.858660936355591,1.3088927268981934,0.29946067929267883,0.1519329696893692,1.4597891569137573
-0.24017252027988434,-1.6731318235397339,-2.936124801635742,-4.127230167388916,-5.163794994354248,-4.616618633270264,-3.320719003677368,-2.752902030944824,-2.5874359607696533,-2.1329007148742676,-1.2409590482711792,-0.455555260181427,0.22159917652606964,1.081834077835083,1.7124110460281372,1.4576956033706665,0.3279774785041809,-0.8465553522109985,-1.0063059329986572,0.05463617667555809,1.5249062776565552,2.4720723628997803,2.9491639137268066,3.529898166656494,4.402220726013184,5.0777812004089355,4.999032497406006,4.405555725097656,3.9258694648742676,4.153237819671631,5.638017177581787,7.613412380218506,8.740083694458008,8.332087516784668,6.988696098327637,5.775920391082764,5.189894676208496,4.818915367126465,3.884953737258911,2.710659980773926,1.3414252996444702,0.4526011645793915,1.248213768005371
1.2603784799575806,0.5218405723571777,-0.3453642427921295,-1.0113177299499512,-1.0863796472549438,-0.23594830930233002,-0.05451631546020508,-0.8907619714736938,-1.6623414754867554,-1.1706055402755737,0.4306981861591339,1.893083095550537,2.488915205001831,2.6426448822021484,2.719376802444458,2.1890406608581543,1.0071073770523071,-0.3579379916191101,-1.703985571861267,-2.2188096046447754,-1.7255239486694336,-1.2103979587554932,-0.644079864025116,0.8718400001525879,3.1036624908447266,4.845194339752197,5.291952133178711,4.815265655517578,4.571897983551025,5.066884994506836,6.1670074462890625,7.680777072906494,8.980681419372559,9.112351417541504,7.980443954467773,6.683771133422852,6.023201942443848,5.553492546081543,4.622685432434082,3.8421592712402344,3.0901551246643066,2.279942512512207,2.2195231914520264
3.4303109645843506,3.254978895187378,2.4258480072021484,1.8269110918045044,2.026890993118286,2.344576358795166,2.072150707244873,1.2778091430664062,0.3287152647972107,0.14808231592178345,1.2869253158569336,3.072829246520996,3.95992374420166,3.7480196952819824,3.358156204223633,2.6682779788970947,1.9278737306594849,0.9624782800674438,-0.8789322376251221,-2.6053647994995117,-3.244868516921997,-3.291660785675049,-3.125760555267334,-2.1331467628479004,-0.07823561877012253,2.2024519443511963,3.8424487113952637,4.624635696411133,5.175305366516113,6.033147811889648,6.745995998382568,7.483439922332764,8.449544906616211,8.908731460571289,8.340231895446777,7.378722667694092,6.661967754364014,5.871397495269775,5.068629264831543,4.772266864776611,4.525942802429199,4.077878952026367,3.8645153045654297
6.208153247833252,5.961505889892578,4.9308648109436035,4.382338523864746,4.253648281097412,3.774181842803955,3.3502228260040283,2.9269635677337646,2.260206460952759,1.8261338472366333,2.3833770751953125,3.8275790214538574,4.672002792358398,4.084129810333252,2.854285478591919,2.0002152919769287,2.3426711559295654,2.564213991165161,0.9533481597900391,-1.5260590314865112,-3.0010383129119873,-3.1849451065063477,-2.8556716442108154,-2.2468209266662598,-1.2461947202682495,0.022187011316418648,1.455169677734375,3.024653673171997,4.981472015380859,7.335620880126953,8.121294021606445,7.783123970031738,7.999890327453613,8.466999053955078,8.564698219299316,8.039878845214844,6.6758222579956055,5.460507392883301,5.222575664520264,5.766519069671631,5.939528465270996,5.370048999786377,5.136157512664795
8.34565544128418,7.83482027053833,6.763688564300537,6.145164489746094,5.6717963218688965,5.289504528045654,5.16084098815918,4.734129905700684,4.057302951812744,3.5819008350372314,3.715221405029297,4.3067851066589355,4.334900856018066,3.0429646968841553,1.2464219331741333,0.7475436925888062,2.283926486968994,3.4517886638641357,2.4763519763946533,-0.17515309154987335,-2.2998709678649902,-2.568554162979126,-1.6406331062316895,-0.5712032914161682,-0.012147241272032261,-0.04557177796959877,0.24285396933555603,1.5732327699661255,4.247997760772705,8.121989250183105,9.202532768249512,8.033306121826172,7.576725959777832,8.017475128173828,8.904189109802246,9.071969985961914,7.232182025909424,5.475714206695557,5.484368801116943,6.844115734100342,7.519913673400879,6.660232067108154,5.777538299560547
9.546928405761719,9.092568397521973,7.900320529937744,6.939415454864502,6.450848579406738,6.492204189300537,6.402778148651123,6.017733573913574,5.841351509094238,5.801827907562256,5.460504531860352,4.637350559234619,3.3823349475860596,1.6188724040985107,-0.16916120052337646,-0.19682319462299347,1.4207464456558228,2.6233584880828857,2.4488525390625,0.9704394340515137,-0.7060160040855408,-1.31019127368927,-0.6174923181533813,0.5062732696533203,0.9867660999298096,0.6123989820480347,0.35720229148864746,1.241949439048767,3.9540889263153076,8.051802635192871,9.002853393554688,7.615653991699219,6.954543113708496,7.456618785858154,9.128937721252441,10.198990821838379,8.710386276245117,6.735531330108643,6.518589496612549,8.067374229431152,9.022720336914062,8.265846252441406,6.886557102203369
10.328269004821777,10.036598205566406,8.80194091796875,7.133814334869385,6.123049259185791,6.218349933624268,6.67503547668457,7.0990705490112305,7.376991271972656,7.335648059844971,6.865082740783691,5.534063339233398,3.291774034500122,0.8314322233200073,-0.540563702583313,0.3301999270915985,1.5486472845077515,2.095060110092163,1.8603944778442383,1.0300648212432861,0.09943566471338272,-0.4646228551864624,-0.3113180994987488,0.2797328531742096,0.614155650138855,0.5142572522163391,0.6860925555229187,1.8558517694473267,4.594785690307617,8.037102699279785,8.691946983337402,7.787282943725586,7.257368564605713,7.620001316070557,9.480875968933105,11.103840827941895,10.148483276367188,8.066987991333008,7.613618850708008,9.374469757080078,10.658876419067383,10.17628002166748,8.714519500732422
10.650463104248047,10.326774597167969,8.488899230957031,6.596185684204102,6.336256504058838,6.736117362976074,6.7730631828308105,6.928009986877441,7.624338150024414,8.17302417755127,7.655848979949951,5.832925796508789,3.2253217697143555,1.1118807792663574,1.0699970722198486,2.29032826423645,2.5093729496002197,1.9625355005264282,1.4153685569763184,0.9675811529159546,0.5568361878395081,0.19215431809425354,-0.0685243085026741,-0.2282090187072754,-0.35398703813552856,-0.33641108870506287,0.4269777536392212,2.402243137359619,5.74736213684082,8.888660430908203,9.72083854675293,9.271646499633789,8.5871000289917,8.648202896118164,10.520618438720703,12.466928482055664,11.828580856323242,9.280465126037598,8.199048042297363,10.060473442077637,12.000232696533203,11.974225044250488,10.624566078186035
10.162691116333008,9.475114822387695,8.630895614624023,7.924543857574463,7.506357192993164,7.5007429122924805,7.389075756072998,7.098249912261963,7.168552875518799,7.259115695953369,6.46748161315918,4.857921600341797,3.056408166885376,1.9276986122131348,2.3616271018981934,3.068039894104004,2.9775497913360596,2.532381296157837,2.3106424808502197,2.185371160507202,1.8392072916030884,1.1412049531936646,0.2944699823856354,-0.30085545778274536,-0.5636036396026611,-0.7326090335845947,-0.22440019249916077,2.0358238220214844,5.945068359375,9.86491870880127,11.462244033813477,11.277094841003418,10.26204776763916,9.915959358215332,11.78060531616211,14.196233749389648,14.319108963012695,11.773996353149414,9.162947654724121,9.509093284606934,11.747892379760742,13.098958015441895,12.641942024230957
9.51038932800293,9.088095664978027,9.079537391662598,9.313685417175293,9.135714530944824,8.674510955810547,8.055266380310059,7.175390720367432,6.254094123840332,5.593664646148682,4.91669225692749,3.853956699371338,2.5034101009368896,1.8034913539886475,2.145984172821045,2.8325531482696533,3.3758504390716553,3.545541524887085,3.4874110221862793,3.1808624267578125,2.5102038383483887,1.6104397773742676,0.8972567915916443,0.7549956440925598,0.8447046279907227,0.589833676815033,0.45973995327949524,1.7688158750534058,5.268010139465332,9.874001502990723,12.413905143737793,12.644054412841797,11.692790985107422,11.257875442504883,12.84683609008789,15.225707054138184,16.02022361755371,14.58292007446289,11.473793029785156,9.30858325958252,10.127778053283691,12.359809875488281,13.402839660644531
9.718935012817383,9.533266067504883,9.471535682678223,9.904388427734375,10.333150863647461,10.100597381591797,9.349513053894043,8.0374174118042,6.342970848083496,5.1190056800842285,4.516041278839111,3.5552191734313965,2.2169201374053955,1.958962321281433,2.727994680404663,3.5663647651672363,3.9461240768432617,4.246092319488525,4.453346252441406,4.138622760772705,3.492177963256836,2.9776840209960938,2.814004898071289,2.820531129837036,2.7909507751464844,2.4976210594177246,2.296492576599121,3.026778221130371,5.621214389801025,9.628036499023438,12.170050621032715,12.657388687133789,12.2658052444458,12.382491111755371,13.909445762634277,15.869109153747559,16.772985458374023,16.149694442749023,13.869549751281738,10.72590446472168,9.215381622314453,10.200846672058105,11.83535099029541
10.476716995239258,10.431055068969727,10.59184741973877,11.096224784851074,11.402375221252441,11.090720176696777,10.602029800415039,10.005412101745605,8.962294578552246,7.335051536560059,5.577115535736084,3.981267213821411,3.208831310272217,3.803556203842163,4.630956649780273,4.460794925689697,3.9775495529174805,4.1521897315979,4.746267795562744,5.345091342926025,5.782470226287842,5.852428913116455,5.4145121574401855,4.666467189788818,4.073836803436279,3.8514840602874756,3.9903314113616943,4.973391532897949,7.371644496917725,10.478802680969238,12.200874328613281,12.309788703918457,12.036977767944336,12.647322654724121,14.494597434997559,16.2955322265625,17.062114715576172,16.72863006591797,15.300383567810059,12.8735990524292,10.226218223571777,8.964737892150879,9.585206985473633
12.206936836242676,11.9552640914917,12.195470809936523,12.763301849365234,13.013650894165039,12.619478225708008,12.153458595275879,11.968574523925781,11.395318984985352,9.777807235717773,7.775810718536377,6.527100086212158,6.472114086151123,6.776979446411133,6.1151533126831055,4.731586456298828,3.779984474182129,3.7322535514831543,4.679093837738037,6.34227991104126,7.837546348571777,8.129331588745117,7.082070350646973,5.738847732543945,5.1043477058410645,5.279253959655762,5.759088039398193,6.641999244689941,8.860211372375488,11.824864387512207,13.317489624023438,12.68026351928711,11.502470970153809,11.701408386230469,13.535887718200684,15.826745986938477,16.79054832458496,16.533878326416016,15.503682136535645,13.841935157775879,11.619828224182129,9.478307723999023,8.939993858337402
14.397923469543457,14.009350776672363,13.818120002746582,13.867372512817383,14.060534477233887,14.09352970123291,13.804645538330078,13.18087387084961,12.111906051635742,10.865787506103516,9.925999641418457,9.620748519897461,9.728375434875488,9.081942558288574,7.2018609046936035,4.9975385665893555,3.573310375213623,3.591245412826538,5.118594646453857,7.512844085693359,9.296101570129395,9.322653770446777,7.924370765686035,6.423267841339111,5.900506973266602,6.407034873962402,7.146319389343262,7.765363693237305,9.381484985351562,12.31047248840332,14.417439460754395,13.597126007080078,11.117226600646973,9.900371551513672,11.127747535705566,13.715226173400879,15.611607551574707,15.792030334472656,14.952013969421387,13.696141242980957,12.096664428710938,10.388410568237305,9.835350036621094
16.549484252929688,16.760936737060547,16.099851608276367,15.257661819458008,15.050938606262207,15.265615463256836,14.966716766357422,13.808510780334473,12.225931167602539,11.119668006896973,10.87345027923584,11.115473747253418,10.939549446105957,9.701031684875488,7.599687099456787,5.571305751800537,4.598881721496582,5.086294174194336,6.928208351135254,9.116117477416992,10.23852252960205,9.89306640625,8.535391807556152,7.090038299560547,6.507314682006836,7.011312007904053,7.853720664978027,8.295177459716797,9.145119667053223,11.351312637329102,13.767570495605469,13.919466972351074,11.354708671569824,8.6332426071167,8.499954223632812,10.686379432678223,13.16063117980957,14.3547945022583,14.175675392150879,13.280064582824707,11.911911964416504,10.633489608764648,10.853896141052246
