data/wind_data/wind_41_3.json
{"header": {"parameterUnit": "KT", "parameterCategory": 2, "nx": 256, "ny": 198, "lo1": 44.73521041870117, "la1": -3.236724853515625, "lo2": 111.26478576660156, "la2": 43.468475341796875, "dx": 0.2609002888202667, "dy": -0.23708222806453705, "refTime": "2025-02-20 17:00:00", "forecastTime": 0, "parameterNumber": 2, "parameterNumberName": "eastward_wind"}, "data":
[rows 171 to 189 of 198, columns 0 to 43 of 256]
6.041268348693848,6.37390661239624,4.770155906677246,6.434856414794922,7.485213756561279,7.839265823364258,7.729964256286621,11.823012351989746,18.072946548461914,20.99266815185547,20.684144973754883,21.060077667236328,19.895795822143555,11.844228744506836,6.998497486114502,11.655328750610352,8.23289680480957,6.02911376953125,9.925089836120605,10.252628326416016,6.282795429229736,2.90267276763916,1.277556300163269,1.6451998949050903,1.2552158832550049,1.0248558521270752,1.2336572408676147,1.2259396314620972,0.7617704272270203,0.9128540754318237,1.6006643772125244,2.2593727111816406,2.4201323986053467,2.458665132522583,2.41772198677063,1.9292089939117432,1.299716591835022,1.1801575422286987,1.3931406736373901,1.9986408948898315,2.8886215686798096,3.478252410888672,4.046173572540283,4.903566360473633
5.785976409912109,5.289057731628418,2.443816661834717,5.03560209274292,8.76039981842041,11.629830360412598,11.028576850891113,10.4273042678833,14.75668716430664,16.70891761779785,18.022258758544922,17.608234405517578,18.673381805419922,16.670799255371094,12.239738464355469,11.221977233886719,7.140284061431885,7.3329691886901855,12.399580955505371,11.924593925476074,7.591554164886475,4.126955509185791,2.5719048976898193,2.8520426750183105,2.579474449157715,2.1068673133850098,2.017347812652588,1.978617548942566,1.6992331743240356,1.4448566436767578,1.795569658279419,2.4011404514312744,2.625598907470703,2.711843490600586,2.906601905822754,2.8993759155273438,2.673614025115967,2.3732595443725586,1.6078217029571533,1.5555782318115234,2.9071404933929443,4.248242378234863,4.9757208824157715,5.384888172149658
9.199850082397461,5.958868503570557,2.5735485553741455,5.758252143859863,9.76819896697998,11.503619194030762,9.732054710388184,10.090335845947266,16.002275466918945,19.09017562866211,19.11990737915039,16.927345275878906,15.843311309814453,18.021425247192383,15.667616844177246,12.418107986450195,6.301987648010254,9.620112419128418,13.906925201416016,12.326355934143066,8.562520027160645,5.919928073883057,4.324267864227295,4.104866981506348,3.7342543601989746,3.1045007705688477,2.9331367015838623,2.919745922088623,2.747144937515259,2.563225507736206,2.654154062271118,3.197195529937744,3.632949113845825,3.789161443710327,3.950918436050415,3.932499647140503,3.762535810470581,2.994182586669922,1.2897212505340576,0.5014068484306335,1.6508187055587769,3.599876642227173,4.45812463760376,3.6294634342193604
10.60046100616455,6.98214864730835,3.205169677734375,5.8588361740112305,9.640644073486328,10.746285438537598,9.458903312683105,8.399380683898926,12.518610954284668,17.074146270751953,18.895008087158203,18.611345291137695,19.290376663208008,16.89330291748047,18.33610725402832,10.85033893585205,6.163329124450684,10.621651649475098,13.034997940063477,11.800386428833008,8.811511993408203,7.151084899902344,6.139373779296875,5.449500560760498,4.907971382141113,4.162517070770264,3.8180534839630127,3.981882333755493,4.15181827545166,4.277151584625244,4.443130016326904,4.885401248931885,5.110960483551025,5.011040687561035,4.823011875152588,4.418383598327637,3.759613275527954,2.6908257007598877,1.126401424407959,0.34698420763015747,1.0913076400756836,2.6187331676483154,2.9500083923339844,2.6517372131347656
6.2712860107421875,4.842600345611572,1.2848273515701294,3.6732311248779297,10.47907543182373,14.97647762298584,13.854500770568848,7.889971733093262,6.927534580230713,10.204662322998047,13.13837718963623,13.459412574768066,15.810267448425293,17.385150909423828,15.22097110748291,8.793869018554688,8.569427490234375,10.107542037963867,11.063003540039062,11.622925758361816,9.016297340393066,6.734538555145264,6.664889812469482,6.686524868011475,6.2290167808532715,5.557134628295898,4.959620952606201,4.894936561584473,5.301370143890381,5.6666789054870605,6.071640491485596,6.590527057647705,6.706052303314209,6.275100231170654,5.571295738220215,4.769202709197998,3.982729434967041,3.246528148651123,2.5887234210968018,2.360163450241089,2.882279396057129,4.244449138641357,5.386778354644775,6.000321388244629
2.51375150680542,3.1633951663970947,0.9476384520530701,5.496860027313232,14.636212348937988,17.786935806274414,17.07464599609375,9.173206329345703,5.850977420806885,6.971415042877197,7.449178218841553,7.201303958892822,11.141231536865234,15.363968849182129,12.431599617004395,9.436594009399414,10.133892059326172,8.801466941833496,9.049286842346191,10.512165069580078,9.409892082214355,6.495718479156494,5.899136543273926,7.042907238006592,7.494877338409424,7.13597297668457,6.574222087860107,6.405307292938232,6.51023006439209,6.82465934753418,7.42573881149292,8.02038860321045,8.214420318603516,7.837811470031738,7.07029914855957,6.28773307800293,6.034656524658203,6.0338945388793945,5.930700778961182,5.926384925842285,6.8186540603637695,8.294806480407715,9.6143217086792,10.24053955078125
1.2553021907806396,2.0485243797302246,2.12890887260437,7.715407848358154,17.377717971801758,17.582645416259766,18.390817642211914,13.014376640319824,9.838956832885742,9.233940124511719,6.358393669128418,3.6584997177124023,7.55799674987793,11.371870040893555,10.676040649414062,10.661340713500977,10.542957305908203,8.521976470947266,8.068578720092773,8.598670959472656,8.458993911743164,7.550931453704834,6.632598876953125,7.354032039642334,8.678906440734863,8.863587379455566,8.383607864379883,8.25068473815918,8.32457447052002,8.549213409423828,9.14317798614502,9.828577995300293,10.029574394226074,9.883011817932129,9.27613353729248,8.938116073608398,8.784377098083496,8.060408592224121,7.554864406585693,8.74774169921875,10.44974422454834,11.425374984741211,12.231152534484863,12.72192096710205
0.4153977930545807,4.337245941162109,4.107792854309082,8.77540111541748,18.566242218017578,20.402019500732422,20.076553344726562,17.6489200592041,13.420961380004883,8.259843826293945,1.9153178930282593,-0.12193020433187485,3.520181179046631,6.628984451293945,8.05971622467041,9.958403587341309,10.375142097473145,9.370241165161133,8.811470031738281,8.34160041809082,8.056958198547363,8.27222728729248,8.929640769958496,9.250204086303711,9.959946632385254,10.717009544372559,10.535659790039062,10.152007102966309,10.110052108764648,10.459202766418457,11.043492317199707,11.721327781677246,11.885677337646484,11.621735572814941,11.066439628601074,10.923758506774902,10.609637260437012,9.702900886535645,8.917983055114746,10.706899642944336,12.553088188171387,13.375569343566895,13.477804183959961,13.24481201171875
-1.335601806640625,6.119673252105713,9.886937141418457,12.299198150634766,19.8167781829834,22.258071899414062,21.0250186920166,15.4478120803833,9.174962043762207,2.4630818367004395,-2.3841114044189453,-2.739356756210327,0.7326282858848572,3.69633150100708,5.763901710510254,7.925673961639404,10.074064254760742,10.652716636657715,10.161237716674805,9.729461669921875,9.20569896697998,9.376570701599121,10.565240859985352,11.521859169006348,11.368549346923828,11.863042831420898,12.509254455566406,12.539534568786621,12.244345664978027,12.264859199523926,12.450827598571777,12.713900566101074,12.874404907226562,12.682110786437988,12.460508346557617,12.34217357635498,12.04145336151123,11.683449745178223,12.190240859985352,13.817268371582031,14.715076446533203,14.451865196228027,13.602843284606934,12.911032676696777
-0.07752951234579086,9.677935600280762,13.037945747375488,12.349087715148926,14.56803035736084,16.877222061157227,19.653663635253906,17.601600646972656,6.780190467834473,-2.2792155742645264,-3.941537380218506,-3.4755473136901855,-0.42932793498039246,2.280118465423584,4.09521484375,5.5460968017578125,9.690356254577637,11.498870849609375,11.4065580368042,11.461774826049805,11.098817825317383,10.872605323791504,11.282402992248535,12.621672630310059,12.6818208694458,12.322458267211914,13.15344524383545,14.405105590820312,14.908782005310059,14.509495735168457,13.938060760498047,13.611668586730957,13.800527572631836,13.916778564453125,13.973760604858398,14.100872039794922,14.083510398864746,14.105815887451172,14.89673137664795,15.765485763549805,15.738123893737793,14.807404518127441,13.53859806060791,12.539240837097168
5.031946659088135,9.464783668518066,10.46618938446045,8.753169059753418,10.478402137756348,14.51815414428711,20.503522872924805,15.192008972167969,1.7392381429672241,-5.827947616577148,-4.582676410675049,-3.876216173171997,-1.970795750617981,1.4274027347564697,4.3800787925720215,6.5580668449401855,10.157000541687012,11.614587783813477,11.198323249816895,11.73900032043457,11.885189056396484,11.853860855102539,11.682782173156738,13.026382446289062,13.775407791137695,12.882246017456055,12.723904609680176,14.171722412109375,15.730904579162598,16.12837791442871,15.80516242980957,15.184206008911133,15.06564712524414,15.158668518066406,15.304356575012207,15.62348747253418,15.799617767333984,15.868200302124023,16.08791732788086,16.045888900756836,15.476479530334473,14.262504577636719,12.953566551208496,11.949149131774902
7.203110218048096,6.904735088348389,6.805612564086914,4.615994930267334,0.7440418004989624,3.133104085922241,5.87009859085083,5.262137413024902,-0.529839038848877,-5.6612372398376465,-4.327650547027588,-3.741241455078125,-1.67396080493927,1.630216121673584,4.209629535675049,8.872751235961914,12.42337703704834,11.309024810791016,11.624333381652832,11.682132720947266,11.196866035461426,11.107933044433594,11.289340019226074,12.879788398742676,14.198636054992676,13.670576095581055,12.675203323364258,12.628907203674316,13.872180938720703,15.322061538696289,15.993850708007812,15.54692554473877,15.056147575378418,14.920141220092773,15.100508689880371,15.533979415893555,15.847891807556152,16.150056838989258,16.417333602905273,15.872139930725098,14.621360778808594,13.313584327697754,12.155672073364258,11.089675903320312
5.4225382804870605,4.341200351715088,1.9872936010360718,-1.4714372158050537,-5.620367050170898,-2.452589511871338,-2.3729000091552734,-2.4291882514953613,-2.0939712524414062,-3.900158405303955,-2.656853437423706,-1.9212563037872314,-1.513649582862854,2.833686113357544,10.142356872558594,14.52080249786377,14.91662883758545,13.485960006713867,10.023581504821777,8.670345306396484,9.914737701416016,11.008126258850098,11.33432388305664,12.312722206115723,13.7162446975708,14.05985164642334,13.242386817932129,11.938202857971191,11.71725845336914,12.93430233001709,13.982195854187012,13.933552742004395,13.67738151550293,13.721131324768066,14.162542343139648,14.839524269104004,15.353931427001953,15.941908836364746,15.990938186645508,14.980475425720215,13.644881248474121,12.138151168823242,10.76511287689209,9.694132804870605
0.5630447268486023,-1.2646173238754272,-1.0385936498641968,-1.0611687898635864,-2.1487553119659424,-1.6827517747879028,-4.358870983123779,-5.491645336151123,-3.587186336517334,-2.5675578117370605,-0.5176709890365601,1.4787648916244507,6.6623215675354,13.585174560546875,16.836217880249023,17.626720428466797,15.729996681213379,10.36227035522461,6.908300399780273,5.904790878295898,8.364690780639648,11.040431022644043,11.878926277160645,12.163180351257324,12.71638298034668,13.27733039855957,13.228562355041504,12.296292304992676,11.258566856384277,11.290277481079102,11.941757202148438,12.306815147399902,12.600383758544922,12.975805282592773,13.721923828125,14.633357048034668,15.212318420410156,15.40403938293457,15.062002182006836,14.226625442504883,12.923657417297363,11.064443588256836,9.49886417388916,8.379254341125488
-3.411980390548706,-0.3637886941432953,1.384177803993225,2.250094413757324,-0.28739216923713684,-3.543612241744995,-4.742189407348633,-5.285824775695801,-3.7673449516296387,-1.8808473348617554,4.0061421394348145,12.604351043701172,18.561649322509766,19.129905700683594,21.037860870361328,15.993803977966309,11.688810348510742,9.43661117553711,6.673155784606934,5.010607719421387,6.780665874481201,10.041022300720215,11.67578125,11.999894142150879,11.772965431213379,11.918495178222656,12.27990436553955,12.235261917114258,11.663880348205566,11.295028686523438,11.505077362060547,12.179861068725586,12.917827606201172,13.453627586364746,14.414214134216309,15.25242805480957,15.295330047607422,14.882908821105957,14.657737731933594,14.225210189819336,13.037531852722168,11.090383529663086,9.15091323852539,7.91801118850708
-3.4786489009857178,-0.35109418630599976,-0.030979201197624207,0.6186367273330688,0.22087690234184265,-4.642077445983887,-6.683488368988037,-5.780020713806152,-5.048698902130127,0.8896333575248718,13.442671775817871,21.436901092529297,23.77531623840332,21.03862762451172,15.388708114624023,12.252239227294922,11.083107948303223,9.883033752441406,8.560038566589355,6.639298439025879,6.768613815307617,8.732419967651367,10.514724731445312,11.000154495239258,11.033863067626953,11.041495323181152,11.2107572555542,11.234664916992188,11.27896785736084,11.400679588317871,11.946816444396973,13.03001594543457,13.988603591918945,14.558815956115723,15.59162425994873,15.946003913879395,15.364931106567383,14.866787910461426,14.80713176727295,14.320244789123535,13.015728950500488,11.33814811706543,9.47743034362793,8.072576522827148
-3.677955150604248,-4.617659568786621,-5.06482458114624,-3.33617901802063,-3.2969560623168945,-7.214454174041748,-7.5242600440979,-5.823066711425781,-2.3443491458892822,9.407193183898926,20.87889289855957,23.612930297851562,20.893178939819336,15.864863395690918,11.267447471618652,10.051642417907715,9.059617042541504,8.321054458618164,8.577313423156738,7.985301971435547,7.899877548217773,8.8218994140625,9.828897476196289,10.079666137695312,10.46042537689209,10.811237335205078,10.878650665283203,10.498180389404297,10.530059814453125,11.065610885620117,12.092917442321777,13.341809272766113,14.086287498474121,14.8584623336792,15.903705596923828,15.8251371383667,15.101096153259277,14.48190689086914,14.347350120544434,13.841879844665527,12.375090599060059,10.687878608703613,8.8831205368042,7.456382751464844
-7.240567207336426,-9.881098747253418,-9.674491882324219,-7.335441589355469,-4.416152000427246,-5.995638847351074,-7.868776321411133,-1.3485583066940308,10.216575622558594,20.779321670532227,24.614879608154297,24.367645263671875,21.472688674926758,12.590876579284668,7.8462090492248535,6.508607387542725,5.682900428771973,5.992537021636963,7.278139114379883,8.304224967956543,8.936137199401855,9.340599060058594,9.433382987976074,9.121003150939941,9.250938415527344,9.786405563354492,9.95798110961914,9.593050003051758,9.439961433410645,9.91408634185791,11.060382843017578,12.213549613952637,12.608199119567871,13.711613655090332,14.766992568969727,14.792582511901855,14.066475868225098,13.415475845336914,12.992185592651367,11.875090599060059,10.227530479431152,8.592185020446777,7.059961795806885,5.99191427230835
-10.07020092010498,-13.976930618286133,-11.838168144226074,-10.264643669128418,-5.406805992126465,-6.233403205871582,0.4094710350036621,12.893937110900879,22.86211395263672,26.96430206298828,27.045352935791016,24.805700302124023,17.324050903320312,8.893241882324219,6.492865085601807,5.644569396972656,6.406086444854736,6.7847981452941895,6.879062175750732,7.67471981048584,8.874186515808105,9.744486808776855,9.652433395385742,8.5741605758667,7.856545925140381,8.267145156860352,8.669507026672363,8.615167617797852,8.421096801757812,8.578776359558105,9.708599090576172,11.034892082214355,11.571188926696777,12.696723937988281,13.545331001281738,13.512027740478516,12.489770889282227,11.386866569519043,9.803071975708008,8.603941917419434,7.193481922149658,5.76355504989624,4.7365336418151855,4.1090826988220215
