data/wind_data/wind_3_9.json
{"header": {"parameterUnit": "KT", "parameterCategory": 2, "nx": 256, "ny": 198, "lo1": 44.73521041870117, "la1": -3.236724853515625, "lo2": 111.26478576660156, "la2": 43.468475341796875, "dx": 0.2609002888202667, "dy": -0.23708222806453705, "refTime": "2025-02-19 03:00:00", "forecastTime": 0, "parameterNumber": 2, "parameterNumberName": "eastward_wind"}, "data":
[rows 76 to 94 of 198, columns 88 to 131 of 256]
8.136466026306152,7.25542688369751,6.505447864532471,6.213311672210693,6.0533294677734375,5.48765230178833,4.863331317901611,4.928920269012451,5.52781867980957,5.862462997436523,5.781870365142822,5.616769313812256,5.494073390960693,5.163261413574219,4.500131130218506,3.9629244804382324,3.7404019832611084,2.8089632987976074,1.088338851928711,0.19994951784610748,0.19664254784584045,0.47280383110046387,1.1605889797210693,1.5079032182693481,0.9406123161315918,0.5074930787086487,0.737312376499176,1.0466980934143066,0.9011342525482178,0.4839853346347809,0.42053496837615967,-0.14804832637310028,-0.6983393430709839,-0.34943172335624695,-0.05826473981142044,-0.38394373655319214,-0.9048920273780823,-2.0303256511688232,-3.7414286136627197,-4.85908842086792,-5.344345569610596,-5.388078689575195,-4.761317253112793,-4.164736747741699
9.98530101776123,9.124323844909668,8.017926216125488,6.810454368591309,5.799286842346191,5.0416789054870605,4.607223033905029,4.562972068786621,4.606278419494629,4.539239883422852,4.325754642486572,4.188365459442139,4.308244228363037,4.5101213455200195,4.295681476593018,3.991895914077759,4.172699928283691,4.085886478424072,2.9842801094055176,1.7564759254455566,1.0637544393539429,1.0373154878616333,1.819126009941101,2.2437264919281006,1.573868751525879,0.7175979614257812,0.7093368768692017,1.4875333309173584,2.137286424636841,1.4101279973983765,0.4488121271133423,-0.25924667716026306,-1.3275960683822632,-1.479419469833374,-0.8653199076652527,-0.4121304750442505,-0.4452090561389923,-1.6403306722640991,-3.8621537685394287,-5.466662406921387,-5.58932638168335,-4.753961563110352,-3.6515610218048096,-3.300248622894287
11.2802152633667,10.676532745361328,9.23595905303955,7.541592121124268,6.228744029998779,5.142627716064453,4.313560485839844,4.1767964363098145,4.092496871948242,3.6241142749786377,3.4325480461120605,3.751638412475586,4.170012950897217,4.421058654785156,4.468853950500488,4.4962544441223145,4.745855808258057,5.0512542724609375,4.943073749542236,4.446700572967529,3.5287396907806396,2.4079153537750244,2.113010883331299,2.5351481437683105,2.457136631011963,1.6890450716018677,1.2468503713607788,2.0087833404541016,3.2240562438964844,2.7201828956604004,0.7289676070213318,-0.5017755031585693,-1.5957990884780884,-2.5593717098236084,-2.3639798164367676,-1.2183784246444702,-0.5234752297401428,-1.1792809963226318,-3.1069676876068115,-4.759657859802246,-5.18403434753418,-4.627895832061768,-3.5987346172332764,-3.0309064388275146
10.479833602905273,10.878539085388184,10.117918014526367,8.326591491699219,6.902771949768066,6.107100963592529,5.164283752441406,4.4552083015441895,4.260838985443115,4.039857864379883,3.9281065464019775,4.1241230964660645,4.539963245391846,4.806238174438477,5.039604187011719,5.347525596618652,5.460958480834961,5.39948844909668,5.490123748779297,5.578062534332275,5.0917558670043945,4.035519123077393,3.0860884189605713,2.9751715660095215,3.4922969341278076,3.3866450786590576,2.67240309715271,2.545990467071533,3.0374367237091064,2.9009015560150146,1.2302082777023315,-0.5825599431991577,-1.4944543838500977,-2.2839040756225586,-2.8343136310577393,-2.339475631713867,-1.6931825876235962,-1.783797025680542,-2.7455496788024902,-3.7645323276519775,-4.359643459320068,-4.384654998779297,-3.7369301319122314,-3.00466251373291
8.72339153289795,9.531366348266602,9.684727668762207,8.877248764038086,7.981260776519775,7.305774211883545,6.268944263458252,5.077303409576416,4.663592338562012,4.85945463180542,4.832025051116943,4.624665260314941,4.554207801818848,4.786930084228516,5.318994045257568,5.974979877471924,6.245309829711914,5.840238571166992,5.403337478637695,5.084873676300049,4.423574924468994,3.8935458660125732,3.818561553955078,4.04026985168457,4.647714614868164,5.159958362579346,4.805879592895508,3.593752861022949,2.5513765811920166,2.1055188179016113,1.272663950920105,-0.24058662354946136,-1.319311499595642,-1.9224696159362793,-2.4070827960968018,-2.4622247219085693,-2.4312517642974854,-2.720430612564087,-3.327789545059204,-3.8712432384490967,-4.235122203826904,-4.347476005554199,-3.908936023712158,-3.2844314575195312
8.026083946228027,8.303548812866211,8.308144569396973,8.204915046691895,8.300021171569824,8.249700546264648,7.475860595703125,6.246120452880859,5.473761081695557,5.34166145324707,5.092368125915527,4.581270217895508,4.164693832397461,4.268218994140625,4.924361705780029,5.935064792633057,6.778630256652832,6.693951606750488,5.9289374351501465,4.842109680175781,3.4630491733551025,2.8777146339416504,3.65867018699646,4.652554512023926,5.113809585571289,5.625082492828369,5.933414936065674,5.0495285987854,3.2326645851135254,1.789504051208496,0.9476515650749207,0.14885492622852325,-0.5464062690734863,-1.2921305894851685,-1.9200183153152466,-2.2270309925079346,-2.4745569229125977,-2.9190824031829834,-3.6182057857513428,-4.2507219314575195,-4.569845199584961,-4.688225269317627,-4.557433128356934,-4.266997337341309
8.068163871765137,7.797840118408203,7.472551345825195,7.545166969299316,8.08156967163086,8.64735221862793,8.525050163269043,7.610445499420166,6.475208282470703,5.61879301071167,5.026878356933594,4.547031879425049,4.085758686065674,3.9213175773620605,4.392974853515625,5.474917888641357,6.77557897567749,7.248147487640381,6.522632122039795,5.3211188316345215,3.885650873184204,2.790233612060547,3.215813159942627,4.441323757171631,4.87175178527832,4.892092227935791,5.380629539489746,5.530043125152588,4.401748180389404,2.4628102779388428,0.9105029702186584,0.44587036967277527,0.6070389747619629,0.44238921999931335,-0.22582975029945374,-1.2017426490783691,-2.348188877105713,-3.1168975830078125,-3.42021107673645,-3.6741654872894287,-4.000705242156982,-4.562778472900391,-5.263859748840332,-5.702935218811035
8.24017333984375,7.756304740905762,7.31958532333374,7.4001288414001465,8.028018951416016,8.751389503479004,8.988534927368164,8.438089370727539,7.242628574371338,5.911825656890869,4.884005546569824,4.2834391593933105,4.023252487182617,4.027266979217529,4.423737049102783,5.346211910247803,6.586616039276123,7.27419900894165,6.591958999633789,5.236548900604248,4.1472697257995605,3.4488067626953125,3.4771249294281006,4.223830699920654,4.712344646453857,4.412872314453125,4.4945573806762695,5.130501747131348,5.2472076416015625,4.051532745361328,2.0893335342407227,1.2097338438034058,1.7257722616195679,2.2468533515930176,2.0427920818328857,0.8052465319633484,-1.2851216793060303,-2.8630173206329346,-3.0471365451812744,-2.7659382820129395,-2.847632646560669,-3.5112242698669434,-4.802923202514648,-6.196840763092041
8.459341049194336,8.250608444213867,8.054190635681152,8.112076759338379,8.447235107421875,8.867218971252441,9.231554985046387,9.246313095092773,8.469508171081543,7.028512001037598,5.554125785827637,4.452827453613281,3.7773592472076416,3.507016658782959,3.832062244415283,4.928873062133789,6.220040798187256,6.762604713439941,6.001596450805664,4.624087333679199,3.793323516845703,3.503253936767578,3.514714479446411,4.032523155212402,4.666794776916504,4.679862022399902,4.622117519378662,5.056642532348633,5.561575889587402,5.349813938140869,4.206270217895508,3.186833620071411,3.0413458347320557,3.1780731678009033,3.198819875717163,2.525134563446045,0.7097854614257812,-1.238376498222351,-2.00578236579895,-1.832798957824707,-1.5296220779418945,-1.6747291088104248,-2.98298978805542,-5.242894649505615
8.964211463928223,8.72059154510498,8.645596504211426,8.589241027832031,8.736751556396484,9.118756294250488,9.560820579528809,9.81889820098877,9.561326026916504,8.422513008117676,6.890512466430664,5.525480270385742,4.278655529022217,3.4629247188568115,3.5620663166046143,4.4760332107543945,5.499758720397949,5.784475326538086,5.026762962341309,3.8669419288635254,3.312340259552002,3.257432222366333,3.295741081237793,3.8127641677856445,4.827370643615723,5.431530952453613,5.327366352081299,5.173820495605469,5.21312952041626,5.135530948638916,5.005739212036133,5.129352569580078,5.253334045410156,4.692148208618164,3.9073538780212402,3.639495611190796,3.038870096206665,1.5874189138412476,0.10205669701099396,-0.47572362422943115,-0.2508765757083893,-0.07995101064443588,-0.9966553449630737,-3.162733554840088
9.982654571533203,9.792573928833008,9.346932411193848,8.776055335998535,8.712145805358887,9.22127914428711,9.75925350189209,10.084908485412598,10.086004257202148,9.304842948913574,7.860105991363525,6.209322452545166,4.7666473388671875,4.16734504699707,4.246565341949463,4.392440319061279,4.77901554107666,5.069469451904297,4.4689555168151855,3.2760426998138428,2.62210750579834,2.565016031265259,2.733931541442871,3.397221803665161,4.9235029220581055,6.525080680847168,6.825180530548096,5.915173530578613,4.862930774688721,4.1678385734558105,4.413111209869385,5.655219078063965,6.870028495788574,6.779977798461914,5.61860466003418,5.076808929443359,5.092510223388672,4.358641147613525,2.786001682281494,1.4853426218032837,1.0544596910476685,0.8717171549797058,0.0796138271689415,-1.3437139987945557
10.563029289245605,10.731162071228027,10.337666511535645,9.319045066833496,8.650209426879883,8.819835662841797,9.239655494689941,9.596214294433594,9.837565422058105,9.473786354064941,8.153141975402832,6.335102558135986,4.9391584396362305,4.525827884674072,4.587076663970947,4.335267543792725,4.048222541809082,4.201781272888184,4.274815559387207,3.7575409412384033,2.896411657333374,2.280153274536133,2.2151386737823486,2.722921133041382,4.218508243560791,6.502896308898926,8.053647994995117,7.628609657287598,5.817370414733887,4.374982833862305,4.594039440155029,6.0703816413879395,7.4728779792785645,7.925767421722412,7.0878095626831055,6.048829078674316,6.005683422088623,6.081843376159668,5.47710657119751,4.238941192626953,3.0299203395843506,2.04841947555542,0.9090298414230347,-0.4261653423309326
10.745583534240723,10.564062118530273,10.50951862335205,9.833709716796875,8.718432426452637,7.947200775146484,7.801084995269775,8.304553031921387,9.276833534240723,9.660908699035645,8.433804512023926,6.2220988273620605,4.574652671813965,4.142821788787842,4.401668548583984,4.2688164710998535,3.52280592918396,2.998936414718628,3.335721731185913,4.056946754455566,4.046204090118408,3.225855588912964,2.540318012237549,2.5741171836853027,3.6042912006378174,5.636800289154053,7.66270112991333,8.24184799194336,7.037166595458984,5.751236915588379,6.1089768409729,7.4857401847839355,8.19909954071045,7.955430030822754,7.186474800109863,6.111239433288574,5.747067928314209,6.190602779388428,6.459149360656738,5.994818687438965,5.002408027648926,3.7622697353363037,2.3609673976898193,1.0472639799118042
12.111398696899414,10.703202247619629,10.011476516723633,9.543963432312012,8.683866500854492,7.772200584411621,7.224799156188965,7.367245674133301,8.30028247833252,9.111522674560547,8.47154712677002,6.420237064361572,4.272696495056152,3.305889129638672,3.605146646499634,3.9144182205200195,3.2434945106506348,2.1336541175842285,1.89592444896698,2.8724148273468018,3.974761486053467,4.148111343383789,3.657456159591675,3.471174478530884,4.087833404541016,5.253978729248047,6.555093288421631,7.370684623718262,7.202424049377441,6.810352325439453,7.3921685218811035,8.650171279907227,9.14874267578125,8.349784851074219,7.049765586853027,5.886009216308594,5.383826732635498,5.725529670715332,6.0427374839782715,5.812819480895996,5.136701583862305,4.475955963134766,3.9628326892852783,3.051319122314453
14.858859062194824,12.584568977355957,10.518207550048828,9.184144020080566,8.287328720092773,7.64369535446167,7.361326694488525,7.4889445304870605,7.828764915466309,7.891313552856445,7.211917877197266,5.890985012054443,4.340391159057617,3.3094406127929688,3.2497565746307373,3.2858622074127197,2.3873231410980225,1.128026008605957,0.7534254789352417,1.4904825687408447,2.8672399520874023,4.036762714385986,4.574093818664551,4.984432220458984,5.71479606628418,6.24856424331665,6.253810405731201,6.244925498962402,6.5582780838012695,7.090375900268555,7.892431735992432,8.87484359741211,9.532773971557617,8.980682373046875,7.281321048736572,5.591832637786865,4.995633602142334,5.461656093597412,5.794183731079102,5.309709548950195,4.474179744720459,4.258998394012451,4.680353164672852,4.422828197479248
17.05413055419922,15.264458656311035,12.75625228881836,10.364239692687988,8.726101875305176,7.907465934753418,7.7339067459106445,7.8709397315979,7.706341743469238,6.856349945068359,5.699504852294922,4.819695949554443,4.22212028503418,3.798588275909424,3.589176893234253,2.9907138347625732,1.6098600625991821,0.2979753017425537,0.14843058586120605,0.9586194753646851,2.1154654026031494,3.405818223953247,4.592090129852295,5.783774375915527,7.0297465324401855,7.4591851234436035,6.715198516845703,5.891387462615967,6.1299967765808105,7.228198051452637,8.304677963256836,8.963019371032715,9.336935043334961,9.006841659545898,7.502408027648926,5.7851104736328125,5.212560176849365,5.5883636474609375,5.761005878448486,5.208604335784912,4.345078468322754,3.9095041751861572,4.108701229095459,4.146397113800049
17.43599510192871,16.564743041992188,15.157811164855957,12.887470245361328,10.538812637329102,9.230031967163086,8.920441627502441,8.556615829467773,7.5400590896606445,6.256795883178711,5.166330337524414,4.231083393096924,3.5330047607421875,3.285052537918091,3.354139804840088,3.0673768520355225,2.143000841140747,1.0068970918655396,0.45801180601119995,0.9004753828048706,1.8448890447616577,2.9423866271972656,4.134867191314697,5.44334077835083,6.895650386810303,7.69699764251709,7.286670207977295,6.423755645751953,6.2521562576293945,7.153782844543457,8.43646240234375,9.177155494689941,9.224067687988281,8.64413833618164,7.583509922027588,6.7740678787231445,6.554990768432617,6.457536220550537,6.005128383636475,5.168901443481445,4.229563236236572,3.413839101791382,2.6969923973083496,2.120455503463745
17.904626846313477,16.921310424804688,16.174863815307617,14.889287948608398,12.84049129486084,11.10630989074707,10.326946258544922,9.60403823852539,8.145671844482422,6.5413618087768555,5.392185211181641,4.295160293579102,3.170621633529663,2.6032376289367676,2.692466974258423,2.8412787914276123,2.661146640777588,2.157667398452759,1.5200077295303345,1.2850440740585327,1.6816619634628296,2.575443983078003,3.83087158203125,5.144436359405518,6.465198040008545,7.423646926879883,7.379819393157959,6.769282341003418,6.664273738861084,7.5035247802734375,8.771738052368164,9.453039169311523,9.107684135437012,8.183624267578125,7.565333843231201,7.86561918258667,8.336103439331055,7.880937099456787,6.660353660583496,5.2967939376831055,4.17502498626709,3.1465868949890137,1.7256736755371094,0.04268820211291313
18.693971633911133,17.850412368774414,17.005760192871094,16.130008697509766,14.662240982055664,12.84045124053955,11.623800277709961,11.015654563903809,10.002134323120117,8.182734489440918,6.208217144012451,4.613807678222656,3.5008325576782227,3.044997453689575,2.9714596271514893,2.8081576824188232,2.5712225437164307,2.3573079109191895,2.0306897163391113,1.7028131484985352,1.7581459283828735,2.410543203353882,3.5632448196411133,4.982518196105957,6.2039642333984375,6.884269714355469,7.0169901847839355,6.954357624053955,7.259133815765381,8.252148628234863,9.381403923034668,9.652287483215332,8.810134887695312,7.762267112731934,7.465618133544922,8.177750587463379,9.062955856323242,9.005243301391602,7.859729766845703,6.249233245849609,4.7321271896362305,3.4135687351226807,1.868967890739441,-0.2331559658050537
