data/wind_data/wind_18_4.json
{"header": {"parameterUnit": "KT", "parameterCategory": 2, "nx": 256, "ny": 198, "lo1": 44.73521041870117, "la1": -3.236724853515625, "lo2": 111.26478576660156, "la2": 43.468475341796875, "dx": 0.2609002888202667, "dy": -0.23708222806453705, "refTime": "2025-02-19 18:00:00", "forecastTime": 0, "parameterNumber": 2, "parameterNumberName": "eastward_wind"}, "data":
[rows 114 to 132 of 198, columns 176 to 219 of 256]
33.12175369262695,33.53042221069336,33.60599899291992,33.391597747802734,33.05033493041992,32.89518356323242,33.17041015625,32.878814697265625,32.033409118652344,30.36963653564453,27.745698928833008,25.543161392211914,25.802244186401367,26.863567352294922,27.159748077392578,27.44754981994629,28.551681518554688,27.863447189331055,24.906036376953125,22.72653579711914,22.926254272460938,23.968570709228516,24.313045501708984,24.858110427856445,25.52224349975586,26.222658157348633,26.040279388427734,26.60511016845703,31.817184448242188,37.084049224853516,37.69479751586914,35.8621940612793,37.302093505859375,39.965579986572266,42.000213623046875,43.98652267456055,44.521175384521484,43.2023811340332,43.29144287109375,44.315425872802734,44.26898193359375,40.56309127807617,39.59663391113281,40.93280792236328
34.47415542602539,34.553810119628906,34.207340240478516,33.42238998413086,32.59482192993164,31.914220809936523,31.422943115234375,30.392637252807617,29.373626708984375,28.401288986206055,27.236120223999023,24.754411697387695,22.769628524780273,22.9669132232666,25.004907608032227,27.82830238342285,29.9874324798584,31.46866226196289,28.273040771484375,24.784664154052734,22.694602966308594,23.921537399291992,23.215959548950195,22.940303802490234,24.154935836791992,24.703523635864258,25.00787353515625,25.61114501953125,29.105880737304688,34.33707046508789,37.110191345214844,36.90752410888672,36.96352767944336,38.70849609375,41.27202224731445,43.370201110839844,42.81298828125,41.36819839477539,43.120140075683594,44.635372161865234,43.51496124267578,38.492576599121094,38.016963958740234,39.934906005859375
33.44845199584961,32.59760284423828,31.52011489868164,30.588682174682617,29.985631942749023,29.359825134277344,28.5266056060791,27.252735137939453,26.559667587280273,26.36101531982422,26.282072067260742,25.155717849731445,23.886457443237305,23.40917205810547,24.782499313354492,27.709651947021484,29.905773162841797,30.485076904296875,27.019067764282227,24.89007568359375,22.980073928833008,22.046833038330078,21.69112777709961,22.17667007446289,23.056306838989258,24.000802993774414,24.75895881652832,23.267078399658203,26.047746658325195,32.12959289550781,36.211002349853516,36.82032012939453,37.98762512207031,39.8543701171875,42.40713882446289,43.280677795410156,40.80264663696289,39.316715240478516,41.79249572753906,43.31064987182617,41.61378479003906,35.941078186035156,35.6362419128418,39.23982238769531
30.169065475463867,29.16597557067871,27.78531265258789,27.22321891784668,26.912282943725586,26.011798858642578,25.0714054107666,24.05746841430664,23.21955680847168,22.763530731201172,23.10662078857422,22.596742630004883,21.312742233276367,22.403636932373047,22.86610221862793,23.943849563598633,25.5638427734375,26.24017333984375,24.342554092407227,23.478775024414062,22.6800537109375,21.680837631225586,21.70323944091797,22.784666061401367,23.344118118286133,24.998300552368164,25.238615036010742,24.10223388671875,26.09433937072754,31.62564468383789,34.795982360839844,34.91432571411133,37.096317291259766,40.35725784301758,42.57942199707031,42.267601013183594,39.32085418701172,37.729251861572266,40.35884475708008,41.76200866699219,39.01823425292969,34.080265045166016,35.26919937133789,39.16972351074219
26.328907012939453,25.565460205078125,25.04758644104004,24.578479766845703,22.947328567504883,21.75774383544922,21.690942764282227,21.47451400756836,20.132251739501953,18.503541946411133,17.873388290405273,18.198747634887695,18.085798263549805,18.448572158813477,19.662086486816406,20.59717559814453,21.275251388549805,22.733762741088867,23.88767433166504,23.84943962097168,21.638832092285156,22.50886344909668,23.464149475097656,24.42197036743164,25.03467559814453,27.203123092651367,27.3876895904541,26.354822158813477,27.78219985961914,31.317934036254883,33.0489387512207,32.46760559082031,34.27239990234375,38.135093688964844,40.406005859375,39.87916564941406,38.08972930908203,36.70532989501953,38.75712203979492,40.7598762512207,37.342594146728516,33.740760803222656,35.598731994628906,38.68079376220703
27.14606475830078,26.286211013793945,25.008441925048828,23.897171020507812,23.07880973815918,22.846359252929688,22.644014358520508,21.107126235961914,18.096933364868164,15.301336288452148,14.566488265991211,15.875685691833496,17.204669952392578,18.257951736450195,19.557605743408203,20.473617553710938,19.85590362548828,19.950519561767578,22.772287368774414,24.505258560180664,21.81133460998535,21.40302085876465,24.628108978271484,26.026264190673828,26.63228988647461,27.515287399291992,29.098154067993164,28.75398826599121,29.15725326538086,31.002893447875977,31.940847396850586,30.973421096801758,32.1570930480957,36.287872314453125,37.95585250854492,37.12605285644531,37.11927795410156,36.901241302490234,37.914005279541016,40.66117477416992,37.65459060668945,33.1043815612793,34.7622184753418,37.34739303588867
27.361291885375977,26.5209903717041,24.962831497192383,23.72745704650879,21.901161193847656,19.01388931274414,20.696876525878906,20.446569442749023,17.957443237304688,16.699514389038086,17.620738983154297,16.876161575317383,17.503692626953125,19.290353775024414,20.766063690185547,21.841215133666992,20.191240310668945,16.951547622680664,16.948265075683594,19.60283088684082,20.780488967895508,21.93055534362793,23.78912925720215,24.352697372436523,25.357412338256836,24.96650505065918,29.234636306762695,30.148191452026367,29.38520622253418,30.1180362701416,30.84537696838379,30.434804916381836,31.483190536499023,34.47682189941406,35.33406066894531,33.84882354736328,32.408260345458984,33.509586334228516,34.95234298706055,37.71824645996094,37.43312072753906,32.847084045410156,32.106781005859375,35.4760856628418
22.35982322692871,21.219301223754883,19.983264923095703,18.707765579223633,18.78085708618164,14.627321243286133,16.56241798400879,16.810699462890625,15.109794616699219,16.135698318481445,16.434200286865234,14.074601173400879,15.055193901062012,18.122251510620117,20.751903533935547,22.18815040588379,20.24748420715332,15.26814079284668,13.701552391052246,15.839071273803711,17.948331832885742,19.274513244628906,21.175487518310547,22.213542938232422,22.795482635498047,23.07411766052246,26.107189178466797,27.258325576782227,27.62153434753418,28.151348114013672,29.009960174560547,29.878515243530273,30.878110885620117,32.74087905883789,33.46003723144531,29.868898391723633,25.724567413330078,29.35700035095215,33.081153869628906,35.05720901489258,36.423484802246094,35.565547943115234,30.75576400756836,32.54743194580078
20.816125869750977,20.389833450317383,19.374807357788086,17.759973526000977,17.802976608276367,16.511600494384766,12.92113971710205,15.895380973815918,15.966012001037598,13.03107738494873,10.204893112182617,6.758319854736328,7.1584038734436035,10.836875915527344,15.564166069030762,18.486204147338867,17.361215591430664,14.39846134185791,13.811006546020508,15.016007423400879,15.966525077819824,17.043842315673828,19.785911560058594,21.432289123535156,21.570199966430664,22.61486053466797,22.902647018432617,23.180641174316406,24.643980026245117,25.718185424804688,26.974956512451172,28.353649139404297,28.37140655517578,29.50629425048828,31.4229736328125,28.795433044433594,23.896196365356445,29.302661895751953,34.30499267578125,35.947731018066406,36.5565071105957,38.360694885253906,35.060821533203125,30.604257583618164
20.109037399291992,18.835817337036133,18.301969528198242,16.89885139465332,16.448883056640625,16.94133949279785,20.013654708862305,18.500545501708984,19.657543182373047,9.2457857131958,4.0434250831604,4.794929504394531,5.148523330688477,5.075655460357666,8.708117485046387,12.465249061584473,14.249834060668945,13.856878280639648,13.174895286560059,12.847793579101562,12.214803695678711,14.438238143920898,18.43255615234375,21.03581428527832,21.844289779663086,24.55621910095215,23.699392318725586,22.624597549438477,22.851970672607422,24.53498077392578,26.50266456604004,25.501070022583008,24.144580841064453,25.17995262145996,29.674911499023438,29.576631546020508,24.64860725402832,28.32455825805664,33.393314361572266,34.5985221862793,35.080787658691406,37.05013656616211,37.327816009521484,30.893892288208008
20.91856575012207,18.732147216796875,15.511768341064453,13.496521949768066,13.833739280700684,16.2977294921875,20.738388061523438,20.29927635192871,22.289566040039062,11.098085403442383,5.887148857116699,6.040053367614746,6.284933567047119,6.935312271118164,7.2511396408081055,8.641834259033203,10.699137687683105,12.237483024597168,12.898686408996582,12.224255561828613,12.647604942321777,16.364295959472656,20.090465545654297,21.865070343017578,22.874296188354492,21.101144790649414,24.047290802001953,23.874103546142578,21.840829849243164,23.468223571777344,24.24823760986328,20.626956939697266,20.516643524169922,22.804426193237305,27.780376434326172,29.4232234954834,26.156448364257812,24.512338638305664,29.431198120117188,32.13916015625,32.13812255859375,31.818078994750977,32.90790557861328,28.669801712036133
19.360788345336914,19.330974578857422,19.95000457763672,18.456073760986328,17.517799377441406,17.9287109375,18.22420883178711,20.38157081604004,16.28531837463379,9.71583080291748,8.528337478637695,6.0467705726623535,5.395848274230957,6.970515727996826,7.993081092834473,7.6238226890563965,9.369124412536621,11.142010688781738,12.823725700378418,14.781957626342773,17.118438720703125,18.751245498657227,18.836339950561523,20.42237091064453,19.468669891357422,18.065515518188477,18.466506958007812,21.224512100219727,20.97427749633789,21.796546936035156,21.867965698242188,18.74138641357422,19.14156723022461,23.423812866210938,26.57672119140625,29.206418991088867,28.833141326904297,25.59719467163086,25.46352195739746,28.05876922607422,27.88155174255371,27.55428695678711,25.98249053955078,27.186614990234375
21.9954833984375,21.867237091064453,18.104286193847656,16.651309967041016,17.418380737304688,17.50357437133789,17.617801666259766,14.130500793457031,10.142677307128906,11.319901466369629,13.517718315124512,11.106225967407227,8.508452415466309,4.63207483291626,5.643829822540283,7.336745262145996,10.019767761230469,11.77735424041748,14.101593971252441,16.0057315826416,18.2344970703125,18.941679000854492,17.11998748779297,18.511659622192383,18.943641662597656,19.986648559570312,22.327993392944336,27.129167556762695,19.20148468017578,17.577192306518555,20.896596908569336,19.27532958984375,20.075040817260742,24.143918991088867,25.17443084716797,27.838546752929688,29.063030242919922,26.933881759643555,26.485958099365234,27.249032974243164,26.715089797973633,26.965768814086914,24.65216827392578,28.346416473388672
10.209118843078613,5.559789657592773,7.393115520477295,10.54289722442627,12.837911605834961,14.646158218383789,17.95229721069336,19.798887252807617,16.13343048095703,13.81016731262207,16.09103012084961,18.621292114257812,15.124232292175293,9.32317066192627,5.7179412841796875,6.264540195465088,9.307770729064941,11.514412879943848,12.773119926452637,15.165562629699707,17.68727684020996,18.992189407348633,18.841279983520508,18.39267349243164,18.58216667175293,20.963747024536133,23.27250099182129,22.57522201538086,17.176137924194336,12.975858688354492,20.386783599853516,22.506561279296875,22.643993377685547,23.467538833618164,23.00527572631836,26.558258056640625,30.150171279907227,27.099931716918945,27.413192749023438,29.518226623535156,29.49699592590332,29.4865779876709,28.07073402404785,27.62799835205078
2.025541305541992,1.5803773403167725,4.541032791137695,7.181204319000244,10.524513244628906,13.3623046875,14.011009216308594,14.251463890075684,14.342573165893555,14.920356750488281,17.400287628173828,20.748226165771484,21.398117065429688,16.00891876220703,10.444933891296387,10.373621940612793,11.116186141967773,13.275862693786621,14.100034713745117,14.745951652526855,16.28646469116211,18.387218475341797,19.727767944335938,23.34000015258789,20.66312599182129,19.321102142333984,19.64887237548828,18.811859130859375,18.520185470581055,18.379615783691406,21.686233520507812,24.57215690612793,23.58787727355957,23.451932907104492,24.377012252807617,28.227935791015625,31.220703125,27.998703002929688,25.687822341918945,27.202184677124023,28.973773956298828,29.779468536376953,28.95958709716797,22.523569107055664
5.412068843841553,5.039644241333008,7.638431072235107,9.857797622680664,11.311942100524902,14.183272361755371,17.853961944580078,19.80435562133789,21.04650115966797,22.137418746948242,21.073280334472656,21.671772003173828,18.14029884338379,13.827142715454102,15.641793251037598,15.25277042388916,12.746410369873047,13.074360847473145,14.095788955688477,15.870682716369629,17.509502410888672,19.899276733398438,22.735240936279297,26.69069480895996,18.20781707763672,12.687891006469727,16.575075149536133,19.85984992980957,22.415918350219727,21.069761276245117,20.321779251098633,22.889175415039062,22.861181259155273,23.487890243530273,25.950044631958008,29.132984161376953,31.700782775878906,28.056509017944336,24.78333282470703,23.65195655822754,26.20158576965332,26.960418701171875,26.036741256713867,18.233999252319336
11.768572807312012,8.345965385437012,7.876718044281006,10.74591064453125,12.567441940307617,14.272415161132812,17.618240356445312,21.599206924438477,23.400005340576172,24.385684967041016,25.30727767944336,25.2070369720459,23.498693466186523,18.91855812072754,17.725976943969727,20.23154067993164,15.060251235961914,12.84585189819336,13.427325248718262,17.658241271972656,20.284587860107422,23.834625244140625,24.410505294799805,25.790817260742188,16.594926834106445,14.933370590209961,21.092613220214844,23.079309463500977,23.08495330810547,17.401704788208008,18.101852416992188,22.824996948242188,23.140003204345703,23.637508392333984,25.641523361206055,28.802379608154297,29.82693099975586,26.402151107788086,24.544912338256836,22.072437286376953,23.192834854125977,24.43356704711914,21.819744110107422,15.275457382202148
15.592302322387695,17.280550003051758,15.594714164733887,14.791807174682617,15.226092338562012,17.644594192504883,22.200897216796875,26.025585174560547,27.565587997436523,30.533594131469727,32.890960693359375,32.63753890991211,27.95719337463379,24.157615661621094,21.888099670410156,22.261594772338867,17.379810333251953,14.192502975463867,14.831595420837402,19.1988468170166,22.884471893310547,25.205810546875,25.799537658691406,25.394201278686523,16.681396484375,18.757993698120117,24.233495712280273,24.52301597595215,20.792985916137695,17.21742057800293,18.60741424560547,21.07099151611328,22.190322875976562,23.802974700927734,25.709016799926758,27.491605758666992,25.254451751708984,22.014575958251953,20.424039840698242,17.143184661865234,18.57638931274414,19.57689666748047,21.062498092651367,11.723523139953613
15.011056900024414,18.09893798828125,16.575571060180664,15.26129150390625,17.72649574279785,22.399351119995117,26.64866828918457,29.379810333251953,30.80975341796875,31.873132705688477,29.34136199951172,25.6030216217041,24.78909683227539,25.60292625427246,26.60129165649414,24.675962448120117,16.87359619140625,13.801777839660645,15.171172142028809,19.506179809570312,23.56183433532715,25.611473083496094,26.697526931762695,25.301511764526367,20.441486358642578,25.385221481323242,28.851970672607422,25.51677703857422,20.977109909057617,18.8038387298584,18.624279022216797,19.993629455566406,21.129575729370117,22.356348037719727,22.530776977539062,21.75020980834961,19.431093215942383,18.669767379760742,16.117717742919922,11.8388032913208,15.91836929321289,18.469289779663086,21.785099029541016,13.154261589050293
