data/wind_data/wind_29_1.json
{"header": {"parameterUnit": "KT", "parameterCategory": 2, "nx": 256, "ny": 198, "lo1": 44.73521041870117, "la1": -3.236724853515625, "lo2": 111.26478576660156, "la2": 43.468475341796875, "dx": 0.2609002888202667, "dy": -0.23708222806453705, "refTime": "2025-02-20 05:00:00", "forecastTime": 0, "parameterNumber": 2, "parameterNumberName": "eastward_wind"}, "data":
[rows 38 to 56 of 198, columns 129 to 171 of 256]
-2.777733087539673,-1.9588935375213623,-0.3179495930671692,0.16748389601707458,2.0401687622070312,-1.8010084629058838,3.4357266426086426,-0.07791552692651749,3.9671947956085205,-0.07645631581544876,-6.415876388549805,-6.607760906219482,-2.077564001083374,-2.534722089767456,-4.9562907218933105,-4.919766902923584,-6.0313262939453125,-3.6153957843780518,-8.453327178955078,-7.010075569152832,-9.028724670410156,-9.435967445373535,-9.396961212158203,-8.441581726074219,-7.561662673950195,-6.729305267333984,-7.324561595916748,-9.018206596374512,-11.781928062438965,-12.027374267578125,-10.832027435302734,-10.366929054260254,-10.686212539672852,-10.047341346740723,-10.313645362854004,-12.611867904663086,-12.458409309387207,-10.8250732421875,-10.336113929748535,-11.542545318603516,-9.730435371398926,-7.909178733825684,-9.252135276794434
-4.3019609451293945,-5.393877029418945,-4.402015686035156,-2.7559425830841064,-1.9120486974716187,-3.03292179107666,2.4928181171417236,0.14424562454223633,2.1116185188293457,-4.749147415161133,-3.7601077556610107,-4.960715293884277,-2.5550172328948975,-3.9637484550476074,-2.6632211208343506,-5.439887046813965,-5.595212459564209,-3.2330143451690674,-6.864502429962158,-6.116606712341309,-7.151165962219238,-9.909579277038574,-9.00632381439209,-8.481864929199219,-8.611295700073242,-8.689526557922363,-9.60352897644043,-9.750951766967773,-9.592382431030273,-11.440059661865234,-11.00109577178955,-9.767046928405762,-9.481616973876953,-10.6937894821167,-12.442910194396973,-12.446084022521973,-11.249349594116211,-10.28670597076416,-10.130250930786133,-12.333525657653809,-11.898082733154297,-10.735081672668457,-10.523119926452637
-6.670848846435547,-7.595221042633057,-8.002192497253418,-6.113268852233887,-5.006402969360352,-3.237217426300049,0.7966206669807434,-0.5992457866668701,-1.2878096103668213,-5.26952600479126,-5.2321295738220215,-3.1598119735717773,-1.3862324953079224,-4.851510524749756,-3.1587021350860596,-3.835303783416748,-4.948439598083496,-5.732928276062012,-5.12109375,-6.845134735107422,-6.576927185058594,-9.715274810791016,-9.108657836914062,-9.000911712646484,-9.495030403137207,-7.865477561950684,-9.628681182861328,-10.641785621643066,-7.808745861053467,-8.385870933532715,-11.080031394958496,-10.894830703735352,-9.577698707580566,-11.512919425964355,-12.37133502960205,-11.129738807678223,-10.392060279846191,-10.932473182678223,-11.700934410095215,-12.190178871154785,-12.94314956665039,-12.291402816772461,-9.489134788513184
-8.18143081665039,-9.253608703613281,-9.842103958129883,-8.299125671386719,-5.839156150817871,-1.6239402294158936,-3.4917514324188232,-1.9398226737976074,-6.427254676818848,-7.394606590270996,-4.698405742645264,-0.5686022639274597,0.8940032124519348,-5.866191864013672,-3.402615547180176,-4.894784450531006,-3.777574300765991,-7.88246488571167,-4.875624656677246,-6.703036308288574,-7.722710132598877,-8.749223709106445,-8.287776947021484,-10.729783058166504,-9.054224967956543,-7.243602752685547,-8.97806453704834,-9.851898193359375,-8.348052024841309,-7.568639755249023,-8.783177375793457,-11.573479652404785,-10.124335289001465,-10.209885597229004,-10.965301513671875,-10.319902420043945,-10.235197067260742,-11.851414680480957,-12.098214149475098,-11.533292770385742,-11.4151611328125,-12.157001495361328,-10.187395095825195
-10.288731575012207,-9.765667915344238,-10.727968215942383,-8.903379440307617,-7.061584949493408,-3.9747536182403564,-6.277241230010986,-5.4115495681762695,-8.467617988586426,-7.585880756378174,-5.381608486175537,-0.8878021836280823,-6.900206089019775,-3.6427226066589355,-5.5331549644470215,-5.735971450805664,-5.748402118682861,-8.595785140991211,-6.976677894592285,-6.65934944152832,-8.472412109375,-7.264089584350586,-9.414666175842285,-9.458985328674316,-7.945623397827148,-8.749677658081055,-7.708590507507324,-9.67449951171875,-11.519840240478516,-7.6447858810424805,-7.100972652435303,-10.723100662231445,-10.860169410705566,-8.804069519042969,-8.487516403198242,-9.750452995300293,-10.741061210632324,-11.96080207824707,-11.333110809326172,-10.655452728271484,-10.287425994873047,-10.829476356506348,-12.089943885803223
-11.625419616699219,-9.313655853271484,-9.479515075683594,-7.527626991271973,-6.786649703979492,-4.900191307067871,-7.383448600769043,-7.261390686035156,-8.537349700927734,-8.36352825164795,-7.333739757537842,-5.750276565551758,-6.221405982971191,-5.674582004547119,-6.739004135131836,-8.186612129211426,-6.976337909698486,-7.342648029327393,-6.6294660568237305,-8.199653625488281,-8.903326988220215,-5.957490921020508,-8.380607604980469,-9.424040794372559,-7.690328121185303,-8.989448547363281,-8.428247451782227,-10.320195198059082,-10.886312484741211,-8.318029403686523,-8.399234771728516,-8.533976554870605,-9.212074279785156,-9.341994285583496,-9.809331893920898,-10.580415725708008,-11.128378868103027,-10.285510063171387,-10.255599975585938,-11.519854545593262,-12.195783615112305,-11.530096054077148,-11.457372665405273
-11.646429061889648,-9.356939315795898,-7.386967182159424,-5.774404048919678,-4.639534950256348,-3.7828705310821533,-7.244891166687012,-7.36570405960083,-8.647533416748047,-8.4578218460083,-6.221428394317627,-8.022078514099121,-5.69669246673584,-5.550571918487549,-9.01212215423584,-7.604652404785156,-7.34835147857666,-6.994615077972412,-8.041868209838867,-7.903739929199219,-7.029634952545166,-7.109099388122559,-7.102851390838623,-7.836506366729736,-9.723599433898926,-9.524395942687988,-8.126222610473633,-10.390892028808594,-8.45775032043457,-9.096879959106445,-9.776717185974121,-7.233943462371826,-6.778685092926025,-10.10866641998291,-10.58775806427002,-10.416170120239258,-9.959952354431152,-8.494256973266602,-9.571852684020996,-10.873717308044434,-10.965628623962402,-10.136940956115723,-10.07162094116211
-7.8130598068237305,-9.814507484436035,-6.715055465698242,-7.635714530944824,-5.981658935546875,-6.692164421081543,-5.190066337585449,-8.441474914550781,-7.224435806274414,-9.323873519897461,-7.07731819152832,-9.3086519241333,-7.775700092315674,-6.924756050109863,-8.440750122070312,-8.231123924255371,-7.947476387023926,-7.852060794830322,-9.487061500549316,-7.577016353607178,-6.514355182647705,-9.13531494140625,-8.3642578125,-5.5769476890563965,-7.306385040283203,-9.63702392578125,-9.622299194335938,-9.357248306274414,-8.045501708984375,-8.71365737915039,-10.055461883544922,-9.115354537963867,-8.705974578857422,-7.989431381225586,-9.485733985900879,-10.748239517211914,-9.386170387268066,-7.034739971160889,-8.939638137817383,-9.248528480529785,-8.799084663391113,-10.020195960998535,-11.620924949645996
-2.251547336578369,-9.532033920288086,-6.200018882751465,-6.531390190124512,-4.852841377258301,-5.807202339172363,-4.163820266723633,-8.231940269470215,-5.485409259796143,-3.227069854736328,-8.690058708190918,-11.338773727416992,-7.950827121734619,-8.025656700134277,-8.658884048461914,-7.943953990936279,-8.205178260803223,-8.66738510131836,-8.242436408996582,-7.655691146850586,-7.179161071777344,-8.67055606842041,-8.194602966308594,-7.784785747528076,-5.83285665512085,-6.446540355682373,-10.831123352050781,-8.820170402526855,-8.185400009155273,-8.753087043762207,-9.085999488830566,-9.385796546936035,-9.164306640625,-10.08299446105957,-9.891328811645508,-8.884493827819824,-9.588191986083984,-9.787263870239258,-9.886873245239258,-7.541578769683838,-6.312746524810791,-7.897700309753418,-10.689654350280762
0.790019154548645,-4.77177619934082,-8.510183334350586,-6.140308856964111,-5.701406002044678,-4.856203079223633,-4.366982460021973,-5.154320240020752,-3.3168013095855713,0.008802109397947788,-7.473479270935059,-13.67848014831543,-8.906208038330078,-8.785529136657715,-6.579655647277832,-7.185318470001221,-9.935585021972656,-9.552396774291992,-8.133415222167969,-7.32450532913208,-7.751338481903076,-8.605172157287598,-8.389322280883789,-8.84288501739502,-7.327126979827881,-5.682690143585205,-8.844221115112305,-11.002005577087402,-9.298951148986816,-8.045459747314453,-9.139931678771973,-8.798192024230957,-9.916581153869629,-10.126699447631836,-9.282504081726074,-8.581873893737793,-10.233933448791504,-10.256304740905762,-9.099957466125488,-7.726083278656006,-5.497751712799072,-5.291233539581299,-8.98250675201416
-1.0480079650878906,-0.9749369621276855,-5.524866580963135,-7.234532833099365,-3.7468481063842773,-6.0573410987854,-4.999484062194824,-4.127901554107666,-3.7078776359558105,-9.326359748840332,-10.53572940826416,-12.030646324157715,-10.838799476623535,-8.044658660888672,-7.085455417633057,-9.025667190551758,-9.73499870300293,-9.873481750488281,-8.806979179382324,-7.715311050415039,-8.13183879852295,-8.346174240112305,-8.710062980651855,-9.050006866455078,-8.852496147155762,-8.321562767028809,-7.682656288146973,-8.933723449707031,-11.722290992736816,-9.247188568115234,-7.204274654388428,-9.307622909545898,-9.879925727844238,-10.589385986328125,-7.985705852508545,-7.288467884063721,-9.840204238891602,-11.816277503967285,-9.041284561157227,-9.75365161895752,-6.566719055175781,-5.036667823791504,-8.505732536315918
0.942381739616394,-2.2311553955078125,-3.7661876678466797,-3.1963448524475098,-2.730214834213257,-7.247434139251709,-4.606112003326416,-7.68687629699707,-8.66566276550293,-9.861653327941895,-9.448112487792969,-10.120820045471191,-9.691225051879883,-9.969239234924316,-8.190640449523926,-9.073129653930664,-10.010364532470703,-9.272783279418945,-8.05867862701416,-8.957715034484863,-9.134803771972656,-8.717007637023926,-8.057708740234375,-7.98770809173584,-10.0076904296875,-9.577926635742188,-8.53526496887207,-8.682332992553711,-8.611642837524414,-9.008560180664062,-8.681132316589355,-8.189271926879883,-9.139122009277344,-8.964781761169434,-9.629949569702148,-10.45732307434082,-9.403067588806152,-10.172019004821777,-9.223006248474121,-8.302627563476562,-7.90730619430542,-7.944316387176514,-9.691998481750488
0.6799720525741577,-1.6861950159072876,0.02604508586227894,-3.7572286128997803,-2.5323092937469482,-6.476517677307129,-4.362707614898682,-6.5231709480285645,-7.600717067718506,-7.720762729644775,-8.259775161743164,-8.892290115356445,-9.13597297668457,-9.58188533782959,-8.731327056884766,-8.953672409057617,-9.705617904663086,-6.766119003295898,-4.4995269775390625,-8.945694923400879,-10.833456039428711,-8.889829635620117,-6.653341770172119,-8.308114051818848,-9.931041717529297,-10.518009185791016,-8.941207885742188,-9.020036697387695,-8.937928199768066,-7.708764553070068,-8.615943908691406,-8.926003456115723,-6.83261775970459,-7.608574867248535,-10.107032775878906,-9.811203956604004,-8.32382869720459,-9.679872512817383,-9.125361442565918,-7.559300422668457,-8.1604642868042,-10.509089469909668,-10.629531860351562
1.5988744497299194,0.3106641471385956,0.567537248134613,0.29588833451271057,-2.3033881187438965,-5.021874904632568,-4.4039154052734375,-4.343072414398193,-6.722848892211914,-7.055662155151367,-8.348347663879395,-8.099939346313477,-7.787124156951904,-7.891072750091553,-8.590507507324219,-8.333924293518066,-7.584257125854492,-7.3640055656433105,-6.309672832489014,-8.239802360534668,-10.799552917480469,-9.706279754638672,-8.947358131408691,-10.173135757446289,-9.162226676940918,-8.345131874084473,-10.534406661987305,-9.378347396850586,-8.760330200195312,-8.318116188049316,-7.914008617401123,-8.244094848632812,-8.32081413269043,-7.891351699829102,-7.725834846496582,-8.688998222351074,-9.14815902709961,-8.894145965576172,-8.90798568725586,-7.8121867179870605,-9.372110366821289,-10.338495254516602,-10.105707168579102
0.14608854055404663,-0.4963223338127136,-1.647151231765747,0.857991635799408,-0.9597103595733643,-3.8312008380889893,-3.194586992263794,-2.523902177810669,-5.575659275054932,-6.499434471130371,-8.086753845214844,-8.00317668914795,-7.226451873779297,-6.590325355529785,-9.779760360717773,-9.307286262512207,-7.46528434753418,-8.22864055633545,-8.496245384216309,-8.438400268554688,-9.665077209472656,-10.317208290100098,-10.846192359924316,-10.062121391296387,-9.175459861755371,-8.585061073303223,-9.29396915435791,-10.04568099975586,-9.186654090881348,-8.662775993347168,-9.479207992553711,-7.216511249542236,-6.630251884460449,-7.170821189880371,-7.645961761474609,-8.483037948608398,-7.903480052947998,-8.121979713439941,-8.9586181640625,-9.333853721618652,-9.582308769226074,-8.700366973876953,-10.63293743133545
0.1400487869977951,2.1186258792877197,1.6135646104812622,0.5355149507522583,0.4715101718902588,-0.605309784412384,-3.6836466789245605,-2.984750509262085,-4.960507869720459,-6.549786567687988,-7.725346088409424,-6.310844421386719,-6.649355888366699,-7.405817031860352,-7.509949684143066,-9.131872177124023,-10.276802062988281,-8.404704093933105,-8.001603126525879,-8.734800338745117,-8.604384422302246,-9.985132217407227,-11.378758430480957,-10.311909675598145,-9.488200187683105,-9.760952949523926,-9.458909034729004,-9.878241539001465,-9.608041763305664,-9.091255187988281,-8.227173805236816,-7.404980182647705,-8.148477554321289,-7.319108009338379,-7.753994941711426,-7.411972999572754,-7.974596977233887,-8.154393196105957,-8.067769050598145,-9.128870964050293,-9.645678520202637,-9.608955383300781,-10.407258033752441
-0.28789854049682617,1.679864525794983,1.7325708866119385,-0.07243426889181137,2.9612748622894287,1.6397011280059814,0.02590159885585308,-4.5294013023376465,-0.7404965758323669,-5.281615257263184,-5.629075050354004,-6.358735084533691,-5.652223110198975,-7.812236785888672,-8.19017505645752,-7.947705268859863,-8.817526817321777,-8.804460525512695,-9.301753997802734,-9.5675048828125,-8.40858268737793,-8.099998474121094,-9.622608184814453,-10.590189933776855,-10.542435646057129,-9.988212585449219,-9.634536743164062,-9.645447731018066,-8.825787544250488,-9.276625633239746,-8.674574851989746,-8.603511810302734,-8.939066886901855,-7.473583221435547,-7.081933975219727,-7.397887229919434,-8.258917808532715,-8.326744079589844,-7.65929651260376,-8.753164291381836,-9.281336784362793,-9.30455493927002,-10.093038558959961
-3.4556055068969727,-0.8990085124969482,1.0955723524093628,0.6284735798835754,1.394309401512146,-4.468722820281982,0.2369769811630249,-4.531858444213867,-0.7890002727508545,-5.203413009643555,-5.696382999420166,-6.830075263977051,-5.80935001373291,-8.568575859069824,-9.61788558959961,-7.697755336761475,-6.899733066558838,-7.898586273193359,-8.99719524383545,-8.48465633392334,-6.942347526550293,-5.843982219696045,-8.428635597229004,-11.021245002746582,-10.81253433227539,-9.704901695251465,-10.22946834564209,-10.549180030822754,-8.754935264587402,-9.103135108947754,-8.828636169433594,-8.207860946655273,-8.321783065795898,-7.998567581176758,-7.060108184814453,-7.053386211395264,-7.4467267990112305,-8.077363967895508,-8.126523971557617,-8.884119033813477,-9.121683120727539,-8.999056816101074,-9.360904693603516
-0.6112557649612427,-3.474353551864624,0.9168996810913086,3.641883134841919,2.639630079269409,1.2513002157211304,1.8433605432510376,-2.536072015762329,-4.233497619628906,-4.596070289611816,-7.04291296005249,-6.468325138092041,-6.309914588928223,-8.414356231689453,-8.686739921569824,-7.785330772399902,-6.905519962310791,-8.348743438720703,-9.175251960754395,-7.814305305480957,-6.870517253875732,-7.9571919441223145,-9.739014625549316,-11.660534858703613,-11.194314002990723,-10.565646171569824,-10.02647876739502,-10.370959281921387,-9.46366024017334,-8.563241958618164,-7.91092586517334,-8.167875289916992,-7.7734880447387695,-7.457703590393066,-6.7589030265808105,-6.9477739334106445,-7.449465274810791,-7.9755659103393555,-8.661283493041992,-8.994352340698242,-8.992829322814941,-9.070196151733398,-8.774024963378906
