data/wind_data/wind_1_7.json
{"header": {"parameterUnit": "KT", "parameterCategory": 2, "nx": 256, "ny": 198, "lo1": 44.73521041870117, "la1": -3.236724853515625, "lo2": 111.26478576660156, "la2": 43.468475341796875, "dx": 0.2609002888202667, "dy": -0.23708222806453705, "refTime": "2025-02-19 01:00:00", "forecastTime": 0, "parameterNumber": 2, "parameterNumberName": "eastward_wind"}, "data":
[rows 140 to 159 of 198, columns 88 to 131 of 256]
103.1436996459961,103.19136047363281,102.81079864501953,102.15248107910156,101.57318878173828,101.36019134521484,101.20333862304688,100.34829711914062,99.3982925415039,99.6519546508789,100.6242446899414,101.2170639038086,101.61063385009766,102.05305480957031,102.36148071289062,102.52284240722656,102.855712890625,103.26134490966797,103.15850830078125,102.18721771240234,100.7042465209961,99.62218475341797,99.53453826904297,99.91161346435547,99.73187255859375,98.96601104736328,98.15260314941406,97.61946105957031,97.43421936035156,97.39434814453125,97.46041870117188,97.23826599121094,96.12303161621094,94.71144104003906,94.04703521728516,94.0706558227539,93.44712829589844,92.03828430175781,90.62022399902344,89.31661987304688,88.38235473632812,88.2099838256836,88.8165283203125,89.16368865966797
102.50804901123047,102.82734680175781,102.56499481201172,101.68104553222656,100.83153533935547,100.41275024414062,99.99015808105469,99.17369842529297,98.63874816894531,99.11849212646484,99.93567657470703,100.27940368652344,100.44113159179688,100.77190399169922,101.12199401855469,101.34069061279297,101.64302825927734,102.1366958618164,102.28450775146484,101.71339416503906,100.88046264648438,100.286376953125,99.9632568359375,99.62648010253906,99.0745620727539,98.4792251586914,98.00746154785156,97.81849670410156,98.01751708984375,98.39439392089844,98.6487808227539,97.9945297241211,96.54542541503906,95.7903823852539,95.9438705444336,95.74369049072266,94.35364532470703,92.68186950683594,91.5121841430664,90.6408920288086,90.12281799316406,90.09403991699219,90.20649719238281,90.31356811523438
102.1893081665039,102.53125762939453,102.34973907470703,101.54762268066406,100.73989868164062,100.25772857666016,99.76799011230469,99.05570220947266,98.55655670166016,98.75215148925781,99.14128875732422,99.14460754394531,99.11067962646484,99.33185577392578,99.63775634765625,100.08479309082031,100.86140441894531,101.56544494628906,101.5872573852539,101.10719299316406,100.72956848144531,100.34049987792969,99.58179473876953,98.70838165283203,98.26790618896484,98.31876373291016,98.43727111816406,98.58616638183594,98.94942474365234,99.46380615234375,99.66262817382812,98.87014770507812,97.84410095214844,97.44127655029297,97.19580078125,96.26726531982422,94.59226989746094,93.45540618896484,92.68312072753906,91.99358367919922,91.75762939453125,91.77389526367188,91.65235900878906,91.51933288574219
100.75050354003906,101.36711883544922,101.55451202392578,101.32926940917969,101.06803894042969,100.7151107788086,100.08089447021484,99.36211395263672,98.81856536865234,98.7596206665039,98.8125991821289,98.48218536376953,98.14590454101562,98.22966003417969,98.61771392822266,99.31448364257812,100.2778091430664,101.04810333251953,101.20178985595703,101.02230834960938,100.91558837890625,100.64551544189453,99.94961547851562,99.18514251708984,98.8917007446289,99.15624237060547,99.50489044189453,99.68221282958984,99.79925537109375,100.11304473876953,100.35459899902344,99.80108642578125,98.80916595458984,98.10411071777344,97.39220428466797,96.31028747558594,94.69635772705078,93.77239227294922,93.2791748046875,92.87604522705078,93.21178436279297,93.55867004394531,93.3348159790039,92.41465759277344
97.99622344970703,98.9441146850586,99.40505981445312,99.49932098388672,99.67913818359375,99.75651550292969,99.52191162109375,99.24835968017578,99.11194610595703,99.24076843261719,99.25259399414062,98.80746459960938,98.22360229492188,98.0979232788086,98.53282165527344,99.30701446533203,100.19452667236328,100.97264862060547,101.320556640625,101.33212280273438,101.37735748291016,101.4515609741211,101.38520050048828,101.10285186767578,100.75127410888672,100.60967254638672,100.56748962402344,100.3902359008789,100.09237670898438,100.32463836669922,100.55708312988281,99.70149230957031,98.5745620727539,97.74019622802734,96.87973022460938,95.98533630371094,94.75411224365234,93.6204833984375,92.91301727294922,92.93639373779297,93.9110107421875,94.55559539794922,94.0062026977539,92.3187026977539
94.06426239013672,95.16827392578125,95.93063354492188,96.20887756347656,96.49008178710938,96.92301940917969,97.33515167236328,97.76236724853516,98.37322998046875,99.08170318603516,99.43842315673828,99.19454956054688,98.66917419433594,98.38983917236328,98.58718872070312,99.18751525878906,99.99774932861328,100.83641052246094,101.4703140258789,101.63916778564453,101.34362030029297,101.05162811279297,101.31620025634766,101.86531066894531,102.05313110351562,101.78714752197266,101.15733337402344,100.47325134277344,100.00264739990234,100.03333282470703,99.78443145751953,98.29496765136719,96.81685638427734,96.28228759765625,95.9813003540039,95.2469482421875,94.22124481201172,92.96188354492188,91.95271301269531,92.17313385009766,93.49269104003906,94.15855407714844,93.10086059570312,90.81805419921875
90.71821594238281,91.4823226928711,92.33580780029297,92.78045654296875,93.15454864501953,93.78763580322266,94.53215789794922,95.41596221923828,96.5306396484375,97.61650085449219,98.21585083007812,98.0923080444336,97.62639617919922,97.37505340576172,97.55554962158203,98.22322845458984,99.23683166503906,100.1285629272461,100.50753784179688,100.34815216064453,99.86419677734375,99.61231231689453,100.14747619628906,101.02552795410156,101.40675354003906,101.19707489013672,100.67344665527344,99.90216064453125,98.89521026611328,98.20958709716797,97.53125,96.64000701904297,96.07376098632812,95.53349304199219,94.81167602539062,94.16544342041016,93.25444030761719,91.8725814819336,90.74899291992188,91.06880950927734,92.14727020263672,92.32782745361328,90.6341552734375,88.04092407226562
88.62796783447266,89.31114959716797,90.17850494384766,90.69440460205078,91.21636199951172,91.75022888183594,92.3969955444336,93.37772369384766,94.42120361328125,95.2751235961914,95.77014923095703,95.81521606445312,95.74466705322266,95.84013366699219,96.19251251220703,97.01579284667969,98.13230895996094,98.87713623046875,98.89089965820312,98.58065795898438,98.36091613769531,98.39012145996094,98.82807922363281,99.42207336425781,99.56597137451172,99.31652069091797,98.87605285644531,98.1146469116211,97.23821258544922,96.51126861572266,95.76293182373047,95.29484558105469,95.10595703125,94.48079681396484,93.57324981689453,93.45735931396484,92.30378723144531,90.08899688720703,89.08683013916016,89.30250549316406,89.84000396728516,89.20165252685547,87.16836547851562,84.61988830566406
85.9192123413086,86.80044555664062,87.55332946777344,88.33573913574219,89.5295181274414,90.66478729248047,91.28717803955078,91.8712387084961,92.89458465576172,93.76029968261719,94.00655364990234,93.94835662841797,94.30797576904297,95.24307250976562,96.30040740966797,97.22309875488281,97.75572204589844,97.73149108886719,97.4112548828125,97.26343536376953,97.46041107177734,97.77531433105469,98.1053466796875,98.2811279296875,97.99150085449219,97.52667999267578,96.87370300292969,96.08708953857422,95.5090560913086,94.82490539550781,94.05030822753906,93.99832153320312,93.89340209960938,93.2945327758789,92.73577117919922,92.33393096923828,91.28927612304688,89.27149200439453,87.72084045410156,86.85859680175781,86.58097839355469,85.90984344482422,83.86697387695312,81.76729583740234
82.26937866210938,83.64630126953125,84.98291778564453,86.08895111083984,87.49578857421875,89.08940887451172,90.00452423095703,90.5036392211914,91.56368255615234,92.80488586425781,93.28622436523438,93.33258819580078,94.02671813964844,95.3613510131836,96.39710235595703,96.55831909179688,96.19522094726562,95.90326690673828,95.73282623291016,95.65242767333984,95.78082275390625,95.99687194824219,96.22404479980469,96.24242401123047,95.87584686279297,95.445556640625,94.99956512451172,94.46073150634766,93.72058868408203,92.87471008300781,92.3976058959961,92.6231689453125,92.51476287841797,91.8338623046875,91.37059020996094,90.61038970947266,89.07242584228516,87.57087707519531,85.90889739990234,84.60675811767578,83.99848937988281,83.27556610107422,81.69454193115234,80.2983627319336
78.804931640625,80.60725402832031,82.55516815185547,83.73037719726562,84.8071060180664,86.31813049316406,87.59893035888672,88.4527816772461,89.64823150634766,91.32714080810547,92.47158813476562,92.86431884765625,93.4155502319336,94.23338317871094,94.56076049804688,94.25140380859375,93.92874908447266,93.79009246826172,93.54132080078125,93.32085418701172,93.30606842041016,93.40719604492188,93.537353515625,93.62676239013672,93.33708190917969,93.1361312866211,93.11283874511719,92.49723815917969,91.66622161865234,91.22217559814453,90.9984359741211,91.09243774414062,90.82569885253906,90.24365997314453,89.79519653320312,89.0419692993164,87.43199920654297,86.0411376953125,84.33393096923828,82.908203125,82.38568115234375,81.83675384521484,81.11234283447266,80.54609680175781
76.26455688476562,77.94661712646484,79.5820541381836,80.61285400390625,81.72444152832031,83.29582977294922,84.74581909179688,85.7343521118164,87.0370864868164,89.08647155761719,90.56739044189453,90.91676330566406,91.01338195800781,91.18669891357422,91.14826965332031,91.06301879882812,91.02608489990234,90.8974380493164,90.79253387451172,90.93885803222656,91.2906265258789,91.3497314453125,91.29377746582031,91.35374450683594,91.07027435302734,90.88026428222656,91.08618927001953,90.96896362304688,90.31012725830078,89.4759292602539,89.02576446533203,89.21607971191406,89.05586242675781,88.58594512939453,88.29540252685547,87.45250701904297,86.06840515136719,84.76911163330078,82.89200592041016,81.43754577636719,81.527587890625,81.74312591552734,81.35347747802734,81.26510620117188
73.9623794555664,75.3861083984375,76.4858627319336,77.05665588378906,78.31465911865234,80.39083099365234,82.1028060913086,83.14653778076172,84.3985595703125,85.91280364990234,86.95948791503906,87.34414672851562,87.35909271240234,87.29448699951172,87.37874603271484,87.78260803222656,88.21306610107422,88.36954498291016,88.3829345703125,88.60323333740234,88.9085693359375,88.82130432128906,88.8923110961914,89.12223052978516,88.94746398925781,88.72129821777344,88.7730484008789,88.65164184570312,87.90039825439453,86.92546844482422,86.72187042236328,87.130859375,87.14459991455078,87.08955383300781,86.58939361572266,85.45443725585938,84.69923400878906,83.2789306640625,80.82937622070312,79.83039855957031,81.10452270507812,82.05634307861328,81.72970581054688,81.72728729248047
71.98316955566406,72.52879333496094,72.79734802246094,73.31159973144531,74.8173828125,77.00248718261719,78.76508331298828,79.767822265625,80.52186584472656,81.66900634765625,82.86487579345703,83.27685546875,83.18917083740234,83.26704406738281,83.53857421875,84.01213073730469,84.57319641113281,84.96125030517578,85.28289031982422,85.68121337890625,85.6885986328125,85.4856948852539,85.47514343261719,85.41519165039062,85.35454559326172,85.49456024169922,85.6377944946289,85.57139587402344,85.18949127197266,84.51399993896484,84.47750854492188,85.14198303222656,85.1673812866211,84.70291900634766,83.83143615722656,82.86312103271484,82.47757720947266,80.71978759765625,78.75688934326172,78.78782653808594,80.29840087890625,81.20311737060547,81.11426544189453,81.11386108398438
69.85868835449219,69.683349609375,69.45144653320312,69.96821594238281,71.19944763183594,72.95816802978516,74.72534942626953,75.85811614990234,76.52481079101562,77.7049331665039,78.62373352050781,78.72811889648438,78.90751647949219,79.4438247680664,79.78148651123047,80.14817810058594,80.68226623535156,80.88676452636719,80.84735870361328,80.98066711425781,81.31389617919922,81.87139129638672,82.16571807861328,81.90245819091797,81.84020233154297,82.41910552978516,83.22037506103516,83.42105102539062,82.79959106445312,82.07868194580078,82.44486236572266,83.06578063964844,82.62455749511719,81.55744171142578,80.54558563232422,79.54463958740234,78.72881317138672,77.49882507324219,76.95026397705078,77.99122619628906,79.07946014404297,79.49170684814453,79.70048522949219,79.55960845947266
68.00277709960938,67.37515258789062,67.03742980957031,67.68429565429688,68.52740478515625,69.53224182128906,70.95950317382812,72.0816650390625,72.81830596923828,73.70081329345703,73.9574203491211,73.90910339355469,74.48652648925781,75.48416137695312,76.2312240600586,76.94486236572266,77.47113037109375,77.5656509399414,77.79336547851562,78.24772644042969,78.85659790039062,79.44465637207031,79.28999328613281,78.47006225585938,78.4465103149414,79.82843780517578,81.44546508789062,81.65109252929688,80.30461883544922,79.25678253173828,80.08642578125,80.32867431640625,78.6902084350586,77.387939453125,77.12531280517578,77.10272979736328,76.3645248413086,75.11691284179688,74.94691467285156,76.69795227050781,77.5018539428711,77.35879516601562,77.61054992675781,77.67768096923828
66.33045959472656,65.57926177978516,65.40457916259766,66.05155944824219,66.99404907226562,68.06236267089844,69.08255004882812,69.75553131103516,70.26087188720703,70.42340087890625,70.27161407470703,70.2110824584961,70.81686401367188,72.12884521484375,73.643310546875,74.72898864746094,75.00450134277344,75.20685577392578,75.67845916748047,76.20463562011719,76.78651428222656,77.1376953125,76.53750610351562,75.61785888671875,75.953125,77.59357452392578,79.0521011352539,79.10228729248047,78.00051879882812,77.41875457763672,77.57475280761719,76.55522918701172,74.42906951904297,73.79917907714844,74.77521514892578,75.05066680908203,73.5517578125,72.56317138671875,73.51669311523438,75.42828369140625,75.37686920166016,74.33195495605469,74.38944244384766,75.06661224365234
64.7108383178711,64.35742950439453,64.60079193115234,65.69119262695312,66.92668151855469,67.49010467529297,67.55189514160156,67.64907836914062,67.920654296875,67.76293182373047,67.9212646484375,68.44654083251953,69.11808776855469,70.02318572998047,71.2188491821289,72.05101776123047,72.10066223144531,72.5565185546875,73.48128509521484,74.2968978881836,74.74437713623047,74.42372131347656,73.7404556274414,73.51306915283203,73.83892059326172,75.01437377929688,76.46053314208984,77.027587890625,76.84680938720703,76.19090270996094,74.87439727783203,72.9443588256836,71.20616149902344,70.78057861328125,71.6058349609375,71.67164611816406,70.2489013671875,69.85416412353516,71.52528381347656,73.01326751708984,72.40286254882812,70.59027862548828,69.90593719482422,70.5202407836914
63.336978912353516,63.618019104003906,64.2547378540039,65.26655578613281,66.08555603027344,66.1916732788086,65.87503051757812,65.63801574707031,65.54468536376953,65.58326721191406,66.31499481201172,67.0715560913086,67.47241973876953,68.02299499511719,68.92293548583984,69.46009063720703,69.87854766845703,70.79862213134766,71.99791717529297,72.99588012695312,73.1994857788086,72.40927124023438,71.471923828125,71.06476593017578,71.06362915039062,71.9863510131836,73.37705993652344,74.2547607421875,74.79290008544922,74.22052001953125,71.95797729492188,69.34191131591797,67.98703002929688,68.01472473144531,68.55844116210938,68.43997955322266,67.57087707519531,67.58600616455078,68.71648406982422,68.86381530761719,67.58427429199219,65.82077026367188,64.73638153076172,64.763916015625
62.2899284362793,63.335933685302734,64.19674682617188,64.75588989257812,64.9743423461914,64.28714752197266,63.41606903076172,63.1739616394043,63.1953125,63.78412628173828,64.8274917602539,65.38063049316406,65.55538177490234,65.93877410888672,66.39928436279297,66.91177368164062,68.12142181396484,69.42173767089844,70.58061218261719,71.65418243408203,71.80177307128906,70.58633422851562,68.80653381347656,67.81305694580078,67.96946716308594,68.83372497558594,69.88497924804688,71.03211212158203,72.15499877929688,71.42011260986328,68.20061492919922,65.1811752319336,64.63884735107422,65.47026824951172,65.9467544555664,65.50857543945312,64.8310317993164,64.77140808105469,65.08628845214844,64.41567993164062,62.69865798950195,61.07046890258789,60.021934509277344,59.79463195800781
