data/wind_data/wind_27_8.json
{"header": {"parameterUnit": "KT", "parameterCategory": 2, "nx": 256, "ny": 198, "lo1": 44.73521041870117, "la1": -3.236724853515625, "lo2": 111.26478576660156, "la2": 43.468475341796875, "dx": 0.2609002888202667, "dy": -0.23708222806453705, "refTime": "2025-02-20 03:00:00", "forecastTime": 0, "parameterNumber": 2, "parameterNumberName": "eastward_wind"}, "data":
[rows 0 to 18 of 198, columns 132 to 175 of 256]
-1.283441424369812,-0.9612536430358887,-0.9247142672538757,-0.9277064204216003,-0.3394664525985718,0.33958402276039124,0.4253237247467041,0.36928632855415344,0.40818077325820923,0.638350248336792,1.3169904947280884,1.8098986148834229,1.9120151996612549,1.4322348833084106,0.13294725120067596,-0.4812430441379547,-0.194510355591774,0.31164321303367615,0.9931070804595947,1.0458309650421143,0.5190989971160889,-0.6863974928855896,-2.2559080123901367,-2.716975212097168,-2.891662359237671,-4.390746116638184,-6.361329078674316,-8.108826637268066,-9.50242805480957,-10.140040397644043,-10.328051567077637,-10.104928016662598,-9.835046768188477,-9.88129711151123,-8.940906524658203,-6.3466362953186035,-5.577769756317139,-7.151473045349121,-8.59044361114502,-9.789299011230469,-9.303247451782227,-7.560885429382324,-7.447225093841553,-8.250687599182129
-2.6174936294555664,-2.217881202697754,-2.011432409286499,-1.633961796760559,-0.41642799973487854,0.6857396960258484,0.5495396256446838,0.1980743706226349,-0.2678396999835968,-0.9594514966011047,-1.0015597343444824,-0.5061200261116028,0.27428296208381653,0.6429915428161621,0.1219300776720047,-0.1559862494468689,-0.0441269651055336,0.34862908720970154,1.3756319284439087,2.167128086090088,2.03877329826355,1.0749585628509521,-0.335323691368103,-1.5768920183181763,-2.1987273693084717,-3.071331262588501,-4.495843410491943,-6.199152946472168,-8.115777969360352,-9.300129890441895,-9.416338920593262,-8.841200828552246,-8.330144882202148,-8.343267440795898,-7.114105224609375,-4.727734565734863,-4.798914432525635,-6.496124744415283,-8.01169490814209,-8.981295585632324,-7.673601150512695,-6.251038074493408,-6.931936740875244,-7.407751560211182
-3.0082762241363525,-3.34757137298584,-3.360792636871338,-3.1625282764434814,-2.3722472190856934,-1.2375860214233398,-0.9881985187530518,-0.9799368381500244,-1.1233233213424683,-1.6604760885238647,-2.0008256435394287,-2.1108474731445312,-1.6723042726516724,-0.8483541011810303,-0.4372865855693817,-0.26834145188331604,-0.3321019411087036,-0.625236988067627,-0.563749372959137,-0.4695452153682709,-0.7730817198753357,-0.7892954349517822,-0.7816038727760315,-1.3823742866516113,-1.6621568202972412,-1.9099488258361816,-2.704815626144409,-3.7760775089263916,-4.92601203918457,-5.870584011077881,-6.410557746887207,-6.437695026397705,-6.542593479156494,-7.147601127624512,-7.024336338043213,-6.218472957611084,-6.437410354614258,-7.049853801727295,-6.958577632904053,-6.240670204162598,-5.288909912109375,-5.226278781890869,-6.195282459259033,-6.527711391448975
-2.991731882095337,-3.752877950668335,-3.806060552597046,-4.004508018493652,-4.052632808685303,-3.392404317855835,-3.029942274093628,-2.8804149627685547,-2.9866762161254883,-3.8185086250305176,-4.885766506195068,-5.561351299285889,-5.459624290466309,-4.577294826507568,-3.651134490966797,-3.459728717803955,-4.114440441131592,-5.1623334884643555,-6.07243537902832,-6.481553554534912,-6.240297794342041,-4.953091621398926,-3.7421391010284424,-3.6446545124053955,-3.4941651821136475,-3.0937411785125732,-2.9677212238311768,-3.120455265045166,-3.41668963432312,-3.5765597820281982,-3.641266107559204,-3.8368167877197266,-4.427496910095215,-5.2564287185668945,-5.7207489013671875,-5.977028846740723,-6.3699164390563965,-6.644469738006592,-6.130992889404297,-4.708926677703857,-4.069827556610107,-4.9821929931640625,-6.097622394561768,-6.476798057556152
-0.9775078296661377,-2.510582208633423,-3.057255983352661,-4.0368170738220215,-5.056880474090576,-5.518272399902344,-5.759826183319092,-6.113519668579102,-7.651997089385986,-10.42540454864502,-13.108101844787598,-14.287229537963867,-13.695512771606445,-12.126713752746582,-11.030502319335938,-11.37950325012207,-12.87789249420166,-14.91866397857666,-16.5975341796875,-16.983837127685547,-16.240333557128906,-14.952033996582031,-14.103768348693848,-13.851807594299316,-13.266716003417969,-12.127707481384277,-10.549159049987793,-9.06782054901123,-7.9634318351745605,-6.101372241973877,-3.714315176010132,-2.094637870788574,-2.1691577434539795,-2.872582197189331,-3.6133618354797363,-4.465510368347168,-5.424194812774658,-6.309678077697754,-6.441702842712402,-6.0320587158203125,-5.669802665710449,-5.964914798736572,-6.445252895355225,-6.500263690948486
-1.6768766641616821,-3.5116922855377197,-4.324871063232422,-4.78383731842041,-5.132137775421143,-5.415450096130371,-5.4394659996032715,-5.727728843688965,-6.485315322875977,-7.933984279632568,-9.553863525390625,-10.340243339538574,-10.700416564941406,-10.321704864501953,-9.795186042785645,-9.413846969604492,-9.342092514038086,-10.004888534545898,-11.065239906311035,-11.529106140136719,-11.172165870666504,-10.375811576843262,-10.403800010681152,-10.900018692016602,-11.01483154296875,-10.769469261169434,-10.4158935546875,-10.603310585021973,-11.241509437561035,-10.884712219238281,-9.142986297607422,-6.33364200592041,-3.875466823577881,-2.354755163192749,-1.8707449436187744,-2.3214852809906006,-3.322248697280884,-4.657134532928467,-5.46386194229126,-5.78787899017334,-5.495369911193848,-5.20298433303833,-5.684493541717529,-5.833001613616943
-1.5466288328170776,-2.9177958965301514,-3.6050069332122803,-4.059444427490234,-4.751657009124756,-5.620612144470215,-5.995047569274902,-6.533195972442627,-7.463232517242432,-9.558300018310547,-11.268487930297852,-11.779680252075195,-11.906940460205078,-11.957921981811523,-12.253108024597168,-12.244977951049805,-12.188194274902344,-12.71641731262207,-13.54805850982666,-13.991103172302246,-13.315114974975586,-12.556303977966309,-13.115530967712402,-13.741011619567871,-13.783001899719238,-13.234939575195312,-12.773051261901855,-12.358687400817871,-12.258341789245605,-12.313986778259277,-11.774731636047363,-10.070565223693848,-7.508857727050781,-4.842707633972168,-2.7535033226013184,-1.5492042303085327,-1.287782907485962,-1.9832645654678345,-2.817061424255371,-3.651418924331665,-3.4634456634521484,-2.967555284500122,-3.1871485710144043,-3.5368199348449707
-2.359480619430542,-2.6392109394073486,-3.0048022270202637,-3.6642606258392334,-4.100811004638672,-4.560489654541016,-5.339012622833252,-6.262852668762207,-6.986941814422607,-8.38272762298584,-9.56021499633789,-9.858283042907715,-10.061784744262695,-10.470361709594727,-11.028621673583984,-11.145551681518555,-10.875015258789062,-10.513237953186035,-10.288763046264648,-10.54820728302002,-10.760180473327637,-10.737417221069336,-11.979655265808105,-12.918834686279297,-12.850503921508789,-12.144886016845703,-12.049773216247559,-12.344867706298828,-12.33928394317627,-12.32065200805664,-12.511561393737793,-12.187020301818848,-10.70337200164795,-8.129164695739746,-5.223733901977539,-2.6634271144866943,-1.0066556930541992,-0.46788811683654785,-0.5358927845954895,-1.3503073453903198,-1.6656922101974487,-1.6688886880874634,-1.8369070291519165,-2.188539743423462
-2.735029697418213,-2.1438231468200684,-2.1289024353027344,-3.0439138412475586,-2.991363763809204,-2.9788105487823486,-3.7881522178649902,-5.005857944488525,-6.245649814605713,-8.031498908996582,-9.607873916625977,-10.002679824829102,-9.876029968261719,-10.210122108459473,-10.990285873413086,-11.614625930786133,-11.838418006896973,-11.539151191711426,-11.123838424682617,-10.991959571838379,-10.990096092224121,-11.064295768737793,-12.243695259094238,-13.474414825439453,-13.504898071289062,-12.904115676879883,-12.650736808776855,-12.56558895111084,-12.373826026916504,-12.46141529083252,-13.177928924560547,-13.609088897705078,-12.829784393310547,-10.635820388793945,-7.742245674133301,-4.958900451660156,-2.6770293712615967,-1.217242956161499,-0.5916414856910706,-0.7690108418464661,-1.008490800857544,-1.5075931549072266,-1.4702225923538208,-2.1056084632873535
-2.8486716747283936,-2.325201988220215,-1.6504043340682983,-2.001142978668213,-1.5449256896972656,-1.74402916431427,-2.842742919921875,-3.9078469276428223,-5.046560764312744,-7.002890586853027,-8.720396995544434,-9.013504028320312,-8.621684074401855,-9.086033821105957,-9.747106552124023,-10.115533828735352,-10.39159107208252,-10.664057731628418,-10.829628944396973,-10.597734451293945,-10.187088966369629,-9.931336402893066,-11.077707290649414,-12.032608985900879,-12.311685562133789,-12.628278732299805,-13.083468437194824,-13.038010597229004,-12.59410572052002,-12.588730812072754,-13.32779312133789,-13.9695405960083,-13.808144569396973,-12.452115058898926,-10.067506790161133,-7.558990955352783,-5.301991939544678,-3.5538926124572754,-2.2714152336120605,-1.1715165376663208,-0.8965387344360352,-1.6569229364395142,-2.4047017097473145,-2.664726734161377
-2.23319673538208,-1.820359468460083,-1.2646137475967407,-0.8296200037002563,-0.3381604850292206,-0.8558768630027771,-1.9201328754425049,-2.7022674083709717,-3.4962046146392822,-5.469946384429932,-7.335615158081055,-7.759756088256836,-7.6879963874816895,-8.503700256347656,-9.382328033447266,-9.705214500427246,-9.67347526550293,-9.936357498168945,-10.367008209228516,-10.079888343811035,-9.58485221862793,-9.722230911254883,-10.331180572509766,-10.6656494140625,-11.13731575012207,-12.246145248413086,-13.292916297912598,-13.208064079284668,-12.617385864257812,-12.678847312927246,-13.088732719421387,-13.296163558959961,-13.271379470825195,-12.689188957214355,-11.471729278564453,-9.953954696655273,-8.409940719604492,-6.912868022918701,-5.304332733154297,-2.9388556480407715,-1.3294610977172852,-2.2761800289154053,-3.5337331295013428,-3.7004144191741943
-1.6774773597717285,-1.1337085962295532,-0.5541276931762695,-0.05931810289621353,0.4218800663948059,0.02365850657224655,-0.7125488519668579,-1.5393314361572266,-2.4522509574890137,-3.94504976272583,-5.537363529205322,-6.351531982421875,-6.903016567230225,-7.72416877746582,-8.263784408569336,-8.445055961608887,-8.409826278686523,-8.561603546142578,-9.035006523132324,-9.06319522857666,-8.8667573928833,-8.983551979064941,-9.16165542602539,-9.493203163146973,-10.4454345703125,-12.163836479187012,-13.28584098815918,-13.0184965133667,-12.541621208190918,-12.714807510375977,-12.532222747802734,-11.837509155273438,-11.136186599731445,-10.845544815063477,-10.647659301757812,-10.4903564453125,-10.86298942565918,-10.493608474731445,-8.870706558227539,-6.537765979766846,-4.388369560241699,-4.807433128356934,-6.040872097015381,-5.560424327850342
-1.144691824913025,-0.6607691049575806,-0.22123512625694275,0.006876660510897636,0.6705241799354553,0.7656594514846802,0.2405746430158615,-0.8536915183067322,-1.4950323104858398,-2.739781379699707,-4.0930256843566895,-4.9562506675720215,-5.986032962799072,-6.910494804382324,-7.219295501708984,-7.165744304656982,-7.235257148742676,-7.736844062805176,-8.474245071411133,-8.694877624511719,-8.484821319580078,-8.207415580749512,-8.330442428588867,-8.686773300170898,-9.763910293579102,-11.891575813293457,-13.088186264038086,-12.64873218536377,-12.152933120727539,-12.036813735961914,-11.340782165527344,-10.114845275878906,-9.008767127990723,-9.50866985321045,-9.888129234313965,-10.048672676086426,-11.547154426574707,-12.944526672363281,-11.951303482055664,-9.481794357299805,-7.493495464324951,-6.803042411804199,-6.900378227233887,-6.998913288116455
-0.48045966029167175,-0.5481006503105164,-0.1866895854473114,0.3220753073692322,0.41350680589675903,0.7499430775642395,0.38798987865448,-0.3732994496822357,-1.0535809993743896,-2.2927210330963135,-2.945294141769409,-3.56660795211792,-4.739179611206055,-5.29457950592041,-5.496339321136475,-5.717926502227783,-5.825608730316162,-6.214637279510498,-7.077889919281006,-8.048235893249512,-8.624213218688965,-8.842187881469727,-8.980273246765137,-8.848128318786621,-9.488320350646973,-11.250799179077148,-11.993672370910645,-11.095194816589355,-10.138057708740234,-9.719135284423828,-9.785204887390137,-9.287446975708008,-8.386917114257812,-7.610734462738037,-8.740118026733398,-9.840242385864258,-10.816645622253418,-12.93688678741455,-13.038265228271484,-10.969673156738281,-8.865678787231445,-7.408063888549805,-6.435574054718018,-7.016460418701172
-0.9985677599906921,-0.9947011470794678,-0.07497715950012207,0.9597600698471069,0.8345892429351807,0.4127597510814667,-0.3613467514514923,-0.8943074345588684,-1.6771600246429443,-2.029047966003418,-2.333054780960083,-3.5729904174804688,-4.186049938201904,-3.6545841693878174,-3.6589457988739014,-4.427858352661133,-4.90993070602417,-4.720141887664795,-4.750233173370361,-6.168333530426025,-7.784974575042725,-9.007183074951172,-9.647014617919922,-10.16653823852539,-10.929529190063477,-11.622810363769531,-11.088424682617188,-9.824823379516602,-8.297917366027832,-6.944238185882568,-7.314786911010742,-7.478776931762695,-7.5508503913879395,-7.03861141204834,-7.394021511077881,-9.040908813476562,-10.326623916625977,-11.767184257507324,-12.326930046081543,-11.451083183288574,-9.9599609375,-9.012447357177734,-7.228097915649414,-5.680673122406006
-1.263184905052185,-1.3027204275131226,-0.2407679259777069,1.0216799974441528,0.9315888285636902,-0.4250272214412689,-1.4622474908828735,-1.8742256164550781,-2.165220022201538,-1.5706539154052734,-2.323953151702881,-4.41586446762085,-4.482211112976074,-3.2599005699157715,-3.1799404621124268,-4.131261825561523,-4.08457088470459,-3.3810274600982666,-3.4323348999023438,-5.027156829833984,-6.575094223022461,-7.651855945587158,-8.264245986938477,-9.303354263305664,-10.630509376525879,-11.609514236450195,-11.364670753479004,-10.711455345153809,-8.708882331848145,-5.371171474456787,-5.098370552062988,-6.517789363861084,-6.925349235534668,-6.869293212890625,-7.291228771209717,-7.773349285125732,-8.727946281433105,-10.220226287841797,-10.796743392944336,-10.748260498046875,-10.308448791503906,-9.566192626953125,-8.146734237670898,-6.267842769622803
0.1243089959025383,-0.7368630766868591,-0.39296436309814453,0.500099778175354,0.16609010100364685,-1.7154443264007568,-2.472855806350708,-2.265479803085327,-1.7916209697723389,-1.6830201148986816,-2.940709114074707,-4.57642936706543,-4.460869789123535,-3.3870551586151123,-3.2049689292907715,-4.1947550773620605,-3.7498342990875244,-2.182960033416748,-1.6836767196655273,-3.196631669998169,-5.253589153289795,-6.509247779846191,-6.043105125427246,-6.0289130210876465,-7.971832275390625,-9.663212776184082,-10.276681900024414,-11.311432838439941,-10.400979042053223,-7.04660177230835,-3.8768680095672607,-5.163175106048584,-6.765287399291992,-7.432229518890381,-6.90095329284668,-5.829858303070068,-6.884416580200195,-8.99313735961914,-9.545641899108887,-9.697479248046875,-9.582571983337402,-8.91171932220459,-8.436656951904297,-6.756196975708008
2.095388174057007,1.2038697004318237,0.3502597510814667,0.19176220893859863,-0.42846474051475525,-1.8338806629180908,-2.6982455253601074,-2.838243007659912,-2.0921096801757812,-1.660213828086853,-2.122817277908325,-4.044008731842041,-4.260144233703613,-2.461578369140625,-2.356499195098877,-4.138671398162842,-4.995607852935791,-2.8533742427825928,-0.6078615784645081,-0.1742693930864334,-1.9566665887832642,-3.6452925205230713,-3.7083702087402344,-3.019843578338623,-4.684272766113281,-7.241401672363281,-8.016862869262695,-9.582592010498047,-9.970142364501953,-7.6016011238098145,-3.9140822887420654,-3.820882797241211,-5.964608192443848,-6.989692687988281,-5.866013526916504,-4.602993965148926,-5.410187721252441,-7.347702503204346,-8.966163635253906,-9.172403335571289,-8.882153511047363,-8.398004531860352,-7.825649738311768,-5.89099645614624
3.0248947143554688,2.909079074859619,1.9603793621063232,1.0637016296386719,-0.13478337228298187,-1.0280859470367432,-2.2044479846954346,-2.3240418434143066,-1.4657379388809204,-0.6862488985061646,-0.8286367654800415,-2.407871723175049,-2.74094295501709,-1.2687424421310425,-1.327132225036621,-3.131088972091675,-5.92198371887207,-5.592004299163818,-3.060138702392578,-0.03543288633227348,-0.11759490519762039,0.583864688873291,0.16911232471466064,-1.7540185451507568,-2.3564157485961914,-4.780351638793945,-6.249242782592773,-7.691949844360352,-8.74594783782959,-8.167712211608887,-4.946348190307617,-2.419253349304199,-4.2725911140441895,-5.861990928649902,-5.5928425788879395,-6.037086486816406,-6.305430889129639,-3.9813997745513916,-4.256382465362549,-10.140016555786133,-9.798727989196777,-8.553983688354492,-7.112707614898682,-4.912476539611816
