data/wind_data/wind_25_5.json
{"header": {"parameterUnit": "KT", "parameterCategory": 2, "nx": 256, "ny": 198, "lo1": 44.73521041870117, "la1": -3.236724853515625, "lo2": 111.26478576660156, "la2": 43.468475341796875, "dx": 0.2609002888202667, "dy": -0.23708222806453705, "refTime": "2025-02-20 01:00:00", "forecastTime": 0, "parameterNumber": 2, "parameterNumberName": "eastward_wind"}, "data":
[rows 76 to 94 of 198, columns 88 to 131 of 256]
13.992877006530762,14.183060646057129,14.38619613647461,14.614161491394043,14.898029327392578,15.237227439880371,15.588128089904785,15.87581729888916,16.098787307739258,16.343326568603516,16.70191192626953,17.205081939697266,17.81580352783203,18.48955535888672,19.241302490234375,20.12820816040039,21.118438720703125,22.054800033569336,22.81130599975586,23.360057830810547,23.430883407592773,22.8577938079834,22.271160125732422,22.45932388305664,23.109045028686523,23.3633975982666,23.24289321899414,23.33193588256836,24.111661911010742,25.07737922668457,24.15880012512207,22.105968475341797,20.336347579956055,19.53544044494629,19.703298568725586,19.87871742248535,19.558523178100586,18.87835121154785,18.80487060546875,19.070707321166992,19.27107048034668,19.343420028686523,19.528034210205078,19.415178298950195
16.066144943237305,16.236099243164062,16.42033576965332,16.610502243041992,16.816640853881836,17.031713485717773,17.215513229370117,17.31877899169922,17.36712074279785,17.473623275756836,17.724782943725586,18.115880966186523,18.599363327026367,19.198410034179688,19.98446273803711,20.958356857299805,21.999113082885742,22.975820541381836,23.81492805480957,24.381793975830078,24.34377670288086,23.687623977661133,23.36993408203125,23.856218338012695,24.36132049560547,24.14238929748535,23.63705062866211,23.56239891052246,24.395156860351562,26.050535202026367,26.97105598449707,25.782136917114258,23.447227478027344,21.331087112426758,20.562719345092773,20.914005279541016,21.40131187438965,21.46841812133789,21.154903411865234,20.982398986816406,21.3463134765625,21.557514190673828,21.106277465820312,20.42698860168457
18.09727668762207,18.300018310546875,18.500205993652344,18.70929718017578,18.9232120513916,19.109424591064453,19.218448638916016,19.2179012298584,19.11693572998047,19.008682250976562,19.021717071533203,19.207500457763672,19.500490188598633,19.910860061645508,20.584869384765625,21.624794006347656,22.873132705688477,24.003721237182617,24.872119903564453,25.37322235107422,25.175737380981445,24.464941024780273,24.443439483642578,25.420265197753906,25.994461059570312,25.44542121887207,24.69257354736328,24.549928665161133,25.15091323852539,26.430479049682617,27.73162269592285,27.919458389282227,26.63848304748535,24.184335708618164,22.077434539794922,21.677236557006836,22.33426284790039,23.010988235473633,23.00246238708496,22.845157623291016,23.24418067932129,23.799945831298828,23.429763793945312,22.4205379486084
19.881864547729492,20.107851028442383,20.350780487060547,20.657119750976562,20.995452880859375,21.27484703063965,21.427326202392578,21.451610565185547,21.32563018798828,21.04954719543457,20.770090103149414,20.685579299926758,20.799257278442383,21.031030654907227,21.49357032775879,22.366933822631836,23.64072036743164,25.01015853881836,26.045080184936523,26.522235870361328,26.236162185668945,25.523250579833984,25.665904998779297,27.067232131958008,27.852262496948242,27.229877471923828,26.443561553955078,26.034381866455078,25.918882369995117,26.42010498046875,27.665292739868164,28.73212432861328,28.993371963500977,27.79416275024414,25.195079803466797,23.33564567565918,22.9891414642334,23.252674102783203,23.46539306640625,23.78002166748047,24.330976486206055,24.94272804260254,25.102153778076172,24.60851287841797
21.462749481201172,21.722448348999023,21.95724868774414,22.293724060058594,22.734664916992188,23.16282844543457,23.479185104370117,23.656118392944336,23.652421951293945,23.41014289855957,23.005962371826172,22.677038192749023,22.57793617248535,22.66160011291504,22.926610946655273,23.492048263549805,24.446809768676758,25.729759216308594,26.981475830078125,27.64201545715332,27.45124626159668,26.897083282470703,27.1124324798584,28.589784622192383,29.555641174316406,29.079872131347656,28.255022048950195,27.486879348754883,26.92908477783203,26.83920669555664,27.397937774658203,28.729726791381836,29.864652633666992,30.38571548461914,29.279428482055664,26.695293426513672,24.78801727294922,24.335115432739258,24.584026336669922,24.802833557128906,24.994380950927734,25.47812843322754,26.022972106933594,26.173736572265625
22.897336959838867,23.157939910888672,23.421117782592773,23.777647018432617,24.22332000732422,24.668548583984375,25.046375274658203,25.349214553833008,25.527559280395508,25.510295867919922,25.28107452392578,24.921552658081055,24.600414276123047,24.462291717529297,24.57843017578125,24.972274780273438,25.613840103149414,26.483400344848633,27.62664031982422,28.530349731445312,28.615982055664062,28.340621948242188,28.821874618530273,30.373321533203125,31.292680740356445,30.680335998535156,29.60845375061035,28.730220794677734,28.142635345458984,27.860342025756836,27.828767776489258,28.43373680114746,29.601072311401367,30.860116958618164,31.528921127319336,30.576183319091797,28.366668701171875,26.639301300048828,26.274187088012695,26.437744140625,26.524290084838867,26.758405685424805,27.225730895996094,27.67365074157715
24.249074935913086,24.43759536743164,24.673603057861328,25.029884338378906,25.46234703063965,25.854000091552734,26.17508888244629,26.480058670043945,26.759000778198242,26.961502075195312,27.05042266845703,26.932283401489258,26.566940307617188,26.177690505981445,26.08558464050293,26.39360237121582,26.961639404296875,27.590166091918945,28.410585403442383,29.34436798095703,29.77016258239746,29.75687026977539,30.380870819091797,31.872520446777344,32.592525482177734,31.74169921875,30.54816436767578,29.698171615600586,29.205530166625977,28.97734832763672,28.94189453125,29.185943603515625,29.851823806762695,30.579755783081055,31.178068161010742,31.78392791748047,31.629404067993164,29.83243751525879,27.94582748413086,27.425325393676758,27.887670516967773,28.434932708740234,28.763280868530273,29.082401275634766
25.476152420043945,25.584327697753906,25.756837844848633,26.043508529663086,26.3906307220459,26.7007999420166,26.979877471923828,27.290348052978516,27.615835189819336,27.91607093811035,28.18881607055664,28.323442459106445,28.134572982788086,27.71320343017578,27.454599380493164,27.634016036987305,28.161914825439453,28.763517379760742,29.421039581298828,30.25839614868164,30.92891502380371,31.208982467651367,31.875246047973633,33.01637649536133,33.359291076660156,32.518131256103516,31.42076301574707,30.684682846069336,30.323360443115234,30.122692108154297,30.004119873046875,30.098844528198242,30.499053955078125,30.997732162475586,31.285818099975586,31.406024932861328,31.773439407348633,31.7847957611084,30.35002899169922,28.948566436767578,28.852188110351562,29.45830726623535,30.009010314941406,30.22371482849121
26.609012603759766,26.675132751464844,26.755611419677734,26.883394241333008,27.055526733398438,27.265695571899414,27.544509887695312,27.90802764892578,28.300779342651367,28.630903244018555,28.897357940673828,29.066795349121094,29.026744842529297,28.796106338500977,28.627946853637695,28.758251190185547,29.18509864807129,29.753000259399414,30.382362365722656,31.11113166809082,31.93290901184082,32.76621627807617,33.76791763305664,34.460418701171875,34.26280212402344,33.44850158691406,32.49401092529297,31.83747673034668,31.536951065063477,31.351716995239258,31.151968002319336,30.974905014038086,30.898622512817383,31.016904830932617,31.27649688720703,31.46250343322754,31.518299102783203,31.660205841064453,31.483047485351562,31.134546279907227,30.930843353271484,30.856037139892578,31.05877685546875,31.22492790222168
27.82504653930664,27.872867584228516,27.849966049194336,27.765323638916016,27.695451736450195,27.740392684936523,27.962398529052734,28.354036331176758,28.813766479492188,29.18964385986328,29.435686111450195,29.54857635498047,29.5187931060791,29.434961318969727,29.42775535583496,29.577613830566406,29.945762634277344,30.42780303955078,31.03367805480957,31.745647430419922,32.584739685058594,33.78913116455078,35.18777847290039,35.750099182128906,35.24526596069336,34.46928024291992,33.76277542114258,33.174659729003906,32.81052017211914,32.6309928894043,32.35831832885742,31.830307006835938,31.281877517700195,30.980512619018555,30.963106155395508,31.106809616088867,31.285762786865234,31.461894989013672,31.68096160888672,31.984975814819336,32.47005844116211,32.60503387451172,32.60202407836914,32.735816955566406
29.376056671142578,29.326793670654297,29.192590713500977,28.977397918701172,28.760568618774414,28.624059677124023,28.64385223388672,28.8767147064209,29.245115280151367,29.585573196411133,29.84550666809082,30.020734786987305,30.064523696899414,30.0487003326416,30.100873947143555,30.216819763183594,30.47478485107422,30.874258041381836,31.38467025756836,32.098609924316406,32.940189361572266,34.056278228759766,35.62395095825195,36.671295166015625,36.39986038208008,35.603939056396484,35.01153564453125,34.53141784667969,34.089603424072266,33.73100662231445,33.234619140625,32.476505279541016,31.69749641418457,31.150625228881836,30.901643753051758,30.93376922607422,31.177608489990234,31.535968780517578,31.986955642700195,32.43573760986328,33.14728927612305,33.76547622680664,34.02545166015625,34.47468566894531
31.329872131347656,31.132369995117188,30.828386306762695,30.50720977783203,30.216882705688477,29.953411102294922,29.773881912231445,29.77655601501465,29.94670867919922,30.161710739135742,30.373661041259766,30.611356735229492,30.811201095581055,30.895193099975586,30.944042205810547,31.017620086669922,31.108409881591797,31.338191986083984,31.73336410522461,32.26765060424805,33.067508697509766,33.940452575683594,35.3458251953125,36.97566223144531,37.49424362182617,36.77448654174805,35.89249038696289,35.3017463684082,34.8193359375,34.272926330566406,33.61345291137695,32.95286560058594,32.397499084472656,31.932016372680664,31.56645965576172,31.409088134765625,31.540180206298828,31.944259643554688,32.489620208740234,32.97040939331055,33.52520751953125,34.31582260131836,34.99301528930664,35.7655029296875
33.091758728027344,32.96879196166992,32.64301681518555,32.241844177246094,31.856103897094727,31.48756980895996,31.18986701965332,31.053722381591797,31.085453033447266,31.203821182250977,31.349210739135742,31.548059463500977,31.79770851135254,31.96491050720215,31.974409103393555,31.96640396118164,31.933473587036133,31.924116134643555,32.153045654296875,32.494163513183594,33.049007415771484,33.70232391357422,34.88351058959961,36.70419692993164,37.89852523803711,37.5541877746582,36.4542121887207,35.57487869262695,35.02088165283203,34.5419807434082,34.05260467529297,33.64620590209961,33.371891021728516,33.097660064697266,32.67981719970703,32.2602653503418,32.17641830444336,32.5086555480957,32.9980583190918,33.4349365234375,33.92742156982422,34.25336456298828,34.68212127685547,35.73563766479492
34.31793975830078,34.37370300292969,34.20505905151367,33.85041809082031,33.442535400390625,33.045963287353516,32.73378372192383,32.582218170166016,32.58467102050781,32.66029357910156,32.7424201965332,32.83795928955078,32.99063491821289,33.14111328125,33.13441467285156,32.99681091308594,32.875579833984375,32.77037048339844,32.88031005859375,33.05674743652344,33.34435272216797,33.98417663574219,35.191864013671875,36.708038330078125,37.70907211303711,37.65846633911133,36.82466506958008,35.90915298461914,35.3333740234375,35.07721710205078,34.89201354980469,34.635658264160156,34.35243606567383,34.00544738769531,33.516971588134766,32.99768829345703,32.74501037597656,32.95378112792969,33.47340393066406,34.00108337402344,34.417999267578125,34.60367965698242,34.50177001953125,34.904239654541016
35.46232986450195,35.59934616088867,35.573272705078125,35.3224983215332,34.94508743286133,34.558074951171875,34.24806594848633,34.0994758605957,34.13211441040039,34.25547790527344,34.35272979736328,34.3861198425293,34.37351989746094,34.367801666259766,34.32403564453125,34.1317024230957,33.94013977050781,33.7903938293457,33.81658172607422,33.91334533691406,34.052738189697266,34.75088119506836,35.958343505859375,36.89155578613281,37.308441162109375,37.431861877441406,37.17875671386719,36.57884216308594,36.081748962402344,35.90372848510742,35.82490921020508,35.610164642333984,35.296199798583984,34.9337043762207,34.42699432373047,33.8348388671875,33.45961380004883,33.648399353027344,34.38522720336914,35.20172119140625,35.665828704833984,35.78411865234375,35.47456359863281,35.27764129638672
36.686981201171875,36.884117126464844,37.001338958740234,36.93873977661133,36.726993560791016,36.43106460571289,36.09184646606445,35.80620193481445,35.68094253540039,35.71242141723633,35.77500534057617,35.80339431762695,35.770164489746094,35.6826057434082,35.5512809753418,35.34883499145508,35.26152420043945,35.158233642578125,35.02277374267578,35.026580810546875,35.0655632019043,35.567138671875,36.60370635986328,37.587196350097656,38.059959411621094,38.110130310058594,37.84373092651367,37.3246955871582,36.929840087890625,36.85472106933594,36.83510208129883,36.62175369262695,36.37146759033203,36.144779205322266,35.693603515625,35.03495788574219,34.555599212646484,34.742103576660156,35.67799377441406,36.77787780761719,37.43260192871094,37.51274108886719,36.85486602783203,36.13693618774414
37.97892379760742,38.1428108215332,38.343231201171875,38.48238754272461,38.51844024658203,38.473915100097656,38.32746505737305,38.0733528137207,37.77511215209961,37.495086669921875,37.24602508544922,37.06120681762695,36.99751281738281,37.013736724853516,36.959232330322266,36.78607177734375,36.85664367675781,37.001487731933594,36.718631744384766,36.4990234375,36.51118087768555,36.807987213134766,37.513362884521484,38.545597076416016,39.460655212402344,39.69761657714844,39.117713928222656,38.17081069946289,37.591392517089844,37.54263687133789,37.6024169921875,37.470584869384766,37.331993103027344,37.17411804199219,36.71229553222656,36.03148651123047,35.585601806640625,35.727359771728516,36.614566802978516,37.76344680786133,38.51068878173828,38.56485366821289,37.79544448852539,36.80331039428711
39.39311599731445,39.58538818359375,39.73983383178711,39.867942810058594,39.97452163696289,40.086368560791016,40.15324783325195,40.09199142456055,39.87919235229492,39.53984069824219,39.134185791015625,38.75801467895508,38.522830963134766,38.47126007080078,38.48392868041992,38.400306701660156,38.423343658447266,38.75486373901367,38.6084098815918,38.19942855834961,38.14092254638672,38.31314468383789,38.64423751831055,39.243473052978516,39.92549514770508,40.31200408935547,40.008514404296875,39.1177864074707,38.4211311340332,38.233638763427734,38.22380065917969,38.11037826538086,37.93425750732422,37.61912155151367,37.03403854370117,36.3794059753418,36.07569885253906,36.35976791381836,37.18227005004883,38.13542938232422,38.716495513916016,38.600929260253906,37.945308685302734,37.28897476196289
40.353240966796875,40.7721061706543,41.08594512939453,41.276248931884766,41.34659194946289,41.38298416137695,41.40974044799805,41.33831024169922,41.11509323120117,40.76815414428711,40.438419342041016,40.27940368652344,40.245819091796875,40.162620544433594,39.948944091796875,39.69716262817383,39.53582763671875,39.69135284423828,39.67824935913086,39.28865432739258,39.18759536743164,39.31121826171875,39.36235427856445,39.476806640625,39.709407806396484,39.858314514160156,39.59104537963867,39.046539306640625,38.56553649902344,38.293556213378906,38.18182373046875,38.222557067871094,38.19055938720703,37.860164642333984,37.19636154174805,36.41714096069336,35.94305419921875,36.17511749267578,37.045372009277344,37.99153518676758,38.532657623291016,38.36762237548828,37.93307876586914,37.7007942199707
