data/wind_data/wind_2025-02-21_03.json
{"header": {"parameterUnit": "KT", "parameterCategory": 2, "nx": 255, "ny": 198, "lo1": 44.73521041870117, "la1": -3.236724853515625, "lo2": 111.26478576660156, "la2": 43.468475341796875, "dx": 0.26192745566368103, "dy": -0.23708222806453705, "refTime": "2025-02-21 03:00:00", "forecastTime": 0, "parameterNumber": 3, "parameterNumberName": "northward_wind"}, "data":
[rows 171 to 189 of 198, columns 172 to 214 of 255]
-0.5666524171829224,-1.9001953601837158,-1.5216604471206665,-1.6295623779296875,-5.792828559875488,-4.427190780639648,-0.5937092900276184,1.1781988143920898,-2.168562889099121,-4.044623374938965,-2.7507944107055664,-2.110980749130249,-3.7606699466705322,-4.4604291915893555,-4.280791759490967,-6.33298921585083,-8.886181831359863,-7.980358600616455,-4.572143077850342,-4.706501007080078,-3.2701220512390137,-0.5720488429069519,1.5457383394241333,1.5336005687713623,2.2416303157806396,2.91713285446167,2.3345816135406494,1.9554574489593506,1.188869833946228,1.4162427186965942,1.331240177154541,1.234484314918518,0.38335052132606506,0.042238540947437286,-1.9334276914596558,-3.9754371643066406,-5.043988227844238,-4.902740001678467,-4.842977046966553,-4.100869178771973,-2.607577323913574,-0.7626126408576965,0.2829585373401642
2.887247323989868,1.0657562017440796,1.74420166015625,-0.9158056378364563,-4.924966335296631,-4.568797588348389,-3.0101053714752197,-3.2024829387664795,-5.618409156799316,-6.522644519805908,-5.97224760055542,-4.659688949584961,-2.769427537918091,-1.0592821836471558,-3.065483331680298,-6.061932563781738,-7.40571403503418,-5.817831993103027,-0.5774549841880798,2.617736339569092,4.505536079406738,6.771544933319092,7.864459037780762,6.797443389892578,6.332243919372559,7.266568183898926,6.976271629333496,4.914980411529541,1.426186203956604,-0.7033364176750183,-1.2205419540405273,-1.1858941316604614,-1.925663709640503,-0.06516661494970322,-0.08136193454265594,-1.6170802116394043,-2.478776454925537,-3.7652368545532227,-5.570562839508057,-4.589885234832764,-2.392411708831787,-3.288346290588379,-2.4968271255493164
3.0167768001556396,0.9176365733146667,3.710454225540161,2.29263973236084,-0.5300717949867249,-2.725837230682373,-2.2635066509246826,-3.081779956817627,-4.457788944244385,-5.932373046875,-7.3889641761779785,-7.430166721343994,-6.069549560546875,-4.107122421264648,-4.732974052429199,-5.710576057434082,-5.266387939453125,-3.979022264480591,-0.30732104182243347,5.10569429397583,7.971949100494385,9.419075965881348,10.472064018249512,9.855090141296387,9.062536239624023,7.62459135055542,8.576024055480957,7.980289936065674,5.121866226196289,2.2966384887695312,-0.1756087839603424,-2.3759334087371826,-3.4758670330047607,-0.8113139867782593,0.11851650476455688,-0.09010029584169388,-1.161963701248169,-4.449434280395508,-5.87412166595459,-5.121982574462891,-4.643411636352539,-3.185453414916992,-1.3492964506149292
4.0739922523498535,3.814052104949951,4.676450252532959,5.160121440887451,4.616555213928223,3.2379188537597656,3.1900529861450195,2.1029157638549805,0.13332687318325043,-1.8425465822219849,-2.802598237991333,-4.813436031341553,-7.027828693389893,-8.171676635742188,-8.111958503723145,-6.539212703704834,-4.184161186218262,-2.337132453918457,-3.684652328491211,-3.077707052230835,-1.244466781616211,1.2163046598434448,7.284914016723633,9.962882041931152,7.283168315887451,1.9907327890396118,3.560889959335327,11.228577613830566,10.284865379333496,5.293642044067383,2.0482254028320312,-0.6521974802017212,-1.6308773756027222,-0.5046971440315247,0.09448111802339554,-0.41123515367507935,-2.750758171081543,-6.232946872711182,-6.445502281188965,-4.8675947189331055,-2.89872670173645,1.8413137197494507,1.6458752155303955
1.9076372385025024,4.611049652099609,5.307887077331543,5.404707431793213,5.600321292877197,5.51078987121582,5.467228889465332,4.71754789352417,3.5703940391540527,1.531542420387268,2.1841700077056885,1.022641897201538,-0.35599860548973083,-2.4102694988250732,-4.744825839996338,-4.822786808013916,-4.616711616516113,-1.2642542123794556,-2.2541372776031494,-3.119396448135376,-2.3126301765441895,-0.4604191482067108,5.5903496742248535,5.053509712219238,1.441786766052246,-1.2844021320343018,0.8007367849349976,10.477544784545898,11.141655921936035,5.816307067871094,2.418999671936035,0.5730483531951904,0.46694257855415344,2.1052892208099365,0.8998860120773315,-3.2970423698425293,-5.566563606262207,-5.16385555267334,-3.490973949432373,-2.8770933151245117,-0.10599830001592636,3.059278726577759,2.660052537918091
-3.823796510696411,-1.228938341140747,0.7676838636398315,1.5370519161224365,1.7382965087890625,2.2059693336486816,3.238274574279785,3.729712724685669,3.7479944229125977,2.1267826557159424,3.5306437015533447,4.19720458984375,3.8925206661224365,2.848921298980713,1.640627145767212,-1.118096947669983,-4.491006374359131,-1.5864945650100708,0.37718361616134644,1.9066678285598755,4.396153450012207,4.287769317626953,5.541178226470947,5.235759735107422,6.066266059875488,6.515639781951904,5.958920001983643,7.7899956703186035,9.66861343383789,7.992472171783447,4.607276439666748,1.4970195293426514,0.22743311524391174,-1.221189022064209,-3.538959264755249,-4.9492058753967285,-4.756641387939453,-2.6288156509399414,0.4694446623325348,-0.7667384147644043,-0.407370388507843,1.3950196504592896,2.813149929046631
-7.023569583892822,-5.6964430809021,-3.535761594772339,-1.2479147911071777,0.36737561225891113,0.8259172439575195,1.3188529014587402,2.1881914138793945,2.203514575958252,1.374030590057373,2.8061130046844482,3.990382432937622,3.3061795234680176,3.045480251312256,2.748642683029175,0.7289167046546936,-0.8605831861495972,-0.15190279483795166,0.5411156415939331,1.4890028238296509,4.445843696594238,6.041573524475098,6.745017051696777,11.154203414916992,14.857551574707031,13.101156234741211,9.266222953796387,5.599817276000977,9.429862976074219,11.252745628356934,5.943713665008545,-0.8421334028244019,-2.7761569023132324,-4.85996150970459,-5.214178085327148,-3.8591511249542236,-1.316610336303711,-0.7444078922271729,-0.2479546219110489,-1.5916104316711426,-1.6973437070846558,0.16165056824684143,2.1006052494049072
-8.113763809204102,-7.047987461090088,-5.5644636154174805,-3.5107076168060303,-0.5604421496391296,1.3569395542144775,1.642749547958374,1.946813702583313,1.9945276975631714,1.806443214416504,2.768770456314087,4.108039855957031,3.7954206466674805,2.8968334197998047,1.3394814729690552,-0.8053048849105835,-1.4142568111419678,-0.4203174114227295,0.49716681241989136,1.583362340927124,4.117435932159424,6.718977928161621,7.283748149871826,9.172867774963379,11.460458755493164,9.743184089660645,4.78899621963501,1.8845564126968384,7.1113762855529785,7.094389915466309,1.0908117294311523,-1.6260946989059448,-1.1369163990020752,-1.565597414970398,-3.211988925933838,-5.2721967697143555,-3.5646753311157227,-1.6687313318252563,-1.4275062084197998,-1.8511203527450562,-1.4194176197052002,-0.12785103917121887,1.01034414768219
-9.05375862121582,-8.741055488586426,-8.023702621459961,-6.918086528778076,-4.151492595672607,-1.0050487518310547,1.199778437614441,2.2321341037750244,2.4829719066619873,2.2401723861694336,2.180258274078369,2.7962539196014404,2.462665319442749,1.7160123586654663,0.426057368516922,-1.6217273473739624,-3.5463621616363525,-3.3563902378082275,-1.626006007194519,0.7956027984619141,2.8196563720703125,3.2811903953552246,2.83830189704895,2.087252616882324,3.261897563934326,2.8869566917419434,0.5926575064659119,-1.3665615320205688,-0.35273808240890503,-1.3807576894760132,-0.570407509803772,3.0296082496643066,3.0655336380004883,-0.10633254051208496,-3.508009195327759,-5.8452839851379395,-7.195735454559326,-5.340798854827881,-2.2025344371795654,-0.18183304369449615,0.12160816788673401,0.8331164121627808,1.51837158203125
-9.24653434753418,-9.886460304260254,-9.887845039367676,-9.372848510742188,-7.726441860198975,-3.8325259685516357,-0.05324351042509079,2.279378890991211,1.3904589414596558,0.6301590204238892,-0.3499032258987427,-1.1302462816238403,-1.3268710374832153,-0.07866398245096207,-0.30959054827690125,-2.858814001083374,-4.794928073883057,-5.7210774421691895,-5.311302185058594,-3.5309383869171143,-2.038376808166504,-2.0029494762420654,-2.174241781234741,-2.2419116497039795,-1.6401294469833374,-0.19277745485305786,0.9450841546058655,-0.9820383191108704,-3.4436521530151367,-3.112927198410034,1.0708197355270386,4.374780178070068,3.9082422256469727,0.4747655987739563,-3.2148165702819824,-5.632266521453857,-8.667853355407715,-7.894024848937988,-4.692745208740234,-0.8771768808364868,0.752565860748291,1.1629902124404907,1.3437082767486572
-9.139750480651855,-10.130840301513672,-10.672739028930664,-10.856640815734863,-10.203352928161621,-5.9742279052734375,-2.7169764041900635,-1.2812190055847168,-2.1767494678497314,-2.7122228145599365,-2.9058895111083984,-3.1278531551361084,-2.3363118171691895,0.46217453479766846,-0.8721351623535156,-4.454597473144531,-5.835299968719482,-6.28494119644165,-6.7846760749816895,-6.738374710083008,-5.6134419441223145,-4.35626220703125,-3.2914745807647705,-2.787914514541626,-2.064781427383423,-0.9951078295707703,0.4178161025047302,-0.12293551117181778,-1.5747992992401123,-2.839782238006592,-0.791053831577301,1.8789963722229004,2.0143070220947266,-0.5764454007148743,-3.9154646396636963,-6.8813066482543945,-9.715381622314453,-9.764656066894531,-7.484300136566162,-3.956967830657959,-1.5818588733673096,-0.9051010608673096,0.037196747958660126
-10.87252140045166,-11.646196365356445,-11.916821479797363,-11.743069648742676,-11.560770988464355,-9.481466293334961,-5.7840681076049805,-2.572230815887451,-2.178133726119995,-3.2516367435455322,-3.8916804790496826,-4.150218486785889,-3.794895648956299,-1.07195246219635,-1.1348334550857544,-2.987541675567627,-3.3612313270568848,-3.8426668643951416,-5.251192569732666,-5.975928783416748,-5.328944683074951,-4.116337299346924,-3.1385865211486816,-2.5517990589141846,-2.2652294635772705,-2.265707015991211,-2.133979082107544,-2.631474733352661,-4.103928089141846,-6.047079563140869,-5.57014274597168,-2.5087668895721436,-0.4976362884044647,-0.7993119359016418,-2.4361188411712646,-4.875535011291504,-8.142218589782715,-9.409073829650879,-8.455638885498047,-5.8959269523620605,-3.6765668392181396,-2.5036680698394775,-0.9599242806434631
-13.335990905761719,-14.173722267150879,-13.920549392700195,-12.669414520263672,-11.921868324279785,-11.320502281188965,-7.863923072814941,-2.139427900314331,0.13482147455215454,-1.7182257175445557,-4.0078606605529785,-5.7689714431762695,-6.695755958557129,-4.0062456130981445,0.8024317622184753,1.9292213916778564,1.6201292276382446,-0.13345402479171753,-2.61810564994812,-4.384520053863525,-4.804422855377197,-4.511282920837402,-3.981684923171997,-3.3686866760253906,-3.1640119552612305,-3.698819398880005,-4.676496505737305,-5.732089519500732,-6.993093013763428,-8.284546852111816,-8.798595428466797,-6.941676616668701,-3.9135372638702393,-1.3631229400634766,0.08026830852031708,-1.2204906940460205,-4.124075412750244,-6.1893768310546875,-6.627664089202881,-5.550168514251709,-3.8760788440704346,-2.676100492477417,-1.7084240913391113
-14.631612777709961,-15.131163597106934,-14.805864334106445,-13.768166542053223,-12.825479507446289,-11.84138298034668,-9.797685623168945,-6.216912269592285,-2.907778024673462,-2.4097530841827393,-3.5154736042022705,-4.8843488693237305,-6.119328022003174,-4.668082237243652,0.8055139183998108,4.344561576843262,5.186508655548096,4.824183940887451,2.6411805152893066,0.4948130249977112,-1.5455044507980347,-2.6381218433380127,-3.085094690322876,-2.89766001701355,-2.6065235137939453,-3.263780117034912,-4.752933979034424,-6.167699337005615,-7.070727825164795,-7.825803756713867,-8.470099449157715,-7.992881774902344,-6.154356479644775,-3.1268727779388428,0.4057430624961853,0.9773715734481812,-1.1448614597320557,-3.4259302616119385,-4.646172046661377,-4.076664447784424,-3.2294981479644775,-2.5530436038970947,-1.9878013134002686
-13.659152030944824,-13.76168155670166,-13.52918529510498,-13.297211647033691,-13.34852123260498,-12.809144973754883,-11.461944580078125,-9.86582088470459,-7.679642677307129,-4.899219512939453,-3.402967691421509,-3.2838191986083984,-4.0540852546691895,-3.6165618896484375,-0.7208662629127502,0.5647249221801758,2.8591809272766113,7.258312225341797,8.13140869140625,7.0994391441345215,4.993259906768799,2.506121873855591,0.08823753893375397,-1.5560356378555298,-1.9658464193344116,-1.9866901636123657,-2.526095151901245,-3.552558660507202,-5.183871269226074,-6.7390313148498535,-7.513081073760986,-7.188399791717529,-6.34935188293457,-5.091644287109375,-2.0213325023651123,0.4793012738227844,-0.04468727856874466,-1.8959089517593384,-2.699993133544922,-1.7506448030471802,-1.3903311491012573,-1.6671949625015259,-1.591906189918518
-8.877649307250977,-10.289200782775879,-11.624305725097656,-12.208744049072266,-12.931092262268066,-13.397892951965332,-12.619102478027344,-11.622479438781738,-10.475221633911133,-8.37992000579834,-6.192265033721924,-5.0654191970825195,-4.896101474761963,-4.437941074371338,-3.0779762268066406,-3.1452577114105225,-0.33073315024375916,4.926002502441406,7.109892845153809,7.259817600250244,6.748164176940918,5.562173366546631,3.591165065765381,1.2268956899642944,0.2799547016620636,1.035117268562317,1.68862783908844,1.2344269752502441,-1.4806700944900513,-3.957509994506836,-4.761480331420898,-4.657180309295654,-5.405139923095703,-6.1585612297058105,-4.6635260581970215,-2.285383939743042,-0.8727481961250305,-1.4222511053085327,-0.9903129935264587,0.16261669993400574,0.10601263493299484,-0.48784971237182617,-0.610055685043335
-3.00154447555542,-5.766262531280518,-9.61313533782959,-11.622763633728027,-12.442368507385254,-12.810266494750977,-12.03338623046875,-10.923726081848145,-10.395719528198242,-9.409820556640625,-8.5621976852417,-8.135353088378906,-7.71693229675293,-6.9469380378723145,-5.741155624389648,-4.204422473907471,-1.206019401550293,2.3549435138702393,4.000026226043701,3.1984951496124268,3.205970525741577,4.117319107055664,4.523165225982666,3.819873094558716,2.759006977081299,2.4555091857910156,3.042544364929199,3.7387375831604004,2.7065589427948,0.7570987939834595,-0.5352668166160583,-1.0511356592178345,-2.9708940982818604,-4.978431701660156,-5.018911838531494,-4.3174638748168945,-2.060176372528076,-1.1317033767700195,-0.2099715918302536,0.8352223634719849,0.8025568723678589,0.4989468455314636,0.3949909508228302
-0.02471371740102768,-2.42829966545105,-6.788221836090088,-9.813617706298828,-10.871955871582031,-10.782249450683594,-9.78018569946289,-8.174446105957031,-6.979827404022217,-5.879961013793945,-5.87945556640625,-7.016884803771973,-7.722991943359375,-7.657562732696533,-6.663377285003662,-5.274664878845215,-3.5648651123046875,-0.8682873249053955,3.0277631282806396,4.408146858215332,3.51804780960083,2.2179603576660156,2.9593982696533203,3.7146155834198,3.178529977798462,2.3798646926879883,2.296304225921631,2.7990341186523438,3.4294235706329346,2.551532030105591,1.6099764108657837,1.488943099975586,-0.4544304609298706,-2.3306491374969482,-3.1596269607543945,-3.285062313079834,-2.1961746215820312,-1.2516576051712036,-0.43943697214126587,0.6823978424072266,1.4658126831054688,1.7266887426376343,1.7290849685668945
-0.1823955625295639,-0.3625340759754181,-3.02833890914917,-5.534388065338135,-7.015135765075684,-7.3653059005737305,-6.804302215576172,-5.530706882476807,-3.924870252609253,-2.449760675430298,-1.2853035926818848,-1.217721700668335,-2.6594157218933105,-4.526301383972168,-5.518716335296631,-5.260183334350586,-4.902661323547363,-3.6282613277435303,-0.4212353229522705,3.7169244289398193,7.562004566192627,8.082157135009766,6.504358768463135,6.864503383636475,6.765076160430908,5.72026252746582,4.35612678527832,2.634716272354126,1.6956590414047241,0.8010472059249878,1.124986171722412,1.970979928970337,1.5810853242874146,1.2170677185058594,0.2323877066373825,-0.3593345284461975,-0.48730963468551636,-0.4325146973133087,-0.2031080275774002,0.6690815091133118,1.6652363538742065,2.3588109016418457,2.864098310470581
