data/wind_data/wind_2025-02-21_03.json
{"header": {"parameterUnit": "KT", "parameterCategory": 2, "nx": 255, "ny": 198, "lo1": 44.73521041870117, "la1": -3.236724853515625, "lo2": 111.26478576660156, "la2": 43.468475341796875, "dx": 0.26192745566368103, "dy": -0.23708222806453705, "refTime": "2025-02-21 03:00:00", "forecastTime": 0, "parameterNumber": 2, "parameterNumberName": "eastward_wind"}, "data":
[rows 171 to 189 of 198, columns 86 to 128 of 255]
-8.881406784057617,-2.722278356552124,1.488627314567566,-1.9470371007919312,-5.986433982849121,-4.344688892364502,-5.453052997589111,-10.38800048828125,-12.056032180786133,-10.03432846069336,-15.31978702545166,-19.555330276489258,-12.801334381103516,-9.320138931274414,-11.439298629760742,-14.42871379852295,-17.807859420776367,-18.558069229125977,-13.727141380310059,-8.62762451171875,-3.439469814300537,-1.7119274139404297,-2.4390435218811035,0.7327175140380859,7.567420482635498,8.24055004119873,4.565606117248535,-0.5887743234634399,1.3034197092056274,4.539794445037842,7.162811279296875,9.267973899841309,4.714705467224121,-0.2178359031677246,0.09323547780513763,0.21800944209098816,2.4874935150146484,4.746880531311035,4.1136345863342285,3.1766269207000732,3.6238551139831543,3.6363308429718018,3.8980655670166016
-9.052913665771484,-2.0898351669311523,0.10160459578037262,-1.2955670356750488,-1.7526828050613403,-1.6572870016098022,-5.234229564666748,-11.066046714782715,-12.925048828125,-10.64771556854248,-12.193523406982422,-14.01205062866211,-12.377601623535156,-10.979037284851074,-14.14174747467041,-14.390145301818848,-12.101286888122559,-13.28281307220459,-12.768444061279297,-4.0874128341674805,5.661983966827393,5.084638595581055,-2.908755302429199,-1.7211397886276245,7.9397664070129395,9.458921432495117,6.484675884246826,3.212886095046997,3.7209360599517822,5.730918884277344,7.815861701965332,7.865197658538818,5.43441104888916,1.5909026861190796,1.324434757232666,3.162653923034668,4.438908100128174,4.632215976715088,3.6018056869506836,3.012711763381958,3.3070406913757324,3.2359778881073,2.9521420001983643
-11.181395530700684,-6.3319597244262695,-3.037034511566162,-3.442535400390625,-3.505784511566162,-3.416926383972168,-5.158808708190918,-7.242689609527588,-8.823448181152344,-9.394177436828613,-7.93765115737915,-9.482622146606445,-13.84238338470459,-12.651662826538086,-12.393712997436523,-13.448232650756836,-9.748305320739746,-11.343628883361816,-11.41853141784668,-3.341973066329956,7.496769905090332,10.83298397064209,4.632150650024414,3.875418186187744,6.85366678237915,11.315474510192871,12.57944393157959,6.998003959655762,4.535853862762451,8.309793472290039,8.720574378967285,3.5784175395965576,0.3947793245315552,1.3267849683761597,3.5240345001220703,4.121248245239258,4.083897590637207,4.3203511238098145,3.4720208644866943,2.871864080429077,2.7997751235961914,2.3770251274108887,2.14985990524292
-12.41638469696045,-7.18306827545166,-5.24648904800415,-4.521550178527832,-1.8317654132843018,-1.1152091026306152,-4.259006500244141,-4.624779224395752,-5.214737415313721,-5.461921691894531,-3.5639538764953613,-4.987633228302002,-8.867643356323242,-8.133427619934082,-6.882085800170898,-8.82337760925293,-10.922598838806152,-9.798845291137695,-4.651302814483643,0.026149846613407135,0.8879578113555908,4.218034267425537,9.214502334594727,8.467971801757812,1.4783929586410522,6.112582206726074,14.331911087036133,9.254931449890137,3.697330951690674,8.325981140136719,5.550018310546875,-0.5470903515815735,-0.8833457827568054,2.0557174682617188,3.995126247406006,4.047425270080566,3.5303659439086914,3.604494333267212,2.8625378608703613,2.084414005279541,1.7167829275131226,1.9761022329330444,1.7698428630828857
-10.995059967041016,-7.897221565246582,-5.366064548492432,-3.3155243396759033,2.117811441421509,0.42473912239074707,-7.915315628051758,-9.026618003845215,-6.1865668296813965,-4.707948207855225,-1.670457363128662,-2.757596969604492,-4.94334077835083,-5.771657466888428,-7.913552761077881,-6.777710437774658,-7.875328540802002,-7.120169639587402,-2.102647304534912,-0.7549583315849304,-3.4658427238464355,0.9614880084991455,8.932452201843262,8.314760208129883,1.869087815284729,4.975042343139648,14.412389755249023,10.502631187438965,7.163656711578369,7.045555591583252,5.248276233673096,1.95671808719635,1.7475484609603882,2.9770562648773193,3.3003368377685547,3.5856144428253174,3.4986214637756348,3.4369239807128906,2.256772518157959,1.2491633892059326,0.6228771805763245,1.0724201202392578,1.4158324003219604
-6.692509651184082,-5.65247917175293,-4.695213794708252,-3.9234068393707275,-1.0586040019989014,-4.224216461181641,-9.170965194702148,-8.881214141845703,-9.343998908996582,-6.556349277496338,-2.765995740890503,-2.3482933044433594,-1.031157374382019,0.2844083309173584,-2.9851348400115967,-6.044686317443848,-6.401169776916504,-4.108882427215576,-0.3471148610115051,1.5558345317840576,-0.557100236415863,1.9375323057174683,7.611957550048828,8.242729187011719,7.003650665283203,9.785077095031738,12.198176383972168,9.209261894226074,6.875964164733887,6.524725437164307,3.8612115383148193,0.5145348906517029,-0.3725375831127167,0.20213556289672852,1.9177091121673584,3.367910385131836,3.0313594341278076,2.209531545639038,0.9388418793678284,-0.2243419736623764,-0.3663935959339142,0.18091091513633728,0.6368525624275208
-5.250590801239014,-6.816015720367432,-6.706728458404541,-5.42946720123291,-4.0142998695373535,-4.304596900939941,-3.7200050354003906,-3.6937038898468018,-5.183323860168457,-3.6692521572113037,-2.041975498199463,-1.146047830581665,2.7609925270080566,6.208455562591553,-0.6734138131141663,-6.853703498840332,-1.0760775804519653,5.38511848449707,4.6514892578125,1.835524559020996,0.3665522634983063,1.951934814453125,4.056971549987793,2.9488365650177,2.7767581939697266,5.828497886657715,8.76773738861084,7.4229536056518555,5.891129970550537,4.002764701843262,-0.20662353932857513,-3.0737297534942627,-2.8352463245391846,-0.9850112199783325,0.17675933241844177,0.16775542497634888,-1.1131556034088135,-1.6766297817230225,-2.4420411586761475,-2.992114543914795,-2.1386513710021973,-1.0052103996276855,-0.46744099259376526
-5.524210453033447,-6.789389610290527,-4.778456687927246,-1.794485092163086,-0.890239953994751,-0.7369255423545837,0.24577806890010834,-0.32663050293922424,-1.613085389137268,-1.2368959188461304,-0.5952049493789673,0.2951914668083191,2.4013001918792725,3.8684701919555664,-0.5836925506591797,-4.7824225425720215,-0.6096567511558533,6.457283020019531,7.166045188903809,1.5440973043441772,1.8476858139038086,5.464096546173096,4.4319634437561035,1.2251023054122925,2.9609975814819336,7.625280380249023,7.111843109130859,2.4072482585906982,0.1096307709813118,-1.564517617225647,-3.3018710613250732,-3.1208205223083496,-2.1721839904785156,-1.0964913368225098,-0.9064666032791138,-1.2920039892196655,-2.3000030517578125,-3.1746978759765625,-2.7379753589630127,-2.653172254562378,-2.7074973583221436,-2.3957717418670654,-2.1526782512664795
-4.377072334289551,-2.7376811504364014,-1.016195297241211,0.7197587490081787,0.3986746072769165,-0.06725230813026428,0.489054799079895,-0.2842922806739807,-1.690165400505066,-2.230783462524414,-2.653226613998413,-1.7968653440475464,0.3854229152202606,1.5745058059692383,-1.1723355054855347,-3.0579354763031006,-0.03742319345474243,3.425579309463501,2.608767509460449,0.3448353409767151,2.7428746223449707,6.390132427215576,6.011751174926758,3.802349328994751,3.090649127960205,5.845381259918213,8.117483139038086,1.6063387393951416,-2.8644888401031494,-1.331384539604187,-1.2664296627044678,-1.5905425548553467,-2.3396048545837402,-1.7295013666152954,-0.9837335348129272,-1.1516741514205933,-1.8480805158615112,-2.1206860542297363,-2.062251091003418,-1.6666977405548096,-1.4793283939361572,-1.8234549760818481,-1.7775905132293701
-3.2634027004241943,2.773941993713379,4.389784336090088,3.3083550930023193,1.715217113494873,0.5638620853424072,-0.4534779191017151,-3.457331657409668,-7.546311378479004,-9.225350379943848,-8.306533813476562,-5.883485794067383,-3.453437566757202,-0.7774004936218262,-1.3702845573425293,-1.9007779359817505,0.3841715455055237,1.9940522909164429,0.9521126747131348,-0.01881219819188118,1.851564884185791,3.6696629524230957,3.8346357345581055,2.9988510608673096,1.134995937347412,2.4190683364868164,4.761285781860352,0.30720698833465576,-3.416795253753662,0.22103886306285858,0.6807674765586853,-1.7345924377441406,-2.3252649307250977,-0.6072207689285278,0.733594536781311,0.2034432590007782,-0.25840136408805847,-0.6156529784202576,-0.8776237368583679,-0.8456284999847412,-1.5569781064987183,-1.9896022081375122,-1.471037745475769
0.16451235115528107,4.116489887237549,5.04515266418457,2.6668107509613037,0.4335322678089142,-0.3139030933380127,-1.7689327001571655,-9.508712768554688,-19.836559295654297,-20.543651580810547,-14.982236862182617,-10.173075675964355,-5.088779449462891,-3.041745185852051,-2.0035817623138428,-0.6134833693504333,1.5209927558898926,2.0409021377563477,0.475481778383255,-0.417807012796402,0.19714044034481049,0.2917378544807434,-0.00489237904548645,-0.42591896653175354,-1.2941651344299316,-0.7002145648002625,-1.8187925815582275,-5.88577127456665,-3.4000110626220703,0.9432514309883118,1.191236138343811,-1.128314733505249,-1.7124801874160767,-0.39614811539649963,0.8879144787788391,1.450066328048706,1.640892744064331,1.4071859121322632,0.3630707561969757,-0.9168464541435242,-1.8473044633865356,-1.7152433395385742,-0.7062809467315674
1.7344863414764404,2.7387843132019043,1.2387721538543701,-1.8179795742034912,-4.44319486618042,-5.342875957489014,-3.429182529449463,-7.688964366912842,-18.194297790527344,-19.3399715423584,-16.217618942260742,-9.863410949707031,-5.224368095397949,-3.2847864627838135,-2.777618169784546,-1.527232050895691,0.2528621256351471,1.3840999603271484,0.7547500729560852,-0.6327812671661377,-0.7290500402450562,-1.142482876777649,-1.9053455591201782,-3.0413784980773926,-5.431363105773926,-7.2934465408325195,-6.1837663650512695,-4.214739799499512,-0.5251593589782715,1.6148160696029663,-0.015805097296833992,-2.06174635887146,-1.819453239440918,-1.408859372138977,-1.0825762748718262,0.44972461462020874,1.827038049697876,0.9848297834396362,-0.4491502046585083,-0.13939359784126282,-0.2269076406955719,-1.2727364301681519,-2.249814987182617
-0.1835923194885254,-1.6985750198364258,-2.6499783992767334,-3.832747459411621,-4.760613441467285,-4.771414279937744,-2.482720375061035,-4.2684431076049805,-10.572309494018555,-15.103397369384766,-15.793205261230469,-11.275460243225098,-5.6366682052612305,-2.674638271331787,-2.5079615116119385,-3.082282304763794,-3.1200408935546875,-2.4477458000183105,-2.3523664474487305,-2.966688871383667,-3.1678991317749023,-4.449361801147461,-6.9514241218566895,-9.15805435180664,-10.693390846252441,-10.069940567016602,-8.87294864654541,-2.7018284797668457,1.8001511096954346,2.64619779586792,0.2715437710285187,-1.3981881141662598,-0.8226478099822998,1.9098186492919922,1.2966821193695068,-0.2538616359233856,-2.0176761150360107,-3.3304154872894287,-2.0039830207824707,0.22429777681827545,0.8415981531143188,-1.1100006103515625,-2.163008451461792
-4.393310070037842,-3.4177181720733643,-2.609236240386963,-3.54180645942688,-4.813091278076172,-5.297710418701172,-5.70752477645874,-6.093043327331543,-7.13975191116333,-10.491486549377441,-13.583039283752441,-13.726311683654785,-8.39633560180664,-4.082123279571533,-2.74589467048645,-2.474628210067749,-2.070615530014038,-1.7984137535095215,-3.1121156215667725,-5.343732833862305,-5.755808353424072,-5.125638008117676,-7.256113529205322,-11.701454162597656,-12.89384937286377,-10.24905776977539,-3.9753828048706055,0.23058238625526428,2.3097918033599854,3.601738691329956,2.1693954467773438,0.22443890571594238,-0.523981511592865,1.2383822202682495,1.577174186706543,-1.2703036069869995,-3.0937814712524414,-2.6777334213256836,-1.5746601819992065,-0.32094404101371765,-1.3338278532028198,-3.2348616123199463,-4.092769622802734
-4.007584571838379,-2.8997960090637207,-2.6710469722747803,-4.487499713897705,-5.64777135848999,-4.3215155601501465,-5.174356937408447,-6.074337959289551,-6.955567359924316,-10.880764961242676,-14.435080528259277,-13.666991233825684,-11.02947998046875,-6.807281494140625,-3.000699758529663,-1.2125403881072998,-0.9036994576454163,-1.369861125946045,-2.554018259048462,-5.6174774169921875,-6.878844261169434,-5.753709316253662,-7.552672386169434,-11.575026512145996,-11.057887077331543,-6.2186665534973145,-1.886051893234253,0.187576025724411,1.140137791633606,1.9400044679641724,1.7967677116394043,0.7822356820106506,-0.31644079089164734,-0.5955744981765747,-0.5364333391189575,-1.9581772089004517,-3.0325937271118164,-0.9888885617256165,1.0194964408874512,-0.16833141446113586,-1.6273930072784424,-1.9013018608093262,-2.66068959236145
-3.087898015975952,-1.6354990005493164,-1.3606624603271484,-2.782100200653076,-4.11341667175293,-4.384305477142334,-5.09840202331543,-5.556175708770752,-7.89951753616333,-11.529829978942871,-12.57083511352539,-11.861028671264648,-11.092537879943848,-8.028732299804688,-3.5961883068084717,-0.4032387137413025,-0.5279759764671326,-1.762172818183899,-2.7287938594818115,-6.710859775543213,-9.705222129821777,-7.189068794250488,-7.783202648162842,-10.343918800354004,-5.117069244384766,-0.5740333795547485,-1.8291674852371216,-2.519643545150757,-1.1722041368484497,0.15841351449489594,-0.6569007039070129,-1.3510359525680542,-1.7053046226501465,-2.8278605937957764,-2.6515941619873047,-1.838871717453003,-1.2361030578613281,0.5167272686958313,2.0896782875061035,0.8755363821983337,-0.5818535089492798,-0.5519781708717346,-1.2529422044754028
-2.0061213970184326,-0.8054455518722534,-0.8958673477172852,-2.8585317134857178,-4.224745273590088,-4.49990701675415,-4.754152297973633,-5.894960880279541,-7.75812292098999,-9.343029975891113,-11.223817825317383,-11.8414945602417,-10.10632610321045,-6.9863386154174805,-5.153223037719727,-3.192399740219116,-1.9129332304000854,-1.0231010913848877,-2.689863681793213,-7.434610843658447,-8.647083282470703,-6.022835731506348,-3.434563636779785,-7.06974458694458,-5.486961841583252,-2.3403663635253906,-4.593905925750732,-6.231162071228027,-5.360774040222168,-3.7542405128479004,-3.319366931915283,-3.9643592834472656,-4.059850215911865,-3.581009864807129,-3.1788949966430664,-2.7153983116149902,-2.7584517002105713,-1.863328218460083,-1.6570453643798828,-1.3522621393203735,-0.41783562302589417,0.41472920775413513,0.3555658757686615
-2.0684568881988525,-0.9085772037506104,-0.7493742108345032,-2.3076858520507812,-3.608704090118408,-3.9545412063598633,-4.158919334411621,-6.147800445556641,-9.117683410644531,-10.755105018615723,-11.582781791687012,-13.00285530090332,-10.497361183166504,-6.861822128295898,-6.447073936462402,-7.326815128326416,-5.073759078979492,-2.440180540084839,-3.3691530227661133,-4.671314239501953,-2.677201986312866,-1.2298204898834229,-1.7314059734344482,-5.176946640014648,-7.912298679351807,-6.083220481872559,-3.091651201248169,-1.9083908796310425,-3.326855182647705,-5.784062385559082,-7.199091911315918,-6.658478736877441,-4.6401262283325195,-4.404633045196533,-5.280725002288818,-6.093983173370361,-5.085551738739014,-4.493204116821289,-5.474870681762695,-4.763740062713623,-2.5820279121398926,-1.6195613145828247,-1.3285183906555176
-2.473017692565918,-1.4311078786849976,-0.8662728071212769,-1.6277598142623901,-2.4479622840881348,-2.3321197032928467,-2.866429328918457,-4.060370445251465,-6.6123785972595215,-11.095154762268066,-14.715558052062988,-15.247157096862793,-13.187483787536621,-10.031152725219727,-7.097290992736816,-5.82468318939209,-6.781402111053467,-5.522861480712891,-4.566779136657715,-2.2604727745056152,-2.041402578353882,-4.316124439239502,-7.311038494110107,-8.212273597717285,-8.881379127502441,-7.453924179077148,-5.373904228210449,-1.6536656618118286,-0.8922484517097473,-3.9731411933898926,-7.809183597564697,-5.349174976348877,-4.306356906890869,-6.976361274719238,-7.221637725830078,-5.746894836425781,-4.752223491668701,-4.721543312072754,-5.214394569396973,-2.672036647796631,-0.6703315377235413,-0.8441572189331055,-1.7784099578857422
