data/wind_data/wind_44_7.json
{"header": {"parameterUnit": "KT", "parameterCategory": 2, "nx": 256, "ny": 198, "lo1": 44.73521041870117, "la1": -3.236724853515625, "lo2": 111.26478576660156, "la2": 43.468475341796875, "dx": 0.2609002888202667, "dy": -0.23708222806453705, "refTime": "2025-02-20 20:00:00", "forecastTime": 0, "parameterNumber": 2, "parameterNumberName": "eastward_wind"}, "data":
[rows 100 to 119 of 198, columns 0 to 43 of 256]
97.50965118408203,96.8062515258789,97.21104431152344,97.97775268554688,98.9205551147461,99.49052429199219,99.63349151611328,99.594970703125,99.45626831054688,99.30846405029297,99.25736236572266,99.31294250488281,99.4923324584961,99.88893127441406,100.29439544677734,100.14128875732422,99.16464233398438,97.5943832397461,95.68839263916016,93.70990753173828,91.90716552734375,90.45449829101562,89.64965057373047,89.90345764160156,91.20853424072266,92.77806091308594,93.5502700805664,93.13446044921875,91.83964538574219,90.10371398925781,88.51690673828125,87.63723754882812,87.33845520019531,86.82621765136719,85.8674087524414,85.14881896972656,85.02708435058594,85.12861633300781,85.35594940185547,85.99805450439453,86.80228424072266,87.24459075927734,87.51712036132812,87.93450927734375
99.10652923583984,98.42792510986328,98.91651916503906,99.6629409790039,100.4432144165039,100.89656829833984,101.0438232421875,101.15867614746094,101.22220611572266,100.91394805908203,100.299072265625,99.86839294433594,100.03131866455078,100.66043090820312,101.35729217529297,101.53851318359375,100.82684326171875,99.35855865478516,97.50366973876953,95.38972473144531,93.39010620117188,92.0731430053711,91.60213470458984,91.96617889404297,93.16539001464844,94.69971466064453,95.49738311767578,95.02018737792969,93.70924377441406,92.03531646728516,90.31867218017578,89.04290771484375,88.34202575683594,87.6037826538086,86.57710266113281,85.84220886230469,85.7325439453125,85.80941009521484,85.75982666015625,85.73429870605469,85.80126953125,86.18830871582031,87.10488891601562,88.11603546142578
100.52494049072266,100.18050384521484,100.86116027832031,101.2608871459961,101.7579574584961,102.09913635253906,102.32369995117188,102.73096466064453,103.09676361083984,102.8502197265625,102.0573501586914,101.28763580322266,101.08981323242188,101.5318603515625,102.21752166748047,102.62747955322266,102.3847427368164,101.43122100830078,99.80928039550781,97.68717956542969,95.82159423828125,94.74425506591797,94.4069595336914,94.61490631103516,95.25144958496094,96.20482635498047,96.97990417480469,96.93309020996094,95.94303894042969,94.31336975097656,92.42005920410156,90.65274047851562,89.2818603515625,88.18624114990234,87.18240356445312,86.48705291748047,86.41663360595703,86.70586395263672,86.74730682373047,86.34857177734375,85.49771118164062,85.0117416381836,86.0169448852539,87.80133819580078
101.614013671875,101.06423950195312,101.688720703125,101.97639465332031,102.37325286865234,102.64805603027344,102.80729675292969,103.47833251953125,104.39227294921875,104.39846801757812,103.53571319580078,102.65433502197266,102.19607543945312,102.19156646728516,102.52403259277344,102.98765563964844,103.3449935913086,103.20948791503906,101.91851043701172,99.88436889648438,98.21147155761719,97.24040222167969,96.8772964477539,96.8527603149414,96.8798599243164,97.2160873413086,97.92438507080078,98.22830200195312,97.42999267578125,95.71905517578125,93.74895477294922,91.94097137451172,90.45491790771484,89.32988739013672,88.37825012207031,87.57301330566406,87.22553253173828,87.42194366455078,87.59663391113281,87.3039779663086,86.36103820800781,85.13346099853516,85.29750061035156,87.09003448486328
102.32925415039062,101.11306762695312,101.31473541259766,101.56906127929688,102.01138305664062,102.2672348022461,102.17996215820312,102.6683120727539,104.02586364746094,104.66163635253906,103.8186264038086,102.54122924804688,101.62837219238281,101.18805694580078,101.22234344482422,101.63007354736328,102.45723724365234,103.13875579833984,102.48670196533203,100.77019500732422,99.22794342041016,98.34797668457031,98.03011322021484,97.91499328613281,97.7705078125,97.93252563476562,98.55480194091797,98.82132720947266,97.91643524169922,96.09454345703125,94.25193786621094,92.93659973144531,92.06292724609375,91.36717224121094,90.46034240722656,89.19331359863281,88.08647155761719,87.68472290039062,87.81150817871094,87.94583129882812,87.57909393310547,86.20594787597656,85.31011199951172,86.30748748779297
102.8811264038086,101.35134887695312,101.32179260253906,101.4393081665039,101.84834289550781,102.02220153808594,101.6531982421875,101.7519760131836,103.0506591796875,104.20210266113281,103.7562255859375,102.22264862060547,100.64261627197266,99.63665008544922,99.42509460449219,99.92497253417969,101.02423095703125,102.13652038574219,102.21049499511719,101.00984191894531,99.58370971679688,98.90967559814453,98.89114379882812,98.89997863769531,98.79098510742188,98.94136047363281,99.36781311035156,99.2933578491211,98.14971923828125,96.34880065917969,94.80926513671875,94.0403823852539,93.78062438964844,93.40789031982422,92.4657211303711,90.86710357666016,89.01753997802734,87.72085571289062,87.44712829589844,87.87862396240234,88.21292877197266,87.37093353271484,86.07499694824219,86.09691619873047
103.3593978881836,101.78941345214844,101.8382339477539,102.0719223022461,102.4666748046875,102.35112762451172,101.70793914794922,101.7354965209961,102.87230682373047,103.85166931152344,103.70147705078125,102.62397003173828,100.9239730834961,99.22949981689453,98.50605010986328,98.9794921875,100.08206176757812,101.26700592041016,101.99270629882812,101.66336822509766,100.58821868896484,99.93719482421875,100.02991485595703,100.20308685302734,100.1754150390625,100.2110595703125,100.2872314453125,99.8422622680664,98.59211730957031,97.0129623413086,95.77800750732422,95.14327239990234,94.93375396728516,94.68899536132812,93.85939025878906,92.24674987792969,90.13288879394531,88.20720672607422,87.2584457397461,87.41252899169922,88.00618743896484,88.0728988647461,87.3280029296875,86.58914947509766
103.4525146484375,102.41828155517578,102.6207275390625,103.10723114013672,103.45409393310547,102.87538146972656,102.06720733642578,102.32295227050781,103.41954040527344,103.88141632080078,103.53978729248047,103.06582641601562,102.02593231201172,100.23741912841797,98.85974884033203,98.6610107421875,99.27818298339844,100.36566925048828,101.6806411743164,102.49473571777344,102.30137634277344,101.6547622680664,101.36561584472656,101.49526977539062,101.63421630859375,101.51329040527344,101.08789825439453,100.3425521850586,99.30049133300781,98.17037963867188,97.17042541503906,96.3336410522461,95.70149993896484,95.35521697998047,94.89570617675781,93.69104766845703,91.69873046875,89.52345275878906,87.84513092041016,87.12349700927734,87.35242462158203,88.03111267089844,88.18517303466797,87.34516906738281
102.82080078125,102.89938354492188,103.3777847290039,103.81182098388672,103.938232421875,102.99620056152344,102.19256591796875,102.64398956298828,103.64796447753906,103.75614929199219,103.13025665283203,102.8812026977539,102.73544311523438,101.76309204101562,100.22378540039062,98.96733856201172,98.47042846679688,99.09899139404297,100.88884735107422,102.91962432861328,103.94367980957031,103.642822265625,102.89028930664062,102.6890869140625,102.91537475585938,102.72664642333984,101.89599609375,100.91402435302734,100.12158203125,99.44851684570312,98.62145233154297,97.56770324707031,96.61708068847656,96.05001068115234,95.81538391113281,95.22132873535156,93.6407470703125,91.3818130493164,89.12461853027344,87.66874694824219,87.47154235839844,88.06755828857422,88.37361907958984,87.74752807617188
102.50875091552734,103.18519592285156,103.8039779663086,104.02477264404297,103.9909439086914,102.92078399658203,102.09600067138672,102.4754867553711,103.23947143554688,103.14142608642578,102.3808364868164,102.01304626464844,102.29224395751953,102.42394256591797,101.52730560302734,99.57698059082031,97.73889923095703,97.43660736083984,99.18864440917969,102.0960922241211,104.42561340332031,105.01326751708984,104.39798736572266,103.93205261230469,103.89779663085938,103.48725891113281,102.47562408447266,101.45711517333984,100.83578491210938,100.42575073242188,99.7037124633789,98.59204864501953,97.57441711425781,96.94789123535156,96.74830627441406,96.50048828125,95.49574279785156,93.5618896484375,91.13664245605469,89.25767517089844,88.63775634765625,88.72041320800781,88.6104736328125,88.09846496582031
103.1419906616211,103.50463104248047,103.97140502929688,104.25313568115234,104.26220703125,103.24085998535156,102.38545989990234,102.59284210205078,103.08293151855469,102.81107330322266,101.93405151367188,101.29666137695312,101.3988265991211,102.07148742675781,102.0793685913086,100.17097473144531,97.3145751953125,95.82716369628906,96.90402221679688,99.95248413085938,103.13711547851562,104.89636993408203,105.28102111816406,105.19944763183594,104.69800567626953,103.59012603759766,102.40219116210938,101.6541976928711,101.2786865234375,100.91951751708984,100.24000549316406,99.22100830078125,98.26505279541016,97.73261260986328,97.47920227050781,97.27430725097656,96.92230987548828,95.56237030029297,93.04808807373047,91.0096206665039,90.23612213134766,89.71634674072266,89.06874084472656,88.52317810058594
104.10688018798828,103.7686767578125,104.01207733154297,104.53665924072266,104.6498794555664,103.6723861694336,102.82249450683594,102.97715759277344,103.44702911376953,103.2291259765625,102.3673095703125,101.56680297851562,101.30159759521484,101.78054809570312,102.27835845947266,100.9345932006836,97.65399932861328,95.02140045166016,95.09196472167969,97.566162109375,100.81047821044922,103.39728546142578,105.29035949707031,106.26112365722656,105.40319061279297,103.32156372070312,101.79255676269531,101.38703918457031,101.345703125,100.99445343017578,100.26971435546875,99.42402648925781,98.626220703125,98.03124237060547,97.7862548828125,97.72694396972656,97.73400115966797,96.77424621582031,94.36534881591797,92.53749084472656,91.72476959228516,90.77658081054688,89.84965515136719,89.30325317382812
105.19214630126953,104.19864654541016,104.12100219726562,104.7203369140625,104.95370483398438,103.9963607788086,103.17279815673828,103.36263275146484,103.92716217041016,103.89576721191406,103.23995971679688,102.53679656982422,102.06954956054688,102.06857299804688,102.4820556640625,101.77373504638672,98.8384017944336,95.6927261352539,94.86429595947266,96.35228729248047,98.8921127319336,101.80985260009766,104.90070343017578,106.9096450805664,106.21332550048828,103.682373046875,101.7123031616211,101.16706848144531,101.13642883300781,100.82801818847656,100.25985717773438,99.63290405273438,99.03032684326172,98.41126251220703,97.98059844970703,97.97244262695312,98.32036590576172,97.6236343383789,95.36663055419922,93.64371490478516,92.9320297241211,92.05126190185547,91.0741195678711,90.47251892089844
106.28067016601562,104.70280456542969,104.3641357421875,104.94786071777344,105.30156707763672,104.399658203125,103.59979248046875,103.74483489990234,104.28697204589844,104.36988067626953,103.93556213378906,103.39337158203125,102.89257049560547,102.59123992919922,102.71530151367188,102.3826675415039,100.28752899169922,97.468017578125,96.13285827636719,96.63062286376953,98.16869354248047,100.85031127929688,104.37641143798828,106.96768188476562,107.06194305419922,105.07896423339844,102.8841323852539,101.61095428466797,100.97123718261719,100.67345428466797,100.3267593383789,100.03568267822266,99.82455444335938,99.18891906738281,98.42589569091797,98.19363403320312,98.57524108886719,98.31340789794922,96.78536224365234,95.22140502929688,94.30338287353516,93.43856811523438,92.65716552734375,92.09188842773438
107.1712646484375,105.46210479736328,105.04651641845703,105.46951293945312,105.80724334716797,104.90474700927734,103.93360900878906,103.78988647460938,104.15179443359375,104.28242492675781,104.01341247558594,103.57527923583984,103.12254333496094,102.75704956054688,102.71453094482422,102.58285522460938,101.27915954589844,99.10526275634766,97.66569519042969,97.55744171142578,98.3447494506836,100.38529205322266,103.65283203125,106.45011138916016,107.5321273803711,106.7749252319336,104.8624038696289,102.87130737304688,101.37945556640625,100.56050109863281,100.33384704589844,100.54352569580078,100.73573303222656,100.09614562988281,99.11516571044922,98.54267883300781,98.62245178222656,98.91468048095703,98.55010986328125,97.17491149902344,95.69275665283203,94.86492919921875,94.55640411376953,94.33525085449219
107.78699493408203,106.32503509521484,105.86236572265625,106.00615692138672,106.21733856201172,105.27556610107422,104.05789184570312,103.44680786132812,103.42372131347656,103.4885482788086,103.39170837402344,103.12049865722656,102.74217224121094,102.36814880371094,102.32452392578125,102.39927673339844,101.57569885253906,99.86109161376953,98.56739044189453,98.36406707763672,98.91032409667969,100.31253814697266,102.84564208984375,105.52144622802734,107.28642272949219,107.85186004638672,106.885986328125,104.7059326171875,102.44682312011719,100.84500885009766,100.30286407470703,101.01187133789062,101.6180648803711,100.94513702392578,99.89056396484375,99.37577056884766,99.18030548095703,99.35649108886719,99.70044708251953,99.10560607910156,97.367919921875,96.38430786132812,96.4893798828125,96.47233581542969
107.78837585449219,106.29981994628906,105.79959106445312,105.96591186523438,106.12602996826172,105.2410659790039,103.98883819580078,103.09558868408203,102.6810073852539,102.54789733886719,102.5572280883789,102.49491119384766,102.15093994140625,101.71851348876953,101.71773529052734,101.96778106689453,101.2885513305664,99.8167724609375,98.843017578125,98.86569213867188,99.43309020996094,100.43790435791016,102.1933364868164,104.48342895507812,106.52544403076172,107.98753356933594,108.18180084228516,106.4992904663086,103.89508056640625,101.6427230834961,100.64678955078125,101.19393920898438,102.0356216430664,101.74102783203125,100.67234802246094,99.96338653564453,99.95466613769531,100.08739471435547,100.17083740234375,99.9768295288086,98.99891662597656,98.17615509033203,98.24938201904297,98.038330078125
107.2859115600586,105.68423461914062,105.2185287475586,105.57936096191406,105.74976348876953,104.99231719970703,103.84835052490234,102.90892028808594,102.34014892578125,102.10831451416016,102.19464874267578,102.25084686279297,101.82673645019531,101.26347351074219,101.3309326171875,101.63583374023438,100.86315155029297,99.49718475341797,98.96102905273438,99.29013061523438,99.88314819335938,100.67970275878906,101.93783569335938,103.7662353515625,105.81588745117188,107.70014190673828,108.6965103149414,107.77112579345703,105.31076049804688,102.7629165649414,101.26162719726562,101.27172088623047,102.00697326660156,101.98506927490234,101.07304382324219,100.29331970214844,100.20928192138672,100.45481872558594,100.29409790039062,100.28443145751953,99.9688949584961,99.62123107910156,99.39714813232422,99.4075927734375
106.31208801269531,105.01154327392578,104.70682525634766,105.02119445800781,105.18375396728516,104.52816772460938,103.47107696533203,102.57129669189453,102.05923461914062,101.9940414428711,102.25904083251953,102.32438659667969,101.7298583984375,101.02118682861328,101.09443664550781,101.40259552001953,100.58879852294922,99.2682113647461,99.0041732788086,99.63079833984375,100.18901824951172,100.75942993164062,101.82914733886719,103.40840911865234,105.445068359375,107.51447296142578,108.67008972167969,108.09707641601562,106.08647918701172,103.74555969238281,102.0406265258789,101.48011779785156,101.76060485839844,101.90381622314453,101.38111877441406,100.61337280273438,100.32721710205078,100.69588470458984,100.84515380859375,100.59761810302734,100.38191223144531,100.32376861572266,100.29561614990234,100.37544250488281
104.91239166259766,104.0650863647461,104.02558898925781,104.2591323852539,104.43759155273438,103.87031555175781,102.85053253173828,101.97206115722656,101.59595489501953,101.81295013427734,102.29198455810547,102.35437774658203,101.70806121826172,100.97945404052734,100.94377136230469,101.0784683227539,100.39617156982422,99.24881744384766,98.9753189086914,99.7156753540039,100.43860626220703,100.97909545898438,101.9853515625,103.5173568725586,105.39293670654297,107.21614837646484,108.08514404296875,107.5725326538086,106.11864471435547,104.40435028076172,102.94723510742188,102.01213836669922,101.76129150390625,101.93993377685547,101.70252227783203,101.08930969238281,100.66252899169922,100.85408782958984,101.21818542480469,101.14248657226562,100.68485260009766,100.56571960449219,101.193603515625,101.73123168945312
