data/wind_data/wind_52_0.json
{"header": {"parameterUnit": "KT", "parameterCategory": 2, "nx": 255, "ny": 198, "lo1": 44.73521041870117, "la1": -3.236724853515625, "lo2": 111.26478576660156, "la2": 43.468475341796875, "dx": 0.26192745566368103, "dy": -0.23708222806453705, "refTime": "2025-02-21 04:00:00", "forecastTime": 0, "parameterNumber": 3, "parameterNumberName": "northward_wind"}, "data":
[rows 19 to 37 of 198, columns 86 to 128 of 255]
-5.221996784210205,-5.1640424728393555,-5.667944431304932,-6.809637069702148,-6.5906081199646,-6.001849174499512,-6.4517130851745605,-7.160297393798828,-7.430760860443115,-8.333642959594727,-8.883918762207031,-8.429245948791504,-7.648810386657715,-6.850207328796387,-7.057521343231201,-7.480149745941162,-7.302807331085205,-7.106018543243408,-7.191771030426025,-8.225960731506348,-8.343416213989258,-7.9418840408325195,-9.241521835327148,-9.824087142944336,-8.976007461547852,-8.175561904907227,-8.102828979492188,-7.941269874572754,-7.880506992340088,-7.431436061859131,-6.376261234283447,-5.877135276794434,-5.812982082366943,-4.7921648025512695,-5.021538734436035,-5.450069427490234,-3.8259353637695312,-3.472384452819824,-5.001623630523682,-6.522873401641846,-8.027947425842285,-8.907848358154297,-9.524184226989746
-5.098445415496826,-5.530500888824463,-5.788488388061523,-6.1011834144592285,-6.496832370758057,-6.684805870056152,-7.216257095336914,-7.094307899475098,-7.254340648651123,-7.980239391326904,-7.9764204025268555,-7.681473255157471,-7.369923114776611,-7.570026397705078,-7.916543006896973,-7.3553876876831055,-7.313628673553467,-6.833540916442871,-6.445746898651123,-6.11056661605835,-6.389987468719482,-7.265084743499756,-8.230328559875488,-8.436919212341309,-6.847202777862549,-5.231811046600342,-6.076938629150391,-8.113626480102539,-9.229710578918457,-8.694975852966309,-8.08873176574707,-7.339962959289551,-5.745131492614746,-5.653075695037842,-4.623536586761475,-4.975078105926514,-4.884261131286621,-3.2297203540802,-3.644310235977173,-5.490725994110107,-7.169680595397949,-8.529595375061035,-9.35558795928955
-5.117097854614258,-5.462409973144531,-6.003876686096191,-6.2710137367248535,-6.661445617675781,-6.761928081512451,-6.325802803039551,-5.93923282623291,-6.5189080238342285,-6.814487934112549,-6.621055603027344,-6.865248203277588,-7.066827774047852,-8.39047908782959,-8.849471092224121,-7.677879810333252,-7.401537895202637,-6.977202415466309,-6.802109718322754,-6.80108642578125,-7.159356594085693,-7.490316867828369,-7.65553092956543,-7.90892219543457,-7.845518589019775,-6.9616007804870605,-6.334065914154053,-7.264542102813721,-8.165340423583984,-8.501615524291992,-8.805428504943848,-8.827386856079102,-6.920040607452393,-6.405341625213623,-5.031747817993164,-4.0831298828125,-3.5548908710479736,-2.4457147121429443,-3.290454149246216,-5.5950846672058105,-6.791569232940674,-7.131167411804199,-7.267816543579102
-5.502870082855225,-6.082082271575928,-6.014773368835449,-5.709689617156982,-6.237009525299072,-6.762017726898193,-5.866452693939209,-5.167783260345459,-5.48041296005249,-5.058538436889648,-5.048985481262207,-5.672299861907959,-6.956104755401611,-8.186655044555664,-7.826083660125732,-7.385939598083496,-7.571423053741455,-7.675083160400391,-7.692080497741699,-8.10157299041748,-8.101264953613281,-8.193645477294922,-8.585413932800293,-8.867907524108887,-8.844573020935059,-8.344155311584473,-7.164913177490234,-6.599897861480713,-7.037021636962891,-7.2090959548950195,-7.003788471221924,-6.998777866363525,-6.16205358505249,-7.364267826080322,-9.044925689697266,-8.964194297790527,-4.10831356048584,-2.525822401046753,-4.946545600891113,-6.721850872039795,-7.037174701690674,-7.525909423828125,-8.640005111694336
-6.463358402252197,-6.0404052734375,-5.654597282409668,-6.084312915802002,-6.406197547912598,-7.051520824432373,-7.2050700187683105,-7.112809181213379,-6.332632064819336,-5.496183395385742,-5.6775431632995605,-6.0730299949646,-6.626698970794678,-6.789414882659912,-7.113533020019531,-7.838795185089111,-8.03186321258545,-8.003961563110352,-8.117901802062988,-8.8228178024292,-9.03986930847168,-9.127683639526367,-9.004871368408203,-8.520612716674805,-7.3151092529296875,-7.420073986053467,-7.795140266418457,-6.397572040557861,-6.592789649963379,-7.463773727416992,-6.088338851928711,-5.01370906829834,-5.715010166168213,-7.583099842071533,-9.673494338989258,-10.5692777633667,-6.4903244972229,-3.8232789039611816,-5.743182182312012,-7.323182582855225,-8.039752960205078,-9.058920860290527,-9.384794235229492
-5.145971775054932,-4.573984622955322,-5.4458112716674805,-7.00653600692749,-6.041748046875,-4.982133865356445,-6.4353837966918945,-7.71197509765625,-7.078045845031738,-7.180334568023682,-6.709296703338623,-6.0788798332214355,-6.260433673858643,-5.449351787567139,-5.655738353729248,-6.387630939483643,-7.293560028076172,-7.0988640785217285,-6.541705131530762,-7.642902851104736,-8.946111679077148,-8.652373313903809,-8.199793815612793,-7.367602348327637,-6.826467037200928,-7.615291118621826,-8.6320161819458,-7.097737789154053,-6.026800155639648,-8.397122383117676,-9.183317184448242,-6.343822479248047,-5.613056659698486,-7.501175403594971,-8.735475540161133,-10.305927276611328,-10.662345886230469,-7.2782063484191895,-5.683452606201172,-7.161538600921631,-8.439009666442871,-9.09982681274414,-8.33983325958252
-4.156533718109131,-4.9379377365112305,-5.942535400390625,-5.907291889190674,-5.054738521575928,-4.107448577880859,-4.765748023986816,-6.004514694213867,-6.368779182434082,-7.349832534790039,-6.755559921264648,-6.011297702789307,-6.800293445587158,-6.437100410461426,-4.527190685272217,-3.153515338897705,-5.539069652557373,-6.654906749725342,-5.345635890960693,-5.551814556121826,-7.361746311187744,-6.914064407348633,-6.6243767738342285,-6.568641185760498,-6.914794921875,-7.335740566253662,-8.339523315429688,-8.638216018676758,-6.815772533416748,-6.571815013885498,-8.550039291381836,-7.655252933502197,-5.661234378814697,-7.023346424102783,-8.387995719909668,-9.681053161621094,-11.121475219726562,-10.05599308013916,-6.887245178222656,-6.728549003601074,-8.709857940673828,-9.847480773925781,-8.837780952453613
-5.9427595138549805,-6.696280479431152,-6.018077373504639,-5.588479518890381,-6.052025318145752,-5.959322929382324,-4.840016841888428,-5.023251533508301,-5.6341352462768555,-5.783573627471924,-6.4752421379089355,-6.40449333190918,-5.983912944793701,-7.039133071899414,-6.187689781188965,-3.59427547454834,-4.477129936218262,-7.186442852020264,-7.038072109222412,-6.084592819213867,-6.204164981842041,-6.082552909851074,-5.797906875610352,-6.1660614013671875,-7.174606800079346,-7.478569984436035,-7.4256463050842285,-7.684805393218994,-7.109463691711426,-5.560543060302734,-6.154417991638184,-7.259338855743408,-5.7189836502075195,-4.9344940185546875,-5.517653942108154,-5.911722660064697,-7.36622953414917,-8.997199058532715,-7.958069801330566,-6.589166641235352,-7.8000898361206055,-8.836052894592285,-7.990141868591309
-6.232437610626221,-5.670134544372559,-5.514316082000732,-6.578055381774902,-6.787057399749756,-6.652068138122559,-5.633056163787842,-5.110296249389648,-5.817482948303223,-5.5268659591674805,-5.59354305267334,-5.1917219161987305,-4.37178897857666,-6.551957607269287,-7.374492645263672,-6.443528652191162,-4.826555252075195,-5.652400493621826,-6.852685928344727,-6.824799537658691,-6.469703197479248,-6.679256916046143,-6.12140417098999,-6.235501289367676,-7.552826404571533,-7.874471187591553,-6.446933269500732,-6.259501934051514,-7.195176124572754,-6.546303749084473,-5.535084247589111,-6.324732780456543,-6.404582500457764,-6.377403259277344,-6.308135032653809,-4.767285346984863,-5.182526588439941,-6.520870208740234,-6.075719356536865,-6.076765537261963,-6.297898769378662,-5.855228424072266,-5.739759922027588
-4.938871383666992,-4.9614715576171875,-4.538390636444092,-5.626577377319336,-6.4968132972717285,-6.66373348236084,-6.478895664215088,-6.534724712371826,-6.982335567474365,-7.514012336730957,-7.139823913574219,-6.338846206665039,-5.28370475769043,-5.784634113311768,-6.185129165649414,-6.178287982940674,-4.59254264831543,-4.319331645965576,-5.644942760467529,-6.676357269287109,-6.842546463012695,-6.33785343170166,-6.199224948883057,-6.902204513549805,-7.644073963165283,-7.093022346496582,-5.989317417144775,-6.161524295806885,-6.950211048126221,-7.379645824432373,-6.5279765129089355,-5.977754592895508,-6.477024555206299,-8.407997131347656,-8.291082382202148,-4.985839366912842,-4.314693450927734,-5.575178146362305,-4.63458776473999,-4.461086273193359,-4.599879264831543,-4.328528881072998,-4.820653915405273
-3.6713712215423584,-4.911640167236328,-3.9687705039978027,-3.725752353668213,-4.121757984161377,-4.857491493225098,-6.040476322174072,-6.506967067718506,-5.695494651794434,-6.667524814605713,-7.8171706199646,-7.312732696533203,-5.830656051635742,-4.565418720245361,-5.082218170166016,-4.632718563079834,-3.5144073963165283,-4.7254791259765625,-6.301007270812988,-6.574134349822998,-6.144445419311523,-5.475570201873779,-6.138205528259277,-6.72551965713501,-6.389179229736328,-5.676251411437988,-6.721500873565674,-6.939825057983398,-7.175789833068848,-7.1119232177734375,-6.918224811553955,-5.666281223297119,-4.818211555480957,-5.6663923263549805,-6.2425103187561035,-5.42884635925293,-5.223282337188721,-5.847960472106934,-5.547388076782227,-3.935419797897339,-2.5172617435455322,-2.8492558002471924,-4.3415846824646
-3.3550193309783936,-4.319940090179443,-5.4160966873168945,-4.796136379241943,-2.9329802989959717,-2.8434743881225586,-4.798220634460449,-4.894397258758545,-2.77817440032959,-2.4718821048736572,-4.820865154266357,-4.260824680328369,-3.672705888748169,-4.419369697570801,-5.414435863494873,-4.807769775390625,-4.980383396148682,-5.553504943847656,-5.801860332489014,-5.490149021148682,-5.971545696258545,-5.752410888671875,-5.769495010375977,-5.844429969787598,-5.279089450836182,-6.080739498138428,-7.0646233558654785,-6.589022636413574,-6.436894416809082,-5.585134506225586,-5.542818546295166,-5.111982345581055,-4.228113651275635,-4.019999980926514,-4.6306586265563965,-5.886878490447998,-5.432209014892578,-4.7880659103393555,-4.237188339233398,-2.7933812141418457,-1.1319154500961304,-0.9864317178726196,-2.172137498855591
-4.781381130218506,-4.504885673522949,-5.730003833770752,-6.686443328857422,-6.507026672363281,-5.217050552368164,-4.08380126953125,-4.1826043128967285,-3.4708492755889893,-1.6977647542953491,-1.379075288772583,-0.2537476718425751,-1.301612377166748,-4.264072895050049,-5.543407917022705,-6.046679496765137,-7.155398368835449,-5.327432155609131,-3.8197741508483887,-4.794984817504883,-5.830524921417236,-5.143975257873535,-4.4379119873046875,-5.256028652191162,-6.088211536407471,-6.310262680053711,-6.00789213180542,-6.174030303955078,-5.734645843505859,-5.30425500869751,-5.206851959228516,-5.339110851287842,-5.176660537719727,-4.581426620483398,-4.358368396759033,-4.192577362060547,-3.7891616821289062,-3.3269503116607666,-1.784674048423767,-0.6215521097183228,-1.1376779079437256,-1.807326316833496,-1.1335947513580322
-5.0056538581848145,-4.232922554016113,-3.0646300315856934,-4.781431198120117,-7.164590835571289,-7.127109050750732,-4.565571308135986,-4.253828525543213,-5.4268646240234375,-4.8442063331604,-2.753568649291992,-1.0673760175704956,-1.7483505010604858,-3.333597183227539,-4.309308052062988,-5.328479290008545,-5.026463508605957,-3.546356439590454,-3.4694857597351074,-4.832142353057861,-5.048442363739014,-5.079392910003662,-4.920848369598389,-5.5339202880859375,-6.112508296966553,-5.292744159698486,-5.379516124725342,-5.461606979370117,-6.128521919250488,-5.914905548095703,-5.483781337738037,-5.461331844329834,-5.123218059539795,-4.137088775634766,-3.406346082687378,-2.672677516937256,-2.42378830909729,-2.114610195159912,-0.961650550365448,1.1849207878112793,1.0645138025283813,-1.4538016319274902,-2.0708889961242676
-3.684835433959961,-4.232153415679932,-1.9046183824539185,-1.7404541969299316,-3.575544834136963,-3.4079041481018066,-2.9907045364379883,-2.8629844188690186,-3.217879056930542,-4.382876396179199,-4.971950054168701,-4.892179489135742,-3.4123637676239014,-0.4072585105895996,-1.9098305702209473,-2.816624879837036,-2.1084277629852295,-2.61415958404541,-3.5659005641937256,-3.755978584289551,-4.259100914001465,-5.89315938949585,-5.699000358581543,-4.887356281280518,-4.83966064453125,-4.358852863311768,-4.382073879241943,-4.4397454261779785,-5.290726184844971,-5.287977695465088,-5.254062652587891,-4.348921775817871,-4.0491862297058105,-4.1286940574646,-2.4019532203674316,-1.4123098850250244,-1.1479015350341797,-1.1460977792739868,-1.4840010404586792,-0.9104938507080078,0.5553178191184998,1.1100846529006958,0.5537554621696472
-1.1460295915603638,-2.9571290016174316,-2.4490113258361816,-2.111734628677368,-3.869208335876465,-2.528575897216797,-1.728545904159546,-0.48498204350471497,0.1158042699098587,-1.9344431161880493,-2.7117364406585693,-3.4091222286224365,-1.9113067388534546,1.0039739608764648,-0.2997000813484192,-1.3991622924804688,-1.3598031997680664,-1.4879565238952637,-2.0396859645843506,-2.282083511352539,-2.9363222122192383,-3.829399824142456,-3.9408328533172607,-3.9601900577545166,-4.390501976013184,-4.38445520401001,-4.506545066833496,-4.4754791259765625,-4.512144088745117,-4.960818767547607,-4.692445755004883,-4.025107383728027,-4.140676975250244,-4.569954872131348,-3.668734550476074,-2.8906800746917725,-2.483297348022461,-2.126044988632202,-2.60913348197937,-3.2368924617767334,-2.7042462825775146,-0.5552420020103455,1.6339460611343384
-2.1998817920684814,-1.27902090549469,-2.2447304725646973,-2.57116961479187,-3.5526747703552246,-5.396819114685059,-6.481975078582764,-4.929414749145508,-2.5481534004211426,-0.7611011862754822,-0.6442391872406006,-2.458625078201294,-2.77504563331604,-2.507856607437134,-1.3423513174057007,-1.0269434452056885,-1.1274651288986206,-0.7788060903549194,-0.9337202310562134,-0.33114197850227356,-1.8368940353393555,-3.1300766468048096,-2.952047109603882,-2.6002004146575928,-2.889702320098877,-4.682980060577393,-5.6603546142578125,-4.928824424743652,-5.5195631980896,-5.779799461364746,-4.4862470626831055,-3.236837387084961,-3.181640863418579,-4.334021091461182,-4.65437126159668,-3.015824794769287,-0.47090214490890503,-0.10799769312143326,-0.9122549295425415,-1.1553727388381958,-1.2763640880584717,-1.3319809436798096,-1.2821471691131592
-4.847120761871338,-3.001119613647461,-2.4571077823638916,-1.8803807497024536,-1.327615737915039,-3.3464715480804443,-5.558384895324707,-7.2964582443237305,-7.110170841217041,-3.5865478515625,-0.9376252293586731,-2.2209973335266113,-4.590228080749512,-4.717892646789551,-3.1486270427703857,-0.5083237886428833,-0.1695820391178131,-2.396287202835083,-2.208249807357788,-0.3478884994983673,-0.707726240158081,-3.0577633380889893,-2.627211093902588,-1.1679625511169434,-0.49820324778556824,-3.4040136337280273,-5.010046005249023,-4.07588529586792,-5.282680511474609,-5.591897487640381,-5.498598575592041,-3.575643539428711,-2.0229082107543945,-2.3438217639923096,-1.7263672351837158,0.29213377833366394,2.5684101581573486,2.100804567337036,0.3587348163127899,-1.1328511238098145,-0.9041690826416016,0.22921344637870789,-0.5416431427001953
-3.07686185836792,-3.3798396587371826,-3.1199703216552734,-4.266265869140625,-4.46282434463501,-2.898897171020508,-1.8304133415222168,-2.4579734802246094,-6.006842136383057,-6.94099235534668,-4.199082374572754,-1.4445955753326416,-1.742092490196228,-1.978248953819275,-1.788840413093567,-0.45174863934516907,0.769381582736969,-2.1230340003967285,-4.171563625335693,-3.2090611457824707,-0.19103433191776276,-1.3821179866790771,-4.1635026931762695,-4.834845542907715,-3.541165351867676,-3.4795124530792236,-4.106459617614746,-3.8237013816833496,-4.130735874176025,-5.290496349334717,-6.762195110321045,-7.119112014770508,-5.276344299316406,-2.5193073749542236,-1.0569826364517212,-3.4982171058654785,-5.603140830993652,-4.75253963470459,-4.382962703704834,-4.202916145324707,-2.3877668380737305,-0.8570266962051392,-0.6216800212860107
