data/wind_data/wind_30_9.json
{"header": {"parameterUnit": "KT", "parameterCategory": 2, "nx": 256, "ny": 198, "lo1": 44.73521041870117, "la1": -3.236724853515625, "lo2": 111.26478576660156, "la2": 43.468475341796875, "dx": 0.2609002888202667, "dy": -0.23708222806453705, "refTime": "2025-02-20 06:00:00", "forecastTime": 0, "parameterNumber": 2, "parameterNumberName": "eastward_wind"}, "data":
[rows 114 to 132 of 198, columns 86 to 128 of 256]
32.00885772705078,28.23263168334961,23.301715850830078,20.48653793334961,19.267963409423828,19.4224910736084,21.293771743774414,23.75948143005371,25.373205184936523,25.795785903930664,25.501859664916992,25.053451538085938,24.960166931152344,25.75706672668457,28.023006439208984,31.366376876831055,33.81868362426758,33.825775146484375,32.271541595458984,30.796598434448242,29.44658088684082,27.367218017578125,24.620187759399414,22.01314926147461,20.08272933959961,20.17462921142578,23.316123962402344,26.592817306518555,25.27469825744629,19.862102508544922,14.556912422180176,11.208822250366211,9.266834259033203,7.550656318664551,5.792965412139893,4.855959892272949,4.46832275390625,3.929198980331421,3.365109920501709,2.9360175132751465,2.916012763977051,2.751697063446045,-0.05352647602558136
28.971782684326172,22.659099578857422,17.223506927490234,15.236504554748535,15.3024320602417,16.31383514404297,18.400880813598633,21.24148178100586,23.733715057373047,25.0712890625,25.170591354370117,24.619890213012695,24.44969367980957,25.545814514160156,27.97914695739746,30.981197357177734,32.98408508300781,32.59656524658203,30.671110153198242,29.15282440185547,28.221813201904297,26.714962005615234,24.1449031829834,21.291080474853516,19.02400779724121,18.411136627197266,20.718748092651367,24.40271759033203,24.55286407470703,20.22102165222168,15.152440071105957,11.893778800964355,9.94205379486084,7.899172782897949,5.436090469360352,3.297146797180176,1.7535847425460815,0.8673240542411804,0.6840384602546692,0.7643969058990479,1.1992206573486328,1.4968950748443604,0.04095365107059479
25.052785873413086,17.08562660217285,12.040693283081055,11.916154861450195,14.224248886108398,16.468717575073242,17.79234504699707,19.050607681274414,20.741527557373047,22.076322555541992,22.45945930480957,22.41968536376953,23.100727081298828,25.118120193481445,27.77265167236328,30.074708938598633,31.228811264038086,30.597557067871094,28.802318572998047,27.2526798248291,26.35938262939453,25.169065475463867,22.7928524017334,19.792465209960938,17.50271987915039,16.688865661621094,17.814294815063477,20.673173904418945,21.83647346496582,18.940187454223633,14.549796104431152,11.404783248901367,9.352361679077148,7.577016353607178,5.4577555656433105,2.7352306842803955,0.4497617483139038,-0.48675864934921265,-0.3225550055503845,0.21787381172180176,0.6428411602973938,0.3588418960571289,-0.24385696649551392
20.57648468017578,9.704671859741211,5.445546627044678,9.45213508605957,15.27395248413086,19.5389347076416,21.0659236907959,20.360782623291016,18.93758201599121,18.07390785217285,18.15827178955078,19.332509994506836,21.568450927734375,24.41202163696289,27.045480728149414,28.7120304107666,29.28343391418457,28.615053176879883,27.07676887512207,25.52796173095703,24.322385787963867,23.019935607910156,20.96320343017578,18.399024963378906,16.5408935546875,15.687403678894043,15.254057884216309,16.105772018432617,17.644535064697266,16.905424118041992,13.776532173156738,10.539610862731934,8.203449249267578,7.037955284118652,6.131597518920898,3.9539103507995605,1.711777925491333,0.7289513349533081,0.8466253876686096,1.3708202838897705,1.3557887077331543,0.4608544111251831,0.40183085203170776
14.204751014709473,3.028632402420044,2.483388900756836,7.923635482788086,14.82007884979248,20.2497501373291,22.460548400878906,21.359758377075195,18.044069290161133,15.250131607055664,15.10412311553955,17.231645584106445,20.18614959716797,23.11669921875,25.721391677856445,27.338470458984375,27.63117218017578,26.706575393676758,25.14600372314453,23.547086715698242,21.993650436401367,20.480154037475586,18.918155670166016,17.33339500427246,16.035531997680664,14.564179420471191,12.548762321472168,11.706515312194824,13.141876220703125,14.45230484008789,13.069202423095703,9.966798782348633,7.4939985275268555,7.036248207092285,7.649509906768799,6.80727481842041,4.973854064941406,3.5874526500701904,3.029578447341919,3.077601671218872,2.4556753635406494,1.1509041786193848,1.2867356538772583
11.268681526184082,3.123849630355835,4.039619445800781,7.120579719543457,12.414780616760254,17.637527465820312,20.036479949951172,19.262575149536133,16.9501895904541,15.095640182495117,15.1219482421875,16.769033432006836,19.08295440673828,21.735883712768555,24.455263137817383,26.371109008789062,26.647293090820312,25.325679779052734,23.30738067626953,21.119407653808594,18.822101593017578,16.77790069580078,15.388477325439453,14.686081886291504,14.028852462768555,12.227022171020508,9.532474517822266,8.30490779876709,9.817923545837402,12.155288696289062,12.202582359313965,9.803343772888184,7.747587203979492,8.061158180236816,9.7853422164917,10.31506633758545,8.907608985900879,6.927608013153076,5.663082599639893,5.170721530914307,3.7834324836730957,2.0695292949676514,2.308648109436035
10.068550109863281,3.1521191596984863,5.639534950256348,8.383095741271973,11.350556373596191,14.677424430847168,16.645172119140625,16.295032501220703,15.275691032409668,15.292208671569824,16.27513885498047,17.521865844726562,18.903554916381836,20.975603103637695,23.505508422851562,25.428348541259766,25.90901756286621,24.764509201049805,22.62919807434082,19.85079002380371,16.615158081054688,13.717069625854492,11.664374351501465,10.609746932983398,10.058659553527832,8.831701278686523,7.020514011383057,6.393908500671387,8.10305404663086,10.845868110656738,11.864392280578613,10.440364837646484,9.035210609436035,9.69729232788086,11.536182403564453,12.364177703857422,11.260188102722168,9.039770126342773,7.524975299835205,7.000779151916504,5.4937214851379395,3.6384437084198,3.3568813800811768
9.365041732788086,3.16379976272583,7.463342666625977,11.948837280273438,13.352745056152344,14.27487564086914,15.664125442504883,15.502073287963867,14.219160079956055,14.42547607421875,16.429893493652344,18.466976165771484,19.559398651123047,20.685537338256836,22.448055267333984,24.20611000061035,25.093870162963867,24.774690628051758,23.25841522216797,20.451406478881836,17.010461807250977,13.32165813446045,9.642032623291016,7.089476108551025,6.0029449462890625,5.570512294769287,5.386781215667725,5.996014595031738,7.9609856605529785,10.648628234863281,12.34476089477539,11.931350708007812,10.735801696777344,10.514378547668457,11.175400733947754,11.532035827636719,10.574925422668457,8.528891563415527,7.206380367279053,7.031457901000977,6.741251468658447,6.061272621154785,5.134398460388184
10.343195915222168,5.74334716796875,7.914377689361572,10.140057563781738,10.70778751373291,12.446228981018066,15.859007835388184,16.725791931152344,14.941926002502441,14.131235122680664,15.874391555786133,18.34971046447754,19.4334716796875,19.831968307495117,20.786436080932617,22.327980041503906,23.800827026367188,24.489242553710938,23.65058135986328,21.358022689819336,17.93766975402832,13.292400360107422,8.813312530517578,5.768002510070801,4.186362266540527,3.996933698654175,4.864014148712158,6.499834060668945,8.923910140991211,11.56983757019043,13.368843078613281,13.2280855178833,11.563614845275879,9.835244178771973,9.067651748657227,8.993806838989258,8.340228080749512,6.685123443603516,5.409843444824219,5.898304462432861,7.806812286376953,8.682117462158203,6.826150417327881
8.083298683166504,1.7028406858444214,0.5139899253845215,-2.3443527221679688,-1.707595944404602,5.964751243591309,14.159489631652832,16.017318725585938,14.916632652282715,14.59067440032959,15.838725090026855,17.14628028869629,16.940513610839844,16.71051788330078,17.5834903717041,19.29847526550293,21.159482955932617,22.184986114501953,21.60052490234375,19.36133575439453,15.395428657531738,11.358170509338379,8.772344589233398,6.719156265258789,4.9120917320251465,4.368264675140381,5.285429000854492,7.2894697189331055,10.261406898498535,13.114619255065918,14.537994384765625,14.183270454406738,12.390007972717285,9.791858673095703,7.753761291503906,6.951953887939453,6.685153484344482,5.8393659591674805,4.785879611968994,5.575356483459473,8.470587730407715,10.185009002685547,8.034431457519531
2.27370548248291,-7.980010032653809,-12.26093864440918,-15.408622741699219,-9.194378852844238,3.313964605331421,10.925963401794434,11.55062484741211,12.453583717346191,14.70373249053955,15.651169776916504,14.236891746520996,11.494091033935547,10.63387680053711,12.00509262084961,14.31453800201416,16.424345016479492,17.3702392578125,16.5753231048584,13.71030044555664,10.621304512023926,9.60629940032959,9.354560852050781,8.004178047180176,6.114796161651611,5.2501983642578125,5.985325813293457,8.137385368347168,11.351582527160645,14.151416778564453,15.172526359558105,14.726431846618652,13.249808311462402,10.618707656860352,7.931468486785889,6.665814399719238,6.741450786590576,6.985289573669434,6.751135349273682,7.1511640548706055,8.92099666595459,10.137858390808105,8.70029354095459
0.731774628162384,-9.095555305480957,-12.368138313293457,-15.356595993041992,-7.098944187164307,1.6571885347366333,3.787750720977783,5.443159103393555,8.45785140991211,13.158398628234863,14.96300983428955,11.866294860839844,6.874455451965332,5.963195323944092,7.97819185256958,10.494562149047852,12.108170509338379,12.171727180480957,10.801247596740723,9.498488426208496,9.814106941223145,10.626409530639648,10.516355514526367,9.166006088256836,7.126055717468262,5.859927654266357,6.3260416984558105,8.338193893432617,11.250523567199707,13.746335983276367,14.420794486999512,13.883064270019531,13.127225875854492,11.768936157226562,9.86985969543457,8.614235877990723,8.440404891967773,9.027094841003418,9.572529792785645,9.735523223876953,10.016925811767578,10.201971054077148,9.415556907653809
6.011130332946777,1.2997713088989258,-2.6928677558898926,-7.618067741394043,-2.3823256492614746,-0.8824018836021423,-2.7504451274871826,0.31467732787132263,4.955860137939453,10.579768180847168,13.21284008026123,10.793547630310059,6.791069984436035,5.852356433868408,7.671072006225586,9.670242309570312,9.936542510986328,8.880931854248047,8.380317687988281,9.817422866821289,11.726778984069824,12.239852905273438,11.558575630187988,10.006802558898926,7.739012718200684,6.1486053466796875,6.036741733551025,7.203948020935059,9.248588562011719,11.128277778625488,11.553648948669434,11.311366081237793,11.596296310424805,11.900206565856934,11.677017211914062,11.241436004638672,10.871630668640137,10.77612590789795,11.07858657836914,11.521673202514648,11.786576271057129,11.408393859863281,10.434097290039062
6.768993377685547,5.901473045349121,-0.3581063747406006,2.155928134918213,3.8480348587036133,-3.1875100135803223,-3.783184289932251,-0.5755428075790405,4.200016975402832,8.278718948364258,10.618547439575195,9.910537719726562,7.215491771697998,5.31862735748291,6.035990238189697,7.517663955688477,7.448539733886719,6.627586364746094,6.905799388885498,8.760795593261719,10.829018592834473,11.548784255981445,10.817635536193848,8.910082817077637,6.6611127853393555,5.412241458892822,5.0937700271606445,5.309422016143799,6.187427043914795,7.310701847076416,7.763942241668701,8.16804027557373,9.489908218383789,11.329996109008789,12.691007614135742,13.07473087310791,12.425203323364258,11.379817008972168,11.182169914245605,12.097379684448242,12.839731216430664,12.263158798217773,11.11585807800293
3.7120869159698486,0.6735044717788696,-3.1582422256469727,4.453519821166992,2.9230854511260986,-3.994913101196289,-3.1829047203063965,2.030445098876953,6.629968643188477,7.219249725341797,5.484912395477295,5.403573036193848,5.685708522796631,5.758965015411377,6.398465156555176,6.1781487464904785,4.509934425354004,3.2816245555877686,4.102365016937256,6.280001640319824,7.797947406768799,7.6759467124938965,6.697137832641602,5.085939884185791,3.78945255279541,3.5795271396636963,3.5667929649353027,3.338674783706665,3.575984477996826,4.5546112060546875,5.598148822784424,6.738868713378906,8.486122131347656,10.701272010803223,12.492316246032715,12.993254661560059,11.841588020324707,10.345563888549805,10.360780715942383,11.685037612915039,12.372733116149902,11.75833797454834,10.537117958068848
3.621063470840454,-1.1291608810424805,-5.813530445098877,-4.74407434463501,-3.7910194396972656,-4.1945953369140625,-1.674166202545166,3.1818647384643555,7.775536060333252,5.555709362030029,0.3739759624004364,0.5213667750358582,3.5015697479248047,7.530837059020996,10.898154258728027,10.457221031188965,6.620883941650391,3.118333339691162,2.6091792583465576,3.016688823699951,1.851244330406189,0.8832891583442688,0.750930905342102,0.3276423513889313,0.5040608644485474,1.4160783290863037,1.7585537433624268,1.5780173540115356,2.0990407466888428,3.771066904067993,5.403111934661865,6.627076148986816,8.078352928161621,9.78541088104248,11.076607704162598,10.942951202392578,9.39438533782959,8.34489631652832,9.192154884338379,10.72665786743164,11.176607131958008,10.002655982971191,8.121490478515625
5.786547660827637,-1.8612360954284668,-5.105377197265625,-6.241600036621094,-3.3396670818328857,-2.379692554473877,-0.20502370595932007,3.6742186546325684,6.957197666168213,4.997269153594971,-0.3821752071380615,-1.4703500270843506,0.6166359186172485,6.419843673706055,14.243250846862793,14.486026763916016,9.425137519836426,4.459225177764893,2.4370923042297363,0.6998628377914429,-1.7127019166946411,-3.0919454097747803,-3.5375497341156006,-3.1572186946868896,-2.0004043579101562,-0.6968032717704773,0.000685639213770628,0.32485082745552063,1.2876858711242676,3.2839808464050293,5.10867977142334,5.925687313079834,6.863735675811768,8.23370361328125,9.236321449279785,8.835320472717285,7.320735454559326,6.728354454040527,7.885792255401611,9.192556381225586,8.93558120727539,6.971841335296631,5.240073204040527
8.770608901977539,-2.4925312995910645,-4.659124851226807,-3.996361255645752,-1.063528299331665,3.245734453201294,3.6117234230041504,4.993542671203613,6.9122314453125,4.789429664611816,0.25792405009269714,-1.4462591409683228,-1.3893331289291382,3.868999481201172,14.684292793273926,15.54514217376709,10.041625022888184,3.0390117168426514,0.7129408121109009,0.4207947254180908,-1.2815933227539062,-4.069827079772949,-5.813137531280518,-5.755054473876953,-4.712934970855713,-3.0790114402770996,-1.3859710693359375,-0.13175804913043976,0.7623050808906555,1.8508199453353882,3.173001527786255,4.423589706420898,5.958498001098633,7.632077217102051,8.421887397766113,7.729799747467041,6.463932991027832,6.150952339172363,6.824666976928711,7.152626037597656,6.223767280578613,4.423437118530273,3.609544038772583
11.322955131530762,2.306812286376953,0.8285351395606995,-1.105883002281189,-0.05310312286019325,4.196657657623291,6.487834930419922,8.511837005615234,9.873583793640137,6.019925594329834,0.7004544734954834,-0.3581039607524872,-0.15736617147922516,6.010201930999756,12.109230995178223,11.87964153289795,8.533293724060059,1.215214490890503,-1.6259715557098389,-1.5422295331954956,-1.8294589519500732,-4.177680492401123,-7.199410915374756,-8.632226943969727,-7.772608757019043,-5.44441556930542,-3.1841208934783936,-1.964949607849121,-1.6432852745056152,-1.1895029544830322,0.6490836143493652,3.6001009941101074,6.556034564971924,8.511432647705078,8.69629955291748,7.3310370445251465,6.057125091552734,5.829658031463623,6.1460041999816895,5.931286811828613,4.7763824462890625,3.319453477859497,2.9807610511779785
