data/wind_data/wind_67_6.json
{"header": {"parameterUnit": "KT", "parameterCategory": 2, "nx": 256, "ny": 198, "lo1": 44.73521041870117, "la1": -3.236724853515625, "lo2": 111.26478576660156, "la2": 43.468475341796875, "dx": 0.2609002888202667, "dy": -0.23708222806453705, "refTime": "2025-02-21 19:00:00", "forecastTime": 0, "parameterNumber": 2, "parameterNumberName": "eastward_wind"}, "data":
[rows 40 to 59 of 198, columns 0 to 44 of 256]
3.2056350708007812,2.299409866333008,1.334667682647705,-1.1846389770507812,-5.060824394226074,-3.04361629486084,-2.124286651611328,-1.8267123699188232,-1.503425121307373,-2.487985134124756,-3.4734208583831787,-3.726560354232788,-3.7871525287628174,-3.750169277191162,-3.771176815032959,-4.288967609405518,-5.212518215179443,-5.735683441162109,-5.280824184417725,-4.308655738830566,-4.450483322143555,-5.0770039558410645,-5.545929431915283,-5.857686519622803,-5.927581310272217,-5.590514659881592,-5.372611045837402,-5.652547836303711,-6.433661460876465,-7.5010271072387695,-8.300176620483398,-8.506540298461914,-8.496728897094727,-8.462040901184082,-8.331018447875977,-8.064128875732422,-7.7373270988464355,-7.409033298492432,-6.965984344482422,-6.444075107574463,-5.9748854637146,-5.505175590515137,-5.065667629241943,-4.681131362915039,-4.395959854125977
3.097280263900757,1.916098952293396,0.7246777415275574,-1.4865700006484985,-4.392498016357422,-3.098212718963623,-2.522414207458496,-2.44759202003479,-2.523318290710449,-3.7368996143341064,-4.327907085418701,-4.4023213386535645,-4.451960563659668,-4.2588372230529785,-4.121755599975586,-4.623713493347168,-5.60706090927124,-6.067492485046387,-5.625881671905518,-4.767638206481934,-4.491966247558594,-4.876896381378174,-5.225461483001709,-5.43397331237793,-5.456592559814453,-5.509848594665527,-5.497977256774902,-5.549754619598389,-5.974395275115967,-6.878517150878906,-7.899711608886719,-8.38359260559082,-8.458200454711914,-8.3951416015625,-8.195138931274414,-7.8654656410217285,-7.473286151885986,-7.171131134033203,-6.868728160858154,-6.477330684661865,-6.025981426239014,-5.471639633178711,-4.894711017608643,-4.473033428192139,-4.160486221313477
3.020597457885742,1.8813399076461792,0.6439982056617737,-1.1207438707351685,-3.1176443099975586,-2.5776188373565674,-2.7352657318115234,-3.1604974269866943,-3.8090922832489014,-4.864613056182861,-4.943770408630371,-4.8086042404174805,-4.745553493499756,-4.592845916748047,-4.489996433258057,-4.81765604019165,-5.5780720710754395,-6.112600326538086,-5.92948579788208,-5.189083576202393,-4.559361934661865,-4.6295084953308105,-4.706213474273682,-5.136031627655029,-5.290789604187012,-5.233604907989502,-5.469221591949463,-5.6543049812316895,-5.763320446014404,-6.186834812164307,-7.094622611999512,-7.867225646972656,-8.116674423217773,-8.120004653930664,-7.989518165588379,-7.718049049377441,-7.3028154373168945,-6.897675514221191,-6.5976715087890625,-6.3179473876953125,-5.894700527191162,-5.335600852966309,-4.771026611328125,-4.304408550262451,-3.961195468902588
2.875018835067749,1.881212592124939,0.8768175840377808,-0.3878386616706848,-1.5077025890350342,-1.5132029056549072,-2.5224499702453613,-3.7542812824249268,-4.870756149291992,-5.529285430908203,-5.2380547523498535,-4.799499034881592,-4.513917922973633,-4.605806827545166,-4.87928581237793,-5.101017951965332,-5.400294303894043,-5.8019280433654785,-5.99705696105957,-5.644861698150635,-4.978248119354248,-4.642262935638428,-4.429624080657959,-4.655550003051758,-5.299686431884766,-5.221468448638916,-5.150354385375977,-5.533858776092529,-5.74832010269165,-5.877736568450928,-6.361279487609863,-7.149083137512207,-7.646634578704834,-7.7851433753967285,-7.73288106918335,-7.530350208282471,-7.158848285675049,-6.687280178070068,-6.291191101074219,-6.02523946762085,-5.743345260620117,-5.315061569213867,-4.755467414855957,-4.206415176391602,-3.731926202774048
2.5361883640289307,2.12886118888855,1.5371586084365845,0.5457534790039062,-0.1474170982837677,-0.2393590658903122,-2.0018773078918457,-4.164985179901123,-5.268530368804932,-5.757365703582764,-5.340152740478516,-4.526648044586182,-4.0398077964782715,-4.337526798248291,-4.997191905975342,-5.355517864227295,-5.419631481170654,-5.575296401977539,-5.851957321166992,-5.927035331726074,-5.593438148498535,-5.082574367523193,-4.707396030426025,-4.535541534423828,-5.097725868225098,-5.453598499298096,-5.0587263107299805,-5.1320085525512695,-5.5931525230407715,-5.835046768188477,-6.009302616119385,-6.4719743728637695,-7.056456089019775,-7.399916648864746,-7.443103313446045,-7.2791948318481445,-7.002668857574463,-6.607260704040527,-6.146825790405273,-5.812164306640625,-5.635381698608398,-5.431011199951172,-5.069555759429932,-4.449631690979004,-3.692030429840088
2.3147289752960205,1.8757398128509521,1.8351980447769165,1.0338982343673706,0.3576678931713104,0.5317237377166748,-1.3072950839996338,-3.840634346008301,-4.805308818817139,-5.531551361083984,-5.32098913192749,-4.355926513671875,-3.8905937671661377,-4.183770656585693,-4.662860870361328,-5.027425765991211,-5.3076348304748535,-5.630000591278076,-5.871394634246826,-5.978797912597656,-5.8993659019470215,-5.566381454467773,-5.190982818603516,-4.822622299194336,-4.932618618011475,-5.448287010192871,-5.184431552886963,-4.762165069580078,-4.976014614105225,-5.285755157470703,-5.493788242340088,-5.851682186126709,-6.358058929443359,-6.789414882659912,-6.972214698791504,-6.916220664978027,-6.770956516265869,-6.515830993652344,-6.143874168395996,-5.763607501983643,-5.534523010253906,-5.387112140655518,-5.181413173675537,-4.751990795135498,-4.064844608306885
2.4384377002716064,2.299656867980957,2.1834452152252197,1.434073805809021,0.18359294533729553,0.4245436489582062,-0.7568354606628418,-3.0526535511016846,-3.839099884033203,-4.749477863311768,-5.049223899841309,-4.322877407073975,-4.087695598602295,-4.457065105438232,-4.464552402496338,-4.398963451385498,-4.735707759857178,-5.439609527587891,-5.929983615875244,-6.0507426261901855,-6.039271354675293,-5.855257034301758,-5.465115070343018,-4.959307670593262,-4.6396989822387695,-4.910711288452148,-5.036896705627441,-4.5757975578308105,-4.287728309631348,-4.309786319732666,-4.546217918395996,-4.983733177185059,-5.533097267150879,-5.944746017456055,-6.1279473304748535,-6.188333511352539,-6.229108810424805,-6.229820728302002,-6.0726213455200195,-5.746769905090332,-5.41330623626709,-5.119399070739746,-4.821577072143555,-4.515143394470215,-4.097692966461182
2.7168593406677246,2.902167558670044,2.822969436645508,2.0061511993408203,-0.011790236458182335,0.4680938422679901,-0.34927648305892944,-2.340035915374756,-2.8189537525177,-3.2806053161621094,-4.268573760986328,-4.345480918884277,-4.291186332702637,-4.660160064697266,-4.470834732055664,-4.146087169647217,-4.367260456085205,-5.040349006652832,-5.605490207672119,-5.933923244476318,-6.045399188995361,-5.884449005126953,-5.5018792152404785,-4.991024017333984,-4.386855602264404,-4.086435794830322,-4.240545749664307,-4.184708595275879,-3.8524320125579834,-3.7808971405029297,-3.910706043243408,-4.182621002197266,-4.552373886108398,-4.894734859466553,-5.029599189758301,-5.048845291137695,-5.138857841491699,-5.357962131500244,-5.5035576820373535,-5.420668601989746,-5.151815414428711,-4.745062351226807,-4.2941694259643555,-3.9751710891723633,-3.7366626262664795
3.357229709625244,3.6061739921569824,3.4569036960601807,2.4514269828796387,0.5139159560203552,1.1886210441589355,-0.11446373164653778,-1.6525098085403442,-1.9098825454711914,-1.6872237920761108,-2.9394547939300537,-4.070734977722168,-4.1871137619018555,-4.450911998748779,-4.459753513336182,-4.159892559051514,-4.098888874053955,-4.3811235427856445,-4.873510837554932,-5.395940780639648,-5.717574596405029,-5.667437553405762,-5.393436908721924,-4.982002258300781,-4.3710618019104,-3.7444467544555664,-3.5327961444854736,-3.5498974323272705,-3.3509578704833984,-3.297480344772339,-3.5123705863952637,-3.7225654125213623,-3.8400204181671143,-3.928630828857422,-3.9289560317993164,-3.8644161224365234,-3.8383915424346924,-4.024105072021484,-4.3486199378967285,-4.55104398727417,-4.551703929901123,-4.2812180519104,-3.8819284439086914,-3.52459716796875,-3.194228410720825
3.6554794311523438,3.5037639141082764,3.585320472717285,2.8347742557525635,0.9951409101486206,2.057948112487793,2.0909340381622314,0.02389611303806305,-0.9791215062141418,-0.6577195525169373,-1.014613389968872,-3.2624409198760986,-3.991750478744507,-3.9186975955963135,-4.103104591369629,-4.114600658416748,-3.899587392807007,-3.7538483142852783,-3.994865655899048,-4.433121681213379,-4.827845096588135,-5.028591632843018,-4.917389392852783,-4.6095709800720215,-4.238161087036133,-3.8113410472869873,-3.499295711517334,-3.2879815101623535,-3.0136239528656006,-2.6708993911743164,-2.711796522140503,-3.0041885375976562,-3.1972010135650635,-3.309796094894409,-3.1430747509002686,-2.802018165588379,-2.584779977798462,-2.6127352714538574,-2.9209187030792236,-3.301508903503418,-3.5942189693450928,-3.6752541065216064,-3.5154032707214355,-3.192678451538086,-2.76039981842041
2.9269931316375732,2.8958771228790283,3.6213088035583496,3.887446641921997,2.669931650161743,2.4888999462127686,3.2925055027008057,2.1155428886413574,0.8304694294929504,0.5440310835838318,-0.01751653105020523,-2.270399570465088,-3.3393592834472656,-3.098860025405884,-3.263016700744629,-3.646594762802124,-3.6665234565734863,-3.387352705001831,-3.2173867225646973,-3.2118959426879883,-3.351165533065796,-3.7200632095336914,-4.088407516479492,-3.973202705383301,-3.657104969024658,-3.3950998783111572,-3.333638906478882,-3.2450413703918457,-2.9879634380340576,-2.4958250522613525,-2.10746693611145,-2.029611110687256,-2.1802563667297363,-2.455047607421875,-2.516723871231079,-2.0793027877807617,-1.5765514373779297,-1.38764488697052,-1.6167576313018799,-2.0745413303375244,-2.5167152881622314,-2.8308520317077637,-2.8969480991363525,-2.7206099033355713,-2.359905958175659
1.8919668197631836,3.8991212844848633,4.299020767211914,4.654195308685303,3.7439639568328857,3.4081175327301025,3.769618272781372,2.5728156566619873,1.2055494785308838,0.9087300300598145,0.5374788641929626,-1.0288259983062744,-2.142678737640381,-1.929157018661499,-1.9066194295883179,-2.4773709774017334,-2.9707443714141846,-2.8384385108947754,-2.5544545650482178,-2.215473175048828,-1.9333044290542603,-1.9647804498672485,-2.4682867527008057,-2.9557721614837646,-2.8912229537963867,-2.6259725093841553,-2.488839626312256,-2.5249826908111572,-2.5321168899536133,-2.383286237716675,-1.9637188911437988,-1.536985158920288,-1.335279941558838,-1.3854705095291138,-1.443948745727539,-1.2393856048583984,-0.9057679772377014,-0.5178053379058838,-0.47974565625190735,-0.8908374905586243,-1.4381213188171387,-1.814765453338623,-1.9505839347839355,-1.909066081047058,-1.6235300302505493
1.0638245344161987,3.9601266384124756,4.009072303771973,4.065673351287842,3.609956741333008,3.5092222690582275,3.626781702041626,2.3819549083709717,1.4456676244735718,1.549715518951416,1.2452346086502075,0.375703901052475,-0.478598952293396,-0.36856549978256226,-0.11294201761484146,-0.7357925772666931,-1.537227749824524,-1.7698781490325928,-1.644053339958191,-1.4462134838104248,-1.0173394680023193,-0.4970892369747162,-0.44046348333358765,-1.084800124168396,-1.6203501224517822,-1.6908642053604126,-1.4879175424575806,-1.3834102153778076,-1.4385948181152344,-1.500594139099121,-1.3377532958984375,-1.0068085193634033,-0.7618688344955444,-0.5458587408065796,-0.3079095184803009,-0.07686851173639297,0.044198647141456604,0.1719362437725067,0.3063846826553345,0.28274837136268616,-0.03463205695152283,-0.4799672067165375,-0.8026280999183655,-0.9019737243652344,-0.6443967819213867
0.6438124179840088,0.2819862365722656,1.5851945877075195,2.3208401203155518,2.8310680389404297,3.9847705364227295,4.341808319091797,2.9950034618377686,2.229498863220215,2.391512632369995,2.152045965194702,1.748725414276123,1.2607097625732422,1.3253731727600098,1.8118228912353516,1.5200507640838623,0.608450174331665,0.0007323019090108573,-0.1595001071691513,-0.1825834959745407,-0.10333665460348129,0.5322319269180298,1.1980990171432495,1.0040627717971802,0.3625498116016388,-0.11868074536323547,-0.2581140100955963,-0.15960662066936493,-0.11284732073545456,-0.146669402718544,-0.09658323973417282,0.07826956361532211,0.25289827585220337,0.3930181860923767,0.5769137144088745,0.8402224183082581,1.0907713174819946,1.1503218412399292,1.0884772539138794,1.0647096633911133,1.0443646907806396,0.8995376825332642,0.6641115546226501,0.4855636656284332,0.5282885432243347
0.5552400946617126,-0.5604856014251709,-0.05261176452040672,0.869057297706604,2.596646785736084,3.9038312435150146,3.9834630489349365,3.4263439178466797,3.411930561065674,3.43404221534729,3.131754159927368,3.0110573768615723,2.7150681018829346,2.9871644973754883,3.647981882095337,3.591595411300659,2.906428813934326,2.216820001602173,1.8732787370681763,1.7570421695709229,1.5575053691864014,1.7496678829193115,2.5120394229888916,2.7290194034576416,2.2091224193573,1.698095440864563,1.4478321075439453,1.3459150791168213,1.3970675468444824,1.4524428844451904,1.444536805152893,1.488325834274292,1.559692144393921,1.653640866279602,1.6922470331192017,1.7751734256744385,1.9348349571228027,2.039584159851074,2.0687341690063477,2.0118942260742188,1.9025776386260986,1.8250854015350342,1.8277508020401,1.830970048904419,1.884565830230713
0.17907875776290894,-1.0519453287124634,-0.9861675500869751,-0.1601136177778244,1.8064448833465576,2.8112454414367676,3.063249111175537,3.3763933181762695,3.4965195655822754,3.348813056945801,3.2639546394348145,3.1867427825927734,3.1902241706848145,4.012328147888184,4.9563188552856445,5.207859992980957,4.911685466766357,4.201916217803955,3.7481327056884766,3.7547693252563477,3.613403558731079,3.485201835632324,3.884324073791504,4.244374752044678,3.9280788898468018,3.49865460395813,3.2895774841308594,3.172905206680298,3.1208412647247314,3.131830930709839,3.144921064376831,3.1344127655029297,3.108280897140503,3.0969526767730713,3.083867311477661,3.044754981994629,3.0129897594451904,3.0038766860961914,3.0495519638061523,3.0900402069091797,2.9812185764312744,2.762751340866089,2.598691463470459,2.600339651107788,2.8041107654571533
-0.6525465846061707,-1.4062247276306152,-1.2998300790786743,-0.663510799407959,1.1249570846557617,2.199181079864502,2.7978062629699707,3.26277232170105,3.05440616607666,2.699643135070801,2.6003665924072266,2.7187535762786865,3.385646343231201,4.65416955947876,5.816215991973877,6.323672294616699,6.181648254394531,5.651495933532715,5.314925193786621,5.198669910430908,5.071631908416748,5.3633623123168945,5.604203701019287,5.656836032867432,5.452639579772949,5.296792984008789,5.160845756530762,5.032246112823486,4.895028114318848,4.8599042892456055,4.824080944061279,4.814266204833984,4.855435848236084,4.876780033111572,4.819375514984131,4.685420989990234,4.485809803009033,4.344167709350586,4.310397148132324,4.301592826843262,4.248758316040039,4.061811923980713,3.7295572757720947,3.4569408893585205,3.4906487464904785
-0.8040072321891785,-1.0848536491394043,-0.8809874057769775,-0.5488512516021729,0.8756728172302246,1.9337793588638306,2.85427188873291,3.37440824508667,3.05564546585083,2.614459753036499,2.5628325939178467,3.0472209453582764,4.035648822784424,5.229881286621094,6.183091640472412,6.739213466644287,6.850796222686768,6.6486687660217285,6.470335960388184,6.474100112915039,6.4240899085998535,6.697136402130127,6.943310737609863,6.849839210510254,6.465886116027832,6.422362804412842,6.628816604614258,6.679670810699463,6.475492000579834,6.267345905303955,6.2228169441223145,6.3486833572387695,6.5720367431640625,6.769303321838379,6.833566665649414,6.725487232208252,6.45243501663208,6.157935619354248,5.969076633453369,5.868677139282227,5.783239841461182,5.625658988952637,5.337721347808838,4.91476583480835,4.668896198272705
-0.1644195020198822,0.011497854255139828,0.1343110352754593,-0.11178497225046158,0.5425402522087097,1.4322428703308105,2.4304513931274414,3.1647653579711914,3.6142635345458984,3.9056637287139893,4.143800735473633,4.430660724639893,4.908632278442383,5.569558620452881,6.299937725067139,6.827760696411133,6.9812541007995605,7.05247163772583,7.265592575073242,7.329827785491943,7.243667125701904,7.366576194763184,7.453643798828125,7.2435455322265625,7.034988880157471,7.0714874267578125,7.356407165527344,7.631550312042236,7.6185150146484375,7.407320499420166,7.33213996887207,7.527007579803467,7.988060474395752,8.44706916809082,8.684558868408203,8.719255447387695,8.57813549041748,8.292646408081055,8.000445365905762,7.768412113189697,7.5735883712768555,7.3726019859313965,7.110523700714111,6.724506855010986,6.3632097244262695
0.6590085029602051,0.960354208946228,1.0066336393356323,0.38796013593673706,0.21868395805358887,1.139898657798767,2.4075613021850586,3.4787869453430176,4.415859699249268,5.155150890350342,5.507197856903076,5.517026424407959,5.408953666687012,5.427282810211182,5.87060546875,6.584937572479248,7.12047004699707,7.312603950500488,7.4281907081604,7.603668689727783,7.6627197265625,7.614712238311768,7.4635467529296875,7.300811767578125,7.355732440948486,7.60776424407959,7.912055015563965,8.230626106262207,8.399809837341309,8.459389686584473,8.551162719726562,8.758855819702148,9.18586254119873,9.699183464050293,10.078715324401855,10.298933982849121,10.365999221801758,10.251773834228516,9.988235473632812,9.706927299499512,9.507122993469238,9.315725326538086,9.012727737426758,8.619049072265625,8.24316120147705
