data/wind_data/wind_47_3.json
{"header": {"parameterUnit": "KT", "parameterCategory": 2, "nx": 256, "ny": 198, "lo1": 44.73521041870117, "la1": -3.236724853515625, "lo2": 111.26478576660156, "la2": 43.468475341796875, "dx": 0.2609002888202667, "dy": -0.23708222806453705, "refTime": "2025-02-20 23:00:00", "forecastTime": 0, "parameterNumber": 2, "parameterNumberName": "eastward_wind"}, "data":
[rows 38 to 56 of 198, columns 88 to 131 of 256]
-27.314294815063477,-26.78966522216797,-26.309032440185547,-25.902822494506836,-25.47999382019043,-25.257911682128906,-25.702444076538086,-26.641475677490234,-27.305402755737305,-27.296804428100586,-27.004398345947266,-26.760807037353516,-26.78799057006836,-27.056909561157227,-27.145957946777344,-26.866321563720703,-26.443552017211914,-25.748167037963867,-24.723657608032227,-24.021650314331055,-23.86288070678711,-23.947555541992188,-23.736164093017578,-22.90835952758789,-22.11779022216797,-22.342172622680664,-22.56232261657715,-22.896812438964844,-23.461624145507812,-24.401395797729492,-24.64432716369629,-24.42536163330078,-24.609230041503906,-25.045143127441406,-25.007341384887695,-24.64297866821289,-24.21852684020996,-23.54534912109375,-22.579662322998047,-21.435516357421875,-20.120344161987305,-18.790239334106445,-17.915401458740234,-17.241241455078125
-27.95161247253418,-27.62955093383789,-27.285781860351562,-26.939592361450195,-26.496601104736328,-26.228084564208984,-26.427968978881836,-26.902385711669922,-27.331026077270508,-27.739364624023438,-27.8516902923584,-27.554433822631836,-27.296215057373047,-27.230628967285156,-27.25611114501953,-27.498428344726562,-27.62916374206543,-27.083078384399414,-26.08983039855957,-25.208303451538086,-24.80508041381836,-24.83890724182129,-24.615367889404297,-23.959819793701172,-23.520780563354492,-23.51569175720215,-23.667795181274414,-24.050355911254883,-24.638519287109375,-25.341955184936523,-25.43750762939453,-25.24927520751953,-25.57786750793457,-26.093355178833008,-26.07762336730957,-25.580219268798828,-24.968503952026367,-24.34434700012207,-23.455581665039062,-22.35993766784668,-21.447505950927734,-20.123971939086914,-18.96169090270996,-17.813093185424805
-28.60835075378418,-28.691328048706055,-28.549564361572266,-28.060157775878906,-27.296953201293945,-26.832849502563477,-27.028820037841797,-27.383129119873047,-27.60910987854004,-27.935930252075195,-28.142986297607422,-28.036935806274414,-27.549541473388672,-27.008115768432617,-27.01835823059082,-27.522052764892578,-28.176244735717773,-28.31081771850586,-27.70623779296875,-26.869171142578125,-26.34882926940918,-26.20125961303711,-25.91042709350586,-25.403810501098633,-25.12761688232422,-25.080577850341797,-25.082658767700195,-25.25815200805664,-25.691083908081055,-26.124353408813477,-26.097366333007812,-26.03409194946289,-26.424224853515625,-26.855546951293945,-26.66792106628418,-25.93294334411621,-25.160062789916992,-24.646509170532227,-24.04566764831543,-23.178791046142578,-22.14631462097168,-21.265853881835938,-20.161548614501953,-19.093551635742188
-28.29912757873535,-28.77300262451172,-28.934202194213867,-28.537872314453125,-27.7309513092041,-27.33450698852539,-27.516490936279297,-27.847196578979492,-27.8232364654541,-28.02924346923828,-28.146881103515625,-28.061140060424805,-27.65184211730957,-27.064870834350586,-26.814218521118164,-27.159936904907227,-28.032175064086914,-28.646339416503906,-28.630184173583984,-28.365751266479492,-28.178951263427734,-28.013595581054688,-27.707460403442383,-27.192432403564453,-26.519481658935547,-25.968778610229492,-26.06096839904785,-26.412748336791992,-26.465608596801758,-26.509368896484375,-26.452272415161133,-26.445539474487305,-26.72054672241211,-26.965829849243164,-26.635387420654297,-25.8021297454834,-24.898887634277344,-24.416446685791016,-24.08291244506836,-23.626245498657227,-22.833484649658203,-21.77818489074707,-20.846860885620117,-19.862812042236328
-27.551050186157227,-27.970081329345703,-28.30149269104004,-28.369138717651367,-28.178728103637695,-28.072078704833984,-28.239633560180664,-28.5312442779541,-28.341644287109375,-28.188365936279297,-27.95009994506836,-27.913103103637695,-27.72384262084961,-27.117536544799805,-26.74122428894043,-26.761863708496094,-27.200515747070312,-28.075410842895508,-28.789888381958008,-29.067306518554688,-29.11360740661621,-29.067333221435547,-28.83909034729004,-28.284992218017578,-27.320938110351562,-26.715158462524414,-27.216121673583984,-27.026479721069336,-26.523042678833008,-26.386579513549805,-26.503957748413086,-26.517230987548828,-26.61180305480957,-26.641891479492188,-26.247343063354492,-25.315019607543945,-24.32161521911621,-23.99068832397461,-24.061294555664062,-23.764934539794922,-23.00987434387207,-21.886579513549805,-20.946134567260742,-20.134374618530273
-26.980260848999023,-27.14419174194336,-27.5004825592041,-28.050302505493164,-28.912080764770508,-29.513200759887695,-29.320510864257812,-29.114383697509766,-29.068363189697266,-28.705820083618164,-28.126270294189453,-27.887895584106445,-27.52607536315918,-26.94830322265625,-26.519018173217773,-26.093748092651367,-26.097797393798828,-26.71550178527832,-27.51177215576172,-28.437271118164062,-28.978071212768555,-29.08901023864746,-28.96639060974121,-28.569345474243164,-27.92144012451172,-27.519222259521484,-27.568212509155273,-26.922075271606445,-26.218297958374023,-26.250032424926758,-26.561019897460938,-26.514692306518555,-26.465351104736328,-26.4156551361084,-26.04163360595703,-24.843658447265625,-23.37180519104004,-23.010168075561523,-23.849746704101562,-24.132938385009766,-23.07947540283203,-21.67723274230957,-20.734451293945312,-20.037933349609375
-26.614883422851562,-26.70652961730957,-27.134601593017578,-27.994325637817383,-29.227399826049805,-30.274274826049805,-30.32573127746582,-30.085432052612305,-29.878339767456055,-29.29012107849121,-28.60854721069336,-28.038148880004883,-27.5087833404541,-26.857559204101562,-26.200971603393555,-25.61839485168457,-25.426664352416992,-25.604930877685547,-26.08148765563965,-26.80559539794922,-27.543975830078125,-28.144296646118164,-28.370132446289062,-28.089139938354492,-27.60430335998535,-27.416234970092773,-27.285484313964844,-26.661113739013672,-25.91671371459961,-26.3056583404541,-26.71249008178711,-26.58635711669922,-26.467496871948242,-26.616796493530273,-26.130584716796875,-24.281597137451172,-21.433534622192383,-20.997333526611328,-23.437301635742188,-24.720727920532227,-23.269556045532227,-21.58083724975586,-20.469816207885742,-19.75004005432129
-26.322181701660156,-26.890859603881836,-27.46254539489746,-28.315420150756836,-29.402610778808594,-30.46776580810547,-30.890565872192383,-30.82081413269043,-30.442195892333984,-29.689254760742188,-28.93186378479004,-28.107534408569336,-27.425315856933594,-26.858474731445312,-26.171249389648438,-25.472187042236328,-25.124048233032227,-25.112192153930664,-25.2496337890625,-25.455524444580078,-25.953298568725586,-26.702585220336914,-27.25568389892578,-27.326797485351562,-27.208759307861328,-27.180591583251953,-26.94384002685547,-26.542530059814453,-26.059955596923828,-26.29652976989746,-26.750530242919922,-26.751039505004883,-26.28214454650879,-26.72515106201172,-25.705698013305664,-22.182458877563477,-17.581274032592773,-18.71440887451172,-23.400224685668945,-25.066511154174805,-23.59125328063965,-21.7093505859375,-20.481420516967773,-19.643779754638672
-26.2608642578125,-26.962692260742188,-27.84177589416504,-28.460039138793945,-29.287189483642578,-30.119243621826172,-30.696996688842773,-30.870065689086914,-30.491634368896484,-29.700286865234375,-28.95911407470703,-28.101158142089844,-27.40789031982422,-26.901508331298828,-26.437047958374023,-25.82291603088379,-25.487092971801758,-25.445711135864258,-25.419132232666016,-25.266618728637695,-25.297121047973633,-25.64844512939453,-26.155582427978516,-26.48373031616211,-26.537179946899414,-26.445249557495117,-26.391450881958008,-26.252111434936523,-26.028230667114258,-26.620725631713867,-27.463314056396484,-26.572622299194336,-25.94324493408203,-25.748455047607422,-24.119647979736328,-18.96522331237793,-15.075821876525879,-19.797687530517578,-24.378746032714844,-24.904159545898438,-23.708572387695312,-22.014144897460938,-20.652528762817383,-19.77124786376953
-26.31930923461914,-26.87120246887207,-27.509967803955078,-28.52355194091797,-29.27913475036621,-29.52229118347168,-29.723743438720703,-29.85814666748047,-29.709379196166992,-29.265562057495117,-28.679733276367188,-27.96100425720215,-27.407482147216797,-27.0241641998291,-26.53017807006836,-25.94577980041504,-25.77657699584961,-25.90807342529297,-25.935226440429688,-25.618816375732422,-25.25271987915039,-25.057231903076172,-25.097158432006836,-25.301254272460938,-25.529884338378906,-25.52634620666504,-25.475135803222656,-25.710731506347656,-26.261531829833984,-26.7886905670166,-26.629600524902344,-26.61931037902832,-26.036930084228516,-24.723234176635742,-23.692447662353516,-18.031747817993164,-14.12714672088623,-20.464630126953125,-24.100133895874023,-23.909982681274414,-23.127723693847656,-21.736785888671875,-20.536270141601562,-19.800304412841797
-26.03318977355957,-26.29859733581543,-26.85808563232422,-28.033376693725586,-29.020915985107422,-28.816286087036133,-28.65665054321289,-28.689632415771484,-28.537527084350586,-28.045642852783203,-27.565582275390625,-27.202877044677734,-26.797765731811523,-26.081632614135742,-25.300296783447266,-24.727327346801758,-24.630617141723633,-24.806283950805664,-24.94894790649414,-24.849782943725586,-24.59830665588379,-24.31228256225586,-24.1309757232666,-24.086013793945312,-24.282920837402344,-24.439443588256836,-24.724245071411133,-24.89900779724121,-24.918004989624023,-25.39651107788086,-26.04874610900879,-26.012290954589844,-24.97541618347168,-25.10224151611328,-23.1368408203125,-15.875858306884766,-9.81027603149414,-17.10727882385254,-22.344079971313477,-22.24351692199707,-21.69253921508789,-20.54947853088379,-19.81045150756836,-19.278549194335938
-25.040218353271484,-25.42454719543457,-26.331567764282227,-27.590978622436523,-28.274677276611328,-28.23567771911621,-28.011714935302734,-27.817007064819336,-27.5322265625,-26.932687759399414,-26.333547592163086,-26.005062103271484,-25.525636672973633,-24.80588722229004,-23.86439323425293,-23.16741943359375,-22.82807731628418,-22.82293128967285,-22.90940284729004,-22.949668884277344,-22.918716430664062,-23.038423538208008,-23.085906982421875,-23.140565872192383,-23.461536407470703,-23.64385414123535,-23.467973709106445,-23.256288528442383,-23.274168014526367,-23.383907318115234,-24.20687484741211,-23.895797729492188,-24.43610954284668,-24.857656478881836,-21.59879493713379,-11.501725196838379,-7.941494941711426,-15.410663604736328,-20.497177124023438,-20.12443733215332,-20.01982307434082,-19.169851303100586,-18.868671417236328,-18.392911911010742
-24.0179500579834,-24.513092041015625,-25.7639102935791,-26.947771072387695,-27.345590591430664,-27.399578094482422,-27.505664825439453,-27.099761962890625,-26.725927352905273,-26.210521697998047,-25.624181747436523,-25.07533073425293,-24.525421142578125,-23.80398178100586,-22.95586585998535,-22.34058952331543,-21.806482315063477,-21.443008422851562,-21.36052131652832,-21.26251792907715,-21.094701766967773,-21.210113525390625,-21.58025360107422,-22.127342224121094,-22.6231632232666,-22.694496154785156,-22.398361206054688,-21.921716690063477,-21.37204360961914,-21.021961212158203,-21.075550079345703,-21.57855224609375,-22.76561164855957,-23.87797737121582,-20.85991668701172,-10.388622283935547,-10.029691696166992,-16.60068702697754,-19.701887130737305,-18.176631927490234,-18.461668014526367,-18.21599578857422,-18.250186920166016,-17.697187423706055
-23.456344604492188,-24.077465057373047,-24.94292640686035,-25.63524055480957,-26.02028465270996,-26.43548011779785,-26.553354263305664,-26.46678352355957,-26.09308433532715,-25.467727661132812,-24.813232421875,-24.39320182800293,-23.93430519104004,-23.2216854095459,-22.535890579223633,-21.911046981811523,-21.29298210144043,-20.792268753051758,-20.536821365356445,-20.17958641052246,-19.648677825927734,-19.387691497802734,-19.767539978027344,-20.60694694519043,-21.382774353027344,-21.713308334350586,-21.527740478515625,-21.150285720825195,-20.571836471557617,-20.017986297607422,-19.495147705078125,-19.897762298583984,-21.001272201538086,-21.96162986755371,-18.96857261657715,-8.775297164916992,-8.15200138092041,-15.195647239685059,-18.33881378173828,-16.510908126831055,-16.800228118896484,-17.567583084106445,-18.207767486572266,-17.719301223754883
-23.454164505004883,-23.616670608520508,-23.843494415283203,-24.19780158996582,-24.711467742919922,-25.24721908569336,-25.508316040039062,-25.615074157714844,-25.383399963378906,-24.67698097229004,-24.069082260131836,-23.74173355102539,-23.403223037719727,-22.877660751342773,-22.290863037109375,-21.644495010375977,-20.904787063598633,-20.19378662109375,-19.710500717163086,-19.201690673828125,-18.689388275146484,-18.334474563598633,-18.418638229370117,-18.986942291259766,-19.73281478881836,-20.27432632446289,-20.440523147583008,-20.356521606445312,-20.10246467590332,-19.584579467773438,-18.986398696899414,-19.27254867553711,-20.122909545898438,-19.61783790588379,-14.451536178588867,-7.956670761108398,-10.693757057189941,-15.838862419128418,-16.90252685546875,-15.786709785461426,-15.624577522277832,-17.07134437561035,-18.41326332092285,-18.086843490600586
-23.698488235473633,-23.502227783203125,-23.100847244262695,-22.899946212768555,-23.219173431396484,-23.863264083862305,-24.30607032775879,-24.6458740234375,-24.708356857299805,-24.176197052001953,-23.532854080200195,-23.051794052124023,-22.675350189208984,-22.34064292907715,-21.9108829498291,-21.246376037597656,-20.436433792114258,-19.719322204589844,-19.0648250579834,-18.447439193725586,-17.902149200439453,-17.530393600463867,-17.488222122192383,-17.87186050415039,-18.314678192138672,-18.825450897216797,-19.218698501586914,-19.40212631225586,-19.315113067626953,-18.90925407409668,-18.65352439880371,-18.800264358520508,-18.444372177124023,-16.067081451416016,-12.775774002075195,-14.679200172424316,-17.7808895111084,-18.48202896118164,-17.4384765625,-16.183507919311523,-15.65644359588623,-17.00363540649414,-18.739051818847656,-18.540027618408203
-23.286968231201172,-23.260414123535156,-22.873991012573242,-22.471296310424805,-22.368318557739258,-22.654685974121094,-23.120561599731445,-23.657936096191406,-24.05585289001465,-23.830209732055664,-23.13814926147461,-22.332319259643555,-21.83499526977539,-21.6527156829834,-21.288068771362305,-20.644262313842773,-19.887054443359375,-19.15951156616211,-18.496875762939453,-17.837121963500977,-17.178695678710938,-16.71454429626465,-16.626386642456055,-16.879150390625,-17.187498092651367,-17.528146743774414,-17.937116622924805,-18.09272575378418,-18.070037841796875,-17.960220336914062,-18.235687255859375,-18.539506912231445,-17.042539596557617,-13.287500381469727,-12.14519214630127,-16.320051193237305,-17.64175796508789,-18.18315887451172,-18.039730072021484,-16.564105987548828,-15.800053596496582,-16.71661949157715,-18.473806381225586,-18.728723526000977
-22.273319244384766,-22.64065933227539,-22.625524520874023,-22.383312225341797,-22.14088249206543,-22.029964447021484,-22.292261123657227,-22.97492790222168,-23.553699493408203,-23.435775756835938,-22.686302185058594,-21.815420150756836,-21.29651641845703,-21.093868255615234,-20.88243865966797,-20.358640670776367,-19.527286529541016,-18.6834716796875,-17.971969604492188,-17.378313064575195,-16.707054138183594,-16.03199005126953,-15.581014633178711,-15.47835922241211,-15.684691429138184,-16.14422607421875,-16.538654327392578,-16.61667823791504,-16.705320358276367,-17.147104263305664,-17.952472686767578,-18.49323844909668,-16.58823013305664,-9.749762535095215,-9.820784568786621,-14.970022201538086,-16.318828582763672,-16.036914825439453,-17.0830135345459,-16.167783737182617,-14.82950496673584,-14.492827415466309,-16.636301040649414,-17.91850471496582
-21.03580093383789,-21.515151977539062,-21.82062339782715,-21.969104766845703,-22.065000534057617,-22.008726119995117,-22.031002044677734,-22.49694061279297,-23.110450744628906,-23.136951446533203,-22.49950408935547,-21.5980224609375,-21.05231285095215,-21.001739501953125,-20.99658203125,-20.574878692626953,-19.68687629699707,-18.64787483215332,-17.622577667236328,-16.837472915649414,-16.150657653808594,-15.440496444702148,-14.721752166748047,-14.162548065185547,-14.088648796081543,-14.585394859313965,-15.153064727783203,-15.437299728393555,-15.82667350769043,-16.7989501953125,-18.165151596069336,-18.868234634399414,-15.954339981079102,-8.446730613708496,-12.729575157165527,-15.10303783416748,-15.232000350952148,-13.975187301635742,-15.196529388427734,-15.125288009643555,-13.255298614501953,-11.262442588806152,-13.88720703125,-16.408607482910156
