data/wind_data/wind_25_4.json
{"header": {"parameterUnit": "KT", "parameterCategory": 2, "nx": 256, "ny": 198, "lo1": 44.73521041870117, "la1": -3.236724853515625, "lo2": 111.26478576660156, "la2": 43.468475341796875, "dx": 0.2609002888202667, "dy": -0.23708222806453705, "refTime": "2025-02-20 01:00:00", "forecastTime": 0, "parameterNumber": 2, "parameterNumberName": "eastward_wind"}, "data":
[rows 19 to 37 of 198, columns 0 to 43 of 256]
-7.020885944366455,-7.253679275512695,-6.958671569824219,-6.359682559967041,-5.248255252838135,-6.184833526611328,-7.256933689117432,-8.004119873046875,-8.40249252319336,-8.718123435974121,-9.212898254394531,-9.65048885345459,-10.13525104522705,-10.501364707946777,-10.5851469039917,-10.54628849029541,-10.539793014526367,-10.579976081848145,-10.71899127960205,-10.850343704223633,-10.768577575683594,-10.522542953491211,-10.52686882019043,-10.738471031188965,-10.722488403320312,-10.533023834228516,-10.490493774414062,-10.660764694213867,-10.306403160095215,-9.162168502807617,-7.761288642883301,-6.8841094970703125,-6.369879722595215,-5.389716625213623,-3.477679491043091,-3.2345023155212402,-5.824698448181152,-6.121464252471924,-8.823019027709961,-8.284323692321777,-7.885514259338379,-8.399739265441895,-8.858245849609375,-8.754842758178711
-8.045844078063965,-8.547782897949219,-8.289152145385742,-7.470251560211182,-6.660122394561768,-7.117562770843506,-8.166797637939453,-9.414653778076172,-9.996400833129883,-10.132235527038574,-10.560112953186035,-10.843311309814453,-11.16889476776123,-11.446078300476074,-11.553250312805176,-11.64645767211914,-11.790868759155273,-11.957387924194336,-12.17047119140625,-12.459405899047852,-12.554564476013184,-12.410456657409668,-12.357344627380371,-12.409381866455078,-12.210946083068848,-12.01412296295166,-12.354642868041992,-13.144295692443848,-13.515142440795898,-13.33124828338623,-13.000900268554688,-12.249096870422363,-10.778351783752441,-8.651683807373047,-6.596609592437744,-4.477352142333984,-5.731617450714111,-6.299651622772217,-6.663130283355713,-7.267215251922607,-7.576972484588623,-8.443204879760742,-9.251673698425293,-9.748444557189941
-8.572861671447754,-9.141268730163574,-9.081770896911621,-8.59802532196045,-7.961040496826172,-7.717190742492676,-9.047359466552734,-10.934555053710938,-11.873650550842285,-11.848973274230957,-11.889172554016113,-11.95727252960205,-12.207083702087402,-12.496297836303711,-12.643424987792969,-12.795591354370117,-12.896061897277832,-12.975354194641113,-13.250036239624023,-13.816526412963867,-14.165179252624512,-14.087098121643066,-13.91549015045166,-14.002241134643555,-14.0473051071167,-13.981382369995117,-14.032453536987305,-14.161517143249512,-13.90192985534668,-13.214778900146484,-12.911864280700684,-13.4131441116333,-13.556008338928223,-12.517573356628418,-10.842981338500977,-8.442490577697754,-6.1688079833984375,-5.834689617156982,-7.5511155128479,-5.490006446838379,-7.724164009094238,-10.295614242553711,-10.144437789916992,-10.64467716217041
-8.766046524047852,-9.253152847290039,-9.250211715698242,-9.035112380981445,-8.624903678894043,-8.709395408630371,-10.215866088867188,-12.30285358428955,-13.474931716918945,-13.412246704101562,-13.225489616394043,-13.18099308013916,-13.344765663146973,-13.493961334228516,-13.696264266967773,-14.035295486450195,-14.255692481994629,-14.388912200927734,-14.814375877380371,-15.572294235229492,-16.131481170654297,-16.18198585510254,-15.987793922424316,-16.010438919067383,-16.230838775634766,-16.375892639160156,-16.380783081054688,-16.332935333251953,-15.99985122680664,-15.478655815124512,-15.166763305664062,-15.540868759155273,-15.30880069732666,-13.778231620788574,-12.061281204223633,-10.88305950164795,-9.892155647277832,-9.221776008605957,-9.63035774230957,-10.171263694763184,-8.677861213684082,-11.94202709197998,-11.623296737670898,-12.542848587036133
-8.75145435333252,-8.890556335449219,-8.924426078796387,-8.954212188720703,-8.828304290771484,-9.682575225830078,-11.552406311035156,-13.355091094970703,-14.302762031555176,-14.194351196289062,-14.011605262756348,-13.871819496154785,-13.974279403686523,-14.349011421203613,-14.995166778564453,-15.724761009216309,-16.18303680419922,-16.373445510864258,-16.689579010009766,-17.303028106689453,-17.863557815551758,-18.0269832611084,-17.833276748657227,-17.747661590576172,-18.128877639770508,-18.59111213684082,-18.552642822265625,-18.307334899902344,-18.32223892211914,-18.287578582763672,-18.046091079711914,-17.93948745727539,-18.089290618896484,-17.28822898864746,-15.797954559326172,-15.105960845947266,-14.958211898803711,-14.791997909545898,-14.40587043762207,-12.78050708770752,-10.324173927307129,-6.862659454345703,-10.068361282348633,-14.136780738830566
-8.805452346801758,-8.821476936340332,-8.648340225219727,-8.659444808959961,-8.543022155761719,-10.277379989624023,-12.411861419677734,-13.9932222366333,-14.610199928283691,-14.287500381469727,-13.944181442260742,-13.83409595489502,-14.395814895629883,-15.36394214630127,-16.297327041625977,-17.046180725097656,-17.597394943237305,-17.874507904052734,-18.036535263061523,-18.331018447875977,-18.725215911865234,-18.938568115234375,-18.874765396118164,-18.806777954101562,-19.162477493286133,-19.736061096191406,-19.92753028869629,-19.818313598632812,-19.996868133544922,-20.184045791625977,-20.04901885986328,-19.334453582763672,-19.175302505493164,-19.19093132019043,-18.36531639099121,-17.32305908203125,-17.10022735595703,-16.64426040649414,-16.125873565673828,-14.857556343078613,-12.885444641113281,-11.494080543518066,-13.09614372253418,-16.09272575378418
-8.698665618896484,-8.723357200622559,-8.41493034362793,-8.307612419128418,-8.3269624710083,-11.130095481872559,-13.219477653503418,-14.385737419128418,-14.791268348693848,-14.386451721191406,-13.76866626739502,-13.891203880310059,-14.82055377960205,-15.852624893188477,-16.634126663208008,-17.298694610595703,-17.98192024230957,-18.480806350708008,-18.646615982055664,-18.755577087402344,-19.009984970092773,-19.247344970703125,-19.326393127441406,-19.346099853515625,-19.62567138671875,-20.155410766601562,-20.46034812927246,-20.525611877441406,-20.81180763244629,-20.886737823486328,-20.90166664123535,-20.24494171142578,-19.900449752807617,-19.620576858520508,-19.490276336669922,-18.42923355102539,-18.068017959594727,-17.968429565429688,-18.24196434020996,-18.095563888549805,-17.876283645629883,-18.084308624267578,-18.252553939819336,-17.94136619567871
-8.807384490966797,-8.997355461120605,-8.600615501403809,-8.65831470489502,-9.288935661315918,-11.81078815460205,-13.777363777160645,-14.177468299865723,-14.42149829864502,-14.540371894836426,-14.171606063842773,-14.405755996704102,-15.1003999710083,-15.77756118774414,-16.46178436279297,-17.254684448242188,-17.986902236938477,-18.556230545043945,-18.825498580932617,-18.891448974609375,-19.028711318969727,-19.28788185119629,-19.573766708374023,-19.849193572998047,-20.116243362426758,-20.594310760498047,-20.96685028076172,-20.83717918395996,-20.610280990600586,-20.642269134521484,-20.761133193969727,-20.583738327026367,-20.530555725097656,-20.47159767150879,-20.262720108032227,-19.76784896850586,-19.460466384887695,-19.46763038635254,-19.567691802978516,-18.979291915893555,-18.03958511352539,-17.53335952758789,-17.430809020996094,-17.380443572998047
-9.368243217468262,-9.628580093383789,-9.190253257751465,-9.373920440673828,-10.583646774291992,-12.113553047180176,-13.860082626342773,-13.688722610473633,-13.965054512023926,-14.824909210205078,-15.103830337524414,-15.103318214416504,-15.288518905639648,-15.812235832214355,-16.600664138793945,-17.458234786987305,-18.073354721069336,-18.53910255432129,-18.844335556030273,-18.959514617919922,-19.12863540649414,-19.4868221282959,-19.94855499267578,-20.362812042236328,-20.52940559387207,-20.727941513061523,-20.900896072387695,-20.781686782836914,-20.469945907592773,-20.384113311767578,-20.58409881591797,-20.726024627685547,-20.669021606445312,-20.648218154907227,-20.623924255371094,-20.21677589416504,-20.243844985961914,-20.4552059173584,-20.403581619262695,-19.730892181396484,-18.663143157958984,-17.884441375732422,-17.806316375732422,-18.187358856201172
-10.334370613098145,-10.609885215759277,-10.199787139892578,-10.257848739624023,-11.420807838439941,-13.036746978759766,-14.321784973144531,-13.861738204956055,-14.267256736755371,-15.388944625854492,-15.978022575378418,-15.907693862915039,-15.827319145202637,-16.211570739746094,-17.005807876586914,-17.75484848022461,-18.281177520751953,-18.6674747467041,-19.01168441772461,-19.289445877075195,-19.571136474609375,-19.91593360900879,-20.32217788696289,-20.636154174804688,-20.757814407348633,-20.831674575805664,-20.890117645263672,-20.73410415649414,-20.394506454467773,-20.16124725341797,-20.30497932434082,-20.660160064697266,-20.781667709350586,-20.64470100402832,-20.414426803588867,-20.291263580322266,-20.317092895507812,-20.53911781311035,-20.538297653198242,-20.05717658996582,-19.407432556152344,-18.86270523071289,-18.806657791137695,-19.128759384155273
-11.761926651000977,-12.19835090637207,-11.896905899047852,-11.82365894317627,-12.621309280395508,-14.28979778289795,-15.191788673400879,-14.713702201843262,-15.217369079589844,-16.24948501586914,-16.744508743286133,-16.80750274658203,-16.769826889038086,-16.91558265686035,-17.488771438598633,-18.12044334411621,-18.646730422973633,-19.076107025146484,-19.484670639038086,-19.883831024169922,-20.17072868347168,-20.352956771850586,-20.54075050354004,-20.76454734802246,-20.864267349243164,-20.84292984008789,-20.857421875,-20.796144485473633,-20.57126808166504,-20.284196853637695,-20.20941734313965,-20.41352653503418,-20.665462493896484,-20.677494049072266,-20.466176986694336,-20.15058135986328,-19.963321685791016,-20.118078231811523,-20.24751091003418,-19.979537963867188,-19.56194496154785,-19.47852325439453,-19.72332000732422,-19.937559127807617
-12.825639724731445,-13.089710235595703,-13.01274299621582,-13.308711051940918,-14.015070915222168,-15.013345718383789,-15.97760009765625,-15.580293655395508,-16.187772750854492,-17.117874145507812,-17.479612350463867,-17.672195434570312,-17.769845962524414,-17.750980377197266,-18.052757263183594,-18.606142044067383,-19.159067153930664,-19.68576431274414,-20.19566535949707,-20.58905601501465,-20.748098373413086,-20.707433700561523,-20.721126556396484,-20.769790649414062,-20.6955623626709,-20.507715225219727,-20.409345626831055,-20.46006202697754,-20.53167724609375,-20.499156951904297,-20.396989822387695,-20.458269119262695,-20.60613441467285,-20.53898811340332,-20.351696014404297,-20.00324058532715,-19.62975311279297,-19.464038848876953,-19.438751220703125,-19.37602996826172,-19.39058494567871,-19.615781784057617,-19.77953338623047,-19.747634887695312
-13.43995189666748,-13.447092056274414,-13.50450611114502,-14.301169395446777,-14.864163398742676,-15.424582481384277,-16.5621337890625,-16.31826400756836,-16.854736328125,-17.65191650390625,-18.049510955810547,-18.369102478027344,-18.519174575805664,-18.532766342163086,-18.80318260192871,-19.40704345703125,-20.009225845336914,-20.482698440551758,-20.817861557006836,-20.983125686645508,-20.919172286987305,-20.736608505249023,-20.617599487304688,-20.516124725341797,-20.30682945251465,-19.98491096496582,-19.79142189025879,-19.913328170776367,-20.261789321899414,-20.568193435668945,-20.692794799804688,-20.654844284057617,-20.481185913085938,-20.308147430419922,-20.10494041442871,-19.81807518005371,-19.458660125732422,-19.06939125061035,-18.77947998046875,-18.667238235473633,-18.806795120239258,-19.235689163208008,-19.631576538085938,-19.68909454345703
-13.95073127746582,-14.156052589416504,-14.083841323852539,-14.360231399536133,-15.079461097717285,-16.0828857421875,-17.064340591430664,-16.873268127441406,-17.222572326660156,-17.801166534423828,-18.227230072021484,-18.667015075683594,-18.944873809814453,-19.305614471435547,-19.81596565246582,-20.288354873657227,-20.67439079284668,-20.93406867980957,-20.977022171020508,-20.867008209228516,-20.650449752807617,-20.464237213134766,-20.34792709350586,-20.16967010498047,-19.935062408447266,-19.584976196289062,-19.323843002319336,-19.237611770629883,-19.45374298095703,-19.921382904052734,-20.395408630371094,-20.508405685424805,-20.30144500732422,-19.97028350830078,-19.775426864624023,-19.54509925842285,-19.223833084106445,-18.828872680664062,-18.433170318603516,-18.218870162963867,-18.365440368652344,-18.81277084350586,-19.297088623046875,-19.541622161865234
-14.350794792175293,-14.993182182312012,-14.711094856262207,-13.804730415344238,-14.890176773071289,-16.925100326538086,-17.446321487426758,-17.260194778442383,-17.498291015625,-17.846296310424805,-18.169677734375,-18.62021255493164,-19.09722328186035,-19.83664321899414,-20.546005249023438,-20.85170555114746,-20.879058837890625,-20.85348129272461,-20.758310317993164,-20.559762954711914,-20.3526611328125,-20.21457290649414,-20.062681198120117,-19.84903907775879,-19.648120880126953,-19.39702033996582,-19.13576316833496,-18.79833221435547,-18.664310455322266,-18.900789260864258,-19.381563186645508,-19.608415603637695,-19.581878662109375,-19.459165573120117,-19.263046264648438,-19.025663375854492,-18.69125747680664,-18.344703674316406,-18.131624221801758,-18.106372833251953,-18.40001678466797,-18.885372161865234,-19.32741928100586,-19.53615379333496
-14.735660552978516,-15.066163063049316,-14.943415641784668,-13.832961082458496,-14.896392822265625,-17.520092010498047,-17.613576889038086,-17.51342010498047,-17.756282806396484,-18.051523208618164,-18.392074584960938,-18.82703399658203,-19.213075637817383,-19.847869873046875,-20.59228515625,-20.97429656982422,-20.856456756591797,-20.587297439575195,-20.44997215270996,-20.321067810058594,-20.13840103149414,-19.89017677307129,-19.63202667236328,-19.39426612854004,-19.212369918823242,-19.00419807434082,-18.74943733215332,-18.35485076904297,-17.99066734313965,-17.940942764282227,-18.12603187561035,-18.22799301147461,-18.30299186706543,-18.437355041503906,-18.467546463012695,-18.36550521850586,-18.211936950683594,-18.025955200195312,-17.905481338500977,-17.952789306640625,-18.175508499145508,-18.55580711364746,-19.007892608642578,-19.373716354370117
-15.123279571533203,-14.914525985717773,-14.951634407043457,-14.361751556396484,-15.146703720092773,-17.83884048461914,-17.593135833740234,-17.740337371826172,-18.10753631591797,-18.563308715820312,-19.018890380859375,-19.264802932739258,-19.32735252380371,-19.633697509765625,-20.264537811279297,-20.72875213623047,-20.55731964111328,-20.13589096069336,-19.926881790161133,-19.885948181152344,-19.768030166625977,-19.433536529541016,-19.031896591186523,-18.71810531616211,-18.54460334777832,-18.35675811767578,-18.10161781311035,-17.757057189941406,-17.389827728271484,-17.205810546875,-17.266679763793945,-17.343582153320312,-17.42033576965332,-17.68147850036621,-17.897199630737305,-17.941036224365234,-17.935386657714844,-17.87116813659668,-17.809925079345703,-17.934865951538086,-18.108509063720703,-18.40333366394043,-18.855867385864258,-19.30558967590332
-15.578044891357422,-15.144009590148926,-15.140093803405762,-15.108277320861816,-15.768813133239746,-18.173816680908203,-17.682477951049805,-18.154237747192383,-18.56155776977539,-19.02187156677246,-19.482038497924805,-19.612667083740234,-19.486310958862305,-19.52604866027832,-19.855182647705078,-20.09009552001953,-19.90630340576172,-19.52293586730957,-19.2782039642334,-19.203330993652344,-19.078567504882812,-18.782987594604492,-18.385873794555664,-18.103940963745117,-17.92253875732422,-17.722219467163086,-17.50314712524414,-17.275379180908203,-17.00836181640625,-16.831180572509766,-16.83934211730957,-16.952726364135742,-17.084020614624023,-17.29688262939453,-17.534252166748047,-17.703123092651367,-17.78545570373535,-17.733461380004883,-17.66314125061035,-17.768518447875977,-18.045989990234375,-18.41964340209961,-18.915706634521484,-19.395633697509766
-16.056352615356445,-15.4820556640625,-15.268059730529785,-15.778658866882324,-16.544858932495117,-18.699321746826172,-18.05774688720703,-18.600738525390625,-18.78484535217285,-19.041667938232422,-19.423704147338867,-19.580835342407227,-19.541460037231445,-19.510364532470703,-19.580963134765625,-19.504905700683594,-19.27566909790039,-18.9497013092041,-18.64403533935547,-18.504098892211914,-18.37091827392578,-18.119516372680664,-17.796735763549805,-17.567920684814453,-17.399328231811523,-17.211769104003906,-17.110443115234375,-17.074888229370117,-16.970609664916992,-16.781665802001953,-16.67994499206543,-16.656286239624023,-16.701534271240234,-16.844057083129883,-17.039182662963867,-17.285383224487305,-17.55165672302246,-17.641435623168945,-17.608434677124023,-17.75653648376465,-18.140884399414062,-18.623191833496094,-19.132591247558594,-19.583524703979492
