data/wind_data/wind_4_2.json
{"header": {"parameterUnit": "KT", "parameterCategory": 2, "nx": 256, "ny": 198, "lo1": 44.73521041870117, "la1": -3.236724853515625, "lo2": 111.26478576660156, "la2": 43.468475341796875, "dx": 0.2609002888202667, "dy": -0.23708222806453705, "refTime": "2025-02-19 04:00:00", "forecastTime": 0, "parameterNumber": 2, "parameterNumberName": "eastward_wind"}, "data":
[rows 38 to 56 of 198, columns 43 to 85 of 256]
-12.140335083007812,-12.153420448303223,-12.332249641418457,-13.108135223388672,-13.620464324951172,-13.429669380187988,-13.429153442382812,-13.625164031982422,-13.66003131866455,-13.524608612060547,-12.837339401245117,-11.781624794006348,-11.00542163848877,-10.878141403198242,-11.387811660766602,-12.002949714660645,-11.703561782836914,-10.440778732299805,-9.806413650512695,-9.97719955444336,-9.48946475982666,-9.046205520629883,-8.740198135375977,-8.891030311584473,-9.152158737182617,-8.919471740722656,-8.863740921020508,-8.796015739440918,-8.422216415405273,-7.102686882019043,-7.853327751159668,-9.59760570526123,-9.59188175201416,-9.495555877685547,-9.94174575805664,-9.924192428588867,-10.071751594543457,-10.191269874572754,-10.022818565368652,-9.419861793518066,-9.00158977508545,-8.838611602783203,-8.429265975952148
-12.113978385925293,-12.785679817199707,-13.286493301391602,-13.811893463134766,-13.808218955993652,-13.321183204650879,-13.192389488220215,-13.31080436706543,-13.340170860290527,-13.384225845336914,-12.891732215881348,-11.653964042663574,-10.461426734924316,-10.04758358001709,-10.243877410888672,-10.882102012634277,-11.237570762634277,-10.693670272827148,-10.448917388916016,-10.675878524780273,-9.526850700378418,-8.421375274658203,-8.471208572387695,-8.585901260375977,-8.731998443603516,-8.946869850158691,-8.993703842163086,-8.976181983947754,-8.09144401550293,-6.71396541595459,-10.28526496887207,-11.889569282531738,-10.425675392150879,-8.664353370666504,-9.72263240814209,-9.493073463439941,-9.934537887573242,-10.106358528137207,-9.88866138458252,-9.368246078491211,-8.87950325012207,-8.532275199890137,-8.088430404663086
-12.69697380065918,-13.338072776794434,-13.924625396728516,-14.073939323425293,-13.627050399780273,-13.251582145690918,-13.435880661010742,-13.728151321411133,-13.803924560546875,-13.73665714263916,-13.376213073730469,-12.492890357971191,-10.947901725769043,-9.704658508300781,-9.592509269714355,-10.528352737426758,-11.312114715576172,-11.362781524658203,-10.983765602111816,-10.131977081298828,-8.761975288391113,-8.323495864868164,-8.501280784606934,-8.729305267333984,-8.820266723632812,-8.773080825805664,-8.90289306640625,-8.97265338897705,-9.30450439453125,-10.904831886291504,-12.865099906921387,-11.082819938659668,-8.123769760131836,-11.120025634765625,-10.551079750061035,-8.59993839263916,-9.431282997131348,-9.864354133605957,-9.597980499267578,-9.3489990234375,-8.636568069458008,-8.303955078125,-7.892688274383545
-13.439190864562988,-13.820414543151855,-14.061661720275879,-13.795851707458496,-13.253458976745605,-13.224024772644043,-13.689708709716797,-13.966828346252441,-13.823493957519531,-13.442378997802734,-13.237773895263672,-13.40173053741455,-13.075982093811035,-11.624321937561035,-10.262316703796387,-10.441314697265625,-11.205458641052246,-11.035557746887207,-10.09080982208252,-8.998167037963867,-8.226202964782715,-8.513875007629395,-9.20957088470459,-9.138764381408691,-8.876911163330078,-8.817339897155762,-9.03819751739502,-9.514968872070312,-10.242344856262207,-10.686176300048828,-11.037283897399902,-11.28265380859375,-11.633925437927246,-11.699090003967285,-10.344048500061035,-9.342734336853027,-9.28682804107666,-8.976583480834961,-9.225000381469727,-8.925013542175293,-8.735568046569824,-8.421468734741211,-7.9985222816467285
-13.532330513000488,-13.620382308959961,-13.817276000976562,-13.683110237121582,-13.257994651794434,-13.199021339416504,-13.483198165893555,-13.535337448120117,-13.065117835998535,-12.642005920410156,-12.56192398071289,-12.93720817565918,-13.431659698486328,-13.13386344909668,-11.869563102722168,-10.911856651306152,-10.61175537109375,-10.011787414550781,-9.473943710327148,-9.121916770935059,-8.52592658996582,-8.296165466308594,-8.981947898864746,-8.975831985473633,-8.702794075012207,-8.53117847442627,-9.286924362182617,-10.008795738220215,-10.22199535369873,-10.346131324768066,-10.603713989257812,-10.126432418823242,-9.862992286682129,-10.244461059570312,-10.54219913482666,-10.771194458007812,-10.212129592895508,-8.55020809173584,-8.040019989013672,-8.322955131530762,-8.057300567626953,-8.26199722290039,-8.356858253479004
-13.207514762878418,-13.355133056640625,-13.450695991516113,-13.521709442138672,-13.369392395019531,-13.287991523742676,-13.416500091552734,-13.372963905334473,-12.73412036895752,-12.102012634277344,-12.067854881286621,-12.550103187561035,-12.917441368103027,-12.795075416564941,-12.475735664367676,-12.192961692810059,-11.402189254760742,-10.145444869995117,-9.616660118103027,-9.104612350463867,-8.481606483459473,-8.336654663085938,-8.500250816345215,-8.654582977294922,-8.555384635925293,-8.380764961242676,-9.228432655334473,-9.740097045898438,-9.165055274963379,-9.078052520751953,-9.565315246582031,-9.53592300415039,-9.423859596252441,-10.17551040649414,-11.039109230041504,-11.279228210449219,-10.592879295349121,-9.224617004394531,-7.715734004974365,-7.574146270751953,-6.548857688903809,-7.757372856140137,-7.386602878570557
-12.541940689086914,-12.842582702636719,-12.834789276123047,-12.915350914001465,-12.817042350769043,-12.669665336608887,-13.007209777832031,-13.094611167907715,-12.15523910522461,-10.996723175048828,-10.9063138961792,-11.814066886901855,-12.337506294250488,-12.16588306427002,-11.760882377624512,-11.470993995666504,-11.357730865478516,-10.761585235595703,-9.89927864074707,-9.243677139282227,-8.748634338378906,-8.85179615020752,-8.755837440490723,-8.416929244995117,-8.548203468322754,-8.536600112915039,-8.354812622070312,-8.583903312683105,-8.990643501281738,-8.950437545776367,-8.514199256896973,-8.592339515686035,-9.476829528808594,-10.336520195007324,-10.730951309204102,-10.617742538452148,-10.048388481140137,-9.70634651184082,-9.18332290649414,-8.208175659179688,-7.4147257804870605,-6.687570095062256,-6.172779083251953
-11.240164756774902,-11.493986129760742,-11.483373641967773,-11.31716537475586,-11.607887268066406,-11.877923965454102,-11.996620178222656,-12.24343204498291,-11.45415210723877,-10.424406051635742,-10.292794227600098,-10.697491645812988,-11.060567855834961,-11.178810119628906,-10.905786514282227,-10.39952278137207,-10.43843936920166,-10.583999633789062,-10.10529613494873,-8.99138069152832,-8.469369888305664,-8.907422065734863,-8.8235502243042,-8.408730506896973,-8.439292907714844,-8.374470710754395,-8.380170822143555,-8.022313117980957,-7.8991851806640625,-8.207935333251953,-8.317749977111816,-8.637513160705566,-9.17619514465332,-9.786389350891113,-9.792559623718262,-9.601644515991211,-9.763321876525879,-10.281196594238281,-10.510870933532715,-9.981521606445312,-8.721841812133789,-7.290891647338867,-6.484340667724609
-10.9735689163208,-11.183564186096191,-11.203278541564941,-11.027752876281738,-10.719637870788574,-10.71755599975586,-10.885650634765625,-11.463584899902344,-11.607193946838379,-10.533226013183594,-9.803006172180176,-9.808810234069824,-9.972676277160645,-10.254785537719727,-10.282217025756836,-10.000025749206543,-9.732511520385742,-9.678462982177734,-9.286224365234375,-8.7587251663208,-8.69655704498291,-8.720998764038086,-8.65413761138916,-8.359574317932129,-8.228011131286621,-8.10797119140625,-8.04200553894043,-8.059280395507812,-7.506930828094482,-7.408571720123291,-8.241592407226562,-8.644874572753906,-8.978983879089355,-9.341309547424316,-9.594341278076172,-9.950492858886719,-10.491854667663574,-10.970961570739746,-10.916298866271973,-10.14323616027832,-8.966445922851562,-7.973749160766602,-7.4574151039123535
-10.412248611450195,-10.921934127807617,-11.174249649047852,-10.903048515319824,-10.297306060791016,-9.744150161743164,-9.666181564331055,-9.82211971282959,-10.024977684020996,-9.764130592346191,-9.445832252502441,-9.424177169799805,-9.391841888427734,-9.38025188446045,-9.354969024658203,-9.37663745880127,-8.653424263000488,-8.317999839782715,-8.477181434631348,-8.424361228942871,-8.529874801635742,-8.455631256103516,-8.599191665649414,-8.289169311523438,-7.81773567199707,-7.773016929626465,-7.763267993927002,-7.859737396240234,-7.665002346038818,-7.46694278717041,-8.433798789978027,-9.065529823303223,-9.458613395690918,-9.89749813079834,-10.318967819213867,-10.318438529968262,-10.114849090576172,-9.914631843566895,-9.57775592803955,-9.14482307434082,-8.68844223022461,-8.296554565429688,-7.966176509857178
-10.081342697143555,-10.579061508178711,-11.067753791809082,-10.818156242370605,-9.81790828704834,-9.257879257202148,-9.183443069458008,-9.031999588012695,-9.073542594909668,-9.207941055297852,-9.504239082336426,-9.504951477050781,-9.033256530761719,-8.294322967529297,-8.424331665039062,-8.528100967407227,-8.172828674316406,-8.026963233947754,-7.893025875091553,-7.970287799835205,-7.774550914764404,-7.798094272613525,-7.5387043952941895,-7.424790382385254,-7.421746253967285,-7.49524450302124,-7.489105701446533,-7.748131275177002,-7.78414249420166,-7.0084004402160645,-8.11081600189209,-9.645992279052734,-9.996374130249023,-10.347460746765137,-10.298486709594727,-10.026426315307617,-9.732155799865723,-9.464706420898438,-9.208898544311523,-8.971662521362305,-8.707026481628418,-8.427695274353027,-7.936250686645508
-10.477889060974121,-10.407425880432129,-10.608129501342773,-10.148516654968262,-9.469772338867188,-8.868509292602539,-7.898988246917725,-7.772430896759033,-8.532973289489746,-8.626663208007812,-8.567073822021484,-8.773421287536621,-8.865221977233887,-8.162880897521973,-8.007320404052734,-8.074950218200684,-7.841501712799072,-7.705597400665283,-7.186445713043213,-7.314473628997803,-7.621603012084961,-7.375990867614746,-7.0779337882995605,-6.908219337463379,-7.031465530395508,-7.316123008728027,-7.155851364135742,-7.287111759185791,-7.171609401702881,-6.783188819885254,-7.946954250335693,-9.352153778076172,-9.678872108459473,-10.068605422973633,-10.152551651000977,-9.99730110168457,-9.677420616149902,-9.292144775390625,-9.089879989624023,-9.129182815551758,-8.97869873046875,-8.500046730041504,-7.659604549407959
-10.214241981506348,-10.394407272338867,-10.160404205322266,-9.247796058654785,-8.73960018157959,-8.644245147705078,-8.253460884094238,-8.139520645141602,-8.539470672607422,-8.671879768371582,-8.737133979797363,-9.017704963684082,-9.048022270202637,-8.616808891296387,-8.146078109741211,-7.697090148925781,-7.438124656677246,-7.274322986602783,-6.8744306564331055,-6.936627388000488,-7.009250164031982,-7.04938268661499,-7.043449878692627,-6.8069305419921875,-6.740482330322266,-6.888149738311768,-6.656385898590088,-6.766610622406006,-6.470792293548584,-6.609688758850098,-7.577789306640625,-8.627811431884766,-8.887167930603027,-9.205455780029297,-9.610692977905273,-9.715522766113281,-9.486323356628418,-9.025259971618652,-8.642241477966309,-8.442442893981934,-8.172229766845703,-7.587522983551025,-6.587095260620117
-9.79610824584961,-10.080738067626953,-9.772920608520508,-9.015165328979492,-8.679496765136719,-8.862410545349121,-8.722360610961914,-8.438401222229004,-8.542770385742188,-8.688368797302246,-8.616888999938965,-8.711634635925293,-8.642315864562988,-8.395286560058594,-8.145044326782227,-7.974765777587891,-7.790919780731201,-7.761961460113525,-7.475486755371094,-7.0460052490234375,-6.977991104125977,-7.128669738769531,-6.997921466827393,-6.682239055633545,-6.3525800704956055,-6.277669429779053,-6.229727745056152,-6.0161662101745605,-6.337320327758789,-6.410457611083984,-6.541250705718994,-7.288418769836426,-7.703145503997803,-8.246646881103516,-8.837432861328125,-8.916110038757324,-8.670028686523438,-8.47618293762207,-8.43848705291748,-8.078651428222656,-7.726482391357422,-7.1658782958984375,-6.254160404205322
-8.9844388961792,-9.388230323791504,-8.82017993927002,-8.534056663513184,-8.868647575378418,-8.546757698059082,-8.436613082885742,-8.270527839660645,-8.530344009399414,-8.321110725402832,-8.374771118164062,-8.577923774719238,-8.653538703918457,-8.251829147338867,-8.218618392944336,-8.507156372070312,-8.310823440551758,-8.347862243652344,-8.048089981079102,-7.496663570404053,-7.020367622375488,-6.832637310028076,-6.754497528076172,-6.645176410675049,-6.292154788970947,-6.43509578704834,-6.619966506958008,-6.449387073516846,-6.521937370300293,-6.6609368324279785,-6.646306037902832,-6.83079195022583,-7.0603861808776855,-7.519355773925781,-7.988132476806641,-7.950560092926025,-7.493279457092285,-7.451498508453369,-7.871457099914551,-7.404350757598877,-6.926522731781006,-6.372913360595703,-5.645188808441162
-8.481332778930664,-8.577399253845215,-8.121606826782227,-8.102520942687988,-8.314499855041504,-7.990047454833984,-8.17030143737793,-8.10653305053711,-9.28577709197998,-9.743773460388184,-9.763482093811035,-9.95354175567627,-9.702192306518555,-8.744856834411621,-8.109577178955078,-8.44448471069336,-8.2827787399292,-8.138228416442871,-7.792535305023193,-7.475827217102051,-7.096954822540283,-6.7013092041015625,-6.435904026031494,-6.765150547027588,-6.854877471923828,-7.107142925262451,-7.373948574066162,-6.653931140899658,-6.0631914138793945,-6.356307029724121,-7.128359317779541,-7.413852691650391,-7.384225368499756,-7.448383808135986,-7.840511798858643,-7.990753650665283,-7.976498126983643,-7.778425216674805,-7.303356170654297,-6.776660442352295,-6.297458648681641,-5.863368511199951,-5.369300842285156
-8.050761222839355,-7.907487869262695,-8.141618728637695,-8.790200233459473,-8.906988143920898,-9.237775802612305,-9.445062637329102,-9.476127624511719,-9.684049606323242,-10.015313148498535,-10.335062980651855,-10.73311710357666,-11.02359390258789,-10.976551055908203,-10.476470947265625,-9.300297737121582,-8.358441352844238,-7.950776100158691,-7.682520866394043,-7.357023239135742,-7.010002136230469,-6.443942070007324,-6.841427326202393,-7.23521089553833,-7.6622209548950195,-8.049112319946289,-8.064292907714844,-7.767517566680908,-7.664809703826904,-7.790820598602295,-7.699178695678711,-7.540602207183838,-7.593745708465576,-7.636088848114014,-7.814428806304932,-7.8293962478637695,-7.487846851348877,-7.243778228759766,-7.261698246002197,-7.0302863121032715,-6.549083232879639,-6.092002868652344,-5.6462602615356445
-7.961602210998535,-8.084617614746094,-8.29654598236084,-8.289164543151855,-8.356841087341309,-8.791033744812012,-9.244484901428223,-9.467127799987793,-9.613582611083984,-9.920109748840332,-10.390337944030762,-10.895163536071777,-11.257497787475586,-11.278888702392578,-11.130234718322754,-10.919230461120605,-10.440449714660645,-9.688634872436523,-8.954754829406738,-8.423351287841797,-7.6150383949279785,-7.249357223510742,-7.483030796051025,-7.3212690353393555,-7.198434352874756,-7.466240406036377,-7.724828720092773,-7.958298683166504,-7.900601387023926,-7.602049827575684,-7.520171642303467,-7.648894786834717,-7.732314586639404,-7.904660224914551,-8.121684074401855,-8.241469383239746,-7.898880958557129,-7.372768878936768,-7.136641502380371,-6.97677755355835,-6.72385835647583,-6.478631973266602,-6.1210808753967285
-8.972129821777344,-8.985722541809082,-8.718629837036133,-8.926017761230469,-8.774680137634277,-8.918428421020508,-9.479333877563477,-9.994683265686035,-10.334918022155762,-10.599849700927734,-10.630362510681152,-10.672972679138184,-10.823453903198242,-10.841522216796875,-10.57625961303711,-10.102087020874023,-9.644694328308105,-9.462557792663574,-9.667737007141113,-9.84457015991211,-9.698009490966797,-9.310762405395508,-8.514787673950195,-7.509585380554199,-6.910257339477539,-6.9528489112854,-7.220207214355469,-7.218960762023926,-7.398223876953125,-7.880639553070068,-8.048433303833008,-8.058243751525879,-8.180455207824707,-8.248551368713379,-8.325118064880371,-8.491290092468262,-8.234597206115723,-7.57970666885376,-7.152660846710205,-7.014523983001709,-6.9113993644714355,-6.851473808288574,-6.745631694793701
