data/wind_data/wind_21_4.json
{"header": {"parameterUnit": "KT", "parameterCategory": 2, "nx": 256, "ny": 198, "lo1": 44.73521041870117, "la1": -3.236724853515625, "lo2": 111.26478576660156, "la2": 43.468475341796875, "dx": 0.2609002888202667, "dy": -0.23708222806453705, "refTime": "2025-02-19 21:00:00", "forecastTime": 0, "parameterNumber": 2, "parameterNumberName": "eastward_wind"}, "data":
[rows 0 to 18 of 198, columns 176 to 219 of 256]
2.2623674869537354,1.6263989210128784,2.249467372894287,3.099964141845703,2.8728950023651123,2.5084469318389893,2.596968173980713,3.0697405338287354,4.176967620849609,5.143097400665283,5.632631778717041,5.934755325317383,6.0600199699401855,6.22836446762085,6.456214427947998,7.126162052154541,8.21210765838623,8.6638765335083,8.617021560668945,8.736664772033691,8.88878345489502,8.752439498901367,8.553417205810547,8.69670581817627,9.144983291625977,10.18768310546875,11.15638256072998,11.183112144470215,11.366497993469238,12.464397430419922,13.434635162353516,13.899121284484863,14.2395601272583,14.567338943481445,14.254914283752441,13.151601791381836,13.443033218383789,15.083224296569824,15.948792457580566,16.130998611450195,15.367951393127441,13.959443092346191,12.860360145568848,11.56767463684082
2.206883192062378,1.739755392074585,2.389331817626953,3.1082074642181396,2.752476930618286,2.3187055587768555,2.5145418643951416,2.970928192138672,3.7286932468414307,4.814737796783447,5.845503330230713,6.001832008361816,5.737146377563477,6.027678966522217,6.47144079208374,6.91273832321167,7.732986927032471,8.3478422164917,8.649462699890137,9.00772762298584,9.30617618560791,8.924542427062988,8.282268524169922,7.935825824737549,8.012694358825684,8.909189224243164,10.373638153076172,12.153349876403809,13.584114074707031,14.086073875427246,14.074994087219238,13.91322135925293,13.679717063903809,13.14268970489502,12.938158988952637,13.443028450012207,13.387022972106934,12.745950698852539,14.19238567352295,17.085716247558594,17.079010009765625,14.825599670410156,13.82518482208252,13.685480117797852
1.8791608810424805,1.657793402671814,1.7746268510818481,2.078260660171509,2.2379486560821533,2.314950704574585,2.5588808059692383,3.1045594215393066,3.798753023147583,4.561678886413574,5.3568830490112305,5.313149452209473,4.9454121589660645,5.76270866394043,7.198986530303955,7.650973320007324,7.465854644775391,7.889269828796387,8.868906021118164,9.353889465332031,9.225205421447754,8.934081077575684,8.646404266357422,8.34610652923584,8.31171703338623,9.041033744812012,10.178452491760254,11.410567283630371,12.38754940032959,12.85057544708252,12.703502655029297,12.031519889831543,11.720937728881836,11.786767959594727,11.873556137084961,12.166451454162598,11.76787281036377,10.975309371948242,11.945503234863281,13.948160171508789,15.031604766845703,15.747418403625488,15.005891799926758,13.193391799926758
1.5563106536865234,1.5185397863388062,1.2610644102096558,1.382824182510376,1.8640700578689575,2.2123653888702393,2.5980522632598877,3.321469306945801,3.9994394779205322,4.185887813568115,4.463981628417969,4.671029567718506,4.535369873046875,5.282999515533447,7.0761332511901855,8.079524040222168,7.6855292320251465,7.775068759918213,8.903496742248535,9.446077346801758,9.084111213684082,8.781464576721191,8.873188018798828,8.863853454589844,8.90947151184082,9.46400260925293,10.102106094360352,10.48295783996582,10.730530738830566,11.018704414367676,11.146333694458008,10.633086204528809,10.44786548614502,10.931744575500488,11.131014823913574,11.02696418762207,10.485228538513184,9.945883750915527,10.131645202636719,10.669931411743164,12.508210182189941,15.41185474395752,14.233054161071777,13.451722145080566
1.2326760292053223,1.4142310619354248,1.5953140258789062,1.6860626935958862,1.6923292875289917,1.4938451051712036,1.9182209968566895,2.8045108318328857,3.5467264652252197,3.4768333435058594,3.483062267303467,3.7557220458984375,3.6885461807250977,4.247021198272705,5.555759906768799,7.1300578117370605,8.098367691040039,8.670347213745117,8.733294486999512,8.876838684082031,9.455421447753906,8.961198806762695,9.227799415588379,9.51113224029541,9.360539436340332,9.920051574707031,10.310211181640625,10.02967357635498,9.550673484802246,9.545736312866211,10.121216773986816,10.556796073913574,11.041197776794434,11.462308883666992,11.372179985046387,10.873130798339844,10.198416709899902,9.956067085266113,9.738739013671875,8.341178894042969,8.015074729919434,8.204309463500977,7.553460597991943,9.993438720703125
0.6556649804115295,1.568968653678894,2.325813055038452,1.9846090078353882,1.5281293392181396,1.7985302209854126,0.8957594037055969,1.9893596172332764,0.8600099086761475,2.821511745452881,3.333195924758911,3.120983600616455,3.1264710426330566,3.5127949714660645,3.9842844009399414,5.109097003936768,6.693896770477295,7.383288860321045,8.21589183807373,7.939390659332275,8.823802947998047,9.376937866210938,9.798379898071289,9.517229080200195,8.810297012329102,9.661521911621094,10.831809997558594,10.679268836975098,9.879825592041016,9.526848793029785,10.016608238220215,10.74506664276123,11.285472869873047,11.613460540771484,11.485699653625488,11.175003051757812,10.090112686157227,10.164417266845703,10.292530059814453,9.438088417053223,9.929078102111816,10.36314868927002,10.966424942016602,9.740962028503418
0.5583359003067017,1.9144564867019653,3.0617549419403076,0.6663790345191956,3.218536138534546,3.236781358718872,1.0575765371322632,1.3594303131103516,-0.1202603280544281,2.549072504043579,3.1921675205230713,2.210268974304199,2.655385732650757,3.534271240234375,3.6414670944213867,4.462953090667725,5.890927314758301,6.565783500671387,7.640633583068848,7.925556182861328,8.588691711425781,9.117807388305664,9.459341049194336,9.688499450683594,9.54793930053711,9.871695518493652,10.71894359588623,10.823749542236328,10.310393333435059,10.225824356079102,11.042412757873535,12.051276206970215,12.435710906982422,12.405086517333984,12.408535957336426,12.359550476074219,11.545112609863281,10.865705490112305,10.808237075805664,10.829429626464844,11.587310791015625,11.861523628234863,10.578125,9.209606170654297
-0.32434362173080444,2.81843900680542,3.634251832962036,1.2397863864898682,2.688138008117676,2.5955162048339844,0.9111710786819458,1.102172613143921,2.985250234603882,1.1776013374328613,0.9341859817504883,1.5244243144989014,2.746342182159424,4.472972869873047,4.458269119262695,4.861854553222656,5.866841793060303,6.608012676239014,6.342938423156738,7.595615386962891,8.478947639465332,9.232232093811035,10.101777076721191,10.403831481933594,10.049201011657715,10.00927734375,10.468954086303711,10.589301109313965,10.502269744873047,11.115883827209473,12.386255264282227,13.289226531982422,13.335775375366211,13.164124488830566,13.246540069580078,12.914688110351562,12.418490409851074,12.650548934936523,12.179954528808594,11.900514602661133,12.588078498840332,11.569169998168945,9.949987411499023,8.676495552062988
-0.9706102013587952,3.6781725883483887,4.260519981384277,3.2885007858276367,1.884486436843872,1.8297345638275146,1.3182140588760376,1.1553304195404053,1.9071162939071655,1.5043675899505615,1.478082537651062,2.349424123764038,3.412142038345337,4.481990814208984,5.101277828216553,5.888026714324951,6.3003458976745605,7.174097061157227,7.174816131591797,7.696712493896484,8.427078247070312,9.066899299621582,9.571025848388672,10.09180736541748,10.540058135986328,10.615437507629395,10.693787574768066,10.698678016662598,10.92546558380127,11.944659233093262,13.1703519821167,13.838330268859863,13.948747634887695,14.050946235656738,14.011772155761719,13.672550201416016,13.273621559143066,14.155044555664062,13.117422103881836,13.203836441040039,13.9172945022583,11.7509183883667,8.500679016113281,7.876590728759766
0.11290143430233002,1.99471914768219,2.6609435081481934,3.2887825965881348,1.8889060020446777,1.9737650156021118,3.2719738483428955,3.4457085132598877,2.3880867958068848,1.4763234853744507,2.151482343673706,3.0468459129333496,4.076113224029541,4.780992031097412,5.428133964538574,5.629579544067383,6.54256010055542,7.624251842498779,7.886163234710693,8.468266487121582,9.003734588623047,9.347376823425293,9.797050476074219,10.462352752685547,10.874446868896484,10.917065620422363,11.026387214660645,11.144614219665527,11.611117362976074,12.518021583557129,13.247344017028809,13.627765655517578,13.976701736450195,14.267934799194336,14.227319717407227,14.077284812927246,14.10387897491455,14.293785095214844,13.334769248962402,13.765130996704102,13.633342742919922,12.075376510620117,10.113277435302734,8.991177558898926
2.7604732513427734,1.8555911779403687,1.6325483322143555,2.477797746658325,2.8080203533172607,3.8975274562835693,3.3747003078460693,3.9095144271850586,3.5990405082702637,2.929628849029541,3.4997124671936035,3.2618653774261475,4.530772686004639,5.558484077453613,5.812125205993652,6.1713457107543945,5.834085464477539,6.514555931091309,7.665299415588379,8.86418628692627,9.677031517028809,9.969610214233398,10.145727157592773,10.472990989685059,10.755996704101562,10.865835189819336,10.896971702575684,11.202814102172852,11.930887222290039,12.49044132232666,12.684086799621582,13.045483589172363,13.63326358795166,13.870613098144531,13.739470481872559,13.754236221313477,14.526989936828613,14.739256858825684,13.711167335510254,13.476179122924805,13.002511024475098,11.918458938598633,10.787020683288574,9.867852210998535
2.734804153442383,2.5958337783813477,2.7655372619628906,3.6174209117889404,3.881619691848755,3.891526222229004,4.0342230796813965,4.999933242797852,4.845632076263428,4.166720867156982,4.388786315917969,3.7780673503875732,4.75783634185791,6.05380392074585,6.241203308105469,6.797150611877441,6.574740886688232,6.7721028327941895,7.582566261291504,8.598688125610352,9.91525650024414,10.681612968444824,10.737588882446289,10.576684951782227,10.48122501373291,10.345706939697266,10.364891052246094,10.971508979797363,11.938055038452148,12.380352973937988,12.6602783203125,13.261148452758789,13.748515129089355,13.672286987304688,13.114956855773926,13.436882019042969,15.135400772094727,15.679305076599121,15.225455284118652,14.617774963378906,13.517701148986816,11.483989715576172,9.875409126281738,9.215621948242188
2.8143129348754883,3.8158011436462402,4.054307460784912,4.4011311531066895,4.646312713623047,4.240200519561768,4.826773643493652,5.631130218505859,5.6543660163879395,4.875690937042236,4.865797519683838,4.890031337738037,5.270092010498047,5.99425745010376,6.365845203399658,6.558423042297363,6.741536617279053,7.254368305206299,7.8086419105529785,8.546836853027344,9.973479270935059,10.952556610107422,11.116374015808105,10.963790893554688,10.706753730773926,10.370176315307617,10.423900604248047,11.295928955078125,12.456443786621094,13.089299201965332,13.65438175201416,14.281936645507812,14.478425979614258,13.95855712890625,13.138043403625488,14.251121520996094,15.97421646118164,16.297218322753906,15.648872375488281,14.526778221130371,13.578001976013184,11.598875045776367,10.157203674316406,9.621042251586914
2.879518747329712,3.8677566051483154,4.382423400878906,4.787273406982422,5.019981861114502,4.777324199676514,4.818090915679932,5.683431148529053,5.958184242248535,5.749894142150879,6.343136310577393,5.467764377593994,5.336010932922363,5.863299369812012,6.526510238647461,6.483651638031006,6.940402984619141,7.561147212982178,8.057086944580078,8.775712966918945,9.797123908996582,11.036295890808105,11.267608642578125,11.363577842712402,11.241819381713867,10.951920509338379,11.137822151184082,12.069053649902344,13.172795295715332,13.915425300598145,14.644829750061035,15.171172142028809,15.439956665039062,14.662369728088379,14.366314888000488,15.954277038574219,16.68547248840332,15.828664779663086,14.795428276062012,13.878035545349121,13.252673149108887,11.988264083862305,10.864940643310547,9.922913551330566
3.00956392288208,4.0881428718566895,4.096776962280273,5.141580104827881,4.288638114929199,4.708029270172119,4.956762790679932,5.403011798858643,5.538962364196777,7.264591693878174,7.072362422943115,5.216524124145508,6.600468158721924,6.661808490753174,5.944193363189697,6.076175212860107,6.820640563964844,7.555428504943848,7.942556381225586,8.880444526672363,10.149877548217773,11.135597229003906,11.674606323242188,11.911237716674805,11.747925758361816,11.394876480102539,11.689401626586914,12.703048706054688,13.529725074768066,13.837706565856934,14.456846237182617,15.213216781616211,16.454952239990234,15.718958854675293,16.242046356201172,17.31595802307129,16.34735679626465,15.154861450195312,13.825845718383789,12.270627975463867,11.238554954528809,10.938658714294434,10.79638957977295,10.019662857055664
3.1980643272399902,5.188872814178467,3.9504730701446533,1.2515443563461304,5.331439971923828,5.469631195068359,5.553050994873047,5.4644012451171875,6.105091094970703,6.7599053382873535,7.044895648956299,6.793529510498047,7.5439324378967285,8.112220764160156,7.298276901245117,6.71216344833374,7.165208339691162,7.490380764007568,7.921592712402344,9.0997953414917,10.74223518371582,11.677265167236328,11.981989860534668,12.121696472167969,11.879908561706543,11.559013366699219,12.24979305267334,13.391383171081543,13.563767433166504,13.140254974365234,13.452017784118652,14.636978149414062,15.474600791931152,15.757949829101562,17.31396484375,18.153507232666016,15.7661771774292,12.431455612182617,10.82138729095459,9.707343101501465,8.607932090759277,8.364500045776367,8.609245300292969,8.502909660339355
4.444849967956543,4.421164512634277,6.484251022338867,4.91898775100708,4.97802209854126,5.583242416381836,5.9969635009765625,6.050714015960693,6.635849475860596,7.247070789337158,7.525390625,6.836634159088135,6.331564426422119,7.7974090576171875,8.074377059936523,7.805765151977539,7.630133628845215,7.474890232086182,8.362661361694336,9.765142440795898,11.161449432373047,11.642765998840332,11.56674861907959,11.65524673461914,11.62414836883545,11.81908130645752,12.980120658874512,13.743782043457031,13.072265625,12.253718376159668,12.358378410339355,13.787853240966797,14.541959762573242,14.44870662689209,15.088249206542969,16.109432220458984,15.23479175567627,12.903324127197266,11.266639709472656,10.287582397460938,8.960138320922852,8.046630859375,8.76189136505127,9.17788314819336
5.008756637573242,6.275232315063477,5.356382846832275,6.2955241203308105,6.3974409103393555,6.554728984832764,6.870655536651611,7.089559555053711,6.873602390289307,7.003681182861328,7.1314544677734375,7.221800327301025,7.836878299713135,8.426918029785156,8.214692115783691,8.100040435791016,7.858118057250977,7.78007698059082,8.871185302734375,10.175600051879883,10.777729988098145,10.65405559539795,10.617677688598633,11.050786972045898,11.43435001373291,11.981032371520996,12.911458969116211,13.094301223754883,12.001216888427734,11.318010330200195,11.32092571258545,11.747194290161133,12.710686683654785,13.25174331665039,13.55598258972168,14.055278778076172,14.168611526489258,13.744750022888184,12.905123710632324,12.226017951965332,11.647614479064941,10.946182250976562,11.557026863098145,11.896369934082031
4.930728912353516,6.3141021728515625,6.1641130447387695,6.700369358062744,7.113083362579346,7.453741073608398,7.910591125488281,8.107982635498047,8.072245597839355,7.767322540283203,7.721756935119629,8.206539154052734,8.68252944946289,8.664020538330078,8.047995567321777,8.122152328491211,8.807656288146973,8.777558326721191,9.45433235168457,10.014188766479492,10.027560234069824,9.9904203414917,10.278914451599121,10.793692588806152,11.259949684143066,11.717670440673828,12.321593284606934,12.120706558227539,11.192636489868164,10.323539733886719,9.613760948181152,9.450262069702148,11.439370155334473,11.348103523254395,11.171956062316895,11.562376022338867,12.487016677856445,13.551907539367676,14.095894813537598,14.225591659545898,13.857177734375,13.96814250946045,14.482402801513672,14.249226570129395
