data/wind_data/wind_6_5.json
{"header": {"parameterUnit": "KT", "parameterCategory": 2, "nx": 256, "ny": 198, "lo1": 44.73521041870117, "la1": -3.236724853515625, "lo2": 111.26478576660156, "la2": 43.468475341796875, "dx": 0.2609002888202667, "dy": -0.23708222806453705, "refTime": "2025-02-19 06:00:00", "forecastTime": 0, "parameterNumber": 2, "parameterNumberName": "eastward_wind"}, "data":
[rows 171 to 189 of 198, columns 176 to 219 of 256]
27.446874618530273,28.666141510009766,31.935413360595703,34.3648567199707,35.1197509765625,35.79756546020508,36.790592193603516,37.40348434448242,37.35051345825195,37.09215545654297,36.67161178588867,36.64735412597656,37.41575241088867,36.863529205322266,34.7457389831543,33.08976745605469,33.29091262817383,34.27656936645508,35.3117561340332,35.40153503417969,34.22902297973633,33.53293228149414,32.989593505859375,32.618675231933594,33.891624450683594,33.04529571533203,35.10769271850586,38.74326705932617,36.04545593261719,30.644420623779297,26.232763290405273,23.300142288208008,27.013032913208008,22.66872787475586,22.982141494750977,24.225053787231445,29.34280776977539,31.332433700561523,30.09754180908203,29.053152084350586,29.203399658203125,29.824909210205078,30.080596923828125,30.045719146728516
26.021072387695312,26.865942001342773,31.84748649597168,33.97586441040039,33.934871673583984,34.557674407958984,36.43404006958008,38.108150482177734,38.68309783935547,39.27541732788086,39.874088287353516,40.16624450683594,40.47797775268555,39.85829544067383,37.47356414794922,35.40070343017578,35.155311584472656,36.05683898925781,36.73950958251953,36.781063079833984,35.925254821777344,35.30259323120117,34.492637634277344,33.372169494628906,33.93059539794922,35.542694091796875,38.58242416381836,38.471309661865234,32.438873291015625,27.88972282409668,24.676448822021484,28.735580444335938,25.70291519165039,27.053586959838867,30.170087814331055,30.022403717041016,29.239498138427734,27.28607749938965,26.530765533447266,27.106159210205078,28.249563217163086,29.182632446289062,29.422983169555664,29.122417449951172
27.02674674987793,26.98603630065918,29.52224349975586,32.30449676513672,32.720516204833984,33.80149459838867,36.54061508178711,37.21138381958008,36.29215621948242,36.85835647583008,37.894683837890625,38.19103240966797,38.65806579589844,38.60699462890625,36.7584114074707,35.293251037597656,35.35387420654297,36.584537506103516,37.65784454345703,38.28500747680664,37.70081329345703,37.18266677856445,35.96390914916992,35.668609619140625,36.539947509765625,38.7573127746582,38.724308013916016,31.86677360534668,27.54149055480957,23.801054000854492,21.25791358947754,25.43990135192871,27.651479721069336,34.02177047729492,33.87205123901367,31.171836853027344,28.460418701171875,27.617238998413086,27.64853858947754,27.80085563659668,27.728670120239258,27.70793914794922,27.767087936401367,27.5688419342041
27.058860778808594,27.149560928344727,28.14271354675293,29.645862579345703,30.68133544921875,31.942853927612305,34.08876419067383,35.216983795166016,35.224815368652344,35.95221710205078,37.16069793701172,37.91215515136719,38.11159896850586,38.74998092651367,37.70629119873047,36.59698486328125,36.97097396850586,38.53563690185547,39.54487228393555,40.05998992919922,39.775421142578125,39.606834411621094,39.4287223815918,38.30111312866211,37.47833251953125,37.68142318725586,32.710636138916016,27.639726638793945,27.297487258911133,26.758699417114258,23.112682342529297,22.815996170043945,28.040233612060547,29.54302978515625,29.85416030883789,29.443836212158203,28.485475540161133,27.217958450317383,26.571943283081055,26.474403381347656,26.096792221069336,26.144166946411133,26.55677604675293,27.140243530273438
26.020519256591797,26.06572151184082,26.807947158813477,27.92597007751465,28.834272384643555,29.597850799560547,30.907400131225586,32.52124786376953,33.47749328613281,34.73381805419922,36.56317901611328,37.884971618652344,35.80665969848633,39.19511795043945,41.00271987915039,39.21066665649414,38.41323471069336,39.233158111572266,40.002113342285156,40.66263961791992,40.8837890625,42.42116928100586,44.20769119262695,41.81246566772461,36.914093017578125,34.05512237548828,27.50704002380371,27.325525283813477,29.168010711669922,26.924659729003906,26.594575881958008,26.880146026611328,27.736059188842773,26.90172576904297,25.7770938873291,24.81053924560547,23.860254287719727,23.54055404663086,24.43012809753418,25.305635452270508,25.544912338256836,25.784648895263672,26.827356338500977,28.39401626586914
24.78296661376953,24.923723220825195,25.44972038269043,26.29435157775879,27.192338943481445,27.867753982543945,28.459426879882812,29.373794555664062,30.46302032470703,32.300968170166016,34.35144805908203,35.47184371948242,34.70323944091797,36.664424896240234,39.01008987426758,40.16081619262695,41.475486755371094,42.092044830322266,41.81232833862305,41.44918441772461,42.24155807495117,44.44679641723633,45.59817886352539,42.655059814453125,38.03635025024414,34.13591384887695,27.939184188842773,28.335102081298828,31.95067596435547,35.208309173583984,33.24772644042969,27.2523136138916,22.82364845275879,20.9209041595459,20.83374786376953,21.366424560546875,21.837181091308594,22.584489822387695,23.59967613220215,24.430368423461914,24.848587036132812,25.694318771362305,27.140653610229492,28.41486930847168
24.12018585205078,24.0660457611084,24.336841583251953,24.91896629333496,25.56271743774414,25.98784828186035,26.251501083374023,26.67901611328125,27.381778717041016,28.584156036376953,30.355587005615234,31.900461196899414,31.129465103149414,29.895742416381836,31.284746170043945,34.25373458862305,38.011959075927734,41.093055725097656,42.26179504394531,40.497745513916016,39.53435516357422,41.20941162109375,43.215721130371094,40.9101448059082,36.48225021362305,33.73652267456055,30.420318603515625,33.179588317871094,36.233253479003906,33.103050231933594,25.641460418701172,19.668161392211914,17.8172664642334,18.597274780273438,19.673574447631836,20.670242309570312,21.993576049804688,23.244382858276367,23.8872013092041,24.016157150268555,24.416397094726562,25.334716796875,26.26380729675293,26.88165855407715
23.73259735107422,23.444496154785156,23.417129516601562,23.7454833984375,24.205673217773438,24.479867935180664,24.549030303955078,24.744543075561523,25.136775970458984,25.777315139770508,26.586584091186523,26.907428741455078,27.0434513092041,27.43984031677246,27.856067657470703,29.1464786529541,32.201560974121094,36.69180679321289,39.34894943237305,36.447994232177734,31.810462951660156,31.522491455078125,32.89231491088867,29.52020835876465,24.694971084594727,22.76851463317871,24.320005416870117,25.646648406982422,24.017807006835938,19.189489364624023,15.777677536010742,15.952644348144531,17.51787567138672,18.981403350830078,20.237924575805664,21.540889739990234,22.909059524536133,23.62688446044922,23.816265106201172,23.93523406982422,24.349224090576172,24.94356346130371,25.710533142089844,26.710445404052734
23.610610961914062,23.105512619018555,22.859989166259766,22.99506950378418,23.325008392333984,23.424570083618164,23.232175827026367,23.082338333129883,22.961172103881836,22.873056411743164,23.18451499938965,23.79955291748047,24.57608985900879,25.783306121826172,26.86445426940918,27.517227172851562,28.610107421875,31.50568199157715,34.402652740478516,33.583614349365234,28.969268798828125,25.897663116455078,25.088768005371094,20.361095428466797,17.83247947692871,18.749296188354492,18.331401824951172,17.527368545532227,17.352184295654297,17.720874786376953,18.76784896850586,19.454763412475586,19.549060821533203,20.101306915283203,21.361530303955078,22.759187698364258,23.555862426757812,23.805816650390625,23.94719696044922,24.309146881103516,24.987865447998047,25.935386657714844,27.026771545410156,27.98804473876953
23.85114288330078,23.223888397216797,22.765769958496094,22.680622100830078,22.82221221923828,22.744741439819336,22.340089797973633,21.74429702758789,21.00684356689453,20.447460174560547,20.436433792114258,20.939058303833008,21.916301727294922,23.278295516967773,24.65544319152832,25.602609634399414,26.197139739990234,27.703262329101562,30.840044021606445,32.59266662597656,30.359487533569336,26.99203872680664,22.317333221435547,17.33769416809082,17.136390686035156,18.815584182739258,19.792213439941406,20.60460662841797,21.525178909301758,22.440885543823242,22.8851375579834,22.531421661376953,22.240415573120117,22.78304672241211,23.783700942993164,24.628395080566406,24.97859764099121,25.16313362121582,25.502281188964844,26.194835662841797,27.299226760864258,28.373516082763672,28.515615463256836,27.767248153686523
24.244951248168945,23.77858543395996,23.28188705444336,22.984264373779297,22.85346794128418,22.610109329223633,21.932100296020508,20.607139587402344,19.195905685424805,18.499250411987305,18.582481384277344,18.958919525146484,19.522159576416016,20.42380142211914,21.802227020263672,23.310754776000977,24.387109756469727,25.267358779907227,27.320064544677734,29.820728302001953,30.846464157104492,29.271398544311523,25.271333694458008,21.61809539794922,19.615781784057617,19.440202713012695,20.898012161254883,22.417564392089844,23.056779861450195,22.990705490112305,22.743871688842773,22.827369689941406,23.55158805847168,24.612655639648438,25.50403594970703,26.0948429107666,26.479644775390625,26.816509246826172,27.354049682617188,28.240516662597656,28.969432830810547,28.60360336303711,27.384563446044922,26.65624237060547
24.66067123413086,24.32309341430664,23.983346939086914,23.701919555664062,23.44025421142578,23.14845848083496,22.427804946899414,20.580137252807617,18.570112228393555,17.816513061523438,17.968284606933594,18.16612434387207,18.367759704589844,18.84984588623047,19.973752975463867,21.506465911865234,22.42851448059082,22.707122802734375,23.82024574279785,26.506492614746094,29.37302017211914,30.546716690063477,29.810977935791016,26.30247688293457,21.95110321044922,20.56167984008789,21.3742733001709,22.074344635009766,22.10080909729004,21.91299819946289,22.200180053710938,23.114105224609375,24.211015701293945,25.27793312072754,25.99059295654297,26.201400756835938,26.19676971435547,26.20110321044922,26.348880767822266,26.329647064208984,25.818342208862305,25.363142013549805,25.62955665588379,26.48752212524414
24.971223831176758,24.737102508544922,24.57575035095215,24.306259155273438,23.889671325683594,23.387502670288086,22.918304443359375,21.6896915435791,19.58608055114746,18.114370346069336,17.887210845947266,17.914104461669922,17.794370651245117,17.89841651916504,18.629472732543945,20.114665985107422,21.420391082763672,21.529186248779297,21.70012855529785,23.32525634765625,26.0541934967041,28.79271697998047,29.106908798217773,25.30462074279785,21.58748435974121,20.887493133544922,21.328632354736328,21.418630599975586,21.18366241455078,21.133708953857422,21.801864624023438,23.086118698120117,24.144947052001953,24.229843139648438,23.518030166625977,22.979768753051758,22.954002380371094,23.05652618408203,22.980003356933594,22.9871883392334,23.536951065063477,24.576147079467773,25.841209411621094,27.18678855895996
25.310564041137695,25.108564376831055,25.019115447998047,24.72422218322754,24.03987693786621,23.2031307220459,22.63883399963379,22.064481735229492,20.628767013549805,18.832046508789062,17.877681732177734,17.17265510559082,16.262304306030273,15.960206031799316,16.372203826904297,17.514760971069336,19.589889526367188,19.88111686706543,18.3764591217041,18.4770450592041,20.901287078857422,24.469661712646484,26.207931518554688,24.459327697753906,22.218286514282227,21.326196670532227,21.037246704101562,20.601511001586914,20.234968185424805,20.273649215698242,20.66986656188965,21.26877212524414,21.575742721557617,21.019174575805664,20.24358367919922,20.09653091430664,20.39605140686035,20.919111251831055,21.872154235839844,23.17017364501953,24.369842529296875,25.450178146362305,26.637069702148438,27.984556198120117
26.36008644104004,26.08860969543457,25.836776733398438,25.323429107666016,24.36317253112793,23.172176361083984,22.07137107849121,21.112777709960938,19.69759750366211,18.14724349975586,17.209835052490234,16.454790115356445,15.502633094787598,14.824027061462402,14.045445442199707,13.290542602539062,14.602272987365723,15.048992156982422,12.63098430633545,12.954056739807129,16.253232955932617,20.403547286987305,23.75446319580078,24.497507095336914,22.994821548461914,21.2111873626709,19.91117286682129,19.16694450378418,18.865659713745117,18.626968383789062,18.397031784057617,18.43310546875,18.479021072387695,18.312183380126953,18.568260192871094,19.274076461791992,20.142057418823242,21.431882858276367,23.00117301940918,24.283313751220703,25.170724868774414,26.126047134399414,27.362850189208984,28.704395294189453
28.200227737426758,27.417903900146484,26.755189895629883,26.06987190246582,25.000120162963867,23.482988357543945,21.61775779724121,19.748605728149414,18.08768653869629,16.735532760620117,15.682599067687988,14.83131217956543,14.297542572021484,14.040485382080078,12.985749244689941,10.659093856811523,9.075199127197266,9.740495681762695,9.332611083984375,10.54082202911377,14.276167869567871,17.576919555664062,19.701257705688477,20.842355728149414,21.191007614135742,21.151395797729492,19.465774536132812,17.66697120666504,16.9228572845459,16.413402557373047,16.059213638305664,16.42206573486328,17.319379806518555,18.270578384399414,19.108154296875,19.959821701049805,21.368619918823242,23.214801788330078,24.75524139404297,25.634845733642578,26.19235610961914,26.953041076660156,28.024822235107422,29.200729370117188
29.447465896606445,28.467607498168945,27.46234130859375,26.53929901123047,25.279909133911133,23.535490036010742,21.520687103271484,18.938749313354492,17.068679809570312,15.970865249633789,14.868762016296387,13.772012710571289,13.26203441619873,13.021960258483887,12.109973907470703,10.344537734985352,8.116459846496582,7.545143127441406,8.674134254455566,10.716217041015625,13.223357200622559,15.674055099487305,17.116151809692383,17.66851043701172,19.04229736328125,19.34575080871582,17.331594467163086,15.803812980651855,15.442360877990723,15.431343078613281,15.58731746673584,16.17741584777832,17.30031967163086,18.66692352294922,20.095989227294922,21.764495849609375,23.587142944335938,25.141115188598633,26.151811599731445,26.727497100830078,27.129518508911133,27.59054183959961,28.139455795288086,28.549999237060547
29.39829444885254,28.479923248291016,27.476701736450195,26.2618350982666,24.643905639648438,22.742395401000977,20.617822647094727,18.042217254638672,16.102436065673828,15.039830207824707,14.115001678466797,13.051268577575684,12.174640655517578,11.805334091186523,11.406292915344238,10.512919425964355,8.927952766418457,7.581425666809082,7.9036664962768555,9.984779357910156,12.132475852966309,14.692045211791992,16.437652587890625,16.118515014648438,15.374829292297363,14.822202682495117,14.589170455932617,14.904400825500488,15.605338096618652,16.44464874267578,17.0622501373291,17.75621795654297,18.753938674926758,20.143518447875977,21.784421920776367,23.24711036682129,24.347766876220703,25.265769958496094,26.085609436035156,26.63007164001465,26.782045364379883,26.587337493896484,26.241100311279297,26.034881591796875
28.59177017211914,27.606290817260742,26.452009201049805,24.994009017944336,23.13213348388672,21.045669555664062,18.576980590820312,16.055368423461914,14.901481628417969,13.60748291015625,12.241883277893066,11.914271354675293,11.526856422424316,11.193439483642578,10.800604820251465,10.235660552978516,9.32958698272705,8.518827438354492,8.446650505065918,9.750652313232422,12.358234405517578,15.101218223571777,16.66488265991211,15.603849411010742,13.855281829833984,13.541328430175781,14.020009994506836,14.596343040466309,15.642230987548828,17.096206665039062,18.35059928894043,19.434179306030273,20.53770637512207,21.532991409301758,22.208112716674805,22.823450088500977,23.807037353515625,24.916763305664062,25.57819938659668,25.535348892211914,25.017847061157227,24.413429260253906,24.125591278076172,24.444143295288086
