data/wind_data/wind_32_2.json
{"header": {"parameterUnit": "KT", "parameterCategory": 2, "nx": 256, "ny": 198, "lo1": 44.73521041870117, "la1": -3.236724853515625, "lo2": 111.26478576660156, "la2": 43.468475341796875, "dx": 0.2609002888202667, "dy": -0.23708222806453705, "refTime": "2025-02-20 08:00:00", "forecastTime": 0, "parameterNumber": 2, "parameterNumberName": "eastward_wind"}, "data":
[rows 114 to 132 of 198, columns 86 to 128 of 256]
14.02694034576416,12.649589538574219,9.543057441711426,4.375081539154053,1.2469873428344727,0.6403178572654724,3.0164458751678467,0.9366841912269592,2.7938053607940674,1.6576273441314697,3.918224573135376,3.817293643951416,6.170067310333252,7.3010149002075195,10.571905136108398,12.590007781982422,13.419721603393555,13.847869873046875,13.6198148727417,12.382059097290039,12.144428253173828,13.012422561645508,14.277223587036133,15.106820106506348,15.317940711975098,16.224315643310547,18.149995803833008,19.116016387939453,18.836336135864258,17.904817581176758,16.931856155395508,15.532791137695312,14.69022274017334,14.93506145477295,15.171282768249512,10.662317276000977,9.609857559204102,13.25822925567627,14.111693382263184,13.462091445922852,12.70786190032959,11.423657417297363,9.177471160888672
10.835756301879883,7.406165599822998,3.1915078163146973,1.0224673748016357,0.5344992876052856,0.26301032304763794,0.8501351475715637,0.8453927636146545,0.5589997172355652,1.1766268014907837,1.3774794340133667,2.355374813079834,4.925588130950928,5.76704740524292,9.715826034545898,10.686079025268555,11.798979759216309,12.126008987426758,13.353277206420898,13.892827987670898,13.030120849609375,12.550276756286621,13.6050443649292,15.09838581085205,15.574124336242676,15.576420783996582,16.819347381591797,18.55087661743164,18.929208755493164,18.569543838500977,17.429548263549805,15.938403129577637,14.677274703979492,14.730338096618652,14.585022926330566,10.696011543273926,8.00710391998291,11.493424415588379,13.269336700439453,12.324798583984375,11.912287712097168,10.654729843139648,8.574522972106934
4.936330318450928,-1.1070473194122314,-1.0133060216903687,-1.6636250019073486,-1.2158164978027344,-1.3075438737869263,-0.6603614687919617,-1.8460309505462646,-1.5746887922286987,-1.2745832204818726,-1.3280906677246094,2.428830146789551,3.472999334335327,4.162186622619629,9.037881851196289,10.722314834594727,11.89199161529541,12.152822494506836,12.782370567321777,13.746514320373535,15.135492324829102,14.647283554077148,13.92362117767334,14.557071685791016,15.25155258178711,15.505738258361816,16.08995819091797,17.564010620117188,18.905324935913086,19.528976440429688,18.15190315246582,16.71348762512207,15.600396156311035,14.516885757446289,13.194703102111816,10.51878547668457,7.6805853843688965,9.267862319946289,10.968314170837402,9.861571311950684,9.02927303314209,8.37474536895752,8.315961837768555
-0.3080056607723236,-4.335274696350098,-3.523503065109253,-3.835846185684204,-2.0691189765930176,-3.584491014480591,-2.3859870433807373,-4.035976409912109,-4.896932601928711,-3.241417169570923,-2.515627145767212,-0.06521644443273544,1.9983389377593994,3.5773255825042725,8.084391593933105,9.723078727722168,11.111015319824219,11.82796573638916,12.253490447998047,12.834136962890625,14.29389762878418,16.18625259399414,16.917984008789062,15.978399276733398,15.13752555847168,15.386345863342285,16.13863182067871,17.422924041748047,19.025089263916016,20.22983741760254,19.027009963989258,17.521135330200195,16.365215301513672,14.367831230163574,12.440690040588379,11.050548553466797,9.314491271972656,9.045784950256348,9.901773452758789,8.29433822631836,5.532310962677002,4.952935218811035,4.662090301513672
-2.603447914123535,-5.796492576599121,-4.6351447105407715,-3.7959818840026855,-4.729218006134033,-4.725673675537109,-5.327291488647461,-5.527605056762695,-5.326144695281982,-4.77355432510376,-3.0074265003204346,-1.1314924955368042,0.7985711097717285,2.9818105697631836,4.868405342102051,6.120599746704102,7.381193161010742,9.517777442932129,10.727885246276855,11.31379508972168,12.670942306518555,14.7081880569458,17.1585693359375,18.62813949584961,18.327451705932617,17.810468673706055,17.6868839263916,18.370908737182617,19.751001358032227,20.74153709411621,19.670656204223633,18.641115188598633,17.40575408935547,14.601366996765137,12.480406761169434,12.162853240966797,10.73233699798584,10.182722091674805,11.138521194458008,8.917476654052734,4.824131965637207,2.778294801712036,2.822378158569336
-1.6915912628173828,-5.787727355957031,-5.420437812805176,-3.6381659507751465,-5.105701446533203,-3.8689746856689453,-5.5885701179504395,-6.217597961425781,-5.217429161071777,-4.205901622772217,-2.7407350540161133,-0.6410807967185974,1.0916928052902222,2.8267924785614014,3.1085448265075684,4.008610725402832,5.481194496154785,7.582200050354004,9.085660934448242,10.866121292114258,12.474390983581543,13.780134201049805,15.845841407775879,18.173694610595703,19.869895935058594,20.410310745239258,20.2303466796875,20.324026107788086,21.360002517700195,21.836156845092773,20.425472259521484,19.332399368286133,17.812971115112305,15.166838645935059,12.669147491455078,13.227177619934082,10.830439567565918,9.573043823242188,12.63681697845459,10.22986125946045,5.709045886993408,3.632171869277954,1.9310989379882812
-0.9764906764030457,-5.012242794036865,-4.729866027832031,-3.655805826187134,-4.4567461013793945,-2.9626667499542236,-5.555762767791748,-5.058282375335693,-4.0468430519104,-2.8933863639831543,-1.392255187034607,0.23913896083831787,2.266903877258301,2.934630870819092,4.714405536651611,5.125672340393066,5.913875579833984,7.893496513366699,9.745475769042969,10.919877052307129,12.68105697631836,13.831815719604492,15.391929626464844,17.276308059692383,19.073204040527344,20.040010452270508,20.599634170532227,20.893444061279297,21.67391014099121,22.37127685546875,21.787109375,20.741188049316406,18.820058822631836,16.080289840698242,13.703900337219238,13.544642448425293,11.53294563293457,10.034415245056152,10.954353332519531,6.931930065155029,2.847154140472412,0.019746774807572365,-1.2206237316131592
1.4579933881759644,-2.9669952392578125,-3.688135862350464,-2.831603765487671,-3.267962694168091,-2.5224926471710205,-4.181413173675537,-3.317457437515259,-2.8689515590667725,-0.5383766889572144,0.5878218412399292,2.0738980770111084,2.9509780406951904,4.459742546081543,5.939765453338623,6.799223899841309,8.779895782470703,8.187154769897461,9.05727481842041,10.875523567199707,11.752767562866211,13.490959167480469,15.12136173248291,16.922080993652344,18.2248592376709,18.94874382019043,18.65384292602539,18.801488876342773,20.2207088470459,21.930633544921875,22.64081382751465,21.85990333557129,19.610118865966797,16.911558151245117,14.573476791381836,13.252493858337402,13.509441375732422,10.075096130371094,4.455137252807617,-1.2989482879638672,-4.475203990936279,-3.2437076568603516,-3.075596570968628
2.789977550506592,0.335757851600647,-2.105618476867676,-2.080235719680786,-3.629770278930664,-2.293138027191162,-2.9278247356414795,-1.429345726966858,-0.5315256118774414,0.8423508405685425,1.781557559967041,2.9204070568084717,3.8372340202331543,5.091876983642578,6.6863226890563965,8.162139892578125,8.805041313171387,9.677351951599121,9.63303279876709,9.490118980407715,11.956284523010254,13.58112621307373,14.685348510742188,16.482927322387695,17.5882568359375,18.137460708618164,18.42333221435547,18.364084243774414,18.885753631591797,20.79607582092285,22.822856903076172,23.138689041137695,20.603513717651367,17.603195190429688,14.006623268127441,13.404369354248047,13.66149616241455,6.9262518882751465,-4.674652576446533,-4.68875789642334,-0.5228039622306824,-2.4632294178009033,-5.932709693908691
0.36407628655433655,-0.6108824014663696,-1.5606517791748047,-0.8303383588790894,-2.653663158416748,-1.4721447229385376,-1.3930166959762573,0.6454342007637024,1.1585203409194946,2.423510789871216,2.0119974613189697,2.9934632778167725,2.9588472843170166,5.017034530639648,6.017184257507324,8.371795654296875,9.040544509887695,9.657793045043945,10.15125560760498,10.221343994140625,12.997594833374023,16.3079833984375,16.838722229003906,16.613666534423828,16.754323959350586,17.34684944152832,17.859569549560547,18.711973190307617,18.965986251831055,20.423330307006836,22.142047882080078,22.969833374023438,21.020503997802734,18.10265350341797,13.931641578674316,13.684358596801758,9.989921569824219,-0.006078740581870079,-7.110566139221191,-6.929996967315674,-6.30425500869751,-7.05941104888916,-6.1161980628967285
-3.546738862991333,-1.5532304048538208,-2.288559913635254,-0.7966923713684082,-0.7468167543411255,-0.16023509204387665,1.0515235662460327,1.7482353448867798,2.512556791305542,1.9001697301864624,2.86590313911438,1.7648279666900635,2.5007994174957275,3.9688379764556885,5.160915851593018,6.860332489013672,7.9919633865356445,9.600080490112305,10.76441478729248,12.036407470703125,12.84372615814209,13.869515419006348,15.958022117614746,18.689542770385742,18.19029426574707,17.088668823242188,17.82024383544922,19.043113708496094,19.994224548339844,20.934146881103516,21.784147262573242,22.439603805541992,20.951108932495117,18.741832733154297,15.284613609313965,12.512969017028809,5.733043193817139,-2.7308833599090576,-6.932345867156982,-8.463711738586426,-8.242653846740723,-8.89163589477539,-6.954623222351074
-5.494093418121338,-1.443979263305664,-2.203249216079712,-0.7459744811058044,0.27973946928977966,1.957127571105957,3.8432726860046387,2.9414098262786865,3.1204092502593994,1.5855282545089722,3.160601854324341,2.017839193344116,2.8135836124420166,3.150341272354126,4.286865234375,5.897622585296631,7.7715020179748535,9.565370559692383,10.849045753479004,12.553757667541504,12.620025634765625,15.136289596557617,19.17619514465332,20.921842575073242,20.75492286682129,19.288005828857422,18.10617446899414,18.622419357299805,19.983306884765625,20.86045265197754,21.370786666870117,21.48330307006836,20.3002872467041,19.011995315551758,15.42737102508545,7.929569721221924,2.0207104682922363,-3.3467888832092285,-7.315693378448486,-9.869078636169434,-11.097569465637207,-10.345507621765137,-10.01388931274414
-2.8750429153442383,2.411494016647339,-1.8914780616760254,-2.3123679161071777,2.2253594398498535,4.1852126121521,5.428807258605957,1.9198569059371948,1.8546022176742554,1.7005641460418701,2.5612740516662598,2.603222131729126,1.0528496503829956,2.1820695400238037,3.330071210861206,5.87477445602417,8.223837852478027,10.36709213256836,11.761012077331543,12.541970252990723,13.202376365661621,14.92160701751709,18.724567413330078,21.558551788330078,21.77867889404297,20.415258407592773,18.829008102416992,18.072162628173828,18.97349739074707,19.513866424560547,20.135026931762695,20.249467849731445,19.191001892089844,17.83291244506836,9.757699966430664,0.6363876461982727,-2.535048246383667,-6.444818019866943,-11.291802406311035,-13.090948104858398,-13.667447090148926,-13.127041816711426,-13.688663482666016
0.4307267963886261,2.0463502407073975,0.16652706265449524,0.8219335079193115,4.599993705749512,6.188663959503174,3.482741117477417,1.6425950527191162,1.1292088031768799,2.679905891418457,0.8826644420623779,2.6688904762268066,0.6230814456939697,2.2016446590423584,2.979630947113037,6.404304027557373,8.45743179321289,11.190590858459473,12.26197338104248,12.713911056518555,13.809301376342773,14.151680946350098,15.878809928894043,16.69243621826172,17.103984832763672,19.242149353027344,19.432676315307617,17.998432159423828,18.186140060424805,18.01569938659668,18.31463623046875,17.9920654296875,18.051721572875977,11.696137428283691,0.2811311185359955,-3.6935834884643555,-6.135899066925049,-9.081378936767578,-13.797626495361328,-14.399773597717285,-15.00607681274414,-15.856095314025879,-15.672541618347168
-0.8807783126831055,1.948738932609558,2.8842594623565674,4.454566478729248,5.891109466552734,4.048033237457275,2.871678113937378,2.6267170906066895,3.490064859390259,2.2521657943725586,2.4855782985687256,1.0492271184921265,0.2960425615310669,2.0811798572540283,3.509857177734375,6.53040075302124,8.910758018493652,11.379573822021484,12.636664390563965,13.358930587768555,13.638802528381348,14.645609855651855,15.794321060180664,16.692350387573242,16.499740600585938,17.2247257232666,18.861330032348633,18.214637756347656,17.4561710357666,16.945228576660156,15.920994758605957,16.10959815979004,13.18864917755127,3.5302648544311523,-2.6075544357299805,-5.916269302368164,-8.131012916564941,-11.745697975158691,-13.59367561340332,-14.926977157592773,-18.015609741210938,-17.66189193725586,-16.861230850219727
11.507654190063477,0.9510099291801453,4.127059459686279,3.78454327583313,4.625085353851318,2.4547927379608154,2.0147624015808105,2.4158737659454346,4.290735721588135,4.2946696281433105,2.9816718101501465,1.134417176246643,0.05437777563929558,1.5571144819259644,4.380960464477539,6.034070014953613,9.106071472167969,10.908099174499512,12.965103149414062,13.816411972045898,13.56639575958252,14.085762023925781,15.148211479187012,15.419822692871094,15.357446670532227,15.297913551330566,15.191637992858887,16.02296257019043,15.685861587524414,15.291940689086914,13.590292930603027,12.864419937133789,5.463226318359375,-1.1547017097473145,-3.9593281745910645,-7.956908226013184,-10.548604011535645,-12.793213844299316,-13.892661094665527,-17.052837371826172,-19.124067306518555,-19.207944869995117,-17.93358612060547
19.843719482421875,8.532617568969727,6.476511478424072,4.381198406219482,2.6718294620513916,0.46795347332954407,0.8220919966697693,3.299393653869629,4.584766864776611,5.697031021118164,4.474203109741211,3.585019111633301,0.12836907804012299,1.1390708684921265,4.304004669189453,6.1935296058654785,8.663129806518555,11.123619079589844,12.383234024047852,13.174644470214844,13.607321739196777,14.008515357971191,14.152779579162598,14.475480079650879,14.296529769897461,13.505739212036133,12.847025871276855,13.16611385345459,13.101022720336914,12.836529731750488,11.01660442352295,7.964694023132324,2.203007698059082,-3.038475275039673,-6.146392822265625,-9.31796932220459,-12.008448600769043,-14.225896835327148,-15.819408416748047,-18.259471893310547,-19.994672775268555,-19.6826114654541,-19.30417251586914
24.35340118408203,15.537115097045898,7.810836315155029,4.212005615234375,1.155992865562439,-0.5811906456947327,1.6232565641403198,4.978343486785889,6.562812328338623,7.060508728027344,6.840437889099121,5.699122905731201,1.3167822360992432,0.7254090905189514,4.233879566192627,6.80347204208374,8.759129524230957,10.749096870422363,12.197420120239258,12.948009490966797,12.549227714538574,12.659526824951172,13.46405029296875,12.91849422454834,13.087306022644043,12.297586441040039,11.175503730773926,12.41734790802002,10.582952499389648,10.296645164489746,8.671483039855957,5.020013809204102,0.98598712682724,-3.687976121902466,-6.611076354980469,-11.269198417663574,-14.254996299743652,-16.932418823242188,-17.893836975097656,-18.70336151123047,-19.135868072509766,-18.965625762939453,-17.199832916259766
25.415122985839844,16.581716537475586,-0.26068180799484253,-0.7848347425460815,-2.41353440284729,1.6233385801315308,4.958702564239502,7.147219657897949,8.67407512664795,9.129592895507812,9.317646026611328,7.531673431396484,3.267496347427368,1.2526302337646484,4.7348504066467285,8.418170928955078,9.497110366821289,10.815875053405762,12.23830795288086,12.567167282104492,12.435222625732422,12.344071388244629,12.639094352722168,11.975431442260742,11.50916862487793,11.582199096679688,10.71553897857666,9.567193984985352,9.0255708694458,8.689526557922363,6.415542125701904,3.728259563446045,-0.6271939873695374,-5.917552947998047,-9.406380653381348,-13.343605995178223,-15.971384048461914,-18.98136329650879,-18.25386619567871,-17.520347595214844,-17.78431510925293,-16.6507511138916,-15.19932746887207
