data/wind_data/wind_71_2.json
{"header": {"parameterUnit": "KT", "parameterCategory": 2, "nx": 256, "ny": 198, "lo1": 44.73521041870117, "la1": -3.236724853515625, "lo2": 111.26478576660156, "la2": 43.468475341796875, "dx": 0.2609002888202667, "dy": -0.23708222806453705, "refTime": "2025-02-21 23:00:00", "forecastTime": 0, "parameterNumber": 2, "parameterNumberName": "eastward_wind"}, "data":
[rows 95 to 113 of 198, columns 43 to 85 of 256]
-1.9336224794387817,-1.8739044666290283,-2.8907458782196045,-4.940639019012451,-6.243895053863525,-5.314347267150879,-2.8401432037353516,-1.2072864770889282,-1.1343876123428345,-1.7615644931793213,-1.2893518209457397,-0.8309437036514282,0.7607666850090027,2.202873706817627,2.9556097984313965,2.8702433109283447,2.1252927780151367,0.9503874182701111,0.0691111832857132,-0.25953370332717896,-0.2439611852169037,-0.3937755227088928,-0.6201813817024231,-0.7781676650047302,-0.9008854627609253,-0.9186331033706665,-0.9148418307304382,-0.9232057929039001,-0.8737485408782959,-0.6928291916847229,-0.3357447385787964,-0.11606866121292114,-0.354969322681427,-0.9678757190704346,-1.6366298198699951,-2.3714637756347656,-3.1594736576080322,-3.8639578819274902,-4.371419429779053,-4.782001972198486,-5.3617634773254395,-6.1844048500061035,-7.0123748779296875
-3.298834800720215,-3.3163809776306152,-4.613408088684082,-6.191789627075195,-6.8658294677734375,-5.566830635070801,-3.502501964569092,-2.40692400932312,-1.7888383865356445,-1.369367003440857,-0.6628909111022949,-0.15475335717201233,1.0716359615325928,2.362166404724121,3.652172565460205,3.6324026584625244,2.674314022064209,1.4856479167938232,0.7150476574897766,0.3945605754852295,0.20393776893615723,-0.13470184803009033,-0.30941110849380493,-0.33740806579589844,-0.4266982674598694,-0.5517106652259827,-0.6528212428092957,-0.6873130798339844,-0.6565933227539062,-0.45078402757644653,-0.07140802592039108,0.20106229186058044,0.0836731567978859,-0.39622223377227783,-0.9758436679840088,-1.7049829959869385,-2.630882978439331,-3.469264268875122,-4.043853282928467,-4.527453899383545,-5.0782976150512695,-5.784882545471191,-6.485671520233154
-4.420086860656738,-4.455221176147461,-5.397078990936279,-6.289660453796387,-6.732588291168213,-5.736191272735596,-4.393373489379883,-3.6266467571258545,-2.4550976753234863,-1.071560025215149,-0.14363260567188263,0.6657208204269409,1.7002543210983276,2.7797465324401855,3.5877223014831543,4.024178981781006,3.3250834941864014,2.20027232170105,1.4185643196105957,0.9842745065689087,0.5837576985359192,0.19782273471355438,0.13464020192623138,0.17294706404209137,0.06875044852495193,-0.07071319967508316,-0.0877877026796341,-0.012794533744454384,0.04026156663894653,0.10770180076360703,0.2890569567680359,0.38070061802864075,0.18925470113754272,-0.15134549140930176,-0.48272401094436646,-0.9478645324707031,-1.7675626277923584,-2.694000482559204,-3.2969839572906494,-3.787531614303589,-4.286690711975098,-4.79512882232666,-5.297404766082764
-5.387030124664307,-5.25555419921875,-5.744038105010986,-6.206488609313965,-6.631080150604248,-6.2331156730651855,-5.403822422027588,-4.316228866577148,-2.7339274883270264,-1.0244464874267578,0.0751962810754776,0.7348068952560425,1.9576220512390137,4.007154941558838,4.935072898864746,4.926107406616211,4.090312480926514,2.985569477081299,2.162524461746216,1.5547431707382202,1.026659607887268,0.7434653639793396,0.779618501663208,0.7743330597877502,0.6060323119163513,0.532935380935669,0.6334658861160278,0.8292926549911499,0.9457270503044128,0.9348313212394714,0.9027380347251892,0.6766496896743774,0.24813467264175415,-0.09904756397008896,-0.2325802594423294,-0.3631632924079895,-0.7840682864189148,-1.634324550628662,-2.235725164413452,-2.5343878269195557,-2.8014540672302246,-3.0886683464050293,-3.4841420650482178
-5.998971939086914,-5.947391986846924,-6.229345798492432,-6.404667377471924,-6.498641490936279,-5.914987087249756,-5.187900543212891,-4.2710700035095215,-2.7919418811798096,-1.0904209613800049,-0.2653973698616028,-0.18267135322093964,2.103781223297119,4.59133243560791,5.690424919128418,5.6769118309021,4.936192512512207,3.741384506225586,2.9004499912261963,2.186807632446289,1.6956521272659302,1.556862235069275,1.5592337846755981,1.3903437852859497,1.1506540775299072,1.1078665256500244,1.3062705993652344,1.6125649213790894,1.8204745054244995,1.8641892671585083,1.7435153722763062,1.273884654045105,0.6381186246871948,0.16354745626449585,-0.08321566134691238,-0.14009195566177368,-0.10875473916530609,-0.4752613306045532,-1.0569096803665161,-1.3465535640716553,-1.3522870540618896,-1.2341649532318115,-1.3157293796539307
-6.655908107757568,-6.795126438140869,-7.071129322052002,-7.217153072357178,-6.694146156311035,-5.646298408508301,-4.47979211807251,-2.902395725250244,-1.4056864976882935,-0.49272391200065613,-0.005943733267486095,1.5978434085845947,3.0329673290252686,5.233268737792969,5.075533866882324,5.479929447174072,5.162025451660156,4.304736614227295,3.696157217025757,3.03682804107666,2.5571799278259277,2.35585618019104,2.1369893550872803,1.8498831987380981,1.6463241577148438,1.617693543434143,1.8302000761032104,2.187377452850342,2.51127552986145,2.699878215789795,2.563199281692505,1.965722918510437,1.2212413549423218,0.40774133801460266,-0.22281451523303986,-0.25033503770828247,-0.06849447637796402,0.23790523409843445,0.3622399866580963,-0.10259050130844116,-0.8533177375793457,-1.1958073377609253,-1.0208958387374878
-7.113479137420654,-6.992147922515869,-6.916405200958252,-6.959303855895996,-6.560340404510498,-5.78282356262207,-4.068303108215332,-1.79462468624115,-0.42015188932418823,0.6145697832107544,1.6884591579437256,2.704658031463623,5.1311492919921875,3.9603686332702637,2.859712600708008,4.941468715667725,5.06235408782959,4.645698547363281,4.439265251159668,3.97381591796875,3.4873757362365723,3.0677099227905273,2.511204957962036,2.143894672393799,2.019301652908325,2.0136804580688477,2.148682117462158,2.461963176727295,2.9417574405670166,3.3643341064453125,3.1329805850982666,2.494255542755127,1.526242971420288,0.5035631656646729,-0.2815112769603729,-0.32349759340286255,-0.6211935877799988,-0.3618852496147156,0.43848472833633423,0.07622115314006805,-1.360959768295288,-2.550877094268799,-2.8875925540924072
-6.960829734802246,-6.010748863220215,-5.181914806365967,-4.643656253814697,-3.224534511566162,-1.1029199361801147,0.8263515830039978,2.991476058959961,4.410247802734375,5.024423599243164,5.240714073181152,5.002902984619141,1.6486098766326904,-3.568939685821533,1.8196568489074707,5.324514389038086,4.452772617340088,4.528579235076904,5.062234878540039,4.985451698303223,4.428016662597656,3.6649348735809326,2.7627484798431396,2.2906315326690674,2.197155714035034,2.1650073528289795,2.2111599445343018,2.579766273498535,3.206369161605835,3.7728328704833984,3.5654375553131104,2.4643304347991943,1.022936224937439,0.5111046433448792,-0.21020595729351044,-0.34052711725234985,-0.5510653257369995,-0.7886059284210205,-0.21696048974990845,-0.928972065448761,-2.7236268520355225,-3.611362934112549,-4.133699417114258
-6.401496887207031,-4.9295268058776855,-2.671638011932373,-0.37358951568603516,3.977214813232422,7.0532145500183105,7.216534614562988,6.450011730194092,6.375296592712402,7.100490570068359,4.643965244293213,-2.1935768127441406,-6.190000057220459,-5.514620780944824,0.7966798543930054,3.7522132396698,3.326413631439209,4.118880271911621,5.36871862411499,5.8464155197143555,5.3008222579956055,4.1608567237854,2.9744672775268555,2.4034934043884277,2.1381351947784424,1.9559605121612549,2.0940356254577637,2.71298885345459,3.398435592651367,3.8977456092834473,3.3666412830352783,2.197810411453247,1.267903447151184,0.06509295105934143,-1.0715116262435913,-0.3109927475452423,0.430031418800354,-0.34036576747894287,-0.9544161558151245,-1.9977948665618896,-2.606022596359253,-2.4950921535491943,-2.9890477657318115
-5.206192493438721,-2.7871668338775635,0.2929660975933075,5.633998870849609,9.552289009094238,8.062045097351074,5.935055255889893,5.217932224273682,4.91524076461792,6.641089916229248,2.789473295211792,-3.1917436122894287,-7.234767436981201,-3.9687435626983643,0.672540009021759,1.7908834218978882,2.273681163787842,3.6113522052764893,5.314952373504639,6.372992992401123,6.024640083312988,4.512042045593262,3.0595972537994385,2.430548667907715,1.9465563297271729,1.6317960023880005,1.904888391494751,2.716660737991333,3.444603443145752,3.624631404876709,3.005418300628662,1.938004732131958,0.5729473233222961,-0.6018463969230652,-0.5229090452194214,0.10089823603630066,-0.4165278673171997,-0.8133162260055542,-0.5016545653343201,0.1728111207485199,0.38078397512435913,-0.504056453704834,-1.7509456872940063
-2.8612143993377686,0.18115782737731934,5.998728275299072,10.909754753112793,9.619296073913574,4.033051490783691,0.29825207591056824,0.8470313549041748,1.9707649946212769,5.749721527099609,7.335181713104248,5.546388149261475,1.2393629550933838,-0.04204299673438072,2.2449004650115967,2.2225818634033203,2.071876049041748,3.4320855140686035,5.2653398513793945,6.6328253746032715,6.436333656311035,4.690120220184326,2.958329439163208,2.2479634284973145,1.6615039110183716,1.4056971073150635,1.7193101644515991,2.4343574047088623,3.0152952671051025,3.0652201175689697,2.3628320693969727,1.1300745010375977,0.2085523009300232,0.03290579840540886,0.16171561181545258,0.23909124732017517,0.41002771258354187,0.595839262008667,0.5519033074378967,0.6867685317993164,0.22766539454460144,-0.4089772701263428,-0.3468322455883026
0.29299288988113403,5.6883158683776855,10.793160438537598,11.655599594116211,3.2852585315704346,-3.0651397705078125,-2.4599523544311523,-0.6940242648124695,-0.43006598949432373,1.5423039197921753,5.539757251739502,8.376569747924805,10.84596061706543,9.772990226745605,8.425930976867676,7.082453727722168,5.005712509155273,4.250826358795166,5.352456569671631,6.931563854217529,6.592613697052002,4.598340034484863,2.7032718658447266,1.893762469291687,1.3162834644317627,1.2237168550491333,1.574491262435913,2.041459560394287,2.3088879585266113,2.202211618423462,1.6436771154403687,0.9249201416969299,0.5208196043968201,0.5932280421257019,0.7727805972099304,0.9543058276176453,0.9076007008552551,0.5299036502838135,1.1410877704620361,1.3850133419036865,0.4750520586967468,-1.0732969045639038,-2.0826926231384277
4.533114433288574,10.153120994567871,12.886301040649414,4.821407794952393,-1.8700981140136719,-3.444434642791748,-3.7687268257141113,-3.3329505920410156,-1.5490570068359375,0.8465970158576965,4.428504467010498,6.549726486206055,9.46959400177002,12.147767066955566,13.100680351257324,12.314227104187012,9.565372467041016,6.6461920738220215,6.309318542480469,7.094486236572266,6.368523597717285,4.225575923919678,2.4462506771087646,1.6553927659988403,1.2097909450531006,1.2328908443450928,1.576095700263977,1.743666172027588,1.725680947303772,1.6365208625793457,1.3978490829467773,0.944703221321106,0.5973026752471924,0.7188722491264343,1.0176361799240112,1.0322474241256714,0.541780948638916,1.0479799509048462,2.701310157775879,2.1964898109436035,0.7814596891403198,-1.2438035011291504,-3.9873931407928467
8.135077476501465,12.42039966583252,6.864086151123047,-2.588911771774292,-2.8762094974517822,-4.819210529327393,-6.458465099334717,-6.4097208976745605,-4.419818878173828,-1.7407487630844116,1.4622994661331177,3.713134288787842,4.784356117248535,7.799051761627197,11.204727172851562,12.49309253692627,10.799221992492676,8.371559143066406,7.349006652832031,6.95985221862793,5.7056379318237305,3.7091152667999268,2.3458988666534424,1.7380120754241943,1.5631405115127563,1.667454719543457,1.7304059267044067,1.619677186012268,1.5022082328796387,1.432932734489441,1.1982567310333252,0.692814290523529,0.5721842050552368,0.9277929067611694,1.0891557931900024,0.5767170190811157,0.5273311734199524,2.8160130977630615,3.4579429626464844,2.192837953567505,0.6380405426025391,-2.001000165939331,-5.749635219573975
9.56798267364502,10.450583457946777,0.8421517014503479,-4.081240653991699,-5.853312969207764,-7.763035774230957,-7.092270374298096,-7.401159763336182,-7.267806529998779,-5.258579730987549,-2.9364376068115234,-0.11844504624605179,1.5595473051071167,3.218097448348999,6.026077747344971,8.482665061950684,8.911402702331543,8.391495704650879,7.443817615509033,6.347804069519043,4.779459476470947,3.098719596862793,2.419837474822998,2.298041343688965,2.434635877609253,2.4982898235321045,2.055086851119995,1.5722228288650513,1.4835838079452515,1.3811309337615967,0.9079336524009705,0.444318026304245,0.6133120656013489,0.7242465615272522,0.2733474373817444,0.038848064839839935,2.3692502975463867,4.143505573272705,3.184817314147949,1.7790483236312866,0.4351903200149536,-2.818715810775757,-6.587801456451416
9.105802536010742,6.927279472351074,-1.716440200805664,-6.757061958312988,-8.103150367736816,-7.215198040008545,-6.9097089767456055,-8.18127727508545,-8.222941398620605,-7.533762454986572,-6.382535457611084,-4.917123317718506,-2.842866897583008,-1.0085922479629517,1.2095072269439697,3.9742863178253174,6.034852027893066,6.83158016204834,6.233808994293213,5.343489170074463,3.9165689945220947,2.8769359588623047,2.717149496078491,2.950160503387451,3.230074644088745,3.1504364013671875,2.300002098083496,1.468012809753418,1.0553951263427734,0.7299591898918152,0.3370020389556885,0.6167140603065491,0.9178920388221741,0.2791236639022827,-0.45973438024520874,1.8151683807373047,4.507464408874512,3.989513397216797,2.521688222885132,1.736975073814392,-0.36752796173095703,-3.992755174636841,-6.189777851104736
8.171365737915039,4.225307464599609,-4.118557453155518,-6.604813098907471,-6.732933521270752,-6.045080661773682,-6.833044528961182,-7.848399639129639,-7.9476494789123535,-8.104536056518555,-8.097343444824219,-7.180690765380859,-5.596031188964844,-3.789877414703369,-1.4266602993011475,1.45067298412323,3.6126761436462402,4.417067527770996,3.7906529903411865,3.634150981903076,2.665062427520752,2.2500877380371094,2.473756790161133,2.8501713275909424,3.1232340335845947,2.9710958003997803,2.159331798553467,1.03351891040802,0.43235501646995544,0.19414538145065308,0.7523528933525085,1.3315858840942383,0.8240499496459961,-0.03583592176437378,0.47114312648773193,4.215891361236572,5.245519161224365,3.3798325061798096,2.5929627418518066,1.5094398260116577,-2.1301121711730957,-4.855700969696045,-4.068873882293701
2.7931642532348633,0.8316540122032166,-4.688348770141602,-5.247754096984863,-5.3764495849609375,-5.201363563537598,-6.360113143920898,-7.32029390335083,-8.045954704284668,-8.087182998657227,-8.373023986816406,-7.980401515960693,-6.012269973754883,-4.400686740875244,-3.086501121520996,-1.3299601078033447,0.16111773252487183,1.1355074644088745,1.8205153942108154,2.407576560974121,1.8002482652664185,1.4590928554534912,1.5777454376220703,2.0375092029571533,2.609776258468628,2.4877188205718994,2.5506114959716797,2.3384993076324463,1.4031697511672974,0.8655786514282227,1.2924658060073853,1.6082921028137207,1.2183090448379517,0.7669715285301208,1.458317756652832,4.663934707641602,4.748908996582031,2.978192090988159,1.9247305393218994,-1.5142550468444824,-4.843175888061523,-3.9802074432373047,-1.7501300573349
-1.719700813293457,-1.11588716506958,-3.5953762531280518,-3.1401913166046143,-3.607299327850342,-4.422152042388916,-5.6167707443237305,-6.454890727996826,-7.613064765930176,-8.286223411560059,-7.179728031158447,-6.586844444274902,-5.254846096038818,-3.3727128505706787,-1.608950138092041,-0.4128957986831665,0.771475076675415,1.8823968172073364,2.3527374267578125,1.5804942846298218,0.7402357459068298,0.9154402017593384,1.546136736869812,2.42903995513916,3.4093070030212402,4.202475547790527,3.995502471923828,3.0032594203948975,2.028477430343628,1.9913911819458008,2.7014050483703613,2.762807846069336,2.182288408279419,1.6636313199996948,1.486617088317871,4.709209442138672,4.287292957305908,0.9812349677085876,-1.17270827293396,-4.924990177154541,-6.210363388061523,-3.2060670852661133,-0.7634191513061523
