data/wind_data/wind_58_1.json
{"header": {"parameterUnit": "KT", "parameterCategory": 2, "nx": 256, "ny": 198, "lo1": 44.73521041870117, "la1": -3.236724853515625, "lo2": 111.26478576660156, "la2": 43.468475341796875, "dx": 0.2609002888202667, "dy": -0.23708222806453705, "refTime": "2025-02-21 10:00:00", "forecastTime": 0, "parameterNumber": 2, "parameterNumberName": "eastward_wind"}, "data":
[rows 19 to 37 of 198, columns 129 to 171 of 256]
-3.3725976943969727,-7.5739336013793945,-8.231127738952637,-9.366579055786133,-9.072290420532227,-9.428668975830078,-10.529419898986816,-10.163393020629883,-9.095812797546387,-9.160784721374512,-8.495545387268066,-8.274091720581055,-7.72537088394165,-7.075394630432129,-6.974749565124512,-7.657315254211426,-4.5076680183410645,-1.845331072807312,-3.7789013385772705,-13.444212913513184,-7.637442111968994,-7.324117183685303,-3.413889169692993,-3.836108684539795,-5.4697699546813965,-6.7676920890808105,-8.601734161376953,-3.2594668865203857,-4.236546039581299,-3.597533941268921,-6.731293201446533,-3.2057065963745117,-1.179073691368103,-3.2487423419952393,-2.7751502990722656,-3.6422793865203857,-2.073014497756958,-2.083660840988159,-2.223048686981201,-0.565964937210083,-2.102968454360962,0.3958563804626465,-2.465441942214966
-4.8023576736450195,-6.849937438964844,-9.546929359436035,-9.89513111114502,-8.334750175476074,-9.69434928894043,-10.028237342834473,-9.712251663208008,-10.947051048278809,-10.188163757324219,-9.1861572265625,-8.617175102233887,-7.939837455749512,-7.506360054016113,-8.048912048339844,-7.46597146987915,-4.401607513427734,-2.794247627258301,-6.704922199249268,-11.70413875579834,-6.894021987915039,-6.3633294105529785,-3.0870516300201416,-6.865288734436035,-6.421838760375977,-4.690084457397461,-4.578570365905762,-5.366846084594727,-3.378838539123535,-3.949669361114502,-7.501646041870117,-8.788325309753418,-5.366028308868408,-3.489210367202759,-3.4371886253356934,-2.57662296295166,-1.268181562423706,-1.7565586566925049,-1.276172161102295,2.0218355655670166,-2.1260910034179688,-3.352707862854004,-4.274754047393799
-6.69440221786499,-8.857458114624023,-9.60770034790039,-8.825481414794922,-7.777195453643799,-8.670441627502441,-8.322710037231445,-10.085052490234375,-13.166486740112305,-10.973793983459473,-9.72965145111084,-9.55943489074707,-9.725615501403809,-8.743156433105469,-7.7223381996154785,-6.513347148895264,-4.955183506011963,-6.00283670425415,-9.186416625976562,-10.206774711608887,-7.009430885314941,-5.561001300811768,-7.158314228057861,-7.303706169128418,-5.37880802154541,-3.8315412998199463,-2.2123467922210693,-2.438279390335083,-4.320825576782227,-5.070487976074219,-4.603877067565918,-4.798468112945557,-4.9128193855285645,-4.976775169372559,-4.203124046325684,-2.5813257694244385,-1.9198945760726929,-1.687158226966858,-0.32714125514030457,2.1796109676361084,-4.559889793395996,-4.717539310455322,-2.846428632736206
-7.869668960571289,-9.246360778808594,-7.876361846923828,-6.4446587562561035,-7.202209949493408,-9.46755599975586,-9.171985626220703,-10.398489952087402,-10.984906196594238,-10.879371643066406,-10.403776168823242,-10.821495056152344,-10.675972938537598,-9.110078811645508,-7.30033540725708,-6.339001655578613,-6.557317733764648,-8.164528846740723,-8.724137306213379,-7.983748435974121,-6.720149993896484,-7.254265785217285,-7.583072662353516,-5.535274982452393,-3.446211338043213,-1.6324790716171265,-1.6638566255569458,-4.703836917877197,-6.541473388671875,-5.9624528884887695,-4.803212642669678,-4.549373626708984,-6.600241184234619,-5.2689409255981445,-5.004915714263916,-3.5567166805267334,-3.0067880153656006,-4.3636345863342285,-5.438723564147949,-4.622118949890137,-5.8197407722473145,-2.7668681144714355,-1.1591287851333618
-8.6544189453125,-9.218149185180664,-8.212692260742188,-7.306012153625488,-8.739705085754395,-9.996865272521973,-8.669110298156738,-8.080686569213867,-8.794132232666016,-9.884119987487793,-11.830079078674316,-11.616623878479004,-10.348567008972168,-9.031285285949707,-7.9449076652526855,-7.8759002685546875,-7.957452297210693,-7.7280988693237305,-7.250384330749512,-6.645176410675049,-7.116790771484375,-8.047201156616211,-6.340233325958252,-3.8209853172302246,-2.0448691844940186,-1.1576671600341797,-4.348143100738525,-8.856858253479004,-6.968955993652344,-5.663904190063477,-6.717938423156738,-8.902566909790039,-8.146413803100586,-6.432112216949463,-5.880675792694092,-3.9127891063690186,-3.6662421226501465,-5.346979141235352,-7.469643592834473,-7.824471473693848,-5.240131378173828,-2.9080252647399902,-3.396848440170288
-7.758612155914307,-8.743544578552246,-9.379644393920898,-8.77488899230957,-8.757457733154297,-8.561386108398438,-7.8365092277526855,-6.881269454956055,-7.343240737915039,-11.700652122497559,-12.5845308303833,-11.177912712097168,-9.286883354187012,-8.824358940124512,-9.230769157409668,-9.650036811828613,-8.793170928955078,-7.839592933654785,-7.7299418449401855,-7.851929187774658,-7.841279983520508,-6.493855953216553,-3.6917624473571777,-1.9112151861190796,-2.861480951309204,-4.817006587982178,-6.636734485626221,-5.51691198348999,-4.127806663513184,-6.481865406036377,-8.35727310180664,-10.256017684936523,-9.698067665100098,-8.02869701385498,-6.238631725311279,-4.513194561004639,-3.475724458694458,-4.28371524810791,-5.707027435302734,-6.191462516784668,-5.5121235847473145,-4.293898582458496,-6.945648193359375
-6.819526195526123,-7.6249823570251465,-9.190057754516602,-9.109654426574707,-7.650134086608887,-7.206916332244873,-8.937798500061035,-10.069687843322754,-11.871953964233398,-13.583523750305176,-12.108428955078125,-10.918808937072754,-9.15980052947998,-8.889823913574219,-10.916815757751465,-10.68531608581543,-9.326004981994629,-8.481942176818848,-8.330129623413086,-8.09675121307373,-7.119987964630127,-4.447210788726807,-0.5899367928504944,-0.6551212072372437,-6.237735748291016,-5.353936195373535,-5.008184432983398,-2.769233465194702,-2.254190444946289,-9.411044120788574,-9.993261337280273,-9.593154907226562,-8.8074951171875,-8.374685287475586,-6.738245010375977,-5.153319358825684,-4.806224346160889,-5.455296516418457,-6.175318241119385,-5.392075538635254,-4.571250915527344,-4.2362751960754395,-6.226687908172607
-7.608758926391602,-8.314523696899414,-9.35237979888916,-9.02320671081543,-7.65588903427124,-7.523280620574951,-10.109846115112305,-11.762839317321777,-12.971527099609375,-12.888288497924805,-12.04554557800293,-11.84035873413086,-11.247222900390625,-10.875971794128418,-11.008092880249023,-10.281293869018555,-8.796066284179688,-7.769174575805664,-8.005570411682129,-8.379960060119629,-6.4941840171813965,-3.0159590244293213,-1.5093201398849487,-6.578645706176758,-8.400156021118164,-6.155363082885742,-5.393298149108887,-5.910351276397705,-8.565370559692383,-11.644285202026367,-10.723773002624512,-9.062353134155273,-7.7122673988342285,-7.741847515106201,-6.959588050842285,-5.912832260131836,-6.246660232543945,-6.325496196746826,-5.402052402496338,-2.9155099391937256,-4.234910488128662,-5.708813190460205,-2.7708349227905273
-8.917243957519531,-9.6044340133667,-9.490193367004395,-8.345721244812012,-8.159125328063965,-8.112433433532715,-8.116793632507324,-8.10104751586914,-8.833423614501953,-11.364991188049316,-13.426697731018066,-13.48888874053955,-12.468116760253906,-11.37523078918457,-10.622156143188477,-9.247200965881348,-7.472228050231934,-6.467434406280518,-8.805990219116211,-8.726950645446777,-6.033651351928711,-3.7706263065338135,-5.986692428588867,-9.509925842285156,-8.479232788085938,-6.175332069396973,-6.959793567657471,-10.24671745300293,-11.868817329406738,-11.983915328979492,-9.37974739074707,-8.237339973449707,-7.096271991729736,-5.929652214050293,-6.322563171386719,-6.90517520904541,-7.240864276885986,-6.454881191253662,-4.782834053039551,-2.459235429763794,-5.817831516265869,-10.103367805480957,-4.915689468383789
-9.044400215148926,-9.16828727722168,-7.661890506744385,-6.931665897369385,-8.714587211608887,-8.48452377319336,-6.536306858062744,-4.748757839202881,-5.167626857757568,-10.560822486877441,-16.225942611694336,-14.442267417907715,-12.894309997558594,-11.420231819152832,-10.424697875976562,-9.014482498168945,-7.186687469482422,-7.634317874908447,-10.457181930541992,-7.8665080070495605,-5.960807800292969,-5.8846964836120605,-7.0835862159729,-6.673824310302734,-5.425162315368652,-4.8861799240112305,-6.486855983734131,-9.255234718322754,-8.48519229888916,-8.296611785888672,-7.698092460632324,-7.452455997467041,-7.134804725646973,-4.300024032592773,-7.073564529418945,-8.5404052734375,-8.054041862487793,-6.026546001434326,-5.090644359588623,-6.197297096252441,-10.13024616241455,-10.543619155883789,-8.329995155334473
-8.288651466369629,-7.474995136260986,-5.647040843963623,-7.681732654571533,-10.847274780273438,-9.413032531738281,-7.5066070556640625,-7.938843250274658,-10.387373924255371,-12.479995727539062,-15.611539840698242,-14.204492568969727,-12.971663475036621,-11.345193862915039,-10.732305526733398,-9.626930236816406,-9.232574462890625,-9.138652801513672,-8.946357727050781,-7.622858047485352,-6.351586818695068,-6.657988548278809,-6.29542350769043,-4.920860767364502,-5.023216247558594,-5.67479133605957,-6.828538417816162,-7.9860639572143555,-6.713910102844238,-4.990413665771484,-7.606685161590576,-8.572476387023926,-9.256117820739746,-7.608263969421387,-8.415860176086426,-9.293177604675293,-7.99018669128418,-6.136512756347656,-6.84796667098999,-8.478477478027344,-9.868491172790527,-11.57690143585205,-8.71328067779541
-7.478847026824951,-7.6419997215271,-8.41023063659668,-12.634941101074219,-12.927867889404297,-10.189932823181152,-8.867587089538574,-10.544804573059082,-12.815299987792969,-14.034832954406738,-13.99071979522705,-13.395453453063965,-12.918330192565918,-11.767005920410156,-11.020807266235352,-10.62053394317627,-10.020148277282715,-8.844124794006348,-8.052833557128906,-7.7734246253967285,-7.88649845123291,-7.395382404327393,-6.726921081542969,-6.1892900466918945,-6.497804641723633,-7.290024280548096,-8.396279335021973,-8.612643241882324,-8.496562004089355,-9.163022994995117,-11.194570541381836,-10.977322578430176,-10.484163284301758,-8.771794319152832,-9.205055236816406,-8.531115531921387,-4.988011837005615,-5.146100997924805,-9.43332290649414,-7.946244239807129,-7.449115753173828,-13.69766902923584,-11.912201881408691
-7.9091973304748535,-9.190767288208008,-10.856222152709961,-13.053133010864258,-12.97339153289795,-10.826229095458984,-10.34028434753418,-11.197843551635742,-11.950150489807129,-12.295430183410645,-12.821352005004883,-13.291277885437012,-13.170716285705566,-12.314011573791504,-11.203886032104492,-10.437727928161621,-9.691399574279785,-8.910136222839355,-8.446284294128418,-8.138751029968262,-8.180571556091309,-8.308053970336914,-7.9220123291015625,-7.270493030548096,-7.3857645988464355,-8.437044143676758,-9.071507453918457,-8.650630950927734,-9.23992919921875,-10.815515518188477,-12.232198715209961,-11.889139175415039,-8.924347877502441,-7.785969257354736,-6.655052661895752,-5.091615676879883,-1.6459176540374756,-4.16748046875,-14.61237621307373,-8.679776191711426,-7.9533796310424805,-14.807100296020508,-14.015689849853516
-8.896727561950684,-8.629524230957031,-9.255987167358398,-10.575671195983887,-11.733457565307617,-11.85636043548584,-11.896592140197754,-12.151382446289062,-12.414299964904785,-12.532977104187012,-12.569478034973145,-12.728967666625977,-12.645928382873535,-11.9508056640625,-11.179893493652344,-10.565972328186035,-9.646296501159668,-9.263935089111328,-9.346426963806152,-8.205703735351562,-7.090800762176514,-9.343807220458984,-9.086063385009766,-7.687368392944336,-8.298919677734375,-9.292343139648438,-9.088276863098145,-8.23038387298584,-8.60746955871582,-9.59097671508789,-9.368429183959961,-9.214936256408691,-8.208889961242676,-7.113133430480957,-6.294631004333496,-3.7665491104125977,-3.2061007022857666,-11.252729415893555,-12.964778900146484,-10.26095199584961,-11.384078979492188,-13.746204376220703,-13.59188461303711
-8.57674503326416,-8.069666862487793,-8.393019676208496,-9.712926864624023,-11.262537002563477,-12.159461975097656,-12.653674125671387,-13.349666595458984,-13.857532501220703,-13.578269004821777,-12.106362342834473,-10.473094940185547,-11.09127140045166,-11.244114875793457,-10.690572738647461,-10.924553871154785,-9.982620239257812,-9.644936561584473,-9.408767700195312,-8.862062454223633,-8.444072723388672,-9.523760795593262,-9.115910530090332,-8.135589599609375,-8.465789794921875,-9.540204048156738,-9.367647171020508,-8.079108238220215,-7.423325538635254,-8.305766105651855,-8.496150970458984,-7.018887996673584,-6.403672695159912,-6.8137712478637695,-6.261872291564941,-5.727821350097656,-8.971528053283691,-12.325695037841797,-13.0369873046875,-10.263548851013184,-10.753385543823242,-11.834063529968262,-13.517308235168457
-7.553772449493408,-6.9375410079956055,-7.008852005004883,-8.421812057495117,-9.845030784606934,-11.465389251708984,-13.254475593566895,-14.552189826965332,-14.999424934387207,-14.71041202545166,-13.260337829589844,-10.824884414672852,-9.688716888427734,-10.698860168457031,-10.351066589355469,-11.046645164489746,-9.90645694732666,-9.178884506225586,-8.84834098815918,-8.950496673583984,-9.83067512512207,-10.078287124633789,-9.022039413452148,-8.378434181213379,-7.910100936889648,-8.017868995666504,-8.798985481262207,-8.216957092285156,-7.2327799797058105,-6.823532581329346,-6.354203701019287,-4.694903373718262,-6.605844497680664,-7.757600784301758,-8.132326126098633,-10.186141014099121,-12.452325820922852,-13.28295612335205,-11.642496109008789,-9.534407615661621,-8.15005111694336,-9.335002899169922,-13.165247917175293
-6.47802209854126,-5.124495029449463,-3.8155925273895264,-5.109783172607422,-6.711584091186523,-9.103496551513672,-12.665934562683105,-14.940825462341309,-15.05148696899414,-15.281586647033691,-14.982279777526855,-13.621538162231445,-10.671140670776367,-10.675118446350098,-10.31939697265625,-9.614521980285645,-8.279539108276367,-7.975587844848633,-8.152665138244629,-7.796633243560791,-8.332201957702637,-9.990030288696289,-9.929362297058105,-8.663674354553223,-6.462278366088867,-5.435145378112793,-7.271150588989258,-9.765942573547363,-9.289523124694824,-6.187838554382324,-3.2987334728240967,-5.831188201904297,-12.824560165405273,-11.010161399841309,-9.99545955657959,-12.277188301086426,-14.66464900970459,-13.300931930541992,-9.890559196472168,-8.085891723632812,-9.181500434875488,-9.579740524291992,-11.566679000854492
-5.560046672821045,-3.005915641784668,-0.1873723864555359,0.6927075982093811,3.2524986267089844,3.706827402114868,7.514702796936035,-7.951031684875488,-11.499777793884277,-12.99742317199707,-11.391719818115234,-13.117035865783691,-11.740111351013184,-9.366366386413574,-7.755555152893066,-8.088157653808594,-5.8717827796936035,-5.5786519050598145,-6.328607082366943,-5.386734962463379,-5.686321258544922,-7.657207012176514,-10.624516487121582,-8.039058685302734,-5.710421085357666,-7.355638027191162,-8.782892227172852,-10.205060958862305,-8.20481014251709,-6.098618030548096,-8.183205604553223,-11.227624893188477,-12.364978790283203,-10.4030122756958,-9.92032241821289,-12.503907203674316,-13.971138000488281,-11.583019256591797,-9.264883041381836,-12.127799034118652,-12.015498161315918,-8.890899658203125,-13.005415916442871
-5.244068622589111,-3.0411324501037598,1.319137454032898,1.9119535684585571,7.129981517791748,7.321183681488037,13.625802993774414,1.0239123106002808,-10.756223678588867,-14.3200101852417,-10.878376960754395,-7.141528129577637,-10.75090217590332,-9.12208080291748,-1.752483606338501,-10.627507209777832,-6.632278919219971,-4.700585842132568,-3.185530185699463,-0.6428490877151489,-9.427742004394531,-7.266564846038818,-11.187140464782715,-8.5508394241333,-9.551595687866211,-15.240446090698242,-13.136853218078613,-9.762055397033691,-7.125074863433838,-7.030653476715088,-8.284695625305176,-8.900017738342285,-9.501993179321289,-9.068536758422852,-11.538305282592773,-13.395774841308594,-12.286914825439453,-10.678595542907715,-11.79246997833252,-14.317161560058594,-13.322073936462402,-11.786407470703125,-14.465868949890137
