data/wind_data/wind_50_1.json
{"header": {"parameterUnit": "KT", "parameterCategory": 2, "nx": 256, "ny": 198, "lo1": 44.73521041870117, "la1": -3.236724853515625, "lo2": 111.26478576660156, "la2": 43.468475341796875, "dx": 0.2609002888202667, "dy": -0.23708222806453705, "refTime": "2025-02-21 02:00:00", "forecastTime": 0, "parameterNumber": 2, "parameterNumberName": "eastward_wind"}, "data":
[rows 0 to 18 of 198, columns 129 to 171 of 256]
6.287555694580078,6.296271800994873,6.08183479309082,5.968289375305176,5.915947914123535,5.908559799194336,5.944009780883789,6.019655704498291,6.122898101806641,6.2380805015563965,6.350581645965576,6.396332740783691,6.541678428649902,6.966625690460205,7.300751686096191,7.406035900115967,7.316744804382324,6.977176189422607,6.838759899139404,6.96979284286499,7.0823073387146,7.173110485076904,7.4032416343688965,7.7225422859191895,7.714959144592285,7.568068504333496,7.957322597503662,8.539897918701172,8.686755180358887,8.689369201660156,8.779982566833496,8.935681343078613,9.229171752929688,9.5378999710083,9.739893913269043,10.101598739624023,10.833510398864746,11.242748260498047,11.12282943725586,10.936704635620117,10.729930877685547,10.512661933898926,10.288957595825195
5.535494804382324,5.549989700317383,5.626824378967285,5.615085601806641,5.534941673278809,5.418754577636719,5.398232460021973,5.598575592041016,5.775167942047119,5.791350841522217,5.835106372833252,5.938050270080566,6.136427879333496,6.572668552398682,6.91079044342041,7.000363349914551,6.827495098114014,6.331765174865723,6.250990390777588,6.679600715637207,6.9989471435546875,7.087871074676514,7.197670936584473,7.3373942375183105,7.173064231872559,6.9098381996154785,7.096547603607178,7.595663547515869,8.122779846191406,8.536147117614746,8.655146598815918,8.779341697692871,9.193157196044922,9.542088508605957,9.605968475341797,9.90674114227295,10.60815715789795,11.097044944763184,11.286402702331543,11.153340339660645,10.634317398071289,10.147470474243164,9.967811584472656
4.726171970367432,4.884094715118408,4.939269065856934,4.959938049316406,4.869625568389893,4.89715576171875,4.939740180969238,5.142480850219727,5.2568888664245605,5.1568603515625,5.115794658660889,5.330568790435791,5.519880294799805,5.359059810638428,5.378271579742432,5.513145446777344,5.733117580413818,5.806216239929199,5.88979959487915,6.205747127532959,6.51263427734375,6.677667617797852,6.745016574859619,6.767550945281982,6.668073654174805,6.583862781524658,6.629354953765869,6.87519645690918,7.438816547393799,7.914891242980957,7.928351402282715,7.963815689086914,8.450960159301758,8.985555648803711,9.27617359161377,9.643538475036621,10.047273635864258,10.374064445495605,10.905797958374023,11.018607139587402,10.450908660888672,9.918042182922363,9.715121269226074
2.8291571140289307,3.656527519226074,3.171639919281006,3.7007386684417725,3.3594472408294678,4.609436511993408,4.676175594329834,4.472784042358398,4.347121715545654,3.5554468631744385,3.43058443069458,3.515596866607666,3.8258023262023926,3.551403522491455,4.207363128662109,2.586545705795288,3.690253257751465,4.873308181762695,4.608044624328613,4.747416973114014,5.131477355957031,5.413778305053711,5.304004192352295,5.223663330078125,5.154097080230713,5.363443851470947,5.543132781982422,5.7722249031066895,6.266091823577881,6.702143669128418,6.601864814758301,6.483342170715332,7.063055515289307,7.777388095855713,8.175268173217773,8.726552963256836,9.176202774047852,8.94204330444336,9.48615837097168,9.427226066589355,9.152034759521484,8.782087326049805,9.437959671020508
-1.7218267917633057,2.273329496383667,-1.7824589014053345,1.733664870262146,-0.21537303924560547,5.311450004577637,4.36678409576416,2.4629037380218506,1.921312928199768,-2.345975160598755,-0.96809983253479,-1.762614369392395,-0.15057532489299774,0.392012357711792,4.347561836242676,-5.777917861938477,-0.5317441821098328,2.393036127090454,0.2844613194465637,1.053800344467163,1.6946252584457397,2.2275500297546387,1.6362793445587158,1.5248929262161255,1.1764134168624878,2.227567195892334,3.1342504024505615,3.618727922439575,3.644629955291748,4.120603561401367,4.147475242614746,3.5747718811035156,4.6987433433532715,5.529659271240234,5.5872039794921875,6.256284713745117,8.07675838470459,6.25996208190918,6.547181129455566,5.0408830642700195,5.9985480308532715,6.14963960647583,9.715949058532715
-1.4025343656539917,5.721480369567871,-2.029961585998535,1.8139876127243042,0.7695969939231873,2.727832078933716,1.6122002601623535,4.89785099029541,1.7803328037261963,1.6217249631881714,2.697629690170288,-0.69605952501297,0.5087973475456238,1.2021790742874146,1.5305496454238892,3.6842169761657715,-2.698119640350342,-0.6787635087966919,0.10677734762430191,2.04651141166687,2.3927974700927734,2.7797768115997314,2.4712142944335938,1.7726399898529053,1.665509819984436,2.734039306640625,3.563786029815674,3.1740119457244873,3.2457971572875977,3.7080955505371094,4.378593921661377,3.535726547241211,5.574248790740967,5.43462610244751,5.685897350311279,7.716996669769287,7.651921272277832,7.369261741638184,8.68942928314209,5.610499382019043,7.360291481018066,7.151944637298584,8.450549125671387
-1.5823814868927002,2.402406692504883,-2.0851376056671143,1.762161135673523,-1.386207938194275,0.13555672764778137,2.5113437175750732,2.160572052001953,5.121722221374512,-2.5674386024475098,6.694180011749268,-1.703034520149231,-1.3156980276107788,-0.019389841705560684,1.2385319471359253,1.6563575267791748,-4.801386833190918,-1.4911465644836426,-0.2405109703540802,1.2587029933929443,1.2499710321426392,1.1844488382339478,0.688710629940033,0.09969183802604675,0.26159143447875977,0.8727794885635376,2.6758675575256348,1.4676607847213745,3.1044118404388428,2.149596929550171,4.166970252990723,2.969512701034546,4.502631187438965,3.188844680786133,5.136366844177246,7.795547962188721,4.783844470977783,6.680754661560059,5.010439872741699,4.396424770355225,6.6844611167907715,5.2452545166015625,8.177424430847168
-0.6037021279335022,0.15280725061893463,2.5199849605560303,1.115903615951538,-3.158174753189087,-0.22662417590618134,1.080306053161621,-2.421417236328125,2.651400327682495,-4.042616367340088,4.08838415145874,-0.05322733521461487,0.20353499054908752,-0.23724420368671417,2.729043960571289,-1.363887906074524,-3.8939051628112793,-2.940192222595215,0.4910438656806946,0.34374722838401794,1.3257133960723877,0.3706802725791931,-0.8213968873023987,0.014569592662155628,-0.15784652531147003,0.8813472986221313,2.2568700313568115,1.2614920139312744,2.760913848876953,2.0536632537841797,6.05054235458374,1.789345145225525,2.1916921138763428,3.6180033683776855,5.709153175354004,6.463684558868408,4.85034704208374,5.459986686706543,3.752013683319092,5.13311767578125,5.072617530822754,6.8533406257629395,5.820924282073975
-2.7565841674804688,1.2985014915466309,1.1623821258544922,-3.2904443740844727,-1.5171452760696411,-1.7201188802719116,-0.23764319717884064,-3.501268148422241,-1.3207581043243408,-1.0277611017227173,-1.943796157836914,-0.3803130090236664,-0.5000323057174683,1.1551538705825806,-0.15376174449920654,-3.457211494445801,-3.205299139022827,-2.751598358154297,0.033586569130420685,-0.5638138055801392,-0.3829069137573242,-0.20279914140701294,-2.4865055084228516,0.21602225303649902,-0.9361517429351807,1.3650423288345337,0.4701172709465027,2.2593648433685303,1.090303659439087,3.5974502563476562,2.041198968887329,1.1958454847335815,2.676778554916382,5.633074760437012,3.4274609088897705,5.008368492126465,5.095104694366455,3.4473695755004883,3.678687810897827,5.1109795570373535,3.607978343963623,6.466669082641602,5.180137634277344
-1.286882758140564,1.415359377861023,-4.883148193359375,-2.03010892868042,-5.474031925201416,-2.1717374324798584,-2.376425266265869,-3.13430118560791,-0.8649203181266785,-2.3793039321899414,0.22433897852897644,-1.6323561668395996,-1.5176396369934082,-1.2472995519638062,-2.375063896179199,-1.6953376531600952,-4.025717735290527,-1.5735387802124023,0.5974574685096741,-2.6335675716400146,-0.4301566779613495,-0.3004443049430847,-2.4685142040252686,0.31092408299446106,-1.2726595401763916,0.42528530955314636,-0.35322877764701843,2.167585611343384,0.11061056703329086,2.9801547527313232,-0.23684579133987427,1.2200595140457153,1.1596386432647705,5.133193492889404,2.1619691848754883,4.34972620010376,2.1854629516601562,3.8784162998199463,3.8227429389953613,3.9095473289489746,5.701259136199951,4.355728626251221,5.037357330322266
-1.7322113513946533,-0.6532097458839417,-5.929307460784912,-3.6102983951568604,-4.019927501678467,-2.535407066345215,-3.4391777515411377,-2.9491307735443115,-2.441455364227295,-2.4962165355682373,-1.1016110181808472,-1.7519099712371826,-2.824495792388916,-3.4244213104248047,-2.075291633605957,-4.4796061515808105,-1.854923129081726,-1.4159291982650757,-0.3439556360244751,-4.488757610321045,1.5006319284439087,-2.229499101638794,-5.409043312072754,-1.0440741777420044,-0.9691982865333557,-1.125916838645935,-0.08313220739364624,-1.5243710279464722,-1.8957326412200928,-0.9661657810211182,-0.6474967002868652,1.6204074621200562,0.2042998969554901,3.6721770763397217,1.8563350439071655,2.7704455852508545,1.3449095487594604,2.9568700790405273,5.26003360748291,0.6198198795318604,6.03557825088501,3.0902669429779053,4.274074554443359
-3.1251001358032227,-2.5204951763153076,-5.312492847442627,-3.0620932579040527,-3.21980357170105,-2.288334846496582,-3.4000625610351562,-4.761894226074219,-3.2717697620391846,-3.213608503341675,-4.444206237792969,-3.8793511390686035,-3.8575801849365234,-4.051993370056152,-3.3575246334075928,-2.548689126968384,1.1563730239868164,-3.4580371379852295,-3.8691742420196533,-2.6746230125427246,-2.4891550540924072,-5.110010623931885,-5.858852863311768,-1.6608632802963257,0.01599102094769478,-1.6869803667068481,-2.9374279975891113,-4.280323028564453,-3.3582985401153564,-2.345935583114624,-0.10697174072265625,0.21459342539310455,2.2778573036193848,1.2388478517532349,2.443856954574585,0.9611579775810242,3.5605785846710205,-0.26919883489608765,5.230274677276611,1.887451171875,1.1718190908432007,0.8325740694999695,2.3359079360961914
-3.762627124786377,-2.3221306800842285,-3.1710362434387207,-3.472665786743164,-2.2274820804595947,-5.2030439376831055,-4.118167400360107,-6.00601053237915,-5.096171855926514,-4.5346527099609375,-7.872441291809082,-4.658578872680664,-7.043482303619385,-4.13999605178833,-4.937287330627441,-1.9685605764389038,3.1635377407073975,-4.682433128356934,-7.016260147094727,-4.746367931365967,-6.00942850112915,-6.1415629386901855,-3.835761070251465,-1.8902130126953125,0.29530876874923706,-3.0358757972717285,-4.719812393188477,-4.512636661529541,-4.165820121765137,-2.0977416038513184,-0.12052120268344879,0.8031748533248901,1.6114500761032104,1.3478518724441528,1.4417086839675903,1.6810969114303589,5.143527030944824,-4.157763957977295,1.7969529628753662,5.958537578582764,-1.620326042175293,0.9982814788818359,1.1210424900054932
-1.9772757291793823,-1.7556869983673096,-3.961219072341919,-4.639941215515137,-1.8850245475769043,-6.93261194229126,-3.8905580043792725,-8.010735511779785,-4.122791767120361,-5.864482402801514,-8.357259750366211,-7.091833114624023,-6.399446487426758,-5.779948711395264,-5.7929840087890625,-4.497130393981934,-2.383894681930542,-4.499004364013672,-8.497817993164062,-6.964852809906006,-7.842364311218262,-5.144820213317871,-4.732041358947754,-2.751239776611328,-0.7558524012565613,-5.516634464263916,-3.466883659362793,-3.140482187271118,-3.7213332653045654,-0.43596354126930237,1.162690281867981,-1.638458251953125,1.314224362373352,-2.3432021141052246,2.2071571350097656,1.4493577480316162,2.830437660217285,-3.422609329223633,0.17202430963516235,5.006746292114258,0.8235790133476257,1.3737351894378662,0.4094419777393341
-3.6559550762176514,-3.6522884368896484,-3.2535696029663086,-6.64506721496582,-3.368999719619751,-5.927790641784668,-4.282796859741211,-7.079361438751221,-5.046283721923828,-4.931092262268066,-8.907167434692383,-7.216782569885254,-5.690013408660889,-5.787182331085205,-4.492520332336426,-3.9792559146881104,-5.549912452697754,-7.56303596496582,-7.880978107452393,-8.66066837310791,-7.396183490753174,-6.44129753112793,-6.239496231079102,-4.4818010330200195,-3.7154810428619385,-4.6351399421691895,-0.5101107358932495,-3.1631288528442383,-2.879068613052368,-0.5480078458786011,-2.363443613052368,-5.3220014572143555,-3.6796658039093018,-5.668056964874268,-0.5076066255569458,-1.4531222581863403,0.9427287578582764,-2.1957995891571045,1.417195200920105,-1.6915220022201538,2.6553783416748047,0.6301989555358887,-2.7288448810577393
-5.2895379066467285,-4.315688610076904,-4.291337013244629,-6.452805042266846,-3.696911334991455,-5.290536403656006,-3.837862491607666,-6.695130348205566,-5.460930347442627,-3.92012882232666,-8.952478408813477,-7.237833023071289,-5.966741561889648,-5.9569783210754395,-4.510741710662842,-3.7310197353363037,-3.236114740371704,-6.914053440093994,-7.326153755187988,-8.236279487609863,-7.9634575843811035,-9.62228012084961,-7.510904788970947,-4.9110846519470215,-3.7424139976501465,-2.1396071910858154,-0.714204728603363,-5.319886207580566,-3.2972090244293213,-6.326985836029053,-8.400609970092773,-6.191473484039307,-10.349876403808594,-6.37208890914917,-4.321743011474609,-1.7813555002212524,-1.1515913009643555,-2.3033196926116943,-1.0348455905914307,-3.347712993621826,2.2155091762542725,-1.9679251909255981,-0.7904646396636963
-2.6448612213134766,-4.412993907928467,-4.82364559173584,-6.076742172241211,-5.4025068283081055,-5.4389448165893555,-3.621950149536133,-5.902540683746338,-4.582637786865234,-1.6629475355148315,-9.323915481567383,-7.040816307067871,-7.695882320404053,-6.3139824867248535,-4.329363822937012,-5.097266674041748,-6.7447028160095215,-7.116967678070068,-10.14420223236084,-8.421304702758789,-9.361964225769043,-8.216697692871094,-5.600659370422363,-2.8359622955322266,-1.0788187980651855,-1.3890292644500732,-5.2032318115234375,-1.2405757904052734,-7.185014724731445,-7.274379730224609,-9.163830757141113,-5.902416706085205,-10.483710289001465,-8.216629028320312,-5.234577655792236,-1.7861155271530151,-3.4148552417755127,-4.235001087188721,-2.5513904094696045,0.32759803533554077,-2.1653358936309814,-0.26291099190711975,-1.3048810958862305
-4.836533546447754,-5.497783660888672,-7.02015495300293,-6.967919826507568,-7.005142688751221,-5.511013031005859,-6.291110992431641,-6.425375461578369,-5.061677932739258,-2.185380697250366,-5.675023078918457,-7.2949113845825195,-10.745471954345703,-8.43362808227539,-5.568587303161621,-4.751664161682129,-5.3543009757995605,-10.930014610290527,-10.717697143554688,-8.955878257751465,-6.123282432556152,-6.164427280426025,-3.157362699508667,-2.5355820655822754,-1.9050836563110352,-5.202517032623291,-4.181535243988037,-2.5076351165771484,-2.2689285278320312,-10.26973819732666,-10.110458374023438,-6.872939109802246,-8.180997848510742,-7.750820159912109,-6.039453506469727,-3.353766918182373,-5.5283989906311035,-5.364621639251709,-2.5793981552124023,-0.6801456212997437,-4.53305721282959,-0.6060068011283875,-1.8597333431243896
-10.298417091369629,-7.397314548492432,-7.90753698348999,-8.818824768066406,-8.320585250854492,-6.439965724945068,-7.366927146911621,-7.157374382019043,-4.075847148895264,-3.39219331741333,-7.042381763458252,-9.65922737121582,-12.172340393066406,-10.930088996887207,-5.792079448699951,-4.239048957824707,-7.153366565704346,-7.880889892578125,-10.25363540649414,-8.812640190124512,-4.270549774169922,-4.780332565307617,-1.8191428184509277,-0.5275166034698486,-9.36230182647705,-6.853779315948486,0.4126787781715393,-6.543527603149414,-5.205181121826172,-7.501043796539307,-8.676855087280273,-7.663097381591797,-6.765214920043945,-8.016297340393066,-7.893490314483643,-5.898260593414307,-4.779174327850342,-4.802463054656982,-3.9722917079925537,-2.609189033508301,-4.077083587646484,-2.3213207721710205,-1.9038172960281372
