data/wind_data/wind_54_8.json
{"header": {"parameterUnit": "KT", "parameterCategory": 2, "nx": 256, "ny": 198, "lo1": 44.73521041870117, "la1": -3.236724853515625, "lo2": 111.26478576660156, "la2": 43.468475341796875, "dx": 0.2609002888202667, "dy": -0.23708222806453705, "refTime": "2025-02-21 06:00:00", "forecastTime": 0, "parameterNumber": 2, "parameterNumberName": "eastward_wind"}, "data":
[rows 95 to 113 of 198, columns 132 to 175 of 256]
43.53422164916992,43.58016586303711,42.978240966796875,42.429141998291016,39.71343231201172,34.48652267456055,30.162433624267578,29.011390686035156,30.494098663330078,32.38091278076172,32.83449935913086,32.09258270263672,31.87889862060547,33.2408561706543,35.52168273925781,37.962223052978516,40.31708908081055,42.00887680053711,41.94432067871094,40.10430908203125,38.048946380615234,36.850868225097656,36.20006561279297,35.544612884521484,34.9241828918457,34.79856872558594,35.2115364074707,35.67741012573242,36.72052764892578,38.855220794677734,40.91643524169922,41.36438751220703,39.95539855957031,37.62545394897461,35.6848030090332,35.21184158325195,36.4705924987793,38.11244583129883,38.142276763916016,36.95689010620117,36.465240478515625,37.025238037109375,37.732975006103516,37.97649002075195
43.49553298950195,44.661312103271484,43.749027252197266,43.33134078979492,42.84671401977539,40.46236038208008,36.491661071777344,33.382408142089844,32.625831604003906,33.61013412475586,34.419410705566406,33.901058197021484,32.948368072509766,33.10370635986328,34.529239654541016,36.4427490234375,38.48699188232422,40.42243957519531,41.3335075378418,40.73807907104492,39.440799713134766,38.586936950683594,38.242889404296875,37.87874221801758,37.335166931152344,36.908660888671875,36.56146240234375,36.24582290649414,36.879024505615234,38.94961929321289,41.2568244934082,42.38331604003906,41.85118865966797,40.127471923828125,38.28696060180664,37.499786376953125,38.388553619384766,39.948158264160156,39.9273796081543,38.289466857910156,37.151676177978516,37.42350387573242,38.27475357055664,38.610103607177734
41.80534744262695,44.50614929199219,44.248897552490234,43.44166946411133,43.459041595458984,43.14973831176758,41.28206253051758,38.258056640625,36.067256927490234,35.70810317993164,36.170413970947266,36.068016052246094,35.259864807128906,34.77105712890625,35.21036148071289,36.09572982788086,37.22062683105469,38.78955078125,40.36048126220703,40.8471794128418,40.314781188964844,39.867462158203125,39.813499450683594,39.781185150146484,39.64133071899414,39.40098571777344,38.9666748046875,38.25801467895508,37.85593795776367,38.68366241455078,40.61471939086914,42.51484298706055,43.275482177734375,42.6400260925293,41.2587890625,40.21829605102539,40.67856216430664,42.306514739990234,42.710411071777344,41.01320266723633,39.1468391418457,38.625274658203125,39.03340148925781,39.28901672363281
39.798126220703125,43.079505920410156,43.86375045776367,43.2296142578125,43.05284881591797,43.43785858154297,43.20442199707031,41.50100326538086,39.196083068847656,37.827598571777344,37.74372863769531,38.104827880859375,38.04731369018555,37.6771125793457,37.59672927856445,37.71942901611328,37.768959045410156,38.120601654052734,39.12811279296875,40.16131591796875,40.60649108886719,40.60980224609375,40.56496810913086,40.74565124511719,41.12955856323242,41.31711196899414,41.15385818481445,40.725345611572266,40.10772705078125,39.929195404052734,40.92304611206055,42.61760330200195,43.7928352355957,43.90711975097656,43.10100555419922,42.1613655090332,42.49226379394531,44.397605895996094,45.7417106628418,44.63175964355469,42.40482711791992,41.08433151245117,40.73276901245117,40.4064826965332
38.7740592956543,41.64970779418945,43.077476501464844,42.80924987792969,42.48998260498047,42.692359924316406,42.895198822021484,42.424312591552734,41.066749572753906,39.493927001953125,38.71105194091797,38.99949645996094,39.70471954345703,40.008331298828125,39.85462188720703,39.58484649658203,39.29047775268555,38.979225158691406,38.847503662109375,39.210845947265625,40.050743103027344,40.84255599975586,41.18715286254883,41.430362701416016,41.917938232421875,42.4809455871582,42.86806869506836,42.863014221191406,42.35739517211914,41.954620361328125,42.47045135498047,43.64170455932617,44.39458465576172,44.30963897705078,43.7435302734375,43.21152114868164,43.613372802734375,45.691688537597656,48.10340881347656,48.278812408447266,46.323848724365234,44.490901947021484,43.49516296386719,42.594947814941406
38.4472541809082,40.318904876708984,41.98583984375,42.350975036621094,42.17094039916992,42.10448455810547,41.955833435058594,41.703773498535156,41.297428131103516,40.48649215698242,39.49009323120117,39.01544189453125,39.586097717285156,40.57559585571289,40.76131820678711,40.180747985839844,39.60538864135742,39.289859771728516,38.95509338378906,38.753292083740234,39.349609375,40.686927795410156,41.789794921875,42.219024658203125,42.539730072021484,43.15778350830078,43.94314956665039,44.490333557128906,44.36451721191406,43.89531707763672,44.02586364746094,44.8565559387207,45.392906188964844,45.06925964355469,44.3441047668457,43.82766342163086,44.1286735534668,46.13136291503906,49.26276779174805,50.96879959106445,49.8988151550293,47.800899505615234,46.250308990478516,45.061851501464844
38.633365631103516,39.37028121948242,40.64175033569336,41.52728271484375,41.807064056396484,41.815185546875,41.573509216308594,41.26541519165039,41.166690826416016,40.92304229736328,40.248268127441406,39.57150650024414,39.7202262878418,40.533958435058594,40.82763671875,40.17943572998047,39.26946258544922,38.68103790283203,38.279117584228516,38.0138053894043,38.49019241333008,40.03274917602539,41.830623626708984,42.90553665161133,43.37252426147461,43.78604507446289,44.450557708740234,45.29479217529297,45.7333984375,45.59641647338867,45.64434051513672,46.278465270996094,46.74522399902344,46.347991943359375,45.48372268676758,44.82750701904297,44.88199996948242,46.43265151977539,49.51742172241211,52.12921142578125,52.06699752807617,50.06689453125,48.179908752441406,46.95951843261719
39.23041534423828,39.37223815917969,39.9340934753418,40.71390151977539,41.388832092285156,41.84626770019531,42.1023063659668,42.20563888549805,42.12992858886719,41.69166564941406,40.98676681518555,40.4216194152832,40.39497756958008,40.78486633300781,40.892242431640625,40.31096649169922,39.35430908203125,38.52350997924805,37.996498107910156,37.794822692871094,38.217384338378906,39.61830520629883,41.679439544677734,43.518978118896484,44.65145492553711,45.18531799316406,45.422698974609375,45.78441619873047,46.30672073364258,46.68482208251953,47.044315338134766,47.66615676879883,48.20616149902344,48.03842544555664,47.254295349121094,46.48248291015625,46.318058013916016,47.379432678222656,49.83513259887695,52.297542572021484,52.831932067871094,51.353763580322266,49.570980072021484,48.4028434753418
39.47943115234375,39.59325408935547,39.932823181152344,40.404144287109375,41.11807632446289,42.110111236572266,43.196285247802734,44.07304000854492,44.01972579956055,42.934104919433594,41.585968017578125,40.691837310791016,40.517208099365234,40.89715576171875,41.13982391357422,40.664833068847656,39.812232971191406,39.1622200012207,38.82490158081055,38.704471588134766,39.078617095947266,40.32126235961914,42.26362228393555,44.31658172607422,45.86508560180664,46.6753044128418,46.87575149536133,46.89664840698242,47.040733337402344,47.221336364746094,47.50532150268555,48.192745208740234,49.08591079711914,49.4894905090332,49.13279342651367,48.49483871459961,48.31751251220703,49.13089370727539,50.88752746582031,52.610931396484375,53.08228302001953,52.10618591308594,50.71232223510742,49.776885986328125
38.86581802368164,39.06743240356445,39.83103561401367,40.48775863647461,41.168731689453125,42.4410514831543,44.193763732910156,45.76655578613281,45.80146408081055,44.18409729003906,42.12111282348633,40.727664947509766,40.40151596069336,40.83979034423828,41.194114685058594,40.92277908325195,40.36692810058594,40.00983810424805,39.92662811279297,39.886329650878906,40.097171783447266,41.13950729370117,42.97635269165039,44.9705810546875,46.6212158203125,47.67379379272461,48.12797164916992,48.23104476928711,48.171607971191406,47.963951110839844,47.810829162597656,48.18915939331055,49.24690628051758,50.38762664794922,50.839263916015625,50.631385803222656,50.51719665527344,51.127498626708984,52.40980529785156,53.64178466796875,54.02904510498047,53.37921905517578,52.191837310791016,51.12146759033203
38.58769989013672,38.25426483154297,39.238040924072266,40.57683181762695,41.66709899902344,43.049007415771484,44.972259521484375,46.80610275268555,47.07759475708008,45.40968704223633,42.909515380859375,41.15937805175781,40.75901794433594,41.129146575927734,41.34616470336914,41.07966995239258,40.66473388671875,40.45051193237305,40.51287841796875,40.55142593383789,40.51711654663086,41.04328536987305,42.602317810058594,44.779090881347656,46.86186981201172,48.35063934326172,49.1094856262207,49.406375885009766,49.4891357421875,49.36012649536133,49.055233001708984,49.06610870361328,49.83013916015625,51.13077163696289,52.195194244384766,52.56032943725586,52.596683502197266,52.961177825927734,53.87821578979492,54.932640075683594,55.4554328918457,55.06003189086914,53.91225051879883,52.608009338378906
40.49687957763672,39.29198455810547,39.441165924072266,40.85648727416992,42.37576675415039,43.87049865722656,45.54815673828125,47.04618835449219,47.48455047607422,46.41994857788086,44.29261779785156,42.50739288330078,41.84378433227539,41.87302780151367,41.88187789916992,41.664825439453125,41.43397521972656,41.32255554199219,41.34395217895508,41.2243766784668,40.82816696166992,40.75789260864258,41.73815155029297,43.81896209716797,46.39897155761719,48.580467224121094,49.79730987548828,50.3364372253418,50.733219146728516,51.07408905029297,51.219390869140625,51.34738540649414,51.70690155029297,52.36372375488281,53.106998443603516,53.671634674072266,54.10175704956055,54.62024688720703,55.348018646240234,56.18757247924805,56.74602508544922,56.5284538269043,55.43040084838867,53.916255950927734
43.919090270996094,42.81279754638672,41.852203369140625,42.18523406982422,43.30311965942383,44.42234802246094,45.41741943359375,46.16508483886719,46.430335998535156,46.04743576049805,44.9473876953125,43.725582122802734,42.96623992919922,42.57183837890625,42.332252502441406,42.35408020019531,42.7175178527832,43.07375717163086,42.984901428222656,42.43228530883789,41.80187225341797,41.59510040283203,42.20848083496094,43.787513732910156,46.0519905090332,48.271026611328125,49.83491897583008,50.880680084228516,51.80015563964844,52.66780471801758,53.3739128112793,53.89463806152344,54.05699157714844,53.92549133300781,53.839271545410156,54.15748596191406,54.947845458984375,55.95762634277344,56.836708068847656,57.47984313964844,57.8240966796875,57.60765838623047,56.65928649902344,55.19442367553711
46.07832717895508,46.16382598876953,45.25178909301758,44.577457427978516,44.750823974609375,45.22491455078125,45.432926177978516,45.289730072021484,45.02943420410156,44.810218811035156,44.48305130004883,43.98499298095703,43.573944091796875,43.29600143432617,43.115692138671875,43.3365364074707,44.122413635253906,44.94123458862305,44.96736145019531,43.95677185058594,42.939693450927734,42.84831237792969,43.71711730957031,45.13478469848633,46.75458908081055,48.325347900390625,49.66958999633789,50.95185470581055,52.3448600769043,53.638458251953125,54.63232421875,55.363285064697266,55.71159744262695,55.511688232421875,55.00273132324219,54.81965255737305,55.42155838012695,56.56279754638672,57.58596420288086,58.14297103881836,58.24882125854492,58.00349044799805,57.44379425048828,56.55106735229492
46.0788459777832,47.152801513671875,47.12065124511719,46.37718200683594,46.169105529785156,46.4854621887207,46.43406295776367,45.58928298950195,44.56386947631836,43.95992660522461,43.71115493774414,43.707881927490234,43.913055419921875,44.18525695800781,44.402645111083984,44.73687744140625,45.479347229003906,46.3277473449707,46.48954391479492,45.63843536376953,44.44967269897461,44.07872009277344,44.91979217529297,46.42518615722656,47.93564987182617,49.20020294189453,50.25893020629883,51.376346588134766,52.752349853515625,54.03117752075195,54.745704650878906,55.15835952758789,55.715938568115234,56.30671310424805,56.34538650512695,55.969669342041016,56.033119201660156,56.71883773803711,57.39327621459961,57.6260986328125,57.55411911010742,57.45751190185547,57.42669677734375,57.35807800292969
44.67283630371094,46.03209686279297,46.762977600097656,46.593963623046875,46.554256439208984,47.04691696166992,47.266632080078125,46.471771240234375,45.14539337158203,44.1085205078125,43.543216705322266,43.49706268310547,44.04164505004883,45.04657745361328,45.99727249145508,46.47060012817383,46.76816940307617,47.170345306396484,47.406463623046875,47.19029235839844,46.699012756347656,46.35401153564453,46.5401496887207,47.38691711425781,48.677467346191406,50.05384063720703,51.257930755615234,52.279178619384766,53.27384948730469,54.0463981628418,54.16747283935547,53.96471405029297,54.29448699951172,55.41499710083008,56.4190788269043,56.58732604980469,56.4483642578125,56.63916015625,56.94166946411133,56.89419174194336,56.550689697265625,56.36271286010742,56.53237533569336,56.9520149230957
42.4291877746582,43.44618606567383,44.5181770324707,45.30577087402344,45.95118713378906,46.65380096435547,47.146644592285156,46.89160919189453,46.019195556640625,45.09896469116211,44.269866943359375,43.83760452270508,44.31895065307617,45.79104995727539,47.418556213378906,48.25830078125,48.314048767089844,48.23860549926758,48.446964263916016,48.883724212646484,49.2952880859375,49.438499450683594,49.2510986328125,48.98487091064453,49.09088897705078,49.89044189453125,51.07386779785156,52.02248001098633,52.543296813964844,52.877803802490234,52.89488983154297,52.57863235473633,52.70271682739258,53.70551681518555,55.0191535949707,55.88566589355469,56.27056121826172,56.61528396606445,57.021053314208984,57.19057846069336,56.91726303100586,56.32050323486328,55.74861145019531,55.64598846435547
39.665733337402344,40.17092514038086,41.249027252197266,42.73016357421875,44.29287338256836,45.64350509643555,46.60615539550781,47.242767333984375,47.485755920410156,47.052494049072266,45.88102340698242,44.90256881713867,45.12248611450195,46.55868911743164,48.296173095703125,49.40970993041992,49.73439025878906,49.817787170410156,50.1961669921875,50.87575149536133,51.622989654541016,52.14134216308594,52.003326416015625,50.95713806152344,49.63447570800781,49.004146575927734,49.235958099365234,49.70992660522461,49.98444747924805,50.54414749145508,51.51506042480469,52.14820098876953,52.33769607543945,52.55159378051758,53.00730514526367,53.72932052612305,54.62978744506836,55.65650177001953,56.735374450683594,57.61946487426758,57.996761322021484,57.506168365478516,56.33043670654297,55.2653694152832
36.86398696899414,37.461727142333984,38.57691192626953,40.12535858154297,42.136695861816406,44.41791534423828,46.27553939819336,47.665504455566406,48.74517822265625,48.997398376464844,48.184051513671875,47.226776123046875,47.05758285522461,47.72399139404297,48.772979736328125,49.761783599853516,50.53812026977539,51.279380798339844,52.05723190307617,52.697628021240234,53.13452911376953,53.419708251953125,53.20443344116211,52.05705261230469,50.37472152709961,48.98469161987305,48.1611328125,47.812461853027344,48.149513244628906,49.394901275634766,51.0899658203125,52.167598724365234,52.16334533691406,51.54170608520508,50.98351287841797,51.02403259277344,51.764808654785156,53.082820892333984,54.70737075805664,56.359413146972656,57.7099723815918,58.24169921875,57.766326904296875,56.65423583984375
