data/wind_data/wind_25_3.json
{"header": {"parameterUnit": "KT", "parameterCategory": 2, "nx": 256, "ny": 198, "lo1": 44.73521041870117, "la1": -3.236724853515625, "lo2": 111.26478576660156, "la2": 43.468475341796875, "dx": 0.2609002888202667, "dy": -0.23708222806453705, "refTime": "2025-02-20 01:00:00", "forecastTime": 0, "parameterNumber": 2, "parameterNumberName": "eastward_wind"}, "data":
[rows 152 to 170 of 198, columns 44 to 87 of 256]
5.601709365844727,6.842309474945068,7.576132297515869,7.693118572235107,8.162784576416016,8.484853744506836,8.373950958251953,8.719606399536133,8.757819175720215,7.9556660652160645,6.222006797790527,5.376415729522705,5.000863552093506,4.9254279136657715,5.240818023681641,5.5997748374938965,5.787924766540527,6.5086798667907715,5.424170017242432,4.269063949584961,3.54242205619812,3.5291666984558105,3.5503737926483154,3.466273546218872,4.590916633605957,6.5380167961120605,7.703057765960693,8.387240409851074,9.803725242614746,11.570587158203125,13.054670333862305,13.995806694030762,13.960768699645996,12.974644660949707,12.353593826293945,12.261306762695312,12.641640663146973,10.896249771118164,7.7948174476623535,7.0068159103393555,9.132233619689941,10.557430267333984,8.526634216308594,10.036645889282227
5.9263105392456055,6.785421371459961,7.256807804107666,7.990187644958496,9.266780853271484,9.365004539489746,8.565402030944824,8.127317428588867,7.580847263336182,6.04876184463501,4.88060188293457,4.317538738250732,3.7806148529052734,3.861405611038208,5.276292324066162,7.299614906311035,7.82621955871582,7.52854061126709,4.518459796905518,2.8959505558013916,2.140272617340088,2.895082950592041,4.317721366882324,5.406628608703613,6.119752883911133,6.9563374519348145,7.60510778427124,8.145201683044434,9.143704414367676,10.460522651672363,12.106718063354492,13.52298641204834,13.326587677001953,11.470341682434082,10.248863220214844,10.162178993225098,10.620353698730469,9.034442901611328,7.905993938446045,7.959083557128906,8.133989334106445,7.847774505615234,9.31611442565918,10.966588973999023
6.458327293395996,7.45123291015625,8.046034812927246,8.995931625366211,10.339682579040527,10.159988403320312,8.914143562316895,7.29095983505249,6.312648296356201,5.65091609954834,4.994570255279541,4.390895366668701,3.8183717727661133,4.006834983825684,6.706465244293213,8.413654327392578,8.89514446258545,6.737241268157959,2.640629768371582,1.4257986545562744,1.8440638780593872,3.460232734680176,4.8903303146362305,5.390990734100342,5.488406658172607,5.731517791748047,6.183750629425049,6.794551372528076,7.552166938781738,8.497450828552246,9.843618392944336,11.199064254760742,11.546492576599121,10.937688827514648,10.040716171264648,9.832456588745117,9.595986366271973,9.423409461975098,9.833549499511719,8.211655616760254,5.817030429840088,4.49067497253418,5.248967170715332,7.653633117675781
7.268773555755615,8.400278091430664,9.188470840454102,10.055914878845215,10.975594520568848,10.99978256225586,9.847005844116211,7.96281623840332,6.863166809082031,6.543671607971191,6.083652019500732,5.756467342376709,5.244950771331787,5.656881332397461,8.838522911071777,9.69707202911377,9.51869010925293,5.541372776031494,2.0726704597473145,1.186341404914856,1.7858186960220337,3.103111982345581,3.820939540863037,3.7539260387420654,3.7744228839874268,4.1238932609558105,4.501846790313721,4.8131818771362305,5.279236316680908,5.918487071990967,6.451646327972412,7.363603591918945,8.277106285095215,9.138373374938965,9.24295711517334,9.343551635742188,9.284991264343262,10.39177131652832,10.258814811706543,7.692989349365234,5.724069595336914,5.821371555328369,2.8886051177978516,0.8903210163116455
8.2296724319458,8.90588665008545,9.83814811706543,11.126473426818848,11.94391918182373,11.738604545593262,10.754186630249023,9.407008171081543,8.58753776550293,8.668633460998535,8.78569507598877,8.577852249145508,7.46162748336792,8.141168594360352,10.267277717590332,10.827960968017578,9.544778823852539,5.205319404602051,2.877628803253174,1.937989592552185,1.9232511520385742,2.7080516815185547,2.966822862625122,2.588545560836792,2.5261783599853516,2.827030897140503,3.0128326416015625,3.3095498085021973,4.45468282699585,6.028034210205078,7.087899684906006,7.507541656494141,7.416945457458496,7.786302089691162,8.516196250915527,9.014932632446289,9.651530265808105,10.022802352905273,9.176597595214844,6.852839946746826,5.6168975830078125,5.466588497161865,1.522499442100525,-2.5668952465057373
9.129158020019531,9.060741424560547,10.082874298095703,11.527256965637207,12.379772186279297,12.532780647277832,12.162847518920898,11.58197021484375,11.573436737060547,12.231317520141602,12.6396484375,11.350409507751465,9.257186889648438,10.22639274597168,11.332459449768066,11.314950942993164,8.837628364562988,6.377768516540527,4.8596882820129395,3.0452029705047607,2.4130046367645264,2.507220506668091,2.5489158630371094,2.4639573097229004,2.410733222961426,2.3898565769195557,2.6320619583129883,2.962536573410034,4.056861400604248,5.928195476531982,7.654515743255615,8.869941711425781,8.880547523498535,8.207009315490723,8.085702896118164,8.204874992370605,8.593377113342285,8.905108451843262,8.691080093383789,6.9878997802734375,5.11700439453125,4.383559703826904,2.3986127376556396,-0.591562807559967
10.89320182800293,9.580901145935059,9.65662956237793,10.584835052490234,12.045333862304688,13.072975158691406,12.987255096435547,12.818845748901367,13.649052619934082,14.461468696594238,13.684840202331543,11.24308967590332,10.111518859863281,11.829150199890137,11.9815673828125,10.341753959655762,8.720192909240723,7.647878170013428,5.499617576599121,3.938145399093628,3.1764142513275146,2.685783863067627,2.456881284713745,2.507887601852417,2.4378418922424316,2.1584692001342773,1.9217793941497803,1.5374232530593872,2.018857479095459,3.3529791831970215,4.629812717437744,5.746288299560547,6.41416072845459,6.281586647033691,5.993302345275879,6.200233459472656,7.069253921508789,7.580387592315674,7.374528408050537,6.469055652618408,4.923060417175293,4.167616844177246,3.2034897804260254,1.2027724981307983
12.194121360778809,10.203812599182129,9.840811729431152,10.256056785583496,11.580068588256836,12.73601245880127,12.542425155639648,13.194723129272461,14.545477867126465,14.310094833374023,12.331079483032227,10.225473403930664,10.559793472290039,12.192849159240723,10.477829933166504,8.327803611755371,7.585495471954346,6.16813850402832,4.380975723266602,4.232262134552002,3.7765696048736572,2.999866008758545,2.5002686977386475,2.3967790603637695,2.2421371936798096,1.9017277956008911,1.641605019569397,1.4090569019317627,1.4319846630096436,1.5138670206069946,1.6888049840927124,1.9888523817062378,2.309190273284912,2.933253049850464,3.6935486793518066,4.50417423248291,5.748708724975586,6.257851600646973,5.466725826263428,4.699686527252197,4.673757553100586,5.158192157745361,4.946866989135742,2.804187297821045
12.391441345214844,11.137967109680176,11.148873329162598,11.198402404785156,11.423641204833984,11.772043228149414,12.593350410461426,14.328967094421387,15.188788414001465,13.198966026306152,10.616974830627441,9.699603080749512,11.565291404724121,11.941426277160645,8.100038528442383,6.490316867828369,6.2668352127075195,5.071863651275635,4.50507116317749,4.801762104034424,4.230559349060059,3.001359701156616,2.2647368907928467,2.0993733406066895,1.7827469110488892,1.6010065078735352,1.9668550491333008,2.3609325885772705,2.469703435897827,1.9898439645767212,1.5919160842895508,1.4417563676834106,1.4665429592132568,1.9461569786071777,2.651930570602417,3.395035982131958,4.221294403076172,4.846405982971191,4.896869659423828,5.363742828369141,6.221491813659668,7.41123104095459,7.639288425445557,4.593729019165039
13.710343360900879,13.06725788116455,13.234732627868652,13.748597145080566,13.86192512512207,13.22680950164795,13.368508338928223,14.538772583007812,14.854068756103516,12.988906860351562,11.542900085449219,11.639226913452148,14.057263374328613,10.846182823181152,7.557442665100098,7.9060163497924805,7.626524448394775,5.9327545166015625,5.127514362335205,5.313469409942627,4.604435443878174,3.1195855140686035,2.1890313625335693,1.831368327140808,1.307504653930664,1.3343446254730225,2.2937228679656982,3.1261608600616455,3.079465389251709,2.5604472160339355,2.3416852951049805,2.189378261566162,2.3284189701080322,2.730628728866577,3.2065999507904053,3.671416997909546,4.1177215576171875,4.265653133392334,4.703239440917969,5.963870525360107,7.674476146697998,9.377815246582031,7.838250160217285,3.2139225006103516
15.24022388458252,14.524625778198242,14.653363227844238,14.839882850646973,14.347020149230957,13.471027374267578,13.37274169921875,14.783791542053223,15.104782104492188,13.531962394714355,12.366142272949219,14.223737716674805,13.270275115966797,9.885104179382324,9.843378067016602,10.056524276733398,7.69459342956543,5.837121963500977,5.340854644775391,5.683359622955322,4.875675201416016,3.545438289642334,2.523653745651245,1.6562540531158447,0.960071861743927,1.1422775983810425,2.293658971786499,3.100201368331909,2.9607999324798584,2.4949629306793213,2.5375094413757324,2.818732976913452,3.086252450942993,3.547139883041382,4.0111165046691895,4.415165901184082,4.96780252456665,5.592016220092773,6.162712097167969,7.369199752807617,9.140788078308105,10.92331600189209,8.743169784545898,3.886481761932373
17.497846603393555,16.117530822753906,15.085017204284668,14.25883960723877,12.426998138427734,12.73675537109375,14.357951164245605,15.239163398742676,14.246508598327637,12.50236988067627,13.046183586120605,14.39852237701416,12.39891242980957,12.277311325073242,12.73985481262207,9.103019714355469,6.442626953125,5.495224475860596,5.418545722961426,5.792411804199219,4.890391826629639,3.795661687850952,2.8095948696136475,1.6220418214797974,0.8938402533531189,1.113553762435913,2.1334896087646484,2.7603392601013184,2.580035448074341,2.2790591716766357,2.3400094509124756,2.8296310901641846,3.428583860397339,4.126317024230957,4.801607131958008,5.192605495452881,5.734381198883057,6.657843112945557,7.71831750869751,8.819823265075684,10.238987922668457,12.407532691955566,13.149212837219238,10.762974739074707
17.192298889160156,16.40643310546875,16.02533721923828,15.000246047973633,14.15437126159668,14.963865280151367,16.03430938720703,15.091964721679688,12.371318817138672,11.690699577331543,13.860139846801758,14.100663185119629,14.208824157714844,15.197850227355957,10.998480796813965,5.849417686462402,5.8814544677734375,5.982353687286377,6.1740264892578125,6.020047664642334,4.875203609466553,3.8670475482940674,2.921780824661255,1.8824595212936401,1.3994930982589722,1.5368667840957642,2.231527090072632,2.6070423126220703,2.3401546478271484,2.075416088104248,2.2205100059509277,2.830842971801758,3.7575454711914062,4.7006330490112305,5.475636005401611,5.822874546051025,6.097168445587158,6.89035177230835,8.349895477294922,9.983487129211426,11.565176010131836,12.342439651489258,14.446402549743652,16.693838119506836
17.1495304107666,17.02130889892578,17.068519592285156,16.556947708129883,15.826252937316895,15.579598426818848,14.453371047973633,12.469106674194336,10.610074043273926,13.076238632202148,13.612202644348145,13.360690116882324,15.48385238647461,12.821501731872559,7.052899360656738,5.268589019775391,5.585691928863525,6.076265811920166,6.345062732696533,5.946257591247559,4.761688232421875,3.7488064765930176,2.7756290435791016,2.2568929195404053,2.2350728511810303,2.4073259830474854,2.802121877670288,2.819387435913086,2.3097925186157227,2.009507417678833,2.4172348976135254,3.3668830394744873,4.423194885253906,5.408822059631348,6.283108234405518,6.755097389221191,6.669539928436279,6.90993070602417,8.10186767578125,9.760393142700195,11.345216751098633,10.375141143798828,12.341255187988281,14.537337303161621
16.52947235107422,17.04315757751465,16.593442916870117,15.912038803100586,14.418181419372559,12.380814552307129,10.120623588562012,9.931848526000977,12.774308204650879,13.474187850952148,12.515865325927734,12.928044319152832,13.216612815856934,7.7507643699646,4.755815029144287,5.121086120605469,5.81709623336792,6.200603008270264,6.240321159362793,5.632782936096191,4.529228210449219,3.605130434036255,2.7707138061523438,2.717362403869629,2.9162933826446533,3.2064034938812256,3.464566946029663,3.191584348678589,2.6717886924743652,2.5845463275909424,3.175067901611328,4.192684173583984,5.209218502044678,6.078887939453125,6.904988765716553,7.686957836151123,7.545663356781006,7.373358726501465,7.933576583862305,8.683778762817383,9.211350440979004,6.963217735290527,12.858441352844238,12.998751640319824
13.814773559570312,10.18930721282959,6.503074645996094,5.447248935699463,6.040995121002197,7.210962295532227,9.177023887634277,12.815000534057617,13.358080863952637,12.548050880432129,12.5084228515625,12.695773124694824,8.778568267822266,5.100059986114502,4.670468330383301,5.46842622756958,6.005285263061523,6.1462273597717285,5.903511047363281,5.128047466278076,4.3076252937316895,3.69105863571167,3.215763807296753,3.2244842052459717,3.3110275268554688,3.558772087097168,3.6862895488739014,3.439096689224243,3.361698865890503,3.6941044330596924,4.280283451080322,4.978634834289551,5.692312717437744,6.358257293701172,7.077250957489014,8.078575134277344,8.267866134643555,8.24346923828125,7.73939847946167,5.893335342407227,3.8105006217956543,3.483553886413574,14.521397590637207,12.638313293457031
8.376951217651367,3.865921974182129,4.905403137207031,4.977858543395996,3.850557804107666,7.4501214027404785,12.457928657531738,13.029237747192383,11.232088088989258,11.437536239624023,12.006295204162598,9.423776626586914,6.100152969360352,4.8527045249938965,4.7942891120910645,5.292622089385986,5.752516269683838,5.896885871887207,5.440714359283447,4.7063140869140625,4.34375,4.074235439300537,3.8124146461486816,3.573873996734619,3.4638142585754395,3.607761859893799,3.6600301265716553,3.6653571128845215,4.077176570892334,4.748483180999756,5.2629804611206055,5.578261852264404,5.906883239746094,6.389551639556885,7.075429439544678,8.098701477050781,8.47782039642334,8.380056381225586,6.403470516204834,2.3507657051086426,-0.8689416646957397,1.6027263402938843,11.811054229736328,11.930060386657715
5.395034313201904,1.432316541671753,2.3755271434783936,6.696621894836426,10.043572425842285,11.893492698669434,10.786337852478027,6.559261798858643,10.159208297729492,9.3388090133667,8.841073036193848,7.372935771942139,6.506617069244385,5.582321643829346,4.923941135406494,5.097193717956543,5.506347179412842,5.573928356170654,5.057967662811279,4.676887035369873,4.692624568939209,4.570293426513672,4.225474834442139,3.7561841011047363,3.6245172023773193,3.7530572414398193,3.7950243949890137,3.9656269550323486,4.517967700958252,5.230703353881836,5.721195220947266,5.8771514892578125,6.0429792404174805,6.509150981903076,7.183399200439453,8.019048690795898,8.389616966247559,7.710069179534912,5.549257278442383,2.3478200435638428,1.4805865287780762,5.631019115447998,9.932077407836914,7.900639057159424
7.943335056304932,6.875221252441406,8.273455619812012,12.372544288635254,13.214640617370605,7.320807456970215,4.2455668449401855,7.039586067199707,7.31039571762085,6.573397159576416,7.10068416595459,7.667387962341309,7.2667083740234375,6.078035354614258,5.3480143547058105,5.31028938293457,5.515014171600342,5.395676612854004,5.071042060852051,5.1305155754089355,5.246150970458984,5.035533905029297,4.462289810180664,3.9253885746002197,3.9396705627441406,4.170383453369141,4.2222819328308105,4.284170150756836,4.576735973358154,5.077042579650879,5.558595180511475,5.841662883758545,6.085475921630859,6.534739971160889,7.110104560852051,7.72648286819458,8.061845779418945,7.188913822174072,5.589893817901611,3.0650734901428223,0.38401633501052856,3.592796564102173,6.995142459869385,4.038390159606934
