data/wind_data/wind_36_8.json
{"header": {"parameterUnit": "KT", "parameterCategory": 2, "nx": 256, "ny": 198, "lo1": 44.73521041870117, "la1": -3.236724853515625, "lo2": 111.26478576660156, "la2": 43.468475341796875, "dx": 0.2609002888202667, "dy": -0.23708222806453705, "refTime": "2025-02-20 12:00:00", "forecastTime": 0, "parameterNumber": 2, "parameterNumberName": "eastward_wind"}, "data":
[rows 19 to 37 of 198, columns 176 to 219 of 256]
0.5454946160316467,0.4377274215221405,1.3339923620224,3.3453166484832764,4.201918125152588,3.591489791870117,2.1923274993896484,1.738905668258667,3.085681676864624,4.250370025634766,3.1880617141723633,2.3663783073425293,3.114008665084839,4.011548042297363,4.388444423675537,4.474904537200928,4.030970096588135,3.6538267135620117,3.777339220046997,4.371499061584473,5.514970302581787,6.435815334320068,6.597833633422852,6.4781107902526855,6.321130752563477,5.78139066696167,5.019325256347656,4.650188446044922,4.590088367462158,4.436974048614502,5.17488431930542,5.470589637756348,4.526628017425537,4.0165276527404785,3.818124771118164,2.7181999683380127,1.0329875946044922,-0.3162589371204376,-1.1877703666687012,-1.815667986869812,-0.8801938891410828,1.2223217487335205,3.1572537422180176,3.2699718475341797
1.157006859779358,1.6694152355194092,2.24904203414917,3.6299455165863037,5.204495906829834,6.008577823638916,4.8837456703186035,3.686379909515381,4.536497116088867,5.860988140106201,6.095882892608643,5.59857177734375,5.42002010345459,5.4903082847595215,6.096428394317627,7.04885721206665,7.412764072418213,7.165089130401611,7.098661422729492,7.275195598602295,7.616746425628662,8.158646583557129,8.774210929870605,9.377665519714355,9.210447311401367,8.171975135803223,7.066737651824951,6.741411209106445,7.376644134521484,8.233396530151367,8.018526077270508,6.11077880859375,5.139653205871582,5.093819618225098,4.290608882904053,2.090714454650879,-1.0920535326004028,-3.1130270957946777,-3.2463598251342773,-1.540046215057373,1.0764763355255127,3.719095468521118,5.042094707489014,4.125997543334961
0.4442826509475708,1.8832652568817139,3.11607027053833,4.087779998779297,4.926469326019287,5.836238861083984,5.914839267730713,5.152472496032715,5.0134735107421875,6.090697288513184,7.051703929901123,7.199835777282715,7.003394603729248,6.592572212219238,7.076582431793213,8.558972358703613,9.806686401367188,10.05580997467041,10.122966766357422,9.945897102355957,8.945039749145508,7.91560697555542,7.949409484863281,8.800045013427734,9.143040657043457,8.395279884338379,7.924211025238037,9.066215515136719,11.268351554870605,11.055378913879395,8.270628929138184,7.4144487380981445,6.540895462036133,5.9771528244018555,4.843832015991211,2.0312936305999756,-1.1974228620529175,-2.604341983795166,-1.7323834896087646,0.557425320148468,2.383121967315674,3.580268621444702,3.853888988494873,3.215085744857788
1.7531462907791138,2.2293694019317627,3.611332416534424,4.310135841369629,5.031228065490723,5.906421184539795,6.452165603637695,5.979398250579834,5.488289833068848,5.8468241691589355,6.687788963317871,7.0179033279418945,7.019431114196777,6.704992771148682,7.171965599060059,8.672745704650879,10.092663764953613,10.6235990524292,10.721766471862793,10.246392250061035,8.832035064697266,7.352602481842041,6.915972709655762,7.297003269195557,7.608577251434326,7.193871021270752,6.5278120040893555,7.444836139678955,10.563980102539062,13.161773681640625,9.233757019042969,5.889725685119629,6.41494607925415,7.27744197845459,6.8289594650268555,4.442134380340576,1.7983418703079224,0.8645445108413696,2.1034293174743652,3.502760410308838,3.436342716217041,2.674921751022339,1.1030343770980835,2.334521532058716
3.87101674079895,3.359307050704956,4.2255167961120605,4.44652795791626,4.996620178222656,6.329624652862549,7.066627025604248,6.459819316864014,5.82142972946167,5.636132717132568,6.321626663208008,6.779824256896973,6.800431251525879,6.537016868591309,7.083720684051514,8.269499778747559,8.956631660461426,8.958354949951172,8.831828117370605,8.886238098144531,8.715897560119629,8.439587593078613,8.454056739807129,8.33298110961914,7.913463592529297,6.542928218841553,5.757073879241943,6.549789905548096,7.648198127746582,9.656567573547363,7.585920810699463,5.380259037017822,6.9141764640808105,8.68333911895752,8.900994300842285,8.112693786621094,6.242279052734375,4.755834579467773,4.273534774780273,3.6505250930786133,2.7597882747650146,1.3160178661346436,-0.3534933924674988,0.43311527371406555
3.975095510482788,3.577929735183716,4.795921802520752,5.125109672546387,5.568624973297119,6.992122650146484,7.969003200531006,7.087107181549072,5.855264186859131,5.710213661193848,6.470468997955322,7.079780578613281,6.970717906951904,6.764017581939697,7.343752861022949,7.857489585876465,7.227392196655273,6.1431193351745605,5.70168399810791,6.559646129608154,8.07339859008789,9.280714988708496,10.02589225769043,9.836081504821777,8.473183631896973,6.645417213439941,5.894412040710449,7.281305313110352,9.09426212310791,8.78097915649414,5.680166244506836,5.576797962188721,7.3262200355529785,8.108181953430176,8.68830680847168,9.249222755432129,8.107807159423828,5.98295783996582,4.464452266693115,3.743520975112915,2.7910125255584717,0.1929745227098465,-0.004058018326759338,-2.798841953277588
4.568595886230469,4.055177211761475,5.139663219451904,6.192399501800537,7.06028938293457,8.030513763427734,8.460177421569824,7.275687217712402,5.906974792480469,5.775242328643799,6.518442630767822,6.993332862854004,7.027547836303711,7.169163227081299,7.707118511199951,7.751732349395752,6.56735897064209,5.228631019592285,5.254017353057861,6.6892523765563965,8.126265525817871,8.91015338897705,8.633210182189941,6.556329727172852,3.5843212604522705,3.820204496383667,6.04133415222168,8.456938743591309,9.962196350097656,8.756604194641113,6.968678951263428,7.785199165344238,7.880893707275391,7.0727338790893555,7.326534271240234,7.874802112579346,7.441202163696289,6.293142795562744,5.23772668838501,4.209841728210449,1.9661195278167725,0.08792103826999664,-2.7151753902435303,-4.399511337280273
5.396379470825195,4.948259353637695,6.042716026306152,7.197691440582275,8.016770362854004,8.34826374053955,8.210245132446289,7.384205341339111,6.392739772796631,5.961839199066162,5.930008888244629,6.000946521759033,6.591452121734619,7.744160175323486,8.466936111450195,8.259157180786133,7.177092552185059,6.066138744354248,5.780262470245361,6.300313472747803,7.5750813484191895,9.52410888671875,10.795366287231445,10.117339134216309,3.3035190105438232,0.20629335939884186,5.294686794281006,8.453521728515625,8.634377479553223,8.413094520568848,8.96544075012207,10.117571830749512,9.496943473815918,8.350370407104492,8.021753311157227,7.569333076477051,6.94521951675415,7.155707359313965,6.9458417892456055,4.60215950012207,1.4887968301773071,-1.5302834510803223,-5.01925802230835,-5.023532390594482
5.257539749145508,5.268960475921631,6.654979228973389,7.535062313079834,7.584568977355957,7.4464521408081055,7.450740337371826,7.524845600128174,7.147099018096924,6.357978343963623,5.487912654876709,5.306163787841797,6.219962120056152,7.843698978424072,8.762603759765625,8.341580390930176,7.0851945877075195,5.752296447753906,4.745046138763428,4.364306926727295,4.696228981018066,5.806868553161621,6.019233226776123,9.017271995544434,8.827884674072266,3.989459276199341,5.393340587615967,7.439183235168457,7.431079387664795,8.644312858581543,9.917996406555176,10.661266326904297,10.676898956298828,10.024431228637695,9.463799476623535,9.026769638061523,8.611191749572754,9.127264022827148,8.874390602111816,5.334378719329834,-0.46213212609291077,-4.978618144989014,-6.1082000732421875,-4.634841442108154
4.750966548919678,4.880441188812256,6.406095504760742,7.437654972076416,7.117927551269531,6.76746940612793,7.401732921600342,8.156961441040039,7.891870021820068,6.993659019470215,6.170803070068359,5.837004661560059,5.988082408905029,6.788162708282471,7.319400787353516,6.950244903564453,5.7917327880859375,4.627950668334961,4.010149002075195,4.287708759307861,5.460868835449219,6.082945346832275,4.717991828918457,4.581986904144287,7.364952564239502,5.622528553009033,4.938633918762207,7.317359447479248,6.9485554695129395,7.768458843231201,9.209981918334961,9.751948356628418,10.002610206604004,10.144181251525879,9.457322120666504,9.224166870117188,10.72785758972168,11.425763130187988,8.675797462463379,2.7496137619018555,-2.0837955474853516,-4.07070779800415,-3.902647018432617,-2.864323139190674
4.92135763168335,5.239626884460449,6.649737358093262,7.573270797729492,7.358073711395264,6.844484329223633,7.485856056213379,8.74066162109375,8.722521781921387,7.7866106033325195,6.972484588623047,6.366182804107666,5.822846412658691,5.571358680725098,5.492138862609863,5.114714622497559,4.363636016845703,3.4821712970733643,2.597726821899414,1.9819419384002686,2.111855983734131,6.151060581207275,11.624493598937988,10.199371337890625,7.315587520599365,4.429635524749756,3.889073133468628,6.940990924835205,7.211924076080322,7.4846601486206055,8.169386863708496,8.615134239196777,8.723949432373047,8.045104026794434,6.744762897491455,6.890624046325684,8.020130157470703,7.447963237762451,4.695774078369141,1.3145411014556885,-1.202728509902954,-1.8566436767578125,-1.2149715423583984,0.12066251039505005
5.04288387298584,6.044554710388184,7.5723137855529785,8.277883529663086,8.130606651306152,7.616160869598389,7.143121719360352,7.554177284240723,8.33281135559082,8.610023498535156,8.24631118774414,7.491639614105225,6.434259414672852,5.335235118865967,4.7628045082092285,4.617099761962891,4.294351100921631,3.2209136486053467,1.5483794212341309,-0.03638255596160889,0.08566895127296448,4.976123332977295,11.948773384094238,10.997812271118164,6.255331993103027,5.774123191833496,5.51924991607666,7.570794105529785,7.749936103820801,8.022107124328613,8.27491283416748,8.729888916015625,8.67607593536377,6.686090469360352,4.793747425079346,3.5492730140686035,2.7047176361083984,2.458505868911743,1.408220648765564,-0.5272405743598938,0.05835351720452309,2.6669790744781494,5.832040309906006,5.516143321990967
5.090605735778809,6.133533477783203,7.496490478515625,8.570816040039062,9.285585403442383,9.281028747558594,8.168660163879395,6.808102130889893,6.995376110076904,8.390192031860352,9.16882038116455,8.582756996154785,7.191501617431641,5.7500739097595215,5.379188060760498,5.785190105438232,5.807132720947266,4.592994213104248,2.662163019180298,1.6233738660812378,3.430020570755005,8.148829460144043,12.372603416442871,9.922829627990723,5.221286296844482,5.675972938537598,7.56427001953125,8.741127967834473,9.025769233703613,9.504166603088379,9.148154258728027,8.614364624023438,7.940373420715332,6.4356489181518555,4.75882625579834,2.758378744125366,1.3223909139633179,0.7792608737945557,1.0904061794281006,2.757894277572632,5.216630458831787,6.059779167175293,5.401931285858154,3.2502593994140625
5.133726596832275,5.442606449127197,6.549077033996582,8.294594764709473,10.005284309387207,10.839761734008789,10.346478462219238,8.57004451751709,7.418224334716797,8.462721824645996,9.642271995544434,8.969637870788574,7.280749797821045,6.120041847229004,6.654822826385498,7.319570064544678,6.93475341796875,5.554103374481201,3.955615520477295,4.050242900848389,6.971280097961426,10.78370189666748,11.619595527648926,8.635061264038086,5.319578170776367,5.971037864685059,8.456921577453613,9.376875877380371,9.424976348876953,9.082351684570312,7.460726261138916,6.012949466705322,5.444997787475586,4.560658931732178,3.27683162689209,2.406273126602173,2.9967222213745117,5.6905412673950195,7.584413051605225,8.786619186401367,7.539584159851074,4.884372711181641,3.1703732013702393,0.5057888031005859
4.366926670074463,4.544004440307617,5.530381202697754,7.604883193969727,9.979270935058594,11.652987480163574,11.371007919311523,10.027617454528809,9.097597122192383,9.25869083404541,10.033536911010742,9.497806549072266,7.623608589172363,6.414564609527588,6.986632347106934,7.561306476593018,6.812540054321289,5.62459135055542,4.8339433670043945,5.609011173248291,8.114545822143555,10.213447570800781,9.796801567077637,7.303074359893799,5.448870658874512,6.018688201904297,7.618444919586182,8.591201782226562,8.377898216247559,7.161740303039551,5.207036018371582,4.347472190856934,3.9187278747558594,2.6572673320770264,1.8810482025146484,3.510180950164795,6.962645053863525,11.479515075683594,12.375971794128418,9.839212417602539,5.793038845062256,2.4103875160217285,1.8464505672454834,2.4995689392089844
2.5004634857177734,3.7702667713165283,5.392969608306885,7.3307061195373535,9.10392951965332,10.022695541381836,9.330820083618164,8.641728401184082,8.764349937438965,8.957696914672852,9.361604690551758,9.200848579406738,7.931187629699707,6.5163092613220215,6.3454179763793945,6.852136135101318,6.789306640625,6.019877910614014,6.132778644561768,7.395351409912109,8.99560260772705,9.635008811950684,8.534571647644043,6.6361083984375,5.311659336090088,5.041311264038086,5.696706771850586,6.518797874450684,6.472938537597656,5.776708126068115,5.242695331573486,5.183030128479004,5.040221214294434,4.517551898956299,4.913724422454834,7.016566753387451,9.88126277923584,10.30217456817627,8.272040367126465,5.488266468048096,4.372134208679199,3.27412486076355,4.348252773284912,7.9035820960998535
1.4803980588912964,3.79097318649292,5.852499008178711,7.561676502227783,8.750276565551758,8.019994735717773,6.4282755851745605,5.943072319030762,6.908539772033691,7.916337966918945,8.658330917358398,8.484574317932129,7.937716960906982,6.426301956176758,6.308202743530273,7.040555953979492,7.532467842102051,7.334843158721924,7.609173774719238,8.40084457397461,9.007936477661133,8.896099090576172,7.676240921020508,5.755406856536865,4.3361005783081055,3.9485576152801514,4.541730880737305,4.982686519622803,4.765633583068848,4.854381561279297,5.2494306564331055,5.666521072387695,6.172593116760254,6.657498359680176,7.460377216339111,8.029266357421875,6.739843368530273,5.074502468109131,4.318448543548584,4.374169826507568,5.281209945678711,6.865384101867676,10.19958209991455,14.608529090881348
1.7878984212875366,4.406495094299316,6.5669989585876465,7.873281955718994,8.355168342590332,7.184417247772217,5.6519622802734375,4.958095073699951,5.2213287353515625,6.049159526824951,7.311955451965332,7.915616035461426,8.028942108154297,7.552618503570557,7.6252336502075195,7.9184393882751465,7.913529396057129,7.926148414611816,7.516237735748291,7.136070251464844,7.182021617889404,7.100932598114014,6.217836380004883,4.6984477043151855,3.831254005432129,4.0591044425964355,4.1241068840026855,3.6817595958709717,3.353555679321289,3.784512758255005,4.4426589012146,5.138129711151123,5.392961025238037,4.846128463745117,3.8695454597473145,3.5997283458709717,3.2087903022766113,2.697500228881836,4.217566013336182,7.843328475952148,10.35190200805664,13.05031681060791,16.946563720703125,17.60530662536621
2.5385031700134277,4.728573799133301,6.671009063720703,7.311986923217773,6.4086833000183105,5.253448486328125,5.092691898345947,5.131527423858643,4.7328033447265625,4.443578243255615,5.334229946136475,6.897825717926025,8.134414672851562,8.442538261413574,8.476522445678711,8.331624984741211,7.744373321533203,7.1504621505737305,6.631535053253174,6.196274757385254,6.541144371032715,6.3141889572143555,4.866915225982666,3.2676875591278076,2.8224070072174072,3.6972882747650146,3.9340202808380127,3.1277987957000732,2.574875831604004,2.5239365100860596,2.9702141284942627,3.8292083740234375,3.983243942260742,2.658062696456909,1.49568772315979,2.2664794921875,4.536744117736816,6.418887138366699,8.815978050231934,12.930602073669434,16.536136627197266,19.222383499145508,19.344846725463867,12.858481407165527
