data/wind_data/wind_50_5.json
{"header": {"parameterUnit": "KT", "parameterCategory": 2, "nx": 256, "ny": 198, "lo1": 44.73521041870117, "la1": -3.236724853515625, "lo2": 111.26478576660156, "la2": 43.468475341796875, "dx": 0.2609002888202667, "dy": -0.23708222806453705, "refTime": "2025-02-21 02:00:00", "forecastTime": 0, "parameterNumber": 2, "parameterNumberName": "eastward_wind"}, "data":
[rows 76 to 94 of 198, columns 0 to 43 of 256]
31.670913696289062,30.85321617126465,30.078577041625977,28.4906005859375,27.63553237915039,27.691499710083008,27.623077392578125,27.074142456054688,26.052064895629883,25.93350601196289,26.98349380493164,27.835575103759766,27.757123947143555,27.01776885986328,26.165407180786133,25.713119506835938,25.81314468383789,26.156810760498047,26.101104736328125,24.690845489501953,22.3393611907959,20.233497619628906,18.53916358947754,17.103923797607422,16.212692260742188,15.26966381072998,14.266657829284668,13.703877449035645,13.466619491577148,13.313342094421387,13.466850280761719,13.6062593460083,13.29477310180664,12.554322242736816,11.835436820983887,11.236135482788086,10.694645881652832,10.401876449584961,10.35771369934082,10.471064567565918,10.65031909942627,10.80597972869873,10.980436325073242,10.967297554016113
33.87700271606445,32.86149597167969,31.98592758178711,30.539493560791016,28.84871482849121,28.0141544342041,27.61898422241211,27.365432739257812,26.8662052154541,26.492843627929688,26.518465042114258,26.173908233642578,25.992664337158203,26.04205322265625,26.176427841186523,26.549001693725586,26.913803100585938,27.513750076293945,28.29352569580078,28.414609909057617,27.44587516784668,25.537403106689453,23.0902099609375,20.97562599182129,19.49303436279297,17.926753997802734,16.271677017211914,15.267624855041504,15.189960479736328,15.58811092376709,16.28778648376465,16.704517364501953,16.151151657104492,14.749533653259277,13.391511917114258,12.362737655639648,11.61141586303711,11.294074058532715,11.358358383178711,11.607749938964844,11.702093124389648,11.65792179107666,11.766733169555664,11.810736656188965
35.01959228515625,34.315834045410156,33.72160339355469,33.13691329956055,31.66191864013672,30.070545196533203,28.672212600708008,28.107751846313477,28.281171798706055,28.313430786132812,27.527482986450195,25.97769546508789,24.994455337524414,24.884902954101562,25.263792037963867,26.184900283813477,27.14798355102539,27.716739654541016,28.323213577270508,28.923931121826172,28.963260650634766,28.047100067138672,26.019987106323242,23.909278869628906,22.318078994750977,20.78751564025879,19.091075897216797,17.692222595214844,17.202848434448242,17.601736068725586,18.170127868652344,18.397783279418945,18.18146324157715,17.561046600341797,16.735944747924805,15.456991195678711,14.131237983703613,13.270271301269531,13.320123672485352,13.701857566833496,13.427483558654785,12.670755386352539,12.2040433883667,12.17503833770752
35.050872802734375,35.7962646484375,35.47662353515625,35.10792541503906,34.64552688598633,33.4851188659668,31.655675888061523,30.313791275024414,29.94325065612793,29.80359649658203,29.10695457458496,27.655698776245117,26.034849166870117,25.10799789428711,25.082265853881836,25.820751190185547,26.847854614257812,27.34636688232422,27.521596908569336,27.834291458129883,28.11590576171875,27.756114959716797,26.479394912719727,24.890792846679688,23.642955780029297,22.328092575073242,20.696258544921875,19.357633590698242,18.710004806518555,18.48651885986328,18.37230682373047,18.51117706298828,18.807226181030273,18.87543487548828,18.79986572265625,18.2352294921875,17.043073654174805,16.257186889648438,16.510555267333984,16.80884552001953,15.848835945129395,14.254733085632324,13.295352935791016,13.025128364562988
34.9022216796875,35.859962463378906,36.10962677001953,35.89762496948242,35.68592071533203,35.484710693359375,34.501136779785156,33.10515594482422,31.935672760009766,31.068679809570312,30.27498435974121,29.164676666259766,27.54376220703125,25.965709686279297,25.34733772277832,25.77204132080078,26.50023078918457,26.710620880126953,26.578800201416016,26.720434188842773,26.980403900146484,26.84816551208496,25.982460021972656,24.54729652404785,23.202585220336914,21.96759605407715,20.59579849243164,19.53472137451172,18.98984718322754,18.750362396240234,18.801265716552734,19.126619338989258,19.30158042907715,19.108505249023438,18.84232521057129,18.7672061920166,18.673786163330078,18.472118377685547,18.438526153564453,18.186702728271484,17.146583557128906,15.49028491973877,14.202159881591797,13.829026222229004
35.81948471069336,36.369850158691406,36.4478645324707,36.23863983154297,35.70231628417969,35.96834182739258,35.920597076416016,35.32358932495117,34.37660217285156,33.09243392944336,31.6859188079834,30.295488357543945,28.669937133789062,26.897720336914062,25.769569396972656,25.767248153686523,26.107820510864258,26.039539337158203,25.664291381835938,25.63962173461914,25.878488540649414,25.983488082885742,25.341773986816406,23.932981491088867,22.409212112426758,21.136667251586914,20.147293090820312,19.619354248046875,19.409090042114258,19.374662399291992,19.580368041992188,19.88435173034668,19.840513229370117,19.44449806213379,18.937177658081055,18.645702362060547,18.659072875976562,18.50783348083496,17.9061222076416,17.481611251831055,17.348234176635742,16.506982803344727,15.272173881530762,14.691411972045898
37.28464126586914,37.252044677734375,36.95503616333008,36.769287109375,36.14813995361328,36.60961151123047,37.05921173095703,36.90701675415039,36.29307556152344,35.204185485839844,33.64390182495117,31.94278335571289,30.20690155029297,28.4058895111084,26.874658584594727,26.05988311767578,25.78131866455078,25.526208877563477,25.050289154052734,24.76396942138672,25.097402572631836,25.489572525024414,25.02188491821289,23.66123390197754,22.153366088867188,20.794265747070312,19.989017486572266,19.886367797851562,20.17150115966797,20.426549911499023,20.57645034790039,20.49195098876953,20.09593391418457,19.6522274017334,19.328872680664062,19.11371421813965,18.984785079956055,18.610471725463867,17.93740463256836,17.611278533935547,17.86113929748535,17.780601501464844,16.897682189941406,16.19468879699707
39.58037185668945,39.081668853759766,38.57314682006836,38.26393508911133,37.55575942993164,37.814090728759766,38.28110885620117,38.25154495239258,37.70858383178711,36.898719787597656,35.701656341552734,33.969642639160156,32.07817840576172,30.275291442871094,28.595399856567383,27.082534790039062,26.029558181762695,25.40131378173828,24.80723762512207,24.321191787719727,24.589988708496094,25.241310119628906,25.003515243530273,23.839614868164062,22.372846603393555,20.98012351989746,20.264577865600586,20.43723487854004,21.02587127685547,21.61016082763672,21.700712203979492,21.152124404907227,20.315034866333008,19.839670181274414,19.745508193969727,19.708606719970703,19.66653060913086,19.27933692932129,18.682249069213867,18.64673614501953,18.749359130859375,18.454946517944336,18.0555477142334,17.69167709350586
42.17070770263672,41.65157699584961,41.02568435668945,40.289939880371094,39.381378173828125,39.33945846557617,39.45020294189453,39.259849548339844,38.65304946899414,38.045352935791016,37.395755767822266,36.045494079589844,34.15975570678711,32.342803955078125,30.656047821044922,28.861909866333008,27.27040672302246,26.080652236938477,25.176847457885742,24.542217254638672,24.587099075317383,25.162817001342773,25.17270278930664,24.341781616210938,22.973167419433594,21.60633087158203,20.95844078063965,21.272724151611328,22.09372901916504,22.82480239868164,22.83806037902832,22.001089096069336,20.99652862548828,20.483198165893555,20.37984848022461,20.414426803588867,20.48927879333496,20.237451553344727,19.942995071411133,19.888530731201172,19.498180389404297,18.787578582763672,18.37908172607422,18.40928840637207
43.81590270996094,43.70996856689453,43.238250732421875,42.4145622253418,41.33448791503906,40.77593994140625,40.42420959472656,39.906803131103516,39.30618667602539,38.94490051269531,38.620208740234375,37.699554443359375,36.213356018066406,34.64227294921875,33.03867721557617,31.162738800048828,29.286710739135742,27.817218780517578,26.72846221923828,25.949100494384766,25.640853881835938,25.701688766479492,25.54696273803711,24.841259002685547,23.563875198364258,22.171401977539062,21.524526596069336,21.97064781188965,23.031299591064453,23.909425735473633,23.89340591430664,22.999284744262695,22.0245418548584,21.620698928833008,21.413280487060547,21.304306030273438,21.30861473083496,21.22519302368164,21.217069625854492,20.912595748901367,20.224943161010742,19.544137954711914,19.19462013244629,19.277400970458984
44.901710510253906,45.22373580932617,45.104835510253906,44.56024932861328,43.601463317871094,42.480140686035156,41.438446044921875,40.73662567138672,40.28601837158203,40.09835433959961,39.82558822631836,39.06549072265625,38.04606628417969,36.963348388671875,35.669654846191406,34.00552749633789,32.11615753173828,30.634241104125977,29.616195678710938,28.660581588745117,27.948579788208008,27.591711044311523,27.047693252563477,25.993446350097656,24.4356632232666,22.895036697387695,22.08502960205078,22.43163299560547,23.655170440673828,24.8037109375,24.959543228149414,24.160497665405273,23.198928833007812,22.689512252807617,22.443424224853516,22.254886627197266,22.12492561340332,22.0841121673584,22.15867805480957,21.75609588623047,21.07951545715332,20.701292037963867,20.571739196777344,20.646013259887695
45.0504264831543,45.43607711791992,45.847190856933594,46.05849838256836,45.53766632080078,44.59428405761719,43.53126525878906,42.75264358520508,42.33674621582031,42.01057815551758,41.575340270996094,40.898094177246094,40.1509895324707,39.46807861328125,38.46066665649414,36.96630096435547,35.39177703857422,34.23655319213867,33.54745864868164,32.83003234863281,31.94417381286621,31.10127830505371,30.104812622070312,28.766841888427734,26.7687931060791,24.55439567565918,23.221881866455078,23.165477752685547,24.196645736694336,25.519445419311523,26.129003524780273,25.749528884887695,24.800024032592773,23.94089698791504,23.47657585144043,23.253034591674805,22.999860763549805,22.846294403076172,22.871906280517578,22.530466079711914,22.02359390258789,21.87300682067871,21.995576858520508,22.13331413269043
44.45433044433594,45.05826950073242,45.916656494140625,47.06536865234375,47.32598876953125,46.950347900390625,46.30183029174805,45.7347297668457,45.25634765625,44.753292083740234,44.190067291259766,43.51271438598633,42.76100158691406,41.909645080566406,41.10373306274414,40.20095443725586,39.22953414916992,38.37672424316406,37.784507751464844,37.31217956542969,36.850547790527344,36.126285552978516,34.61822509765625,32.6972541809082,30.486469268798828,27.745990753173828,25.47263526916504,24.723112106323242,25.310461044311523,26.537506103515625,27.56201171875,27.796829223632812,27.116853713989258,26.034765243530273,25.17814064025879,24.638484954833984,24.18311882019043,23.881895065307617,23.742069244384766,23.352191925048828,22.879594802856445,22.81253433227539,23.173648834228516,23.58962059020996
43.7410888671875,44.252376556396484,45.147953033447266,46.45887756347656,47.55515670776367,48.187015533447266,48.24235534667969,48.126190185546875,47.880680084228516,47.43849563598633,46.94981002807617,46.3282585144043,45.51314926147461,44.390254974365234,43.150360107421875,42.23418426513672,41.89560317993164,41.68339538574219,41.25474548339844,40.73150634765625,40.31380081176758,39.98312759399414,38.87076950073242,36.6460075378418,34.06224822998047,31.37137794494629,28.745559692382812,27.235336303710938,27.25058937072754,28.21162986755371,29.328765869140625,29.937313079833984,29.674894332885742,28.833703994750977,27.81855583190918,26.85848617553711,26.088382720947266,25.58562660217285,25.217105865478516,24.573129653930664,23.86566162109375,23.702625274658203,24.266380310058594,25.0410099029541
42.92289352416992,43.43718719482422,43.970096588134766,44.599693298339844,45.85011291503906,47.54411697387695,48.6474609375,49.238643646240234,49.46525573730469,49.28115463256836,48.91973114013672,48.65155792236328,48.115577697753906,47.0711784362793,45.5542106628418,43.998512268066406,43.064666748046875,42.86309051513672,42.762657165527344,42.41306686401367,42.031734466552734,41.678619384765625,40.94375228881836,39.1308479309082,36.43809127807617,33.74734878540039,31.39118003845215,29.757041931152344,29.36607551574707,29.997888565063477,30.967819213867188,31.660551071166992,31.78791046142578,31.48759651184082,30.75640106201172,29.685142517089844,28.62004280090332,27.8287296295166,27.247943878173828,26.352033615112305,25.313892364501953,24.952924728393555,25.57261848449707,26.55166244506836
42.91973114013672,43.102455139160156,43.207244873046875,43.217498779296875,43.60805130004883,45.5369987487793,47.46959686279297,48.86027145385742,49.77744674682617,50.13351058959961,50.053009033203125,49.996337890625,49.92772674560547,49.3642692565918,48.08146286010742,46.339393615722656,44.82463836669922,43.97347640991211,43.63998031616211,43.36878204345703,42.978271484375,42.587223052978516,41.98003387451172,40.608638763427734,38.218326568603516,35.36249542236328,32.95372772216797,31.3922119140625,30.884706497192383,31.306102752685547,32.109901428222656,32.73568344116211,33.12959671020508,33.42909240722656,33.27470016479492,32.40501403808594,31.137325286865234,30.005117416381836,29.20228385925293,28.237913131713867,27.103031158447266,26.615554809570312,27.13186264038086,28.076282501220703
43.39712905883789,43.01627731323242,42.6522216796875,42.400901794433594,41.6604118347168,42.584476470947266,44.665218353271484,46.67388916015625,48.29701614379883,49.44280242919922,49.99165725708008,50.167728424072266,50.411094665527344,50.47160720825195,49.694725036621094,48.25959396362305,46.82926559448242,45.786739349365234,45.190223693847656,44.72682571411133,44.07514953613281,43.38612365722656,42.77811050415039,41.85921859741211,40.137847900390625,37.619529724121094,35.01152420043945,33.1533203125,32.329036712646484,32.42645263671875,32.9765625,33.40663146972656,33.80554962158203,34.383636474609375,34.63136672973633,33.970611572265625,32.6204833984375,31.29216957092285,30.39817237854004,29.613849639892578,28.758296966552734,28.364538192749023,28.738935470581055,29.49917984008789
43.58252716064453,43.12165451049805,42.71527862548828,42.598731994628906,41.6005973815918,41.157291412353516,42.201969146728516,44.021488189697266,45.864070892333984,47.52562713623047,48.767845153808594,49.53587341308594,50.05760192871094,50.374412536621094,50.0426025390625,49.13209915161133,48.254608154296875,47.55675506591797,46.924072265625,46.21976089477539,45.28857421875,44.19874572753906,43.37123107910156,42.70994567871094,41.64910125732422,39.934635162353516,37.83000946044922,35.91534423828125,34.7243766784668,34.40507125854492,34.541500091552734,34.437705993652344,34.26689147949219,34.51459884643555,34.74905014038086,34.19135665893555,32.93087387084961,31.63762664794922,30.820518493652344,30.349401473999023,29.948854446411133,29.819610595703125,30.15196418762207,30.838693618774414
43.5226936340332,43.3795051574707,43.39253234863281,43.67306137084961,43.022804260253906,42.22060775756836,41.90677261352539,42.524723052978516,43.92787551879883,45.57417678833008,47.078548431396484,48.38355255126953,49.28160095214844,49.75836181640625,49.845699310302734,49.53841018676758,49.17316818237305,48.91274642944336,48.446739196777344,47.593021392822266,46.44701385498047,45.14055633544922,44.00031280517578,43.230628967285156,42.4611930847168,41.36112976074219,39.98760223388672,38.603023529052734,37.530250549316406,37.0537109375,36.94850540161133,36.48271179199219,35.60213088989258,34.93587112426758,34.51932907104492,33.802833557128906,32.76158905029297,31.748844146728516,31.128406524658203,30.884248733520508,30.74211883544922,30.799287796020508,31.238832473754883,32.102230072021484
