data/wind_data/wind_31_1.json
{"header": {"parameterUnit": "KT", "parameterCategory": 2, "nx": 256, "ny": 198, "lo1": 44.73521041870117, "la1": -3.236724853515625, "lo2": 111.26478576660156, "la2": 43.468475341796875, "dx": 0.2609002888202667, "dy": -0.23708222806453705, "refTime": "2025-02-20 07:00:00", "forecastTime": 0, "parameterNumber": 2, "parameterNumberName": "eastward_wind"}, "data":
[rows 76 to 94 of 198, columns 0 to 42 of 256]
8.852704048156738,7.299258232116699,5.618077278137207,2.972379684448242,3.4494380950927734,1.0054279565811157,0.25151973962783813,0.929177463054657,2.635587453842163,2.364015579223633,2.4001784324645996,4.194202423095703,3.808530330657959,2.6252098083496094,0.2503386437892914,-0.7116637825965881,-0.29012352228164673,-1.3929060697555542,-0.5419816970825195,-2.070455312728882,-3.3926143646240234,-3.3071157932281494,-0.507945716381073,-0.822486400604248,-2.2833237648010254,-3.2202069759368896,-3.8215675354003906,-1.1920720338821411,-3.1037652492523193,0.36443430185317993,-3.3146841526031494,0.2696613669395447,1.7380802631378174,1.958548665046692,2.089179039001465,1.4863356351852417,1.4119772911071777,1.854191780090332,2.6861560344696045,3.0539095401763916,2.7400710582733154,1.8728233575820923,0.8770833015441895
10.928208351135254,6.102999210357666,3.22186279296875,1.207887887954712,2.9709064960479736,1.158734917640686,2.295564889907837,2.4431674480438232,3.394089460372925,3.09609055519104,3.968825101852417,5.454358100891113,5.027790546417236,2.5760645866394043,1.1521103382110596,0.12762711942195892,0.04435484856367111,-1.2569741010665894,-0.21207797527313232,-1.4421019554138184,-1.9683712720870972,-1.7806285619735718,-0.26385408639907837,-1.0643259286880493,-1.301987648010254,-1.9046907424926758,-1.57577645778656,-0.7721366286277771,-1.9659969806671143,-0.0498693473637104,-1.2412174940109253,-0.23709166049957275,1.6167597770690918,-0.7544776797294617,1.508516788482666,2.6801507472991943,2.682978630065918,2.680002450942993,3.657047986984253,4.738732814788818,5.007386684417725,3.7670862674713135,2.0695881843566895
9.355341911315918,3.238560199737549,0.6677145957946777,0.9276670813560486,-0.03962479159235954,0.3538622260093689,1.818681240081787,3.5179758071899414,5.0729289054870605,5.036808490753174,5.295312404632568,5.9309401512146,5.471658706665039,3.22676157951355,1.5857808589935303,1.1585948467254639,0.8702131509780884,-0.13648201525211334,0.9240344762802124,0.3768905997276306,-0.050512585788965225,-1.1405102014541626,-1.0309964418411255,-1.6016048192977905,-1.3038774728775024,-0.6678339242935181,0.8111409544944763,0.4912811815738678,0.35893508791923523,1.203572392463684,1.995313048362732,0.7030962109565735,-0.3497270941734314,-1.7137130498886108,1.0817091464996338,2.4430301189422607,-0.7730903029441833,1.2285516262054443,3.5802760124206543,6.512655735015869,8.091440200805664,6.175922393798828,3.65244197845459
6.335222244262695,2.7012879848480225,0.633818507194519,0.7793975472450256,0.6417427062988281,0.04457883909344673,1.9447118043899536,3.7159154415130615,6.27408504486084,7.771422386169434,7.650412082672119,6.597659587860107,5.346278190612793,3.4116930961608887,2.2502496242523193,2.53220272064209,1.9368985891342163,1.442418098449707,2.302093267440796,2.198577404022217,1.8186759948730469,-0.37490662932395935,-1.5224812030792236,-1.7039293050765991,-1.140411376953125,0.4151085615158081,3.026214838027954,2.2564070224761963,2.960961103439331,3.2929766178131104,3.8618061542510986,1.5822834968566895,-0.5234520435333252,-1.6525928974151611,-1.5159581899642944,-1.2201217412948608,-1.3551617860794067,1.2803471088409424,0.7603309154510498,3.204756259918213,5.022663116455078,6.150590896606445,3.627612590789795
3.096989154815674,2.47672700881958,1.6613489389419556,1.4199026823043823,2.135328531265259,0.66387540102005,2.337146282196045,4.3391432762146,7.151785850524902,8.861385345458984,9.316096305847168,8.354175567626953,5.394925594329834,2.8934834003448486,2.500910758972168,3.697279214859009,4.3561811447143555,3.8269269466400146,3.8671250343322754,2.5282769203186035,2.2648658752441406,0.342609167098999,-0.8440686464309692,-0.16906091570854187,0.6503896117210388,1.6907814741134644,3.632894277572632,3.241015911102295,3.669370412826538,4.328413963317871,4.415581703186035,2.837557315826416,0.6585965752601624,0.12292266637086868,-1.6764655113220215,-3.3056297302246094,-2.1139731407165527,1.339645266532898,1.4064925909042358,0.08051732182502747,0.1599329560995102,1.0177125930786133,1.1276476383209229
2.091867446899414,2.003751516342163,2.2851643562316895,2.019127130508423,3.269144296646118,1.4939472675323486,3.2038400173187256,5.206216335296631,8.086846351623535,9.491050720214844,9.650354385375977,8.88892936706543,5.216587543487549,2.767514228820801,2.952543258666992,4.597560882568359,4.853054046630859,4.730720043182373,4.499938011169434,3.300973892211914,3.438920736312866,2.409008502960205,0.8129861354827881,1.6805673837661743,3.3200106620788574,3.075942277908325,2.8717803955078125,2.9005417823791504,3.1721839904785156,4.434385299682617,4.640676975250244,3.7573742866516113,1.8874530792236328,1.4741668701171875,-0.5005443692207336,-2.682910203933716,-1.3750280141830444,1.3944101333618164,3.904834508895874,-2.7074570655822754,-4.081816673278809,-7.2635273933410645,-3.5246052742004395
2.423074960708618,1.9045217037200928,2.3777976036071777,2.705768346786499,5.360950469970703,2.9590487480163574,4.320016384124756,5.587732791900635,8.522989273071289,10.174681663513184,10.385652542114258,9.045867919921875,5.110837936401367,3.216031551361084,2.6881062984466553,4.648703098297119,3.7189619541168213,2.5851898193359375,2.2671940326690674,2.5166215896606445,3.7584195137023926,4.9055304527282715,3.943326234817505,3.4920289516448975,4.5823516845703125,3.702498197555542,1.863808512687683,2.4670815467834473,3.1084859371185303,4.607685089111328,5.034682750701904,4.296850204467773,2.970916748046875,2.084437847137451,0.6568824648857117,-1.4628262519836426,0.19223570823669434,1.5471197366714478,4.32200813293457,-3.9016618728637695,-7.1285176277160645,-8.918350219726562,-1.8994619846343994
2.982234001159668,2.3365824222564697,2.5248939990997314,3.2538933753967285,7.433409214019775,4.321183681488037,4.1850409507751465,5.450969219207764,7.6907525062561035,10.351903915405273,11.038677215576172,9.868512153625488,6.802129745483398,5.213892459869385,3.960341215133667,4.090724945068359,4.689537525177002,3.659874200820923,3.0143566131591797,2.7544989585876465,3.3056113719940186,4.47983980178833,5.749590873718262,5.928369522094727,5.395779609680176,4.123681545257568,2.7572755813598633,2.89355731010437,3.738125801086426,5.094211578369141,5.56044340133667,5.012126922607422,4.069606781005859,2.154379367828369,1.208220362663269,0.3068999648094177,1.238031268119812,2.0768086910247803,1.6136938333511353,-2.5446832180023193,-6.688592433929443,-7.670641899108887,-2.1781132221221924
3.894137382507324,2.3542890548706055,2.38915753364563,4.173480987548828,7.497964382171631,4.493710041046143,3.9962100982666016,5.470712184906006,6.434033393859863,8.956657409667969,10.390852928161621,10.223159790039062,8.622454643249512,7.715641021728516,7.290506362915039,6.723519802093506,6.3849077224731445,6.050727844238281,5.030886173248291,4.835175037384033,5.087357521057129,4.846381187438965,5.653066635131836,6.52086067199707,5.6056108474731445,4.553641319274902,3.758082866668701,3.98580265045166,5.01313591003418,5.5597662925720215,5.769885063171387,4.746642112731934,3.7283129692077637,2.8125367164611816,1.6655921936035156,1.7882872819900513,1.6577165126800537,1.7558144330978394,0.0013095283647999167,-1.2969613075256348,-4.2601799964904785,-5.236933708190918,-2.6981003284454346
4.7895026206970215,2.744683027267456,2.9881598949432373,4.4184675216674805,6.675288677215576,3.9855611324310303,3.7276382446289062,4.446228504180908,4.040401458740234,5.204457759857178,7.790492534637451,9.761037826538086,9.65725326538086,9.223796844482422,9.153788566589355,8.884764671325684,8.21811294555664,7.338299751281738,7.059471130371094,6.470726490020752,6.112724304199219,5.7029500007629395,5.885948181152344,7.046700954437256,6.025331020355225,4.920892715454102,4.034083366394043,4.8059306144714355,5.486973285675049,6.066510200500488,5.468981742858887,3.729957103729248,3.925809621810913,3.195589303970337,2.9493257999420166,2.0803089141845703,1.4280288219451904,1.3097587823867798,0.0430467389523983,-0.6590098142623901,-2.1546826362609863,-2.8877642154693604,-2.400716781616211
5.5100789070129395,3.5989785194396973,3.773306369781494,4.755225658416748,5.2263593673706055,2.6428678035736084,1.568652868270874,2.285386562347412,1.1959580183029175,1.386738896369934,3.0177056789398193,6.213834285736084,8.055161476135254,8.391396522521973,8.522215843200684,8.438694953918457,8.377523422241211,7.972630500793457,7.929346084594727,6.954897403717041,5.882873058319092,5.622427940368652,6.013155937194824,6.887913703918457,6.81896448135376,5.811570167541504,4.68761682510376,5.213709831237793,6.015759468078613,6.270630836486816,5.235373020172119,4.047070026397705,4.640683650970459,3.867840528488159,2.932202100753784,2.4096055030822754,1.4768595695495605,1.3325084447860718,0.5296474695205688,-0.11604353785514832,-0.7590346932411194,-1.1639692783355713,-1.5558184385299683
6.580760478973389,4.458536624908447,3.993748426437378,4.640368461608887,2.7544450759887695,0.8570160865783691,0.8563750982284546,0.9037512540817261,0.09735726565122604,-0.8241335153579712,-0.3032573461532593,1.979089379310608,4.485196590423584,5.90864372253418,6.5821123123168945,6.8584513664245605,6.508424758911133,6.681251525878906,6.536802291870117,5.341585159301758,4.649930477142334,4.473301410675049,5.3417744636535645,6.441858291625977,7.178002834320068,6.547713756561279,6.7733473777771,6.489583969116211,6.939448356628418,6.973935604095459,6.121800422668457,5.099905490875244,4.9378533363342285,4.916731357574463,3.5022380352020264,2.9282898902893066,1.7842519283294678,1.6639063358306885,1.403090238571167,0.8130459189414978,0.5465171933174133,0.08617754280567169,-0.7326126098632812
7.520325183868408,5.092467308044434,3.4839839935302734,3.494931221008301,0.9090989232063293,-0.7198600172996521,0.5261776447296143,-0.1210392415523529,-1.0291718244552612,-1.8258148431777954,-1.200183629989624,0.7775453329086304,2.604572057723999,3.510221242904663,4.7388811111450195,6.063104629516602,6.532505512237549,4.888397216796875,3.382312536239624,2.5268471240997314,2.8768322467803955,3.1075403690338135,4.294971466064453,5.483859539031982,6.8699541091918945,7.25531005859375,7.872547626495361,7.894423484802246,8.83773136138916,8.473579406738281,7.592504978179932,5.9366044998168945,4.957008361816406,4.384326934814453,4.42910623550415,2.520179033279419,2.5573277473449707,1.8224478960037231,2.4576425552368164,1.8476567268371582,2.0490012168884277,1.3605252504348755,0.1746264398097992
7.397776126861572,4.263461589813232,1.858844518661499,1.5447843074798584,-0.7876414060592651,-0.9295586347579956,-0.7822590470314026,-0.6289286017417908,-2.4475278854370117,-2.71099853515625,-1.8094617128372192,-0.43002548813819885,0.8344259858131409,1.771430253982544,3.140249729156494,3.7857158184051514,2.4578633308410645,0.9827333092689514,0.37309274077415466,0.5130133628845215,1.274885654449463,2.0839571952819824,3.1473681926727295,4.629700660705566,6.29524040222168,7.589847564697266,8.451180458068848,9.108689308166504,9.72862720489502,10.746546745300293,9.71585750579834,7.912807464599609,5.462478160858154,4.51931619644165,4.604320049285889,3.4109883308410645,2.352426528930664,2.5942471027374268,3.057211399078369,3.037294864654541,2.9892771244049072,2.6999995708465576,1.305769920349121
6.378476142883301,2.1422948837280273,-0.7176883816719055,-0.6220887303352356,-1.520273208618164,-0.18738578259944916,-0.23642562329769135,-1.4439162015914917,-2.6990392208099365,-3.406789779663086,-2.826673984527588,-2.331852674484253,-1.4908004999160767,-0.8639598488807678,-0.3926275968551636,-0.3978500962257385,-1.332910418510437,-2.1699466705322266,-2.0280327796936035,-0.8530280590057373,0.46120890974998474,1.2237279415130615,2.3731253147125244,3.7846784591674805,5.773819446563721,7.372521877288818,8.55887508392334,9.020299911499023,9.690074920654297,10.186616897583008,9.871835708618164,8.773478507995605,6.834061622619629,5.549617290496826,4.809869766235352,4.010900020599365,4.213885307312012,2.6565756797790527,3.6014606952667236,3.5873231887817383,3.6114230155944824,3.3344664573669434,2.529649257659912
3.3736050128936768,0.33042794466018677,-1.7212368249893188,-1.6095637083053589,-2.6567676067352295,-0.6623280048370361,-1.082124948501587,-1.4466404914855957,-2.492243766784668,-3.2289979457855225,-3.2849175930023193,-3.297286033630371,-3.2352705001831055,-3.5670533180236816,-3.084321975708008,-2.5335803031921387,-3.57564115524292,-4.4820170402526855,-3.8335764408111572,-2.3647148609161377,-1.1826984882354736,-0.8349512815475464,0.2914876341819763,1.8572252988815308,4.245265960693359,5.560420989990234,6.858774662017822,7.496376037597656,8.522849082946777,8.055468559265137,8.421428680419922,7.47191047668457,5.963944435119629,5.262101650238037,4.419742584228516,3.0830068588256836,3.809129238128662,3.4475696086883545,3.8369181156158447,3.9212896823883057,3.59812331199646,3.399965524673462,3.4511449337005615
-0.7647018432617188,-0.9932377934455872,-1.724226713180542,-2.2266829013824463,-2.5338923931121826,-2.529669761657715,-1.0909837484359741,-2.028463840484619,-2.6535682678222656,-3.491945505142212,-4.115869522094727,-4.157515525817871,-4.423242092132568,-5.414961814880371,-5.610621929168701,-5.271860122680664,-6.568742275238037,-6.927453994750977,-6.134764194488525,-5.055218696594238,-4.354318141937256,-3.788829803466797,-2.507431745529175,-0.33515608310699463,1.9034487009048462,2.841603994369507,3.920623779296875,4.917168617248535,5.60759973526001,5.6024980545043945,5.594695091247559,5.651931285858154,3.784041166305542,3.386644124984741,2.8892979621887207,1.742606520652771,2.3833725452423096,4.016476154327393,3.690232515335083,3.736750602722168,3.727950096130371,3.6170589923858643,3.8137969970703125
-1.8803640604019165,-1.1791772842407227,-1.1744204759597778,-1.710492491722107,-3.2721478939056396,-1.2924243211746216,-3.089280366897583,-2.9163951873779297,-3.731145143508911,-4.916866779327393,-5.683869361877441,-5.733981609344482,-5.51566219329834,-6.435275077819824,-7.2005486488342285,-7.376787185668945,-8.606424331665039,-8.948990821838379,-8.31882095336914,-7.5337233543396,-6.62361478805542,-5.356448173522949,-3.467071533203125,-1.500838279724121,0.27759456634521484,0.5627222657203674,1.3456898927688599,2.083611011505127,2.1646392345428467,2.2249538898468018,2.0381953716278076,2.096524953842163,1.3038616180419922,0.49205920100212097,-0.19598834216594696,-0.2605569362640381,0.5211457014083862,3.880983591079712,2.8695640563964844,3.2037277221679688,3.9773125648498535,3.439439535140991,4.2228803634643555
-0.7482646703720093,-0.29651740193367004,0.1464131772518158,0.054479409009218216,-2.7259280681610107,-0.6870461702346802,-3.9363934993743896,-3.402177572250366,-4.786571979522705,-5.578343868255615,-6.364785194396973,-6.1617350578308105,-6.055530071258545,-6.6846442222595215,-7.803673267364502,-8.379150390625,-8.973552703857422,-9.139644622802734,-8.788729667663574,-8.182836532592773,-7.113483905792236,-5.590505599975586,-3.872593641281128,-2.517731189727783,-1.8159514665603638,-1.8152261972427368,-1.485399842262268,-1.1283559799194336,-1.271673560142517,-1.5903606414794922,-1.8136223554611206,-1.7535600662231445,-1.4760342836380005,-3.2923078536987305,-3.290473222732544,-3.2554333209991455,-1.6100425720214844,0.7433699369430542,1.500854730606079,2.875444173812866,3.280226469039917,4.319107532501221,3.865943193435669
