data/wind_data/wind_58_0.json
{"header": {"parameterUnit": "KT", "parameterCategory": 2, "nx": 255, "ny": 198, "lo1": 44.73521041870117, "la1": -3.236724853515625, "lo2": 111.26478576660156, "la2": 43.468475341796875, "dx": 0.26192745566368103, "dy": -0.23708222806453705, "refTime": "2025-02-21 10:00:00", "forecastTime": 0, "parameterNumber": 3, "parameterNumberName": "northward_wind"}, "data":
[rows 171 to 189 of 198, columns 172 to 214 of 255]
-13.922073364257812,-15.587983131408691,-12.146077156066895,-1.3570027351379395,-5.95143985748291,-8.643239974975586,-7.984447956085205,-4.745730400085449,-8.749216079711914,-15.600622177124023,-17.06655502319336,-17.169092178344727,-17.45586395263672,-15.091222763061523,-10.447833061218262,-11.12271499633789,-17.61832046508789,-20.445114135742188,-18.682889938354492,-14.58348560333252,-11.57430648803711,-8.144157409667969,-6.287179946899414,-6.01572322845459,-5.719980716705322,-5.67826509475708,-6.3140082359313965,-6.925790786743164,-7.862114906311035,-7.007452487945557,-5.887790203094482,-3.6135730743408203,-1.013373613357544,-2.721667766571045,-5.3377685546875,-6.476720333099365,-6.293684005737305,-4.131533145904541,-7.371046543121338,-8.239216804504395,-7.356235504150391,-4.9572014808654785,-4.3685150146484375
-12.095162391662598,-13.996014595031738,-14.493647575378418,-9.350354194641113,-9.839052200317383,-12.33582878112793,-12.750956535339355,-10.52398681640625,-13.641244888305664,-18.035036087036133,-18.3039608001709,-17.52201271057129,-16.45907974243164,-13.637138366699219,-5.894412517547607,-9.686232566833496,-18.861913681030273,-19.615217208862305,-17.19808578491211,-12.150209426879883,-8.17129898071289,-5.134444236755371,-4.693364143371582,-4.906960964202881,-4.420022487640381,-4.479186058044434,-4.81364107131958,-6.404348850250244,-7.310194969177246,-7.398691177368164,-6.238595962524414,-5.397371768951416,-6.5006632804870605,-8.1375093460083,-8.171895027160645,-7.722468376159668,-4.181519508361816,-4.174938201904297,-5.890114784240723,-6.565090179443359,-5.073951244354248,-4.358014106750488,-3.6448709964752197
-9.98392391204834,-11.848867416381836,-11.329801559448242,-11.283393859863281,-12.617362976074219,-15.838081359863281,-17.52094078063965,-17.432044982910156,-18.229084014892578,-19.895475387573242,-20.435882568359375,-19.727476119995117,-17.810606002807617,-15.056053161621094,-5.538661956787109,-7.613046646118164,-16.22626495361328,-15.71206283569336,-15.156627655029297,-13.298701286315918,-10.527045249938965,-6.39707612991333,-6.807182312011719,-5.929985523223877,-4.138079643249512,-3.2285897731781006,-2.117492437362671,-2.5287036895751953,-3.7374799251556396,-4.995722770690918,-5.9620361328125,-6.7608489990234375,-9.259406089782715,-9.351396560668945,-8.046187400817871,-6.018682479858398,-3.86313533782959,-4.320205211639404,-4.652277946472168,-6.262253284454346,-4.575563430786133,-2.5157811641693115,-3.8523237705230713
-7.691784381866455,-8.608739852905273,-7.932043552398682,-6.757969379425049,-8.19918441772461,-10.758950233459473,-12.911473274230957,-12.935064315795898,-12.838127136230469,-14.707145690917969,-16.873552322387695,-18.83077621459961,-19.723468780517578,-19.172718048095703,-14.614962577819824,-11.884770393371582,-16.774311065673828,-15.239051818847656,-16.190153121948242,-15.765281677246094,-14.45432186126709,-11.805830001831055,-9.127370834350586,-8.00558853149414,-5.837857723236084,-3.8146345615386963,-0.28320610523223877,-0.4910306930541992,-3.9197371006011963,-5.6119465827941895,-6.429198265075684,-8.208056449890137,-8.606279373168945,-7.827390670776367,-7.059425354003906,-3.991448402404785,-2.3244388103485107,-3.7347381114959717,-4.476728439331055,-7.0142412185668945,-4.870029926300049,-2.10756254196167,-4.060531139373779
-7.899667739868164,-8.013866424560547,-7.06619119644165,-5.263558387756348,-4.732361793518066,-5.569511413574219,-6.2661566734313965,-5.498244762420654,-5.546899318695068,-7.584475040435791,-9.995070457458496,-12.45837688446045,-13.602997779846191,-13.090359687805176,-13.616188049316406,-14.435567855834961,-17.067729949951172,-17.52243995666504,-16.41396713256836,-13.162022590637207,-10.14881420135498,-9.332507133483887,-8.872932434082031,-9.144886016845703,-9.830680847167969,-8.874970436096191,-3.4543046951293945,-5.031612873077393,-6.938244819641113,-6.9693922996521,-7.8210673332214355,-8.775891304016113,-6.497490406036377,-3.9219770431518555,-3.088423728942871,-2.094877004623413,-1.7351213693618774,-3.4884049892425537,-4.517297267913818,-6.492857456207275,-6.094525337219238,-4.098715305328369,-2.1276001930236816
-7.5545172691345215,-8.27225112915039,-7.065238952636719,-5.853638172149658,-5.097261428833008,-4.74503231048584,-4.497746467590332,-4.062989234924316,-4.392099380493164,-5.44913387298584,-6.792104721069336,-7.723054885864258,-7.803163051605225,-6.483728408813477,-4.686249256134033,-6.173367023468018,-9.679387092590332,-11.178735733032227,-10.231293678283691,-6.471479892730713,-4.151054859161377,-3.8669040203094482,-5.409075736999512,-9.260772705078125,-9.659029006958008,-8.381938934326172,-5.314285755157471,-6.574692726135254,-6.087732315063477,-4.441733360290527,-6.84583854675293,-4.892359256744385,-2.117664098739624,-0.8274791836738586,-0.4227983057498932,-0.03209022805094719,-2.3985278606414795,-3.0736446380615234,-3.6640915870666504,-5.056497573852539,-6.258871555328369,-4.7073445320129395,-2.1230340003967285
-5.608901500701904,-7.0845441818237305,-6.772414207458496,-6.681717872619629,-6.386148452758789,-5.924299240112305,-5.257331848144531,-4.6976423263549805,-5.253849029541016,-5.972611904144287,-6.85875940322876,-7.031893253326416,-7.1157050132751465,-7.0927863121032715,-5.449488639831543,-4.302444934844971,-5.006765365600586,-4.798003196716309,-5.061126232147217,-4.176948070526123,-3.8410825729370117,-2.896547317504883,-3.7107717990875244,-4.372608661651611,-3.9049489498138428,-2.68330979347229,-2.6886746883392334,-4.082542419433594,-2.973250389099121,-1.1001980304718018,-1.5646710395812988,-0.024034354835748672,0.5423377156257629,-0.9245610237121582,-2.4376487731933594,-0.7169895768165588,-2.117177724838257,-4.0294342041015625,-4.677411079406738,-5.621442794799805,-5.592044830322266,-3.892397880554199,-2.277223587036133
-7.427490234375,-6.798591136932373,-6.580125331878662,-6.9466047286987305,-6.757776260375977,-6.851029396057129,-6.743978023529053,-6.312793254852295,-6.138959884643555,-6.131281852722168,-6.321601867675781,-6.741591453552246,-7.105434894561768,-7.370355129241943,-6.719238758087158,-4.881974220275879,-3.4532811641693115,-2.8271336555480957,-2.9233152866363525,-2.3115875720977783,-2.436312675476074,-2.5828280448913574,-3.708005666732788,-4.99081563949585,-3.6159186363220215,-1.6984879970550537,-1.0812664031982422,-2.767181634902954,-0.6365221738815308,1.3274304866790771,1.6107228994369507,0.7140735387802124,0.39395204186439514,-0.5429749488830566,-3.540447950363159,-4.942499160766602,-4.906510353088379,-5.31221342086792,-5.329890727996826,-5.3697943687438965,-4.990223407745361,-3.8294837474823,-2.424438953399658
-8.02596664428711,-7.523133754730225,-6.765690326690674,-6.928215980529785,-6.065614223480225,-5.121349334716797,-4.576894283294678,-4.5426740646362305,-4.335838794708252,-4.515050411224365,-4.559942245483398,-5.122143745422363,-5.885251998901367,-5.862965106964111,-5.121821403503418,-3.557758331298828,-2.9381184577941895,-2.7408502101898193,-3.170884132385254,-1.9426759481430054,-1.8541433811187744,-2.882434606552124,-3.35115385055542,-3.516834259033203,-1.7858010530471802,0.22372648119926453,0.2604708969593048,-1.729233980178833,-0.9118626117706299,0.9683036804199219,1.8465428352355957,1.7479647397994995,1.201515793800354,-0.7812873721122742,-4.047999382019043,-6.319347858428955,-7.884934902191162,-7.506410121917725,-6.3299641609191895,-5.499538421630859,-5.264230728149414,-4.607230186462402,-3.7235398292541504
-7.134338855743408,-7.719752311706543,-8.520459175109863,-8.590034484863281,-7.7715373039245605,-5.9934611320495605,-2.979001760482788,-0.704789400100708,-1.0568816661834717,-2.5097692012786865,-3.3034908771514893,-3.652740478515625,-3.572723150253296,-2.8502814769744873,-2.783536672592163,-3.1856939792633057,-3.5673000812530518,-3.524317741394043,-4.0260114669799805,-3.221731424331665,-3.24813175201416,-3.1753151416778564,-2.704711437225342,-1.3249998092651367,0.2500595450401306,1.6470519304275513,1.5282256603240967,0.2754119336605072,-0.3766362965106964,0.3954329490661621,1.1820920705795288,1.4818521738052368,1.0158002376556396,-1.0061861276626587,-3.921701192855835,-5.757798194885254,-8.274916648864746,-8.749798774719238,-8.191705703735352,-7.137601375579834,-6.761245250701904,-6.611320972442627,-5.861315727233887
-6.767094612121582,-7.115558624267578,-9.860469818115234,-9.983330726623535,-9.635538101196289,-8.746397972106934,-6.011559963226318,-1.4657243490219116,0.3357568085193634,-1.391817331314087,-2.475755214691162,-3.3185129165649414,-3.142866611480713,-1.7756266593933105,-1.090391755104065,-1.9662553071975708,-2.837888240814209,-3.7586467266082764,-3.87434983253479,-3.7797443866729736,-3.3484249114990234,-2.884160041809082,-2.097944974899292,-0.9911962747573853,0.30599427223205566,1.4562363624572754,2.3099257946014404,2.3413257598876953,1.866529941558838,1.8162180185317993,1.4095146656036377,0.849247932434082,-0.24927011132240295,-2.057511806488037,-4.233029365539551,-5.904868125915527,-7.600333213806152,-8.133005142211914,-8.152477264404297,-7.522267818450928,-6.967555999755859,-6.622344017028809,-6.141847133636475
-7.476795196533203,-8.261202812194824,-10.325932502746582,-10.812126159667969,-10.746198654174805,-10.383004188537598,-9.477604866027832,-6.771609783172607,-3.406280755996704,-2.898803949356079,-3.313460111618042,-4.107631683349609,-4.181665420532227,-2.8213043212890625,-0.6994971632957458,-1.1536352634429932,-1.4773626327514648,-2.120778799057007,-3.192716598510742,-3.581918716430664,-3.3975982666015625,-2.4424889087677,-1.322517991065979,-0.2972815930843353,0.26769164204597473,0.5763679146766663,0.9204923510551453,0.8062971234321594,0.411758154630661,0.47020575404167175,0.2801937162876129,-0.24590668082237244,-1.1191681623458862,-2.105170488357544,-3.297644853591919,-4.660654544830322,-6.5973687171936035,-7.3708109855651855,-7.643881797790527,-7.493345737457275,-6.854254722595215,-6.132290840148926,-5.783292293548584
-7.6436591148376465,-8.745797157287598,-9.9979887008667,-10.842432975769043,-11.005298614501953,-10.590242385864258,-10.102832794189453,-9.35163688659668,-7.835447788238525,-6.569476127624512,-6.617597579956055,-7.2005839347839355,-7.802092552185059,-7.179819107055664,-3.602851629257202,-0.10551957786083221,1.509580135345459,1.8876646757125854,0.8911206722259521,-0.18676631152629852,-0.5763183236122131,-0.7439562678337097,-0.6254951357841492,-0.4096195101737976,-0.5546507835388184,-1.4762605428695679,-2.678494691848755,-3.6487643718719482,-4.271801471710205,-4.155348777770996,-3.5474495887756348,-3.0825271606445312,-2.8185884952545166,-2.6483709812164307,-2.491947650909424,-3.491425037384033,-5.0961408615112305,-6.006762504577637,-6.359173774719238,-6.678151607513428,-6.644900321960449,-6.269554615020752,-6.118443489074707
-8.382312774658203,-9.051251411437988,-9.593019485473633,-10.075980186462402,-10.433494567871094,-10.438596725463867,-10.149240493774414,-9.515656471252441,-9.049304962158203,-9.15040397644043,-9.460990905761719,-9.755348205566406,-10.344267845153809,-10.299032211303711,-7.836454391479492,-2.1660757064819336,2.9772114753723145,4.284035682678223,4.0893754959106445,3.5700583457946777,2.9355506896972656,2.3887546062469482,1.6962624788284302,1.001346468925476,0.14995254576206207,-1.2930433750152588,-2.9346179962158203,-4.061916828155518,-4.581361770629883,-4.92207145690918,-4.728487968444824,-4.016368865966797,-3.0668160915374756,-2.346550464630127,-2.148500442504883,-2.7774529457092285,-3.9178783893585205,-4.867125511169434,-5.0808796882629395,-5.123619079589844,-5.527275085449219,-5.58848237991333,-5.364923477172852
-9.258586883544922,-9.245593070983887,-9.44010066986084,-9.656291961669922,-9.844559669494629,-9.915426254272461,-10.029322624206543,-9.951016426086426,-10.068869590759277,-10.39503288269043,-10.498478889465332,-10.263742446899414,-10.253392219543457,-9.639190673828125,-9.866691589355469,-5.505853176116943,1.4611302614212036,4.1085710525512695,4.430686950683594,5.50541353225708,5.449060440063477,5.094757556915283,3.8156015872955322,2.024242639541626,0.393328458070755,-0.8076929450035095,-1.4950706958770752,-2.0368127822875977,-2.9230456352233887,-3.969003438949585,-4.953752517700195,-5.41579008102417,-5.023030757904053,-4.1996588706970215,-3.2811179161071777,-3.0358595848083496,-3.4145755767822266,-3.946272373199463,-4.081030368804932,-3.7038185596466064,-3.678626298904419,-4.299983978271484,-4.368500232696533
-8.710689544677734,-8.028694152832031,-8.294771194458008,-9.318817138671875,-9.997335433959961,-10.153634071350098,-10.183503150939941,-10.387903213500977,-10.768330574035645,-11.076141357421875,-11.352263450622559,-11.398357391357422,-11.270999908447266,-11.584956169128418,-12.154189109802246,-10.651362419128418,-5.686843395233154,0.2723369598388672,3.6798245906829834,4.96152400970459,5.205313205718994,5.012159824371338,4.140801906585693,2.3923866748809814,0.8157048225402832,0.022750714793801308,-0.050709791481494904,-0.1554940640926361,-1.3324544429779053,-2.640369415283203,-3.7000274658203125,-4.759530067443848,-5.520802974700928,-5.571205139160156,-4.478423595428467,-3.5691137313842773,-3.1007940769195557,-2.7711124420166016,-2.406709671020508,-2.3019907474517822,-2.3874351978302,-2.6764256954193115,-2.9281930923461914
-6.9444732666015625,-6.433422565460205,-6.75619649887085,-8.298247337341309,-9.695107460021973,-10.533556938171387,-10.847040176391602,-10.989344596862793,-10.862356185913086,-10.719809532165527,-11.187041282653809,-11.911581993103027,-11.857328414916992,-11.384061813354492,-11.772480010986328,-12.72294807434082,-11.539249420166016,-7.62617301940918,-1.9156564474105835,0.6343356966972351,1.7378602027893066,2.3113317489624023,1.7808887958526611,1.4332457780838013,0.9312455058097839,0.640044629573822,0.5874145030975342,0.7727887034416199,1.0358227491378784,0.8689658045768738,0.5700457096099854,-0.463821679353714,-1.7417081594467163,-2.7715706825256348,-2.7283036708831787,-2.2273945808410645,-1.3652992248535156,-0.9904326796531677,-0.77851802110672,-0.8103068470954895,-1.0338996648788452,-1.2325619459152222,-1.4611380100250244
-5.63719367980957,-5.728314399719238,-6.0511064529418945,-6.925416469573975,-8.251509666442871,-9.517131805419922,-10.097623825073242,-10.326102256774902,-10.09628963470459,-9.597145080566406,-9.6439790725708,-10.508377075195312,-10.571523666381836,-9.732675552368164,-8.65180778503418,-9.670973777770996,-10.05408763885498,-10.84945011138916,-7.805912494659424,-4.177940368652344,-1.577375054359436,0.5689648985862732,0.4276063144207001,0.4331860840320587,0.5970070958137512,0.5094073414802551,0.47283121943473816,0.6686983704566956,1.4830560684204102,1.8123564720153809,1.2594177722930908,0.27534395456314087,-0.5547077655792236,-1.3013861179351807,-1.4906045198440552,-1.579422116279602,-1.2256473302841187,-0.9711579084396362,-0.6288055181503296,-0.09208893775939941,0.219849094748497,0.49615684151649475,0.6914370656013489
-5.185856819152832,-5.508813858032227,-5.653902530670166,-6.032120704650879,-6.6130828857421875,-7.343093395233154,-7.965543270111084,-8.527304649353027,-8.419571876525879,-8.287817001342773,-7.836049556732178,-7.7939934730529785,-8.174198150634766,-7.780979156494141,-6.689504146575928,-6.347136974334717,-7.703794479370117,-9.274572372436523,-9.12108039855957,-7.41687536239624,-5.174238681793213,-1.6638177633285522,0.4196935296058655,1.3341262340545654,1.7643266916275024,2.2679665088653564,1.8579509258270264,1.619859218597412,1.3483219146728516,1.0440455675125122,0.5949550271034241,0.7125836610794067,0.9217876195907593,0.8752237558364868,0.605733335018158,0.2743655741214752,-0.22947387397289276,-0.2920331060886383,0.11548715829849243,0.9864371418952942,1.693237066268921,2.469853639602661,3.082017183303833
