data/wind_data/wind_59_7.json
{"header": {"parameterUnit": "KT", "parameterCategory": 2, "nx": 256, "ny": 198, "lo1": 44.73521041870117, "la1": -3.236724853515625, "lo2": 111.26478576660156, "la2": 43.468475341796875, "dx": 0.2609002888202667, "dy": -0.23708222806453705, "refTime": "2025-02-21 11:00:00", "forecastTime": 0, "parameterNumber": 2, "parameterNumberName": "eastward_wind"}, "data":
[rows 80 to 99 of 198, columns 132 to 175 of 256]
46.6630744934082,46.59034729003906,46.76475524902344,47.10003662109375,47.50354766845703,48.00939178466797,48.51810836791992,48.78530502319336,48.51765060424805,48.26710891723633,48.16067886352539,47.43729782104492,46.70838928222656,46.45859146118164,46.018680572509766,45.457618713378906,45.421058654785156,45.751625061035156,46.00079345703125,45.99863815307617,45.71617126464844,45.326759338378906,44.953739166259766,44.502723693847656,43.96424102783203,43.54597854614258,43.48927688598633,43.817420959472656,44.30668640136719,44.60679244995117,44.480010986328125,43.93659210205078,43.226985931396484,42.469825744628906,41.701412200927734,40.983543395996094,40.52568817138672,40.589481353759766,41.113075256347656,41.72470474243164,42.1300163269043,42.349300384521484,42.58926010131836,42.95859909057617
49.12627410888672,48.92241287231445,48.92060470581055,49.14212417602539,49.38064956665039,49.749935150146484,50.25985336303711,50.48896789550781,50.221744537353516,49.768280029296875,49.44225311279297,49.62102508544922,49.86547088623047,49.32767868041992,48.552085876464844,48.06829071044922,47.742225646972656,47.59186935424805,47.74296951293945,48.0289421081543,48.10303497314453,47.88157272338867,47.47303009033203,46.92055892944336,46.261409759521484,45.648948669433594,45.320430755615234,45.34209442138672,45.68359375,46.24382781982422,46.72255325317383,46.787105560302734,46.463993072509766,45.91151428222656,45.24490737915039,44.45326614379883,43.56003952026367,42.84038162231445,42.63937759399414,42.99650573730469,43.571327209472656,44.075096130371094,44.463680267333984,44.7359504699707
51.251792907714844,51.27061462402344,51.255496978759766,51.40602493286133,51.528263092041016,51.65125274658203,51.868896484375,51.96725082397461,51.78792953491211,51.51458740234375,51.054603576660156,50.94017791748047,52.1356201171875,52.330562591552734,51.216461181640625,50.65890121459961,50.51487350463867,50.06023406982422,49.703041076660156,49.8404541015625,50.204002380371094,50.40412902832031,50.25999069213867,49.75566864013672,48.966854095458984,48.1688346862793,47.61587905883789,47.29096984863281,47.232948303222656,47.53789138793945,48.12841033935547,48.695369720458984,49.03690719604492,49.033477783203125,48.585906982421875,47.83553695678711,46.976104736328125,46.10839080810547,45.39540481567383,44.993228912353516,44.98893356323242,45.40321350097656,46.06059265136719,46.596466064453125
53.07927322387695,53.269622802734375,53.37896728515625,53.54521560668945,53.71205139160156,53.791587829589844,53.6964111328125,53.462928771972656,53.36721420288086,53.4389533996582,53.235939025878906,52.75455093383789,52.97120666503906,54.03267288208008,54.71223831176758,53.83904266357422,52.72035598754883,52.35630798339844,52.39296340942383,52.358970642089844,52.29605484008789,52.4234733581543,52.57468795776367,52.38270568847656,51.76850891113281,51.06267166137695,50.43006896972656,49.813079833984375,49.317420959472656,49.091957092285156,49.293243408203125,49.92832946777344,50.746822357177734,51.36576843261719,51.42136764526367,50.940189361572266,50.23330307006836,49.53779602050781,48.89812469482422,48.13643264770508,47.3349723815918,46.95231628417969,47.22907257080078,47.88430404663086
55.09762954711914,55.27034378051758,55.32019805908203,55.440696716308594,55.574058532714844,55.67654037475586,55.60610580444336,55.217491149902344,54.905086517333984,55.1109619140625,55.335350036621094,55.083457946777344,54.5124626159668,54.821128845214844,56.679019927978516,57.1472282409668,55.87367630004883,54.94050979614258,54.859554290771484,54.965660095214844,54.72950744628906,54.45044708251953,54.432373046875,54.41146469116211,54.15609359741211,53.78627395629883,53.28921890258789,52.6990852355957,52.034034729003906,51.26235580444336,50.800254821777344,51.112464904785156,52.06237030029297,53.07063674926758,53.64746856689453,53.60718536376953,53.12763977050781,52.60413360595703,52.21152114868164,51.638206481933594,50.68218231201172,49.689048767089844,49.15010070800781,49.233009338378906
57.29587173461914,57.626888275146484,57.59065246582031,57.513065338134766,57.387359619140625,57.25547409057617,57.235023498535156,57.07130813598633,56.724124908447266,56.62253189086914,56.853214263916016,57.189170837402344,56.94922637939453,56.586605072021484,57.36699295043945,58.55232238769531,59.14047622680664,58.88420486450195,57.78367614746094,57.130149841308594,57.08148193359375,56.77885055541992,56.365150451660156,56.20372009277344,56.213134765625,56.14011764526367,55.83552932739258,55.54998016357422,55.05070114135742,54.05292892456055,53.13636779785156,52.98760986328125,53.61634826660156,54.575923919677734,55.407405853271484,55.727447509765625,55.4814338684082,55.13391876220703,54.97071075439453,54.751712799072266,54.202754974365234,53.338008880615234,52.382869720458984,51.61366271972656
59.27766036987305,59.74380111694336,59.91926574707031,59.95928955078125,59.77740478515625,59.35948944091797,58.99746322631836,58.81111145019531,58.641387939453125,58.47235107421875,58.366615295410156,58.84763717651367,59.37575149536133,58.70968246459961,58.4371223449707,59.61245346069336,60.796634674072266,61.46980667114258,61.34653854370117,60.48872375488281,59.611106872558594,59.04442596435547,58.61896514892578,58.292537689208984,58.19461441040039,58.231632232666016,58.13055419921875,58.04135513305664,57.83879470825195,57.09147262573242,56.172245025634766,55.75596237182617,55.964111328125,56.50716018676758,57.10598373413086,57.42329025268555,57.285484313964844,57.09097671508789,57.11009216308594,57.24510192871094,57.28263854980469,56.96741485595703,56.163063049316406,55.00857925415039
61.308441162109375,61.568450927734375,61.71994400024414,61.91368865966797,62.08332824707031,61.973236083984375,61.498966217041016,60.915462493896484,60.52687454223633,60.40383529663086,60.215240478515625,60.18511199951172,61.08444595336914,61.0629768371582,60.01319122314453,60.6052131652832,62.3543815612793,62.846656799316406,63.26511001586914,64.06265258789062,63.267024993896484,61.84894943237305,61.21238708496094,60.84142303466797,60.43660354614258,60.27046203613281,60.20068359375,60.12068176269531,59.97825622558594,59.534114837646484,59.06298065185547,58.99666213989258,59.18963623046875,59.275909423828125,59.250919342041016,59.14597702026367,58.939842224121094,58.81938934326172,58.947425842285156,59.301212310791016,59.68427658081055,59.79924011230469,59.401756286621094,58.53363800048828
63.58295440673828,63.65567398071289,63.50230026245117,63.53604507446289,63.8381462097168,64.16129302978516,64.1275863647461,63.53556442260742,62.78096008300781,62.489097595214844,62.2143669128418,61.79722213745117,62.23787307739258,62.602149963378906,61.84721374511719,61.92258834838867,63.569725036621094,64.61263275146484,64.9898681640625,65.73053741455078,66.2044906616211,65.65669250488281,64.72344970703125,63.91550827026367,63.1042594909668,62.52943801879883,62.273643493652344,62.00339889526367,61.60041427612305,61.22842788696289,61.28507995605469,61.8207893371582,62.28076934814453,62.286277770996094,62.01123046875,61.626014709472656,61.19414138793945,60.89202117919922,60.88084030151367,61.13138961791992,61.48540115356445,61.76936340332031,61.78878402709961,61.492340087890625
65.73054504394531,65.96067810058594,65.69564056396484,65.43668365478516,65.60120391845703,66.03849029541016,66.31904602050781,66.13516998291016,65.50128173828125,64.91230010986328,64.45830535888672,63.88533020019531,63.613067626953125,63.64417266845703,63.39103317260742,63.57059860229492,64.67572021484375,66.15367126464844,67.22779846191406,67.26721954345703,67.80010986328125,68.79747009277344,68.34378814697266,67.2132339477539,66.13101959228516,65.12789916992188,64.51239776611328,64.0982437133789,63.42776870727539,62.78560256958008,62.953651428222656,63.907989501953125,64.73670959472656,64.9593734741211,64.80766296386719,64.50354766845703,64.08507537841797,63.66520309448242,63.41006851196289,63.3132209777832,63.324607849121094,63.43525695800781,63.5733528137207,63.65080261230469
68.00468444824219,68.26970672607422,68.21885681152344,67.90479278564453,67.82062530517578,68.04766845703125,68.30778503417969,68.38705444335938,68.04864501953125,67.44866180419922,66.91454315185547,66.32746124267578,65.68380737304688,65.367431640625,65.3093490600586,65.38267517089844,65.94166564941406,67.48352813720703,68.81902313232422,69.22836303710938,69.83079528808594,70.78728485107422,70.9780502319336,70.1435775756836,69.0552978515625,68.0045394897461,67.23298645019531,66.68111419677734,65.7594985961914,64.72604370117188,64.63494873046875,65.59484100341797,66.60159301757812,67.05441284179688,67.1446533203125,67.09712982177734,66.9380874633789,66.71589660644531,66.49297332763672,66.22798919677734,65.88362884521484,65.54457092285156,65.35023498535156,65.34757232666016
70.91006469726562,70.82620239257812,70.83740234375,70.79676055908203,70.69158935546875,70.64254760742188,70.5900650024414,70.51809692382812,70.23590087890625,69.6154556274414,69.16980743408203,68.92800903320312,68.13957214355469,67.72127532958984,67.88324737548828,67.78280639648438,67.8072509765625,68.4783935546875,70.36151123046875,71.31735229492188,70.84874725341797,71.68465423583984,73.00782775878906,72.87551879882812,71.93536376953125,71.07128143310547,70.42884826660156,69.68311309814453,68.48869323730469,67.16327667236328,66.7247314453125,67.39813995361328,68.2501220703125,68.71114349365234,68.92879486083984,69.09683990478516,69.25830078125,69.36592864990234,69.41695404052734,69.38131713867188,69.1010971069336,68.51045227050781,67.84391021728516,67.37255096435547
74.07097625732422,73.95062255859375,73.58763122558594,73.55915832519531,73.65531158447266,73.63642883300781,73.3941650390625,72.988037109375,72.51158142089844,71.85234069824219,71.2193374633789,70.98236083984375,70.7364273071289,70.51103973388672,70.72547912597656,70.670166015625,70.38508605957031,70.21483612060547,71.12373352050781,72.18952941894531,72.53874206542969,73.01045989990234,73.52998352050781,74.20997619628906,74.3700180053711,74.0589370727539,73.63763427734375,72.7496566772461,71.26580047607422,69.85106658935547,69.29584503173828,69.73190307617188,70.32872009277344,70.51446533203125,70.55128479003906,70.75804138183594,71.12932586669922,71.4775161743164,71.77073669433594,72.0819320678711,72.21598052978516,71.83722686767578,71.01213073730469,70.12164306640625
75.92597961425781,77.00308227539062,76.66242218017578,76.30162811279297,76.26887512207031,76.25177764892578,76.0562744140625,75.62110137939453,75.03388214111328,74.34735107421875,73.6612319946289,73.15833282470703,72.90877532958984,73.13912963867188,73.59923553466797,73.64402770996094,73.3243408203125,72.70806121826172,72.47685241699219,72.92252349853516,73.5252456665039,73.94496154785156,74.18595123291016,75.06358337402344,76.05259704589844,76.36048126220703,76.16096496582031,75.39978790283203,74.05633544921875,72.60728454589844,71.97229766845703,72.3441390991211,72.87625122070312,72.9137954711914,72.69134521484375,72.67503356933594,72.94751739501953,73.34022521972656,73.77957153320312,74.29244995117188,74.7229232788086,74.68602752685547,74.03883361816406,73.08804321289062
75.72567749023438,78.47105407714844,79.13002014160156,78.84590148925781,78.60105895996094,78.40635681152344,78.16045379638672,77.86785125732422,77.48500061035156,76.9605941772461,76.36719512939453,75.80645751953125,75.4184341430664,75.42874145507812,75.63737487792969,75.83406829833984,76.06644439697266,75.70681762695312,75.10150146484375,74.85343170166016,74.92210388183594,75.12800598144531,75.25132751464844,75.64263153076172,76.49864196777344,77.39173889160156,77.68617248535156,77.4767074584961,76.71732330322266,75.59886169433594,74.7687759399414,74.78598022460938,75.33749389648438,75.63233184814453,75.52885437011719,75.31210327148438,75.23570251464844,75.39857482910156,75.77900695800781,76.26195526123047,76.69500732421875,76.82903289794922,76.46231079101562,75.72395324707031
74.85761260986328,78.2541732788086,80.2263412475586,80.46649169921875,80.23162078857422,79.94432830810547,79.63761138916016,79.47706604003906,79.45516967773438,79.41251373291016,79.21055603027344,78.79226684570312,78.17658233642578,77.71199798583984,77.52217102050781,77.3705825805664,77.63048553466797,77.95365142822266,77.79026794433594,77.5078125,77.31504821777344,77.14348602294922,77.12003326416016,77.04613494873047,77.08973693847656,77.68064880371094,77.94451141357422,78.32431030273438,78.55012512207031,78.18909454345703,77.47159576416016,77.13355255126953,77.5673828125,78.21768951416016,78.55726623535156,78.4825668334961,78.18862915039062,78.0139389038086,78.09439086914062,78.28643798828125,78.4670639038086,78.5748062133789,78.4499282836914,78.01331329345703
74.61991882324219,77.4824447631836,80.27501678466797,81.3048095703125,81.12931060791016,80.71959686279297,80.31767272949219,80.28114318847656,80.68716430664062,81.2346420288086,81.60395812988281,81.60169982910156,81.14835357666016,80.35564422607422,79.68366241455078,79.27822875976562,79.1467514038086,79.2477035522461,79.32816314697266,79.44586181640625,79.5572738647461,79.45133972167969,79.23210144042969,79.10302734375,78.59929656982422,78.10557556152344,77.94763946533203,78.54179382324219,79.48390197753906,79.88018035888672,79.49514770507812,79.11860656738281,79.52232360839844,80.43431854248047,81.24543762207031,81.59466552734375,81.45281219482422,81.09808349609375,80.81192779541016,80.65797424316406,80.58146667480469,80.51763153076172,80.37895202636719,80.10008239746094
74.93577575683594,77.09796142578125,79.86707305908203,81.7964859008789,82.01069641113281,81.34286499023438,80.67322540283203,80.56566619873047,81.21836853027344,82.26388549804688,83.13157653808594,83.52765655517578,83.429931640625,82.91590881347656,82.23623657226562,81.63187408447266,81.15638732910156,80.79796600341797,80.61048126220703,80.7292709350586,80.93517303466797,80.9363021850586,80.78221893310547,80.57579040527344,80.32316589355469,79.75165557861328,79.10963439941406,79.05696105957031,79.92205047607422,80.92125701904297,80.9827651977539,80.66573333740234,81.07432556152344,82.20903015136719,83.42414093017578,84.20433807373047,84.4128189086914,84.22563171386719,83.8349380493164,83.45697021484375,83.23149108886719,82.99967193603516,82.61068725585938,82.19646453857422
75.35192108154297,77.03695678710938,79.33906555175781,81.5374526977539,82.5385971069336,82.16345977783203,81.37992095947266,81.06611633300781,81.62074279785156,82.76668548583984,83.85926055908203,84.48554992675781,84.63490295410156,84.4637451171875,84.1355209350586,83.87889862060547,83.63154602050781,83.1269760131836,82.52367401123047,82.25016784667969,82.1714859008789,81.85448455810547,81.53120422363281,81.31147766113281,81.2340087890625,81.33777618408203,81.2051010131836,80.79373931884766,80.91732788085938,81.65089416503906,82.18719482421875,82.32764434814453,82.58283233642578,83.43151092529297,84.77434539794922,85.96647644042969,86.67212677001953,86.99845886230469,86.937744140625,86.56796264648438,86.2454833984375,85.96451568603516,85.45397186279297,84.80448913574219
75.71165466308594,76.83219909667969,78.67469787597656,80.58956909179688,81.86556243896484,82.226806640625,82.10185241699219,82.02544403076172,82.42121124267578,83.24848175048828,84.18281555175781,84.8788833618164,85.1175537109375,85.03410339355469,85.04125213623047,85.3517837524414,85.52871704101562,85.40945434570312,85.02649688720703,84.46430206298828,83.94892883300781,83.3891372680664,82.67593383789062,81.9925537109375,81.67298889160156,81.84993743896484,82.31344604492188,82.59446716308594,82.65196990966797,82.85426330566406,83.3453369140625,83.86846923828125,84.2021255493164,84.65666961669922,85.68258666992188,87.01097869873047,88.11504364013672,88.96409606933594,89.5428466796875,89.71163177490234,89.61874389648438,89.37267303466797,88.90324401855469,88.18080139160156
