data/wind_data/wind_Surface_19.json
{"header": {"parameterUnit": "KT", "parameterCategory": 2, "nx": 255, "ny": 198, "lo1": 44.73521041870117, "la1": -3.236724853515625, "lo2": 111.26478576660156, "la2": 43.468475341796875, "dx": 0.26192745566368103, "dy": -0.23708222806453705, "refTime": "2025-02-19 19:00:00", "forecastTime": 0, "parameterNumber": 3, "parameterNumberName": "northward_wind"}, "data":
[rows 171 to 189 of 198, columns 0 to 42 of 255]
2.7470781803131104,4.129349708557129,4.806084632873535,5.320509910583496,5.730954170227051,3.6007401943206787,3.1493701934814453,0.6026762127876282,1.7173277139663696,7.594991207122803,12.9640474319458,14.636148452758789,9.128623962402344,2.5742712020874023,-1.2340067625045776,-4.297669410705566,-15.110325813293457,-11.47612476348877,-7.146182537078857,-4.532124042510986,-2.5243496894836426,-1.7133712768554688,-1.0021321773529053,-1.470348596572876,-1.5344396829605103,-2.6669564247131348,-3.432950258255005,-4.309853553771973,-4.680160999298096,-5.1829047203063965,-5.988755702972412,-6.63761043548584,-6.937005519866943,-6.619784355163574,-5.600549221038818,-4.487381458282471,-4.789284706115723,-3.707195281982422,-2.0731089115142822,-2.5306992530822754,-4.585611343383789,-5.552787780761719,-1.577879548072815
3.968330144882202,5.787348747253418,5.28441047668457,6.726620197296143,10.630494117736816,10.895727157592773,11.895862579345703,10.062277793884277,7.2581048011779785,9.831307411193848,10.258092880249023,7.2897047996521,3.3519458770751953,-1.7699626684188843,-4.245210647583008,-4.800777435302734,-13.468141555786133,-11.2385892868042,-8.418344497680664,-6.461776256561279,-4.731174945831299,-3.837312936782837,-3.0995545387268066,-3.427527666091919,-3.3886475563049316,-4.0659942626953125,-4.399367332458496,-4.860548973083496,-4.934891700744629,-5.466836929321289,-6.298177242279053,-6.9741315841674805,-7.681644916534424,-7.332766532897949,-5.949567794799805,-4.116901874542236,-3.8882412910461426,-2.9753692150115967,-1.4992564916610718,-1.190075159072876,-2.4680163860321045,-4.524333953857422,-3.3805184364318848
5.51874303817749,6.996984958648682,5.3625102043151855,6.519314289093018,12.397591590881348,12.806777954101562,11.016337394714355,10.261273384094238,9.297139167785645,5.6632304191589355,-1.0038639307022095,-4.274925708770752,-2.8438870906829834,-0.519745409488678,-0.6068511605262756,-4.059040546417236,-12.530734062194824,-12.119927406311035,-9.669550895690918,-7.47076416015625,-5.865121364593506,-5.430711269378662,-4.969766616821289,-4.697237491607666,-4.865091800689697,-5.156306743621826,-5.416808128356934,-5.343533992767334,-5.311675548553467,-5.963932514190674,-6.849058151245117,-7.771017074584961,-8.356868743896484,-7.49733304977417,-5.587195873260498,-4.088890552520752,-3.232445240020752,-3.0102741718292236,-0.8069668412208557,0.07168040424585342,-1.0231847763061523,-2.57698392868042,-2.826183795928955
5.7437424659729,6.333606243133545,4.876399517059326,4.472043037414551,7.047443389892578,5.280986785888672,0.40150928497314453,-3.3782854080200195,-0.09077311307191849,-1.174113154411316,-4.353638172149658,-4.328360080718994,-0.6011507511138916,0.3491998612880707,-0.8728169202804565,-4.113742828369141,-12.421586990356445,-15.007691383361816,-12.532357215881348,-9.913949966430664,-7.444386959075928,-6.826430320739746,-6.592272758483887,-5.874763488769531,-5.837948322296143,-6.130274295806885,-6.206700801849365,-5.816014289855957,-5.803313255310059,-6.784038066864014,-7.5954461097717285,-8.60997200012207,-8.975831985473633,-6.889400482177734,-4.545950889587402,-3.745164632797241,-3.316809892654419,-4.035543918609619,-1.9598314762115479,0.7683534622192383,1.619168758392334,1.179766058921814,0.6799229979515076
4.100726127624512,5.396078586578369,4.510348320007324,1.8945821523666382,2.9589269161224365,5.08693790435791,0.709516704082489,-4.254421710968018,-4.8093976974487305,-4.066237926483154,-4.228105545043945,-4.131766319274902,-1.34148108959198,0.327964186668396,-1.4498262405395508,-6.4291863441467285,-11.075522422790527,-17.913402557373047,-17.773462295532227,-14.590231895446777,-10.912412643432617,-8.438755989074707,-8.011185646057129,-7.1106038093566895,-6.855143070220947,-6.850360870361328,-6.799291610717773,-6.517108917236328,-6.613879680633545,-7.735317707061768,-8.282739639282227,-9.038297653198242,-9.023296356201172,-6.047121524810791,-2.9253833293914795,-2.072176218032837,-3.0688204765319824,-5.126803398132324,-5.460334777832031,-2.0617871284484863,3.098268985748291,4.882436752319336,3.540649890899658
3.9307472705841064,4.16071891784668,3.223435401916504,1.7346904277801514,5.108648300170898,9.938802719116211,3.630722761154175,0.9260649681091309,-4.466890811920166,-5.807623863220215,-6.565835475921631,-5.312749862670898,-2.271435260772705,-0.23316927254199982,-2.4118707180023193,-6.604407787322998,-9.782597541809082,-17.213455200195312,-21.722410202026367,-19.939952850341797,-16.355573654174805,-12.093986511230469,-9.985894203186035,-8.022045135498047,-7.764474868774414,-7.518983364105225,-7.408256530761719,-7.403372287750244,-7.616995811462402,-8.325312614440918,-8.534912109375,-8.722930908203125,-8.158503532409668,-5.696471214294434,-2.281942844390869,-0.2871246933937073,-2.7274293899536133,-6.354202747344971,-8.310294151306152,-5.757256507873535,0.30033740401268005,3.5556771755218506,2.483217477798462
4.7911057472229,2.7807140350341797,2.6015655994415283,2.407672166824341,4.820155620574951,5.855618476867676,1.7115999460220337,-0.6579833626747131,-4.143282413482666,-4.761279106140137,-4.650331020355225,-4.0770182609558105,-2.2548396587371826,-0.9622840285301208,-2.5343220233917236,-5.4827752113342285,-9.330766677856445,-17.58732795715332,-22.851892471313477,-22.63129425048828,-21.492366790771484,-17.92107391357422,-13.801088333129883,-9.655730247497559,-8.481839179992676,-8.255887031555176,-8.011942863464355,-8.060750961303711,-8.14474105834961,-8.38347339630127,-8.587047576904297,-8.390020370483398,-7.2652459144592285,-5.385890483856201,-3.383580207824707,0.3359716534614563,-0.5987500548362732,-2.5233559608459473,-3.7861948013305664,-4.186963081359863,-2.1732053756713867,0.23215128481388092,0.5462213158607483
5.049598693847656,2.4780731201171875,3.442714214324951,4.5637006759643555,4.844508171081543,4.963565826416016,1.0287197828292847,0.228594109416008,-1.0940431356430054,-1.8780840635299683,-2.1500139236450195,-1.6425036191940308,-0.31918737292289734,-1.0623303651809692,-4.1267008781433105,-7.679266452789307,-11.210380554199219,-19.07278823852539,-23.62738800048828,-23.05844497680664,-23.26363754272461,-22.335683822631836,-18.616979598999023,-13.079598426818848,-9.485349655151367,-8.56680965423584,-8.547395706176758,-8.417510986328125,-8.239516258239746,-8.257667541503906,-8.743664741516113,-8.824217796325684,-7.907782077789307,-6.754765510559082,-4.7025322914123535,-0.6359236836433411,3.0594403743743896,5.438823223114014,4.438518047332764,1.062315583229065,-1.2977601289749146,-0.7312570810317993,-0.4560675024986267
5.583734035491943,4.037643909454346,5.961793899536133,7.649603843688965,10.150223731994629,5.336686611175537,0.1323958933353424,-0.42557767033576965,-0.3572463393211365,-0.40272557735443115,-0.8542332053184509,-0.8819147944450378,-1.2180595397949219,-2.5307953357696533,-5.423261642456055,-9.583808898925781,-16.09482765197754,-20.63580894470215,-23.747264862060547,-23.70965576171875,-22.881010055541992,-22.992048263549805,-21.461999893188477,-17.232460021972656,-11.950672149658203,-8.940312385559082,-8.699612617492676,-8.278252601623535,-8.052736282348633,-8.00072956085205,-8.5960111618042,-9.274820327758789,-9.331904411315918,-8.29537582397461,-4.817768096923828,-1.0783377885818481,4.0735955238342285,8.094103813171387,7.532479286193848,3.7389156818389893,0.38939136266708374,-0.6285015940666199,-1.091274380683899
3.927684783935547,6.7154951095581055,5.381014347076416,6.377538204193115,5.178350925445557,3.3228049278259277,0.6021851897239685,0.13818314671516418,0.9099740982055664,0.4580841064453125,-0.5572072267532349,0.09655382484197617,0.38626477122306824,-0.40814754366874695,-2.6009297370910645,-7.414645671844482,-16.66798973083496,-22.017324447631836,-22.079172134399414,-22.814971923828125,-22.526302337646484,-22.329626083374023,-21.685392379760742,-20.226634979248047,-16.073246002197266,-11.584390640258789,-9.187402725219727,-7.855030536651611,-7.559769153594971,-7.5164475440979,-7.864388465881348,-5.83875846862793,-6.207979202270508,-5.298022747039795,-2.9743263721466064,0.12342128902673721,2.7333486080169678,4.291831970214844,3.330786943435669,1.434731364250183,0.022272344678640366,-0.3889681100845337,-0.06869541853666306
2.5716426372528076,4.638359546661377,2.2496695518493652,2.6384499073028564,-1.1089469194412231,0.39317554235458374,-1.9604418277740479,-2.612788438796997,1.0561362504959106,1.5691778659820557,0.8138191103935242,3.150496244430542,3.667140007019043,1.9573242664337158,-1.0862476825714111,-6.728943347930908,-13.879791259765625,-21.82850456237793,-21.338333129882812,-18.679508209228516,-19.896638870239258,-21.48801612854004,-20.702714920043945,-20.461145401000977,-19.093366622924805,-15.56298828125,-12.053162574768066,-8.758169174194336,-7.260226726531982,-6.86130428314209,-6.805563926696777,-4.154599666595459,-5.049139499664307,-4.180207252502441,-0.21592149138450623,2.0611305236816406,2.0126166343688965,1.537636160850525,0.5130240321159363,0.2554836869239807,0.3828999102115631,1.004349946975708,1.6680363416671753
0.349753201007843,-0.8189321160316467,-1.5452139377593994,-1.737962007522583,-4.777200222015381,-4.657388210296631,-6.572443962097168,-5.233790397644043,0.07703986018896103,2.429084300994873,2.2557430267333984,1.966504693031311,-0.01322089321911335,-1.0859183073043823,-4.320265293121338,-10.572009086608887,-15.02380657196045,-20.11872100830078,-18.01580047607422,-16.89382553100586,-16.26369857788086,-20.22355842590332,-19.355159759521484,-19.41913604736328,-18.94753074645996,-17.640193939208984,-15.400664329528809,-12.105371475219727,-8.699763298034668,-6.514153003692627,-5.764087677001953,-3.8082046508789062,-4.87168025970459,-5.080803871154785,-1.5917363166809082,3.6189799308776855,3.2312090396881104,3.284411668777466,2.956544876098633,2.8099119663238525,2.8929853439331055,2.5318703651428223,2.560004472732544
-1.3945854902267456,-3.1810996532440186,-3.501664876937866,-4.519256591796875,-6.194056987762451,-6.281713485717773,-4.998208999633789,-1.5697678327560425,0.05338212847709656,1.3345404863357544,1.3889524936676025,1.4062092304229736,0.6919553875923157,-3.011111259460449,-4.924397945404053,-13.407904624938965,-15.969504356384277,-16.695117950439453,-15.532857894897461,-18.15578269958496,-18.82468605041504,-18.87584114074707,-18.082504272460938,-18.078937530517578,-17.835670471191406,-17.400712966918945,-16.70294189453125,-15.339080810546875,-12.094881057739258,-8.107953071594238,-5.193731784820557,-4.345431804656982,-4.643887996673584,-5.380199432373047,-5.572871208190918,-0.592374861240387,3.4464802742004395,3.4736058712005615,3.577007293701172,3.7023940086364746,3.50521183013916,2.7960731983184814,2.887758731842041
-2.468488931655884,-3.4354100227355957,-3.7489542961120605,-3.835540771484375,-3.996461868286133,-5.197235584259033,-4.872323989868164,-0.42869219183921814,0.06095035746693611,1.494837999343872,2.532958745956421,1.7410228252410889,-1.468083143234253,0.5110762119293213,-2.5876705646514893,-11.405643463134766,-12.647119522094727,-12.442559242248535,-15.259734153747559,-16.548389434814453,-18.039701461791992,-17.421855926513672,-16.73187255859375,-16.560884475708008,-16.651390075683594,-16.578319549560547,-16.36554527282715,-16.22116470336914,-14.57785415649414,-11.269081115722656,-4.892511367797852,-2.744868040084839,-4.372552394866943,-5.46366548538208,-6.0466461181640625,-5.2563700675964355,-0.718407154083252,0.5737238526344299,0.787350058555603,1.742648720741272,2.0653655529022217,2.423187732696533,2.920473575592041
-2.730330467224121,-4.247600555419922,-3.414475917816162,-2.2574262619018555,-3.819153308868408,-4.391341209411621,-4.60534143447876,-0.936307430267334,0.7244533896446228,3.7463865280151367,3.74503493309021,4.933895111083984,8.236300468444824,5.8037800788879395,-5.30265998840332,-8.278419494628906,-7.540238857269287,-11.347841262817383,-14.019928932189941,-15.72625732421875,-16.778213500976562,-16.556371688842773,-15.385870933532715,-14.990959167480469,-15.13902473449707,-15.329562187194824,-15.426520347595215,-15.253528594970703,-15.490799903869629,-13.226861000061035,-6.178490161895752,-0.6708021759986877,-2.8492934703826904,-4.275716304779053,-4.787498950958252,-5.218214988708496,-2.980799436569214,-1.4584261178970337,-0.2862774729728699,1.7408447265625,2.2438721656799316,2.398634672164917,1.5156935453414917
-3.197373151779175,-3.745853900909424,-3.2133586406707764,-2.510988712310791,-2.6494603157043457,-1.9477176666259766,-2.9456892013549805,-2.9642436504364014,1.7504997253417969,5.222005844116211,5.457381248474121,10.722663879394531,12.913187980651855,-0.6817901134490967,-7.321363925933838,-6.397909641265869,-6.995262622833252,-12.316913604736328,-14.844929695129395,-15.70743179321289,-15.688780784606934,-15.701735496520996,-14.877205848693848,-13.821361541748047,-13.578533172607422,-13.657020568847656,-14.093071937561035,-13.928544998168945,-14.71173095703125,-13.02883529663086,-9.02524471282959,-1.8435003757476807,-1.1289860010147095,-2.794628858566284,-3.260338306427002,-3.4972832202911377,-3.106201410293579,-0.8248810768127441,1.5695980787277222,3.524885654449463,3.8372414112091064,2.6022744178771973,0.5790913105010986
-2.362971544265747,-3.2995994091033936,-5.010291576385498,-3.628406047821045,-0.6900380849838257,-0.5748070478439331,-0.37892916798591614,1.1536762714385986,3.7106666564941406,3.7353105545043945,11.2881498336792,8.377673149108887,-1.7511522769927979,-8.33077621459961,-8.508610725402832,-6.483667373657227,-12.893257141113281,-15.43853759765625,-15.746695518493652,-14.985675811767578,-14.459238052368164,-14.296061515808105,-14.22294807434082,-13.338396072387695,-12.439841270446777,-11.60029411315918,-11.934720993041992,-12.396735191345215,-12.52749252319336,-11.566530227661133,-8.615550994873047,-4.433032035827637,-0.8679159879684448,-0.75039142370224,-0.7653680443763733,-2.080195426940918,-2.626800060272217,0.3846825957298279,3.703705072402954,5.043929100036621,4.540830612182617,3.557197093963623,2.098276138305664
-1.4115910530090332,-3.5680856704711914,-5.2481255531311035,-3.316345691680908,-0.786838948726654,-0.5725887417793274,1.088647484779358,2.9655847549438477,2.0449864864349365,9.48165225982666,13.429771423339844,3.330277681350708,-6.334913730621338,-10.144903182983398,-9.902538299560547,-10.937456130981445,-16.60769271850586,-16.549209594726562,-16.0103816986084,-15.094109535217285,-14.071853637695312,-13.242901802062988,-12.537337303161621,-12.204719543457031,-11.419262886047363,-9.6732816696167,-8.67033863067627,-9.58862590789795,-9.933257102966309,-9.896207809448242,-4.779747486114502,-4.125380992889404,-2.1356921195983887,0.3390175998210907,0.8505146503448486,0.24483805894851685,-0.2762409448623657,0.6337053179740906,3.808135986328125,5.909377098083496,5.672860622406006,5.468601226806641,4.015059471130371
-1.443813681602478,-1.3619083166122437,-1.8700385093688965,-2.307807683944702,-1.7210980653762817,-0.2552887797355652,2.357146739959717,8.096684455871582,13.583696365356445,12.87856388092041,4.43786096572876,-1.1805974245071411,-7.831424236297607,-11.134992599487305,-10.517247200012207,-15.04655647277832,-16.564332962036133,-16.676986694335938,-16.712507247924805,-16.18648910522461,-14.547717094421387,-13.343297958374023,-11.333575248718262,-10.168086051940918,-9.728802680969238,-8.70691967010498,-6.559203147888184,-5.983926773071289,-7.098742485046387,-8.257600784301758,-3.653884172439575,-3.596543788909912,-3.1266379356384277,-0.03612404316663742,1.372471570968628,1.9963854551315308,1.8801645040512085,1.0852258205413818,2.0368735790252686,5.075035095214844,5.152120590209961,4.12934684753418,3.7401063442230225
