data/wind_data/wind_65_1.json
{"header": {"parameterUnit": "KT", "parameterCategory": 2, "nx": 256, "ny": 198, "lo1": 44.73521041870117, "la1": -3.236724853515625, "lo2": 111.26478576660156, "la2": 43.468475341796875, "dx": 0.2609002888202667, "dy": -0.23708222806453705, "refTime": "2025-02-21 17:00:00", "forecastTime": 0, "parameterNumber": 2, "parameterNumberName": "eastward_wind"}, "data":
[rows 171 to 189 of 198, columns 43 to 85 of 256]
2.900876522064209,3.2747161388397217,4.4011454582214355,5.943539619445801,11.83078670501709,12.984575271606445,5.206461429595947,3.6122372150421143,6.923121929168701,10.611288070678711,12.472772598266602,12.020466804504395,10.845229148864746,10.395747184753418,10.244490623474121,10.2989501953125,8.472955703735352,4.7127509117126465,0.34158751368522644,-3.3463714122772217,-5.363542079925537,-6.94160795211792,-7.8681745529174805,-7.779541492462158,-7.865869522094727,-8.480358123779297,-9.379222869873047,-9.382362365722656,-9.57209300994873,-9.700611114501953,-8.803141593933105,-7.656713962554932,-6.804880142211914,-5.918444633483887,-5.260549545288086,-5.417054653167725,-6.343356132507324,-6.92347526550293,-8.137354850769043,-10.726486206054688,-13.03663158416748,-14.690505027770996,-13.480663299560547
1.7606737613677979,2.2158138751983643,3.7510602474212646,8.415573120117188,11.516912460327148,9.158533096313477,7.809204578399658,8.36681842803955,9.530181884765625,11.0853271484375,11.716268539428711,11.079667091369629,10.848159790039062,10.388721466064453,9.239038467407227,8.458091735839844,7.364480972290039,3.054924249649048,-1.2175049781799316,-3.988656997680664,-5.889853477478027,-6.883930206298828,-8.190303802490234,-8.636479377746582,-8.714892387390137,-9.037874221801758,-9.494091033935547,-9.383337020874023,-9.288017272949219,-8.969154357910156,-8.13485336303711,-6.595583915710449,-5.621630668640137,-5.184967041015625,-4.583311080932617,-5.183654308319092,-6.222067356109619,-6.065437316894531,-5.397090435028076,-5.739239692687988,-10.744067192077637,-12.951432228088379,-15.375521659851074
1.2668852806091309,1.7854758501052856,5.785809516906738,9.13037395477295,10.090286254882812,11.143425941467285,12.254806518554688,11.674846649169922,10.722034454345703,11.15772533416748,11.468437194824219,10.488503456115723,10.449968338012695,10.071950912475586,8.951055526733398,8.198368072509766,6.466849327087402,1.1057789325714111,-3.310957670211792,-4.989414215087891,-7.238438606262207,-8.882598876953125,-9.461220741271973,-9.237747192382812,-9.115519523620605,-9.448811531066895,-9.782362937927246,-9.35498046875,-8.91695785522461,-8.191865921020508,-7.1421074867248535,-5.773740768432617,-5.391574859619141,-5.741267204284668,-5.608506202697754,-5.129305362701416,-4.084413528442383,-4.407181739807129,-4.936364650726318,-2.5575809478759766,-7.198848247528076,-11.250866889953613,-12.079538345336914
5.164463043212891,6.748535633087158,9.180356979370117,11.358434677124023,12.219525337219238,11.777673721313477,10.97642993927002,9.909423828125,9.741658210754395,11.338046073913574,11.962448120117188,11.737174987792969,10.795775413513184,8.239197731018066,7.210219383239746,7.793771743774414,5.397696018218994,0.5378938317298889,-3.4017224311828613,-4.742639541625977,-6.7617573738098145,-8.929119110107422,-9.74598217010498,-9.835273742675781,-9.812918663024902,-9.98363208770752,-10.116262435913086,-9.919644355773926,-9.368936538696289,-7.9317216873168945,-6.636835098266602,-6.7592668533325195,-7.246817588806152,-7.104673385620117,-6.7012038230896,-5.361340045928955,-3.9849464893341064,-5.12028169631958,-6.245288372039795,-4.129778861999512,-3.808842897415161,-9.519732475280762,-12.565189361572266
8.134432792663574,9.834239959716797,10.930490493774414,11.026777267456055,10.341558456420898,10.387704849243164,10.717972755432129,10.731710433959961,10.760567665100098,12.153173446655273,12.30473804473877,11.648734092712402,9.639490127563477,7.108063697814941,7.551314830780029,7.758192539215088,4.951382160186768,0.35905855894088745,-3.249851703643799,-5.155485153198242,-6.55058479309082,-7.999627113342285,-9.387224197387695,-10.001500129699707,-9.946051597595215,-9.889277458190918,-10.215612411499023,-10.340588569641113,-9.408148765563965,-8.37770938873291,-8.120258331298828,-8.573919296264648,-8.527994155883789,-7.481256008148193,-6.433660984039307,-5.269972801208496,-5.1003923416137695,-6.106259346008301,-6.512567520141602,-8.32799243927002,-9.214088439941406,-9.681351661682129,-10.056962966918945
8.89316177368164,9.804502487182617,10.214068412780762,10.253236770629883,10.507662773132324,11.821621894836426,12.386954307556152,12.526893615722656,12.321139335632324,12.668334007263184,12.642205238342285,12.777657508850098,10.115253448486328,7.791186809539795,8.613395690917969,7.448944091796875,3.558950662612915,-1.3353608846664429,-4.04400634765625,-5.685087203979492,-7.3798370361328125,-8.534553527832031,-9.365610122680664,-9.688440322875977,-9.760611534118652,-9.874844551086426,-10.379868507385254,-10.39486312866211,-9.704665184020996,-9.36658763885498,-9.133574485778809,-9.017702102661133,-8.423745155334473,-7.363828182220459,-6.2569990158081055,-5.313448429107666,-6.0435051918029785,-7.680580139160156,-7.892690181732178,-9.402470588684082,-10.579035758972168,-8.399665832519531,-6.3329548835754395
7.893656253814697,8.984058380126953,9.278347969055176,9.471302032470703,9.62629222869873,10.058597564697266,10.534890174865723,11.194984436035156,11.69051742553711,11.475879669189453,10.074357032775879,10.333266258239746,9.374593734741211,7.935065269470215,7.635180473327637,5.551102161407471,1.5936572551727295,-2.9476969242095947,-4.780515193939209,-5.737038612365723,-7.528506755828857,-8.88978385925293,-9.466522216796875,-9.264701843261719,-9.271851539611816,-9.868142127990723,-10.636893272399902,-10.711767196655273,-10.255813598632812,-10.041977882385254,-9.443249702453613,-8.581219673156738,-7.779857635498047,-7.195406436920166,-6.269843101501465,-5.260189056396484,-7.859065055847168,-11.109633445739746,-9.178852081298828,-7.480226516723633,-7.589945316314697,-5.140535354614258,-1.7341892719268799
9.062286376953125,9.658354759216309,9.464804649353027,9.122147560119629,8.697394371032715,9.302665710449219,10.029145240783691,10.28396224975586,9.82861328125,10.744396209716797,10.577093124389648,9.944911003112793,9.07644271850586,6.9361982345581055,5.069738388061523,2.8184614181518555,0.2206931859254837,-2.723304510116577,-4.37077522277832,-5.511285781860352,-7.140704154968262,-8.267051696777344,-8.948238372802734,-8.892912864685059,-8.997140884399414,-10.013870239257812,-11.0557222366333,-11.122230529785156,-10.774714469909668,-10.305583953857422,-9.219133377075195,-7.8919997215271,-7.127496719360352,-6.99473762512207,-7.2921671867370605,-8.333699226379395,-10.463068962097168,-10.850373268127441,-7.977831840515137,-5.670592784881592,-6.3491668701171875,-4.952632904052734,-3.1856141090393066
8.286771774291992,8.91505241394043,9.901142120361328,10.085884094238281,9.400485038757324,9.951339721679688,10.820210456848145,11.136767387390137,11.405661582946777,10.911932945251465,9.146568298339844,9.42015266418457,7.675647258758545,4.521335124969482,2.0800483226776123,1.0756217241287231,-0.05624161288142204,-2.100376605987549,-4.091928005218506,-5.778527736663818,-7.191873550415039,-8.00802993774414,-8.610295295715332,-8.83188533782959,-9.125907897949219,-9.973180770874023,-10.68613338470459,-10.647054672241211,-10.014533042907715,-9.420260429382324,-9.087043762207031,-8.29870891571045,-7.442399978637695,-6.805093288421631,-8.034902572631836,-10.138773918151855,-9.525704383850098,-7.865356922149658,-7.297820568084717,-7.884222030639648,-7.412438869476318,-5.93052864074707,-7.48848819732666
7.703237533569336,10.136154174804688,12.33928108215332,13.33340835571289,11.486612319946289,11.292466163635254,13.093520164489746,13.284579277038574,12.77168083190918,10.805398941040039,8.176820755004883,8.090927124023438,5.491023540496826,2.417112112045288,-0.18708457052707672,-0.2965831160545349,-0.9053442478179932,-2.326054811477661,-4.203214168548584,-6.416567802429199,-7.828542709350586,-8.360148429870605,-8.888971328735352,-9.143738746643066,-9.17249584197998,-9.737659454345703,-10.398466110229492,-10.721136093139648,-10.727524757385254,-10.316282272338867,-10.105744361877441,-9.19591999053955,-7.533932209014893,-6.404570579528809,-6.904505729675293,-8.810977935791016,-9.521537780761719,-8.453157424926758,-7.346045970916748,-8.266079902648926,-8.180004119873047,-6.196046352386475,-7.088724136352539
9.229896545410156,12.311633110046387,13.841471672058105,14.776330947875977,12.948201179504395,12.252864837646484,13.54273796081543,13.846391677856445,13.472516059875488,10.082826614379883,7.434648513793945,6.664479732513428,4.135169982910156,0.49995699524879456,-1.8633166551589966,-1.9292325973510742,-2.3061981201171875,-3.2938430309295654,-4.968233108520508,-6.860658168792725,-7.791112899780273,-8.007956504821777,-8.83851432800293,-9.765143394470215,-9.93138313293457,-10.484796524047852,-11.11729621887207,-11.198273658752441,-11.08413028717041,-10.8547945022583,-10.891890525817871,-10.254753112792969,-9.001479148864746,-8.028616905212402,-8.299300193786621,-8.448280334472656,-8.199944496154785,-7.044119834899902,-4.740901947021484,-5.785120964050293,-8.311573028564453,-5.0004448890686035,-1.85626220703125
11.814774513244629,13.89432430267334,14.840719223022461,15.669978141784668,14.165168762207031,13.205867767333984,13.502063751220703,14.015172004699707,13.27316951751709,8.636788368225098,6.2484002113342285,4.987559795379639,2.0523667335510254,-1.1324371099472046,-2.8331475257873535,-3.292451858520508,-3.3650765419006348,-4.026985168457031,-5.440679550170898,-6.861246585845947,-7.496063709259033,-7.751641750335693,-8.813614845275879,-10.123125076293945,-10.405515670776367,-10.659124374389648,-10.331104278564453,-9.491891860961914,-9.976601600646973,-13.38280200958252,-13.268654823303223,-10.33178997039795,-8.298062324523926,-7.6225738525390625,-8.785477638244629,-9.48744010925293,-7.296088218688965,-4.0345845222473145,-1.7597672939300537,-3.400822401046753,-3.8075945377349854,-0.951034426689148,1.5585747957229614
12.952319145202637,13.874551773071289,14.30866813659668,14.7719087600708,13.085587501525879,12.03089427947998,12.006450653076172,11.47146224975586,10.451597213745117,7.2464985847473145,5.453342914581299,2.3045647144317627,-0.0012651444412767887,-1.8384289741516113,-3.5538370609283447,-4.191689968109131,-4.106896877288818,-4.8613433837890625,-5.893947601318359,-6.530849933624268,-7.173213958740234,-7.544501781463623,-8.394980430603027,-9.988476753234863,-10.904549598693848,-11.072345733642578,-9.623993873596191,-8.983047485351562,-12.6784029006958,-14.325348854064941,-12.34703254699707,-9.108194351196289,-5.976814270019531,-6.279116153717041,-7.379831790924072,-8.394203186035156,-7.7433648109436035,-4.447915554046631,-1.2336174249649048,-0.6868219971656799,-1.3373510837554932,-0.9981158971786499,0.8458191156387329
11.504642486572266,11.479865074157715,12.584330558776855,12.575599670410156,11.655632972717285,10.935457229614258,9.754918098449707,8.577547073364258,6.68923282623291,5.315608024597168,3.4159140586853027,-0.2911943197250366,-1.6702772378921509,-3.231804370880127,-4.54451322555542,-5.003185272216797,-5.053142547607422,-5.457132816314697,-5.937527179718018,-6.292247295379639,-6.912995338439941,-7.692794322967529,-8.241814613342285,-9.383856773376465,-10.618797302246094,-10.99068832397461,-9.668070793151855,-10.23062801361084,-14.062605857849121,-14.17808723449707,-10.619953155517578,-6.926389217376709,-5.210362434387207,-6.021664142608643,-7.883677959442139,-8.585681915283203,-7.946346282958984,-6.406675338745117,-4.42011833190918,-3.270869731903076,-3.5712318420410156,-2.9439728260040283,-3.1854403018951416
6.778729438781738,8.5664701461792,11.758810043334961,12.129158020019531,10.832157135009766,8.88876724243164,6.633610248565674,6.26640510559082,5.8249993324279785,3.7323966026306152,0.5501881837844849,-2.2244789600372314,-3.8314640522003174,-5.28846549987793,-5.677273273468018,-5.63144588470459,-5.573568344116211,-5.865274429321289,-5.894970417022705,-6.1743268966674805,-6.990273952484131,-7.752553939819336,-7.636656284332275,-8.179153442382812,-9.456609725952148,-10.186466217041016,-9.791606903076172,-11.032156944274902,-13.848721504211426,-13.09158706665039,-10.777186393737793,-9.194099426269531,-8.818163871765137,-8.821763038635254,-9.460497856140137,-10.041915893554688,-8.591005325317383,-6.295079231262207,-6.59462308883667,-7.971894264221191,-8.445496559143066,-7.786677360534668,-8.741837501525879
5.745627403259277,8.574444770812988,11.096620559692383,11.568086624145508,11.606283187866211,10.621837615966797,7.862070083618164,6.658756256103516,7.349117755889893,3.575660467147827,-1.4385120868682861,-4.49779748916626,-6.0265913009643555,-6.525918006896973,-6.528721809387207,-6.553059101104736,-6.438382148742676,-6.246477127075195,-5.86631965637207,-6.029162883758545,-6.5297627449035645,-6.967378616333008,-6.841503143310547,-7.588496208190918,-8.816145896911621,-9.39067268371582,-9.226001739501953,-9.898126602172852,-11.538066864013672,-10.659279823303223,-10.4471435546875,-12.015385627746582,-11.655776977539062,-9.148491859436035,-7.5651021003723145,-7.459381103515625,-6.603999614715576,-5.632566928863525,-6.872852802276611,-7.879719257354736,-7.542929172515869,-7.913949489593506,-8.886346817016602
6.864257335662842,8.482227325439453,10.547670364379883,12.842098236083984,13.049135208129883,11.588327407836914,8.625696182250977,6.8470072746276855,6.157092571258545,0.1876918226480484,-4.2948431968688965,-6.517685890197754,-7.028343200683594,-7.18857479095459,-7.532417297363281,-7.271169185638428,-6.971260070800781,-6.41062068939209,-5.7082839012146,-5.677772521972656,-6.28265905380249,-6.079034328460693,-6.559350490570068,-7.59510612487793,-8.238398551940918,-8.613618850708008,-8.25037956237793,-7.759186744689941,-8.570178031921387,-7.696549415588379,-8.532404899597168,-12.268815994262695,-12.100970268249512,-7.908318519592285,-4.22686767578125,-4.638078689575195,-5.775818824768066,-5.249398231506348,-5.369443893432617,-6.353021144866943,-6.824550628662109,-7.379443168640137,-7.961203575134277
8.003661155700684,9.236956596374512,11.66091251373291,13.581677436828613,13.121418952941895,12.383455276489258,9.274982452392578,7.907851219177246,2.8835604190826416,-4.927615642547607,-6.980940341949463,-8.049485206604004,-7.7401509284973145,-7.905975341796875,-8.019672393798828,-8.071895599365234,-7.823911666870117,-7.0311737060546875,-6.7930989265441895,-6.594001293182373,-6.582090377807617,-6.154269695281982,-7.1001081466674805,-8.040435791015625,-7.890300750732422,-7.592036247253418,-6.811263561248779,-5.711643695831299,-6.4149909019470215,-6.447807312011719,-7.040448188781738,-9.811062812805176,-10.345531463623047,-6.7382965087890625,-2.9937355518341064,-4.207966327667236,-6.251279830932617,-5.874990463256836,-5.310114860534668,-6.014235019683838,-7.097072124481201,-7.742376804351807,-7.841040134429932
8.078682899475098,10.16274356842041,11.162436485290527,11.90785026550293,13.968987464904785,13.004510879516602,10.231959342956543,7.326480865478516,-2.0357842445373535,-8.061890602111816,-8.719864845275879,-7.5558247566223145,-7.140573024749756,-8.18379020690918,-8.228968620300293,-8.47611141204834,-8.638314247131348,-8.830248832702637,-8.265721321105957,-6.603321552276611,-5.7142815589904785,-6.483262538909912,-7.40000581741333,-8.04321575164795,-8.241991996765137,-7.515825271606445,-6.202897071838379,-6.292172908782959,-8.017900466918945,-8.247859001159668,-8.354384422302246,-9.102375030517578,-9.476627349853516,-7.76345157623291,-5.71246862411499,-5.509616374969482,-5.83837366104126,-5.5130839347839355,-5.714462757110596,-6.198460578918457,-6.600310802459717,-6.80826997756958,-7.476653099060059
