data/wind_data/wind_26_8.json
{"header": {"parameterUnit": "KT", "parameterCategory": 2, "nx": 256, "ny": 198, "lo1": 44.73521041870117, "la1": -3.236724853515625, "lo2": 111.26478576660156, "la2": 43.468475341796875, "dx": 0.2609002888202667, "dy": -0.23708222806453705, "refTime": "2025-02-20 02:00:00", "forecastTime": 0, "parameterNumber": 2, "parameterNumberName": "eastward_wind"}, "data":
[rows 76 to 94 of 198, columns 0 to 43 of 256]
22.57466697692871,22.36557960510254,23.860944747924805,24.169193267822266,21.95315170288086,19.784025192260742,17.45936393737793,15.258567810058594,14.468914031982422,16.06827163696289,18.92958641052246,21.647653579711914,23.8998966217041,26.131168365478516,28.500619888305664,30.255578994750977,30.91640853881836,31.136995315551758,31.53143882751465,31.641857147216797,30.60455894470215,28.978981018066406,27.9943790435791,27.476619720458984,26.428937911987305,25.065093994140625,24.17926597595215,23.640483856201172,23.047237396240234,22.536174774169922,22.15354347229004,21.54071617126465,20.55919075012207,19.61501693725586,19.17585563659668,19.256752014160156,19.524335861206055,19.767309188842773,20.11565589904785,20.63007164001465,20.948867797851562,20.748323440551758,20.302209854125977,20.16765594482422
20.08491325378418,19.675769805908203,21.181360244750977,21.52888298034668,18.816417694091797,16.01053810119629,13.527815818786621,12.433012008666992,13.63260269165039,16.398820877075195,19.530515670776367,22.23273277282715,24.247997283935547,26.0777645111084,28.12715721130371,29.775930404663086,30.567716598510742,31.187299728393555,31.89558219909668,31.8892822265625,30.456674575805664,28.61480712890625,27.54290771484375,26.875120162963867,25.696868896484375,24.302764892578125,23.208600997924805,22.192737579345703,21.231109619140625,20.78711700439453,20.85393714904785,20.780969619750977,20.211496353149414,19.578401565551758,19.408544540405273,19.633581161499023,19.797990798950195,19.775049209594727,19.897632598876953,20.245357513427734,20.37578582763672,20.054359436035156,19.7198486328125,19.85485076904297
17.24357032775879,17.771770477294922,18.72210121154785,18.787328720092773,15.69435977935791,12.884435653686523,11.361255645751953,12.250377655029297,15.019362449645996,17.963056564331055,20.637699127197266,23.057353973388672,24.90325355529785,26.38897132873535,27.950082778930664,29.261703491210938,30.128705978393555,31.058740615844727,31.996917724609375,31.97515106201172,30.319334030151367,28.103458404541016,26.542644500732422,25.438825607299805,24.276182174682617,23.101633071899414,21.85276985168457,20.416488647460938,19.32098388671875,19.235525131225586,19.860937118530273,20.22587013244629,19.946081161499023,19.567947387695312,19.67760467529297,20.16094970703125,20.512510299682617,20.557640075683594,20.581472396850586,20.62362289428711,20.365995407104492,19.792171478271484,19.435253143310547,19.638113021850586
17.321369171142578,18.995031356811523,18.185489654541016,16.874008178710938,13.47222900390625,12.22951889038086,12.995820999145508,15.53366756439209,19.04525375366211,21.952762603759766,23.803300857543945,25.248945236206055,26.445205688476562,27.451696395874023,28.464914321899414,29.253623962402344,29.90110969543457,30.989900588989258,31.97456169128418,31.6224365234375,29.622896194458008,27.083206176757812,24.975833892822266,23.44184112548828,22.362350463867188,21.4550724029541,20.212562561035156,18.656591415405273,17.591859817504883,17.709880828857422,18.644968032836914,19.421646118164062,19.632951736450195,19.761024475097656,20.330265045166016,21.159011840820312,21.738178253173828,21.915054321289062,21.895313262939453,21.625808715820312,21.08077049255371,20.47624969482422,20.21450424194336,20.394819259643555
18.878028869628906,17.942115783691406,16.986698150634766,15.521608352661133,13.630416870117188,15.78396224975586,18.863656997680664,21.361957550048828,23.788143157958984,25.668991088867188,26.674741744995117,27.269865036010742,27.769773483276367,28.30615234375,29.043067932128906,29.607004165649414,29.908735275268555,30.770137786865234,31.6308650970459,30.96129035949707,28.47073745727539,25.60304069519043,23.418317794799805,21.873428344726562,20.82145118713379,20.007387161254883,18.83574867248535,17.34507179260254,16.317827224731445,16.32342529296875,17.225589752197266,18.36363410949707,19.238235473632812,19.918729782104492,20.830997467041016,21.978965759277344,22.917137145996094,23.320138931274414,23.275291442871094,22.761985778808594,21.936098098754883,21.356311798095703,21.31669807434082,21.57441520690918
19.25609016418457,17.358346939086914,17.304290771484375,17.207834243774414,17.777923583984375,20.830965042114258,23.347339630126953,24.047494888305664,24.292234420776367,24.747093200683594,25.393775939941406,26.025318145751953,26.68528175354004,27.347911834716797,28.345836639404297,29.237810134887695,29.68368148803711,30.121078491210938,30.67380714416504,29.75126075744629,27.06134796142578,24.163246154785156,22.28730583190918,21.14398765563965,20.189510345458984,19.258468627929688,18.040700912475586,16.64292335510254,15.794476509094238,15.892251014709473,16.739456176757812,17.907241821289062,18.99200439453125,19.9034481048584,21.03400421142578,22.553342819213867,23.89592170715332,24.416881561279297,24.152456283569336,23.410449981689453,22.362207412719727,21.5738468170166,21.48493194580078,21.916128158569336
18.868925094604492,17.522397994995117,18.333534240722656,18.87868881225586,19.140785217285156,19.439573287963867,19.463668823242188,19.213727951049805,19.38248634338379,20.134912490844727,21.494253158569336,22.878746032714844,24.154537200927734,25.33323860168457,26.643253326416016,27.875356674194336,28.531055450439453,28.84672737121582,29.029197692871094,28.184741973876953,25.50908660888672,22.526615142822266,20.80379295349121,20.230045318603516,19.783266067504883,18.906904220581055,17.545364379882812,16.136152267456055,15.476606369018555,15.874277114868164,16.952913284301758,18.214128494262695,19.2399845123291,20.012754440307617,21.10459327697754,22.758880615234375,24.2672176361084,24.70686912536621,24.09895896911621,23.024843215942383,21.8091983795166,20.836851119995117,20.501480102539062,20.953777313232422
16.952470779418945,14.757654190063477,14.578994750976562,13.736213684082031,10.981714248657227,9.470869064331055,10.841293334960938,13.069449424743652,15.185667991638184,16.8637752532959,18.739627838134766,20.62415885925293,22.066991806030273,23.198347091674805,24.429224014282227,25.744874954223633,26.42987632751465,26.72516441345215,26.85723114013672,26.284324645996094,24.090728759765625,21.01912498474121,18.832902908325195,18.141246795654297,18.232837677001953,18.04656219482422,17.048383712768555,15.79068374633789,15.246352195739746,15.831562042236328,17.17193031311035,18.657358169555664,19.728660583496094,20.30573081970215,21.129602432250977,22.59061050415039,24.049949645996094,24.50661849975586,23.856246948242188,22.590347290039062,21.21405029296875,20.144392013549805,19.70985221862793,20.104549407958984
14.439742088317871,11.074536323547363,9.269115447998047,7.325427532196045,4.1397013664245605,4.561783790588379,8.060527801513672,11.576685905456543,14.557056427001953,16.561830520629883,18.061996459960938,19.601825714111328,20.54482650756836,20.858264923095703,21.35660743713379,22.448612213134766,23.288175582885742,23.56527328491211,23.729080200195312,23.542043685913086,22.291852951049805,19.799057006835938,17.25728988647461,15.922228813171387,15.796257972717285,16.092477798461914,15.958882331848145,15.411612510681152,15.262801170349121,16.017833709716797,17.477418899536133,19.12242317199707,20.272829055786133,20.662113189697266,21.128820419311523,22.292057037353516,23.597440719604492,24.14741325378418,23.781339645385742,22.679641723632812,21.23296356201172,20.090269088745117,19.692174911499023,20.0415096282959
14.256216049194336,11.954472541809082,10.900773048400879,10.53658676147461,9.734097480773926,7.979981422424316,9.259003639221191,12.579815864562988,15.616164207458496,17.20327377319336,17.480480194091797,17.571884155273438,17.697925567626953,17.477821350097656,17.621280670166016,18.590911865234375,19.667984008789062,20.106966018676758,20.341276168823242,20.625394821166992,20.427297592163086,19.276973724365234,17.345548629760742,15.472750663757324,14.454402923583984,14.343216896057129,14.645482063293457,14.913317680358887,15.307897567749023,16.241973876953125,17.77293586730957,19.47060203552246,20.621376037597656,20.812517166137695,20.824039459228516,21.603456497192383,22.644899368286133,23.013141632080078,22.617509841918945,21.682430267333984,20.411409378051758,19.37359619140625,19.111217498779297,19.556560516357422
15.45680046081543,14.617825508117676,15.393732070922852,16.674129486083984,15.859346389770508,12.766143798828125,11.700742721557617,13.50595760345459,15.67004680633545,16.592639923095703,16.075227737426758,15.08275318145752,14.546960830688477,14.455753326416016,14.912070274353027,15.936592102050781,16.972951889038086,17.439067840576172,17.629825592041016,18.184396743774414,18.932470321655273,19.12734603881836,18.320049285888672,16.688278198242188,14.944707870483398,13.87540340423584,13.68841552734375,14.033374786376953,14.614375114440918,15.533732414245605,16.93910026550293,18.548372268676758,19.689489364624023,19.875864028930664,19.65022850036621,20.037765502929688,20.84910774230957,21.049596786499023,20.502607345581055,19.691551208496094,18.818817138671875,18.108869552612305,17.932022094726562,18.400569915771484
16.63108253479004,15.232176780700684,16.39267921447754,17.20756721496582,15.555130004882812,13.419978141784668,12.379804611206055,12.867280006408691,14.2883882522583,15.275041580200195,15.138997077941895,14.000371932983398,12.929444313049316,12.675517082214355,13.13286018371582,13.938983917236328,14.704547882080078,15.041007041931152,15.158515930175781,15.734284400939941,16.796459197998047,17.693702697753906,17.836395263671875,17.0571346282959,15.593366622924805,13.980661392211914,12.87159538269043,12.631550788879395,13.078832626342773,13.988898277282715,15.302050590515137,16.81142807006836,17.9913330078125,18.491796493530273,18.6187744140625,19.088708877563477,19.8633975982666,20.138498306274414,19.63111114501953,18.85082244873047,18.181167602539062,17.709976196289062,17.48676872253418,17.62342643737793
17.952125549316406,15.937153816223145,16.224647521972656,15.771061897277832,14.211029052734375,13.744586944580078,13.166899681091309,12.73155403137207,13.686311721801758,14.892950057983398,15.183012962341309,13.949763298034668,12.15065860748291,11.162895202636719,11.068166732788086,11.262094497680664,11.524584770202637,11.842682838439941,12.280842781066895,13.0719633102417,14.22970199584961,15.309167861938477,15.884891510009766,15.803503036499023,15.053152084350586,13.895261764526367,12.75915241241455,12.20075511932373,12.51515007019043,13.553561210632324,14.991997718811035,16.479299545288086,17.621402740478516,18.18992042541504,18.523799896240234,19.2230167388916,20.294118881225586,21.036333084106445,20.822494506835938,19.893173217773438,18.902196884155273,18.201704025268555,17.741859436035156,17.474700927734375
19.20294952392578,17.071815490722656,17.002399444580078,16.206584930419922,14.825108528137207,14.927016258239746,14.735077857971191,13.795459747314453,13.923026084899902,14.98566722869873,15.643439292907715,14.56423568725586,12.122090339660645,10.167752265930176,9.266530990600586,8.769349098205566,8.399127960205078,8.518704414367676,9.218013763427734,10.244549751281738,11.498846054077148,12.76601791381836,13.8121919631958,14.429530143737793,14.451239585876465,14.082701683044434,13.716075897216797,13.644521713256836,14.072026252746582,15.054278373718262,16.38207244873047,17.716026306152344,18.669626235961914,19.049257278442383,19.14032745361328,19.678590774536133,21.002042770385742,22.54479217529297,23.131059646606445,22.307701110839844,20.814470291137695,19.548080444335938,18.685043334960938,18.027070999145508
20.34000587463379,18.841388702392578,18.557327270507812,17.620243072509766,15.856959342956543,15.866693496704102,16.13218879699707,15.047836303710938,14.362117767333984,15.177926063537598,16.09498405456543,15.287578582763672,12.428771018981934,9.406194686889648,7.609345436096191,6.8296637535095215,6.475935459136963,6.527826309204102,7.111115455627441,8.077791213989258,9.414698600769043,11.119647026062012,12.82064151763916,14.156335830688477,14.89819049835205,15.168865203857422,15.406332015991211,15.906249046325684,16.649635314941406,17.570161819458008,18.584077835083008,19.497652053833008,20.107080459594727,20.245941162109375,20.06005096435547,20.27313804626465,21.54393768310547,23.538291931152344,24.933452606201172,24.616424560546875,22.974966049194336,21.23575782775879,19.97336769104004,19.04330062866211
20.81513023376465,20.176748275756836,19.740379333496094,18.480243682861328,16.526792526245117,16.91017723083496,17.736095428466797,16.60438346862793,15.255215644836426,15.60539436340332,16.463428497314453,15.828727722167969,13.089229583740234,9.707974433898926,7.426577091217041,6.705108165740967,6.857676029205322,7.168234348297119,7.682534694671631,8.493139266967773,9.547728538513184,11.026466369628906,13.001676559448242,15.015569686889648,16.38919448852539,16.970373153686523,17.265840530395508,17.77764892578125,18.563589096069336,19.41706085205078,20.188737869262695,20.754913330078125,21.046161651611328,21.070425033569336,20.87588119506836,20.858551025390625,21.76519203186035,23.595903396606445,25.283817291259766,25.508859634399414,24.17405891418457,22.38640022277832,20.962478637695312,19.938230514526367
20.88075828552246,20.608177185058594,20.418012619018555,19.267776489257812,18.48149871826172,19.79579734802246,20.93744659423828,19.508012771606445,17.043548583984375,16.252891540527344,16.718584060668945,16.484695434570312,14.676944732666016,12.207865715026855,10.283968925476074,9.44318962097168,9.475214958190918,9.777042388916016,10.252023696899414,11.03756046295166,11.948856353759766,12.95510482788086,14.385063171386719,16.204313278198242,17.772977828979492,18.447769165039062,18.433866500854492,18.436176300048828,18.956581115722656,19.84902000427246,20.67420768737793,21.153425216674805,21.35346221923828,21.38957977294922,21.277780532836914,21.242321014404297,21.825319290161133,23.196063995361328,24.642847061157227,25.14943504333496,24.38650894165039,23.032461166381836,21.82542610168457,20.98556900024414
21.592187881469727,21.051727294921875,21.284032821655273,20.64313316345215,21.007028579711914,22.786659240722656,24.107379913330078,22.89574432373047,19.751981735229492,17.325204849243164,16.779422760009766,16.980079650878906,16.643457412719727,15.861946105957031,15.02721118927002,14.188786506652832,13.47470760345459,13.03014850616455,13.029047012329102,13.604714393615723,14.454158782958984,15.154139518737793,15.780558586120605,16.640094757080078,17.585641860961914,18.14824676513672,18.115833282470703,17.959840774536133,18.295442581176758,19.32525634765625,20.519062042236328,21.333171844482422,21.646595001220703,21.596424102783203,21.371994018554688,21.329797744750977,21.92825698852539,23.138301849365234,24.33218002319336,24.845821380615234,24.510639190673828,23.6374454498291,22.72186279296875,22.141511917114258
22.73812484741211,22.098453521728516,22.507415771484375,22.028690338134766,22.134288787841797,23.457595825195312,24.875843048095703,24.781251907348633,22.638816833496094,19.55607795715332,17.56011390686035,17.250627517700195,17.786026000976562,18.498746871948242,18.992786407470703,18.746973037719727,17.71170425415039,16.433706283569336,15.414023399353027,15.004280090332031,15.14930248260498,15.335485458374023,15.318740844726562,15.378777503967285,15.699209213256836,16.11423110961914,16.520227432250977,17.15348243713379,18.06545066833496,19.284473419189453,20.735504150390625,21.98859977722168,22.628969192504883,22.576763153076172,22.106307983398438,21.839155197143555,22.351802825927734,23.55092430114746,24.77367401123047,25.40013885498047,25.2902889251709,24.58367919921875,23.68538475036621,23.117937088012695
