data/wind_data/wind_38_7.json
{"header": {"parameterUnit": "KT", "parameterCategory": 2, "nx": 256, "ny": 198, "lo1": 44.73521041870117, "la1": -3.236724853515625, "lo2": 111.26478576660156, "la2": 43.468475341796875, "dx": 0.2609002888202667, "dy": -0.23708222806453705, "refTime": "2025-02-20 14:00:00", "forecastTime": 0, "parameterNumber": 2, "parameterNumberName": "eastward_wind"}, "data":
[rows 100 to 119 of 198, columns 176 to 219 of 256]
83.81981658935547,84.19953918457031,83.9970703125,83.35052490234375,82.63616943359375,82.40364837646484,83.00717163085938,84.12883758544922,84.64264678955078,83.46245574951172,80.90926361083984,79.48365020751953,80.67326354980469,82.1353988647461,83.15559387207031,84.58329010009766,85.12996673583984,84.27681732177734,82.83585357666016,81.06204223632812,79.59754943847656,78.8682632446289,78.35460662841797,78.04943084716797,78.15084075927734,77.9013900756836,76.8154067993164,75.84931945800781,75.74845886230469,76.25736999511719,77.32386779785156,78.69329833984375,79.96676635742188,80.66495513916016,79.77942657470703,77.9111328125,76.42613220214844,75.4250259399414,75.06441497802734,75.83786010742188,77.35173034667969,78.73628234863281,79.1806640625,78.5958023071289
86.01924896240234,86.75789642333984,86.8677978515625,86.31776428222656,85.5688247680664,85.122802734375,85.37974548339844,86.29607391357422,86.90625762939453,85.9884262084961,83.63339233398438,82.00517272949219,82.98262023925781,84.7657241821289,85.8718490600586,86.67794799804688,86.95191955566406,86.67159271240234,86.02418518066406,84.54108428955078,82.70719146728516,81.61766815185547,81.12307739257812,80.87151336669922,80.9330825805664,80.59732055664062,79.67207336425781,78.95050811767578,78.66413116455078,78.71353912353516,79.25468444824219,80.1617431640625,81.32353973388672,82.29966735839844,81.84757232666016,80.54296112060547,79.25543212890625,77.53012084960938,76.26338195800781,76.76961517333984,78.8340835571289,81.1854019165039,82.21488952636719,81.4979476928711
88.3917007446289,89.1474609375,89.56012725830078,89.27204132080078,88.59418487548828,88.09190368652344,88.16919708251953,88.74686431884766,89.12521362304688,88.32555389404297,86.15266418457031,84.20862579345703,84.53538513183594,86.46803283691406,88.0068359375,88.6822509765625,88.93927764892578,88.80570983886719,88.06184387207031,86.83080291748047,85.59481811523438,84.66490173339844,84.02760314941406,83.57308197021484,83.23310852050781,83.13456726074219,83.09600067138672,82.55155944824219,81.6237564086914,80.94696807861328,80.99159240722656,81.68714141845703,82.78532409667969,83.81684875488281,83.89490509033203,83.42817687988281,82.44575500488281,80.09387969970703,77.9445571899414,77.97406005859375,79.98368835449219,82.60285949707031,84.25874328613281,84.12727355957031
90.98075866699219,91.1401138305664,91.17879486083984,91.05338287353516,90.81124877929688,90.6841049194336,90.91661834716797,91.33145904541016,91.48526000976562,90.71627807617188,88.64742279052734,86.25127410888672,85.56111145019531,87.30656433105469,89.5091323852539,90.45088195800781,90.90852355957031,91.0975112915039,89.900146484375,88.09021759033203,87.33492279052734,87.32579803466797,87.18036651611328,86.62458038330078,85.64281463623047,85.37016296386719,85.97320556640625,85.69065856933594,84.51041412353516,83.54176330566406,83.23258209228516,83.55242919921875,84.2743911743164,85.31934356689453,86.1194076538086,86.36599731445312,85.7724380493164,83.15593719482422,79.98554229736328,79.28556060791016,81.20360565185547,83.89813232421875,85.7943344116211,86.03588104248047
93.18419647216797,93.20068359375,92.82542419433594,92.37335968017578,92.26829528808594,92.54873657226562,93.00869750976562,93.353515625,93.50447845458984,93.0807876586914,91.27574920654297,88.58792877197266,87.30315399169922,88.60211181640625,90.63701629638672,91.9030990600586,92.99547576904297,93.35091400146484,91.66719055175781,89.54624938964844,89.26542663574219,90.03571319580078,90.2349624633789,89.52425384521484,88.1227798461914,87.27851867675781,87.7627182006836,88.10401916503906,87.5588607788086,86.73623657226562,86.1204833984375,85.82795715332031,85.89221954345703,86.72010040283203,87.97257232666016,88.79436492919922,88.67633056640625,86.4189224243164,82.76985931396484,80.94965362548828,82.3582534790039,85.3573226928711,87.62301635742188,87.87186431884766
94.31425476074219,94.53239440917969,94.64148712158203,94.57543182373047,94.35578155517578,94.25198364257812,94.30188751220703,94.37364196777344,94.70066833496094,94.94706726074219,93.7021255493164,90.98590087890625,89.36750030517578,90.38421630859375,91.97602081298828,92.93912506103516,94.67366790771484,96.14131927490234,94.32549285888672,91.11741638183594,90.70584869384766,92.5252685546875,93.16195678710938,92.14588928222656,90.66742706298828,89.65892791748047,89.61577606201172,90.11512756347656,90.21013641357422,89.55325317382812,88.58407592773438,87.84229278564453,87.62633514404297,88.17546081542969,89.27613067626953,90.44517517089844,90.98167419433594,89.53569793701172,86.11305236816406,83.30365753173828,83.6296157836914,86.51416015625,89.1772689819336,89.70838165283203
95.07312774658203,94.96275329589844,95.35062408447266,96.07263946533203,96.36829376220703,96.09242248535156,95.65637969970703,95.47132873535156,95.89295959472656,96.57923889160156,95.95980072021484,93.29039001464844,90.85185241699219,91.14608764648438,92.87872314453125,94.20150756835938,96.05006408691406,97.961669921875,96.89241027832031,93.67019653320312,92.5055923461914,94.17791748046875,95.45806121826172,94.86841583251953,93.42729187011719,92.16114044189453,91.57117462158203,91.77693176269531,92.09809112548828,91.79622650146484,90.80408477783203,89.75322723388672,89.29933166503906,89.61634826660156,90.31242370605469,91.2742919921875,92.29971313476562,92.04124450683594,89.6015396118164,86.31075286865234,85.19869232177734,87.53095245361328,90.44490814208984,91.27595520019531
95.74705505371094,95.95716857910156,95.94914245605469,96.41587829589844,97.0898208618164,97.27490997314453,97.00624084472656,96.8554458618164,97.2647933959961,98.11243438720703,98.03893280029297,95.51453399658203,92.09483337402344,91.3157730102539,93.25106048583984,95.21881103515625,97.01142883300781,98.88919067382812,98.68260955810547,96.21760559082031,94.66983795166016,95.6696548461914,97.29026794433594,97.3287582397461,95.9316177368164,94.4881591796875,93.70183563232422,93.61849212646484,93.70926666259766,93.4339828491211,92.80073547363281,92.15250396728516,91.57904052734375,91.06786346435547,90.94115447998047,91.5815200805664,92.98794555664062,93.68782043457031,92.20829772949219,89.32918548583984,87.68018341064453,88.96253204345703,91.35427856445312,92.36778259277344
96.11217498779297,96.98880004882812,97.3796615600586,97.53791046142578,97.83110809326172,98.03384399414062,98.01893615722656,98.06694793701172,98.44888305664062,99.27352142333984,99.67213439941406,98.06145477294922,94.65594482421875,92.32972717285156,93.2164306640625,95.86371612548828,98.14775085449219,99.65314483642578,99.74658203125,98.06045532226562,96.5032958984375,96.9181137084961,98.59175109863281,99.3282241821289,98.33258819580078,96.76978302001953,95.61446380615234,95.19666290283203,95.28894805908203,95.14483642578125,94.80583190917969,94.71916961669922,94.28865051269531,93.04732513427734,91.94242095947266,92.0403823852539,93.56272888183594,94.70555877685547,93.63319396972656,91.58061218261719,90.84415435791016,91.38855743408203,92.2074966430664,93.06414031982422
96.58562469482422,97.28784942626953,98.30136108398438,99.00767517089844,99.21137237548828,99.12598419189453,99.12735748291016,99.2262191772461,99.31163024902344,99.73777770996094,100.53872680664062,100.57652282714844,98.32048797607422,94.865966796875,93.98834228515625,96.72381591796875,99.60356903076172,100.60108184814453,100.285888671875,99.23138427734375,98.2129898071289,98.24173736572266,99.29146575927734,100.25223541259766,100.2786636352539,99.36050415039062,97.8750228881836,96.7069091796875,96.49044036865234,96.56251525878906,96.6528549194336,97.05429077148438,96.93175506591797,95.52762603759766,93.77015686035156,93.14893341064453,94.19902801513672,95.20671844482422,94.57784271240234,93.4663314819336,93.58712768554688,94.23381042480469,94.21418762207031,94.27301025390625
97.76187133789062,98.01443481445312,98.67405700683594,99.53703308105469,100.30252075195312,100.67845916748047,100.76535034179688,100.68212127685547,100.33627319335938,100.15184020996094,100.7147445678711,101.5597152709961,100.90826416015625,98.17593383789062,96.34586334228516,98.02198791503906,100.6705551147461,101.60701751708984,101.4783935546875,100.92488861083984,99.9757080078125,99.41471862792969,99.63465881347656,100.27690887451172,101.21046447753906,101.64874267578125,100.6723403930664,98.96843719482422,97.93028259277344,97.61978912353516,97.78593444824219,98.49169921875,98.66535949707031,97.46563720703125,95.74610137939453,94.78850555419922,95.0761489868164,95.67788696289062,95.72380065917969,95.50682067871094,95.75764465332031,96.65201568603516,97.19889068603516,96.81617736816406
99.62713623046875,99.6597900390625,99.97431182861328,100.41473388671875,101.1368408203125,102.15055847167969,102.71086120605469,102.41358947753906,101.83047485351562,101.58679962158203,101.68912506103516,102.0220718383789,102.03915405273438,100.66931915283203,98.77532196044922,99.19469451904297,101.81839752197266,103.54703521728516,103.56123352050781,102.78874969482422,101.73442840576172,100.73344421386719,100.11091613769531,100.21783447265625,101.7501449584961,103.8434829711914,104.14080810546875,102.23409271240234,100.09280395507812,98.94625854492188,98.67804718017578,99.11991882324219,99.2027816772461,98.35044860839844,97.21920776367188,96.30261993408203,96.0810775756836,96.64867401123047,97.31499481201172,97.40312957763672,97.48615264892578,98.5205307006836,99.70011901855469,99.63219451904297
100.10105895996094,100.08889770507812,100.71031188964844,101.7467269897461,103.05586242675781,104.2330551147461,104.40229797363281,103.7763671875,103.54612731933594,103.67820739746094,103.33785247802734,102.8653335571289,102.65396118164062,101.88482666015625,100.42754364013672,100.2354736328125,102.69305419921875,105.17547607421875,105.31159210205078,104.137939453125,103.39593505859375,103.18819427490234,102.7265396118164,101.99555206298828,102.491943359375,104.78412628173828,106.61463165283203,105.62271118164062,102.85994720458984,100.7087173461914,99.93453979492188,99.93702697753906,99.6165771484375,98.98494720458984,98.35719299316406,97.3754653930664,96.9433822631836,97.96937561035156,99.10423278808594,99.05857849121094,98.96552276611328,100.2070541381836,101.88245391845703,102.26921844482422
99.11145782470703,99.03587341308594,99.67230987548828,101.09123229980469,103.10385131835938,105.0218505859375,105.70118713378906,105.43571472167969,105.34525299072266,105.43769073486328,104.94171905517578,104.11467742919922,103.4642105102539,102.66450500488281,101.7084732055664,101.27642822265625,102.69635009765625,105.31423950195312,106.46317291259766,105.7705307006836,104.9892349243164,105.07292175292969,105.43817138671875,104.96208953857422,104.4438705444336,105.69300842285156,107.59191131591797,107.30767822265625,104.6765365600586,102.2745361328125,101.61309051513672,101.4355239868164,100.59388732910156,99.80596160888672,99.32511138916016,98.35043334960938,98.22119903564453,99.72723388671875,100.69896697998047,100.22544860839844,100.2748794555664,102.13831329345703,104.29015350341797,104.78651428222656
97.89935302734375,97.54940795898438,98.04720306396484,99.34254455566406,101.08995056152344,103.1368179321289,104.92257690429688,106.08020782470703,106.33287811279297,105.8374252319336,105.398193359375,105.25352478027344,105.11137390136719,104.56415557861328,103.5024642944336,102.24224090576172,102.01419830322266,103.75000762939453,106.07833862304688,107.00721740722656,106.73931884765625,106.76837921142578,107.5863037109375,107.74977111816406,106.8946533203125,107.00656127929688,107.91488647460938,107.40119934082031,105.1976318359375,103.10981750488281,102.75458526611328,102.92472076416016,101.85755157470703,100.48456573486328,99.72470092773438,99.19606018066406,100.17741394042969,102.0623779296875,102.22333526611328,101.05508422851562,101.64081573486328,104.32321166992188,106.72985076904297,107.00373077392578
98.23087310791016,97.19152069091797,97.00487518310547,97.87757110595703,99.2923355102539,100.77454376220703,102.26954650878906,103.85633087158203,104.92794036865234,105.12977600097656,105.05870819091797,105.30494689941406,105.8320541381836,105.8929672241211,105.00227355957031,103.58480834960938,102.33183288574219,102.3757553100586,104.5037612915039,107.16651153564453,108.28981018066406,108.4417953491211,109.03701782226562,109.43511199951172,108.66449737548828,108.10343170166016,108.35518646240234,108.04309844970703,106.45342254638672,104.15740203857422,102.96636199951172,103.25305938720703,102.71206665039062,101.1309814453125,99.97254180908203,99.85066986083984,101.87734985351562,103.98976135253906,103.26398468017578,102.0038070678711,103.53168487548828,106.6463623046875,108.76063537597656,108.85762023925781
99.6312255859375,98.08629608154297,97.60748291015625,98.09809112548828,98.5504379272461,98.7738265991211,99.41401672363281,100.864990234375,102.6222915649414,103.81841278076172,104.2514419555664,104.57568359375,105.16976165771484,105.4179458618164,104.98309326171875,104.19767761230469,103.30889129638672,102.5754165649414,103.22689819335938,105.63494873046875,107.9458236694336,109.02257537841797,109.8410873413086,110.59699249267578,109.80723571777344,108.4617919921875,108.31245422363281,108.67562866210938,107.95606231689453,105.65108489990234,103.55101776123047,103.27015686035156,103.11618041992188,101.78260040283203,100.3163070678711,100.34709930419922,102.98674011230469,105.01654052734375,103.90097045898438,103.30729675292969,105.55706024169922,108.42964935302734,110.30392456054688,110.81565856933594
100.58975219726562,99.26390075683594,99.02103424072266,99.29055786132812,99.01920318603516,98.44520568847656,98.50550842285156,99.40251159667969,100.9375991821289,102.69761657714844,103.8767318725586,104.3052749633789,104.45783996582031,104.3016586303711,103.7166519165039,103.19895935058594,103.03960418701172,102.76203918457031,102.66414642333984,103.78207397460938,106.16935729980469,108.42561340332031,110.10359191894531,111.24526977539062,110.29602813720703,108.21918487548828,107.42413330078125,107.93229675292969,108.05416107177734,106.94066619873047,105.34088897705078,104.43710327148438,103.79033660888672,102.38843536376953,100.77798461914062,100.7486801147461,103.27533721923828,105.34080505371094,104.86071014404297,104.9961929321289,107.1535873413086,109.55545806884766,111.91249084472656,113.36741638183594
100.33722686767578,99.84066772460938,100.34388732910156,100.71998596191406,100.30667877197266,99.79875183105469,99.79180908203125,99.99882507324219,100.62096405029297,102.13626861572266,103.88269805908203,104.683837890625,104.42086029052734,103.611572265625,102.65913391113281,102.17323303222656,102.24501037597656,102.16390991210938,101.80713653564453,102.3175048828125,104.38336944580078,106.72555541992188,108.91230010986328,110.72376251220703,110.26617431640625,108.28460693359375,107.06452941894531,106.6304931640625,106.24085998535156,106.3265151977539,106.44188690185547,106.03533172607422,105.22278594970703,103.58988189697266,101.678466796875,101.22136688232422,102.88078308105469,104.8415298461914,105.35527801513672,105.96343231201172,108.0317153930664,110.8037338256836,114.02619171142578,115.18885803222656
99.58796691894531,100.35367584228516,101.54774475097656,101.93458557128906,101.60530853271484,101.49256134033203,101.34402465820312,100.84591674804688,100.9083251953125,102.08134460449219,103.74224853515625,104.78206634521484,104.79231262207031,104.0947036743164,103.06774139404297,102.24600219726562,101.93010711669922,101.74117279052734,101.1475601196289,100.93268585205078,102.35079956054688,104.57164001464844,106.74996948242188,108.65746307373047,108.95573425292969,108.00611877441406,107.44783782958984,106.6631851196289,105.28366088867188,105.13595581054688,105.8729476928711,106.00823211669922,105.65381622314453,104.41702270507812,102.70779418945312,101.79818725585938,102.30754089355469,104.14254760742188,105.52725982666016,106.137939453125,108.03810119628906,111.76939392089844,115.1119155883789,115.32588958740234
