data/wind_data/wind_54_3.json
{"header": {"parameterUnit": "KT", "parameterCategory": 2, "nx": 256, "ny": 198, "lo1": 44.73521041870117, "la1": -3.236724853515625, "lo2": 111.26478576660156, "la2": 43.468475341796875, "dx": 0.2609002888202667, "dy": -0.23708222806453705, "refTime": "2025-02-21 06:00:00", "forecastTime": 0, "parameterNumber": 2, "parameterNumberName": "eastward_wind"}, "data":
[rows 152 to 170 of 198, columns 0 to 43 of 256]
8.527033805847168,10.416903495788574,10.784297943115234,11.321643829345703,15.482890129089355,20.239513397216797,25.968847274780273,25.8947696685791,21.38384437561035,16.962539672851562,15.370329856872559,11.475878715515137,19.09276580810547,22.222707748413086,19.58766746520996,19.667272567749023,18.529930114746094,20.466175079345703,24.65972328186035,24.529653549194336,23.200658798217773,21.51885414123535,22.23386573791504,23.523141860961914,23.709367752075195,21.37328338623047,21.732797622680664,24.249635696411133,27.139747619628906,28.158864974975586,27.010128021240234,24.104360580444336,21.008180618286133,19.59190559387207,19.416011810302734,19.433717727661133,18.37661361694336,16.7219181060791,13.870292663574219,7.879248142242432,3.584953784942627,5.018751621246338,5.639420032501221,5.093881607055664
8.700311660766602,10.016109466552734,10.843485832214355,12.469807624816895,16.848838806152344,20.401906967163086,25.59499168395996,25.159631729125977,20.842376708984375,17.691396713256836,17.40287971496582,14.013026237487793,21.826614379882812,23.001699447631836,21.447784423828125,21.084823608398438,18.781579971313477,17.765350341796875,19.626075744628906,22.108747482299805,24.882030487060547,21.892539978027344,20.17496109008789,21.146242141723633,21.54953956604004,20.854211807250977,20.443683624267578,22.68356704711914,26.547283172607422,29.67754554748535,30.70698356628418,29.142263412475586,25.846731185913086,23.253326416015625,21.305978775024414,20.979528427124023,21.068288803100586,19.92972755432129,15.396980285644531,8.267648696899414,4.308271408081055,5.203757286071777,6.135883331298828,6.70005464553833
9.170869827270508,9.737879753112793,11.155898094177246,13.854966163635254,18.0946044921875,20.305830001831055,22.576234817504883,24.625581741333008,23.048484802246094,20.931133270263672,19.641645431518555,17.864013671875,21.89760971069336,26.431396484375,28.719486236572266,28.721534729003906,24.230253219604492,19.63141632080078,19.348283767700195,21.81141471862793,24.827051162719727,23.110198974609375,20.5689754486084,19.293493270874023,19.44889259338379,19.788951873779297,19.657316207885742,20.470970153808594,23.246074676513672,25.08072280883789,24.67946434020996,24.059547424316406,23.411989212036133,23.05814552307129,21.17900848388672,19.941837310791016,20.94893455505371,21.204801559448242,16.693164825439453,8.504718780517578,6.046801567077637,7.768815994262695,8.971718788146973,8.93997859954834
9.82993221282959,9.451980590820312,11.122468948364258,14.803595542907715,18.345251083374023,19.8773250579834,21.118297576904297,23.29591941833496,25.233928680419922,24.27656364440918,22.5041446685791,22.028181076049805,23.720075607299805,28.27878761291504,32.392581939697266,32.45474624633789,28.083755493164062,24.126314163208008,23.43662452697754,24.22440528869629,25.082439422607422,25.019874572753906,22.614784240722656,20.44099998474121,19.719398498535156,18.942386627197266,18.72011375427246,19.283641815185547,20.196245193481445,20.20540428161621,19.793283462524414,20.375890731811523,20.996967315673828,21.50465965270996,19.906475067138672,17.860109329223633,19.999164581298828,19.778474807739258,13.776461601257324,8.617844581604004,8.429070472717285,9.746825218200684,10.237975120544434,9.697093963623047
10.831792831420898,10.229763984680176,11.562479972839355,15.141709327697754,18.125185012817383,19.666685104370117,21.51567840576172,23.14931297302246,24.971160888671875,25.879234313964844,25.651020050048828,25.425823211669922,26.558746337890625,29.3734188079834,31.516006469726562,29.161401748657227,27.36071014404297,28.52341651916504,30.764371871948242,31.81142807006836,30.10774803161621,27.503931045532227,24.95816993713379,23.412839889526367,22.107160568237305,20.935199737548828,20.16476058959961,19.81532096862793,19.62811279296875,19.709041595458984,20.101364135742188,20.935604095458984,20.745227813720703,19.443275451660156,16.74125862121582,16.379806518554688,19.42290496826172,16.54545021057129,10.25125503540039,9.674579620361328,11.419437408447266,11.842677116394043,10.790764808654785,10.416748046875
12.154051780700684,11.757821083068848,12.78768253326416,15.51161003112793,18.28345489501953,20.129688262939453,22.251590728759766,24.242145538330078,26.555099487304688,27.529870986938477,26.282306671142578,25.69060516357422,26.60297393798828,28.122377395629883,27.536357879638672,26.453216552734375,29.62127685546875,34.22715377807617,37.20744323730469,37.839969635009766,34.63849639892578,29.582561492919922,26.2336368560791,24.904939651489258,23.85070037841797,22.51151466369629,22.397958755493164,22.249052047729492,22.32163429260254,23.025054931640625,22.541793823242188,22.752002716064453,21.51936149597168,19.14629554748535,16.17777442932129,17.093050003051758,20.0762996673584,15.704108238220215,9.528160095214844,10.921643257141113,13.733240127563477,13.352792739868164,10.743573188781738,10.556821823120117
13.139439582824707,12.425241470336914,13.40119457244873,15.725526809692383,18.70094108581543,20.823528289794922,22.733793258666992,25.646316528320312,28.92635154724121,29.132417678833008,25.089492797851562,23.92821502685547,24.12285041809082,22.18168830871582,20.556175231933594,22.57594871520996,26.71259117126465,30.406232833862305,33.37629699707031,34.7861328125,32.76010513305664,28.281518936157227,26.101106643676758,25.52762222290039,24.23270034790039,24.498456954956055,26.41987419128418,26.826313018798828,27.125333786010742,27.45383644104004,26.094850540161133,24.643129348754883,22.1328067779541,19.754587173461914,17.087417602539062,18.21263313293457,19.548450469970703,14.909624099731445,12.764705657958984,14.161487579345703,15.589253425598145,14.844704627990723,12.932353019714355,11.988717079162598
13.980301856994629,12.570114135742188,13.538878440856934,16.682575225830078,19.667245864868164,21.686630249023438,24.293489456176758,27.46639060974121,30.0964412689209,28.02729034423828,23.71286392211914,22.53461456298828,20.393836975097656,21.287384033203125,23.24643898010254,24.580036163330078,25.688682556152344,28.45254135131836,30.82175636291504,30.708864212036133,27.938764572143555,24.160863876342773,23.083932876586914,24.234222412109375,26.216087341308594,27.89151954650879,28.7034969329834,29.372331619262695,31.27728271484375,32.01216506958008,27.947751998901367,24.65007781982422,21.900129318237305,20.208765029907227,18.25193214416504,18.78347396850586,18.058589935302734,16.76103401184082,16.760135650634766,16.36012077331543,15.123334884643555,15.336216926574707,15.487792015075684,14.277368545532227
13.63835334777832,12.723494529724121,14.066375732421875,18.63886070251465,21.4440975189209,23.567153930664062,26.262834548950195,27.121829986572266,28.24361228942871,26.351770401000977,23.563121795654297,22.78070640563965,22.217618942260742,26.120149612426758,30.953857421875,30.964582443237305,28.981834411621094,28.17142105102539,29.472816467285156,28.200725555419922,23.933385848999023,21.142099380493164,22.500614166259766,25.503129959106445,28.446819305419922,30.801103591918945,31.707195281982422,33.161766052246094,32.97734832763672,30.348602294921875,27.07901382446289,24.3947811126709,22.641447067260742,21.541959762573242,20.566558837890625,18.15367889404297,17.100465774536133,18.061813354492188,18.046472549438477,15.806461334228516,14.19805908203125,14.415643692016602,16.217708587646484,13.998369216918945
13.072729110717773,14.226374626159668,15.600105285644531,21.87535858154297,24.783384323120117,25.935163497924805,25.4525089263916,24.520977020263672,25.347055435180664,24.727783203125,23.797954559326172,23.81633949279785,26.51798439025879,29.7484188079834,31.594816207885742,32.78999710083008,31.001415252685547,28.901025772094727,28.282569885253906,26.209875106811523,22.40680503845215,21.32120132446289,23.683916091918945,27.96763038635254,32.338436126708984,31.20039939880371,31.2946834564209,33.192996978759766,31.70996856689453,24.297054290771484,19.155263900756836,15.393784523010254,15.512824058532715,18.231813430786133,21.159807205200195,20.846784591674805,18.276535034179688,17.893814086914062,18.241439819335938,16.58380126953125,15.671466827392578,13.97904109954834,15.551228523254395,13.13826847076416
14.886161804199219,18.34897804260254,21.834455490112305,25.306377410888672,27.25897216796875,27.060585021972656,24.276020050048828,22.59371566772461,22.990097045898438,23.503833770751953,23.763755798339844,23.608591079711914,27.787160873413086,30.273550033569336,28.36211395263672,30.08241081237793,32.124855041503906,29.24272346496582,28.152132034301758,25.696266174316406,22.977750778198242,22.355716705322266,25.188608169555664,28.594663619995117,32.70431900024414,28.457529067993164,23.680002212524414,23.890331268310547,19.8619327545166,11.34706974029541,9.12630844116211,8.672484397888184,9.522944450378418,13.279687881469727,16.92392921447754,20.37743377685547,21.179786682128906,20.021482467651367,18.344633102416992,17.904741287231445,16.05584144592285,12.63253402709961,12.48762035369873,11.869832038879395
17.99202537536621,22.52971649169922,25.307247161865234,26.896228790283203,27.704833984375,27.140438079833984,23.85514259338379,21.989242553710938,20.781574249267578,22.518444061279297,25.181184768676758,21.48182487487793,24.369449615478516,26.80573272705078,25.289569854736328,27.052112579345703,31.495426177978516,28.91961669921875,23.204574584960938,22.603168487548828,22.566621780395508,23.53348731994629,25.5607852935791,27.817543029785156,24.332813262939453,16.977521896362305,10.670654296875,10.380098342895508,10.037394523620605,7.253573417663574,7.495005130767822,8.639719009399414,8.251761436462402,9.397493362426758,11.45967960357666,14.220780372619629,15.87645149230957,15.265106201171875,14.913153648376465,17.262344360351562,17.98491668701172,15.58951473236084,12.220804214477539,9.580718994140625
19.68964385986328,25.870752334594727,27.68706512451172,28.08555793762207,27.391563415527344,25.986249923706055,23.90134620666504,22.894725799560547,21.69935417175293,23.984676361083984,21.75906753540039,23.71236801147461,29.160728454589844,30.54512596130371,27.104326248168945,30.718399047851562,31.13068962097168,22.53998374938965,18.557754516601562,19.692543029785156,21.532012939453125,21.982664108276367,21.971099853515625,19.31956672668457,14.992250442504883,11.338717460632324,7.288397312164307,7.2061076164245605,7.918442249298096,7.931736469268799,8.781572341918945,9.4317045211792,8.166319847106934,7.459102153778076,8.24544620513916,9.209606170654297,9.718755722045898,9.954964637756348,9.723716735839844,9.95543098449707,10.50617790222168,14.681872367858887,15.516837120056152,10.802517890930176
20.348051071166992,27.021865844726562,28.726327896118164,29.18292236328125,26.938030242919922,23.81393051147461,23.391305923461914,24.81853485107422,24.438873291015625,23.04368782043457,23.635087966918945,27.246864318847656,31.72035789489746,33.30464553833008,31.448719024658203,36.49620056152344,29.87696647644043,20.032987594604492,10.159639358520508,3.763477087020874,7.194045543670654,8.715076446533203,10.142426490783691,11.830639839172363,10.9282808303833,10.79715633392334,8.44154167175293,9.104042053222656,9.384514808654785,9.31400203704834,9.189212799072266,8.555525779724121,7.890503883361816,7.163254737854004,7.676024913787842,8.37449836730957,8.934682846069336,9.153196334838867,7.247391700744629,4.522080898284912,3.109065532684326,5.288087368011475,11.506290435791016,12.598360061645508
19.6621036529541,26.235288619995117,29.078899383544922,29.032835006713867,26.152189254760742,22.6146183013916,22.617050170898438,25.422239303588867,25.720840454101562,25.525901794433594,27.202974319458008,30.464427947998047,31.958595275878906,31.71732521057129,32.55958557128906,35.64005661010742,29.601198196411133,12.683070182800293,-3.1818668842315674,-6.424674034118652,-0.36648526787757874,1.9120248556137085,0.5940661430358887,6.8448615074157715,12.144046783447266,9.412246704101562,9.438142776489258,10.258164405822754,10.08262825012207,9.449801445007324,8.52640151977539,7.525339603424072,6.838975429534912,6.330275058746338,6.798800945281982,7.6431708335876465,8.595502853393555,8.85880184173584,7.255181789398193,4.509912490844727,1.9281717538833618,1.1058239936828613,4.969059467315674,11.055577278137207
18.38532066345215,23.63375473022461,26.870969772338867,25.89829444885254,24.5054931640625,22.77200698852539,23.13885498046875,25.21527862548828,25.98991584777832,28.491653442382812,29.004013061523438,32.850120544433594,32.46694564819336,28.38861846923828,30.66432762145996,30.15833854675293,17.23712921142578,-2.1627891063690186,-13.222914695739746,-10.374160766601562,-3.9438178539276123,-0.41748929023742676,2.8097970485687256,10.365752220153809,9.519824028015137,8.004544258117676,8.886720657348633,9.598516464233398,9.592041969299316,8.626689910888672,7.137366771697998,5.8981404304504395,5.214267730712891,4.892841815948486,4.8490447998046875,5.4250078201293945,6.22976016998291,6.375720500946045,5.661832809448242,5.014192581176758,4.359023571014404,2.561230182647705,4.612710475921631,8.136515617370605
16.90069007873535,20.39631462097168,21.410791397094727,20.397075653076172,21.595130920410156,23.157203674316406,25.36922836303711,26.899330139160156,26.233543395996094,28.03192138671875,28.995454788208008,31.789119720458984,33.79719161987305,29.91359519958496,28.319608688354492,28.892925262451172,11.95259952545166,-6.665478229522705,-12.303513526916504,-4.578983306884766,0.3871007263660431,4.58121395111084,8.197946548461914,9.557174682617188,7.233180999755859,6.547126770019531,7.219672203063965,8.080928802490234,8.45018196105957,7.555884838104248,5.944554328918457,4.304187774658203,3.627673625946045,3.284630537033081,2.8393356800079346,2.971433162689209,3.18601131439209,3.62658953666687,3.756767988204956,4.509514331817627,5.315028190612793,4.178862571716309,4.815145015716553,7.134376525878906
15.005255699157715,15.649551391601562,14.453863143920898,13.191584587097168,15.77118968963623,19.139942169189453,24.065486907958984,26.389162063598633,26.800012588500977,29.074119567871094,29.912799835205078,30.409942626953125,32.62870407104492,33.977622985839844,29.13473129272461,34.690406799316406,17.30074119567871,-5.705842971801758,-8.649584770202637,1.0965783596038818,4.993268013000488,8.377701759338379,9.867021560668945,7.808614253997803,6.338455677032471,5.405733585357666,5.590962886810303,6.368989944458008,6.948835372924805,6.9733195304870605,5.74306583404541,3.5217812061309814,1.9800649881362915,1.3868201971054077,1.002690076828003,0.7934648394584656,1.0791622400283813,1.6424287557601929,2.4588990211486816,3.6773464679718018,4.624883651733398,4.241536617279053,3.699256658554077,5.980640888214111
12.775224685668945,13.427597045898438,11.084528923034668,9.442755699157715,11.823015213012695,12.7039155960083,14.085369110107422,18.97671890258789,25.46263313293457,29.627628326416016,31.517030715942383,29.629436492919922,27.432636260986328,30.548194885253906,28.326139450073242,35.75151443481445,17.134233474731445,-4.001003265380859,-4.7739410400390625,5.815662860870361,8.71448040008545,9.130763053894043,8.897114753723145,7.282179355621338,5.901044845581055,4.845977306365967,4.971129417419434,5.628867149353027,5.874514102935791,6.450615406036377,6.296552658081055,4.061538219451904,1.3576781749725342,0.0643773004412651,-0.20177601277828217,-0.5782126784324646,0.43653953075408936,1.1069658994674683,2.2847137451171875,2.884657859802246,3.3230905532836914,3.4042041301727295,1.847174048423767,2.198760747909546
