data/wind_data/wind_56_7.json
{"header": {"parameterUnit": "KT", "parameterCategory": 2, "nx": 256, "ny": 198, "lo1": 44.73521041870117, "la1": -3.236724853515625, "lo2": 111.26478576660156, "la2": 43.468475341796875, "dx": 0.2609002888202667, "dy": -0.23708222806453705, "refTime": "2025-02-21 08:00:00", "forecastTime": 0, "parameterNumber": 2, "parameterNumberName": "eastward_wind"}, "data":
[rows 60 to 79 of 198, columns 44 to 87 of 256]
19.441774368286133,19.633779525756836,19.901466369628906,20.249813079833984,20.51502799987793,20.63509750366211,20.561908721923828,20.28851890563965,19.889301300048828,19.488698959350586,19.238283157348633,19.16840171813965,19.15304946899414,19.0790958404541,18.775474548339844,18.311315536499023,17.899267196655273,17.583749771118164,17.419038772583008,17.360549926757812,17.226884841918945,16.98459815979004,16.715890884399414,16.370174407958984,15.929116249084473,15.347940444946289,14.620135307312012,13.787836074829102,12.865172386169434,11.9290132522583,11.138463020324707,10.60496997833252,10.415779113769531,10.62369441986084,11.117486953735352,11.692423820495605,12.163798332214355,12.392024993896484,12.412271499633789,12.488822937011719,12.858332633972168,13.416389465332031,13.957001686096191,14.41852855682373
20.92698860168457,20.94269561767578,21.00141716003418,21.178064346313477,21.4725341796875,21.790708541870117,21.98233413696289,21.96587371826172,21.810096740722656,21.646024703979492,21.567270278930664,21.604965209960938,21.72337532043457,21.768232345581055,21.639541625976562,21.442920684814453,21.261226654052734,21.123207092285156,21.051301956176758,20.912412643432617,20.592937469482422,20.115333557128906,19.556413650512695,18.952680587768555,18.32631492614746,17.681716918945312,16.970661163330078,16.0703182220459,14.961429595947266,13.853397369384766,12.936885833740234,12.26187801361084,11.902796745300293,11.989104270935059,12.528121948242188,13.351823806762695,14.166808128356934,14.67029094696045,14.777554512023926,14.758707046508789,14.994709968566895,15.499096870422363,16.031084060668945,16.411806106567383
23.352767944335938,23.205780029296875,23.021324157714844,22.938230514526367,23.082563400268555,23.368268966674805,23.63571548461914,23.829612731933594,23.918161392211914,23.955718994140625,24.041837692260742,24.221744537353516,24.398027420043945,24.45366668701172,24.44087028503418,24.458284378051758,24.461719512939453,24.405580520629883,24.27340316772461,23.99990463256836,23.547080993652344,22.909852981567383,22.142650604248047,21.310523986816406,20.476774215698242,19.737119674682617,19.071504592895508,18.295459747314453,17.276824951171875,16.125539779663086,15.045890808105469,14.177231788635254,13.651768684387207,13.623547554016113,14.204254150390625,15.29321002960205,16.539688110351562,17.47854995727539,17.820499420166016,17.76706886291504,17.79851531982422,18.09998321533203,18.439632415771484,18.561870574951172
26.29356575012207,26.199954986572266,25.997777938842773,25.77475929260254,25.708999633789062,25.82764434814453,26.038406372070312,26.237335205078125,26.396215438842773,26.582008361816406,26.827425003051758,27.0649471282959,27.182695388793945,27.156139373779297,27.089826583862305,27.03550148010254,26.94740867614746,26.770851135253906,26.496667861938477,26.128314971923828,25.628280639648438,24.966720581054688,24.16962242126465,23.301660537719727,22.41360092163086,21.57436180114746,20.8599853515625,20.26122283935547,19.6072940826416,18.737287521362305,17.706960678100586,16.748071670532227,16.108705520629883,16.007884979248047,16.574832916259766,17.766124725341797,19.27971649169922,20.600618362426758,21.227203369140625,21.162860870361328,20.896759033203125,20.851001739501953,20.892593383789062,20.735403060913086
28.951305389404297,28.90358543395996,28.79425621032715,28.614910125732422,28.475629806518555,28.479206085205078,28.59583854675293,28.71128273010254,28.819690704345703,29.00393295288086,29.271808624267578,29.510570526123047,29.61562156677246,29.562047958374023,29.381792068481445,29.09354591369629,28.725671768188477,28.305843353271484,27.88725471496582,27.484867095947266,27.04949188232422,26.509443283081055,25.852405548095703,25.12401008605957,24.385574340820312,23.650325775146484,22.93965721130371,22.344823837280273,21.895586013793945,21.433826446533203,20.811542510986328,20.110288619995117,19.589885711669922,19.496429443359375,19.947080612182617,20.915374755859375,22.22218132019043,23.455297470092773,24.1638240814209,24.083444595336914,23.5519962310791,23.096935272216797,22.81289291381836,22.473079681396484
31.209409713745117,31.056074142456055,30.93187713623047,30.80385971069336,30.682518005371094,30.63785743713379,30.666976928710938,30.717182159423828,30.77833366394043,30.86486053466797,30.96752166748047,31.05925941467285,31.13212013244629,31.12425994873047,30.93035888671875,30.51985740661621,29.986019134521484,29.457969665527344,28.9923152923584,28.585899353027344,28.210657119750977,27.83156394958496,27.412267684936523,26.932979583740234,26.417682647705078,25.893943786621094,25.350610733032227,24.785629272460938,24.293325424194336,23.960819244384766,23.73208999633789,23.51040267944336,23.33881950378418,23.359281539916992,23.666881561279297,24.249650955200195,25.018539428710938,25.748353958129883,26.11517906188965,25.97942543029785,25.412670135498047,24.744319915771484,24.242271423339844,23.846471786499023
32.986263275146484,32.700164794921875,32.48183822631836,32.396080017089844,32.372314453125,32.34959411621094,32.315189361572266,32.33308029174805,32.413455963134766,32.48141098022461,32.44831085205078,32.33775329589844,32.24943923950195,32.181331634521484,32.000877380371094,31.635417938232422,31.17279624938965,30.739078521728516,30.35661506652832,29.978742599487305,29.604782104492188,29.265918731689453,28.962541580200195,28.65526580810547,28.304794311523438,27.912137985229492,27.49167251586914,27.040916442871094,26.598159790039062,26.275178909301758,26.13744354248047,26.151880264282227,26.250019073486328,26.420534133911133,26.679941177368164,27.02113151550293,27.39086151123047,27.645259857177734,27.64777946472168,27.340173721313477,26.861600875854492,26.2756404876709,25.713462829589844,25.26341438293457
34.24828338623047,33.95964431762695,33.69747543334961,33.638179779052734,33.71794128417969,33.77706527709961,33.76346206665039,33.78379821777344,33.90846633911133,34.0345458984375,34.00446701049805,33.81666564941406,33.60065841674805,33.40533447265625,33.17750549316406,32.902862548828125,32.615013122558594,32.34206008911133,32.071170806884766,31.763050079345703,31.412372589111328,31.046777725219727,30.69249725341797,30.351652145385742,30.00328254699707,29.618227005004883,29.199722290039062,28.7985782623291,28.48145294189453,28.283143997192383,28.206357955932617,28.235931396484375,28.350418090820312,28.543004989624023,28.78677749633789,29.05242347717285,29.275236129760742,29.359214782714844,29.229999542236328,28.8927059173584,28.431243896484375,27.937654495239258,27.363407135009766,26.788742065429688
35.1687126159668,35.114723205566406,34.99827194213867,34.951229095458984,34.99411392211914,35.069698333740234,35.12399673461914,35.187355041503906,35.31021499633789,35.427146911621094,35.421504974365234,35.28524398803711,35.08573532104492,34.86665344238281,34.64421463012695,34.435630798339844,34.25625228881836,34.084991455078125,33.891178131103516,33.67266845703125,33.421783447265625,33.10997009277344,32.71360778808594,32.249473571777344,31.758705139160156,31.265626907348633,30.796106338500977,30.402137756347656,30.153390884399414,30.063936233520508,30.073518753051758,30.114322662353516,30.163394927978516,30.250988006591797,30.392902374267578,30.578317642211914,30.744401931762695,30.80973243713379,30.715585708618164,30.444839477539062,30.011775970458984,29.486740112304688,28.869958877563477,28.217878341674805
36.039676666259766,36.262577056884766,36.4486083984375,36.554019927978516,36.582706451416016,36.57318878173828,36.58341979980469,36.64976501464844,36.76146697998047,36.83644104003906,36.81564712524414,36.68617248535156,36.501590728759766,36.339664459228516,36.240516662597656,36.17619323730469,36.09654998779297,35.975433349609375,35.8195915222168,35.659175872802734,35.48546600341797,35.238616943359375,34.86135482788086,34.34048843383789,33.7192268371582,33.082191467285156,32.528282165527344,32.13277053833008,31.920089721679688,31.84217071533203,31.823837280273438,31.805383682250977,31.774648666381836,31.744001388549805,31.743911743164062,31.792659759521484,31.875253677368164,31.94233512878418,31.915903091430664,31.718196868896484,31.293933868408203,30.66010093688965,29.98647689819336,29.40475845336914
37.19404602050781,37.61880874633789,38.05550765991211,38.35862350463867,38.48454284667969,38.45832824707031,38.38648223876953,38.369117736816406,38.398719787597656,38.41915512084961,38.379920959472656,38.22919464111328,37.99181365966797,37.802040100097656,37.75539779663086,37.811729431152344,37.858943939208984,37.82437515258789,37.72102355957031,37.59819030761719,37.44021224975586,37.18386459350586,36.78342819213867,36.228519439697266,35.55532455444336,34.864227294921875,34.27283477783203,33.855411529541016,33.61442565917969,33.49445724487305,33.422935485839844,33.354122161865234,33.264923095703125,33.15671157836914,33.04751968383789,32.96350860595703,32.92681884765625,32.94717025756836,32.95191192626953,32.78609848022461,32.31635284423828,31.598060607910156,30.8855037689209,30.399681091308594
38.39058303833008,38.962432861328125,39.60914611816406,40.144229888916016,40.45224380493164,40.49729919433594,40.3597412109375,40.190223693847656,40.072418212890625,40.00410079956055,39.92771911621094,39.7515983581543,39.480098724365234,39.256927490234375,39.17230987548828,39.183937072753906,39.212669372558594,39.195560455322266,39.1343994140625,39.0526008605957,38.906288146972656,38.60731506347656,38.13756561279297,37.533729553222656,36.86185836791992,36.21498489379883,35.67816162109375,35.28187942504883,35.008026123046875,34.83108139038086,34.74238204956055,34.71809005737305,34.70364761352539,34.648109436035156,34.53517150878906,34.37975311279297,34.24813461303711,34.18422317504883,34.13866424560547,33.92855453491211,33.38908767700195,32.62152099609375,31.956968307495117,31.576677322387695
39.46602249145508,40.021419525146484,40.72205352783203,41.38147735595703,41.85714340209961,42.073848724365234,42.031471252441406,41.814964294433594,41.54066467285156,41.31406021118164,41.13315963745117,40.91794967651367,40.6724853515625,40.5178108215332,40.47064208984375,40.42338562011719,40.3021354675293,40.132450103759766,39.983680725097656,39.87004089355469,39.70223617553711,39.363929748535156,38.8598518371582,38.275123596191406,37.69587326049805,37.1907844543457,36.79204559326172,36.49508285522461,36.258544921875,36.073516845703125,35.98390579223633,36.0211067199707,36.14393615722656,36.26531982421875,36.28955841064453,36.17280197143555,35.98302459716797,35.82975769042969,35.68465805053711,35.357627868652344,34.73147201538086,33.98666000366211,33.43693542480469,33.13880157470703
40.32154846191406,40.68281936645508,41.25417709350586,41.85441970825195,42.34671401977539,42.674808502197266,42.82140350341797,42.756202697753906,42.519805908203125,42.239295959472656,41.972965240478516,41.709930419921875,41.49075698852539,41.40053176879883,41.4212760925293,41.401668548583984,41.206722259521484,40.87690353393555,40.55936813354492,40.32829284667969,40.11735916137695,39.8068962097168,39.3977165222168,38.97858428955078,38.607208251953125,38.303462982177734,38.067291259765625,37.88258743286133,37.72047805786133,37.57701873779297,37.49197006225586,37.52728271484375,37.703243255615234,37.95293426513672,38.131900787353516,38.121253967285156,37.941734313964844,37.70273971557617,37.424903869628906,36.99289321899414,36.37437438964844,35.74813461303711,35.29003143310547,35.00935363769531
41.12852478027344,41.250492095947266,41.615692138671875,42.03937530517578,42.388885498046875,42.64674758911133,42.84791564941406,42.948665618896484,42.896976470947266,42.70446014404297,42.43239212036133,42.182769775390625,42.06806182861328,42.113548278808594,42.21623611450195,42.20244216918945,41.967247009277344,41.55646514892578,41.132198333740234,40.83095169067383,40.63993453979492,40.48244857788086,40.32416534423828,40.17607498168945,40.02887725830078,39.87691116333008,39.724117279052734,39.581146240234375,39.45277404785156,39.34217834472656,39.2672004699707,39.273231506347656,39.404571533203125,39.6363639831543,39.844825744628906,39.90016555786133,39.763179779052734,39.482120513916016,39.08127212524414,38.550804138183594,37.973941802978516,37.50402069091797,37.155094146728516,36.84538269042969
42.44010543823242,42.41902160644531,42.65904235839844,42.99760818481445,43.220481872558594,43.27659225463867,43.265625,43.26683044433594,43.26456069946289,43.17731475830078,42.96918869018555,42.76970291137695,42.76402282714844,42.986385345458984,43.255374908447266,43.33440017700195,43.11894226074219,42.67042541503906,42.1660270690918,41.796226501464844,41.63408660888672,41.646549224853516,41.74169158935547,41.830623626708984,41.84013366699219,41.75553894042969,41.59922409057617,41.423187255859375,41.272857666015625,41.16468048095703,41.10220718383789,41.097354888916016,41.16531753540039,41.2863655090332,41.38960647583008,41.401275634765625,41.2813835144043,41.00876235961914,40.55914306640625,39.97814178466797,39.43352127075195,39.03923797607422,38.73627853393555,38.425167083740234
44.26511764526367,44.213768005371094,44.38778305053711,44.740509033203125,45.0186653137207,45.05265426635742,44.894081115722656,44.70558547973633,44.59117126464844,44.48775100708008,44.3031005859375,44.12969970703125,44.15947723388672,44.45246124267578,44.82718276977539,45.02082443237305,44.89444351196289,44.50025177001953,43.997314453125,43.564456939697266,43.342411041259766,43.353919982910156,43.51361083984375,43.69633102416992,43.7845573425293,43.730987548828125,43.55535125732422,43.33284378051758,43.1424446105957,43.02019500732422,42.96757125854492,42.963619232177734,42.97687911987305,42.96153259277344,42.888816833496094,42.76331329345703,42.59011459350586,42.336219787597656,41.92265319824219,41.397132873535156,40.925907135009766,40.5588264465332,40.202186584472656,39.83237075805664
46.5394401550293,46.404144287109375,46.4095344543457,46.607872009277344,46.84718322753906,46.96510314941406,46.93567657470703,46.84746170043945,46.80280303955078,46.76447677612305,46.62727737426758,46.45548629760742,46.44497299194336,46.680789947509766,47.01022720336914,47.1740608215332,47.050537109375,46.697723388671875,46.24104309082031,45.807735443115234,45.524696350097656,45.45353317260742,45.553627014160156,45.71372985839844,45.8160514831543,45.78359603881836,45.615901947021484,45.38167190551758,45.17144775390625,45.03947830200195,44.98737716674805,44.97611618041992,44.93214797973633,44.789363861083984,44.54641342163086,44.268009185791016,43.997772216796875,43.706947326660156,43.31999588012695,42.87480926513672,42.504722595214844,42.19222640991211,41.813560485839844,41.360923767089844
49.50436782836914,49.26396179199219,49.016029357910156,48.86549758911133,48.79763412475586,48.77439880371094,48.78270721435547,48.851749420166016,49.006202697753906,49.16817855834961,49.21720886230469,49.171546936035156,49.190433502197266,49.3625373840332,49.592063903808594,49.655517578125,49.442378997802734,49.00984191894531,48.499244689941406,48.043487548828125,47.75273895263672,47.67538070678711,47.77219009399414,47.94175338745117,48.063053131103516,48.06049346923828,47.924129486083984,47.69785690307617,47.455867767333984,47.27216339111328,47.18251037597656,47.150081634521484,47.07352828979492,46.86692428588867,46.528114318847656,46.139556884765625,45.7709846496582,45.397117614746094,44.95269775390625,44.50680160522461,44.17445755004883,43.885223388671875,43.49344253540039,43.00967025756836
52.65433120727539,52.44365692138672,52.058692932128906,51.6914176940918,51.42071533203125,51.25422668457031,51.16218185424805,51.14072036743164,51.23583984375,51.41575622558594,51.58494186401367,51.727054595947266,51.8954963684082,52.10843276977539,52.288673400878906,52.287086486816406,52.011112213134766,51.501834869384766,50.90982437133789,50.41624450683594,50.1413688659668,50.126800537109375,50.29619598388672,50.52543640136719,50.68075942993164,50.69146728515625,50.55727767944336,50.311561584472656,50.00911331176758,49.72276306152344,49.5213508605957,49.408443450927734,49.30757522583008,49.11940383911133,48.79786682128906,48.384010314941406,47.94548034667969,47.465057373046875,46.911521911621094,46.394927978515625,46.01218032836914,45.66712188720703,45.22541046142578,44.71111297607422
