data/wind_data/wind_7_3.json
{"header": {"parameterUnit": "KT", "parameterCategory": 2, "nx": 256, "ny": 198, "lo1": 44.73521041870117, "la1": -3.236724853515625, "lo2": 111.26478576660156, "la2": 43.468475341796875, "dx": 0.2609002888202667, "dy": -0.23708222806453705, "refTime": "2025-02-19 07:00:00", "forecastTime": 0, "parameterNumber": 2, "parameterNumberName": "eastward_wind"}, "data":
[rows 57 to 75 of 198, columns 88 to 131 of 256]
-14.311480522155762,-14.098956108093262,-13.851300239562988,-13.924418449401855,-14.244717597961426,-14.370962142944336,-14.237337112426758,-14.117121696472168,-14.099591255187988,-14.112750053405762,-14.194123268127441,-14.439031600952148,-14.694998741149902,-14.628449440002441,-14.247504234313965,-13.866497993469238,-13.642702102661133,-13.545133590698242,-13.513287544250488,-13.617506980895996,-14.124537467956543,-15.229968070983887,-16.674222946166992,-17.875558853149414,-18.462541580200195,-18.52570915222168,-18.51165008544922,-18.905208587646484,-19.23060417175293,-19.687931060791016,-20.365724563598633,-22.73974609375,-24.795564651489258,-19.1738224029541,-13.287248611450195,-14.52324390411377,-16.05146598815918,-16.21754264831543,-15.032148361206055,-15.050444602966309,-15.743768692016602,-14.832581520080566,-13.41276741027832,-12.859248161315918
-14.63277816772461,-14.615323066711426,-14.323389053344727,-13.940530776977539,-13.792961120605469,-13.753949165344238,-13.542044639587402,-13.223343849182129,-12.958459854125977,-12.796342849731445,-12.704574584960938,-12.699084281921387,-12.844855308532715,-13.055326461791992,-13.113507270812988,-12.949908256530762,-12.675308227539062,-12.448895454406738,-12.415108680725098,-12.665369033813477,-13.203529357910156,-14.104691505432129,-15.415542602539062,-16.770795822143555,-17.52264404296875,-17.48680877685547,-17.10573387145996,-16.93464469909668,-17.000757217407227,-17.323896408081055,-18.879426956176758,-21.527191162109375,-19.233936309814453,-15.383578300476074,-14.745718955993652,-16.471363067626953,-16.226978302001953,-14.82404899597168,-14.857355117797852,-15.465683937072754,-15.392096519470215,-13.597627639770508,-12.497503280639648,-12.071455001831055
-14.87718677520752,-14.810032844543457,-14.598834037780762,-14.261615753173828,-13.933747291564941,-13.63412857055664,-13.24006462097168,-12.762452125549316,-12.294878005981445,-11.925681114196777,-11.659940719604492,-11.465950012207031,-11.450671195983887,-11.68859577178955,-12.022050857543945,-12.213445663452148,-12.154315948486328,-11.946215629577637,-11.847930908203125,-12.177938461303711,-12.964823722839355,-13.966683387756348,-15.065800666809082,-16.088062286376953,-16.714271545410156,-16.902883529663086,-16.79646873474121,-16.33260154724121,-15.905973434448242,-16.02033042907715,-18.358570098876953,-18.818225860595703,-13.841201782226562,-14.022127151489258,-15.113280296325684,-15.599820137023926,-15.17012882232666,-14.82282829284668,-15.202620506286621,-15.588187217712402,-14.720473289489746,-12.915163040161133,-11.72813606262207,-11.257588386535645
-14.905884742736816,-14.807597160339355,-14.47954273223877,-14.098340034484863,-13.766507148742676,-13.421427726745605,-12.971199989318848,-12.399435043334961,-11.749419212341309,-11.176116943359375,-10.852940559387207,-10.81059741973877,-11.013437271118164,-11.375679016113281,-11.734034538269043,-11.9522705078125,-11.995092391967773,-11.903468132019043,-11.854641914367676,-12.207758903503418,-13.138893127441406,-14.372377395629883,-15.417322158813477,-15.869770050048828,-15.787226676940918,-15.678046226501465,-15.729544639587402,-15.693942070007324,-15.108616828918457,-16.325742721557617,-19.56183624267578,-15.357340812683105,-11.832832336425781,-12.976643562316895,-13.851841926574707,-14.29283618927002,-14.779163360595703,-15.532739639282227,-14.54833698272705,-14.143568992614746,-13.422562599182129,-12.72488021850586,-11.503056526184082,-10.652238845825195
-14.479168891906738,-14.569918632507324,-14.307384490966797,-13.8248291015625,-13.332693099975586,-12.90656852722168,-12.54033374786377,-12.141203880310059,-11.59745979309082,-11.007805824279785,-10.650473594665527,-10.686246871948242,-11.110955238342285,-11.764305114746094,-12.312051773071289,-12.424314498901367,-12.16023063659668,-11.89036750793457,-11.93084716796875,-12.391075134277344,-13.202668190002441,-14.244161605834961,-15.16109561920166,-15.432000160217285,-15.10776424407959,-14.725285530090332,-14.612722396850586,-14.690468788146973,-14.754728317260742,-16.375038146972656,-19.262887954711914,-14.141387939453125,-10.328600883483887,-11.514688491821289,-12.354121208190918,-13.166505813598633,-14.467633247375488,-15.459281921386719,-13.945672988891602,-12.593277931213379,-12.253135681152344,-12.200902938842773,-11.316536903381348,-10.2697172164917
-13.511828422546387,-13.48320198059082,-13.32168960571289,-13.081415176391602,-12.77839469909668,-12.417399406433105,-12.100743293762207,-11.881033897399902,-11.651968955993652,-11.354552268981934,-11.146076202392578,-11.068617820739746,-11.076804161071777,-11.317363739013672,-11.812980651855469,-12.04344654083252,-11.661630630493164,-11.16096305847168,-11.227155685424805,-11.970664978027344,-12.86963176727295,-13.457911491394043,-13.776078224182129,-13.963017463684082,-14.039898872375488,-13.953861236572266,-13.735767364501953,-13.834413528442383,-14.489253997802734,-16.546415328979492,-18.19690704345703,-11.317893028259277,-9.765650749206543,-10.243099212646484,-10.953230857849121,-12.076593399047852,-13.748115539550781,-14.170821189880371,-13.05749225616455,-11.953529357910156,-11.188020706176758,-11.1947603225708,-10.944840431213379,-10.117748260498047
-12.825237274169922,-12.73242473602295,-12.480897903442383,-12.247054100036621,-12.137016296386719,-12.031861305236816,-11.8254976272583,-11.659838676452637,-11.647334098815918,-11.761621475219727,-11.856459617614746,-11.768623352050781,-11.444307327270508,-11.09605884552002,-10.999529838562012,-11.021552085876465,-10.80897045135498,-10.377791404724121,-10.21192741394043,-10.830739974975586,-12.02670669555664,-12.838912963867188,-12.815173149108887,-12.503326416015625,-12.59205436706543,-13.08011245727539,-13.331791877746582,-13.309396743774414,-14.496756553649902,-17.808122634887695,-15.631808280944824,-5.887446403503418,-9.059000968933105,-9.557908058166504,-10.078972816467285,-11.354660987854004,-12.508994102478027,-12.289687156677246,-11.896986961364746,-10.897175788879395,-10.320852279663086,-10.385112762451172,-10.516061782836914,-10.168283462524414
-12.1325101852417,-12.378680229187012,-12.447610855102539,-12.307205200195312,-12.079426765441895,-11.805928230285645,-11.529214859008789,-11.33857536315918,-11.365562438964844,-11.640438079833984,-11.99140453338623,-12.192952156066895,-12.112908363342285,-11.779825210571289,-11.385525703430176,-11.04845142364502,-10.616172790527344,-9.988046646118164,-9.479327201843262,-9.7123384475708,-10.69265365600586,-11.622444152832031,-11.935341835021973,-11.75744342803955,-11.627367973327637,-12.091742515563965,-12.687440872192383,-12.957172393798828,-15.39470100402832,-17.749916076660156,-9.207347869873047,-7.075290679931641,-8.61974811553955,-8.812511444091797,-9.459639549255371,-10.642294883728027,-11.338424682617188,-10.485312461853027,-10.292881965637207,-9.700817108154297,-9.270832061767578,-9.325723648071289,-9.625642776489258,-10.124658584594727
-11.210126876831055,-11.427733421325684,-11.61851692199707,-11.633013725280762,-11.361507415771484,-10.880146026611328,-10.471940040588379,-10.332144737243652,-10.378806114196777,-10.517914772033691,-10.740429878234863,-11.02279281616211,-11.22933578491211,-11.151748657226562,-10.767962455749512,-10.265135765075684,-9.778502464294434,-9.26266860961914,-8.744930267333984,-8.5986328125,-9.160005569458008,-9.98398494720459,-10.553586959838867,-10.882019996643066,-11.075876235961914,-11.453058242797852,-11.93128776550293,-12.652314186096191,-15.093246459960938,-13.558815002441406,-7.034224510192871,-6.978968620300293,-8.236542701721191,-8.425243377685547,-8.857810020446777,-9.232739448547363,-9.679445266723633,-9.908920288085938,-9.761733055114746,-8.383733749389648,-8.052170753479004,-8.216328620910645,-8.774107933044434,-9.63694953918457
-10.170351028442383,-10.255912780761719,-10.298572540283203,-10.247111320495605,-10.017660140991211,-9.5416259765625,-9.02044677734375,-8.802194595336914,-8.895861625671387,-8.972282409667969,-8.953250885009766,-9.02784252166748,-9.098241806030273,-8.94924259185791,-8.620950698852539,-8.300384521484375,-8.084343910217285,-7.952399730682373,-7.77496337890625,-7.57741641998291,-7.683751106262207,-8.231667518615723,-8.922935485839844,-9.730545997619629,-10.689971923828125,-11.197826385498047,-11.197983741760254,-12.644447326660156,-14.31688117980957,-8.417651176452637,-5.4612321853637695,-7.111326217651367,-7.439106464385986,-8.034214973449707,-8.518677711486816,-8.513713836669922,-8.421112060546875,-8.48448371887207,-8.52606201171875,-7.557932376861572,-6.706654071807861,-7.151548385620117,-7.963819980621338,-8.738274574279785
-9.072075843811035,-9.091135025024414,-9.019474029541016,-8.916714668273926,-8.959182739257812,-9.00893783569336,-8.670112609863281,-7.972213268280029,-7.476884365081787,-7.396461009979248,-7.421689987182617,-7.438004970550537,-7.466028690338135,-7.359172344207764,-7.063510894775391,-6.76385498046875,-6.61064338684082,-6.641091823577881,-6.8086700439453125,-6.901879787445068,-6.863468647003174,-6.9198527336120605,-7.189653396606445,-8.02498722076416,-9.600812911987305,-10.55755615234375,-10.5400390625,-12.426054000854492,-12.561694145202637,-4.282776832580566,-5.349090099334717,-6.404282093048096,-6.911282539367676,-7.500087261199951,-8.361613273620605,-8.280272483825684,-7.694911003112793,-7.131961345672607,-6.76519775390625,-6.28883171081543,-5.725245952606201,-6.278861045837402,-7.262624740600586,-8.000055313110352
-7.8911662101745605,-7.864837169647217,-7.763035297393799,-7.582711219787598,-7.64165735244751,-8.114505767822266,-8.527803421020508,-8.188125610351562,-7.240074634552002,-6.49240255355835,-6.212552547454834,-6.012913227081299,-5.695885181427002,-5.382087230682373,-5.142406463623047,-5.074826240539551,-5.390153408050537,-5.882425785064697,-6.211582660675049,-6.406063556671143,-6.472877025604248,-6.222368240356445,-5.898253917694092,-6.419651985168457,-7.856725692749023,-8.605509757995605,-8.742618560791016,-10.649580955505371,-9.746774673461914,-5.5707268714904785,-6.578030109405518,-6.38787841796875,-6.907802581787109,-6.931372165679932,-7.354729175567627,-7.317728042602539,-7.031166076660156,-6.2743916511535645,-5.947332382202148,-5.409015655517578,-4.9660210609436035,-5.619065761566162,-7.135488510131836,-7.4916181564331055
-6.608157157897949,-6.353698253631592,-6.256405353546143,-6.267752647399902,-6.399952411651611,-6.647940158843994,-7.0011887550354,-7.262889385223389,-7.0662336349487305,-6.4197306632995605,-5.736063003540039,-5.117729187011719,-4.463266849517822,-3.8958539962768555,-3.582625150680542,-3.5195376873016357,-3.7702839374542236,-4.285017490386963,-4.7155375480651855,-4.970423698425293,-5.28179931640625,-5.374547958374023,-5.109238147735596,-5.382201194763184,-6.407732009887695,-6.925595283508301,-7.325944900512695,-8.436309814453125,-6.843752384185791,-5.276288032531738,-7.083288669586182,-7.236259937286377,-7.474003314971924,-6.959563255310059,-6.454360485076904,-5.621099472045898,-5.567634582519531,-5.59745454788208,-5.8322224617004395,-5.607846260070801,-5.019016265869141,-5.134253978729248,-6.606375217437744,-7.35426664352417
-5.493614196777344,-5.0388617515563965,-4.804221153259277,-4.828402996063232,-4.990968704223633,-5.123539924621582,-5.2021307945251465,-5.319945335388184,-5.463504314422607,-5.430273056030273,-5.0325446128845215,-4.351048469543457,-3.5898025035858154,-2.9509871006011963,-2.589308977127075,-2.5134897232055664,-2.765958547592163,-3.150697946548462,-3.2070751190185547,-3.110297441482544,-3.5049257278442383,-4.2472968101501465,-4.533341884613037,-4.64499044418335,-5.120851993560791,-5.562846660614014,-5.6363420486450195,-6.144702911376953,-4.72329568862915,-4.2373199462890625,-6.677562713623047,-7.865087032318115,-8.091850280761719,-7.858287334442139,-5.930176258087158,-4.063302993774414,-3.852562189102173,-4.350210189819336,-5.191770076751709,-5.519352436065674,-5.076381206512451,-4.920742034912109,-5.697561740875244,-6.905178546905518
-4.442480087280273,-3.9918997287750244,-3.678232192993164,-3.5723938941955566,-3.576571464538574,-3.5787529945373535,-3.5442214012145996,-3.4925687313079834,-3.4430739879608154,-3.4074442386627197,-3.3410017490386963,-3.123169183731079,-2.6759085655212402,-2.1451945304870605,-1.8218997716903687,-1.7276151180267334,-1.8222407102584839,-2.2154111862182617,-2.370938539505005,-1.9585095643997192,-1.9768708944320679,-2.9086110591888428,-3.895292282104492,-4.077195167541504,-4.0454583168029785,-3.979057550430298,-3.925537586212158,-4.28232479095459,-2.0484120845794678,-3.3424713611602783,-5.1486101150512695,-7.310439109802246,-8.349085807800293,-7.979391098022461,-6.000468730926514,-3.3767337799072266,-2.7098543643951416,-3.319603681564331,-4.131646633148193,-4.4469780921936035,-4.4327168464660645,-4.646607398986816,-5.140460968017578,-5.3060431480407715
-3.591277837753296,-3.2717809677124023,-3.0226693153381348,-2.8191077709198,-2.595308780670166,-2.363966226577759,-2.1662790775299072,-1.9556351900100708,-1.6956199407577515,-1.4911285638809204,-1.419394612312317,-1.5032553672790527,-1.63420569896698,-1.5254395008087158,-1.1219056844711304,-0.862380862236023,-0.8963220715522766,-1.195712685585022,-1.6443994045257568,-1.6069273948669434,-1.4433345794677734,-1.932762622833252,-2.8427155017852783,-3.148725986480713,-3.0074539184570312,-3.0930967330932617,-4.440626621246338,-0.6507161259651184,0.3078770637512207,-1.9185476303100586,-3.451704263687134,-5.5123724937438965,-6.8309149742126465,-7.063142776489258,-6.027522563934326,-3.031771659851074,-2.1048548221588135,-2.7914462089538574,-3.33950138092041,-3.3171770572662354,-3.6107776165008545,-4.293123245239258,-4.674525737762451,-3.037137031555176
-3.0992627143859863,-2.9433937072753906,-2.793602705001831,-2.563431978225708,-2.1614537239074707,-1.6544595956802368,-1.2042821645736694,-0.8375394940376282,-0.4827657639980316,-0.1867665797472,-0.00921845342963934,-0.002405105857178569,-0.2870560884475708,-0.7617068886756897,-0.7781425714492798,-0.26230594515800476,0.008339406922459602,-0.03781807795166969,-0.37530913949012756,-0.8341312408447266,-0.9216848611831665,-1.0923815965652466,-1.7341687679290771,-2.1123905181884766,-2.463202714920044,-4.633516311645508,-6.229790687561035,5.008824825286865,1.7858973741531372,0.3117090165615082,-1.746525764465332,-3.567751169204712,-4.046872138977051,-4.129531383514404,-4.404958248138428,-2.578260898590088,-1.6034424304962158,-2.1749603748321533,-2.8844308853149414,-3.1306865215301514,-3.5543437004089355,-4.6793060302734375,-4.899301052093506,0.026119086891412735
-2.8020124435424805,-2.8184313774108887,-2.7170310020446777,-2.4521234035491943,-1.9888136386871338,-1.3635218143463135,-0.7627031803131104,-0.34758782386779785,-0.06428200006484985,0.2193138152360916,0.5475664138793945,0.8098666071891785,0.8329275846481323,0.4216826260089874,-0.16835783421993256,0.018595093861222267,0.7159655094146729,0.9380171298980713,0.7898806929588318,0.3824962377548218,0.06920310854911804,-0.16824813187122345,-0.7058486342430115,-1.4885497093200684,-3.2899627685546875,-6.275245666503906,1.8756060600280762,2.25705885887146,3.011626720428467,1.8766862154006958,0.08583931624889374,-1.6211848258972168,-2.0384082794189453,-0.9743589162826538,-2.0356874465942383,-1.6401716470718384,-0.5546836256980896,-1.2633086442947388,-2.2405378818511963,-2.806990385055542,-3.737441301345825,-5.8571929931640625,-5.149587154388428,2.988865613937378
-2.20534610748291,-2.3039159774780273,-2.2919540405273438,-2.107368230819702,-1.7734960317611694,-1.2979267835617065,-0.7942105531692505,-0.46889176964759827,-0.37559646368026733,-0.2509291172027588,0.1135886088013649,0.6351009607315063,1.069351077079773,1.2104008197784424,0.9323789477348328,0.6247022151947021,1.0636727809906006,1.6489100456237793,1.7033718824386597,1.4990442991256714,1.206491231918335,0.7235034108161926,0.2778165638446808,-1.322023868560791,-2.352322578430176,0.04573392495512962,0.9785714149475098,2.077733278274536,3.5299746990203857,3.12827467918396,1.8236517906188965,0.29662591218948364,-0.32846206426620483,0.054644279181957245,-0.6034747362136841,-0.18656472861766815,0.4562492370605469,-0.27611231803894043,-1.009952187538147,-1.793896198272705,-3.2171378135681152,-6.003664016723633,-3.2795612812042236,3.794905185699463
