data/wind_data/wind_68_6.json
{"header": {"parameterUnit": "KT", "parameterCategory": 2, "nx": 256, "ny": 198, "lo1": 44.73521041870117, "la1": -3.236724853515625, "lo2": 111.26478576660156, "la2": 43.468475341796875, "dx": 0.2609002888202667, "dy": -0.23708222806453705, "refTime": "2025-02-21 20:00:00", "forecastTime": 0, "parameterNumber": 2, "parameterNumberName": "eastward_wind"}, "data":
[rows 120 to 139 of 198, columns 176 to 219 of 256]
67.28266906738281,67.43714904785156,67.58717346191406,68.12973022460938,68.49168395996094,69.01297760009766,69.3865737915039,68.92485809326172,68.7724609375,68.80989837646484,68.42247009277344,68.3627700805664,68.95639038085938,70.26464080810547,71.95703887939453,73.32278442382812,74.11815643310547,74.3167495727539,74.32193756103516,74.7398452758789,75.78716278076172,76.94999694824219,79.11238098144531,81.16182708740234,81.33037567138672,80.84379577636719,81.52713775634766,83.09834289550781,84.4137954711914,85.48626708984375,86.2110824584961,86.34602355957031,87.67725372314453,89.88310241699219,90.86310577392578,90.31303405761719,87.62430572509766,86.1025161743164,88.90167236328125,90.71688842773438,91.42184448242188,95.59806060791016,100.27798461914062,102.05621337890625
66.79590606689453,67.4000015258789,67.98271179199219,69.02854919433594,69.66824340820312,69.92110443115234,70.02291107177734,68.28511810302734,66.37569427490234,66.15604400634766,66.3844985961914,66.85832977294922,67.72914123535156,68.77326965332031,69.98136901855469,71.3388900756836,72.6418685913086,73.50081634521484,73.51582336425781,73.21797943115234,73.76829528808594,75.1794204711914,77.60218811035156,79.39744567871094,79.77583312988281,80.03351593017578,80.70575714111328,81.63899230957031,82.74058532714844,83.52217864990234,83.62552642822266,83.75455474853516,84.54316711425781,85.95052337646484,87.50138854980469,86.98074340820312,84.29984283447266,84.17036437988281,87.37376403808594,89.35802459716797,89.4679946899414,91.0462875366211,94.9473648071289,98.91914367675781
66.32252502441406,67.37257385253906,68.6119613647461,69.4698715209961,70.22193145751953,70.46245574951172,70.02252960205078,67.52355194091797,64.5879898071289,64.51093292236328,65.4831771850586,66.25018310546875,67.00355529785156,67.89307403564453,68.89697265625,69.87308502197266,70.84142303466797,71.715087890625,72.0624008178711,71.8095474243164,72.0013656616211,73.51226043701172,75.66305541992188,76.75301361083984,77.37755584716797,78.25791931152344,78.77454376220703,79.58932495117188,80.93309020996094,81.54993438720703,81.64271545410156,82.09696197509766,82.01244354248047,82.43033599853516,84.56523895263672,84.59406280517578,82.8392105102539,83.90899658203125,86.4706039428711,88.3236083984375,88.72747039794922,88.05144500732422,88.92359924316406,93.62397766113281
66.23992919921875,67.11526489257812,69.34208679199219,69.94976806640625,69.72459411621094,70.95003509521484,69.97391510009766,64.95977783203125,62.568824768066406,63.77092742919922,65.30294036865234,66.18695831298828,66.63665771484375,67.22978210449219,67.80523681640625,68.22301483154297,68.76918029785156,69.466796875,70.2413330078125,70.8491439819336,71.4281005859375,72.6410140991211,73.95048522949219,74.47185516357422,75.01899719238281,75.83716583251953,76.83427429199219,78.17375946044922,78.57200622558594,78.0662612915039,78.54398345947266,79.82169342041016,79.74906921386719,80.4406509399414,83.81253814697266,84.79286193847656,83.03836059570312,83.7299575805664,85.54248809814453,87.20797729492188,88.40904998779297,86.75807189941406,85.63373565673828,89.98668670654297
66.34939575195312,66.59832000732422,69.26492309570312,69.92708587646484,68.68440246582031,68.50001525878906,69.94865417480469,66.44868469238281,59.832340240478516,60.927120208740234,63.22515869140625,64.89554595947266,66.07363891601562,66.71207427978516,66.67631530761719,66.48057556152344,66.83907318115234,67.73668670654297,68.90666961669922,70.33502197265625,71.58148193359375,72.07925415039062,72.14653778076172,72.4881591796875,72.43174743652344,72.46704864501953,75.09537506103516,77.1143569946289,75.89067840576172,74.50824737548828,75.79385375976562,77.23709106445312,77.18939208984375,78.73501586914062,83.44969177246094,85.66056823730469,83.54055786132812,82.645263671875,83.75214385986328,85.302978515625,86.36756896972656,84.46691131591797,83.3656005859375,87.5176010131836
66.68229675292969,66.32904815673828,68.54678344726562,69.14806365966797,68.26824951171875,66.83426666259766,67.43950653076172,66.58231353759766,61.9882926940918,62.02640151977539,63.727481842041016,64.59104919433594,65.56781005859375,66.23922729492188,66.40604400634766,66.26899719238281,66.22818756103516,66.74933624267578,67.63638305664062,69.02692413330078,70.49116516113281,70.74394989013672,69.96441650390625,70.19426727294922,70.79866027832031,70.97215270996094,73.21697235107422,75.19890594482422,73.88661193847656,72.61688995361328,74.39578247070312,75.34069061279297,75.53580474853516,77.92610168457031,82.94698333740234,86.22032928466797,84.59358978271484,81.55703735351562,80.92876434326172,82.03292083740234,82.62641143798828,81.31143188476562,81.24359893798828,84.60843658447266
67.2092056274414,65.954833984375,66.12030029296875,66.8837661743164,67.67102813720703,67.21326446533203,66.60013580322266,66.08058166503906,63.32915496826172,61.98345947265625,64.15274810791016,65.73410034179688,66.17078399658203,66.24303436279297,66.2979507446289,66.35460662841797,66.3706283569336,66.23002624511719,65.96218872070312,66.58305358886719,67.88716125488281,68.4805908203125,68.4298324584961,69.39717864990234,70.33943176269531,70.66873931884766,71.60469818115234,71.3022232055664,68.2293930053711,68.33702850341797,72.66732788085938,72.983642578125,71.90379333496094,74.26254272460938,79.14556121826172,82.93408966064453,82.28245544433594,79.13679504394531,77.5328140258789,77.98189544677734,78.62730407714844,78.5010757446289,79.49798583984375,81.44722747802734
66.63262939453125,65.93113708496094,65.41439056396484,65.49906921386719,66.77952575683594,67.67066955566406,67.29265594482422,66.34782409667969,64.55682373046875,63.067806243896484,64.19036865234375,65.607177734375,65.65690612792969,65.55778503417969,65.34944152832031,65.15837860107422,65.38555908203125,65.43406677246094,64.55521392822266,64.52780151367188,65.86433410644531,66.9136962890625,67.47455596923828,68.27761840820312,68.09644317626953,67.55361938476562,67.47623443603516,66.4791488647461,62.47087860107422,61.75852584838867,67.1822509765625,68.69613647460938,68.12667083740234,71.02655792236328,75.4184799194336,78.2968521118164,77.70695495605469,75.16248321533203,73.96475982666016,74.65145111083984,75.8490219116211,76.582763671875,77.30966186523438,77.04130554199219
65.88884735107422,65.44538879394531,65.29083251953125,65.45242309570312,66.5761947631836,67.92185974121094,67.97969055175781,66.79107666015625,65.51168060302734,64.1277084350586,63.72721481323242,63.80434799194336,63.833824157714844,64.87216186523438,65.18151092529297,64.14403533935547,63.69479751586914,63.79146957397461,62.6604118347168,62.37578582763672,63.78878402709961,64.81517791748047,65.72167205810547,66.61621856689453,64.41956329345703,61.624542236328125,60.757205963134766,61.109683990478516,61.617942810058594,62.53897476196289,63.433353424072266,63.715003967285156,64.44618225097656,67.35504150390625,71.25677490234375,74.11758422851562,74.1115493774414,71.98397064208984,70.58474731445312,71.30146789550781,73.83013153076172,76.07109069824219,74.58026123046875,71.8677749633789
66.085205078125,64.69462585449219,65.08714294433594,65.89823913574219,66.8026123046875,67.72230529785156,67.86221313476562,67.16678619384766,66.2492904663086,64.40908813476562,62.824501037597656,62.672943115234375,62.79779815673828,63.686527252197266,65.27015686035156,64.96282958984375,63.45188903808594,62.30054473876953,60.96925354003906,60.80424880981445,62.50968933105469,63.70975112915039,65.6862564086914,66.1256103515625,59.99809265136719,54.044010162353516,54.69398498535156,58.82339859008789,61.954830169677734,60.23305892944336,56.308921813964844,56.707237243652344,59.939022064208984,63.4304084777832,66.93653869628906,70.17405700683594,71.71428680419922,70.27864074707031,67.53187561035156,67.462158203125,71.69685363769531,74.96436309814453,72.76445007324219,69.78385162353516
65.86141204833984,63.50699234008789,64.91382598876953,66.55597686767578,66.99180603027344,67.01964569091797,67.36168670654297,67.26380920410156,66.33039855957031,64.2421646118164,61.40464401245117,60.404212951660156,60.38862991333008,60.85383605957031,63.550201416015625,64.88034057617188,63.205135345458984,60.85075759887695,59.34742736816406,59.786216735839844,61.188228607177734,62.508934020996094,65.74617767333984,65.28365325927734,55.90860366821289,48.149253845214844,52.19467544555664,58.462215423583984,58.368812561035156,53.472042083740234,50.033203125,52.72085952758789,57.59027099609375,60.96664810180664,63.44908905029297,66.10822296142578,68.13224029541016,67.19392395019531,63.455650329589844,61.8912239074707,67.16171264648438,72.10336303710938,70.06829833984375,67.0415267944336
65.57941436767578,62.31332778930664,63.664669036865234,65.80938720703125,66.5333023071289,66.52269744873047,66.43519592285156,66.2365493774414,64.50264739990234,61.06186294555664,57.887115478515625,56.44166946411133,55.748077392578125,56.724449157714844,59.93910598754883,61.31425857543945,59.83525848388672,59.31368637084961,60.22773742675781,61.09423828125,60.42110824584961,60.375938415527344,63.858360290527344,61.14326095581055,50.245140075683594,47.69404983520508,52.42795944213867,54.1435546875,52.31193923950195,49.63472366333008,48.74842071533203,51.71134948730469,55.84610366821289,58.61264419555664,60.46387481689453,62.365474700927734,63.60097885131836,62.23011016845703,58.06422424316406,55.464630126953125,61.21310043334961,67.68257904052734,65.44740295410156,61.931636810302734
64.90105438232422,62.24446487426758,62.232940673828125,63.92485809326172,64.93458557128906,65.1471939086914,64.76679992675781,63.0420036315918,60.487545013427734,57.425472259521484,54.93607711791992,54.11109161376953,52.693607330322266,51.62555694580078,51.872676849365234,53.07574462890625,55.833377838134766,57.406578063964844,57.37200164794922,58.424407958984375,58.890220642089844,59.65548324584961,60.58930587768555,55.68505859375,46.37797927856445,47.07453155517578,51.11767578125,49.623600006103516,47.27357482910156,47.19038391113281,47.67718505859375,49.9124755859375,53.72154998779297,56.83345413208008,58.4459228515625,59.461143493652344,59.22425842285156,56.1917724609375,51.129146575927734,50.191253662109375,57.007171630859375,62.69765853881836,59.80534362792969,56.78721618652344
62.85466003417969,61.692657470703125,60.800479888916016,61.3564338684082,62.70006561279297,62.66360855102539,60.949119567871094,58.130279541015625,55.17243576049805,53.3477783203125,52.61305236816406,51.84182357788086,50.14921951293945,47.6561393737793,44.39246368408203,47.08969497680664,52.150489807128906,52.10874557495117,49.67069625854492,52.83881378173828,57.86768341064453,57.726993560791016,53.62664794921875,47.55167770385742,42.64042663574219,45.27482223510742,47.013084411621094,44.2872314453125,44.05925369262695,46.50136947631836,46.502471923828125,47.18544387817383,50.966102600097656,55.1395263671875,57.18379211425781,56.847328186035156,54.543373107910156,50.68525695800781,48.095130920410156,50.886043548583984,56.9019660949707,59.24573516845703,56.083953857421875,53.93427276611328
61.64567565917969,60.295501708984375,58.84264373779297,57.690467834472656,57.42939758300781,57.25106430053711,56.851158142089844,56.10212707519531,55.3299446105957,54.86983871459961,54.13600540161133,51.491943359375,47.04277420043945,45.17873001098633,42.830650329589844,45.3944091796875,48.01350402832031,45.908538818359375,45.73204040527344,52.449275970458984,57.691959381103516,54.18620300292969,48.101707458496094,45.98336410522461,45.24085998535156,44.24593734741211,41.806861877441406,39.434600830078125,41.966339111328125,44.83493423461914,43.04965591430664,42.81023025512695,47.06101989746094,51.932308197021484,54.14965057373047,52.23772430419922,49.12158203125,47.44526290893555,47.736698150634766,51.08891677856445,55.05067825317383,55.046173095703125,51.97276306152344,50.95384979248047
60.88648986816406,57.790645599365234,54.703338623046875,52.97758865356445,52.798789978027344,53.18094253540039,53.74853515625,54.501625061035156,54.25259017944336,52.76601791381836,51.37796401977539,49.93245315551758,46.90184020996094,45.97641372680664,44.82789993286133,44.3170280456543,45.8760986328125,46.22612380981445,47.69670104980469,51.90671157836914,53.394798278808594,49.60767364501953,46.52751922607422,48.1569938659668,46.643333435058594,40.22993087768555,35.76683807373047,37.42362594604492,41.89118194580078,43.2020263671875,41.04593276977539,40.821720123291016,44.582908630371094,48.51666259765625,49.379234313964844,46.41460037231445,43.73187255859375,43.457061767578125,43.69379806518555,46.020851135253906,49.76906204223633,49.58081817626953,47.426021575927734,47.493587493896484
58.21538543701172,55.52415084838867,52.8181037902832,47.44485092163086,44.812191009521484,46.62615966796875,48.635929107666016,49.36648941040039,49.531341552734375,49.65858459472656,50.04235076904297,50.69929504394531,50.234474182128906,48.865211486816406,46.875213623046875,45.4145393371582,46.68894577026367,47.19831466674805,48.06929016113281,50.650352478027344,50.507225036621094,47.14741134643555,46.95574188232422,49.09364700317383,44.405818939208984,35.57512283325195,34.13727951049805,37.994468688964844,40.73779296875,41.0477180480957,39.820533752441406,40.14271926879883,42.66403579711914,45.33975601196289,45.73587417602539,41.83431625366211,38.466346740722656,38.03955841064453,39.16693115234375,42.58209991455078,47.033809661865234,46.99839401245117,45.19327926635742,45.12779998779297
58.33314514160156,58.9219970703125,57.43427276611328,54.71247100830078,52.225563049316406,51.55863571166992,52.014801025390625,52.07710266113281,51.4842414855957,50.99580383300781,51.4432373046875,52.659141540527344,53.15164566040039,51.879493713378906,49.285499572753906,46.878726959228516,47.03457260131836,48.2497673034668,49.405723571777344,50.62437438964844,49.968238830566406,47.83943557739258,47.97610855102539,47.791297912597656,41.86213302612305,36.473968505859375,36.77808380126953,38.32905197143555,39.04169845581055,38.68383026123047,38.446861267089844,39.701873779296875,41.43586349487305,43.85121536254883,44.170345306396484,39.14653015136719,34.49119186401367,34.072017669677734,36.60505294799805,41.772377014160156,46.756134033203125,46.1928825378418,43.48897171020508,43.11891555786133
59.971336364746094,59.075077056884766,56.57626724243164,51.80556106567383,48.256431579589844,48.560707092285156,50.832244873046875,52.44723892211914,53.170345306396484,53.78855895996094,54.424442291259766,54.7888298034668,54.57583236694336,53.47609329223633,52.15823745727539,51.17830276489258,50.432979583740234,50.660499572753906,51.102996826171875,50.95833969116211,50.48738098144531,49.22077560424805,47.82101821899414,44.86214828491211,40.164642333984375,38.342681884765625,37.81260299682617,37.589500427246094,38.261592864990234,37.928321838378906,38.032989501953125,39.9174690246582,41.60869216918945,43.29851150512695,42.625492095947266,37.77787780761719,33.23579406738281,33.12240982055664,36.345054626464844,41.94032669067383,46.14242935180664,44.26426315307617,40.30390548706055,40.43680191040039
53.01420211791992,53.158111572265625,52.362667083740234,49.12668228149414,45.95917510986328,45.494789123535156,47.673553466796875,49.63911819458008,50.553497314453125,51.801605224609375,53.166805267333984,53.615264892578125,53.00619125366211,51.71876525878906,51.39164352416992,52.89786148071289,54.11643981933594,54.614532470703125,54.3624382019043,53.43094253540039,51.7689323425293,49.662452697753906,47.26761245727539,42.9156608581543,40.30146789550781,39.90533447265625,37.75395584106445,36.931758880615234,38.90507888793945,39.8981819152832,40.1812744140625,41.08365249633789,42.06648635864258,42.95278549194336,41.96623229980469,38.97066879272461,36.120601654052734,35.548519134521484,37.66044235229492,41.513267517089844,43.92960739135742,41.461483001708984,37.52906036376953,38.04913330078125
