data/wind_data/wind_Surface_31.json
{"header": {"parameterUnit": "KT", "parameterCategory": 2, "nx": 255, "ny": 198, "lo1": 44.73521041870117, "la1": -3.236724853515625, "lo2": 111.26478576660156, "la2": 43.468475341796875, "dx": 0.26192745566368103, "dy": -0.23708222806453705, "refTime": "2025-02-20 07:00:00", "forecastTime": 0, "parameterNumber": 3, "parameterNumberName": "northward_wind"}, "data":
[rows 95 to 113 of 198, columns 43 to 85 of 255]
11.968518257141113,11.585902214050293,9.431373596191406,6.647531986236572,5.622394561767578,5.3131232261657715,5.396099090576172,5.169662952423096,4.806928634643555,4.31040096282959,3.2908108234405518,3.288803815841675,1.4001574516296387,0.016929326578974724,0.2319173514842987,0.8011101484298706,1.3110547065734863,1.5588412284851074,1.5343632698059082,1.3762969970703125,1.1342201232910156,1.0088564157485962,0.9086395502090454,0.8134787678718567,0.8585863709449768,0.9549880623817444,0.9809547066688538,0.8450308442115784,0.3416225016117096,-0.6270653605461121,-2.036926746368408,-3.499128580093384,-4.69132661819458,-5.532753944396973,-6.136380672454834,-6.446628093719482,-6.456139087677002,-6.614805698394775,-6.327486991882324,-6.094094753265381,-5.817205429077148,-5.9058308601379395,-6.257800102233887
10.46413803100586,8.774415016174316,7.373828887939453,6.702090263366699,6.625279903411865,6.054879665374756,5.462071418762207,4.981884479522705,5.0092926025390625,4.76025390625,4.017967224121094,3.6894102096557617,2.9032182693481445,1.7628536224365234,0.25338664650917053,1.0994482040405273,1.8895763158798218,2.2014176845550537,2.302229166030884,2.2778825759887695,2.223695993423462,2.1002440452575684,1.8949589729309082,1.6703782081604004,1.5188201665878296,1.3137116432189941,0.993000864982605,0.414232462644577,-0.6129124760627747,-1.874254822731018,-3.1033496856689453,-3.883323907852173,-4.44252872467041,-4.633691310882568,-4.9743475914001465,-5.213342666625977,-5.321723937988281,-5.524639129638672,-5.489736557006836,-5.464761257171631,-5.443127155303955,-5.546181678771973,-5.759992599487305
8.024165153503418,7.245823860168457,7.425356388092041,7.656274795532227,7.221190929412842,6.309999942779541,5.338976860046387,4.813824653625488,4.940728187561035,4.825256824493408,3.9764256477355957,3.329552173614502,2.042962074279785,2.3143258094787598,0.7657731771469116,1.353906273841858,2.4492058753967285,3.0009236335754395,3.3204801082611084,3.252821683883667,2.9946959018707275,2.653210163116455,2.2553458213806152,1.8414554595947266,1.3920823335647583,0.7816801071166992,0.01825721003115177,-0.8851834535598755,-2.1067965030670166,-3.165766954421997,-3.7759103775024414,-4.056117057800293,-4.078874588012695,-3.9338691234588623,-3.9832494258880615,-4.1551313400268555,-4.336004257202148,-4.488614082336426,-4.656353950500488,-4.889364719390869,-4.990802764892578,-5.287185192108154,-5.473951816558838
7.765599250793457,8.269042015075684,8.387530326843262,8.262115478515625,7.2246832847595215,6.055939197540283,5.165242671966553,4.930321216583252,5.1254353523254395,4.985207557678223,3.9180080890655518,2.8464279174804688,1.974791407585144,1.609634280204773,2.2623448371887207,1.7611230611801147,1.8175991773605347,2.3684980869293213,2.9201340675354004,3.023841142654419,2.8393073081970215,2.4461731910705566,1.9685088396072388,1.304790735244751,0.5396231412887573,-0.25997230410575867,-1.1752036809921265,-2.066633462905884,-3.2902822494506836,-3.255885362625122,-3.2859513759613037,-3.339770555496216,-3.2408406734466553,-3.225963592529297,-3.267824411392212,-3.5261192321777344,-3.820523738861084,-4.278939247131348,-4.752055644989014,-5.025346755981445,-4.908693790435791,-5.078784942626953,-5.306274890899658
9.047679901123047,9.624070167541504,9.21856689453125,8.461634635925293,7.29572868347168,6.323177337646484,5.255575656890869,4.962653636932373,5.055562496185303,4.917022228240967,3.4101192951202393,2.019397020339966,2.4408745765686035,2.6232287883758545,3.9252591133117676,1.488614559173584,0.04826364666223526,0.08731556683778763,0.7791252732276917,1.6001722812652588,2.058377504348755,1.9398306608200073,1.265427827835083,0.37142837047576904,-0.4913305640220642,-1.1230597496032715,-1.6164220571517944,-1.418713927268982,-1.23545241355896,-2.081038236618042,-2.2279250621795654,-2.20883846282959,-2.268106460571289,-2.6022706031799316,-2.918593406677246,-3.4247066974639893,-4.361076831817627,-5.370726108551025,-6.066953659057617,-6.318596839904785,-5.743256568908691,-5.485470771789551,-5.530597686767578
10.483121871948242,10.672627449035645,10.076061248779297,8.930705070495605,7.281336784362793,6.007789134979248,5.492339611053467,5.520298957824707,5.55157470703125,5.339626789093018,3.907526731491089,2.8995566368103027,4.755746364593506,4.400206089019775,1.4551268815994263,0.9394044280052185,-0.9843311309814453,-1.4718784093856812,-0.8821893930435181,0.2559398412704468,1.009344458580017,0.9308881163597107,0.2287190854549408,-0.4264933168888092,-0.8518953323364258,-1.0063368082046509,-1.2205307483673096,-1.0613268613815308,-0.5088856816291809,-1.7339808940887451,-2.182830572128296,-2.6539297103881836,-3.371346950531006,-4.344833850860596,-5.181667327880859,-5.858061790466309,-7.079046726226807,-7.8641743659973145,-7.9979567527771,-7.943087577819824,-7.241070747375488,-6.63827657699585,-6.487463474273682
11.773902893066406,11.871146202087402,11.401299476623535,9.79990005493164,7.675144195556641,6.381460189819336,5.937423229217529,6.33640718460083,6.879633903503418,6.700422286987305,5.510641098022461,4.980347156524658,5.736756801605225,0.9808905124664307,-0.30447107553482056,0.5883656144142151,-1.6517518758773804,-2.1358885765075684,-1.6722919940948486,-0.763166606426239,-0.26513272523880005,-0.3779315650463104,-0.5261386036872864,-0.5096267461776733,-0.5728141665458679,-0.7903623580932617,-1.1625784635543823,-1.74763023853302,-2.2705538272857666,-3.0443472862243652,-4.118330478668213,-5.500941753387451,-6.939560890197754,-8.468402862548828,-9.34668254852295,-9.858139991760254,-10.266268730163574,-10.275301933288574,-9.772201538085938,-9.032719612121582,-8.447362899780273,-7.659390449523926,-7.336950778961182
12.640111923217773,12.966581344604492,12.885977745056152,11.77486515045166,9.83423900604248,8.303160667419434,8.005644798278809,8.559124946594238,9.249007225036621,9.115500450134277,8.377264022827148,8.315117835998535,1.084572196006775,-0.7735035419464111,0.9832602143287659,-0.250631719827652,-2.099680185317993,-2.4268288612365723,-2.060267210006714,-1.5471971035003662,-1.1739037036895752,-0.8856857419013977,-0.6293907165527344,-0.5306925177574158,-0.8215723037719727,-1.3603496551513672,-1.8829329013824463,-2.400787830352783,-3.416703701019287,-4.87503719329834,-6.692512512207031,-8.3469820022583,-9.576502799987793,-10.851758003234863,-11.282537460327148,-12.094769477844238,-12.24466323852539,-12.018294334411621,-11.47459888458252,-10.037522315979004,-9.219825744628906,-8.1522216796875,-7.639947891235352
12.806023597717285,13.381260871887207,13.921236991882324,13.671253204345703,12.668328285217285,13.963614463806152,13.835765838623047,14.293234825134277,13.243926048278809,12.203749656677246,10.10678768157959,4.386167049407959,-2.1199467182159424,1.4075133800506592,0.7290806174278259,-0.9556725025177002,-2.1469991207122803,-2.4217939376831055,-2.1365113258361816,-1.8077396154403687,-1.474902868270874,-1.2033182382583618,-1.2576956748962402,-1.6214536428451538,-2.140794277191162,-2.4310338497161865,-2.999495506286621,-3.5147762298583984,-4.671050071716309,-5.703486442565918,-7.06733512878418,-8.353121757507324,-9.42713451385498,-10.728312492370605,-11.594822883605957,-13.104945182800293,-13.753880500793457,-13.620223045349121,-13.138051986694336,-11.755680084228516,-10.545197486877441,-9.280076026916504,-8.577603340148926
12.373710632324219,13.048057556152344,13.757658004760742,15.263579368591309,15.582483291625977,14.355847358703613,11.775042533874512,12.577664375305176,12.178037643432617,9.683704376220703,5.264260768890381,-2.1597557067871094,-0.637895941734314,0.5685030221939087,0.40179070830345154,-0.7776067852973938,-1.5958129167556763,-1.8310059309005737,-1.6964205503463745,-1.6386761665344238,-1.7665138244628906,-2.1598572731018066,-2.6341047286987305,-3.0312769412994385,-3.1803250312805176,-3.171973466873169,-3.367774724960327,-3.450002670288086,-3.85634708404541,-4.637261867523193,-5.645655155181885,-7.1225128173828125,-8.682488441467285,-10.291339874267578,-11.805267333984375,-13.383865356445312,-14.344894409179688,-14.577494621276855,-14.4386625289917,-13.562515258789062,-12.168852806091309,-10.989177703857422,-9.699222564697266
11.862706184387207,12.804648399353027,14.674461364746094,13.905268669128418,7.196191310882568,2.5219857692718506,-0.9671095609664917,0.7485198974609375,2.652369976043701,1.5704091787338257,-0.17727312445640564,-0.7927082180976868,0.2611459195613861,0.2819904685020447,0.20004233717918396,-0.12048564106225967,-0.46584025025367737,-0.7047827243804932,-0.9910309910774231,-1.5926657915115356,-2.4218437671661377,-3.2349307537078857,-3.618032693862915,-3.687432289123535,-3.44389009475708,-3.250379800796509,-2.7869961261749268,-2.3093926906585693,-2.3214969635009766,-3.3195927143096924,-5.0171332359313965,-6.87981653213501,-8.433806419372559,-9.8701810836792,-11.462052345275879,-13.057524681091309,-14.348219871520996,-15.060981750488281,-14.994675636291504,-14.52927017211914,-13.221919059753418,-11.721714973449707,-9.628015518188477
11.726253509521484,13.505123138427734,12.703136444091797,4.547183990478516,-3.382345199584961,-4.494661808013916,-4.587525844573975,-3.8351149559020996,-2.3910515308380127,-1.181645393371582,0.05517562851309776,1.0050179958343506,0.5166516900062561,0.41443106532096863,0.8425608277320862,0.9457254409790039,0.710993766784668,0.15697993338108063,-0.7816362380981445,-2.0670320987701416,-3.334291696548462,-4.17865514755249,-4.449911117553711,-4.37283992767334,-4.029452800750732,-3.493006944656372,-2.403834581375122,-1.389544129371643,-1.4285229444503784,-2.8594493865966797,-4.81350040435791,-6.546484470367432,-7.915020942687988,-9.188462257385254,-10.602094650268555,-12.213912963867188,-13.695414543151855,-14.690616607666016,-15.064440727233887,-14.514503479003906,-13.511962890625,-11.48265552520752,-9.065242767333984
10.311286926269531,10.451552391052246,4.780417442321777,-2.182116985321045,-3.521329402923584,-2.2711598873138428,-0.760418176651001,0.10732446610927582,1.0769602060317993,1.9364304542541504,2.3184332847595215,2.2681329250335693,1.6988940238952637,1.8454450368881226,2.275031805038452,2.224677801132202,1.4800783395767212,0.1927415132522583,-1.2593467235565186,-2.7294602394104004,-3.979218006134033,-4.855031967163086,-5.274465084075928,-5.095932960510254,-4.370060920715332,-3.4065160751342773,-2.201775550842285,-1.1399575471878052,-1.1103293895721436,-2.2791810035705566,-3.890472888946533,-5.66344690322876,-7.285614013671875,-8.563103675842285,-9.648323059082031,-10.907896041870117,-12.267810821533203,-13.460238456726074,-14.199159622192383,-13.816906929016113,-12.665968894958496,-10.67115592956543,-8.413837432861328
8.021498680114746,5.137106418609619,-0.31333544850349426,-2.6348140239715576,-0.7339248657226562,0.38182002305984497,1.5763782262802124,2.6290204524993896,3.2896621227264404,3.3575029373168945,3.1190404891967773,3.2634060382843018,3.6154024600982666,3.932821273803711,3.729076623916626,2.7324397563934326,1.272605538368225,-0.2747825086116791,-1.6880218982696533,-2.8940203189849854,-3.848444938659668,-4.631187915802002,-5.125234603881836,-4.933465957641602,-4.017721176147461,-2.8050405979156494,-1.66263747215271,-0.7814059257507324,-0.5634225010871887,-1.1995995044708252,-2.5599305629730225,-4.360363483428955,-6.120243549346924,-7.48773193359375,-8.40246868133545,-9.240198135375977,-10.326416015625,-11.73086166381836,-12.79372787475586,-12.502828598022461,-10.970870018005371,-8.666086196899414,-6.727354049682617
6.228126525878906,2.5865137577056885,-0.8400496244430542,-0.7288427352905273,1.5490630865097046,1.9248783588409424,2.4728612899780273,3.134079933166504,3.862959623336792,4.18388032913208,4.202542781829834,4.7364182472229,5.284421443939209,4.926999568939209,3.7693958282470703,2.14776611328125,0.5712441802024841,-0.6918126344680786,-1.8398867845535278,-2.818061590194702,-3.5262503623962402,-3.9791808128356934,-4.1844892501831055,-4.073272228240967,-3.6196341514587402,-2.631235122680664,-1.2460395097732544,-0.16795527935028076,0.29329973459243774,0.011742820031940937,-0.7297888994216919,-2.060300350189209,-3.7862884998321533,-5.709591388702393,-7.241769790649414,-8.096555709838867,-8.670761108398438,-9.746870994567871,-11.077163696289062,-11.296834945678711,-8.834538459777832,-5.113338947296143,-3.3990917205810547
4.868590354919434,2.633652687072754,0.6257964968681335,2.2453627586364746,2.1399166584014893,2.4300174713134766,2.4893062114715576,2.949169635772705,4.015845775604248,5.255037784576416,5.972122669219971,6.155760288238525,5.690706253051758,4.482787132263184,3.176999092102051,1.91951584815979,0.5600025653839111,-0.6219033598899841,-1.694556474685669,-2.6501147747039795,-3.183472156524658,-3.2742161750793457,-3.280686140060425,-3.2757980823516846,-3.078685760498047,-2.175994396209717,-0.7460265159606934,0.334903359413147,0.8860240578651428,0.9105982184410095,0.682922899723053,-0.07756315916776657,-1.4814202785491943,-4.042445659637451,-6.768441677093506,-8.172440528869629,-8.372538566589355,-7.679070472717285,-8.53416633605957,-9.66026496887207,-7.232708930969238,-1.997314214706421,0.7636488676071167
5.165623664855957,3.3982675075531006,1.8079932928085327,2.542325019836426,2.51585054397583,2.6050429344177246,2.83404803276062,3.663198709487915,5.133576393127441,6.446857929229736,6.869067668914795,6.254263401031494,5.072641849517822,3.955778121948242,2.8214328289031982,1.750943660736084,0.5429565906524658,-0.5005165338516235,-1.3464804887771606,-1.9513075351715088,-2.1933374404907227,-2.106147527694702,-2.3765647411346436,-2.953507661819458,-3.091271162033081,-2.114985227584839,-0.5099350214004517,0.6732485890388489,1.268090844154358,1.8843015432357788,2.157358169555664,1.666674017906189,0.6285085678100586,-3.0726616382598877,-8.182671546936035,-10.33321762084961,-9.902548789978027,-7.06329870223999,-5.7046732902526855,-7.042090892791748,-5.208611965179443,-3.081234931945801,-1.360026240348816
5.412437438964844,3.021453857421875,1.4367972612380981,2.5665860176086426,3.005849838256836,3.0254287719726562,2.9210331439971924,3.596677541732788,5.172281742095947,6.401913166046143,6.774509906768799,6.7224555015563965,6.367138385772705,5.197902202606201,3.81953763961792,2.4823503494262695,1.0824252367019653,-0.5441262125968933,-1.7340717315673828,-2.042398691177368,-2.0584895610809326,-2.2133524417877197,-2.866150379180908,-3.916720151901245,-4.495937347412109,-4.051860809326172,-3.5807137489318848,-3.843445062637329,-4.302947044372559,-2.580293893814087,-1.993975281715393,-1.7125532627105713,-1.8511942625045776,-4.903950214385986,-10.650020599365234,-13.420422554016113,-13.051835060119629,-10.285292625427246,-6.7518510818481445,-5.3916215896606445,-3.0280237197875977,-3.8613321781158447,-3.2720718383789062
5.585537910461426,3.029772996902466,1.280328392982483,2.5566930770874023,3.518496036529541,3.889115810394287,3.7017836570739746,3.920910120010376,4.455337047576904,5.460918426513672,6.097016334533691,6.7541823387146,7.044256687164307,6.323122024536133,4.92128849029541,3.1707100868225098,1.2043719291687012,-0.7561929225921631,-1.5831242799758911,-1.75679349899292,-2.4205162525177,-3.4492597579956055,-4.173120021820068,-4.962734699249268,-6.063909530639648,-7.289666652679443,-8.82256031036377,-10.63355541229248,-12.329716682434082,-12.257218360900879,-12.204144477844238,-11.674073219299316,-10.344107627868652,-9.572857856750488,-11.690592765808105,-14.036677360534668,-14.794414520263672,-14.546860694885254,-11.955554008483887,-7.379849433898926,-3.4329452514648438,-2.8149144649505615,-1.9115713834762573
