data/wind_data/wind_27_6.json
{"header": {"parameterUnit": "KT", "parameterCategory": 2, "nx": 256, "ny": 198, "lo1": 44.73521041870117, "la1": -3.236724853515625, "lo2": 111.26478576660156, "la2": 43.468475341796875, "dx": 0.2609002888202667, "dy": -0.23708222806453705, "refTime": "2025-02-20 03:00:00", "forecastTime": 0, "parameterNumber": 2, "parameterNumberName": "eastward_wind"}, "data":
[rows 0 to 19 of 198, columns 90 to 134 of 256]
-18.295686721801758,-17.753257751464844,-17.27666664123535,-16.820981979370117,-15.697999954223633,-14.831893920898438,-15.878680229187012,-17.3369140625,-18.326404571533203,-18.174724578857422,-15.455312728881836,-13.685925483703613,-14.722587585449219,-15.332776069641113,-14.67167854309082,-14.495862007141113,-15.03526496887207,-15.228157043457031,-15.041338920593262,-14.299149513244629,-13.165532112121582,-13.006840705871582,-13.424942016601562,-13.469916343688965,-13.148563385009766,-11.827733039855957,-10.282333374023438,-9.854288101196289,-9.325408935546875,-7.29803466796875,-5.748464584350586,-5.996624946594238,-6.697210788726807,-7.429248809814453,-8.543617248535156,-10.323840141296387,-10.556394577026367,-8.850454330444336,-7.722259521484375,-7.220654010772705,-6.527002811431885,-5.688386917114258,-4.781069755554199,-3.908189535140991,-3.547943353652954
-16.6694393157959,-16.261978149414062,-15.738446235656738,-15.281537055969238,-14.410640716552734,-14.017033576965332,-15.328792572021484,-16.554109573364258,-16.728551864624023,-16.18406867980957,-14.257184982299805,-13.582415580749512,-15.229779243469238,-16.077974319458008,-15.580753326416016,-15.349230766296387,-15.572020530700684,-15.333405494689941,-14.65890884399414,-13.706862449645996,-12.884749412536621,-13.126124382019043,-13.582037925720215,-13.220796585083008,-12.470107078552246,-11.54836368560791,-10.509851455688477,-9.839540481567383,-8.804230690002441,-6.414125442504883,-4.671646595001221,-4.672204971313477,-5.475100994110107,-7.028838157653809,-8.418524742126465,-9.3938570022583,-9.187490463256836,-7.744980812072754,-6.634457588195801,-5.826213836669922,-5.0984673500061035,-4.4203901290893555,-3.6153476238250732,-2.7286627292633057,-2.1551570892333984
-15.898659706115723,-15.11085319519043,-15.033777236938477,-15.283929824829102,-14.970118522644043,-14.343567848205566,-13.201221466064453,-12.148948669433594,-12.184611320495605,-12.572509765625,-12.507560729980469,-13.024964332580566,-14.456520080566406,-15.765010833740234,-16.773836135864258,-17.718582153320312,-18.46686553955078,-17.580215454101562,-15.587910652160645,-14.0703763961792,-12.960675239562988,-12.406431198120117,-12.067842483520508,-11.274145126342773,-10.262414932250977,-9.612168312072754,-9.140661239624023,-8.729493141174316,-7.785168647766113,-5.992834091186523,-4.7312493324279785,-4.385177135467529,-4.705024719238281,-5.661565780639648,-6.294684886932373,-6.647397518157959,-6.781294822692871,-6.602527141571045,-6.352473735809326,-6.187585353851318,-5.617018699645996,-4.5572123527526855,-3.8192248344421387,-3.2140212059020996,-2.1405041217803955
-15.49554443359375,-14.637703895568848,-14.742827415466309,-15.094223976135254,-14.836103439331055,-13.764067649841309,-11.421680450439453,-9.499307632446289,-9.470227241516113,-10.406795501708984,-11.409802436828613,-12.146478652954102,-12.981263160705566,-14.158958435058594,-15.418506622314453,-16.267431259155273,-16.495407104492188,-15.290026664733887,-13.216919898986816,-11.638931274414062,-10.348038673400879,-9.38915729522705,-8.86166763305664,-8.103870391845703,-7.09964656829834,-7.048153877258301,-7.462003231048584,-7.669825553894043,-7.222325325012207,-6.423779487609863,-5.885790824890137,-5.419273853302002,-5.165368556976318,-5.194253444671631,-5.0899176597595215,-5.138582706451416,-5.530254364013672,-5.9824395179748535,-6.272758960723877,-6.680791854858398,-6.358901500701904,-5.137786388397217,-4.1601080894470215,-3.506103754043579,-2.4809017181396484
-15.29023551940918,-14.39284610748291,-13.671172142028809,-13.022724151611328,-12.538911819458008,-12.491514205932617,-12.456463813781738,-11.944283485412598,-11.4330472946167,-11.293656349182129,-11.119930267333984,-10.866901397705078,-10.728065490722656,-9.986528396606445,-8.513411521911621,-6.917901515960693,-5.675962924957275,-5.419509410858154,-5.6168622970581055,-5.208897113800049,-4.154821395874023,-3.3812665939331055,-3.630354881286621,-3.9536972045898438,-3.449331521987915,-4.21136999130249,-5.184056758880615,-6.148643493652344,-6.7387285232543945,-7.366165637969971,-7.706788539886475,-7.618544578552246,-7.303005695343018,-6.6772074699401855,-6.22124719619751,-6.2860283851623535,-6.424983024597168,-6.256336212158203,-6.562808513641357,-7.377295970916748,-7.571525573730469,-6.380919456481934,-4.407596588134766,-3.057586431503296,-2.755692958831787
-14.05272102355957,-13.416519165039062,-12.718520164489746,-12.002781867980957,-11.361617088317871,-11.126704216003418,-11.033717155456543,-10.646845817565918,-10.177287101745605,-9.964249610900879,-9.839776992797852,-9.594242095947266,-9.421467781066895,-9.427037239074707,-9.425183296203613,-8.748175621032715,-8.246467590332031,-8.753437042236328,-8.99109172821045,-7.7402801513671875,-5.269988059997559,-3.659512519836426,-4.387710094451904,-5.680066108703613,-4.688867568969727,-5.499860763549805,-5.100492477416992,-4.8879828453063965,-5.362011432647705,-5.851367950439453,-5.9316630363464355,-5.832086086273193,-5.599316120147705,-5.420045375823975,-5.493841171264648,-5.6634087562561035,-5.956067085266113,-6.258041858673096,-6.608120918273926,-6.981273174285889,-6.860217094421387,-5.853795051574707,-4.559235095977783,-3.6071839332580566,-2.7092814445495605
-13.236023902893066,-12.79638671875,-11.909531593322754,-11.109103202819824,-10.638419151306152,-10.48090934753418,-10.607756614685059,-10.662567138671875,-10.414292335510254,-9.958067893981934,-9.492074966430664,-9.291970252990723,-9.05538272857666,-8.747723579406738,-8.616153717041016,-7.753747463226318,-7.067292213439941,-7.247066974639893,-6.925702095031738,-5.69354248046875,-3.822584390640259,-2.154263496398926,-1.9993473291397095,-3.634634256362915,-2.6381168365478516,-3.785428762435913,-4.841013431549072,-4.232800483703613,-4.370587348937988,-4.758176803588867,-4.915647506713867,-5.045860290527344,-4.813276290893555,-4.390491008758545,-4.573819637298584,-5.143601894378662,-5.589519500732422,-5.899502754211426,-6.000273704528809,-5.933166980743408,-5.794413089752197,-5.429994583129883,-4.951596736907959,-4.05225944519043,-2.557082176208496
-12.49006462097168,-12.32394027709961,-12.045927047729492,-11.392288208007812,-10.685998916625977,-10.502772331237793,-10.559764862060547,-10.779537200927734,-10.991097450256348,-10.558391571044922,-9.603860855102539,-9.165943145751953,-9.048089027404785,-8.744758605957031,-8.299342155456543,-7.51290225982666,-7.476186275482178,-8.253435134887695,-8.3270902633667,-7.174786567687988,-6.635118007659912,-5.698619365692139,-4.206463813781738,-3.0219271183013916,-2.816216468811035,-3.3874645233154297,-4.25877571105957,-3.700301170349121,-3.5387539863586426,-3.6193108558654785,-3.561352491378784,-3.509528875350952,-3.5043280124664307,-3.393749713897705,-3.378887891769409,-4.012936592102051,-4.80239200592041,-5.4225897789001465,-5.494720458984375,-5.254489421844482,-5.271141529083252,-5.338299751281738,-5.068687915802002,-4.056057929992676,-2.4691855907440186
-12.111361503601074,-12.083757400512695,-12.304765701293945,-11.583160400390625,-10.37800407409668,-10.3793363571167,-10.537908554077148,-10.5850191116333,-11.164105415344238,-11.11847972869873,-10.018875122070312,-9.202592849731445,-8.772050857543945,-8.60122299194336,-8.448692321777344,-6.349800109863281,-6.47578763961792,-8.348273277282715,-9.0370512008667,-8.349326133728027,-9.063545227050781,-10.452902793884277,-6.49471378326416,-2.724917411804199,-3.5277371406555176,-2.380662679672241,-1.9148809909820557,-2.8452463150024414,-2.7551589012145996,-2.5997917652130127,-2.2860665321350098,-2.048966407775879,-1.9868755340576172,-2.2932682037353516,-2.4068710803985596,-2.848160982131958,-3.8124773502349854,-4.735514163970947,-5.3722429275512695,-5.533453464508057,-5.68597936630249,-5.640254020690918,-4.95192813873291,-3.839831829071045,-2.6827478408813477
-12.071539878845215,-11.042224884033203,-11.795792579650879,-11.398154258728027,-9.887190818786621,-10.38646411895752,-11.346466064453125,-10.363866806030273,-10.85954475402832,-11.091221809387207,-10.469408988952637,-9.288105010986328,-8.3923921585083,-8.627367973327637,-8.010650634765625,-6.231966972351074,-6.081172943115234,-8.054190635681152,-8.595810890197754,-7.778918266296387,-9.518813133239746,-10.286420822143555,-8.734358787536621,-7.049128532409668,-4.0607218742370605,-1.8117468357086182,-0.3113681674003601,-1.413523554801941,-1.634712815284729,-1.8134366273880005,-1.1348251104354858,-0.7431410551071167,-0.8400262594223022,-1.2102245092391968,-1.3795887231826782,-1.6340203285217285,-2.697113275527954,-3.8242545127868652,-4.802774429321289,-5.401473522186279,-5.652631759643555,-5.407816410064697,-4.542576789855957,-3.612652063369751,-3.1877670288085938
-12.967449188232422,-10.880549430847168,-11.015664100646973,-11.790419578552246,-11.404529571533203,-11.387813568115234,-11.073841094970703,-10.183797836303711,-11.044984817504883,-10.209870338439941,-10.108083724975586,-9.670116424560547,-8.95307445526123,-8.228073120117188,-7.334263801574707,-5.559506893157959,-6.055132865905762,-7.324906826019287,-7.096251010894775,-6.230574607849121,-7.824185371398926,-8.935839653015137,-8.889761924743652,-6.305325984954834,-1.3423006534576416,0.7451560497283936,0.329555869102478,-0.3996679186820984,-0.26253247261047363,-0.4626513123512268,-0.3879532814025879,-0.22564783692359924,-0.5902706384658813,-0.6603099703788757,-0.5750609636306763,-0.9131739139556885,-2.0987110137939453,-3.2462151050567627,-3.8791050910949707,-4.463183403015137,-4.595545768737793,-4.324888229370117,-3.9967737197875977,-3.7826032638549805,-3.6724483966827393
-13.185813903808594,-10.948741912841797,-11.5935697555542,-12.325905799865723,-12.044646263122559,-11.350003242492676,-10.652507781982422,-10.392024993896484,-9.949750900268555,-9.930521011352539,-9.722745895385742,-9.611738204956055,-8.833662033081055,-7.801068305969238,-6.827258586883545,-5.072675704956055,-5.73920202255249,-7.131093978881836,-6.447526454925537,-5.11890983581543,-5.407992362976074,-6.349126815795898,-5.779112339019775,-4.262771129608154,-1.7517660856246948,1.849432110786438,0.7892916798591614,0.6055312156677246,0.009951991960406303,0.26474976539611816,0.19847773015499115,-0.10227759927511215,-0.4653577208518982,-0.3755122125148773,0.010934317484498024,-0.41301479935646057,-1.8025245666503906,-3.000511407852173,-3.1542770862579346,-3.2368462085723877,-3.2372066974639893,-3.31701397895813,-3.411746025085449,-3.4967997074127197,-4.2784013748168945
-13.55002212524414,-12.21220588684082,-12.918315887451172,-12.630796432495117,-11.961209297180176,-11.462098121643066,-11.149251937866211,-10.08601188659668,-9.661588668823242,-8.956108093261719,-9.346818923950195,-9.85872745513916,-9.025474548339844,-8.16025161743164,-6.709898948669434,-4.8559465408325195,-4.9285759925842285,-5.802637100219727,-5.656672954559326,-4.742498397827148,-3.5557303428649902,-3.952399492263794,-3.4509918689727783,-2.4062654972076416,-1.0756789445877075,-0.2875465154647827,1.0552855730056763,0.13520291447639465,-0.041745491325855255,0.4832722842693329,0.2624838054180145,-0.06757480651140213,-0.17960809171199799,0.1297498345375061,0.30028316378593445,-0.45363327860832214,-1.7815157175064087,-2.92767596244812,-3.092416763305664,-2.5605311393737793,-2.5369808673858643,-2.993328332901001,-3.252471685409546,-3.534989356994629,-4.009037971496582
-14.285537719726562,-13.427833557128906,-13.519745826721191,-13.307594299316406,-12.474886894226074,-11.435425758361816,-11.028493881225586,-10.228449821472168,-9.631204605102539,-9.179397583007812,-9.355753898620605,-9.895833969116211,-9.090938568115234,-7.858002185821533,-6.314990043640137,-4.966193675994873,-4.368321895599365,-4.680508613586426,-4.797855854034424,-4.8544182777404785,-4.140318870544434,-3.7050514221191406,-2.9476356506347656,-1.7475559711456299,-0.739500880241394,0.050341714173555374,0.9852895736694336,-0.1922682374715805,-0.3737037181854248,0.09454181045293808,0.06029129773378372,0.06764300167560577,0.44236627221107483,0.9687703251838684,0.44323447346687317,-0.9966538548469543,-1.9858301877975464,-2.8092682361602783,-3.3491249084472656,-2.890214443206787,-2.768874168395996,-3.2159171104431152,-3.252098798751831,-3.2604570388793945,-3.605135679244995
-14.389199256896973,-13.84114933013916,-13.320806503295898,-12.572151184082031,-12.032917022705078,-11.323349952697754,-10.763116836547852,-9.703633308410645,-9.12061595916748,-9.457317352294922,-9.30961799621582,-8.681127548217773,-8.443045616149902,-7.255868911743164,-5.74668025970459,-4.632368087768555,-4.064730644226074,-4.036168098449707,-4.593203067779541,-4.358051300048828,-3.7381091117858887,-4.214250564575195,-3.5864806175231934,-1.3547381162643433,0.358449250459671,0.4866263270378113,0.877083420753479,0.2050527036190033,-0.7881160378456116,-0.6271880269050598,-0.025560598820447922,0.11716554313898087,0.6255025863647461,0.929424524307251,-0.01746314764022827,-1.63555109500885,-2.3012590408325195,-2.820869207382202,-3.684342384338379,-3.487204074859619,-3.006829261779785,-3.2550833225250244,-3.2663238048553467,-2.9855921268463135,-3.0588274002075195
-13.947498321533203,-13.361672401428223,-12.629680633544922,-11.900903701782227,-11.476327896118164,-11.05655574798584,-10.674751281738281,-9.564201354980469,-8.887002944946289,-8.494647979736328,-8.20485782623291,-8.261702537536621,-8.193570137023926,-6.4539079666137695,-5.059547424316406,-4.313221454620361,-3.9239931106567383,-4.382261276245117,-3.699298858642578,-3.4066262245178223,-2.879014730453491,-3.9905784130096436,-4.754059791564941,-1.193811058998108,0.7375932931900024,1.252460241317749,0.6659204959869385,-0.77565598487854,-1.6542831659317017,-1.2972424030303955,-0.46152737736701965,-0.16026650369167328,-0.021704595535993576,-0.455587238073349,-1.0283514261245728,-2.2825937271118164,-2.960967779159546,-3.258267402648926,-3.8332934379577637,-3.605314254760742,-3.048696994781494,-3.117528200149536,-3.1877756118774414,-3.169231653213501,-3.2145118713378906
-13.418746948242188,-12.791394233703613,-12.04978084564209,-11.685670852661133,-11.622538566589355,-11.27194595336914,-10.661629676818848,-9.483922958374023,-8.461016654968262,-7.945173740386963,-8.294020652770996,-8.566132545471191,-8.17971134185791,-6.137790679931641,-4.482863903045654,-4.222923755645752,-3.1230785846710205,-4.476058483123779,-3.5986781120300293,-3.1850428581237793,-2.7245359420776367,-4.510811805725098,-5.186637878417969,-1.7693967819213867,-0.8068227767944336,0.28074392676353455,-0.8071070313453674,-2.074023723602295,-2.7810745239257812,-2.293666362762451,-1.7195221185684204,-0.5848855376243591,-1.404836893081665,-2.1520211696624756,-2.668562412261963,-3.757490396499634,-4.367234706878662,-4.156329154968262,-4.01917028427124,-3.676259994506836,-3.3616397380828857,-3.4652247428894043,-3.142238140106201,-2.7059454917907715,-2.929426908493042
-12.339195251464844,-11.959667205810547,-11.694002151489258,-11.754715919494629,-12.375985145568848,-12.461533546447754,-11.896585464477539,-10.505414009094238,-8.653223037719727,-7.745998859405518,-8.500700950622559,-8.993879318237305,-8.804017066955566,-7.077887535095215,-5.863213062286377,-8.371175765991211,-3.733616828918457,-4.428987979888916,-4.025679588317871,-3.9529836177825928,-4.855142593383789,-6.704709529876709,-5.0343017578125,-4.677936553955078,-1.8656461238861084,-1.8190443515777588,-2.8745598793029785,-4.190489768981934,-4.123413562774658,-2.6060149669647217,-3.0274486541748047,-2.2131600379943848,-2.63940691947937,-4.107306003570557,-5.184247970581055,-6.278746604919434,-6.197036266326904,-5.380158424377441,-4.646979808807373,-4.387632846832275,-4.343583583831787,-4.2987542152404785,-3.34627628326416,-2.317676067352295,-2.5013182163238525
-10.790430068969727,-10.299721717834473,-10.362419128417969,-11.381460189819336,-12.952735900878906,-13.458015441894531,-12.666099548339844,-11.483878135681152,-9.841854095458984,-8.593355178833008,-8.589341163635254,-8.998058319091797,-10.938085556030273,-9.764205932617188,-8.949451446533203,-8.36343002319336,-8.744711875915527,-5.596662998199463,-5.270848751068115,-6.950222969055176,-7.709461212158203,-6.4195051193237305,-7.129279136657715,-9.887876510620117,-0.9134117364883423,-4.851157188415527,-5.115689277648926,-5.466743469238281,-5.0451836585998535,-4.303953170776367,-4.802325248718262,-4.336845874786377,-5.037059783935547,-7.1165289878845215,-8.060033798217773,-8.214503288269043,-7.497456073760986,-6.59623384475708,-5.897296905517578,-5.858013153076172,-5.800285339355469,-5.258403778076172,-4.600999355316162,-3.3326809406280518,-2.540384531021118
-10.699962615966797,-10.131803512573242,-10.240317344665527,-11.453409194946289,-12.665578842163086,-13.775447845458984,-12.56273078918457,-12.136736869812012,-11.489126205444336,-9.635376930236816,-8.095234870910645,-9.792519569396973,-13.360092163085938,-11.658884048461914,-12.87173080444336,-10.49911880493164,-8.285968780517578,-7.785652160644531,-7.813658714294434,-9.045177459716797,-8.097173690795898,-6.596846580505371,-6.181350231170654,-7.149198532104492,-3.7785799503326416,-6.833179950714111,-6.767333030700684,-6.450869560241699,-6.358118057250977,-6.09159517288208,-6.323051452636719,-7.635272026062012,-7.886718273162842,-10.035014152526855,-10.028533935546875,-9.196837425231934,-8.5378999710083,-7.962714195251465,-7.296578407287598,-7.278988838195801,-6.8028669357299805,-5.480392932891846,-5.576013088226318,-4.982810974121094,-4.232023239135742
