data/wind_data/wind_63_5.json
{"header": {"parameterUnit": "KT", "parameterCategory": 2, "nx": 256, "ny": 198, "lo1": 44.73521041870117, "la1": -3.236724853515625, "lo2": 111.26478576660156, "la2": 43.468475341796875, "dx": 0.2609002888202667, "dy": -0.23708222806453705, "refTime": "2025-02-21 15:00:00", "forecastTime": 0, "parameterNumber": 2, "parameterNumberName": "eastward_wind"}, "data":
[rows 114 to 132 of 198, columns 176 to 219 of 256]
32.90106201171875,33.312381744384766,33.6046142578125,33.682838439941406,33.74814224243164,33.62081527709961,34.044639587402344,33.50447082519531,33.63581466674805,34.4860725402832,35.26358413696289,35.52730941772461,37.575252532958984,39.302734375,40.27232360839844,41.46848678588867,41.90198516845703,41.444297790527344,41.0509033203125,40.14271926879883,40.09398651123047,40.181583404541016,40.12446975708008,41.30796432495117,42.45118713378906,41.75801467895508,40.466976165771484,41.15822219848633,44.57757568359375,47.73310089111328,47.93914031982422,48.20610809326172,49.90054702758789,51.106258392333984,51.90639877319336,52.619476318359375,50.91270065307617,48.75571060180664,49.16044616699219,50.28999328613281,49.78131103515625,47.64171600341797,47.37810134887695,50.033721923828125
33.161067962646484,33.32767105102539,33.636131286621094,33.44973373413086,32.73085403442383,32.157657623291016,32.327022552490234,32.79378890991211,33.31834030151367,34.37925338745117,34.41657257080078,34.98846435546875,36.20399856567383,37.48671340942383,39.16989517211914,40.91767120361328,42.433937072753906,41.88362503051758,41.97508239746094,40.897430419921875,40.305721282958984,40.524105072021484,40.85142517089844,42.00221633911133,43.15605163574219,42.76105499267578,41.78733825683594,42.1109619140625,44.06468963623047,47.58623504638672,48.882320404052734,48.427059173583984,49.60818099975586,51.566097259521484,53.384498596191406,54.02980422973633,50.937347412109375,48.71921920776367,50.76896286010742,52.454833984375,50.620384216308594,46.2585563659668,45.37892532348633,48.620811462402344
34.44874954223633,33.82529830932617,33.533451080322266,32.88332748413086,31.45502471923828,30.453977584838867,30.652183532714844,31.739225387573242,33.03367614746094,34.510826110839844,35.57242202758789,35.87982177734375,36.428524017333984,36.84861373901367,37.736202239990234,39.1593132019043,41.11249542236328,41.49196243286133,41.69418716430664,40.351539611816406,39.24365997314453,39.21812438964844,39.56403350830078,40.48528289794922,41.89271926879883,42.41889953613281,41.89009094238281,41.83115768432617,43.16943359375,46.722686767578125,49.17896270751953,48.583213806152344,48.96402359008789,51.30354309082031,54.005977630615234,54.58997344970703,50.73768997192383,48.72793960571289,51.68339920043945,53.1611442565918,50.31825256347656,45.91537857055664,44.71416091918945,47.398189544677734
35.3509521484375,34.2947883605957,32.98011016845703,31.66722869873047,30.20210838317871,29.287992477416992,29.96125030517578,31.330049514770508,32.872127532958984,34.34685516357422,35.2841911315918,36.328861236572266,36.45124816894531,35.361690521240234,37.34499740600586,37.51289749145508,38.33034133911133,39.5521240234375,40.092437744140625,39.74724578857422,38.587913513183594,37.59300231933594,37.540069580078125,38.82392501831055,40.818634033203125,42.12367630004883,41.70895767211914,40.97178268432617,42.052696228027344,45.15391540527344,48.04240417480469,47.88607406616211,47.76301956176758,50.0713005065918,53.1493034362793,53.87300109863281,50.46022033691406,48.93296813964844,51.849178314208984,52.56132888793945,49.458377838134766,45.97514724731445,44.86178970336914,47.12281036376953
33.509124755859375,32.478153228759766,31.058780670166016,29.967504501342773,29.16357421875,28.720157623291016,29.340755462646484,30.839128494262695,32.180908203125,33.29973602294922,33.89768600463867,34.47504806518555,34.31146240234375,32.92842102050781,32.314579010009766,33.59497833251953,36.68013381958008,37.9539680480957,36.87282943725586,36.52870559692383,36.71235275268555,36.14338302612305,36.018428802490234,36.8987922668457,38.52971267700195,39.89017105102539,39.65963363647461,38.987239837646484,39.823097229003906,42.308223724365234,45.579803466796875,46.35432052612305,45.95953369140625,48.3817138671875,51.25659942626953,51.7794189453125,49.90981674194336,48.967159271240234,51.046897888183594,51.430274963378906,48.382564544677734,45.8921012878418,44.86670684814453,46.6430549621582
27.086435317993164,25.522207260131836,25.52642822265625,25.923734664916992,26.132877349853516,26.565889358520508,27.194791793823242,29.042348861694336,30.558055877685547,30.802196502685547,30.561723709106445,31.110647201538086,31.341154098510742,31.072650909423828,32.22568130493164,33.04550552368164,34.28587341308594,36.17112350463867,35.60172653198242,34.29035949707031,33.971710205078125,33.44022750854492,33.04832458496094,33.36264419555664,34.450138092041016,35.23039245605469,35.474205017089844,35.669490814208984,37.08333969116211,39.52588653564453,42.62934112548828,43.27874755859375,42.66572952270508,45.26002883911133,47.7392578125,48.8662109375,48.71240234375,47.16080856323242,48.57301330566406,49.86141586303711,47.5130729675293,45.335960388183594,44.58057403564453,46.66740798950195
20.108407974243164,19.200244903564453,21.139022827148438,23.448427200317383,23.408241271972656,23.149389266967773,24.151857376098633,26.152511596679688,27.697355270385742,27.81549835205078,27.146053314208984,28.288137435913086,30.302101135253906,31.186443328857422,31.80326271057129,32.187721252441406,32.5784797668457,33.0798454284668,32.501129150390625,30.987375259399414,29.944992065429688,29.75537109375,29.691883087158203,30.393573760986328,30.78965950012207,30.916259765625,32.41166305541992,33.70658874511719,35.321495056152344,37.513336181640625,39.86732864379883,39.944297790527344,39.54029083251953,41.71570587158203,43.988685607910156,45.99337387084961,45.551334381103516,42.820316314697266,44.61557388305664,47.3646240234375,46.28433609008789,44.383453369140625,43.81560516357422,46.25816345214844
24.467784881591797,24.097299575805664,22.610595703125,23.36525535583496,24.280357360839844,22.107675552368164,21.34575653076172,24.09772300720215,26.399913787841797,26.629493713378906,25.35716438293457,27.086618423461914,30.170278549194336,31.380739212036133,31.264404296875,30.79654312133789,30.435380935668945,29.995098114013672,29.018484115600586,28.000520706176758,27.80904769897461,27.326074600219727,26.39984703063965,25.999361038208008,25.922487258911133,27.78645133972168,30.347755432128906,31.315502166748047,32.50886917114258,34.46855926513672,35.962467193603516,36.31553268432617,36.6692008972168,37.5877799987793,39.825172424316406,42.36848068237305,40.06605529785156,37.52180862426758,39.92170715332031,42.85340881347656,43.438316345214844,42.95400619506836,41.54288101196289,43.805599212646484
26.61495018005371,27.45326805114746,28.65946388244629,27.37062644958496,25.452943801879883,21.40576171875,18.283300399780273,21.427160263061523,24.07530403137207,25.17273712158203,23.361074447631836,25.588857650756836,30.15500831604004,32.05451965332031,31.373149871826172,29.913532257080078,28.64366340637207,27.83159828186035,26.759984970092773,25.686920166015625,25.511356353759766,24.888751983642578,24.042278289794922,22.77104377746582,21.684520721435547,24.926372528076172,27.368928909301758,28.512269973754883,30.294416427612305,31.945682525634766,32.50204849243164,33.40531539916992,33.92026901245117,33.28939437866211,35.230384826660156,36.745635986328125,32.9719352722168,32.424190521240234,35.27498245239258,37.50232696533203,39.37302017211914,40.57159423828125,37.19320297241211,37.04932403564453
30.700885772705078,28.792922973632812,31.74057960510254,30.526819229125977,25.85471534729004,20.805063247680664,15.151569366455078,4.839869022369385,13.212224006652832,20.835161209106445,22.98233985900879,24.7294979095459,27.725875854492188,30.636680603027344,32.2292594909668,31.703006744384766,30.21556854248047,28.771896362304688,26.77483558654785,24.927431106567383,23.81039810180664,23.32439422607422,23.58662223815918,23.993988037109375,23.825557708740234,24.78498649597168,26.63064193725586,28.49678611755371,30.90995216369629,31.98922348022461,32.16793441772461,33.46208953857422,33.07101058959961,31.231813430786133,32.7622184753418,33.659934997558594,29.820755004882812,29.4865779876709,31.77334213256836,33.17465591430664,35.37688446044922,36.9597053527832,31.623071670532227,29.62242317199707
33.599952697753906,28.828874588012695,30.807199478149414,27.103927612304688,21.096036911010742,17.7656307220459,17.159719467163086,12.389719009399414,10.361163139343262,17.469188690185547,19.862030029296875,20.71923065185547,18.775978088378906,15.949750900268555,14.530416488647461,14.267265319824219,15.486065864562988,18.31923484802246,21.608903884887695,23.472169876098633,23.28639030456543,22.374954223632812,22.431407928466797,23.85036277770996,26.924266815185547,27.036357879638672,27.11615562438965,30.609546661376953,33.31700134277344,31.936491012573242,31.858287811279297,33.152278900146484,31.476743698120117,29.548505783081055,31.673322677612305,33.58110046386719,29.783815383911133,27.80331802368164,29.424978256225586,30.47342300415039,32.28779983520508,32.161582946777344,27.526588439941406,27.006650924682617
28.025684356689453,27.662506103515625,29.15938949584961,23.83896255493164,18.879161834716797,17.157583236694336,18.068513870239258,19.186805725097656,14.117724418640137,19.414901733398438,19.478004455566406,12.669205665588379,5.269404888153076,6.086207389831543,8.884079933166504,10.05435848236084,10.753143310546875,11.225781440734863,13.987990379333496,18.23984146118164,20.561525344848633,21.362730026245117,22.101783752441406,23.901905059814453,26.37533950805664,29.2177791595459,31.290739059448242,34.73941421508789,34.648616790771484,29.310579299926758,29.51972770690918,30.068391799926758,26.99114418029785,27.529138565063477,30.516019821166992,32.77882766723633,30.11582374572754,26.128087997436523,26.331438064575195,28.415674209594727,29.371849060058594,27.25867462158203,26.7940673828125,27.741933822631836
27.18346405029297,27.85757827758789,29.516267776489258,21.488405227661133,17.363996505737305,20.929189682006836,25.077972412109375,27.037588119506836,26.4437313079834,29.05609703063965,26.57621955871582,19.10551643371582,14.626721382141113,13.068388938903809,11.301849365234375,10.808365821838379,11.64918327331543,13.355551719665527,15.19819164276123,17.491458892822266,19.84266471862793,23.37462615966797,25.275161743164062,25.903053283691406,27.356609344482422,29.25048065185547,32.361576080322266,34.69285202026367,27.162281036376953,22.557437896728516,27.159801483154297,27.199020385742188,22.882305145263672,24.277740478515625,27.082975387573242,30.644506454467773,30.098669052124023,25.543930053710938,23.881406784057617,26.02108383178711,26.7315731048584,26.990863800048828,29.08812141418457,30.20732307434082
30.647729873657227,30.639328002929688,30.792816162109375,25.52149200439453,19.901382446289062,20.25718879699707,22.90981674194336,25.31538963317871,27.670536041259766,29.58527183532715,26.556541442871094,22.70737075805664,22.801204681396484,23.263450622558594,18.273080825805664,13.066267967224121,14.043694496154785,17.252670288085938,19.571895599365234,19.941402435302734,22.020811080932617,26.30327606201172,28.992191314697266,30.206741333007812,30.00797462463379,30.053916931152344,30.97187614440918,29.744239807128906,17.742708206176758,18.176645278930664,25.94281768798828,24.406333923339844,18.865232467651367,20.31756019592285,23.281404495239258,27.690895080566406,28.70365333557129,23.46442413330078,20.032773971557617,22.762006759643555,26.07896614074707,28.729328155517578,31.6118221282959,33.46898651123047
33.42218780517578,32.10728454589844,36.52225112915039,40.56871795654297,34.374271392822266,23.806386947631836,19.75079917907715,21.38555908203125,22.00647735595703,22.74953842163086,18.8395938873291,16.6470890045166,21.476299285888672,29.19144058227539,28.516197204589844,19.76529312133789,17.25058937072754,20.25328826904297,23.471078872680664,24.544431686401367,26.18872833251953,29.176973342895508,31.501585006713867,33.15697479248047,31.650741577148438,30.08774757385254,29.070613861083984,22.636754989624023,17.29828453063965,20.21674346923828,22.62777328491211,19.451457977294922,16.981876373291016,20.30658721923828,23.870824813842773,26.99784278869629,28.67265510559082,24.167348861694336,17.947328567504883,20.08165168762207,23.8675479888916,26.586454391479492,27.921480178833008,29.756458282470703
35.86448287963867,32.71930694580078,33.63386917114258,37.623878479003906,38.882137298583984,36.25453567504883,31.04245376586914,25.895654678344727,23.623201370239258,23.14759635925293,23.603612899780273,26.884353637695312,30.143028259277344,31.25433349609375,29.49432945251465,25.837873458862305,22.480356216430664,22.986087799072266,26.723594665527344,29.518123626708984,30.374465942382812,31.665067672729492,32.28691482543945,34.43668746948242,31.095186233520508,25.674694061279297,22.753002166748047,19.726802825927734,22.853450775146484,24.331134796142578,21.589305877685547,19.601430892944336,19.414106369018555,21.187021255493164,23.747180938720703,26.510343551635742,28.36399269104004,24.89823341369629,16.42506980895996,17.210025787353516,19.795799255371094,22.050792694091797,18.947620391845703,21.997108459472656
36.51883316040039,33.02609634399414,35.634517669677734,38.25674057006836,37.069419860839844,34.96395492553711,34.319114685058594,35.16505813598633,35.76515579223633,35.23101806640625,35.551025390625,37.09726333618164,37.900787353515625,35.32577896118164,32.64603042602539,31.515750885009766,29.84956169128418,29.557222366333008,29.449132919311523,31.64762306213379,32.90319061279297,33.02970886230469,32.505126953125,34.57365417480469,28.698686599731445,17.56939125061035,16.88161277770996,23.5848445892334,28.60715675354004,27.631845474243164,22.279600143432617,21.67743492126465,23.362958908081055,23.318510055541992,23.94890785217285,26.044389724731445,26.89698028564453,22.16600799560547,12.728269577026367,14.376947402954102,17.85778045654297,15.884109497070312,12.742693901062012,16.867958068847656
31.187026977539062,29.6370849609375,32.414485931396484,36.327545166015625,40.68062210083008,38.32927703857422,33.77534103393555,35.00151443481445,37.89131546020508,38.648681640625,37.328269958496094,37.12675476074219,36.53898239135742,34.78386688232422,33.791324615478516,34.022987365722656,32.79819869995117,31.37649154663086,30.22081756591797,32.82776641845703,34.99482345581055,34.1705322265625,31.87843132019043,31.89573097229004,23.604774475097656,16.514942169189453,22.810989379882812,28.83936882019043,29.27907371520996,24.30936622619629,22.02342987060547,24.5869140625,26.76725196838379,26.69184684753418,25.934810638427734,25.847787857055664,24.57579231262207,18.132598876953125,10.80431079864502,12.69707202911377,17.875646591186523,18.297574996948242,14.856461524963379,17.239328384399414
37.02045440673828,36.02139663696289,37.713016510009766,40.75308609008789,43.58749771118164,44.67228317260742,43.49831771850586,40.04929733276367,36.5064582824707,35.34390640258789,36.702274322509766,38.873294830322266,40.48323440551758,36.519901275634766,29.273496627807617,23.811023712158203,22.126585006713867,24.446029663085938,28.728857040405273,31.337623596191406,33.8013916015625,31.987545013427734,32.07575607299805,31.37043571472168,25.36768913269043,25.520076751708984,30.848751068115234,35.47028732299805,31.865005493164062,24.596057891845703,20.620450973510742,21.89443016052246,25.294307708740234,27.253122329711914,26.706432342529297,25.052980422973633,23.288665771484375,17.015701293945312,10.168171882629395,11.712567329406738,14.971258163452148,19.843624114990234,20.527050018310547,21.172178268432617
