data/wind_data/wind_5_2.json
{"header": {"parameterUnit": "KT", "parameterCategory": 2, "nx": 256, "ny": 198, "lo1": 44.73521041870117, "la1": -3.236724853515625, "lo2": 111.26478576660156, "la2": 43.468475341796875, "dx": 0.2609002888202667, "dy": -0.23708222806453705, "refTime": "2025-02-19 05:00:00", "forecastTime": 0, "parameterNumber": 2, "parameterNumberName": "eastward_wind"}, "data":
[rows 114 to 132 of 198, columns 172 to 214 of 256]
0.4317069947719574,0.531802237033844,3.086555242538452,3.7790021896362305,1.9403430223464966,1.232553482055664,3.638641119003296,6.301328659057617,4.4342522621154785,3.792118787765503,-1.9981215000152588,-3.285292625427246,-6.995017051696777,-6.0553879737854,-2.5204861164093018,0.38301965594291687,6.250543117523193,10.737266540527344,7.744974613189697,6.93301248550415,3.9859652519226074,-3.7542855739593506,-6.697808265686035,-8.30502986907959,-6.331346035003662,-9.213318824768066,-9.049139022827148,-4.679330348968506,-1.1087363958358765,-4.028897285461426,-2.9917006492614746,0.7335972785949707,10.139415740966797,17.61104393005371,23.105785369873047,10.205277442932129,6.3155694007873535,10.05760383605957,16.038522720336914,17.40216064453125,19.394182205200195,19.946311950683594,19.08612632751465
-2.113522529602051,-2.165048837661743,-1.9126338958740234,-1.926108956336975,-1.3526948690414429,0.24103198945522308,1.9945443868637085,2.470459461212158,0.574855387210846,-2.480386972427368,-4.597554683685303,-5.474179744720459,-3.9353396892547607,-2.057490110397339,-3.4187750816345215,-3.7648730278015137,-0.6541127562522888,2.326634168624878,5.361116409301758,6.740067005157471,10.103670120239258,-1.567668080329895,-6.585155963897705,-7.91989278793335,-11.380130767822266,-13.50025463104248,-13.44165325164795,-9.363234519958496,-5.047410011291504,-7.928244113922119,-5.993434906005859,-2.1309244632720947,5.436875343322754,13.869438171386719,22.10991096496582,23.43818473815918,22.318578720092773,21.865936279296875,21.074623107910156,19.493833541870117,20.524961471557617,18.865922927856445,14.973103523254395
-6.204374313354492,-7.759471416473389,-9.496888160705566,-9.874068260192871,-10.05942153930664,-9.331457138061523,-7.58608865737915,-6.249359130859375,-6.416602611541748,-7.099400997161865,-7.398338317871094,-5.974033355712891,-4.441773414611816,-5.878025054931641,-8.4354248046875,-8.997506141662598,-5.505524635314941,-1.9216808080673218,-1.0583279132843018,5.634346961975098,11.883580207824707,2.0855355262756348,-6.934551239013672,-6.870546817779541,-10.680797576904297,-12.286469459533691,-12.742024421691895,-11.853280067443848,-8.43319034576416,-8.578121185302734,-7.333680629730225,-2.020742416381836,0.22246724367141724,10.801323890686035,21.283966064453125,28.214208602905273,24.587770462036133,20.673145294189453,16.985435485839844,15.744754791259766,19.180007934570312,14.859333992004395,10.657254219055176
-13.579080581665039,-13.77155876159668,-13.428914070129395,-13.699108123779297,-15.18212890625,-15.544731140136719,-16.037555694580078,-16.021482467651367,-15.511224746704102,-13.546548843383789,-11.010198593139648,-8.991573333740234,-10.040547370910645,-14.348405838012695,-15.927547454833984,-13.665310859680176,-8.321420669555664,-6.718770980834961,-7.022547245025635,-1.9466776847839355,2.431978464126587,1.6926275491714478,-5.2976202964782715,-5.997215270996094,-4.8630242347717285,-7.8497185707092285,-8.053171157836914,-7.621243476867676,-7.588404655456543,-2.3929522037506104,-8.679028511047363,-4.871128559112549,-0.9801636934280396,10.58230209350586,17.37124252319336,20.786428451538086,12.731423377990723,6.710638046264648,13.134904861450195,17.87421417236328,18.89725112915039,13.254754066467285,10.670852661132812
-7.924548625946045,-8.70256233215332,-9.387441635131836,-9.736553192138672,-11.495657920837402,-13.932845115661621,-16.195600509643555,-16.47344970703125,-14.630833625793457,-12.830024719238281,-11.151962280273438,-10.467670440673828,-13.242515563964844,-15.281535148620605,-13.590785026550293,-10.74718952178955,-10.962260246276855,-11.610462188720703,-10.746357917785645,-8.827298164367676,-5.702042579650879,-3.7216312885284424,-2.787534475326538,-3.816619873046875,-5.431385517120361,-4.419838905334473,-6.419425964355469,-3.4743239879608154,-3.8392882347106934,-7.9061784744262695,-6.404689788818359,-2.956052780151367,0.6898046731948853,10.263274192810059,14.542271614074707,17.983707427978516,11.366758346557617,3.8684349060058594,10.745083808898926,16.913206100463867,17.578903198242188,14.326395988464355,12.982786178588867
1.4035147428512573,-4.091595649719238,-4.301909446716309,-4.15188455581665,-5.079326152801514,-6.229703426361084,-7.624007701873779,-7.7916483879089355,-6.5693359375,-6.687018871307373,-6.003218650817871,-7.267219543457031,-8.115550994873047,-10.392497062683105,-10.329325675964355,-9.67446517944336,-10.633703231811523,-11.202324867248535,-10.216347694396973,-9.861650466918945,-9.946878433227539,-9.112223625183105,-5.961602210998535,-1.6556501388549805,-4.984161376953125,-2.354971408843994,-0.2525610327720642,-2.733487844467163,-0.46828383207321167,-2.0554914474487305,-8.140984535217285,-2.9368743896484375,5.069737434387207,9.389930725097656,11.966886520385742,18.520933151245117,22.263004302978516,21.79603385925293,17.93513298034668,17.339828491210938,18.966529846191406,17.93343162536621,17.509212493896484
5.660195827484131,1.2117868661880493,-0.5406982898712158,0.19963517785072327,0.19344910979270935,-0.4751502275466919,-0.9644609689712524,1.3331904411315918,2.351516008377075,-0.9726825952529907,-2.123774528503418,-3.6220173835754395,-4.755960464477539,-3.729295253753662,-6.307999134063721,-6.6830573081970215,-8.254020690917969,-7.2494730949401855,-7.892145156860352,-6.837121963500977,-6.495185375213623,-7.848153591156006,-8.711840629577637,-8.016450881958008,-5.85880708694458,-5.858977317810059,-2.3586950302124023,4.674026966094971,-1.5145031213760376,0.050585608929395676,-5.448826313018799,-3.64308762550354,7.177224636077881,13.048864364624023,12.154184341430664,17.290102005004883,21.183216094970703,21.694490432739258,20.801517486572266,19.717012405395508,22.552778244018555,23.334211349487305,20.154422760009766
3.6030678749084473,-0.5249615907669067,2.3421735763549805,5.949548721313477,4.5906758308410645,1.3219720125198364,1.0458669662475586,3.865556478500366,5.602024555206299,12.733790397644043,0.9671643972396851,-3.332886219024658,-1.7665590047836304,2.629021644592285,2.294722557067871,-5.712465286254883,-4.811757564544678,-4.258116245269775,-5.175656795501709,-5.7698540687561035,-3.47952938079834,-1.2518771886825562,-3.392277479171753,-4.788300514221191,-4.680634498596191,-4.815892219543457,-6.308459281921387,0.193321093916893,3.135556936264038,-0.5580053329467773,-2.2204482555389404,1.4324421882629395,5.428596496582031,8.945724487304688,13.020124435424805,16.661298751831055,20.22166633605957,21.560321807861328,23.536617279052734,26.080392837524414,27.82939910888672,25.87553596496582,21.26085090637207
-1.3472203016281128,-1.216948390007019,4.168992519378662,10.225421905517578,7.61109733581543,2.6806116104125977,1.929489016532898,3.2896621227264404,5.599770545959473,10.164047241210938,13.459247589111328,5.264780044555664,0.8406458497047424,1.6052533388137817,9.999120712280273,2.9327123165130615,-2.3168094158172607,-1.0864769220352173,-2.2376763820648193,-3.3818037509918213,-3.2734687328338623,-0.04281047731637955,2.0175039768218994,-0.4709208905696869,-0.3073217570781708,0.7176319360733032,-0.7079668641090393,12.487824440002441,0.8488456606864929,-0.6233036518096924,-3.135383129119873,-1.3443379402160645,0.8156054615974426,7.517616271972656,14.048053741455078,17.177745819091797,21.422143936157227,22.888771057128906,22.3331298828125,25.76584815979004,27.94452667236328,25.70707893371582,21.67131996154785
-1.7164794206619263,-1.6004868745803833,6.230207443237305,14.542862892150879,11.285314559936523,-0.4580669403076172,-1.2299174070358276,4.613187789916992,5.704219341278076,6.489930629730225,11.713626861572266,13.373357772827148,1.6171597242355347,-0.8269032835960388,4.073168754577637,-1.9267855882644653,-0.9708055853843689,-0.07981040328741074,-1.765179991722107,-0.04898466914892197,-1.3224375247955322,-0.557322084903717,2.644200563430786,0.5427630543708801,0.4211352467536926,4.071869373321533,4.111766815185547,11.719900131225586,12.822304725646973,4.203878402709961,-2.0368099212646484,-3.586061716079712,2.309386968612671,12.017938613891602,16.6568660736084,18.712032318115234,22.79683494567871,23.78508949279785,22.180500030517578,25.437253952026367,27.396696090698242,25.450685501098633,22.985525131225586
10.31452751159668,9.958086013793945,14.184974670410156,22.66290855407715,19.94560432434082,7.713592052459717,3.7994065284729004,11.982453346252441,13.261094093322754,10.493500709533691,10.879433631896973,15.209410667419434,-5.200345039367676,-7.641779899597168,-0.9219073057174683,0.8592084646224976,0.35069456696510315,-2.984600782394409,-1.670572280883789,-0.0001716178230708465,-0.09142220765352249,-0.300199955701828,1.9611486196517944,-0.37255364656448364,-3.6420648097991943,-0.4480160176753998,7.191694259643555,9.954042434692383,14.268418312072754,20.40572166442871,13.878089904785156,13.122228622436523,16.342885971069336,18.562902450561523,17.873069763183594,20.18326759338379,23.809791564941406,23.390750885009766,22.397502899169922,26.41962242126465,28.2884464263916,25.938522338867188,24.087852478027344
15.867314338684082,18.76435089111328,21.874210357666016,24.566404342651367,23.701147079467773,8.818602561950684,4.722040176391602,12.786373138427734,15.107075691223145,13.819161415100098,13.435351371765137,8.087348937988281,-8.63565444946289,-5.282928466796875,-2.9458587169647217,-0.020761771127581596,-1.0344878435134888,-0.41933032870292664,-0.8572986125946045,-0.5156784057617188,-1.3381637334823608,0.7296314239501953,1.3347011804580688,-0.8806136250495911,-0.015850679948925972,2.714019536972046,6.618156433105469,9.970033645629883,15.385766983032227,19.44097900390625,21.904619216918945,15.86496353149414,18.224424362182617,21.279508590698242,18.47820472717285,21.04495620727539,24.328996658325195,22.164817810058594,22.631681442260742,26.18416976928711,28.02058982849121,26.656137466430664,24.62671661376953
16.38404655456543,17.901037216186523,21.446802139282227,24.658300399780273,23.427892684936523,17.96261978149414,13.20085334777832,14.906267166137695,17.468263626098633,15.391555786132812,12.348468780517578,6.915844440460205,-2.13991379737854,-4.700136661529541,-4.108034133911133,-1.1438279151916504,-1.1521683931350708,0.7311105132102966,-6.816895484924316,-5.336182117462158,-3.413743019104004,0.2187122404575348,-4.118252754211426,-0.8987933993339539,2.347838878631592,8.667217254638672,4.300622940063477,2.5116264820098877,6.374199867248535,10.446057319641113,19.080291748046875,24.01449203491211,22.487140655517578,17.873811721801758,14.119939804077148,21.37441635131836,20.77290916442871,16.55889129638672,20.023122787475586,24.574817657470703,27.83955192565918,24.293704986572266,20.61239242553711
18.6076602935791,19.020620346069336,21.593284606933594,25.077648162841797,20.900663375854492,14.368306159973145,14.829014778137207,15.301759719848633,13.730432510375977,11.05120849609375,10.872440338134766,4.633357048034668,-2.3683619499206543,0.25285568833351135,-3.2667453289031982,-3.301016330718994,-0.7255176305770874,-5.140050411224365,-9.90294075012207,-9.11844539642334,-1.3928251266479492,-2.336272716522217,-0.6842930316925049,-5.070540428161621,2.386657953262329,7.763302803039551,-3.3551230430603027,-2.331381320953369,6.610899448394775,10.912111282348633,14.185956001281738,26.54119300842285,29.173030853271484,16.035741806030273,11.228708267211914,20.71780014038086,15.431879997253418,6.753389835357666,13.107866287231445,21.410642623901367,26.805545806884766,21.674964904785156,15.92251968383789
20.933393478393555,20.12385368347168,20.994726181030273,24.968582153320312,14.542612075805664,4.7814226150512695,11.002633094787598,15.039772033691406,13.636808395385742,10.487969398498535,9.731709480285645,0.9694172143936157,-2.53755784034729,-4.817998886108398,-5.0332794189453125,-3.735135316848755,-2.4726104736328125,-7.069906234741211,-9.721429824829102,-12.714343070983887,-4.680231094360352,0.4353879392147064,-11.380634307861328,-7.18243932723999,-2.0692732334136963,8.176131248474121,1.2518397569656372,4.313236713409424,10.114736557006836,13.42956256866455,16.74472427368164,26.783206939697266,25.1672306060791,19.551773071289062,13.059800148010254,18.501781463623047,9.926043510437012,0.7292703986167908,7.307373523712158,17.49211883544922,23.80874252319336,21.036075592041016,14.674861907958984
17.641979217529297,17.32231330871582,20.687719345092773,24.954545974731445,7.85439920425415,-0.4314374327659607,5.932404518127441,12.623964309692383,9.769530296325684,6.393970966339111,4.523481845855713,0.20832791924476624,-4.8370537757873535,-4.277647495269775,-3.2750821113586426,-3.4915385246276855,-4.392026424407959,-8.275434494018555,-11.627318382263184,-10.520679473876953,-6.86611795425415,-7.528207302093506,-11.328165054321289,-10.08272933959961,-3.9961628913879395,5.5997514724731445,8.612159729003906,12.018211364746094,20.20082664489746,18.533340454101562,15.668742179870605,18.037248611450195,17.317886352539062,22.139896392822266,15.742873191833496,13.184126853942871,3.0980498790740967,1.3776800632476807,7.813127517700195,14.645337104797363,18.959272384643555,20.020511627197266,15.738353729248047
12.86963939666748,17.483274459838867,20.46356201171875,23.90894317626953,1.7663650512695312,1.936582088470459,6.668454647064209,9.21277904510498,10.833220481872559,7.4172043800354,4.194485187530518,8.85675048828125,10.723663330078125,9.350258827209473,4.9484639167785645,1.60857355594635,-1.0391710996627808,-4.814156532287598,-9.126729965209961,-9.436563491821289,-4.8312087059021,-5.735374927520752,-5.036551475524902,-9.92065715789795,0.009708705358207226,3.7709882259368896,8.062990188598633,16.142704010009766,18.019100189208984,8.991644859313965,4.529224395751953,9.84991455078125,16.170995712280273,22.395347595214844,14.934654235839844,7.1553826332092285,2.093950033187866,6.54653787612915,10.948348045349121,13.76430606842041,16.470901489257812,19.5897216796875,17.111873626708984
8.349547386169434,14.371782302856445,19.701414108276367,12.533524513244629,9.700243949890137,3.0203185081481934,7.716893672943115,8.379639625549316,16.1956844329834,7.204298973083496,0.61309415102005,8.26073169708252,12.38697624206543,7.995425224304199,2.824638843536377,0.6488754153251648,-0.33099305629730225,-2.625157594680786,-6.006474018096924,-7.255009651184082,-5.727693557739258,-5.586043357849121,-5.18356466293335,-3.7962758541107178,3.728506565093994,6.019011974334717,10.261178016662598,18.49039077758789,4.679161071777344,-4.52784538269043,-0.12001346051692963,10.412384033203125,16.548994064331055,18.209842681884766,12.842618942260742,4.147855758666992,3.599828004837036,9.043105125427246,11.821483612060547,13.765277862548828,17.338956832885742,19.20558738708496,20.869909286499023
16.545372009277344,11.282670974731445,15.022290229797363,16.271629333496094,13.821311950683594,7.512587070465088,3.0577523708343506,8.486114501953125,13.431547164916992,10.67225170135498,4.538149833679199,5.5045695304870605,5.089263439178467,0.35258978605270386,-0.7305905222892761,-1.1161119937896729,-0.5105782747268677,-0.7451730966567993,-2.299834966659546,-5.796406269073486,-4.929592132568359,-4.473384857177734,-3.548797130584717,0.02906840108335018,2.4659271240234375,5.423888206481934,11.886210441589355,18.856264114379883,2.351149082183838,-5.910423278808594,1.592909812927246,13.410454750061035,13.822203636169434,13.685693740844727,10.753214836120605,4.687168598175049,4.240568161010742,10.601489067077637,13.955700874328613,15.422496795654297,18.740436553955078,20.47106170654297,24.008970260620117
