data/wind_data/wind_11_1.json
{"header": {"parameterUnit": "KT", "parameterCategory": 2, "nx": 256, "ny": 198, "lo1": 44.73521041870117, "la1": -3.236724853515625, "lo2": 111.26478576660156, "la2": 43.468475341796875, "dx": 0.2609002888202667, "dy": -0.23708222806453705, "refTime": "2025-02-19 11:00:00", "forecastTime": 0, "parameterNumber": 2, "parameterNumberName": "eastward_wind"}, "data":
[rows 38 to 56 of 198, columns 172 to 214 of 256]
-8.34194564819336,-8.81490421295166,-8.183286666870117,-8.284140586853027,-8.252379417419434,-7.695773124694824,-7.3730034828186035,-8.36916446685791,-8.62527847290039,-7.890944957733154,-8.027777671813965,-8.27121353149414,-7.201968193054199,-4.975978374481201,-7.755354404449463,-10.217077255249023,-9.10701847076416,-8.035873413085938,-6.3863677978515625,-6.256721496582031,-5.007298469543457,-5.295323371887207,-5.840343952178955,-6.766793727874756,-7.4553608894348145,-7.62648344039917,-7.254495620727539,-5.987074375152588,-4.83300256729126,-3.894294261932373,-3.5766103267669678,-3.1418228149414062,-2.0158958435058594,-0.9272831082344055,-0.2858796715736389,-1.2221925258636475,-3.1532695293426514,-5.595849514007568,-7.464567184448242,-10.030566215515137,-9.373440742492676,-5.894565105438232,-9.554147720336914
-7.960641860961914,-8.493183135986328,-7.884093284606934,-7.968629837036133,-8.206608772277832,-7.5429487228393555,-7.366988182067871,-7.6399993896484375,-7.950629711151123,-8.183449745178223,-8.089136123657227,-8.030211448669434,-7.856197357177734,-6.245946884155273,-7.274559020996094,-9.240870475769043,-8.286109924316406,-7.908863544464111,-6.184690952301025,-5.949808120727539,-5.106387138366699,-5.46296501159668,-6.604215621948242,-7.510688781738281,-8.338136672973633,-8.63788890838623,-8.38718032836914,-7.135913372039795,-5.69733190536499,-4.7984819412231445,-4.204604148864746,-3.0445942878723145,-1.1741394996643066,0.7452124953269958,1.282429814338684,-1.7075655460357666,-5.821582317352295,-8.96830940246582,-9.151823997497559,-8.918404579162598,-12.555397033691406,-10.422126770019531,-11.4771089553833
-7.531426906585693,-8.294633865356445,-8.267179489135742,-7.858290195465088,-7.9789886474609375,-7.37875509262085,-6.866555690765381,-7.410524845123291,-7.624518871307373,-8.188870429992676,-8.319578170776367,-8.27295970916748,-7.860729217529297,-7.254072189331055,-7.244573593139648,-8.61787223815918,-7.870688438415527,-7.586465835571289,-6.407496929168701,-5.75166130065918,-5.516181468963623,-5.820489406585693,-6.393972873687744,-7.820189476013184,-8.633441925048828,-9.27930736541748,-9.422584533691406,-8.308944702148438,-6.58845329284668,-5.635878086090088,-4.39738130569458,-2.308885097503662,-0.016512205824255943,2.1375608444213867,2.015103340148926,-1.5446263551712036,-4.428999423980713,-9.793991088867188,-13.37863540649414,-10.081293106079102,-11.237201690673828,-13.36546802520752,-15.492247581481934
-7.4725236892700195,-7.796047687530518,-7.980917453765869,-7.7456488609313965,-7.438374042510986,-7.070619106292725,-7.165991306304932,-7.218133449554443,-7.475792407989502,-7.806756019592285,-8.256896018981934,-8.618732452392578,-8.27187442779541,-7.104221343994141,-7.263164043426514,-8.214986801147461,-6.8181562423706055,-6.955568790435791,-5.589832305908203,-4.877185821533203,-6.603099822998047,-7.102295875549316,-6.338690280914307,-7.733974456787109,-8.97732162475586,-9.758615493774414,-9.493666648864746,-8.040176391601562,-6.300631523132324,-4.891047954559326,-3.583730697631836,-1.8878238201141357,-0.0023606447502970695,1.4224082231521606,1.6805437803268433,-0.143471360206604,-4.523502349853516,-14.041462898254395,-10.355401039123535,-11.250585556030273,-14.24128246307373,-14.226526260375977,-15.153379440307617
-7.891725540161133,-7.539856433868408,-7.455026626586914,-7.471449851989746,-7.035998821258545,-7.215262413024902,-7.285305976867676,-7.476774215698242,-7.494982719421387,-7.375814437866211,-7.747715950012207,-8.93881893157959,-9.0542631149292,-7.548353672027588,-6.889884948730469,-7.874908447265625,-6.891774654388428,-5.188004493713379,-3.388556718826294,-5.035236835479736,-10.08790111541748,-8.65213680267334,-6.555865287780762,-6.924192905426025,-7.886582851409912,-8.639521598815918,-8.29999828338623,-7.303533554077148,-5.947277545928955,-4.275036334991455,-2.8826217651367188,-1.5797311067581177,-0.35561269521713257,0.6455529928207397,0.3908071517944336,2.957968235015869,-7.661850452423096,-17.009950637817383,-8.355180740356445,-13.49637508392334,-11.050159454345703,-15.291682243347168,-13.150866508483887
-8.41215705871582,-8.038651466369629,-7.369747638702393,-7.387298107147217,-7.297857761383057,-6.657765865325928,-7.085596084594727,-7.519621849060059,-7.72104549407959,-7.538394451141357,-8.000128746032715,-8.95231819152832,-9.4365873336792,-7.877740383148193,-7.053689956665039,-7.5868330001831055,-6.039123058319092,-2.9226300716400146,-3.3590338230133057,-11.211272239685059,-11.598607063293457,-8.751255989074707,-7.544230937957764,-6.267035961151123,-5.411706447601318,-5.57342004776001,-5.02301549911499,-3.9625964164733887,-2.501713514328003,-0.9421985745429993,-0.10757285356521606,-0.0375535748898983,0.3317307233810425,4.0080976486206055,2.632552146911621,-5.96083402633667,-12.0145263671875,-12.100360870361328,-11.07952880859375,-12.059248924255371,-10.057814598083496,-12.649606704711914,-13.8289213180542
-8.6819429397583,-8.511141777038574,-7.588675022125244,-7.420365333557129,-7.695660591125488,-6.417397499084473,-6.56218957901001,-7.252074241638184,-7.770033836364746,-8.048775672912598,-8.524139404296875,-8.849575996398926,-8.583701133728027,-7.97448205947876,-7.507544994354248,-7.504777908325195,-5.336145401000977,-2.5697884559631348,-7.0962347984313965,-12.222505569458008,-10.30163288116455,-9.019501686096191,-9.228568077087402,-6.886462688446045,-4.904705047607422,-3.316718816757202,-1.8441262245178223,-0.3101317584514618,0.8589597940444946,2.1830344200134277,1.386846899986267,2.628394842147827,-0.31836771965026855,6.3002543449401855,3.53536057472229,-7.840132236480713,-13.9772310256958,-8.250458717346191,-11.285802841186523,-11.309694290161133,-10.66735553741455,-9.923880577087402,-14.01336669921875
-8.869041442871094,-8.85942554473877,-8.323089599609375,-7.961437225341797,-7.565035343170166,-6.328826904296875,-6.2354278564453125,-6.886379241943359,-7.488332748413086,-8.117443084716797,-8.309101104736328,-8.23869800567627,-8.065348625183105,-7.9371514320373535,-7.780177116394043,-7.537186622619629,-6.857733249664307,-5.649819850921631,-5.898813724517822,-9.214056015014648,-10.266173362731934,-10.565140724182129,-9.32457160949707,-8.221402168273926,-6.3900370597839355,-3.650836944580078,-0.7620302438735962,1.6040730476379395,2.865370988845825,4.689260482788086,2.9541337490081787,4.130863189697266,-0.8808798789978027,5.750811576843262,5.2789998054504395,-9.19441032409668,-13.229962348937988,-10.268735885620117,-13.44267463684082,-9.269304275512695,-11.660689353942871,-10.409005165100098,-12.854720115661621
-9.211938858032227,-8.929120063781738,-8.601181030273438,-8.266972541809082,-7.3526716232299805,-6.542074203491211,-6.506195545196533,-6.58571195602417,-7.156398296356201,-7.631891250610352,-7.903294086456299,-7.937630653381348,-7.892602920532227,-7.85069465637207,-7.970436096191406,-8.07640266418457,-8.594687461853027,-8.4976806640625,-6.090198516845703,-5.055846691131592,-9.754676818847656,-11.215886116027832,-10.185276985168457,-9.293967247009277,-7.664623737335205,-5.328489303588867,-2.2179770469665527,0.3901503086090088,1.7780441045761108,3.647470712661743,2.571671485900879,4.5052337646484375,2.8001925945281982,1.6284018754959106,-4.053741455078125,-13.058892250061035,-10.313910484313965,-11.121274948120117,-11.406253814697266,-8.532032012939453,-8.931490898132324,-11.11892032623291,-10.28918743133545
-9.566948890686035,-9.186904907226562,-8.819530487060547,-8.609203338623047,-7.799256324768066,-7.107808589935303,-6.853895664215088,-6.749405384063721,-7.0260539054870605,-7.184762477874756,-7.332162380218506,-7.361484527587891,-7.471398830413818,-7.692105770111084,-8.177777290344238,-8.64894962310791,-8.713812828063965,-8.644454002380371,-7.898203372955322,-6.986420631408691,-6.920079231262207,-9.18465805053711,-11.42058277130127,-10.551909446716309,-8.655847549438477,-6.6167683601379395,-3.659524917602539,-0.7079083919525146,0.47619080543518066,2.023607015609741,2.47102952003479,4.186551094055176,2.7342474460601807,-1.6378544569015503,-10.72244930267334,-6.963568687438965,-13.640069961547852,-12.183710098266602,-9.234591484069824,-8.768610954284668,-8.382000923156738,-11.590354919433594,-8.988895416259766
-9.487921714782715,-9.348464965820312,-9.030162811279297,-8.816896438598633,-8.449931144714355,-7.853251934051514,-7.483729839324951,-7.275448322296143,-7.178432941436768,-7.137945652008057,-7.017718315124512,-6.836300849914551,-6.9466938972473145,-7.3589324951171875,-7.906805038452148,-8.274539947509766,-8.206948280334473,-7.681152820587158,-7.321136474609375,-7.906108856201172,-7.584868907928467,-7.9679670333862305,-9.8118896484375,-11.1624174118042,-9.92952823638916,-8.561201095581055,-5.061582565307617,-2.101484775543213,-0.34204789996147156,1.380724310874939,1.1016567945480347,0.8638002872467041,1.1227551698684692,3.6026952266693115,-11.509817123413086,-12.101785659790039,-10.42784595489502,-12.988889694213867,-13.150918006896973,-10.884284019470215,-8.055337905883789,-10.185417175292969,-9.179357528686523
-9.08022689819336,-9.007904052734375,-8.841581344604492,-8.77169418334961,-8.768206596374512,-8.643157958984375,-8.502802848815918,-8.140382766723633,-7.654834747314453,-7.4304680824279785,-7.317173480987549,-6.968210220336914,-6.7946319580078125,-6.980116844177246,-7.362924098968506,-7.433975696563721,-7.235325336456299,-7.132762432098389,-6.740820407867432,-6.570897102355957,-7.514469623565674,-8.540422439575195,-8.697103500366211,-9.678815841674805,-10.584726333618164,-9.488945960998535,-6.530698299407959,-3.8271939754486084,-1.4127616882324219,-0.5050844550132751,-1.6265678405761719,-2.669161558151245,-0.2816810607910156,-3.483527660369873,-15.262104988098145,-8.908462524414062,-13.483552932739258,-13.362712860107422,-11.826200485229492,-11.331738471984863,-9.319332122802734,-10.104381561279297,-8.822319030761719
-8.73515510559082,-8.59131145477295,-8.339567184448242,-8.33069896697998,-8.713493347167969,-9.140424728393555,-9.435616493225098,-9.128952980041504,-8.477973937988281,-7.955227851867676,-7.812222003936768,-7.536498546600342,-7.139023303985596,-6.756978988647461,-6.711208343505859,-6.620520114898682,-6.448244094848633,-6.6122002601623535,-6.849140167236328,-6.801469326019287,-7.03438663482666,-7.748228549957275,-8.419896125793457,-8.484848022460938,-9.23541259765625,-8.669034957885742,-7.219285488128662,-4.919825553894043,-2.6963272094726562,-2.0137617588043213,-3.677816867828369,-4.047608375549316,-2.964165687561035,-9.572128295898438,-15.25924301147461,-7.517599105834961,-11.983237266540527,-11.9410982131958,-11.787945747375488,-10.128327369689941,-10.237712860107422,-8.874512672424316,-8.925788879394531
-8.100165367126465,-8.050683975219727,-7.999777317047119,-8.01480484008789,-8.390787124633789,-9.1148042678833,-9.788050651550293,-9.700311660766602,-9.273050308227539,-8.661027908325195,-8.448681831359863,-8.259584426879883,-7.752879619598389,-6.948490619659424,-6.398037910461426,-6.128889560699463,-5.797999382019043,-5.933992862701416,-6.273303031921387,-6.967235565185547,-7.153619766235352,-7.499032497406006,-8.299263954162598,-7.352382659912109,-7.92113733291626,-7.476884365081787,-6.948195457458496,-5.246118068695068,-3.6533148288726807,-3.558311700820923,-4.795412063598633,-5.124068737030029,-3.8000659942626953,-7.128603458404541,-12.265140533447266,-8.851090431213379,-9.981278419494629,-11.890052795410156,-10.70382308959961,-10.06579875946045,-9.280874252319336,-8.152420997619629,-7.99619197845459
-7.522275447845459,-7.4178056716918945,-7.52634334564209,-7.833396911621094,-8.18604564666748,-8.604758262634277,-9.09887409210205,-9.435352325439453,-9.375510215759277,-9.197369575500488,-9.283750534057617,-9.120906829833984,-8.36296272277832,-7.37992000579834,-6.558775901794434,-6.103724956512451,-5.568792819976807,-5.5074357986450195,-5.720749378204346,-6.252377033233643,-6.784239292144775,-6.990374565124512,-7.411183834075928,-7.407097816467285,-7.32717227935791,-7.053772926330566,-6.315786361694336,-5.109582901000977,-3.936506986618042,-4.2717132568359375,-5.169358253479004,-5.207728385925293,-4.057339191436768,-5.565293788909912,-10.321065902709961,-9.391764640808105,-8.487903594970703,-11.169434547424316,-9.645671844482422,-9.784279823303223,-8.787238121032715,-7.346692085266113,-7.0412068367004395
-7.106356143951416,-7.017146110534668,-7.111338138580322,-7.448188781738281,-7.845028400421143,-8.101675033569336,-8.414602279663086,-8.811201095581055,-8.937775611877441,-9.172022819519043,-9.79807186126709,-9.820270538330078,-8.938379287719727,-7.93927526473999,-7.027651786804199,-6.259514808654785,-5.91961669921875,-5.399500370025635,-5.5880303382873535,-5.741422653198242,-6.219705581665039,-6.53408670425415,-6.569733619689941,-6.6861467361450195,-6.995517730712891,-6.728626251220703,-5.795294761657715,-4.632571697235107,-3.510462999343872,-3.9773714542388916,-4.876871585845947,-4.773824691772461,-4.49589729309082,-4.517032623291016,-7.9563727378845215,-8.783492088317871,-7.813782691955566,-10.493011474609375,-7.475668430328369,-9.029301643371582,-7.259307861328125,-6.206319808959961,-5.697486877441406
-6.8559160232543945,-6.6693220138549805,-6.748054027557373,-7.083985805511475,-7.469245910644531,-7.737704753875732,-7.936153411865234,-8.142952919006348,-8.272259712219238,-8.497590065002441,-9.333791732788086,-9.769124031066895,-9.239311218261719,-8.465526580810547,-7.64631462097168,-6.40313196182251,-6.492387294769287,-5.45978307723999,-5.896036148071289,-5.424247741699219,-5.851903438568115,-5.831996917724609,-6.022095680236816,-6.020645618438721,-6.3083271980285645,-6.241375923156738,-5.4667229652404785,-4.140152931213379,-3.012784719467163,-3.2014081478118896,-4.313141822814941,-4.708219051361084,-3.3755831718444824,-6.149573802947998,-6.640418529510498,-5.104330539703369,-9.960183143615723,-7.89100980758667,-5.31950569152832,-7.840126991271973,-4.803610324859619,-5.191103458404541,-3.468024253845215
-6.626336574554443,-6.458884239196777,-6.3824238777160645,-6.621885776519775,-7.173001766204834,-7.700337886810303,-7.800137042999268,-7.575629711151123,-7.32414436340332,-7.170687675476074,-7.896146774291992,-8.94410228729248,-8.848482131958008,-8.527087211608887,-8.093541145324707,-6.51031494140625,-6.935324668884277,-5.525330066680908,-6.202531337738037,-5.538027286529541,-5.82122278213501,-5.476263523101807,-5.53282356262207,-5.3075079917907715,-5.300605297088623,-5.221133232116699,-4.824653625488281,-3.801384925842285,-2.8326168060302734,-2.1064939498901367,-2.333678960800171,-3.35312557220459,-3.8303143978118896,-5.43947696685791,-7.7159857749938965,-6.49163293838501,-7.745145797729492,-4.715786457061768,-4.478693962097168,-5.2745795249938965,-2.799126625061035,-3.423780918121338,-1.350545048713684
-6.317719459533691,-6.303644180297852,-6.278031826019287,-6.337118625640869,-6.766139984130859,-7.3316545486450195,-7.431938171386719,-6.836465358734131,-6.222774982452393,-5.713827610015869,-6.175559997558594,-8.374013900756836,-8.419591903686523,-7.614414691925049,-8.326760292053223,-6.458691596984863,-7.070140361785889,-5.671365261077881,-5.999042987823486,-5.871222972869873,-5.87947416305542,-5.4499359130859375,-5.074733734130859,-4.682729721069336,-4.246260166168213,-4.055296897888184,-3.729205369949341,-3.1880195140838623,-2.4610114097595215,-1.6443501710891724,-1.5638049840927124,-2.3543193340301514,-3.019238233566284,-2.91867733001709,-0.15966589748859406,-0.9866568446159363,-6.0813093185424805,-4.109049320220947,-4.940305233001709,-3.1975221633911133,-1.4089210033416748,-1.711232304573059,0.1985730677843094
