data/wind_data/wind_15_7.json
{"header": {"parameterUnit": "KT", "parameterCategory": 2, "nx": 256, "ny": 198, "lo1": 44.73521041870117, "la1": -3.236724853515625, "lo2": 111.26478576660156, "la2": 43.468475341796875, "dx": 0.2609002888202667, "dy": -0.23708222806453705, "refTime": "2025-02-19 15:00:00", "forecastTime": 0, "parameterNumber": 2, "parameterNumberName": "eastward_wind"}, "data":
[rows 20 to 39 of 198, columns 0 to 43 of 256]
-6.857849597930908,-6.910741329193115,-6.6127848625183105,-5.2701921463012695,-2.6328983306884766,-3.7865235805511475,-3.155496835708618,-2.5758540630340576,-2.432765007019043,-2.9845328330993652,-3.6260499954223633,-3.3981776237487793,-2.2498769760131836,-1.2113275527954102,-0.7558785080909729,0.024211203679442406,1.1580531597137451,2.2798242568969727,3.594411611557007,5.029613018035889,6.0161542892456055,6.307650566101074,6.24662971496582,6.055731773376465,5.581484317779541,4.954128742218018,4.476561069488525,4.001534461975098,3.3559820652008057,2.7214930057525635,2.1736862659454346,1.5634138584136963,0.9676342010498047,0.534333348274231,0.9299787282943726,1.7584316730499268,2.489802837371826,2.9190666675567627,3.3048152923583984,3.7072644233703613,4.022094249725342,4.266162872314453,4.592553615570068,4.497506618499756
-8.175182342529297,-8.71635913848877,-8.55300235748291,-6.391592502593994,-3.370481252670288,-4.086992263793945,-2.8981125354766846,-1.8821864128112793,-1.1121467351913452,-1.0974081754684448,-1.5855188369750977,-1.4172005653381348,-0.6279662251472473,-0.2171843945980072,0.3469202518463135,1.3773874044418335,2.2426013946533203,2.8425638675689697,3.6856579780578613,5.0583882331848145,6.257140636444092,6.596811294555664,6.3211846351623535,6.015282154083252,5.761667728424072,5.434451580047607,4.988495349884033,4.342238426208496,3.4063239097595215,2.441265344619751,1.7881042957305908,1.3938755989074707,1.0933353900909424,1.0679044723510742,1.6837799549102783,2.3629322052001953,2.797325611114502,3.208383321762085,3.8609261512756348,4.680998802185059,5.090648651123047,4.732919692993164,4.549802780151367,4.129793643951416
-9.003961563110352,-10.115547180175781,-10.42209529876709,-8.034017562866211,-5.1350789070129395,-4.908463954925537,-3.2075724601745605,-1.9378772974014282,-1.001869559288025,-0.6028674840927124,-0.4166812598705292,0.14190208911895752,0.8634255528450012,1.5426101684570312,2.4668660163879395,3.195781946182251,3.5018205642700195,3.5066404342651367,3.709602117538452,4.614022731781006,5.715365409851074,6.210411548614502,6.05744743347168,5.82362174987793,5.808403491973877,5.808392524719238,5.296812534332275,4.237265586853027,2.928049087524414,1.8290355205535889,1.2798293828964233,1.1915980577468872,1.1411062479019165,1.2364646196365356,1.5687527656555176,2.04750919342041,2.617485761642456,3.245103597640991,4.244201183319092,5.099636554718018,5.481418132781982,4.805723190307617,4.109257221221924,3.6787469387054443
-8.199153900146484,-9.064270973205566,-9.417383193969727,-7.718473434448242,-5.797402381896973,-5.542686939239502,-3.5568788051605225,-1.9957818984985352,-0.621623694896698,-0.00969572551548481,0.393594354391098,1.3060758113861084,2.3254494667053223,3.546466112136841,4.656405448913574,4.949719429016113,4.46537446975708,3.8011221885681152,3.5694408416748047,4.086365699768066,5.071807861328125,5.744604110717773,5.736818790435791,5.4222941398620605,5.386549472808838,5.439578533172607,4.782690525054932,3.42383074760437,1.9743902683258057,0.9829871654510498,0.67280113697052,0.8166783452033997,0.8768080472946167,0.8707053065299988,0.9766460061073303,1.7947523593902588,2.9364140033721924,3.6639938354492188,4.172813415527344,4.830643177032471,5.23424768447876,4.766529560089111,4.014625549316406,3.3368330001831055
-7.407415866851807,-7.925288200378418,-7.519920349121094,-6.241856575012207,-5.622791290283203,-5.716592788696289,-3.4294791221618652,-1.3953291177749634,0.10186716914176941,1.0359219312667847,1.8755332231521606,3.130352020263672,4.3053436279296875,5.225139141082764,5.962019443511963,5.851451873779297,4.75826358795166,3.592272996902466,3.230076789855957,3.7977912425994873,4.8079328536987305,5.493990898132324,5.458079814910889,4.984625339508057,4.655379295349121,4.288862705230713,3.380941152572632,2.124217987060547,1.040309190750122,0.4138002395629883,0.3224211037158966,0.47820860147476196,0.4998740255832672,0.5627022981643677,0.8907279372215271,1.9879201650619507,3.0636532306671143,3.489990234375,3.6949312686920166,4.152266979217529,4.617094039916992,4.55832052230835,3.7995784282684326,2.970919370651245
-7.6186017990112305,-6.538955211639404,-5.6829986572265625,-4.958042144775391,-5.702792644500732,-5.230101108551025,-2.882908582687378,-0.5234562754631042,1.0286201238632202,2.4552862644195557,4.000166416168213,5.231906414031982,5.662670612335205,5.552981853485107,5.347470760345459,4.891392230987549,3.8910655975341797,2.921891212463379,2.875417470932007,3.6141278743743896,4.493309020996094,4.955950736999512,4.851160049438477,4.365105628967285,3.750189781188965,2.9931914806365967,2.167538642883301,1.4495837688446045,0.9359515905380249,0.6047515869140625,0.45501577854156494,0.4032761752605438,0.39175713062286377,0.6812862157821655,1.3353098630905151,2.121535062789917,2.4736452102661133,2.5148868560791016,2.8323915004730225,3.5051581859588623,4.012449741363525,3.849299192428589,3.092698812484741,2.220240831375122
-7.32133674621582,-5.314823150634766,-4.329611301422119,-4.240952014923096,-5.947508335113525,-4.260857582092285,-1.9185477495193481,0.2812780737876892,2.327730894088745,4.361696720123291,5.884589195251465,6.154934406280518,5.344315052032471,4.247366428375244,3.377613067626953,2.8442745208740234,2.4173643589019775,2.1413888931274414,2.360388994216919,2.979414701461792,3.5801620483398438,4.004217147827148,4.128836154937744,3.7999086380004883,3.1229286193847656,2.4094622135162354,1.9834682941436768,1.7997993230819702,1.6044243574142456,1.229181170463562,0.8096727132797241,0.5642172694206238,0.6740655899047852,1.1444815397262573,1.7147923707962036,1.7617177963256836,1.4551498889923096,1.368027925491333,1.77983558177948,2.4812631607055664,3.078150987625122,2.999418020248413,2.293750762939453,1.3932247161865234
-6.030840873718262,-4.561344146728516,-3.7956044673919678,-4.15767240524292,-6.492903232574463,-4.036008358001709,-1.0213958024978638,1.0399513244628906,3.2774646282196045,5.189440727233887,5.715912342071533,4.993349075317383,3.9387311935424805,2.9196627140045166,1.991696834564209,1.5128968954086304,1.5689798593521118,1.8851953744888306,2.1423470973968506,2.3129220008850098,2.6955063343048096,3.25822114944458,3.6345841884613037,3.6000430583953857,3.2461297512054443,2.874082088470459,2.654456615447998,2.5466361045837402,2.2926268577575684,1.6828845739364624,1.0292912721633911,0.7702214121818542,1.052181363105774,1.5138041973114014,1.4381742477416992,0.7944204211235046,0.2857566177845001,0.21296925842761993,0.5312591195106506,1.1659692525863647,1.9098851680755615,2.153857707977295,1.4979804754257202,0.5623791813850403
-4.302857398986816,-3.546091079711914,-3.106412172317505,-3.805513620376587,-6.404507637023926,-3.9669411182403564,-0.5628857612609863,1.5806530714035034,3.5665533542633057,4.655425548553467,4.461546421051025,3.8734891414642334,3.2044968605041504,2.449491500854492,1.5469164848327637,0.9963308572769165,1.302960991859436,2.030806303024292,2.3131492137908936,2.262589454650879,2.415614366531372,2.777613639831543,3.226227045059204,3.597592830657959,3.7969090938568115,3.77677845954895,3.461141347885132,2.95149827003479,2.3424055576324463,1.5705862045288086,0.8426254987716675,0.6440001130104065,0.993912935256958,1.171055555343628,0.41653552651405334,-0.3885485827922821,-0.736216127872467,-0.8066482543945312,-0.6319606304168701,0.031132332980632782,1.059031367301941,1.5348260402679443,0.8728682398796082,-0.16437558829784393
-2.101025342941284,-1.682786226272583,-1.6912939548492432,-2.4389941692352295,-4.358707904815674,-2.4627597332000732,0.33433154225349426,2.264492988586426,3.6360158920288086,4.035645961761475,3.6352765560150146,3.252798318862915,2.944167137145996,2.5156338214874268,1.8944029808044434,1.489731788635254,1.7681221961975098,2.442512035369873,2.7432949542999268,2.5602927207946777,2.3684816360473633,2.522083044052124,2.981147050857544,3.5826423168182373,4.126377105712891,4.249911308288574,3.6840012073516846,2.70535945892334,1.817834496498108,1.08189857006073,0.4142363369464874,0.14211513102054596,0.28506582975387573,0.009890022687613964,-0.9925552606582642,-1.440449833869934,-1.6227130889892578,-1.6209847927093506,-1.4020968675613403,-0.6178053617477417,0.38021838665008545,0.8101409673690796,0.3385278880596161,-0.5998098254203796
-0.6000691652297974,-0.22382459044456482,-0.3962234854698181,-0.5069511532783508,-0.1508772075176239,-0.5090601444244385,1.4510294198989868,2.717435359954834,3.353710174560547,3.5636825561523438,3.3066890239715576,3.1359074115753174,3.0130233764648438,2.8676915168762207,2.7277188301086426,2.5790646076202393,2.6015844345092773,2.925405263900757,3.0721991062164307,2.727478504180908,2.3287317752838135,2.3878297805786133,2.8218352794647217,3.4886157512664795,4.056144714355469,4.0376811027526855,3.227536201477051,2.1216354370117188,1.3227317333221436,0.837627112865448,0.34246423840522766,-0.0869864746928215,-0.33705976605415344,-1.0385313034057617,-1.958263635635376,-2.2654213905334473,-2.4085471630096436,-2.146892786026001,-1.6505624055862427,-0.9238525032997131,-0.2633350193500519,-0.03644541651010513,-0.41955581307411194,-1.1442519426345825
0.08045656979084015,0.40134069323539734,0.33481866121292114,0.7661794424057007,0.9490211009979248,-0.11695719510316849,0.9946258068084717,2.033327579498291,2.6260035037994385,2.8797152042388916,2.8687992095947266,2.9573957920074463,3.1139650344848633,3.27020263671875,3.3981552124023438,3.3322126865386963,3.1489617824554443,3.1058688163757324,3.0931360721588135,2.7429916858673096,2.267134189605713,2.212909698486328,2.6818032264709473,3.430471420288086,3.820909023284912,3.4857892990112305,2.653078556060791,1.8110103607177734,1.239716649055481,0.9072247743606567,0.5647512674331665,0.0993470698595047,-0.5243853330612183,-1.4303358793258667,-2.281677007675171,-2.8640339374542236,-2.8887665271759033,-2.344054937362671,-1.7693498134613037,-1.3715877532958984,-1.2163947820663452,-1.191251516342163,-1.413169264793396,-1.7913539409637451
0.17537067830562592,0.5167899131774902,0.5134584903717041,0.919377326965332,-0.11184245347976685,-0.34971559047698975,0.6553276777267456,1.5056930780410767,1.6354899406433105,1.8289073705673218,2.175595760345459,2.574779748916626,2.8799445629119873,3.167125701904297,3.5516200065612793,3.5509023666381836,3.1474010944366455,2.929642915725708,3.0248422622680664,2.7669332027435303,2.120415687561035,1.9703923463821411,2.632070302963257,3.447187662124634,3.529590606689453,2.9706432819366455,2.37676739692688,1.933501958847046,1.5003485679626465,1.057093620300293,0.7436774969100952,0.3031618297100067,-0.5077494978904724,-1.4859439134597778,-2.3055691719055176,-3.001580238342285,-2.940333843231201,-2.5522525310516357,-2.259547233581543,-2.232628583908081,-2.3735029697418213,-2.4281132221221924,-2.5570361614227295,-2.8190252780914307
-0.26444438099861145,0.07370338588953018,0.13192088901996613,0.45016905665397644,-0.03757025673985481,0.4609740972518921,0.9995225071907043,1.2090675830841064,0.881254255771637,1.3438286781311035,2.060086250305176,2.50240421295166,2.532891035079956,2.731344223022461,3.24670672416687,3.3778011798858643,2.869680404663086,2.467874050140381,2.5260121822357178,2.379606246948242,1.867003321647644,1.7969810962677002,2.394440174102783,2.8990025520324707,2.784708261489868,2.4621808528900146,2.398287057876587,2.359833002090454,1.9656447172164917,1.3021388053894043,0.8562191128730774,0.3622356653213501,-0.4277571439743042,-1.289125680923462,-1.987928032875061,-2.6034536361694336,-2.81687593460083,-3.0247790813446045,-3.2298223972320557,-3.443586587905884,-3.65181303024292,-3.7603063583374023,-3.8664560317993164,-3.9360268115997314
-0.2064388245344162,0.18957413733005524,0.2659758925437927,0.5415022373199463,0.7153526544570923,1.1049830913543701,1.4541667699813843,1.7106279134750366,1.5998014211654663,2.278299331665039,2.979109525680542,2.867326498031616,2.2551844120025635,2.0872957706451416,2.4500880241394043,2.6877920627593994,2.4863126277923584,1.9756512641906738,1.5674481391906738,1.3347582817077637,1.4375265836715698,1.6491851806640625,1.787792444229126,1.8097647428512573,1.8949179649353027,2.1810171604156494,2.696465492248535,2.933488368988037,2.6161725521087646,1.8421626091003418,1.0579339265823364,0.3644319176673889,-0.30987656116485596,-0.857611358165741,-1.3054089546203613,-1.996638298034668,-2.8717944622039795,-3.697956085205078,-4.295187950134277,-4.654691696166992,-4.835902690887451,-4.860519886016846,-4.728477478027344,-4.541565418243408
0.18606309592723846,0.9693235754966736,0.8681308627128601,0.6742076873779297,1.133410096168518,1.6736267805099487,2.257946729660034,2.8088197708129883,2.82735013961792,3.4295098781585693,3.824018955230713,3.2090399265289307,2.0566980838775635,1.433780550956726,1.415374517440796,1.6017299890518188,1.84315025806427,1.3627681732177734,0.5588085055351257,0.3805278539657593,1.0041195154190063,1.4742830991744995,1.5034441947937012,1.4103282690048218,1.6741414070129395,2.3096632957458496,3.044783353805542,3.3947174549102783,3.2439308166503906,2.5847244262695312,1.504001498222351,0.5015441179275513,-0.0798511803150177,-0.2978145182132721,-0.6266456842422485,-1.515645980834961,-2.889969825744629,-4.2439985275268555,-5.1836934089660645,-5.609435081481934,-5.54939079284668,-5.1868438720703125,-4.750294208526611,-4.751739025115967
0.07696352154016495,1.281064748764038,1.205627679824829,0.5646420121192932,0.6033196449279785,2.5579349994659424,2.9243216514587402,3.4077625274658203,3.237703323364258,3.354187488555908,3.3104641437530518,2.6274728775024414,1.4174108505249023,0.4917756915092468,0.20151390135288239,0.34424036741256714,0.6589841842651367,0.46696364879608154,0.10314352065324783,0.25088390707969666,0.6921823024749756,1.264200210571289,1.592291235923767,1.6830576658248901,2.0744071006774902,2.779050827026367,3.372187376022339,3.6354479789733887,3.4788241386413574,2.8397703170776367,1.649811029434204,0.5532342195510864,0.057212430983781815,-0.1055556982755661,-0.5296362042427063,-1.467099905014038,-2.8853275775909424,-4.444485664367676,-5.710505962371826,-6.108531951904297,-5.630422115325928,-4.920864582061768,-4.532590866088867,-4.98604154586792
-0.23332971334457397,1.2213140726089478,1.5694488286972046,0.8874122500419617,-0.29182177782058716,2.0299558639526367,1.6236828565597534,2.2414655685424805,1.7940340042114258,1.5789719820022583,1.1662007570266724,0.8078757524490356,0.18356136977672577,-0.47224321961402893,-0.7791730165481567,-0.5430137515068054,-0.1276150643825531,0.2031988650560379,0.49241316318511963,0.5558820366859436,0.5302451848983765,0.9465633034706116,1.48142671585083,1.9606720209121704,2.5803632736206055,3.2074904441833496,3.4926159381866455,3.3430941104888916,2.8683767318725586,2.1045851707458496,0.8955768346786499,0.04328784719109535,-0.31634682416915894,-0.661672830581665,-1.1778039932250977,-2.125779151916504,-3.347322940826416,-4.599940299987793,-5.609948635101318,-5.897465229034424,-5.404601573944092,-4.7744059562683105,-4.557591438293457,-5.102853775024414
0.3449585437774658,1.4190555810928345,1.634807825088501,0.5745076537132263,-2.1666998863220215,-0.7343623042106628,-1.1026519536972046,-0.32781171798706055,-0.8577246069908142,-1.2199571132659912,-1.5879558324813843,-1.4695336818695068,-1.4157795906066895,-1.7097975015640259,-1.7810113430023193,-1.1793370246887207,-0.3322853446006775,0.22796094417572021,0.41728654503822327,0.2584703266620636,-0.004395843483507633,0.28852325677871704,0.9667252898216248,1.6831756830215454,2.362684726715088,2.8417041301727295,2.8285577297210693,2.2570180892944336,1.4151873588562012,0.5110517740249634,-0.4352646470069885,-0.8194258213043213,-1.146005392074585,-1.5259504318237305,-2.1640379428863525,-3.264942169189453,-4.210296630859375,-4.848623752593994,-5.247793197631836,-5.38753080368042,-5.176092624664307,-4.776580810546875,-4.616984844207764,-4.991924285888672
1.1102352142333984,1.2264490127563477,0.9108396768569946,-0.6633506417274475,-4.206035137176514,-3.2851858139038086,-2.711526870727539,-2.461796998977661,-3.0424182415008545,-3.6730589866638184,-3.976025104522705,-3.7797763347625732,-3.534614324569702,-3.4969685077667236,-3.2901573181152344,-2.544976234436035,-1.6663075685501099,-1.1372233629226685,-1.0488193035125732,-1.223875641822815,-1.3261754512786865,-0.8541035652160645,-0.07483986765146255,0.6577156186103821,1.0763404369354248,1.147188663482666,0.9832372665405273,0.47323477268218994,-0.3507036566734314,-1.1806670427322388,-1.523105263710022,-1.540584683418274,-1.6471467018127441,-1.934351921081543,-2.87463116645813,-4.013437747955322,-4.746942520141602,-5.013974666595459,-5.137994766235352,-5.31422758102417,-5.220437526702881,-4.891260623931885,-4.810591220855713,-4.885025501251221
