data/wind_data/wind_14_2.json
{"header": {"parameterUnit": "KT", "parameterCategory": 2, "nx": 256, "ny": 198, "lo1": 44.73521041870117, "la1": -3.236724853515625, "lo2": 111.26478576660156, "la2": 43.468475341796875, "dx": 0.2609002888202667, "dy": -0.23708222806453705, "refTime": "2025-02-19 14:00:00", "forecastTime": 0, "parameterNumber": 2, "parameterNumberName": "eastward_wind"}, "data":
[rows 0 to 18 of 198, columns 129 to 171 of 256]
4.0530266761779785,4.098243713378906,4.1540961265563965,4.205146789550781,4.233017444610596,4.091361045837402,3.9399216175079346,4.1626200675964355,4.56389856338501,5.0185770988464355,5.403075218200684,5.498300552368164,5.530077934265137,5.628331661224365,5.667943477630615,5.581973552703857,5.568673610687256,5.687410354614258,5.796753883361816,5.877397537231445,6.0371856689453125,6.279047966003418,6.640018939971924,7.07390832901001,7.204226493835449,7.131616592407227,7.0440754890441895,7.0119099617004395,7.3462233543396,7.835229396820068,8.316125869750977,8.632987976074219,8.463150024414062,8.261167526245117,8.309521675109863,8.37045955657959,8.359882354736328,8.431483268737793,8.620409965515137,8.897456169128418,9.268278121948242,9.551248550415039,9.744497299194336
3.4389660358428955,3.434689521789551,3.4507405757904053,3.4642457962036133,3.465345621109009,3.3849871158599854,3.381957769393921,3.635558843612671,3.9634037017822266,4.289573669433594,4.559524059295654,4.556906700134277,4.531162738800049,4.723214149475098,4.877732276916504,4.888840198516846,5.016672134399414,5.21549129486084,5.160516738891602,4.965487480163574,5.050882816314697,5.3564558029174805,5.593092441558838,5.726080894470215,5.830557346343994,5.948315143585205,6.043544769287109,6.256565570831299,6.761938571929932,7.284493923187256,7.67221212387085,7.935493469238281,8.011419296264648,8.065957069396973,8.07209587097168,7.918391227722168,7.618237018585205,7.53778600692749,7.8800883293151855,8.38429069519043,8.796525001525879,9.028468132019043,9.222068786621094
2.7977023124694824,2.7272491455078125,2.666355609893799,2.645282745361328,2.65386700630188,2.630570650100708,2.6849524974823,2.8050782680511475,2.9214653968811035,3.1855130195617676,3.4954051971435547,3.6418142318725586,3.8234031200408936,4.216527938842773,4.582346439361572,4.826143264770508,4.918726921081543,4.759825229644775,4.497753143310547,4.309109687805176,4.316259860992432,4.4757232666015625,4.645293235778809,4.771557807922363,4.781684875488281,4.799671173095703,5.002712726593018,5.426902770996094,5.963638782501221,6.508471488952637,6.898188591003418,7.149463653564453,7.212657451629639,7.20694637298584,7.153306484222412,7.057858467102051,6.98214864730835,7.078413963317871,7.393555641174316,7.777731895446777,8.065606117248535,8.20167350769043,8.301532745361328
1.9052704572677612,1.7682026624679565,1.6947730779647827,1.6559844017028809,1.7066243886947632,1.7787142992019653,2.0226659774780273,2.275085210800171,2.251492500305176,2.2471914291381836,2.3327693939208984,2.5720582008361816,2.7524971961975098,3.1618568897247314,3.6614809036254883,4.059426784515381,3.998303174972534,3.7041993141174316,3.5995352268218994,3.6058719158172607,3.515026807785034,3.5530521869659424,3.6140449047088623,3.966113805770874,4.09060001373291,4.051693916320801,4.210494518280029,4.708570957183838,5.038310527801514,5.983734130859375,5.679569721221924,5.946069717407227,6.015316963195801,5.948847770690918,5.890483379364014,5.927618980407715,6.03831148147583,6.131872653961182,6.331405162811279,6.709875583648682,6.932945728302002,6.906073570251465,7.076925277709961
0.2924700677394867,-0.2574644088745117,-0.4090609550476074,-0.5394155383110046,-0.4721052050590515,-0.38882875442504883,0.33274927735328674,1.4755204916000366,1.6064661741256714,1.1192723512649536,0.3178001940250397,0.8051542043685913,0.4960055947303772,0.35757628083229065,0.8779013156890869,1.9264509677886963,1.3266230821609497,1.3198355436325073,1.938004732131958,2.4307985305786133,2.1207938194274902,2.470487356185913,2.243255138397217,3.3029730319976807,3.7609951496124268,3.839542865753174,4.004872798919678,4.578981399536133,3.5285909175872803,6.964595794677734,2.2101187705993652,3.531533718109131,4.161520957946777,4.393415451049805,4.307661056518555,4.26982307434082,4.502321243286133,4.247962951660156,4.318694591522217,5.048070430755615,5.6651763916015625,5.35959529876709,5.665008544921875
0.6773086190223694,-0.3320046067237854,-0.5800991058349609,-0.6057572364807129,-0.3403059244155884,0.41166922450065613,2.119230270385742,1.5442911386489868,2.657048463821411,4.278650760650635,-0.2660818099975586,0.4718562066555023,0.9899954199790955,1.8203212022781372,1.4987133741378784,2.53359317779541,1.3271822929382324,1.9004842042922974,1.6091545820236206,1.7758196592330933,1.7736215591430664,2.8924367427825928,1.9193257093429565,1.5842534303665161,2.233167886734009,2.6156208515167236,3.2349345684051514,3.3876569271087646,4.44455099105835,4.287703514099121,3.836404800415039,3.473691940307617,4.151495456695557,3.9905970096588135,4.172389507293701,3.842272996902466,3.5570948123931885,3.621488094329834,4.5680108070373535,5.51152229309082,5.610734462738037,5.680570602416992,5.895145893096924
-0.306440532207489,-0.3817669451236725,-0.5850855112075806,-0.8608253598213196,-0.7280255556106567,-0.1132689043879509,1.3177733421325684,1.85222589969635,2.854792594909668,4.107262134552002,-3.6237690448760986,-0.14505551755428314,-0.013216126710176468,0.5880259871482849,0.8064709305763245,1.1909245252609253,1.1100183725357056,1.757189393043518,0.441916823387146,2.038276433944702,1.5384643077850342,4.309316635131836,-1.4144612550735474,2.526799440383911,2.4324474334716797,1.9458099603652954,2.156449556350708,2.5504226684570312,2.7915151119232178,2.418322801589966,2.996293067932129,2.525250196456909,3.055185556411743,3.3619115352630615,3.1086344718933105,2.9714531898498535,2.8747942447662354,3.5168864727020264,4.2324371337890625,4.438989162445068,4.7944016456604,5.098681449890137,5.238741874694824
0.8402731418609619,1.0716685056686401,1.1973414421081543,0.6962725520133972,0.5619636178016663,1.085621953010559,1.2822930812835693,-0.04866047576069832,-0.4917224645614624,-0.8880006670951843,-1.5560437440872192,-0.822995126247406,-0.9526145458221436,-0.00946088321506977,0.06824915111064911,0.48185592889785767,0.6094605326652527,0.7428185939788818,0.7046251893043518,1.564770221710205,0.2742816209793091,0.4159095585346222,0.7226192951202393,-0.27234774827957153,0.698070228099823,0.6299011707305908,1.205687403678894,1.4892768859863281,1.9247472286224365,2.1082754135131836,2.1576085090637207,2.2911746501922607,2.3973872661590576,2.2215359210968018,3.1755099296569824,2.6718244552612305,2.644598960876465,3.0889968872070312,3.57094144821167,4.103649616241455,4.503190517425537,4.564736843109131,4.53480863571167
0.5172322988510132,0.7046663761138916,0.9968604445457458,0.8782998323440552,0.46622464060783386,0.09496154636144638,-0.6678205728530884,-2.1511147022247314,-2.866285562515259,-2.9423534870147705,-3.1794497966766357,-1.5501199960708618,-0.819414496421814,-0.590293288230896,-0.6530933976173401,-0.1810065060853958,-0.2627828121185303,-0.3182832896709442,0.34081918001174927,0.0638047531247139,-0.48407474160194397,0.21580472588539124,-0.7667645215988159,0.0012244180543348193,-0.6189853549003601,-0.46170568466186523,0.8386014103889465,0.833611249923706,0.8528850674629211,1.2838767766952515,1.403150200843811,1.6940556764602661,1.9621915817260742,1.9091215133666992,2.3281807899475098,2.199901819229126,2.631819725036621,3.001655101776123,3.015279531478882,3.180001974105835,3.5689098834991455,4.182449817657471,3.931922674179077
-0.14404000341892242,0.477195680141449,1.4036626815795898,0.906000554561615,-1.2618341445922852,-1.631152868270874,-1.2698695659637451,-2.8212718963623047,-3.7787559032440186,-3.3863914012908936,-2.5273256301879883,-1.8917920589447021,-1.734264612197876,-0.8882085680961609,-1.033691167831421,-0.9591715931892395,-0.7940592169761658,-0.718251645565033,-0.6462512016296387,-1.2469807863235474,-1.05873703956604,-1.1374175548553467,-1.1288390159606934,-0.8387981653213501,-1.2038687467575073,-0.771281898021698,-0.04120190814137459,-0.4602111577987671,0.4280470311641693,0.6619486808776855,1.2454068660736084,1.3917831182479858,1.6334021091461182,1.6641267538070679,1.4948318004608154,1.9693543910980225,2.3667025566101074,2.4629900455474854,3.1287248134613037,2.109450101852417,2.9190385341644287,3.1222457885742188,3.034524917602539
-1.092195987701416,1.0981519222259521,2.576087236404419,3.2655508518218994,1.0893726348876953,-0.009367477148771286,0.43328994512557983,-1.6751480102539062,-5.793734550476074,-5.115952014923096,-3.45823073387146,-2.65038800239563,-2.592813014984131,-1.1532453298568726,-1.5616915225982666,-1.526411771774292,-1.0491869449615479,-1.572548747062683,-1.2832826375961304,-1.4469341039657593,-2.0086541175842285,-2.031209707260132,-1.55781888961792,-1.5913749933242798,-1.1918920278549194,-1.1557083129882812,-1.2407137155532837,-0.934472382068634,0.2600603997707367,-0.026702813804149628,0.9342836141586304,0.9501957893371582,1.0140403509140015,1.2723017930984497,1.3673698902130127,1.2634758949279785,2.0452637672424316,1.8995085954666138,1.5386210680007935,2.3809428215026855,1.8871939182281494,2.272320508956909,2.2540056705474854
-1.2319215536117554,0.9098912477493286,2.410329580307007,4.312506198883057,0.3723018169403076,0.9043474793434143,0.137118861079216,-6.0027337074279785,-7.506317615509033,-5.850554943084717,-4.189384937286377,-3.1025428771972656,-2.2403154373168945,-1.878556251525879,-1.8317382335662842,-2.0758683681488037,-1.3775464296340942,-1.9454683065414429,-1.6959830522537231,-2.32361102104187,-2.3149871826171875,-2.1822216510772705,-2.21376633644104,-1.5266555547714233,-1.954614281654358,-1.715360164642334,-1.4149575233459473,-1.1012977361679077,-0.5307636857032776,-0.200953871011734,0.11898632347583771,0.6712194681167603,0.6170340776443481,0.9504293203353882,1.1401512622833252,0.5153387784957886,1.1499468088150024,0.739235520362854,1.689206838607788,1.8172485828399658,0.8489488363265991,1.4581600427627563,1.264452576637268
-1.023982048034668,-0.4361249506473541,-0.2393648475408554,0.6421049237251282,-3.2310752868652344,-3.8665027618408203,-2.423349618911743,-5.600577354431152,-5.9116339683532715,-5.456954002380371,-4.19843053817749,-3.3515477180480957,-2.6446220874786377,-1.6793580055236816,-2.8482582569122314,-2.062809467315674,-1.7356631755828857,-1.9728187322616577,-2.5184051990509033,-2.2102091312408447,-2.6440300941467285,-2.5982508659362793,-2.3932433128356934,-2.238893985748291,-1.9701834917068481,-1.9430817365646362,-1.8285343647003174,-1.4203120470046997,-1.3295824527740479,-0.4054848253726959,-0.45814162492752075,-0.23224027454853058,0.11900674551725388,0.5908300280570984,0.05713256821036339,-0.370756596326828,0.04753613471984863,0.7763804197311401,0.41345056891441345,2.8947081565856934,-1.5556906461715698,0.38867270946502686,0.9381225109100342
-2.7047977447509766,-1.7240045070648193,-1.0273488759994507,-1.3642691373825073,-2.51408052444458,-3.9351203441619873,-3.5872645378112793,-5.245973110198975,-5.8242597579956055,-4.773508071899414,-4.326773643493652,-4.347673416137695,-3.1043782234191895,-3.149109363555908,-2.1072065830230713,-2.4335460662841797,-1.5610501766204834,-2.4263970851898193,-2.643714427947998,-2.686314821243286,-2.690687656402588,-3.017728805541992,-2.9471471309661865,-2.435378074645996,-2.0785131454467773,-2.117828369140625,-2.0619261264801025,-1.4581756591796875,-1.6409956216812134,-1.0971295833587646,-1.1320008039474487,-0.978326141834259,0.11998247355222702,-1.4874334335327148,-2.512619733810425,-1.2449253797531128,-0.26495853066444397,0.7836077809333801,-2.5696499347686768,4.013576507568359,-5.24235200881958,-1.711432933807373,-0.3848473131656647
-2.893677234649658,-2.1614556312561035,-2.797426462173462,-3.4193458557128906,-3.8992903232574463,-3.500751495361328,-4.332240581512451,-4.46001672744751,-4.703403949737549,-4.394803047180176,-3.58552622795105,-2.7850472927093506,-4.5878005027771,-3.420006036758423,-2.378371238708496,-1.3233193159103394,-1.4231748580932617,-3.2811546325683594,-3.912829875946045,-3.254596471786499,-3.3501594066619873,-2.8200433254241943,-3.592479705810547,-2.7733383178710938,-2.2305819988250732,-2.4971585273742676,-2.482473134994507,-1.612433910369873,-2.2507054805755615,-1.3913893699645996,-2.3206300735473633,-2.1403915882110596,0.18380914628505707,-3.748650550842285,-2.4527270793914795,1.2241661548614502,-3.14536714553833,-0.7298678755760193,-3.359530210494995,-0.34498733282089233,-3.3530073165893555,-2.5582785606384277,-1.498138427734375
-2.8191282749176025,-2.6355466842651367,-3.2730934619903564,-2.6592495441436768,-1.8866103887557983,-0.36515745520591736,-0.4892190396785736,-3.8069069385528564,-6.333885192871094,-3.8234879970550537,-2.4595537185668945,0.8646021485328674,-6.965487480163574,-5.126984596252441,-1.8092281818389893,0.20847314596176147,-1.9092563390731812,-5.126773357391357,-5.815934658050537,-3.600752592086792,-4.077178955078125,-2.747455596923828,-4.697378635406494,-3.1630327701568604,-3.3930842876434326,-2.8467118740081787,-2.658630132675171,-2.103869915008545,-2.474364757537842,-2.115245819091797,-3.191843032836914,-3.08064341545105,-1.3446084260940552,-2.625443458557129,-2.0261900424957275,-1.7208867073059082,-4.062838554382324,-3.646778106689453,-4.160225868225098,-0.6064555644989014,-3.4586400985717773,-2.3594415187835693,1.3470044136047363
-3.2528786659240723,-3.658045530319214,-3.575927734375,-2.963449239730835,-1.633538007736206,0.13064070045948029,1.7318134307861328,-8.619919776916504,-5.3093342781066895,-4.6147661209106445,-4.6753339767456055,-2.890423536300659,-5.42400598526001,-3.5063629150390625,-3.2689108848571777,-1.0804208517074585,-2.2967240810394287,-8.135565757751465,-6.003098964691162,-4.481662273406982,-4.042072772979736,-3.770085096359253,-4.770407199859619,-4.454811096191406,-4.13886022567749,-3.8977749347686768,-2.45961332321167,-2.936957359313965,-3.014906167984009,-3.509917736053467,-3.397019863128662,-4.007527828216553,-2.838385581970215,-1.9432469606399536,-3.0632054805755615,-3.75007963180542,-3.6571452617645264,-2.76662015914917,-5.903348922729492,-2.6590535640716553,-4.009778022766113,-1.6724579334259033,-3.3335041999816895
-4.104930400848389,-3.5194883346557617,-3.095824956893921,-2.628708839416504,-2.381538152694702,-1.2280240058898926,-1.9245761632919312,-5.092991352081299,-5.358635425567627,-6.316158294677734,-6.191355228424072,-6.09688138961792,-5.5798139572143555,-4.985933303833008,-4.329687118530273,-4.733377933502197,-5.278965473175049,-6.082415580749512,-5.89806604385376,-5.074147701263428,-4.923210620880127,-4.485658168792725,-4.55957555770874,-5.29671049118042,-4.972226142883301,-3.501253843307495,-2.907496690750122,-4.073248863220215,-4.327601909637451,-5.652620315551758,-6.065407752990723,-5.312572956085205,-4.218918323516846,-2.419334888458252,-4.679072380065918,-6.2182297706604,-2.9378552436828613,-1.6707627773284912,-7.895894527435303,-4.453067302703857,-5.544584274291992,-3.5768768787384033,-4.278428077697754
-4.26034688949585,-3.7144131660461426,-3.5217769145965576,-3.799243688583374,-2.3099019527435303,-3.564527750015259,-4.791734218597412,-6.0237135887146,-6.3526611328125,-6.582032680511475,-6.705177307128906,-6.618161201477051,-6.337152004241943,-4.8463521003723145,-3.412869691848755,-4.056762218475342,-5.492163181304932,-6.156237602233887,-6.215308666229248,-6.966346263885498,-5.101646900177002,-4.863649845123291,-4.869739055633545,-4.241781234741211,-4.8125505447387695,-5.293283939361572,-5.15761661529541,-5.558852672576904,-5.985538482666016,-7.723294258117676,-7.42724084854126,-5.914612293243408,-4.671462059020996,-3.008692979812622,-5.283604145050049,-9.155500411987305,-7.526190280914307,-5.340388298034668,-6.942461967468262,-7.485711574554443,-7.19873571395874,-4.35361385345459,-5.186253547668457
