data/wind_data/wind_51_6.json
{"header": {"parameterUnit": "KT", "parameterCategory": 2, "nx": 256, "ny": 198, "lo1": 44.73521041870117, "la1": -3.236724853515625, "lo2": 111.26478576660156, "la2": 43.468475341796875, "dx": 0.2609002888202667, "dy": -0.23708222806453705, "refTime": "2025-02-21 03:00:00", "forecastTime": 0, "parameterNumber": 2, "parameterNumberName": "eastward_wind"}, "data":
[rows 40 to 59 of 198, columns 88 to 131 of 256]
-7.980264186859131,-8.640776634216309,-9.194971084594727,-9.736466407775879,-10.312314987182617,-10.947521209716797,-11.527266502380371,-11.941170692443848,-12.46996021270752,-13.162554740905762,-13.588886260986328,-13.6250581741333,-13.460186958312988,-13.535283088684082,-14.09434700012207,-14.832029342651367,-15.335789680480957,-15.343806266784668,-14.938922882080078,-14.161511421203613,-13.116378784179688,-12.361862182617188,-12.394967079162598,-12.84570026397705,-13.063668251037598,-13.05844497680664,-12.963735580444336,-12.646661758422852,-12.748488426208496,-13.273842811584473,-13.545598983764648,-13.526782989501953,-13.278076171875,-13.128657341003418,-13.165385246276855,-13.121156692504883,-13.708243370056152,-14.659873008728027,-15.192630767822266,-14.771588325500488,-14.015729904174805,-13.581422805786133,-13.461014747619629,-13.134081840515137
-7.781871318817139,-8.341848373413086,-8.802239418029785,-9.238973617553711,-9.768610954284668,-10.476792335510254,-11.09851360321045,-11.385750770568848,-11.685578346252441,-12.177854537963867,-12.575154304504395,-12.720759391784668,-12.69710922241211,-12.759523391723633,-13.087722778320312,-13.75429916381836,-14.552549362182617,-15.070849418640137,-15.27551555633545,-15.122184753417969,-14.321154594421387,-13.259970664978027,-12.65715503692627,-12.895517349243164,-13.135146141052246,-13.123912811279297,-13.170510292053223,-12.664724349975586,-12.486876487731934,-12.90258502960205,-13.268649101257324,-13.4964017868042,-13.462424278259277,-13.425374031066895,-13.244775772094727,-12.948695182800293,-13.063333511352539,-13.537908554077148,-13.938922882080078,-13.930686950683594,-13.606544494628906,-13.286515235900879,-13.174240112304688,-13.089628219604492
-7.327708721160889,-7.887206554412842,-8.236307144165039,-8.582723617553711,-9.083514213562012,-9.733882904052734,-10.274613380432129,-10.579648971557617,-10.932820320129395,-11.383328437805176,-11.687262535095215,-11.78187084197998,-11.795166015625,-11.824869155883789,-12.0259370803833,-12.526865005493164,-13.216756820678711,-13.760068893432617,-14.3088960647583,-14.863870620727539,-15.057143211364746,-14.445361137390137,-13.300765037536621,-12.730524063110352,-13.034039497375488,-13.410024642944336,-13.38331127166748,-12.913321495056152,-12.427238464355469,-12.353903770446777,-12.698504447937012,-13.206622123718262,-13.703804016113281,-13.999438285827637,-13.525712013244629,-12.80168342590332,-12.618121147155762,-12.793816566467285,-12.84951114654541,-12.947525024414062,-13.101226806640625,-13.08211898803711,-13.006924629211426,-13.008586883544922
-6.602241039276123,-7.221494674682617,-7.654224872589111,-8.076416015625,-8.588447570800781,-9.081682205200195,-9.427033424377441,-9.70755672454834,-10.04660415649414,-10.439775466918945,-10.78750991821289,-10.94223403930664,-10.95281982421875,-10.962654113769531,-11.169952392578125,-11.557709693908691,-11.95661735534668,-12.265235900878906,-12.739970207214355,-13.566364288330078,-14.34029769897461,-14.32288932800293,-13.387550354003906,-12.404779434204102,-12.511777877807617,-13.335783004760742,-13.482739448547363,-13.174155235290527,-12.649483680725098,-12.064064979553223,-11.920877456665039,-12.242524147033691,-13.072208404541016,-13.894320487976074,-13.434115409851074,-12.282493591308594,-12.009688377380371,-12.339473724365234,-12.1506929397583,-11.787874221801758,-12.247013092041016,-12.764394760131836,-12.957841873168945,-12.991500854492188
-5.715411186218262,-6.3557000160217285,-6.929282188415527,-7.492761611938477,-8.025975227355957,-8.497432708740234,-8.872550010681152,-8.9776611328125,-8.981947898864746,-9.240213394165039,-9.72191333770752,-10.112271308898926,-10.27354621887207,-10.291526794433594,-10.386021614074707,-10.653450012207031,-10.997919082641602,-11.167688369750977,-11.450336456298828,-12.173650741577148,-13.137247085571289,-13.5673189163208,-12.92046070098877,-11.779862403869629,-11.331899642944336,-11.992013931274414,-12.788328170776367,-13.108888626098633,-12.879549026489258,-12.309784889221191,-11.67917537689209,-11.23132038116455,-11.587890625,-12.398275375366211,-12.367465019226074,-11.528158187866211,-11.594921112060547,-12.083542823791504,-11.472610473632812,-10.646759033203125,-11.104422569274902,-12.159160614013672,-13.041345596313477,-13.258382797241211
-4.888457775115967,-5.4845452308654785,-6.03192663192749,-6.576317310333252,-7.156745433807373,-7.757074356079102,-8.282002449035645,-8.36803150177002,-8.173312187194824,-8.21117115020752,-8.598061561584473,-9.088271141052246,-9.406698226928711,-9.507631301879883,-9.524210929870605,-9.714570045471191,-10.049985885620117,-10.246119499206543,-10.398641586303711,-10.84500789642334,-11.759404182434082,-12.57692813873291,-12.471635818481445,-11.612624168395996,-10.698211669921875,-10.129473686218262,-10.79627513885498,-12.197196006774902,-12.625510215759277,-12.565579414367676,-12.10612678527832,-11.007652282714844,-10.355021476745605,-10.411076545715332,-10.59821605682373,-10.761232376098633,-11.34975814819336,-11.476619720458984,-10.57397174835205,-9.763134002685547,-10.094494819641113,-11.342484474182129,-12.747100830078125,-13.445258140563965
-4.272019386291504,-4.750846862792969,-5.240200042724609,-5.724179267883301,-6.216227054595947,-6.7244553565979,-7.326848983764648,-7.648857593536377,-7.612336158752441,-7.601588726043701,-7.767866134643555,-8.076037406921387,-8.403209686279297,-8.642419815063477,-8.733872413635254,-8.819440841674805,-9.031843185424805,-9.260986328125,-9.29260540008545,-9.435206413269043,-10.09086799621582,-11.033430099487305,-11.53250789642334,-11.330541610717773,-10.620272636413574,-9.447254180908203,-9.0979642868042,-10.571637153625488,-11.602758407592773,-11.90072250366211,-12.152907371520996,-11.263906478881836,-10.162625312805176,-9.663019180297852,-9.69083023071289,-10.236981391906738,-10.702191352844238,-10.440262794494629,-9.564310073852539,-9.008149147033691,-9.376112937927246,-10.434416770935059,-11.670818328857422,-12.716802597045898
-3.9697659015655518,-4.279621601104736,-4.585758209228516,-4.945428848266602,-5.271890640258789,-5.598842620849609,-6.131559371948242,-6.6097917556762695,-6.846473693847656,-7.047523021697998,-7.321627140045166,-7.566481113433838,-7.795726776123047,-7.968952178955078,-8.038122177124023,-8.075887680053711,-8.18420124053955,-8.206209182739258,-8.122492790222168,-8.154776573181152,-8.532024383544922,-9.175622940063477,-9.860855102539062,-10.27988052368164,-10.059526443481445,-9.084210395812988,-8.468206405639648,-9.128801345825195,-10.139026641845703,-10.506186485290527,-10.973014831542969,-10.909804344177246,-10.402223587036133,-10.229801177978516,-9.98542594909668,-9.802297592163086,-9.777290344238281,-9.714780807495117,-9.10193157196045,-8.577548027038574,-8.711100578308105,-9.319708824157715,-10.332562446594238,-11.396883010864258
-3.838063955307007,-3.964583158493042,-4.078741073608398,-4.232572078704834,-4.391010284423828,-4.61895751953125,-4.992251396179199,-5.352221488952637,-5.762784957885742,-6.254411220550537,-6.771090507507324,-7.2127203941345215,-7.508882522583008,-7.556014060974121,-7.470966815948486,-7.39954137802124,-7.340033531188965,-7.163070201873779,-6.988047122955322,-7.0436015129089355,-7.280557155609131,-7.594756126403809,-8.047677993774414,-8.614352226257324,-8.872894287109375,-8.525988578796387,-8.013282775878906,-8.042619705200195,-8.733222961425781,-9.029791831970215,-9.160325050354004,-9.42885684967041,-9.72786808013916,-10.187649726867676,-10.0343656539917,-9.36075496673584,-9.067631721496582,-9.367939949035645,-9.070155143737793,-8.211685180664062,-7.954995155334473,-8.298471450805664,-9.17145824432373,-10.080102920532227
-3.596083164215088,-3.6742894649505615,-3.6644957065582275,-3.6381125450134277,-3.6677727699279785,-3.8731839656829834,-4.185239791870117,-4.383190155029297,-4.703442573547363,-5.279476165771484,-5.912720680236816,-6.4732770919799805,-6.9762701988220215,-7.168688774108887,-7.060242176055908,-6.8079915046691895,-6.468000888824463,-6.074654579162598,-5.881947040557861,-5.944377422332764,-6.167736053466797,-6.39566707611084,-6.7011213302612305,-7.197802543640137,-7.655117988586426,-7.6796345710754395,-7.278741359710693,-7.120048999786377,-7.389106750488281,-7.448891639709473,-7.566031455993652,-7.589051723480225,-8.166818618774414,-8.83139419555664,-8.834693908691406,-8.50186538696289,-8.504664421081543,-9.02270793914795,-8.824902534484863,-7.714197635650635,-7.225800037384033,-7.565586090087891,-8.259916305541992,-8.845650672912598
-2.967259407043457,-3.2348015308380127,-3.271951913833618,-3.135937452316284,-3.105778932571411,-3.3459973335266113,-3.6339969635009766,-3.8340446949005127,-4.067083358764648,-4.468727111816406,-4.971627235412598,-5.467676639556885,-5.951435089111328,-6.409928798675537,-6.660645008087158,-6.40859317779541,-5.720287799835205,-5.009992599487305,-4.622490882873535,-4.704609394073486,-5.032735347747803,-5.357152462005615,-5.646973133087158,-6.141635894775391,-6.682341575622559,-6.817751884460449,-6.530096530914307,-6.064889907836914,-6.0279388427734375,-6.213955402374268,-6.151581287384033,-6.10946798324585,-6.535572528839111,-6.965638637542725,-7.024979591369629,-6.882112979888916,-7.343091011047363,-8.330781936645508,-8.25840950012207,-7.253186225891113,-6.675485610961914,-6.949037075042725,-7.481698513031006,-7.892292499542236
-2.0125396251678467,-2.491180896759033,-2.6781797409057617,-2.6070549488067627,-2.6468355655670166,-2.9555130004882812,-3.291464328765869,-3.515580892562866,-3.666600465774536,-3.8668875694274902,-4.100543975830078,-4.395877361297607,-4.7731404304504395,-5.257927894592285,-5.711771488189697,-5.6064605712890625,-4.946653842926025,-4.079496383666992,-3.466012477874756,-3.3818273544311523,-3.7216169834136963,-4.165104389190674,-4.559281349182129,-5.062727451324463,-5.692418575286865,-6.005894184112549,-5.747559547424316,-5.167918682098389,-4.929080486297607,-4.972654819488525,-4.966144561767578,-4.9182939529418945,-4.866329669952393,-5.213954448699951,-5.4248456954956055,-4.985489368438721,-5.264420032501221,-6.779194355010986,-7.3759846687316895,-6.750894546508789,-6.120787620544434,-6.331202030181885,-6.909368515014648,-7.1415276527404785
-0.9463745951652527,-1.4025477170944214,-1.7435386180877686,-1.9102364778518677,-2.1730947494506836,-2.554140090942383,-2.892226219177246,-3.049340009689331,-3.1245603561401367,-3.184086799621582,-3.226719617843628,-3.3331058025360107,-3.562877893447876,-3.8059492111206055,-4.138063907623291,-4.126054763793945,-3.8125691413879395,-3.1652872562408447,-2.524315118789673,-2.2728018760681152,-2.4426815509796143,-2.8348138332366943,-3.252889633178711,-3.81270432472229,-4.447638511657715,-4.9174604415893555,-4.843463897705078,-4.338982105255127,-3.8446996212005615,-3.67315936088562,-3.7437844276428223,-3.5058274269104004,-3.424905300140381,-3.69476580619812,-3.951099157333374,-3.5209662914276123,-3.055006265640259,-4.245704174041748,-5.584926128387451,-5.797276973724365,-5.275720119476318,-5.217045783996582,-5.828426361083984,-6.227654933929443
0.011121231131255627,-0.27934712171554565,-0.5910577178001404,-0.9417869448661804,-1.393355131149292,-1.7423964738845825,-1.9932516813278198,-2.1172187328338623,-2.2376317977905273,-2.2770192623138428,-2.225759983062744,-2.2415103912353516,-2.2336959838867188,-2.2758584022521973,-2.3482377529144287,-2.3122951984405518,-2.2717432975769043,-1.9431010484695435,-1.5179188251495361,-1.2959712743759155,-1.346314549446106,-1.5637073516845703,-1.9164512157440186,-2.4198203086853027,-2.9865942001342773,-3.5013315677642822,-3.680450439453125,-3.450559377670288,-2.8232603073120117,-2.47625470161438,-2.3296432495117188,-2.150848388671875,-2.293449640274048,-2.4092698097229004,-2.658991813659668,-2.5033118724823,-1.689448356628418,-1.9241011142730713,-3.1337077617645264,-3.97336745262146,-3.858639717102051,-3.6693484783172607,-4.228096961975098,-4.855038166046143
0.7958520650863647,0.6865890026092529,0.5381608605384827,0.24017170071601868,-0.18919184803962708,-0.5630245804786682,-0.7843082547187805,-0.8690320253372192,-0.9269769191741943,-1.0265512466430664,-1.1194555759429932,-1.1434919834136963,-0.9910553097724915,-0.8722754716873169,-0.7335750460624695,-0.5647649168968201,-0.5193151235580444,-0.39891427755355835,-0.1584928184747696,-0.06273800134658813,-0.1542574167251587,-0.27639031410217285,-0.507548987865448,-0.9438314437866211,-1.5057612657546997,-1.9772720336914062,-2.295654535293579,-2.2995898723602295,-1.8145231008529663,-1.316335916519165,-1.067102074623108,-1.13079833984375,-1.1996371746063232,-1.217580795288086,-1.557813048362732,-1.5937684774398804,-0.973373293876648,-0.6888469457626343,-1.1962970495224,-1.9645936489105225,-2.240758180618286,-2.1504786014556885,-2.6336758136749268,-3.2820889949798584
1.5461616516113281,1.5170228481292725,1.5131763219833374,1.389159917831421,1.059908151626587,0.6940428018569946,0.46413469314575195,0.3926582336425781,0.4781794250011444,0.5004360675811768,0.3103012442588806,0.1336842179298401,0.16209092736244202,0.23389843106269836,0.4936148226261139,0.8767094612121582,1.137740969657898,1.319620132446289,1.4768129587173462,1.5369682312011719,1.4291307926177979,1.2379887104034424,1.0278452634811401,0.6746077537536621,0.1411110907793045,-0.3475530743598938,-0.811051607131958,-0.9962792992591858,-0.6934290528297424,-0.16288717091083527,0.0602601133286953,-0.027389749884605408,-0.14112095534801483,-0.06347350776195526,-0.33320432901382446,-0.3775147795677185,-0.039966803044080734,0.10813998430967331,0.04755118116736412,-0.2723974287509918,-0.6595933437347412,-0.877360999584198,-1.2935376167297363,-1.8518421649932861
2.342660427093506,2.344160795211792,2.4341304302215576,2.444666862487793,2.2670042514801025,1.9229488372802734,1.5761743783950806,1.5098851919174194,1.6969789266586304,1.8558601140975952,1.8483723402023315,1.6814415454864502,1.5001686811447144,1.426900029182434,1.6014773845672607,2.004225969314575,2.46543550491333,2.8761987686157227,3.1465847492218018,3.245272636413574,3.1549127101898193,3.0013484954833984,2.8180973529815674,2.423474073410034,1.885680079460144,1.3537092208862305,0.772495687007904,0.3949413001537323,0.5540928244590759,0.9597530364990234,1.199492335319519,1.1767839193344116,1.1572753190994263,1.2002838850021362,1.1737452745437622,1.1073510646820068,1.2752697467803955,1.322442889213562,1.287878394126892,1.1236400604248047,0.8675665259361267,0.43706658482551575,-0.09423762559890747,-0.5658913850784302
3.1066198348999023,3.1177546977996826,3.310216188430786,3.497051477432251,3.514800786972046,3.2225847244262695,2.7698614597320557,2.597545623779297,2.7383670806884766,3.0038645267486572,3.153701066970825,3.1640007495880127,3.063605785369873,2.9760870933532715,3.0111801624298096,3.238036632537842,3.647214412689209,4.193817615509033,4.721502304077148,4.890247344970703,4.7216477394104,4.655253887176514,4.742611885070801,4.435379981994629,3.7123196125030518,3.010718822479248,2.4112706184387207,1.885776400566101,1.8413041830062866,2.0917677879333496,2.307103157043457,2.459329605102539,2.60705828666687,2.7197043895721436,2.7276852130889893,2.681797504425049,2.725628137588501,2.8269777297973633,2.7966413497924805,2.525146245956421,2.262695550918579,1.9133331775665283,1.4161851406097412,0.9185015559196472
3.908984661102295,3.9218194484710693,4.150564193725586,4.508884429931641,4.7814040184021,4.691333770751953,4.227091312408447,3.890601634979248,3.953491449356079,4.2862043380737305,4.470265865325928,4.5438337326049805,4.551452159881592,4.616479396820068,4.703136920928955,4.864302635192871,5.1238298416137695,5.59377384185791,6.224002838134766,6.524191856384277,6.320778846740723,6.167859077453613,6.393887996673584,6.399533748626709,5.717909812927246,4.809593200683594,4.053778648376465,3.4362564086914062,3.2465882301330566,3.383993148803711,3.5500905513763428,3.7707316875457764,4.04854154586792,4.225615501403809,4.263711929321289,4.316859245300293,4.306697368621826,4.325896739959717,4.221872806549072,3.9080758094787598,3.608278512954712,3.4234209060668945,3.1812493801116943,2.80401349067688
4.915201187133789,4.959542751312256,5.149036407470703,5.542683124542236,5.977071285247803,6.119063377380371,5.818194389343262,5.437570095062256,5.464635372161865,5.798004150390625,6.035109996795654,6.0616230964660645,6.057042598724365,6.139155864715576,6.292522430419922,6.521453380584717,6.751972675323486,7.126672267913818,7.719598770141602,8.184941291809082,8.148691177368164,7.859742641448975,7.8301777839660645,8.009038925170898,7.695088863372803,6.803813934326172,5.79630708694458,5.001151084899902,4.727203369140625,4.8970184326171875,5.121533393859863,5.2972869873046875,5.541477680206299,5.701360702514648,5.758014678955078,5.904271125793457,5.989075183868408,5.936290740966797,5.680420398712158,5.2862091064453125,4.960779666900635,4.879831790924072,4.881245136260986,4.751941204071045
