data/wind_data/wind_33_2.json
{"header": {"parameterUnit": "KT", "parameterCategory": 2, "nx": 256, "ny": 198, "lo1": 44.73521041870117, "la1": -3.236724853515625, "lo2": 111.26478576660156, "la2": 43.468475341796875, "dx": 0.2609002888202667, "dy": -0.23708222806453705, "refTime": "2025-02-20 09:00:00", "forecastTime": 0, "parameterNumber": 2, "parameterNumberName": "eastward_wind"}, "data":
[rows 57 to 75 of 198, columns 86 to 128 of 256]
-13.85932731628418,-14.443293571472168,-14.073054313659668,-13.59390926361084,-13.338794708251953,-13.293296813964844,-13.721044540405273,-13.552664756774902,-12.745450973510742,-11.850245475769043,-11.00064468383789,-8.060965538024902,-7.895607948303223,-7.158401966094971,-4.852287292480469,-6.684185981750488,-5.371522903442383,-3.780146837234497,-2.392857789993286,-4.05472469329834,-3.2505698204040527,-3.142993211746216,-3.2653326988220215,-3.027716636657715,-2.9793031215667725,-1.773710012435913,-0.8614028692245483,-0.7171531915664673,-0.45044755935668945,-0.11400521546602249,0.027601441368460655,0.7633561491966248,2.534625291824341,5.4032301902771,4.159934997558594,-6.276907920837402,-9.669976234436035,-9.139419555664062,-9.461116790771484,-9.846247673034668,-6.733988285064697,-7.042073726654053,-9.608807563781738
-15.151369094848633,-15.141620635986328,-15.063648223876953,-14.497227668762207,-14.5137300491333,-14.51362419128418,-13.838937759399414,-13.90743350982666,-13.474132537841797,-12.797346115112305,-12.413376808166504,-10.850236892700195,-9.953716278076172,-9.074710845947266,-7.770232677459717,-6.943976402282715,-6.202752113342285,-5.332075595855713,-4.864406585693359,-1.9704731702804565,-4.118630886077881,-3.8257529735565186,-2.677976369857788,-3.0289337635040283,-2.4368762969970703,-1.8671272993087769,-0.6262776851654053,-0.4163736402988434,-0.0844280943274498,-0.7177014946937561,0.07222684472799301,3.133402109146118,9.386726379394531,7.656099319458008,-8.433430671691895,-9.563474655151367,-9.501914024353027,-10.11416244506836,-12.140131950378418,-11.379647254943848,-7.43060827255249,-7.764129161834717,-10.21280288696289
-15.829562187194824,-15.67279052734375,-15.63125991821289,-14.65654182434082,-14.584017753601074,-15.143903732299805,-14.59866714477539,-14.273242950439453,-13.949999809265137,-13.894436836242676,-13.39372730255127,-11.926240921020508,-9.499143600463867,-10.038825988769531,-9.10007095336914,-7.072022914886475,-7.003427028656006,-5.67238187789917,-4.473480701446533,-4.415431499481201,-4.454614639282227,-3.7066986560821533,-2.918983221054077,-2.009960174560547,-1.4774253368377686,-1.5515800714492798,-0.3649115562438965,-0.40991026163101196,-0.3999769687652588,-0.6918492913246155,1.5824834108352661,0.6231479048728943,7.324958324432373,-1.7702375650405884,-12.853333473205566,-9.398447036743164,-10.849875450134277,-10.951655387878418,-11.75240421295166,-11.001388549804688,-9.8169584274292,-9.615978240966797,-10.919500350952148
-15.343730926513672,-15.561596870422363,-15.90213394165039,-15.295122146606445,-14.714802742004395,-14.702218055725098,-14.231579780578613,-13.611847877502441,-13.152071952819824,-13.161396026611328,-12.408269882202148,-11.923916816711426,-11.27538776397705,-10.660642623901367,-9.32044792175293,-7.946445465087891,-6.5622477531433105,-5.842697620391846,-6.168217182159424,-5.627099990844727,-4.509222984313965,-3.6494462490081787,-2.597501039505005,-0.7957736253738403,-0.6798471212387085,-1.1796199083328247,0.1521938294172287,-0.33287718892097473,0.2687710225582123,1.223605990409851,4.441155433654785,8.208666801452637,7.366244316101074,-8.19764232635498,-9.28339958190918,-9.48278522491455,-9.510653495788574,-8.644420623779297,-8.868887901306152,-10.031771659851074,-12.07623291015625,-11.619376182556152,-10.841552734375
-15.223722457885742,-15.735971450805664,-15.708839416503906,-14.663461685180664,-13.063017845153809,-12.947275161743164,-12.244589805603027,-12.014406204223633,-11.109424591064453,-10.831997871398926,-10.73682689666748,-10.510489463806152,-10.07349681854248,-10.036641120910645,-8.358264923095703,-5.702322959899902,-6.71889066696167,-6.821499347686768,-6.0045037269592285,-6.53147554397583,-5.809798717498779,-4.770140647888184,-3.258523941040039,-1.256963849067688,-0.04018159583210945,0.20411528646945953,0.47332215309143066,0.33709976077079773,0.8111954927444458,1.1823986768722534,1.7898883819580078,8.661518096923828,6.108550548553467,-6.3267974853515625,-9.895870208740234,-8.86097526550293,-9.333426475524902,-8.391785621643066,-8.16637897491455,-9.10304069519043,-11.464360237121582,-11.761911392211914,-10.694856643676758
-14.901548385620117,-15.145523071289062,-14.566861152648926,-12.987284660339355,-12.041484832763672,-12.059703826904297,-11.639095306396484,-11.506088256835938,-10.925545692443848,-10.54002571105957,-9.599145889282227,-7.94948673248291,-7.31841516494751,-8.01121997833252,-6.6468682289123535,-5.3448686599731445,-3.594848155975342,-4.226911544799805,-4.823514461517334,-4.939181327819824,-5.396030426025391,-4.680687427520752,-3.421663284301758,-2.041670322418213,-0.30943378806114197,-0.2457750290632248,0.611568808555603,0.49919408559799194,1.1396211385726929,1.5934467315673828,6.92521333694458,10.536419868469238,5.128821849822998,-7.516909122467041,-7.603669166564941,-9.27815055847168,-8.038554191589355,-8.075884819030762,-7.817863941192627,-8.877145767211914,-9.622802734375,-11.037334442138672,-11.575460433959961
-14.188470840454102,-14.391279220581055,-13.885871887207031,-12.671640396118164,-12.121037483215332,-12.318483352661133,-12.227046966552734,-11.884696960449219,-11.461334228515625,-10.987648010253906,-10.573068618774414,-10.101393699645996,-9.055082321166992,-7.684113502502441,-6.5770978927612305,-5.44167423248291,-5.240444660186768,-3.985671043395996,-2.252502202987671,-2.135324478149414,-3.5923819541931152,-3.957294464111328,-3.809683084487915,-1.1459848880767822,-0.5143344402313232,0.3153040409088135,0.9323534965515137,0.8591951727867126,1.5909028053283691,3.4189608097076416,8.880926132202148,10.001581192016602,2.5107924938201904,-9.91196060180664,-5.89778995513916,-8.761866569519043,-7.241827964782715,-7.970052719116211,-7.996252059936523,-8.887834548950195,-8.812311172485352,-10.359129905700684,-11.015461921691895
-13.703675270080566,-14.0003662109375,-14.148372650146484,-13.5314359664917,-13.053157806396484,-13.494930267333984,-13.58700942993164,-12.994729995727539,-12.438127517700195,-11.756156921386719,-11.036675453186035,-10.48151969909668,-9.831451416015625,-9.463274955749512,-9.015615463256836,-8.18967342376709,-6.9120025634765625,-5.961195945739746,-5.009067535400391,-3.309108257293701,-3.469869613647461,-3.878890037536621,-3.3643229007720947,-2.5942742824554443,-1.8871493339538574,-0.031330909579992294,0.9001922607421875,0.8327334523200989,1.5223125219345093,2.078479766845703,9.05704402923584,8.102667808532715,-7.0853071212768555,-5.625153541564941,-6.910061836242676,-7.8722734451293945,-7.328821182250977,-8.179497718811035,-8.237549781799316,-9.117032051086426,-9.114654541015625,-9.85771369934082,-10.445259094238281
-13.143835067749023,-13.306111335754395,-13.677834510803223,-13.93016529083252,-13.765894889831543,-14.004297256469727,-14.546427726745605,-13.862366676330566,-13.333002090454102,-12.692109107971191,-11.934783935546875,-11.432446479797363,-10.717646598815918,-9.958823204040527,-8.977432250976562,-7.961343288421631,-6.934727668762207,-5.797583103179932,-4.484623908996582,-2.135702133178711,-0.3434600234031677,-2.145188093185425,-2.1556191444396973,-1.686608910560608,-1.5956168174743652,-0.7380855083465576,0.1873052418231964,0.8393568992614746,1.6943832635879517,-0.2759867310523987,6.0660624504089355,3.5940749645233154,-8.015860557556152,-4.752993583679199,-7.290726661682129,-7.156030654907227,-7.759889125823975,-8.14091968536377,-8.58800220489502,-8.615453720092773,-9.31747817993164,-10.264464378356934,-10.398828506469727
-12.663396835327148,-13.073651313781738,-13.373215675354004,-13.407891273498535,-13.272858619689941,-13.591980934143066,-14.119394302368164,-13.576407432556152,-13.309520721435547,-12.98920726776123,-12.450997352600098,-12.038254737854004,-11.460166931152344,-10.826845169067383,-10.0631742477417,-9.143367767333984,-8.10277271270752,-6.824646949768066,-5.437154769897461,-4.084299087524414,-2.202695846557617,-0.3818974196910858,0.4226532280445099,-1.2342255115509033,-0.9239009618759155,-1.607106328010559,-1.090474247932434,1.2168923616409302,0.3552170991897583,7.295464515686035,9.318504333496094,-2.4185268878936768,-4.859713554382324,-4.497478485107422,-7.724141597747803,-7.187496662139893,-7.176331996917725,-7.657893657684326,-8.406734466552734,-8.915924072265625,-9.069596290588379,-10.182751655578613,-10.542664527893066
-12.358781814575195,-13.010059356689453,-13.213053703308105,-13.079408645629883,-13.053511619567871,-13.35171890258789,-13.770009994506836,-13.760881423950195,-13.43614673614502,-13.132655143737793,-12.830334663391113,-12.506428718566895,-12.165563583374023,-11.656523704528809,-10.96331787109375,-10.125466346740723,-9.116161346435547,-7.746628761291504,-6.063892364501953,-4.263369560241699,-2.7051281929016113,-1.2652488946914673,-0.126848503947258,-0.5763779878616333,-1.1388911008834839,-1.960976243019104,-1.8532583713531494,0.3762827515602112,-0.3485706150531769,7.208369255065918,5.067587375640869,-8.686047554016113,-3.169797420501709,-5.613609313964844,-6.247267723083496,-7.520986557006836,-6.611664295196533,-7.579422473907471,-8.079119682312012,-9.220723152160645,-8.953516960144043,-9.83515453338623,-10.346750259399414
-12.116083145141602,-12.67427921295166,-12.606826782226562,-12.61999225616455,-12.927348136901855,-13.243293762207031,-13.44107723236084,-13.5443754196167,-13.612587928771973,-13.337127685546875,-12.941247940063477,-12.624199867248535,-12.299508094787598,-11.89661979675293,-11.36133098602295,-10.60964584350586,-9.594947814941406,-8.304853439331055,-6.761634826660156,-4.9484381675720215,-2.9477651119232178,-1.1914082765579224,-0.05011862888932228,-0.019147105515003204,-1.470800518989563,-2.4749016761779785,-2.8320488929748535,-3.3362293243408203,-3.5155515670776367,4.079247951507568,-0.3341027796268463,-7.616574764251709,-3.7525360584259033,-5.766432285308838,-5.0370049476623535,-7.536731719970703,-6.737830638885498,-7.376462936401367,-7.833462715148926,-9.19037914276123,-8.790602684020996,-9.585227966308594,-9.714863777160645
-11.668338775634766,-11.958599090576172,-11.950288772583008,-12.441466331481934,-12.975992202758789,-13.376556396484375,-13.551140785217285,-13.709921836853027,-13.78667163848877,-13.586085319519043,-13.206805229187012,-12.786376953125,-12.388456344604492,-12.050569534301758,-11.696368217468262,-11.104308128356934,-10.132214546203613,-8.841239929199219,-7.32266092300415,-5.483397960662842,-3.355595827102661,-1.506187081336975,-0.6624658107757568,-1.1671985387802124,-2.5010571479797363,-3.67846417427063,-4.460482597351074,-4.3440446853637695,1.5134893655776978,4.247098445892334,-5.713387489318848,-4.7687177658081055,-5.646066188812256,-4.548048496246338,-4.761205673217773,-6.554117202758789,-6.620523452758789,-7.239362716674805,-7.411192893981934,-8.435216903686523,-8.58759593963623,-8.640172004699707,-8.734123229980469
-11.099486351013184,-11.377998352050781,-11.824373245239258,-12.552781105041504,-13.118611335754395,-13.54864501953125,-13.83713436126709,-14.052112579345703,-14.03726577758789,-13.750368118286133,-13.307491302490234,-12.758209228515625,-12.199440002441406,-11.760826110839844,-11.531882286071777,-11.278310775756836,-10.664555549621582,-9.530853271484375,-8.022920608520508,-6.12410306930542,-3.907050848007202,-2.216472864151001,-2.2337863445281982,-3.504711866378784,-4.378565788269043,-4.8358845710754395,-5.402499675750732,-3.193646192550659,5.1448588371276855,1.3047782182693481,-6.050004959106445,-4.12596321105957,-5.591769218444824,-4.995224475860596,-4.281044006347656,-4.822875499725342,-6.15863561630249,-6.157931804656982,-6.631706714630127,-7.437805652618408,-7.681881904602051,-8.196054458618164,-7.509844779968262
-10.746702194213867,-11.232067108154297,-11.911713600158691,-12.474798202514648,-12.961403846740723,-13.358292579650879,-13.654273986816406,-13.857327461242676,-13.879892349243164,-13.634482383728027,-13.202298164367676,-12.665483474731445,-12.098824501037598,-11.589131355285645,-11.246346473693848,-11.054143905639648,-10.80492115020752,-10.084589004516602,-8.793951034545898,-6.917373180389404,-4.718979835510254,-3.2201507091522217,-3.999603033065796,-5.7416229248046875,-5.630321979522705,-4.237365245819092,-2.320499897003174,6.5664520263671875,4.180613994598389,-4.8228678703308105,-4.8387908935546875,-3.8399486541748047,-5.580576419830322,-5.049108505249023,-4.880680561065674,-4.276692867279053,-5.221594333648682,-5.257908344268799,-6.463571071624756,-6.268259048461914,-6.76680850982666,-7.34999942779541,-6.590173244476318
-10.513788223266602,-11.043479919433594,-11.649802207946777,-12.124419212341309,-12.481728553771973,-12.793350219726562,-13.055490493774414,-13.30514144897461,-13.422090530395508,-13.231319427490234,-12.786636352539062,-12.240334510803223,-11.747393608093262,-11.363598823547363,-11.00847339630127,-10.68542766571045,-10.376654624938965,-9.904027938842773,-9.261052131652832,-8.086628913879395,-6.169172763824463,-4.686100959777832,-5.594381332397461,-7.08428955078125,-5.71342658996582,-2.781768798828125,-0.12258899211883545,10.021180152893066,4.027820587158203,-6.235051155090332,-4.01320219039917,-4.258082389831543,-4.641554355621338,-4.744966506958008,-5.718935012817383,-4.811014652252197,-4.083667755126953,-5.8650593757629395,-5.771122932434082,-5.070882797241211,-6.002801418304443,-6.136638164520264,-5.568665504455566
-10.14937973022461,-10.669205665588379,-11.21363639831543,-11.618356704711914,-11.896625518798828,-12.17278003692627,-12.448948860168457,-12.759907722473145,-12.933581352233887,-12.804975509643555,-12.330121994018555,-11.718300819396973,-11.261177062988281,-11.037873268127441,-10.86240005493164,-10.588393211364746,-10.085351943969727,-9.223309516906738,-8.57140064239502,-8.368011474609375,-7.583648204803467,-6.0005784034729,-5.340122699737549,-5.297820091247559,-3.998128890991211,-1.7321596145629883,0.679561197757721,9.374013900756836,-3.4129886627197266,-3.2294256687164307,-4.790810585021973,-3.913865804672241,-4.135060787200928,-3.9211554527282715,-5.186051845550537,-4.904296398162842,-4.376993656158447,-6.039838790893555,-5.809535026550293,-5.1682233810424805,-5.293850421905518,-5.235119342803955,-4.681654453277588
-9.78093147277832,-10.211031913757324,-10.660897254943848,-11.02196979522705,-11.332508087158203,-11.64688777923584,-11.944310188293457,-12.22815227508545,-12.417228698730469,-12.330465316772461,-11.834554672241211,-11.140335083007812,-10.651744842529297,-10.548869132995605,-10.63448429107666,-10.633040428161621,-10.232171058654785,-9.1682767868042,-7.846626281738281,-7.068601608276367,-6.631058216094971,-5.240563869476318,-3.283961057662964,-1.9929355382919312,-1.1034190654754639,1.7490301132202148,5.405736923217773,4.427399158477783,-6.6905293464660645,-2.768575668334961,-5.365539073944092,-4.264101028442383,-4.932590961456299,-4.261518478393555,-4.612133026123047,-4.801400661468506,-4.281368732452393,-5.267695426940918,-5.994096279144287,-5.688878059387207,-4.849394798278809,-4.773046970367432,-3.696678400039673
-9.313413619995117,-9.609275817871094,-9.940893173217773,-10.3279390335083,-10.816363334655762,-11.301533699035645,-11.612360954284668,-11.788928031921387,-11.916401863098145,-11.817802429199219,-11.359135627746582,-10.70197582244873,-10.193194389343262,-10.091119766235352,-10.345720291137695,-10.65478229522705,-10.4718656539917,-9.511026382446289,-7.960927486419678,-6.216523170471191,-4.845824718475342,-3.63993763923645,-1.689043641090393,0.5979600548744202,0.5716596245765686,6.500350475311279,7.380856990814209,-6.088284969329834,-3.720736503601074,-5.573240280151367,-5.03900671005249,-5.607904434204102,-5.304818630218506,-5.530772686004639,-4.979267597198486,-4.662249565124512,-4.1431097984313965,-5.269484996795654,-5.4397807121276855,-5.0238142013549805,-4.157327175140381,-3.6922521591186523,-2.474153518676758
