data/wind_data/wind_25_7.json
{"header": {"parameterUnit": "KT", "parameterCategory": 2, "nx": 256, "ny": 198, "lo1": 44.73521041870117, "la1": -3.236724853515625, "lo2": 111.26478576660156, "la2": 43.468475341796875, "dx": 0.2609002888202667, "dy": -0.23708222806453705, "refTime": "2025-02-20 01:00:00", "forecastTime": 0, "parameterNumber": 2, "parameterNumberName": "eastward_wind"}, "data":
[rows 20 to 39 of 198, columns 0 to 43 of 256]
-4.602452278137207,-3.750868558883667,-2.5583407878875732,-1.5225023031234741,-0.14809833467006683,-2.6124765872955322,-3.5437676906585693,-2.660170316696167,-0.9189369082450867,0.6013912558555603,1.6997990608215332,2.4213483333587646,3.0332274436950684,3.8297274112701416,4.6888813972473145,5.3336405754089355,5.6605916023254395,5.943540573120117,6.417905330657959,6.795697212219238,6.767968654632568,6.567748069763184,6.635153293609619,6.924463748931885,7.058408737182617,6.911990642547607,6.525576114654541,6.017832279205322,5.7199296951293945,5.569136142730713,5.3853983879089355,5.4213433265686035,5.777975559234619,6.208707332611084,6.654477596282959,6.548917770385742,6.18394136428833,5.658858776092529,5.57490873336792,6.368620872497559,6.615753650665283,6.98364782333374,6.551094055175781,6.741782188415527
-3.635272979736328,-3.501850128173828,-2.5149333477020264,-1.4010999202728271,-0.5093798637390137,-3.312873601913452,-3.464754581451416,-2.38248348236084,-0.7705361247062683,0.17717821896076202,0.9777132272720337,1.9337739944458008,3.140909194946289,4.398818492889404,5.418598651885986,5.993290901184082,6.1888580322265625,6.465189456939697,7.106040954589844,7.676811695098877,7.597978115081787,7.110400199890137,6.981231212615967,7.2900285720825195,7.402904510498047,6.952518939971924,6.089301109313965,5.3298115730285645,5.148601055145264,5.354547023773193,5.333407878875732,5.1747846603393555,5.5095367431640625,6.178434371948242,6.292966365814209,5.860857009887695,5.369497776031494,5.377625465393066,5.8679280281066895,5.5594563484191895,5.2852253913879395,5.722269058227539,5.565552234649658,5.28627347946167
-2.4984183311462402,-2.5589523315429688,-2.299079179763794,-1.7331414222717285,-1.7903175354003906,-4.260746479034424,-3.385930299758911,-2.145714282989502,-0.767763078212738,-0.1409463733434677,0.6647183299064636,2.193419933319092,3.7197728157043457,5.115080833435059,6.174956798553467,6.7015180587768555,6.830445289611816,6.974825382232666,7.330385684967041,7.625766277313232,7.500567436218262,7.171900749206543,7.257984638214111,7.7160210609436035,7.836441516876221,7.243247985839844,6.212968349456787,5.336332321166992,5.0378098487854,5.299648284912109,5.571830749511719,5.455110549926758,5.3325347900390625,5.3300628662109375,5.102145195007324,4.870077610015869,5.032486915588379,5.206355571746826,5.014321804046631,4.556453704833984,4.17760705947876,3.8976778984069824,4.081928730010986,4.031752586364746
-2.389596700668335,-2.311160087585449,-2.7443082332611084,-3.015302896499634,-3.5380871295928955,-4.7548675537109375,-3.558073043823242,-2.398573398590088,-1.0546042919158936,-0.09397610276937485,1.2818777561187744,2.908802032470703,4.297825813293457,5.617381572723389,6.695886611938477,7.2289605140686035,7.307209491729736,7.188457012176514,7.046176433563232,6.986579418182373,7.118220806121826,7.465922832489014,7.897578716278076,8.202807426452637,8.178088188171387,7.606653213500977,6.513503074645996,5.522242546081543,5.125977516174316,5.242554187774658,5.326292037963867,4.992438316345215,4.661747455596924,4.54608154296875,4.418476581573486,4.538634300231934,4.633299827575684,4.488760471343994,4.043992042541504,3.5620222091674805,3.2174110412597656,2.217466354370117,1.9513040781021118,3.7166731357574463
-2.3824121952056885,-2.474295139312744,-3.218576669692993,-4.022213459014893,-4.633482933044434,-4.772562503814697,-3.9884867668151855,-2.8081576824188232,-0.9521953463554382,0.7854987382888794,2.1561057567596436,3.3587613105773926,4.581044673919678,5.777711391448975,6.8082122802734375,7.3496527671813965,7.386332988739014,7.0790605545043945,6.65706729888916,6.531254768371582,7.056014060974121,7.9647321701049805,8.631093978881836,8.774168968200684,8.598812103271484,8.054961204528809,7.137147426605225,6.313202857971191,5.737107276916504,5.3457441329956055,4.996438980102539,4.445377349853516,4.009851932525635,4.043970108032227,4.104596138000488,4.23320198059082,3.8991212844848633,3.295607805252075,3.146721363067627,3.145130157470703,2.4100043773651123,1.0068743228912354,1.041445016860962,2.175945997238159
-2.258175849914551,-2.4001550674438477,-3.289356231689453,-4.090471267700195,-4.389277935028076,-4.592024326324463,-3.991759777069092,-2.694744110107422,-0.2855204939842224,1.6172430515289307,2.5751240253448486,3.547539710998535,4.744863986968994,5.977242946624756,6.952302932739258,7.238410472869873,7.063692092895508,6.788442134857178,6.597140789031982,6.717132091522217,7.319092273712158,8.171207427978516,8.862608909606934,9.130768775939941,8.959585189819336,8.380292892456055,7.621653079986572,6.934704303741455,6.171192646026611,5.390282154083252,4.905539035797119,4.489706516265869,4.0136919021606445,3.746807098388672,3.736626625061035,3.685189962387085,3.141602039337158,2.632596254348755,2.472364902496338,2.307480573654175,1.9634088277816772,1.147767424583435,0.7453046441078186,-0.11420998722314835
-1.6646595001220703,-2.341783285140991,-3.0617027282714844,-3.6938910484313965,-3.9937219619750977,-4.454763412475586,-3.036545991897583,-1.9699064493179321,0.13395941257476807,1.7577368021011353,2.7555339336395264,3.8229737281799316,5.028857707977295,6.066595554351807,6.6468119621276855,6.657795429229736,6.555994510650635,6.579632759094238,6.730408668518066,7.020272731781006,7.434516906738281,7.938227653503418,8.58137321472168,9.082907676696777,9.017818450927734,8.534801483154297,7.997095584869385,7.31696891784668,6.41630744934082,5.520991325378418,5.02358865737915,4.805063724517822,4.320191383361816,3.6612284183502197,3.1457927227020264,2.7964119911193848,2.4696667194366455,1.991563081741333,1.4653009176254272,1.0231140851974487,0.8740876317024231,0.5357624888420105,-0.3014284372329712,-0.41225752234458923
-0.22690613567829132,-2.434020519256592,-2.9531965255737305,-3.2843496799468994,-4.290431976318359,-4.3424577713012695,-2.2302205562591553,-1.293861746788025,0.5347995162010193,2.0118377208709717,3.0748813152313232,4.120216369628906,5.0223822593688965,5.482649326324463,5.811241149902344,6.190920829772949,6.521416664123535,6.722232818603516,6.9200520515441895,7.135452747344971,7.351363182067871,7.589832782745361,8.024053573608398,8.569534301757812,8.785593032836914,8.626794815063477,8.24671745300293,7.544976711273193,6.6553263664245605,5.812132358551025,5.307991981506348,4.993657112121582,4.379457473754883,3.4895992279052734,2.5967631340026855,2.000197172164917,1.6934040784835815,1.1320562362670898,0.41881635785102844,-0.22096920013427734,-0.6361613869667053,-0.6820371150970459,-0.416059672832489,-0.38006627559661865
0.4783906638622284,-2.0787482261657715,-2.4629743099212646,-2.925513744354248,-4.972604751586914,-3.9454751014709473,-1.4946290254592896,-0.605320394039154,1.2099138498306274,2.625609874725342,3.389782428741455,4.055113792419434,4.616443634033203,4.98704719543457,5.541162490844727,6.28264045715332,6.862348556518555,7.160218715667725,7.345090389251709,7.488445281982422,7.61474609375,7.674334526062012,7.7149786949157715,7.866107940673828,8.09933090209961,8.162169456481934,7.804092884063721,7.185847759246826,6.681537628173828,6.158969402313232,5.6310133934021,5.0947489738464355,4.099677562713623,2.921408176422119,2.04431414604187,1.31361722946167,0.6556453108787537,-0.06177825853228569,-0.9534969329833984,-1.6495411396026611,-1.9850530624389648,-1.7851210832595825,-1.2705836296081543,-1.4082343578338623
-0.061741262674331665,-1.1437114477157593,-1.079940676689148,-2.0237131118774414,-5.342711448669434,-3.156628131866455,-0.8875645399093628,0.5290766954421997,1.890614628791809,3.002534866333008,3.4689948558807373,3.788595676422119,4.235973834991455,4.855585098266602,5.653937816619873,6.578179359436035,7.381435394287109,7.927056789398193,8.217338562011719,8.345791816711426,8.442655563354492,8.32882022857666,7.783199787139893,7.174938678741455,6.9653730392456055,6.896017551422119,6.597987651824951,6.329488277435303,6.248548984527588,5.970531463623047,5.41147518157959,4.667624473571777,3.542501926422119,2.39827036857605,1.4679421186447144,0.4555787444114685,-0.48140281438827515,-1.394513726234436,-2.242351770401001,-2.699500799179077,-2.6816389560699463,-2.59063458442688,-2.680791139602661,-3.023421287536621
0.7706160545349121,0.41289934515953064,0.25682374835014343,-1.107542872428894,-4.74402379989624,-1.3676683902740479,-0.2091362178325653,1.8338285684585571,2.621201276779175,3.096888780593872,3.2976245880126953,3.567082643508911,4.182938575744629,5.066117286682129,5.99877405166626,6.993640899658203,7.942679405212402,8.572359085083008,8.857867240905762,8.893707275390625,8.806594848632812,8.393475532531738,7.594022750854492,6.862534523010254,6.382549285888672,6.002856254577637,5.774259090423584,5.810061454772949,5.775014400482178,5.335559844970703,4.566242694854736,3.663372039794922,2.7347159385681152,1.9359558820724487,0.9341829419136047,-0.36178141832351685,-1.5244911909103394,-2.424764633178711,-2.8682820796966553,-2.9733145236968994,-3.149156093597412,-3.4838080406188965,-4.088400363922119,-4.715579032897949
3.2661049365997314,2.4564640522003174,1.3940045833587646,-0.7496257424354553,-4.463816165924072,-0.5090607404708862,0.16925731301307678,2.089714765548706,2.514497756958008,2.6102781295776367,2.8097145557403564,3.3140106201171875,4.164986610412598,5.202343940734863,6.194806098937988,7.070309638977051,7.74473237991333,8.118457794189453,8.311562538146973,8.298584938049316,7.981105804443359,7.468378067016602,7.026463031768799,6.689723968505859,6.267974853515625,5.831772804260254,5.65657901763916,5.538774490356445,5.0355095863342285,4.336730003356934,3.4144577980041504,2.3665122985839844,1.675873875617981,1.2180150747299194,0.37463128566741943,-0.7804503440856934,-1.8833750486373901,-2.6212151050567627,-2.8397436141967773,-2.989116668701172,-3.532308578491211,-4.275125980377197,-5.020779132843018,-5.74993371963501
4.555493354797363,3.8753817081451416,2.52038311958313,-0.22494126856327057,-4.628011226654053,-1.3133277893066406,-0.37509840726852417,1.2303407192230225,1.4842759370803833,1.608957290649414,2.134878158569336,2.9750213623046875,4.039844512939453,5.1594319343566895,6.021825790405273,6.46158504486084,6.652210712432861,6.815885066986084,7.02100133895874,7.012052536010742,6.682645320892334,6.405054092407227,6.333563804626465,6.174393177032471,5.79793119430542,5.376374244689941,4.979701519012451,4.345792293548584,3.5422587394714355,2.9070322513580322,2.0788934230804443,1.1246687173843384,0.5622615218162537,0.27527061104774475,-0.2783548831939697,-0.9798171520233154,-1.7608987092971802,-2.2793822288513184,-2.5002284049987793,-2.8858203887939453,-3.621997117996216,-4.474909782409668,-5.28668212890625,-5.968232154846191
4.66487979888916,4.6520771980285645,3.4226601123809814,0.5569808483123779,-4.232035160064697,-1.8310006856918335,-0.9630855917930603,0.3293811082839966,0.6058871150016785,0.9896621704101562,1.8883529901504517,2.939887523651123,3.9599478244781494,4.808528900146484,5.280696868896484,5.329732418060303,5.3181962966918945,5.466001510620117,5.615501880645752,5.532693386077881,5.280903339385986,5.122692108154297,5.06034517288208,4.85522985458374,4.382209777832031,3.7370383739471436,3.000026226043701,2.2231285572052,1.7487024068832397,1.3689357042312622,0.6284885406494141,-0.11545199155807495,-0.4762156903743744,-0.6207642555236816,-0.8419070243835449,-1.0604642629623413,-1.433876872062683,-1.8081706762313843,-2.1292107105255127,-2.6914191246032715,-3.4509055614471436,-4.20370626449585,-4.9903059005737305,-5.576353073120117
4.527263641357422,4.823776721954346,3.772953510284424,1.175517201423645,-3.554431200027466,-1.7039085626602173,-0.6905986666679382,0.1424546241760254,0.46263670921325684,1.0298445224761963,1.9297499656677246,2.772479295730591,3.4072327613830566,3.886444330215454,4.054549694061279,4.00473690032959,4.022711277008057,4.120535850524902,4.207931995391846,4.052586555480957,3.6198172569274902,3.3764071464538574,3.3701701164245605,3.1210365295410156,2.4351346492767334,1.5516388416290283,0.8417766094207764,0.47780659794807434,0.3760722875595093,0.024370502680540085,-0.5968277454376221,-1.12338387966156,-1.3545371294021606,-1.336500644683838,-1.2344282865524292,-1.103919506072998,-1.1596126556396484,-1.3695240020751953,-1.712660312652588,-2.3277318477630615,-3.038896322250366,-3.6452765464782715,-4.275848388671875,-4.731794357299805
4.1570892333984375,4.249863147735596,3.6516077518463135,1.5612415075302124,-3.1339244842529297,-1.122035264968872,0.25725606083869934,0.7067491412162781,0.7202870845794678,1.1632716655731201,1.7799102067947388,2.0752968788146973,2.2494888305664062,2.4957404136657715,2.5549376010894775,2.603055477142334,2.679866075515747,2.793135404586792,2.8282480239868164,2.529447078704834,2.1724138259887695,2.159174680709839,2.1135618686676025,1.7074675559997559,0.9863649606704712,0.13991576433181763,-0.36658668518066406,-0.380134642124176,-0.4380274713039398,-0.8445932269096375,-1.2940071821212769,-1.6335194110870361,-1.8514156341552734,-1.8729257583618164,-1.6602566242218018,-1.313331127166748,-1.1810622215270996,-1.2260029315948486,-1.4431471824645996,-1.9663341045379639,-2.5839579105377197,-3.101099729537964,-3.5580801963806152,-3.8833532333374023
3.992248296737671,4.077345848083496,3.897355556488037,2.3543992042541504,-1.8499553203582764,-0.4325796365737915,0.8509087562561035,1.1859543323516846,0.8192217946052551,0.8750703930854797,0.9142211079597473,0.7084649205207825,0.6558388471603394,0.8387173414230347,1.096536636352539,1.3620939254760742,1.5594463348388672,1.7588533163070679,1.84373939037323,1.8486618995666504,1.943535566329956,1.8298131227493286,1.375897765159607,0.9120965600013733,0.3393787443637848,-0.3969031870365143,-0.8504656553268433,-0.7892423272132874,-0.8149495720863342,-1.1593247652053833,-1.4772610664367676,-1.6617809534072876,-1.8684817552566528,-2.0755693912506104,-1.9937933683395386,-1.5810439586639404,-1.344335913658142,-1.4165115356445312,-1.5196787118911743,-1.818002462387085,-2.272873878479004,-2.741849660873413,-3.117037534713745,-3.445303440093994
3.952430248260498,4.141801834106445,4.444289684295654,3.589797019958496,0.4891354441642761,0.16273783147335052,0.8073275089263916,0.5063527226448059,-0.21933215856552124,-0.417347252368927,-0.787908136844635,-1.128684401512146,-1.001714825630188,-0.49149101972579956,0.08230894058942795,0.5260558724403381,0.8590686321258545,1.1456204652786255,1.4566882848739624,1.8459410667419434,2.0186140537261963,1.6186206340789795,1.0102763175964355,0.6110731959342957,0.16743259131908417,-0.43038496375083923,-0.8967709541320801,-1.0399364233016968,-1.1612153053283691,-1.391505241394043,-1.5251078605651855,-1.5035229921340942,-1.5547252893447876,-1.808106780052185,-1.8504555225372314,-1.5154916048049927,-1.3260012865066528,-1.5311834812164307,-1.6845464706420898,-1.8858193159103394,-2.2659823894500732,-2.664612293243408,-2.949369192123413,-3.235351324081421
3.818998336791992,3.775139570236206,4.45900821685791,4.558484077453613,1.9738844633102417,0.49274852871894836,-0.0930275171995163,-1.0282535552978516,-1.5945032835006714,-1.7283774614334106,-2.107409954071045,-2.2774977684020996,-1.8863301277160645,-1.159559965133667,-0.52601557970047,-0.08115610480308533,0.3057374060153961,0.6686362624168396,1.14338219165802,1.611208438873291,1.728653073310852,1.3951168060302734,0.8849474191665649,0.526903510093689,0.21444575488567352,-0.262833833694458,-0.7588796615600586,-1.2072728872299194,-1.6020859479904175,-1.811703085899353,-1.7552399635314941,-1.4965230226516724,-1.301006555557251,-1.3493307828903198,-1.359701156616211,-1.1741098165512085,-1.0774478912353516,-1.2598837614059448,-1.4220072031021118,-1.7433327436447144,-2.2924814224243164,-2.708474636077881,-2.9008541107177734,-3.087308168411255
3.896143913269043,3.0795669555664062,4.120016098022461,5.106367111206055,2.3253936767578125,0.42077112197875977,-0.9722642302513123,-1.668021321296692,-1.863019347190857,-1.739177942276001,-1.9407954216003418,-2.199211359024048,-2.02738618850708,-1.437792181968689,-0.8512944579124451,-0.4922231435775757,-0.15276281535625458,0.19018122553825378,0.6427004933357239,1.0664244890213013,1.253113865852356,1.094215750694275,0.740383505821228,0.453064501285553,0.25518113374710083,-0.11628778278827667,-0.7111384868621826,-1.4113479852676392,-1.9592581987380981,-2.048072099685669,-1.838591456413269,-1.567686915397644,-1.2396295070648193,-0.9920197129249573,-0.8532062768936157,-0.7739374041557312,-0.788714587688446,-0.8339104652404785,-0.8749054074287415,-1.235204815864563,-1.9381901025772095,-2.496821165084839,-2.7031524181365967,-2.8725521564483643
