data/wind_data/wind_59_3.json
{"header": {"parameterUnit": "KT", "parameterCategory": 2, "nx": 256, "ny": 198, "lo1": 44.73521041870117, "la1": -3.236724853515625, "lo2": 111.26478576660156, "la2": 43.468475341796875, "dx": 0.2609002888202667, "dy": -0.23708222806453705, "refTime": "2025-02-21 11:00:00", "forecastTime": 0, "parameterNumber": 2, "parameterNumberName": "eastward_wind"}, "data":
[rows 133 to 151 of 198, columns 88 to 131 of 256]
11.03333854675293,10.572267532348633,13.252067565917969,12.761819839477539,15.279651641845703,15.822550773620605,10.910365104675293,5.716819763183594,12.46652603149414,26.86419105529785,23.708465576171875,13.373939514160156,10.906198501586914,11.63197135925293,11.591422080993652,11.728429794311523,11.891988754272461,11.115489959716797,10.57160758972168,10.898518562316895,10.928481101989746,10.682721138000488,9.987245559692383,8.885193824768066,7.467730522155762,6.067351341247559,4.313698768615723,2.8045735359191895,2.0705997943878174,1.8140360116958618,1.587494134902954,0.945972740650177,-0.18293976783752441,-1.2220009565353394,-3.86920166015625,-6.830478668212891,-7.581908702850342,-8.42754077911377,-10.28984546661377,-9.741506576538086,-8.921409606933594,-10.909172058105469,-2.0121922492980957,2.387079954147339
23.764461517333984,16.967002868652344,12.450429916381836,10.220194816589355,13.055986404418945,14.466268539428711,13.02684211730957,9.839859008789062,6.1175923347473145,25.45574951171875,26.808303833007812,17.568819046020508,14.321503639221191,13.81134033203125,13.023052215576172,12.539811134338379,12.287819862365723,11.609090805053711,11.059784889221191,10.684764862060547,10.001192092895508,9.158347129821777,8.19974136352539,7.1172990798950195,5.757416725158691,4.208063125610352,2.54549503326416,1.3908026218414307,1.0481741428375244,1.075277328491211,0.7754730582237244,-0.030372362583875656,-1.377913475036621,-2.8266403675079346,-6.158646583557129,-8.336735725402832,-9.251705169677734,-12.124984741210938,-14.074345588684082,-11.869156837463379,-7.732380390167236,-6.591062545776367,-2.1473217010498047,-2.286431312561035
22.582599639892578,18.659093856811523,10.885544776916504,7.975436687469482,10.617716789245605,10.749776840209961,11.768890380859375,10.857959747314453,11.256929397583008,26.715185165405273,30.02684211730957,21.751733779907227,15.767428398132324,14.612470626831055,14.062432289123535,13.483741760253906,12.468464851379395,11.997482299804688,11.261866569519043,9.916406631469727,8.844541549682617,8.068845748901367,6.820044040679932,5.411477088928223,3.9012863636016846,2.4093568325042725,1.3085864782333374,0.5439702868461609,0.40177732706069946,0.5488244891166687,0.14390842616558075,-1.1947511434555054,-2.6409034729003906,-4.255622863769531,-7.935241222381592,-12.221734046936035,-12.668817520141602,-13.2976655960083,-15.66098690032959,-13.079649925231934,-9.139760971069336,-5.111074924468994,-5.047529697418213,-0.16348683834075928
14.558745384216309,13.19029426574707,11.172800064086914,6.935543060302734,7.883986473083496,7.968371391296387,11.805646896362305,9.136787414550781,14.274162292480469,28.378618240356445,29.006427764892578,20.4049015045166,15.709609985351562,14.913041114807129,13.989726066589355,13.169084548950195,12.108015060424805,11.495645523071289,10.64915657043457,9.394304275512695,8.255711555480957,6.8535237312316895,5.309135437011719,3.91525936126709,2.310208797454834,1.1778366565704346,0.43480223417282104,-0.15786142647266388,-0.1256016492843628,0.17169485986232758,-0.5740756392478943,-2.365522623062134,-3.627161979675293,-6.640911102294922,-12.272265434265137,-13.919830322265625,-9.212577819824219,-3.694692611694336,-9.77426528930664,-13.43402099609375,-11.47208309173584,-3.084787607192993,6.315037727355957,15.989720344543457
16.361949920654297,15.135892868041992,14.715566635131836,11.423778533935547,13.298014640808105,9.894474029541016,14.431973457336426,10.808640480041504,18.335552215576172,28.562320709228516,26.33544921875,18.892711639404297,15.047811508178711,13.664386749267578,12.422897338867188,11.94994068145752,11.490358352661133,10.37124252319336,9.48849105834961,8.613040924072266,7.084065914154053,5.317734241485596,3.9856455326080322,2.6357169151306152,1.1439745426177979,0.2564461827278137,-0.3826100826263428,-0.668998122215271,-0.46632876992225647,-0.008608447387814522,-0.7279331684112549,-3.7471745014190674,-6.2796502113342285,-11.130532264709473,-13.729004859924316,-11.584742546081543,-6.543732643127441,-3.2017250061035156,-3.018156051635742,-7.716413974761963,-1.605448603630066,12.476242065429688,23.154909133911133,29.710418701171875
14.573835372924805,15.021443367004395,16.09859275817871,17.644248962402344,21.710525512695312,17.637676239013672,19.471717834472656,12.458659172058105,17.55791473388672,27.643634796142578,23.799335479736328,16.605998992919922,13.187234878540039,11.766263008117676,11.20715618133545,11.112921714782715,10.572012901306152,9.54068660736084,8.473593711853027,7.265664100646973,5.75823974609375,4.238637447357178,3.080984354019165,1.4911950826644897,0.2174769788980484,-0.6710115671157837,-1.294377326965332,-1.2229686975479126,-0.9081867933273315,-0.8814653158187866,-1.4274276494979858,-4.4053263664245605,-7.982118129730225,-12.57281494140625,-14.225481986999512,-14.188698768615723,-11.986092567443848,-7.79410457611084,-9.4994535446167,-3.197108745574951,11.217056274414062,26.50628089904785,34.8521614074707,38.41497039794922
17.495201110839844,18.367542266845703,18.927988052368164,20.70853042602539,23.846364974975586,19.611845016479492,19.27090835571289,14.544363975524902,21.56050682067871,28.138294219970703,20.058645248413086,12.581040382385254,10.994800567626953,10.753416061401367,10.5310640335083,10.242524147033691,9.446100234985352,8.349820137023926,6.93474817276001,5.712525844573975,4.565459251403809,3.3848180770874023,1.9527606964111328,0.4515247046947479,-0.66507887840271,-1.9547847509384155,-2.155353307723999,-1.825437068939209,-2.047919988632202,-2.4546196460723877,-3.373833179473877,-6.580872058868408,-10.578392028808594,-14.118292808532715,-14.651995658874512,-12.034613609313965,-6.449409484863281,-9.320659637451172,-4.2051310539245605,6.948971748352051,16.900447845458984,25.158126831054688,31.79644203186035,35.85932540893555
19.491413116455078,21.185470581054688,22.23214340209961,23.6643123626709,23.414669036865234,17.10210609436035,19.584449768066406,21.094074249267578,25.657878875732422,24.113567352294922,14.8512601852417,9.47391414642334,9.674304008483887,9.678268432617188,9.564244270324707,9.584349632263184,8.847414016723633,6.958591938018799,5.14617919921875,3.904994010925293,3.277650833129883,2.0021519660949707,0.7248694896697998,-0.607260525226593,-1.4811869859695435,-3.0491015911102295,-3.0160861015319824,-2.301323890686035,-3.2398898601531982,-4.300512313842773,-6.758541107177734,-10.740676879882812,-12.399831771850586,-10.295595169067383,-8.98719310760498,-8.018760681152344,-7.213702201843262,-0.7207023501396179,14.316305160522461,26.05810546875,30.305877685546875,29.682209014892578,30.887836456298828,33.5172233581543
21.290748596191406,23.70896339416504,23.899150848388672,24.726665496826172,17.5882568359375,16.62849235534668,20.366975784301758,20.064300537109375,20.019084930419922,16.991445541381836,9.867305755615234,7.258002281188965,7.935502529144287,8.403350830078125,9.031311988830566,8.969155311584473,7.503835678100586,5.048638343811035,3.512420654296875,2.5181734561920166,1.736404538154602,0.5001663565635681,-0.7223697304725647,-1.3598445653915405,-2.2085204124450684,-3.284961223602295,-3.9937493801116943,-3.6238768100738525,-4.726233959197998,-7.770952224731445,-10.002842903137207,-12.096808433532715,-11.600004196166992,-10.857913970947266,-13.429410934448242,-14.598864555358887,-10.437386512756348,4.944507598876953,22.99724769592285,33.22557830810547,33.687442779541016,30.500619888305664,32.133453369140625,35.08005142211914
22.403743743896484,23.324575424194336,23.26403045654297,24.517799377441406,14.7992525100708,16.899316787719727,19.286855697631836,18.533302307128906,17.073875427246094,12.160938262939453,7.24668550491333,6.203500747680664,7.099885940551758,7.651549816131592,7.260638236999512,6.1192498207092285,4.267230033874512,2.1122071743011475,1.322259545326233,0.647161602973938,-0.004895429592579603,-1.079108476638794,-1.842752456665039,-2.4283599853515625,-3.159592866897583,-4.06904935836792,-6.061761379241943,-7.027887344360352,-8.696508407592773,-10.907511711120605,-12.546072006225586,-12.1472749710083,-13.515837669372559,-14.835548400878906,-11.613832473754883,-3.4784929752349854,3.2185354232788086,15.832438468933105,28.975156784057617,33.37199020385742,31.27126693725586,31.250810623168945,35.558658599853516,38.36609649658203
22.116973876953125,21.76056671142578,21.27690887451172,22.5146541595459,13.941046714782715,15.426207542419434,20.514101028442383,20.334136962890625,16.874399185180664,10.84886646270752,6.364462852478027,5.122281074523926,5.4307403564453125,5.36397647857666,3.7913460731506348,2.522763252258301,3.0495944023132324,1.3903782367706299,-0.8658151626586914,-1.4281078577041626,-1.9627363681793213,-2.118104934692383,-3.010159969329834,-3.229964256286621,-3.252291679382324,-4.724994659423828,-8.3347749710083,-8.588122367858887,-9.181232452392578,-8.868521690368652,-12.198600769042969,-13.514066696166992,-15.200536727905273,-10.832070350646973,4.41377592086792,17.330564498901367,21.854503631591797,27.525726318359375,33.03966522216797,34.77609634399414,33.450584411621094,34.9838752746582,37.549766540527344,39.019283294677734
21.811174392700195,19.9278507232666,19.246562957763672,17.819318771362305,16.077524185180664,18.070032119750977,19.667951583862305,21.24335289001465,21.001447677612305,10.674296379089355,5.116150856018066,3.277679443359375,2.6217360496520996,2.650913953781128,1.8472588062286377,0.3384799659252167,1.4755653142929077,1.8586732149124146,-0.6072431206703186,-2.467944622039795,-3.3460381031036377,-3.4726293087005615,-3.871150255203247,-4.747100353240967,-4.907790660858154,-6.913821697235107,-9.948431968688965,-9.02404499053955,-9.96430778503418,-11.402103424072266,-14.710519790649414,-17.892601013183594,-16.428205490112305,-5.866419315338135,15.169012069702148,24.540569305419922,27.9534854888916,31.421783447265625,35.251834869384766,36.89970397949219,35.389678955078125,36.400150299072266,36.623592376708984,35.77865982055664
21.08388900756836,18.96677589416504,16.739757537841797,14.144363403320312,15.447940826416016,16.9482479095459,14.950523376464844,17.43008804321289,18.566743850708008,9.549545288085938,5.041877746582031,2.1878063678741455,1.4840532541275024,0.7314336895942688,0.8689040541648865,-1.2635935544967651,-1.476753830909729,-1.2352358102798462,-1.7582075595855713,-2.9012513160705566,-3.6685805320739746,-4.416433334350586,-4.250876426696777,-6.779258728027344,-6.00521993637085,-7.2855658531188965,-9.32111930847168,-9.302839279174805,-12.002232551574707,-11.910222053527832,-10.576216697692871,-9.82808780670166,-8.22302532196045,0.8826475143432617,15.03367805480957,26.869966506958008,32.63527297973633,35.26647186279297,36.174705505371094,36.54817581176758,37.72673797607422,37.047874450683594,34.50725173950195,31.889404296875
21.815616607666016,17.646291732788086,14.327934265136719,11.105521202087402,11.63931655883789,14.052687644958496,17.356266021728516,18.537349700927734,14.003983497619629,9.23153018951416,4.783035755157471,1.7518802881240845,1.3419687747955322,0.22703441977500916,0.5301283597946167,-1.3858492374420166,-2.9864320755004883,-3.951874017715454,-4.649715900421143,-5.462307929992676,-5.477579116821289,-5.20257043838501,-4.7573466300964355,-6.625585556030273,-7.783788204193115,-8.279600143432617,-11.494989395141602,-12.918828010559082,-13.858485221862793,-13.200084686279297,-8.99713134765625,-5.472723007202148,0.5114836096763611,10.305062294006348,20.34524154663086,29.46065330505371,34.11184310913086,34.33085250854492,33.96828842163086,35.64548110961914,37.55216979980469,37.766841888427734,35.773345947265625,33.3187370300293
24.57157325744629,19.378860473632812,13.703398704528809,9.734061241149902,11.811230659484863,14.644472122192383,19.09829330444336,16.937681198120117,11.663715362548828,7.532670021057129,5.573906898498535,4.4956817626953125,0.48951101303100586,-0.3873295187950134,-0.8939164876937866,-1.5049235820770264,-3.169916868209839,-4.728816509246826,-5.649592399597168,-6.720676422119141,-6.474822521209717,-6.015423774719238,-6.181301593780518,-7.888457775115967,-8.222273826599121,-7.770661354064941,-10.060637474060059,-13.076278686523438,-15.891036987304688,-13.954545974731445,-8.390435218811035,-6.046698093414307,7.0577006340026855,21.053621292114258,29.195032119750977,33.213748931884766,33.916175842285156,32.47156524658203,31.39215850830078,32.54584503173828,33.443084716796875,34.677242279052734,35.16559600830078,36.446231842041016
26.5701847076416,21.472827911376953,14.474024772644043,10.379171371459961,11.857233047485352,14.622568130493164,16.335725784301758,14.326106071472168,10.520805358886719,6.641266822814941,6.057891845703125,6.3252716064453125,4.287387371063232,0.5110255479812622,-1.7203648090362549,-1.7957643270492554,-3.540257453918457,-5.555911064147949,-6.123250484466553,-7.35969352722168,-7.70830774307251,-7.751266956329346,-8.920177459716797,-9.956061363220215,-9.0153226852417,-6.042769908905029,0.38103798031806946,5.202434539794922,-4.282156944274902,-6.373660564422607,-2.8391647338867188,1.7397881746292114,14.936078071594238,26.048416137695312,31.372987747192383,32.061492919921875,30.379201889038086,28.78784942626953,27.603748321533203,27.542682647705078,27.87053108215332,34.61006164550781,38.887027740478516,38.2789306640625
27.191070556640625,24.548297882080078,16.156314849853516,10.992045402526855,10.649750709533691,11.64492416381836,13.055096626281738,14.408968925476074,11.832682609558105,6.4175310134887695,4.818118572235107,11.169833183288574,9.605198860168457,0.9417804479598999,-1.8527400493621826,-2.862131357192993,-4.55248498916626,-6.442665100097656,-7.036109447479248,-7.588415145874023,-9.044622421264648,-8.692623138427734,-8.647660255432129,-9.047650337219238,-8.591233253479004,-4.326843738555908,8.19704532623291,5.843952655792236,-8.755199432373047,-2.9881601333618164,5.030811786651611,15.460223197937012,25.08995819091797,31.13021469116211,32.694278717041016,29.814682006835938,25.91036605834961,24.024126052856445,22.91895866394043,22.330801010131836,30.36039161682129,41.076446533203125,41.429325103759766,37.39985275268555
27.359844207763672,23.828073501586914,16.53511619567871,11.783256530761719,10.144024848937988,10.514748573303223,13.171494483947754,16.18720245361328,13.891475677490234,9.658367156982422,9.672455787658691,9.65777587890625,7.161098480224609,1.4716142416000366,-3.4932820796966553,-4.5336079597473145,-5.619563579559326,-8.323887825012207,-9.750693321228027,-10.256963729858398,-12.573846817016602,-9.657774925231934,-7.313185691833496,-7.423333644866943,-9.942950248718262,-9.244623184204102,-0.7047967314720154,-4.370781898498535,-8.632048606872559,-1.2290644645690918,13.523055076599121,23.763946533203125,30.014495849609375,32.689002990722656,31.64556121826172,24.870790481567383,20.409507751464844,19.149084091186523,19.402324676513672,26.550535202026367,38.09309005737305,41.444278717041016,41.81789016723633,44.49356460571289
25.820053100585938,20.154619216918945,14.205050468444824,10.807787895202637,11.752320289611816,11.91063117980957,14.566963195800781,16.26844024658203,12.462933540344238,10.16987419128418,7.060953140258789,3.890639543533325,1.3957017660140991,-1.632226586341858,-5.134274959564209,-6.705932140350342,-7.9766669273376465,-10.28602409362793,-12.251704216003418,-13.307230949401855,-13.126543045043945,-3.8986892700195312,-5.356740474700928,-4.34465217590332,-7.15965461730957,-7.946280479431152,-7.227031707763672,-5.745316505432129,-3.704103469848633,9.520926475524902,22.40367889404297,28.25797462463379,30.03622817993164,30.070276260375977,26.414066314697266,20.9715518951416,19.85064697265625,19.104930877685547,21.073148727416992,28.951213836669922,35.7087516784668,39.869354248046875,44.90229797363281,47.69270324707031
