data/wind_data/wind_33_6.json
{"header": {"parameterUnit": "KT", "parameterCategory": 2, "nx": 256, "ny": 198, "lo1": 44.73521041870117, "la1": -3.236724853515625, "lo2": 111.26478576660156, "la2": 43.468475341796875, "dx": 0.2609002888202667, "dy": -0.23708222806453705, "refTime": "2025-02-20 09:00:00", "forecastTime": 0, "parameterNumber": 2, "parameterNumberName": "eastward_wind"}, "data":
[rows 140 to 159 of 198, columns 45 to 89 of 256]
85.02661895751953,83.19380950927734,81.26948547363281,79.09034729003906,76.86392974853516,74.559326171875,72.33857727050781,70.50525665283203,68.10232543945312,64.26699829101562,61.41463851928711,61.36872482299805,61.650821685791016,60.667869567871094,59.676578521728516,60.12498092651367,62.832027435302734,66.80586242675781,71.08973693847656,74.78947448730469,77.62848663330078,80.25870513916016,82.33729553222656,83.4094009399414,84.33045196533203,85.88279724121094,87.52979278564453,88.4735336303711,88.94699096679688,89.56289672851562,90.13135528564453,90.15834045410156,89.99226379394531,89.7594985961914,88.44558715820312,85.47782135009766,81.57645416259766,77.67630767822266,74.21582794189453,71.38739013671875,68.98139953613281,66.80894470214844,65.33702850341797,64.40511322021484,63.57805252075195
82.99244689941406,79.44275665283203,75.52448272705078,71.82946014404297,68.44154357910156,65.25591278076172,62.46800231933594,59.286685943603516,56.0854377746582,54.645050048828125,54.85997009277344,55.96717071533203,57.35844039916992,58.700408935546875,59.93260955810547,62.393577575683594,66.23865509033203,70.52843475341797,74.64938354492188,77.83342742919922,79.8575668334961,81.67774963378906,83.1082763671875,84.00736236572266,85.2695083618164,86.96859741210938,88.2917251586914,89.01644134521484,89.71460723876953,90.45374298095703,90.58409118652344,90.23812866210938,90.05937194824219,89.1685562133789,86.35733795166016,82.13512420654297,77.89846801757812,74.35896301269531,71.40809631347656,68.79768371582031,66.43733215332031,64.37596130371094,63.110042572021484,62.819576263427734,62.75655746459961
81.24711608886719,77.63202667236328,73.56204223632812,69.4176025390625,65.3189697265625,61.94841766357422,59.061092376708984,55.9158821105957,53.461097717285156,52.6577262878418,53.04463577270508,54.26598358154297,55.92006301879883,57.82756042480469,60.563018798828125,64.46086120605469,68.7356948852539,72.85708618164062,76.33830261230469,78.30770111083984,78.90969848632812,79.48371124267578,80.33692169189453,81.75634002685547,84.01791381835938,86.48970031738281,88.30010223388672,89.53280639648438,90.59807586669922,90.96653747558594,90.49349975585938,90.185302734375,89.71632385253906,87.4522476196289,83.24059295654297,78.38249969482422,74.17282104492188,70.858154296875,68.20503997802734,66.14752197265625,64.40213012695312,62.97760772705078,62.1357536315918,62.2018928527832,62.829307556152344
80.07188415527344,77.3724136352539,74.9686050415039,72.63494110107422,69.7557601928711,66.82357025146484,64.26393127441406,61.72602081298828,58.89558029174805,56.33419418334961,55.128143310546875,55.441349029541016,56.55472946166992,59.00048828125,62.677207946777344,66.33921813964844,69.73870849609375,72.94158935546875,75.29996490478516,76.07341003417969,76.04618835449219,76.6982192993164,78.4722900390625,81.40580749511719,84.73574829101562,87.50494384765625,89.37191009521484,90.59334564208984,91.23422241210938,90.91578674316406,90.43574523925781,90.22181701660156,88.42947387695312,84.03690338134766,78.70220947265625,74.08246612548828,70.64305877685547,68.00920867919922,65.55632019042969,64.04624938964844,63.4837760925293,62.95479965209961,62.414241790771484,62.3591423034668,63.12902069091797
78.87600708007812,77.26969146728516,75.79689025878906,74.2642822265625,72.45417785644531,70.17733764648438,68.44078826904297,67.50462341308594,66.8149642944336,65.90147399902344,63.84920883178711,61.965232849121094,62.0653076171875,64.18678283691406,67.01775360107422,69.68269348144531,71.97457885742188,74.00251007080078,75.15323638916016,75.40519714355469,75.67595672607422,76.81861114501953,79.22723388671875,82.64886474609375,85.98329162597656,88.5380630493164,90.41192626953125,91.44451141357422,91.25909423828125,90.7953872680664,90.84899139404297,89.58585357666016,85.33116912841797,79.11471557617188,73.27960968017578,69.13544464111328,66.36135864257812,64.73626708984375,63.584957122802734,62.6851921081543,62.79239273071289,63.37285232543945,63.29325866699219,62.951805114746094,63.11682891845703
77.88777160644531,76.83006286621094,75.20709991455078,73.26908874511719,71.65404510498047,70.22205352783203,69.3135757446289,69.7625732421875,71.36942291259766,72.78950500488281,72.58892822265625,70.852294921875,69.2589340209961,69.36420440673828,71.23465728759766,73.7884750366211,75.88206481933594,77.14310455322266,77.4846420288086,77.5086669921875,77.97389221191406,79.43608856201172,82.09575653076172,85.31640625,88.1717529296875,90.37605285644531,91.71595001220703,91.83224487304688,91.47489166259766,91.6202163696289,90.76461791992188,86.48069763183594,79.82459259033203,73.29521179199219,67.96131134033203,64.58240509033203,62.59983825683594,61.77629089355469,62.11204528808594,62.3707160949707,61.968936920166016,62.52185821533203,63.3006591796875,63.57962417602539,63.35820007324219
77.35154724121094,76.1995620727539,74.3974838256836,72.48409271240234,70.8460693359375,69.6891860961914,69.22512817382812,70.08281707763672,72.1920166015625,74.1251220703125,74.85587310791016,74.43241119384766,72.97245025634766,72.41194152832031,74.26824188232422,76.94536590576172,78.93671417236328,79.94853973388672,80.32644653320312,80.53303527832031,81.23271942138672,83.18877410888672,86.149658203125,89.01123046875,91.12781524658203,92.21297454833984,91.97373962402344,91.43494415283203,91.9758071899414,91.79744720458984,87.76949310302734,80.30802917480469,72.88754272460938,67.310546875,63.03572082519531,60.81745910644531,60.30315399169922,60.466331481933594,61.26041030883789,62.12504577636719,61.78997802734375,60.85663986206055,60.898590087890625,62.393821716308594,64.35163879394531
76.72301483154297,75.59326171875,74.0419692993164,72.65493774414062,71.09073638916016,70.03981018066406,69.99124908447266,70.67642211914062,72.02680206298828,73.33808898925781,74.23683166503906,74.57195281982422,73.88983154296875,74.09667205810547,76.36993408203125,79.23550415039062,81.37605285644531,82.62542724609375,83.08184814453125,83.2507095336914,84.37159729003906,86.78702545166016,89.49333190917969,91.52488708496094,92.50920867919922,92.12747192382812,91.33750915527344,91.7088623046875,91.59703826904297,87.65057373046875,80.12794494628906,72.14097595214844,66.04051971435547,61.967472076416016,59.3660774230957,58.68065643310547,59.11029815673828,59.82175827026367,60.86516571044922,61.58287048339844,61.69944763183594,60.76630401611328,59.11874008178711,58.46919631958008,62.472190856933594
75.47074127197266,74.71004486083984,73.74662780761719,72.97998809814453,71.95514678955078,71.41017150878906,71.6292495727539,72.23234558105469,73.33183288574219,74.48287963867188,75.49329376220703,75.95791625976562,75.7518310546875,76.57099914550781,79.13003540039062,82.1055679321289,84.25960540771484,85.13773345947266,85.15104675292969,85.44436645507812,86.9437484741211,89.09074401855469,90.83523559570312,91.72562408447266,91.64988708496094,91.28567504882812,91.72064971923828,91.26153564453125,86.55352783203125,78.19689178466797,69.93814849853516,63.87628936767578,60.130638122558594,58.207130432128906,57.49221420288086,57.94767761230469,58.583621978759766,59.12278747558594,60.16259765625,60.82937240600586,60.74644470214844,60.362335205078125,59.36039352416992,57.37187957763672,58.24481201171875
73.3359146118164,73.34082794189453,73.14322662353516,73.06643676757812,72.86931610107422,72.96397399902344,73.52777099609375,74.7264633178711,76.39701080322266,77.54528045654297,78.15679931640625,78.33084869384766,78.4500961303711,79.51355743408203,81.89070129394531,84.58951568603516,86.23221588134766,86.51788330078125,86.41622924804688,86.88251495361328,88.18605041503906,89.63162994384766,90.57491302490234,90.755859375,90.83454895019531,91.51191711425781,90.54962921142578,84.89495849609375,75.73760223388672,67.221923828125,61.560272216796875,58.3735466003418,56.84607696533203,56.51348114013672,56.78025436401367,57.51887893676758,58.17111587524414,58.46806716918945,59.030391693115234,59.3398551940918,59.39402770996094,59.414058685302734,58.90303039550781,57.640323638916016,57.286048889160156
70.5280990600586,71.36075592041016,71.9372787475586,72.4974136352539,73.12651062011719,73.93959045410156,75.0268325805664,76.52489471435547,78.20685577392578,79.37653350830078,79.88687896728516,80.2549819946289,80.60933685302734,81.53562927246094,83.57716369628906,85.76539611816406,86.81111145019531,86.87339782714844,86.88778686523438,87.49388122558594,88.5850830078125,89.71244049072266,90.35282135009766,90.79519653320312,91.14542388916016,89.06127166748047,82.22982025146484,72.7290267944336,64.69898223876953,59.74277114868164,57.28067398071289,56.28761291503906,55.969200134277344,55.94586944580078,56.10654067993164,56.519004821777344,56.91618728637695,57.28043746948242,57.83833694458008,57.966617584228516,57.93153762817383,58.32895278930664,58.31043243408203,57.17587661743164,56.87152862548828
67.56333923339844,68.79611206054688,69.8007583618164,70.9469985961914,72.34644317626953,73.63736724853516,74.8092041015625,76.07783508300781,77.40685272216797,78.24861145019531,79.05937957763672,79.90711212158203,80.19906616210938,81.23530578613281,83.44248962402344,85.266845703125,86.09831237792969,86.43586730957031,87.02020263671875,88.04640197753906,89.12865447998047,89.86575317382812,90.14866638183594,89.38280487060547,85.49484252929688,77.48269653320312,68.24412536621094,61.25727081298828,57.42718505859375,55.93484115600586,55.546695709228516,55.39230728149414,55.30537414550781,55.381893157958984,55.50864028930664,55.590232849121094,55.57775115966797,55.7713623046875,56.50025177001953,57.00215530395508,57.00149154663086,57.30385971069336,57.60020446777344,56.528602600097656,55.421451568603516
64.14482879638672,65.34117889404297,66.5833511352539,68.33351135253906,70.14918518066406,71.37959289550781,72.34458923339844,73.34754180908203,74.5122299194336,75.85089874267578,76.77792358398438,76.91980743408203,77.43966674804688,79.19807434082031,81.26021575927734,82.9276123046875,84.16889953613281,85.1178970336914,86.0931167602539,87.006591796875,87.3805160522461,86.76349639892578,84.30955505371094,78.83292388916016,70.78160095214844,62.64955520629883,57.008277893066406,54.34263610839844,53.682674407958984,53.934356689453125,54.1381721496582,54.10380172729492,54.272098541259766,54.663997650146484,55.08409881591797,55.335723876953125,55.16264724731445,54.90146255493164,55.15249252319336,55.78321838378906,56.23326110839844,56.511573791503906,56.6750602722168,55.522220611572266,53.3693962097168
59.6124267578125,60.890525817871094,62.54678726196289,64.51811981201172,66.01661682128906,66.80967712402344,67.77976989746094,69.35416412353516,71.0040283203125,71.91827392578125,71.92750549316406,72.2316665649414,73.51734924316406,75.3925552368164,77.24890899658203,78.87007904052734,80.01555633544922,81.0186767578125,81.6990966796875,81.53488159179688,80.12806701660156,76.82827758789062,71.13423156738281,63.995147705078125,57.58692932128906,53.22511672973633,51.31009292602539,51.23346710205078,51.60790252685547,51.93804931640625,52.2640495300293,52.68911361694336,53.36054229736328,54.07014465332031,54.689971923828125,55.19411849975586,55.194091796875,54.75489807128906,54.345726013183594,54.445831298828125,55.11073684692383,55.63862609863281,55.62460708618164,54.28410339355469,51.11223220825195
54.88311767578125,56.423343658447266,58.273563385009766,59.69932556152344,60.29523849487305,60.89035415649414,62.35374069213867,63.77351760864258,64.43540954589844,64.74732208251953,65.68859100341797,67.32876586914062,69.38153076171875,71.31663513183594,72.96153259277344,74.24163055419922,75.16789245605469,75.38020324707031,74.7020034790039,73.04911041259766,69.43608093261719,63.668235778808594,57.6444206237793,53.003135681152344,50.167415618896484,48.99055480957031,48.90964889526367,49.21178436279297,49.52132797241211,50.112083435058594,51.00090789794922,51.914703369140625,52.74342727661133,53.513790130615234,54.27740478515625,54.98923873901367,55.22555923461914,54.859500885009766,54.13749313354492,53.379215240478516,53.62163543701172,54.31715774536133,54.39487075805664,52.843482971191406,48.878135681152344
51.390933990478516,52.897071838378906,54.163414001464844,54.918636322021484,55.48878479003906,56.20177459716797,56.958892822265625,57.34202575683594,57.91101837158203,59.51350784301758,61.98748016357422,64.62969207763672,66.91654205322266,68.80199432373047,70.2413101196289,70.79141235351562,70.17066192626953,68.73851776123047,66.40770721435547,62.282127380371094,56.82643508911133,51.98197555541992,48.76968765258789,47.16871643066406,46.828243255615234,47.09310531616211,47.410667419433594,47.67116928100586,48.10886001586914,49.02802658081055,50.163875579833984,51.181884765625,52.04762649536133,52.93354034423828,53.92406463623047,54.7466926574707,55.02771759033203,54.702064514160156,54.03097152709961,52.8460807800293,52.218624114990234,52.50852966308594,52.3421745300293,50.656349182128906,46.695308685302734
47.23109817504883,48.42800521850586,49.520931243896484,50.56317138671875,51.60964584350586,52.41413879394531,53.05686950683594,54.00553894042969,55.96211624145508,58.84126663208008,61.92900085449219,64.42464447021484,66.06756591796875,66.87944793701172,66.33512115478516,64.8528823852539,62.82918167114258,59.75033950805664,55.47563934326172,51.01451873779297,47.457794189453125,45.268802642822266,44.40022277832031,44.5466423034668,45.16854476928711,45.84903335571289,46.553985595703125,47.245914459228516,47.955989837646484,48.836429595947266,49.67891311645508,50.475460052490234,51.4305419921875,52.49831771850586,53.56005859375,54.32600784301758,54.524784088134766,54.190799713134766,53.65928268432617,52.6434326171875,51.43928146362305,50.74716567993164,49.58921813964844,47.36674118041992,43.90483093261719
42.40757751464844,43.54804611206055,44.78670883178711,46.371707916259766,47.970149993896484,49.48532485961914,51.355308532714844,53.712989807128906,56.65619659423828,59.55550765991211,61.627803802490234,62.35224533081055,61.91539001464844,60.621543884277344,58.75078201293945,56.45265197753906,53.4249382019043,49.7391242980957,46.2576789855957,43.67992401123047,42.24262619018555,41.96388626098633,42.29887008666992,42.9694938659668,44.05947494506836,45.29529571533203,46.44533157348633,47.45893096923828,48.31707763671875,49.05708694458008,49.59587860107422,50.155311584472656,50.99629211425781,51.96406555175781,52.94688034057617,53.74115753173828,54.134857177734375,53.902584075927734,53.089569091796875,52.00772476196289,50.70773696899414,49.18857955932617,46.96805191040039,43.99477005004883,40.6567268371582
37.7116584777832,39.06973648071289,41.026790618896484,43.14706802368164,45.16362380981445,47.17918395996094,49.45241165161133,52.1218147277832,54.49783706665039,55.794288635253906,56.05806350708008,55.441715240478516,54.16246032714844,52.482181549072266,50.229366302490234,47.450172424316406,44.60850143432617,41.91918182373047,40.10401153564453,39.557769775390625,39.69562530517578,40.07840347290039,40.805137634277344,42.0919303894043,43.69740295410156,45.10383605957031,46.33038330078125,47.50756072998047,48.469825744628906,49.12663269042969,49.57683563232422,50.047603607177734,50.57447052001953,51.2506103515625,52.33073425292969,53.3240966796875,53.87794494628906,53.78697967529297,52.53815460205078,50.7710075378418,49.15811538696289,47.33030700683594,44.663543701171875,41.32307052612305,37.95700454711914
36.05457305908203,37.376338958740234,38.96361541748047,40.416709899902344,41.73986053466797,43.2014274597168,45.17469787597656,47.070796966552734,48.091331481933594,48.38902282714844,48.48707580566406,47.95368194580078,46.44070816040039,44.34182357788086,41.879798889160156,39.70508575439453,38.09788131713867,37.01416778564453,36.940208435058594,37.5257568359375,38.1021728515625,39.02558898925781,40.4382438659668,41.9726676940918,43.400970458984375,44.76628875732422,46.17854309082031,47.54634094238281,48.59417724609375,49.18985366821289,49.48020935058594,49.773681640625,50.15846252441406,50.78526306152344,51.985225677490234,53.12820053100586,53.53660583496094,53.17061996459961,51.5853271484375,49.18889617919922,46.9318962097168,44.93760299682617,42.416297912597656,39.1186408996582,35.8037109375
