data/wind_data/wind_28_8.json
{"header": {"parameterUnit": "KT", "parameterCategory": 2, "nx": 256, "ny": 198, "lo1": 44.73521041870117, "la1": -3.236724853515625, "lo2": 111.26478576660156, "la2": 43.468475341796875, "dx": 0.2609002888202667, "dy": -0.23708222806453705, "refTime": "2025-02-20 04:00:00", "forecastTime": 0, "parameterNumber": 2, "parameterNumberName": "eastward_wind"}, "data":
[rows 0 to 18 of 198, columns 44 to 87 of 256]
-1.1919766664505005,-0.8318120241165161,-0.9274962544441223,-1.3239911794662476,-0.8235703706741333,0.21525782346725464,0.8235430121421814,1.0975068807601929,0.7034624814987183,0.1465529352426529,0.358989417552948,0.5088447332382202,-0.2564953863620758,-1.0094925165176392,-1.123788595199585,-1.387890338897705,-2.219758987426758,-2.636995315551758,-2.3012523651123047,-2.2689383029937744,-2.703711748123169,-2.8040030002593994,-2.5517356395721436,-2.292479991912842,-1.9735676050186157,-1.1432558298110962,-0.049550022929906845,0.36723944544792175,0.4585531949996948,0.7596186399459839,1.0699387788772583,1.1709085702896118,1.3436639308929443,1.801102638244629,2.607041835784912,4.224760055541992,4.987421035766602,3.80873441696167,3.1762783527374268,3.800821542739868,4.237707614898682,4.326894283294678,4.278143882751465,4.099000453948975
-2.334380865097046,-2.109692096710205,-2.1629059314727783,-2.016317367553711,-0.9774600863456726,0.1276790201663971,0.09943532198667526,-0.33944326639175415,-1.187864899635315,-2.2712366580963135,-2.162598133087158,-1.4128937721252441,-1.250592827796936,-1.8328113555908203,-2.4291117191314697,-2.8350093364715576,-3.379600763320923,-3.4553415775299072,-2.8322105407714844,-2.5624914169311523,-2.849790573120117,-2.9587180614471436,-2.844797372817993,-2.543145179748535,-2.2149109840393066,-1.7535312175750732,-0.9110791087150574,-0.2287171483039856,0.04223495349287987,0.22765113413333893,0.9598630666732788,1.8936444520950317,2.190966844558716,2.123339891433716,1.9496996402740479,2.396714925765991,3.4911293983459473,3.9037678241729736,4.118498802185059,4.6432061195373535,4.514352798461914,3.842982769012451,3.5052525997161865,3.6895065307617188
-6.254059791564941,-5.975407123565674,-5.455547332763672,-4.693531036376953,-3.910719871520996,-3.461158037185669,-2.784985303878784,-1.8346174955368042,-2.1353509426116943,-3.1393604278564453,-3.2138919830322266,-2.610776424407959,-2.2480597496032715,-2.7220778465270996,-3.499455451965332,-3.9046778678894043,-4.377540111541748,-4.865258693695068,-4.7654619216918945,-4.20402193069458,-3.685365915298462,-3.4186291694641113,-3.141469717025757,-2.6410491466522217,-2.1894633769989014,-1.5904600620269775,-0.5109549164772034,0.033468082547187805,-0.1861814707517624,-0.08555161952972412,0.6873289346694946,1.6505428552627563,2.2682316303253174,2.50864839553833,2.3067686557769775,2.32739520072937,3.200726270675659,3.996694564819336,4.2998785972595215,4.403011798858643,4.063751220703125,3.3621208667755127,2.8692052364349365,2.743074893951416
-10.388325691223145,-9.807439804077148,-8.55942153930664,-7.555225372314453,-7.250209808349609,-6.781487941741943,-5.067806720733643,-3.3713812828063965,-3.5441296100616455,-4.236619472503662,-4.241768836975098,-3.9524917602539062,-3.693474769592285,-3.993546724319458,-4.639776706695557,-5.045588493347168,-5.5698628425598145,-6.225769519805908,-6.525210857391357,-5.981102466583252,-4.862030982971191,-4.000586986541748,-3.2641806602478027,-2.5286216735839844,-2.157921314239502,-1.6964753866195679,-0.863697350025177,-0.7937084436416626,-1.1202950477600098,-0.6985454559326172,0.15470413863658905,0.9857511520385742,1.6253715753555298,1.8998832702636719,1.650521993637085,1.4825009107589722,1.989340901374817,2.3645079135894775,2.280491590499878,2.1609296798706055,1.815714955329895,1.0145546197891235,0.15727367997169495,-0.17411348223686218
-16.280120849609375,-14.762114524841309,-12.771896362304688,-11.100556373596191,-9.789202690124512,-8.824344635009766,-8.018856048583984,-7.254559516906738,-6.6776628494262695,-6.411807537078857,-6.880389213562012,-7.701833248138428,-8.3178071975708,-8.542534828186035,-8.223384857177734,-7.806467533111572,-7.826354026794434,-8.250157356262207,-8.249300956726074,-7.185723304748535,-5.5877203941345215,-4.177332878112793,-3.2650492191314697,-3.277172088623047,-4.0799736976623535,-4.883541584014893,-4.654910564422607,-3.177417039871216,-1.4490824937820435,-0.4210536479949951,-0.0685366690158844,-0.19825182855129242,-0.14831289649009705,-0.052227795124053955,-0.6583659648895264,-1.0154362916946411,-0.7002795338630676,-1.3351911306381226,-2.061372995376587,-2.0031838417053223,-2.374441146850586,-3.442288875579834,-4.943685054779053,-5.780592441558838
-14.571158409118652,-14.64036750793457,-13.765067100524902,-12.452194213867188,-11.180705070495605,-10.333321571350098,-9.843817710876465,-9.441217422485352,-9.164031028747559,-9.707209587097168,-10.944812774658203,-11.860610961914062,-12.236790657043457,-12.081404685974121,-11.508708000183105,-10.888938903808594,-10.510087966918945,-10.28271484375,-9.578330039978027,-7.952692985534668,-5.859866619110107,-4.131556510925293,-3.3602540493011475,-3.4267783164978027,-3.793948173522949,-4.129761695861816,-4.045566558837891,-3.107286214828491,-1.641379714012146,-0.2902071177959442,0.6350427865982056,0.9891646504402161,0.7473336458206177,0.14522752165794373,-0.26858413219451904,-0.12769116461277008,0.7076616883277893,1.122723937034607,0.9696651101112366,1.3169586658477783,1.933048129081726,2.341655969619751,2.0391290187835693,0.8585007190704346
-12.742950439453125,-12.405104637145996,-12.200254440307617,-11.9688138961792,-11.443103790283203,-10.76659107208252,-10.192081451416016,-10.044583320617676,-10.52127456665039,-11.518647193908691,-12.393828392028809,-12.642585754394531,-12.50960922241211,-12.237959861755371,-11.967071533203125,-11.643487930297852,-11.225381851196289,-10.668097496032715,-9.740744590759277,-8.139151573181152,-6.229081630706787,-4.807592868804932,-4.237079620361328,-4.129771709442139,-4.102524280548096,-4.07332181930542,-3.6835782527923584,-2.704163074493408,-1.4096730947494507,-0.18003863096237183,0.7515522837638855,0.9045960307121277,0.4793691337108612,0.2753969430923462,0.8412004709243774,1.3471213579177856,1.254964828491211,1.236915946006775,1.5747567415237427,2.0145750045776367,3.1215364933013916,2.8315165042877197,1.4814497232437134,0.37671053409576416
-12.023764610290527,-11.437723159790039,-10.93686580657959,-10.645851135253906,-10.500993728637695,-10.25890064239502,-9.859575271606445,-9.738836288452148,-10.313976287841797,-11.16767692565918,-11.493969917297363,-11.2664213180542,-10.86324405670166,-10.61386489868164,-10.512028694152832,-10.447327613830566,-10.161260604858398,-9.592697143554688,-8.573482513427734,-7.141594409942627,-5.674052715301514,-4.6621270179748535,-4.164247989654541,-3.9474661350250244,-3.8498694896698,-3.7247774600982666,-3.157870292663574,-2.2222347259521484,-1.2743266820907593,-0.4164561331272125,0.3713186979293823,0.8497376441955566,0.9086700081825256,1.0517312288284302,1.5483351945877075,1.9094005823135376,1.292171597480774,1.5620185136795044,2.5170047283172607,3.452410936355591,4.3395586013793945,3.5896267890930176,2.1685245037078857,2.4158334732055664
-11.373226165771484,-10.630046844482422,-10.035279273986816,-9.671842575073242,-9.455389976501465,-9.23109245300293,-9.019851684570312,-8.975186347961426,-9.321639060974121,-9.79145336151123,-9.934738159179688,-9.547198295593262,-8.905635833740234,-8.416131019592285,-8.101072311401367,-7.861319541931152,-7.4881720542907715,-6.803199768066406,-5.769876956939697,-4.724965572357178,-3.9484825134277344,-3.551473617553711,-3.273038625717163,-2.967672109603882,-2.8337059020996094,-2.787224531173706,-2.5167839527130127,-2.0515694618225098,-1.1639363765716553,-0.6097816228866577,-0.38794928789138794,0.5805827975273132,1.3834209442138672,1.6852569580078125,2.1304171085357666,2.786963939666748,2.3367903232574463,1.3579039573669434,2.491964340209961,3.79522967338562,4.148839473724365,2.392620086669922,1.6127607822418213,3.3492062091827393
-10.987077713012695,-10.262227058410645,-9.613699913024902,-9.132180213928223,-8.596692085266113,-8.009342193603516,-7.662319183349609,-7.618247985839844,-7.888036251068115,-8.127896308898926,-8.132006645202637,-7.736969947814941,-6.980548858642578,-6.2622270584106445,-5.633780479431152,-5.0878753662109375,-4.436129570007324,-3.613515615463257,-2.830266237258911,-2.329317569732666,-2.345832347869873,-2.7041444778442383,-2.8069305419921875,-2.4405410289764404,-1.9364954233169556,-1.5420985221862793,-1.3879913091659546,-1.5689735412597656,-0.8709611892700195,-0.6417014598846436,-0.7293640971183777,0.34188324213027954,1.3070429563522339,1.5381221771240234,2.023959159851074,2.1196656227111816,2.380575180053711,2.170099973678589,2.741018772125244,3.8577589988708496,3.8647384643554688,2.334307909011841,2.27577543258667,3.253580093383789
-10.500185012817383,-9.962065696716309,-9.353545188903809,-8.794180870056152,-7.98739767074585,-6.903858661651611,-5.9358954429626465,-5.533361911773682,-5.681260585784912,-5.912903785705566,-5.986441612243652,-5.753024578094482,-5.155509948730469,-4.366763114929199,-3.6887221336364746,-3.0634546279907227,-2.291551351547241,-1.5036635398864746,-0.8889830112457275,-0.6468791961669922,-1.0079461336135864,-1.8387037515640259,-2.354807138442993,-2.211724042892456,-1.7257170677185059,-0.921166718006134,-0.6194324493408203,-0.968766987323761,-0.8768905401229858,-1.0589956045150757,-0.9034748673439026,0.2061164528131485,0.8940479159355164,0.7890975475311279,1.5207747220993042,1.6486284732818604,1.7332724332809448,2.224891185760498,2.084543466567993,2.639925003051758,3.112786293029785,2.109553098678589,2.534403085708618,2.9045169353485107
-9.918614387512207,-9.40953254699707,-8.809675216674805,-8.226056098937988,-7.435909271240234,-6.177590370178223,-4.720963478088379,-3.7525651454925537,-3.4113235473632812,-3.4616265296936035,-3.5698976516723633,-3.3776357173919678,-2.8682124614715576,-2.267000913619995,-1.764485478401184,-1.3982077836990356,-0.8560337424278259,-0.11757514625787735,0.45327094197273254,0.5953924655914307,0.21882908046245575,-0.6959816813468933,-1.4236775636672974,-1.6522026062011719,-1.7262959480285645,-1.3561019897460938,-1.0835556983947754,-1.1553188562393188,-1.3212966918945312,-1.8685111999511719,-1.8871724605560303,-0.35977357625961304,0.4405425190925598,0.4316311478614807,0.45656031370162964,0.6818109750747681,0.9265668988227844,1.3857225179672241,0.9821083545684814,0.889068603515625,2.048056125640869,1.2450851202011108,1.6249876022338867,2.8018553256988525
-10.051861763000488,-9.221427917480469,-8.398293495178223,-7.584470748901367,-6.623455047607422,-5.308726787567139,-3.8683955669403076,-2.7228589057922363,-2.1388678550720215,-1.9124424457550049,-1.7143959999084473,-1.2807585000991821,-0.6644245982170105,-0.16895076632499695,0.07494319975376129,0.21093860268592834,0.4738084077835083,1.06088387966156,1.5900840759277344,1.504664659500122,0.7802346348762512,-0.22902555763721466,-0.8943456411361694,-1.239309549331665,-1.7194005250930786,-1.953827977180481,-2.0588622093200684,-1.908200740814209,-1.7288316488265991,-2.42370343208313,-2.912040948867798,-1.6310946941375732,-0.7472098469734192,-0.39315685629844666,-0.45624542236328125,-0.42815548181533813,0.2106456160545349,0.1822838932275772,-0.3854341506958008,0.11248419433832169,0.5952388048171997,-0.4299205243587494,-0.3716069459915161,1.3162921667099
-10.434370994567871,-9.500948905944824,-8.613862037658691,-7.511772155761719,-6.120450019836426,-4.60028600692749,-3.147279977798462,-2.0946295261383057,-1.5011603832244873,-1.1567659378051758,-0.7523022294044495,-0.2117404043674469,0.3823026716709137,0.9021254777908325,1.2160165309906006,1.3511143922805786,1.5868864059448242,2.1100614070892334,2.4702720642089844,2.022271156311035,0.807399570941925,-0.3535909056663513,-0.9979707598686218,-1.445591926574707,-2.040525436401367,-2.4871108531951904,-2.7307167053222656,-2.5583794116973877,-2.0540549755096436,-2.5654492378234863,-3.329545021057129,-2.893285036087036,-2.4356496334075928,-1.7300220727920532,-1.4902849197387695,-0.742855429649353,-0.3671078085899353,-1.470258116722107,-2.0380358695983887,-1.2715142965316772,-0.1993800401687622,-0.2530384063720703,-1.231737732887268,0.16983507573604584
-10.471736907958984,-9.396590232849121,-8.592997550964355,-7.645601749420166,-6.361456394195557,-4.877866744995117,-3.41210675239563,-2.2762773036956787,-1.6252024173736572,-1.2345128059387207,-0.7102678418159485,-0.16291502118110657,0.3633270859718323,0.901429295539856,1.4534355401992798,1.8639808893203735,2.29034423828125,2.750563383102417,2.7314982414245605,2.0163962841033936,0.736571729183197,-0.5159010887145996,-1.258886694908142,-1.836748480796814,-2.5687217712402344,-3.1977837085723877,-3.1887755393981934,-2.9357407093048096,-2.4710633754730225,-2.406791925430298,-2.761504650115967,-3.4023101329803467,-3.8020567893981934,-3.1929705142974854,-2.2114431858062744,-1.5172138214111328,-1.8607274293899536,-2.559285879135132,-2.8420307636260986,-2.1819815635681152,-0.8509246706962585,-0.2111063301563263,-0.4098666310310364,-0.056511007249355316
-10.24125862121582,-8.90408706665039,-7.84667444229126,-7.010962963104248,-6.098791122436523,-5.0430169105529785,-3.865002393722534,-2.824532985687256,-2.2114064693450928,-1.8351736068725586,-1.3400709629058838,-0.695774257183075,-0.0067355516366660595,0.7724102139472961,1.5982569456100464,2.2920525074005127,2.753709077835083,2.950514793395996,2.6447336673736572,1.7365901470184326,0.6291066408157349,-0.39429017901420593,-1.1544040441513062,-1.9407671689987183,-2.8651857376098633,-3.46659517288208,-2.9915664196014404,-2.236422538757324,-2.161454677581787,-2.279294729232788,-2.452094554901123,-3.2780964374542236,-3.7127766609191895,-3.4986441135406494,-2.976162910461426,-3.1864728927612305,-3.99289608001709,-3.892774820327759,-3.579789876937866,-3.107846260070801,-2.0375561714172363,-1.0020751953125,-0.561106264591217,-0.2512044906616211
-9.705318450927734,-8.325081825256348,-6.994284152984619,-6.104315280914307,-5.361774444580078,-4.454357624053955,-3.4229485988616943,-2.544898509979248,-1.9999593496322632,-1.632197618484497,-1.2033942937850952,-0.5673429369926453,0.3008407950401306,1.1392505168914795,1.9941424131393433,2.727086305618286,3.1932685375213623,3.176287889480591,2.5891644954681396,1.4016318321228027,0.15284954011440277,-0.5288221836090088,-0.788921058177948,-1.6041264533996582,-2.486422300338745,-2.649487018585205,-2.153003454208374,-1.5514320135116577,-1.7283755540847778,-1.979906678199768,-2.202824115753174,-2.6442832946777344,-3.0755558013916016,-3.759075164794922,-3.7197961807250977,-3.834467649459839,-4.366203308105469,-4.689154148101807,-4.509397506713867,-4.148977279663086,-3.6170461177825928,-2.2255032062530518,-0.7578531503677368,0.04042666777968407
-8.672576904296875,-7.621042251586914,-6.376916885375977,-5.295063018798828,-4.456230163574219,-3.5950796604156494,-2.740290403366089,-1.981845498085022,-1.4400513172149658,-0.9404506087303162,-0.3836840093135834,0.19464470446109772,0.8761826157569885,1.573122262954712,2.2413394451141357,2.8612828254699707,3.295846462249756,3.2845890522003174,2.5475473403930664,0.9601806402206421,-0.47020190954208374,-0.9391347765922546,-0.807518720626831,-1.206153154373169,-1.8483377695083618,-1.958935022354126,-1.6053602695465088,-1.560348391532898,-1.726364016532898,-2.068277359008789,-2.401136875152588,-2.5074403285980225,-2.8521015644073486,-3.717663288116455,-4.142004489898682,-3.7339389324188232,-3.6588852405548096,-4.038273334503174,-4.164885997772217,-4.174798488616943,-3.9392507076263428,-2.460216999053955,-0.626254677772522,0.11459878087043762
-7.091617107391357,-6.368536949157715,-5.571460723876953,-4.5523223876953125,-3.582554578781128,-2.7541682720184326,-1.9959644079208374,-1.2040120363235474,-0.536091685295105,0.01020033098757267,0.4764898717403412,0.8064028024673462,1.070159912109375,1.4511536359786987,1.9797556400299072,2.572200059890747,3.0466558933258057,3.156208038330078,2.476710319519043,0.8954402804374695,-0.6132035851478577,-1.3402000665664673,-1.2541292905807495,-0.9791507124900818,-1.2500500679016113,-1.7675856351852417,-1.4353193044662476,-1.2579014301300049,-1.489235520362854,-2.020355463027954,-2.3442234992980957,-2.4750235080718994,-2.938162088394165,-3.5646800994873047,-3.9969279766082764,-3.590700387954712,-3.0926129817962646,-3.1572532653808594,-3.4490623474121094,-3.6206932067871094,-3.141746759414673,-2.08913516998291,-1.1461937427520752,-0.6109362244606018
