data/wind_data/wind_Surface_69.json
{"header": {"parameterUnit": "KT", "parameterCategory": 2, "nx": 255, "ny": 198, "lo1": 44.73521041870117, "la1": -3.236724853515625, "lo2": 111.26478576660156, "la2": 43.468475341796875, "dx": 0.26192745566368103, "dy": -0.23708222806453705, "refTime": "2025-02-21 21:00:00", "forecastTime": 0, "parameterNumber": 2, "parameterNumberName": "eastward_wind"}, "data":
[rows 152 to 170 of 198, columns 129 to 171 of 255]
-0.008615724742412567,7.464537620544434,7.848944664001465,6.396720886230469,10.966288566589355,16.158899307250977,17.50652313232422,17.558555603027344,14.529415130615234,15.055473327636719,19.751911163330078,19.339448928833008,14.4125394821167,11.769441604614258,11.104142189025879,8.771000862121582,8.525574684143066,9.840616226196289,11.488760948181152,12.472769737243652,12.896265029907227,12.945883750915527,12.485279083251953,12.024091720581055,11.545573234558105,11.823840141296387,11.50779914855957,12.685943603515625,13.65521240234375,10.273102760314941,3.334040403366089,0.2005208283662796,2.3798828125,4.838967800140381,5.648526191711426,5.166950225830078,5.592637538909912,7.087023735046387,8.734228134155273,9.9956693649292,10.56376838684082,12.44826602935791,15.913065910339355
7.406050682067871,10.79114818572998,12.183282852172852,11.044699668884277,14.983336448669434,17.930509567260742,15.944114685058594,13.451737403869629,12.590897560119629,14.766500473022461,16.516624450683594,16.306581497192383,14.232441902160645,10.948417663574219,8.680357933044434,9.08579158782959,10.41590404510498,11.478813171386719,12.796807289123535,12.441494941711426,12.153788566589355,12.058860778808594,9.29900074005127,8.471809387207031,10.94084358215332,15.258131980895996,15.777674674987793,11.116297721862793,5.629260063171387,0.32758113741874695,-0.10871172696352005,3.8718888759613037,5.143041133880615,7.4261393547058105,8.398573875427246,7.118168354034424,7.581794738769531,9.195133209228516,9.677431106567383,9.512681007385254,8.85045051574707,11.358499526977539,15.705129623413086
1.908347487449646,7.644301414489746,12.795106887817383,13.353883743286133,14.418272972106934,16.820846557617188,15.79454517364502,10.494084358215332,7.079164981842041,7.962774753570557,9.998111724853516,11.108624458312988,10.181600570678711,9.484249114990234,10.978092193603516,13.93099308013916,14.202779769897461,13.388309478759766,14.656909942626953,15.239297866821289,14.906747817993164,14.445440292358398,14.21474552154541,13.429777145385742,12.385554313659668,11.522201538085938,6.490874290466309,1.1169244050979614,1.4868758916854858,2.9405601024627686,4.2557477951049805,5.190784454345703,6.122560501098633,7.287161827087402,7.794017791748047,7.509053707122803,9.051700592041016,11.033679962158203,9.801172256469727,8.277050971984863,7.972714424133301,10.533705711364746,14.692872047424316
9.258270263671875,13.894353866577148,16.214435577392578,16.368558883666992,14.19182300567627,8.710622787475586,2.3855655193328857,-1.7801119089126587,0.4377564787864685,6.217458724975586,9.867862701416016,9.391265869140625,7.261122226715088,7.752740383148193,10.64723014831543,13.665966033935547,13.910601615905762,12.365886688232422,11.868213653564453,13.449546813964844,12.250984191894531,12.158665657043457,13.601593017578125,10.500868797302246,7.799473285675049,8.964749336242676,6.829678058624268,4.983189105987549,5.913263320922852,6.222091197967529,5.347624778747559,5.820967197418213,6.3931050300598145,7.378843784332275,8.951271057128906,8.736662864685059,9.817217826843262,9.384834289550781,8.005325317382812,9.289571762084961,10.36609935760498,11.303611755371094,13.309168815612793
14.038543701171875,19.753854751586914,20.214340209960938,18.159137725830078,6.971185207366943,-2.280492067337036,-3.5202951431274414,-1.921221137046814,4.212738513946533,12.81362247467041,18.90247917175293,19.17844581604004,17.011810302734375,15.420934677124023,15.667855262756348,14.79160213470459,13.122160911560059,12.569435119628906,14.758843421936035,16.46247100830078,15.766666412353516,13.492605209350586,9.808170318603516,6.425460338592529,5.711104393005371,6.282231330871582,5.94394063949585,5.218151092529297,5.566032886505127,5.86196756362915,6.910355091094971,8.334085464477539,8.345101356506348,8.72541618347168,9.580509185791016,9.162691116333008,8.460770606994629,6.977740287780762,7.663110256195068,10.291751861572266,10.914072036743164,10.374366760253906,11.725604057312012
16.004011154174805,19.885482788085938,20.112783432006836,11.158528327941895,1.384880781173706,1.4527041912078857,4.145292282104492,6.409765243530273,11.685253143310547,17.708648681640625,22.713699340820312,21.765859603881836,19.320737838745117,17.704235076904297,14.842181205749512,12.077425956726074,11.500044822692871,10.69483757019043,12.044441223144531,12.027048110961914,10.177593231201172,9.523289680480957,7.963660717010498,7.233048439025879,7.953798770904541,7.391568183898926,5.635241985321045,5.182775497436523,5.9284749031066895,6.213379383087158,7.1757636070251465,8.727356910705566,9.78524112701416,9.508456230163574,9.862277030944824,10.154508590698242,8.698368072509766,7.024619102478027,7.544118881225586,8.345829010009766,8.499490737915039,9.155659675598145,11.032671928405762
16.127643585205078,17.105520248413086,16.551212310791016,6.487174987792969,3.028059959411621,8.16444206237793,13.622122764587402,14.313455581665039,17.32318687438965,19.850595474243164,20.214046478271484,17.25737762451172,14.867025375366211,14.34577465057373,14.547176361083984,14.414024353027344,13.515731811523438,9.105487823486328,6.66915225982666,6.776378154754639,6.501086235046387,6.779524803161621,6.664531230926514,7.4618401527404785,8.127605438232422,7.594845294952393,7.459775447845459,8.002941131591797,8.646808624267578,6.8939714431762695,5.124571323394775,6.729222774505615,9.1644926071167,9.959634780883789,10.265583038330078,10.874048233032227,8.74933910369873,5.132355690002441,5.64381742477417,7.090136528015137,8.207651138305664,9.593132972717285,11.403202056884766
14.823537826538086,16.103073120117188,13.278307914733887,8.2599515914917,12.14574909210205,16.878379821777344,17.446996688842773,18.04664421081543,18.53829002380371,16.084247589111328,14.907365798950195,14.247271537780762,12.77926254272461,11.111517906188965,12.272643089294434,14.959823608398438,16.34373664855957,12.104791641235352,6.895036220550537,4.875979423522949,4.857024669647217,4.125362396240234,3.84317684173584,5.383615493774414,6.890609264373779,7.032064437866211,8.466986656188965,10.063189506530762,9.649481773376465,7.662110328674316,5.456899166107178,6.036652088165283,9.157930374145508,11.182356834411621,10.8069429397583,9.95633316040039,6.86374044418335,4.392286777496338,5.621821403503418,7.718465328216553,8.664759635925293,10.18608570098877,11.512336730957031
15.967477798461914,17.02911949157715,14.958813667297363,14.102221488952637,18.091785430908203,18.982540130615234,17.458332061767578,17.003768920898438,15.78409194946289,13.350892066955566,12.40824031829834,12.158112525939941,11.929738998413086,12.898088455200195,13.339587211608887,14.497376441955566,14.822203636169434,10.832990646362305,6.542313575744629,6.197983264923096,7.149966239929199,7.734682559967041,6.261149883270264,4.936022758483887,5.524101734161377,7.04380464553833,8.544620513916016,9.53843879699707,7.966880798339844,5.611007213592529,5.411073207855225,6.705473899841309,8.425061225891113,9.344634056091309,9.43232536315918,8.3619384765625,5.126300811767578,4.28879976272583,5.707464694976807,7.427868843078613,8.111541748046875,9.924773216247559,11.466108322143555
17.9997615814209,17.052688598632812,16.287111282348633,17.862180709838867,17.755334854125977,14.118330955505371,12.126081466674805,12.858253479003906,10.825779914855957,7.9913740158081055,6.939216136932373,6.613239765167236,7.111716270446777,8.85538387298584,13.063603401184082,14.520723342895508,13.098441123962402,12.517404556274414,11.28043270111084,10.08719539642334,10.403542518615723,10.797394752502441,9.124018669128418,8.169534683227539,7.5387678146362305,7.973754405975342,9.051636695861816,10.820082664489746,10.018593788146973,7.668789863586426,6.886049270629883,8.037461280822754,8.120391845703125,7.586589336395264,10.311192512512207,10.628875732421875,6.131058692932129,4.064942359924316,4.859364032745361,7.658782005310059,7.834090232849121,8.824475288391113,10.003904342651367
17.913410186767578,16.3969783782959,12.762451171875,11.611831665039062,12.122454643249512,9.142582893371582,7.503935813903809,8.687673568725586,5.102908134460449,2.3899805545806885,1.8799986839294434,1.5395960807800293,2.197417974472046,4.8316497802734375,9.232941627502441,12.553894996643066,10.617500305175781,8.003543853759766,8.097456932067871,9.649374008178711,11.345671653747559,14.14083480834961,15.490254402160645,15.047279357910156,13.160602569580078,8.534211158752441,7.2671074867248535,9.034796714782715,9.403611183166504,7.713527679443359,7.198741436004639,7.942351341247559,8.569520950317383,9.22178840637207,13.81758975982666,16.055288314819336,11.818700790405273,6.7264556884765625,6.176586627960205,6.23716926574707,7.119846820831299,7.249460697174072,7.190446853637695
14.422593116760254,12.13056468963623,8.953482627868652,6.709503650665283,6.04026985168457,4.273370742797852,3.7402403354644775,4.984617233276367,3.036031484603882,0.4480406641960144,0.07326869666576385,-0.8788058757781982,-1.0974631309509277,1.5950411558151245,5.42031192779541,7.328786373138428,6.203072547912598,5.628880500793457,5.216278553009033,5.107880115509033,5.63201379776001,8.79727840423584,13.904273986816406,16.547931671142578,17.632810592651367,16.75784683227539,14.538890838623047,12.89147663116455,11.825759887695312,10.551409721374512,8.53654956817627,8.229910850524902,9.441367149353027,9.771263122558594,12.08973217010498,14.459342002868652,11.803997039794922,9.022895812988281,6.764244556427002,5.646453857421875,6.593388557434082,6.991127967834473,6.609288215637207
10.78316593170166,8.003679275512695,5.5564374923706055,3.2274880409240723,1.4712963104248047,0.6824178099632263,0.7813017964363098,0.8687193393707275,-0.996147871017456,-1.6940993070602417,-0.8842788934707642,-0.8955353498458862,-1.2702982425689697,-1.2179311513900757,0.003269970417022705,1.899351954460144,3.4857962131500244,4.406406402587891,3.9777474403381348,3.4963674545288086,3.3815512657165527,5.253767013549805,8.282979965209961,11.566140174865723,16.95998191833496,20.423688888549805,17.770790100097656,14.350882530212402,14.453755378723145,15.411935806274414,14.494540214538574,12.870319366455078,10.446834564208984,8.078534126281738,8.269086837768555,9.815534591674805,10.250325202941895,8.313568115234375,3.7624030113220215,4.6027374267578125,7.272693634033203,5.570024490356445,3.343733549118042
5.32735013961792,4.247129917144775,1.962955117225647,-0.7889203429222107,-0.5797700881958008,0.02060047723352909,-0.19152766466140747,-1.0626100301742554,-2.3254168033599854,-2.4307377338409424,-2.198641300201416,-3.0055644512176514,-3.7311596870422363,-3.391315460205078,-2.6655774116516113,-1.4208513498306274,-0.17674416303634644,0.9178211688995361,2.110588788986206,2.8454229831695557,2.881197214126587,3.872239828109741,5.228907108306885,7.336195945739746,11.353631019592285,12.889872550964355,10.435014724731445,10.385980606079102,14.289135932922363,16.355165481567383,12.588632583618164,5.713311195373535,1.9084426164627075,2.7351951599121094,5.275968551635742,7.669041156768799,8.208735466003418,5.338011264801025,3.3986096382141113,5.298801898956299,5.222086429595947,2.111743927001953,1.0304348468780518
-1.052514910697937,-1.6437002420425415,-2.5717947483062744,-2.96444034576416,-1.9539411067962646,-1.6219356060028076,-2.791203498840332,-3.1648929119110107,-3.169374704360962,-3.178299903869629,-3.4247870445251465,-3.610862970352173,-3.755199909210205,-3.2652878761291504,-2.5938620567321777,-1.6769030094146729,-1.506433367729187,-1.455985188484192,-1.6354941129684448,-0.7506535649299622,1.2585519552230835,2.752894163131714,2.871951103210449,3.6435813903808594,5.288302898406982,5.869763374328613,6.260989665985107,8.505119323730469,11.698653221130371,11.878055572509766,6.753119945526123,1.7548818588256836,0.3060136139392853,1.5411268472671509,3.6942567825317383,5.6106133460998535,7.073562145233154,7.339411735534668,8.426833152770996,6.046255111694336,1.164389967918396,-0.257819801568985,-0.5853714346885681
-3.7124979496002197,-4.022870063781738,-4.23137092590332,-3.7185378074645996,-4.424008846282959,-5.220421314239502,-5.223541736602783,-4.209778308868408,-4.258770942687988,-4.069396018981934,-3.7998054027557373,-3.681335926055908,-3.421938180923462,-2.8119406700134277,-2.4859604835510254,-1.9527314901351929,-1.584228515625,-1.2017567157745361,-1.1000723838806152,-1.481080174446106,-1.4698771238327026,-1.5757524967193604,-0.9692701101303101,0.42050763964653015,1.9375414848327637,2.333467960357666,2.8358020782470703,5.308322429656982,8.785287857055664,11.212203025817871,10.714076042175293,6.9650797843933105,2.3901405334472656,0.4004876911640167,1.87249755859375,6.311214447021484,9.888677597045898,13.679450035095215,13.137894630432129,5.4866156578063965,0.4022623896598816,-0.06540302187204361,-1.0005602836608887
-4.148519039154053,-4.736710071563721,-4.821481704711914,-4.953085899353027,-5.226883888244629,-5.46498966217041,-5.004796504974365,-4.871683120727539,-4.277852535247803,-5.029246807098389,-4.968940258026123,-4.39871883392334,-4.144498348236084,-3.102647304534912,-2.4265947341918945,-1.956021785736084,-1.3674486875534058,-0.9765994548797607,-0.9209035634994507,-0.9169046878814697,-0.9904198050498962,-0.8765597939491272,-0.7475257515907288,-0.8248670697212219,-1.1364649534225464,-1.025355339050293,0.2748175859451294,1.7316220998764038,2.907752752304077,6.427000999450684,10.808228492736816,10.898305892944336,6.986458778381348,4.855868339538574,6.664891242980957,10.489346504211426,13.542051315307617,15.657914161682129,13.988471031188965,8.84507942199707,5.417208194732666,3.2036988735198975,1.3586885929107666
-4.87227201461792,-4.935738563537598,-4.51253604888916,-4.426077365875244,-4.703582286834717,-4.2632060050964355,-4.014911651611328,-4.438652038574219,-4.128442764282227,-4.923368453979492,-4.989437580108643,-4.41840124130249,-3.7715978622436523,-3.238147020339966,-1.9671088457107544,-1.5811697244644165,-1.3406955003738403,-0.9341285824775696,-0.7052416205406189,-0.6809808015823364,-0.6545904874801636,-0.4888814091682434,-0.33544233441352844,-0.45769259333610535,-0.7868217825889587,-1.537163257598877,-2.3664844036102295,-1.398558497428894,0.415144145488739,2.6154098510742188,7.037607192993164,10.878227233886719,11.2716064453125,10.571962356567383,10.744340896606445,10.191598892211914,10.481128692626953,10.89234733581543,8.07127857208252,6.610387802124023,6.083651542663574,2.6843841075897217,0.9083570837974548
-4.822300434112549,-4.8334736824035645,-4.61970329284668,-4.276236534118652,-4.13670539855957,-4.014799118041992,-3.732546091079712,-3.6987085342407227,-3.8811099529266357,-3.6642744541168213,-3.6488471031188965,-3.3884761333465576,-2.940566301345825,-2.6152045726776123,-2.2848167419433594,-2.0263381004333496,-1.7774534225463867,-1.3391565084457397,-0.7083579897880554,-0.44187378883361816,-0.46033674478530884,-0.5940018892288208,-0.8505212664604187,-1.2518227100372314,-1.1552523374557495,-1.1003772020339966,-1.1633869409561157,-0.6753638386726379,-0.054977890104055405,1.2032628059387207,3.197016477584839,5.813221454620361,7.865980625152588,7.495347023010254,4.871266841888428,4.277005195617676,6.7430524826049805,7.214062213897705,5.865976333618164,7.936996936798096,8.768914222717285,5.754555702209473,4.370450019836426
