data/wind_data/wind_51_8.json
{"header": {"parameterUnit": "KT", "parameterCategory": 2, "nx": 256, "ny": 198, "lo1": 44.73521041870117, "la1": -3.236724853515625, "lo2": 111.26478576660156, "la2": 43.468475341796875, "dx": 0.2609002888202667, "dy": -0.23708222806453705, "refTime": "2025-02-21 03:00:00", "forecastTime": 0, "parameterNumber": 2, "parameterNumberName": "eastward_wind"}, "data":
[rows 38 to 56 of 198, columns 0 to 43 of 256]
-7.009352207183838,-7.635300636291504,-8.32298755645752,-8.797922134399414,-8.34865951538086,-8.090534210205078,-7.698193073272705,-7.8798441886901855,-8.343729019165039,-8.776381492614746,-9.031457901000977,-9.492223739624023,-9.925846099853516,-9.975645065307617,-9.475926399230957,-8.705501556396484,-8.184000015258789,-8.100351333618164,-8.111966133117676,-8.00583553314209,-8.05904483795166,-8.388216972351074,-8.937967300415039,-9.198160171508789,-8.87861156463623,-8.27741527557373,-7.695240020751953,-6.917633533477783,-6.218138217926025,-6.02070426940918,-6.202820301055908,-6.468851566314697,-6.5645036697387695,-6.2225871086120605,-5.546376705169678,-4.668244361877441,-3.9833672046661377,-3.687944173812866,-3.4986019134521484,-3.1063461303710938,-2.4595303535461426,-1.8157711029052734,-1.2696385383605957,-0.6584382057189941
-6.747746467590332,-8.210999488830566,-8.82815933227539,-9.20012378692627,-8.9382963180542,-8.783365249633789,-8.214550971984863,-8.214881896972656,-8.461228370666504,-8.822999954223633,-9.096040725708008,-9.539188385009766,-9.896529197692871,-10.024571418762207,-9.831023216247559,-9.279635429382324,-8.66572380065918,-8.357500076293945,-8.227333068847656,-8.005699157714844,-8.04024600982666,-8.387006759643555,-8.925742149353027,-9.226435661315918,-9.173226356506348,-8.828071594238281,-8.362238883972168,-7.734666347503662,-7.036747455596924,-6.692407608032227,-6.658506870269775,-6.7167582511901855,-6.724814414978027,-6.378723621368408,-5.689906120300293,-4.818792819976807,-4.043726921081543,-3.5769364833831787,-3.343475103378296,-3.1127686500549316,-2.6015069484710693,-2.0259926319122314,-1.6292057037353516,-1.3012386560440063
-5.420957088470459,-7.641510963439941,-8.401323318481445,-9.221753120422363,-9.175271034240723,-8.795907974243164,-8.373001098632812,-8.35904312133789,-8.53674030303955,-8.722701072692871,-9.016312599182129,-9.457388877868652,-9.803119659423828,-9.94935417175293,-9.882282257080078,-9.53306770324707,-9.003798484802246,-8.58447265625,-8.381665229797363,-8.274923324584961,-8.29014778137207,-8.588104248046875,-9.018583297729492,-9.275076866149902,-9.303247451782227,-9.083660125732422,-8.795609474182129,-8.38342571258545,-7.872726917266846,-7.523456573486328,-7.35821008682251,-7.181196689605713,-7.02860164642334,-6.713331699371338,-6.007087230682373,-5.078480243682861,-4.318299293518066,-3.8173437118530273,-3.4981696605682373,-3.2768032550811768,-2.90146541595459,-2.450364351272583,-2.0629701614379883,-1.7208561897277832
-3.914365291595459,-6.351170063018799,-7.320384502410889,-8.37527084350586,-8.14250373840332,-7.905955791473389,-7.979893207550049,-8.252924919128418,-8.719063758850098,-8.822134971618652,-9.038337707519531,-9.319073677062988,-9.520631790161133,-9.56110668182373,-9.594228744506836,-9.526155471801758,-9.215678215026855,-8.823114395141602,-8.61355209350586,-8.624934196472168,-8.668630599975586,-8.818373680114746,-9.0711669921875,-9.30591869354248,-9.317243576049805,-9.17301082611084,-9.028829574584961,-8.936753273010254,-8.650212287902832,-8.23796558380127,-7.953885555267334,-7.6136274337768555,-7.365649223327637,-7.139514923095703,-6.626388072967529,-5.757009029388428,-4.867920398712158,-4.191977500915527,-3.6625359058380127,-3.3250503540039062,-3.0691728591918945,-2.7270562648773193,-2.314800500869751,-1.9549129009246826
-3.709296464920044,-6.25140905380249,-6.986340045928955,-7.551539421081543,-6.806402683258057,-6.806201457977295,-7.346005916595459,-7.9301042556762695,-8.791565895080566,-9.005624771118164,-9.119622230529785,-9.130602836608887,-9.090888977050781,-9.00303840637207,-9.070754051208496,-9.187305450439453,-9.159703254699707,-9.001665115356445,-8.920595169067383,-8.9920072555542,-9.030546188354492,-8.957161903381348,-9.002599716186523,-9.23676872253418,-9.270474433898926,-9.176642417907715,-9.143526077270508,-9.183974266052246,-9.123964309692383,-8.860576629638672,-8.530255317687988,-8.04340934753418,-7.752655029296875,-7.663120269775391,-7.339463233947754,-6.534992694854736,-5.54324197769165,-4.580750942230225,-3.792393207550049,-3.3126943111419678,-3.014472484588623,-2.706026792526245,-2.395070791244507,-2.124044895172119
-3.878859281539917,-6.449390411376953,-6.955507278442383,-6.96912956237793,-5.827792167663574,-6.316015720367432,-7.17577600479126,-7.745433330535889,-8.56417465209961,-8.771678924560547,-8.826815605163574,-8.769068717956543,-8.654784202575684,-8.516292572021484,-8.495635032653809,-8.576539039611816,-8.738594055175781,-8.914732933044434,-9.045877456665039,-9.120994567871094,-9.18330192565918,-9.172548294067383,-9.10855770111084,-9.082563400268555,-9.031060218811035,-8.967865943908691,-8.986488342285156,-9.131023406982422,-9.330543518066406,-9.426037788391113,-9.234369277954102,-8.777499198913574,-8.469507217407227,-8.320980072021484,-7.889960289001465,-7.060993194580078,-6.018019199371338,-4.8762593269348145,-3.957761764526367,-3.3277604579925537,-2.76678729057312,-2.4463932514190674,-2.3698244094848633,-2.3250725269317627
-3.535602569580078,-5.990940093994141,-6.655292987823486,-6.451266288757324,-5.035111427307129,-6.350561141967773,-7.358034133911133,-7.731808185577393,-8.26757526397705,-8.43649673461914,-8.389458656311035,-8.310323715209961,-8.27302074432373,-8.231169700622559,-8.1846923828125,-8.151731491088867,-8.2700834274292,-8.582757949829102,-8.89842414855957,-9.038725852966309,-9.138199806213379,-9.341048240661621,-9.447783470153809,-9.296278953552246,-8.97996997833252,-8.72175121307373,-8.70146656036377,-9.033594131469727,-9.588679313659668,-10.084951400756836,-10.117810249328613,-9.732230186462402,-9.2898588180542,-8.899397850036621,-8.336220741271973,-7.53371000289917,-6.36726713180542,-5.069767951965332,-4.018505573272705,-3.2506237030029297,-2.598539113998413,-2.1888489723205566,-2.1684534549713135,-2.4236903190612793
-3.4511337280273438,-6.126645565032959,-6.631319522857666,-6.318363666534424,-4.686147212982178,-6.466879367828369,-7.159522533416748,-7.408684253692627,-7.779182434082031,-8.121724128723145,-8.229007720947266,-8.133017539978027,-8.040128707885742,-8.008578300476074,-7.990431308746338,-7.918315887451172,-7.9056010246276855,-8.10395336151123,-8.468904495239258,-8.7719144821167,-8.981301307678223,-9.25883674621582,-9.591315269470215,-9.70482349395752,-9.499980926513672,-9.111518859863281,-8.94295597076416,-9.240368843078613,-9.940743446350098,-10.661534309387207,-10.895674705505371,-10.585829734802246,-10.028468132019043,-9.454657554626465,-8.877057075500488,-7.976391792297363,-6.680325984954834,-5.226383686065674,-4.093241214752197,-3.2013823986053467,-2.596280813217163,-2.167415142059326,-2.1052770614624023,-2.486802339553833
-4.4323296546936035,-6.395907402038574,-6.726274490356445,-6.418595790863037,-4.557986736297607,-6.233551025390625,-6.678092002868652,-6.865208148956299,-7.15684175491333,-7.6785664558410645,-8.049883842468262,-8.123847961425781,-7.992650508880615,-7.791491985321045,-7.668681621551514,-7.6012468338012695,-7.569886207580566,-7.656008720397949,-7.976096153259277,-8.428495407104492,-8.835233688354492,-9.220001220703125,-9.675765991210938,-10.081966400146484,-10.179122924804688,-9.933048248291016,-9.741094589233398,-9.890236854553223,-10.391434669494629,-10.978489875793457,-11.27153491973877,-11.120915412902832,-10.59965705871582,-9.934541702270508,-9.219908714294434,-8.296063423156738,-7.034064292907715,-5.554245471954346,-4.273746967315674,-3.3328795433044434,-2.791329860687256,-2.4832570552825928,-2.485757827758789,-2.90543794631958
-5.143194675445557,-6.3971123695373535,-6.592683792114258,-6.25034236907959,-4.208871841430664,-5.425266742706299,-5.994186878204346,-6.346393585205078,-6.5693159103393555,-7.112990379333496,-7.678409576416016,-7.965835094451904,-7.902815818786621,-7.622220039367676,-7.352071285247803,-7.229236125946045,-7.233151912689209,-7.366989612579346,-7.734124183654785,-8.286520957946777,-8.847905158996582,-9.37915325164795,-9.885392189025879,-10.359540939331055,-10.70073127746582,-10.755569458007812,-10.536739349365234,-10.383728981018066,-10.588878631591797,-10.998331069946289,-11.239971160888672,-11.138786315917969,-10.79630184173584,-10.256553649902344,-9.519807815551758,-8.652512550354004,-7.433597564697266,-5.965727806091309,-4.720702648162842,-3.8207759857177734,-3.3058149814605713,-3.169020891189575,-3.2371416091918945,-3.5773749351501465
-4.710549831390381,-5.737096309661865,-6.13819694519043,-5.855706214904785,-4.004114151000977,-4.714199542999268,-5.286713123321533,-5.85761022567749,-6.062621116638184,-6.42986536026001,-7.068088531494141,-7.634369373321533,-7.778097152709961,-7.56948184967041,-7.205045223236084,-6.949942588806152,-6.9563422203063965,-7.22674036026001,-7.738935947418213,-8.29792594909668,-8.800527572631836,-9.356719970703125,-9.885819435119629,-10.269312858581543,-10.656282424926758,-10.8654203414917,-10.759862899780273,-10.534348487854004,-10.576826095581055,-10.844959259033203,-11.099900245666504,-11.106607437133789,-10.777602195739746,-10.288270950317383,-9.778580665588379,-9.04935073852539,-7.823709964752197,-6.404210567474365,-5.246850490570068,-4.331993579864502,-3.9005138874053955,-3.7527880668640137,-3.9109084606170654,-4.326228618621826
-3.9659948348999023,-5.188501834869385,-5.507027626037598,-5.410062313079834,-4.147668361663818,-4.5305399894714355,-5.045864105224609,-5.528124809265137,-5.655307292938232,-5.697697639465332,-6.268362522125244,-7.197365760803223,-7.638453006744385,-7.50761079788208,-7.080496788024902,-6.684177875518799,-6.6207427978515625,-6.986551761627197,-7.597049236297607,-8.06511116027832,-8.330744743347168,-8.669349670410156,-9.116532325744629,-9.58091926574707,-10.079394340515137,-10.477972030639648,-10.744928359985352,-10.864304542541504,-10.829399108886719,-10.760170936584473,-10.830809593200684,-10.855620384216309,-10.485757827758789,-10.00407600402832,-9.60780143737793,-8.991814613342285,-7.966894626617432,-6.694075107574463,-5.491275310516357,-4.583495616912842,-4.08217716217041,-4.019717693328857,-4.3292436599731445,-4.6850714683532715
-3.074303150177002,-4.0279741287231445,-4.133546829223633,-4.251260280609131,-3.832021951675415,-4.350174903869629,-4.7968974113464355,-4.932419776916504,-5.214694976806641,-5.158663272857666,-5.574209213256836,-6.5547308921813965,-7.235198974609375,-7.200727939605713,-6.718458652496338,-6.224299907684326,-6.037232875823975,-6.347460746765137,-6.932934284210205,-7.346811294555664,-7.50631856918335,-7.705091953277588,-8.063565254211426,-8.639731407165527,-9.386033058166504,-10.129293441772461,-10.754627227783203,-11.145354270935059,-11.091317176818848,-10.669589042663574,-10.349591255187988,-10.206470489501953,-9.832585334777832,-9.26986312866211,-8.738541603088379,-8.198528289794922,-7.575414180755615,-6.678617477416992,-5.571060657501221,-4.544494152069092,-4.091068744659424,-4.097976207733154,-4.3507280349731445,-4.460534572601318
-2.4069507122039795,-0.02192050777375698,-1.681855320930481,-2.760025978088379,-3.337693929672241,-3.880984306335449,-4.397824764251709,-4.059368133544922,-4.383517265319824,-4.539453029632568,-4.827629566192627,-5.471731185913086,-6.207228660583496,-6.360945224761963,-5.938404560089111,-5.336696624755859,-5.046209812164307,-5.245296001434326,-5.7256340980529785,-6.153433799743652,-6.457912921905518,-6.782076358795166,-7.205069541931152,-7.864694118499756,-8.814591407775879,-9.817028999328613,-10.560524940490723,-10.809049606323242,-10.626351356506348,-10.172021865844727,-9.6436767578125,-9.19007396697998,-8.716209411621094,-8.138039588928223,-7.485455513000488,-6.933528900146484,-6.462161540985107,-5.914114952087402,-5.193394660949707,-4.43917989730835,-4.021459102630615,-3.9894003868103027,-4.117599964141846,-4.12217378616333
-2.2512006759643555,1.8031620979309082,-0.2124267816543579,-1.9792143106460571,-3.400441884994507,-2.865358352661133,-3.319729804992676,-3.218717336654663,-3.3519210815429688,-3.5288753509521484,-3.8140485286712646,-4.069210529327393,-4.533379554748535,-4.7710795402526855,-4.539025783538818,-3.964210033416748,-3.578906297683716,-3.6805272102355957,-4.09734582901001,-4.637318134307861,-5.197291374206543,-5.741965293884277,-6.352731227874756,-7.062920093536377,-7.949516296386719,-8.949153900146484,-9.692261695861816,-9.873846054077148,-9.571562767028809,-9.084026336669922,-8.566448211669922,-7.87098503112793,-7.063185691833496,-6.32142972946167,-5.683907508850098,-5.1932244300842285,-4.760143756866455,-4.355520248413086,-4.023144245147705,-3.751324415206909,-3.6183011531829834,-3.6570329666137695,-3.613528251647949,-3.5300192832946777
-1.6926180124282837,-1.2726432085037231,-0.9574721455574036,-1.712471604347229,-3.059725284576416,-1.989437222480774,-1.6047306060791016,-1.8423488140106201,-2.2580177783966064,-2.3013641834259033,-2.4959096908569336,-2.6538567543029785,-2.7737324237823486,-2.8003931045532227,-2.634526252746582,-2.201481819152832,-1.8408643007278442,-1.8981411457061768,-2.3278043270111084,-3.0836172103881836,-3.942539691925049,-4.682633876800537,-5.418203830718994,-6.151773929595947,-6.816324710845947,-7.5254316329956055,-8.189650535583496,-8.525215148925781,-8.41501235961914,-8.043447494506836,-7.492904186248779,-6.645188331604004,-5.571134090423584,-4.528288841247559,-3.6523358821868896,-3.0462334156036377,-2.6403756141662598,-2.4091861248016357,-2.369422197341919,-2.4602279663085938,-2.6865880489349365,-2.8025639057159424,-2.731837511062622,-2.5478549003601074
-0.4090147614479065,-1.6330060958862305,-1.3474047183990479,-1.2594693899154663,-2.055026054382324,-1.6770602464675903,-0.5289320349693298,-0.09403169900178909,-0.6862172484397888,-0.962216854095459,-1.0199493169784546,-1.155956745147705,-1.1637853384017944,-0.9421203136444092,-0.5973911881446838,-0.2909024953842163,-0.16973675787448883,-0.3766326606273651,-0.9897743463516235,-2.027947425842285,-3.1631369590759277,-4.000203609466553,-4.653944969177246,-5.26268196105957,-5.770715713500977,-6.253569602966309,-6.879477500915527,-7.514867782592773,-7.8718037605285645,-7.749895095825195,-7.162368297576904,-6.217216968536377,-4.96649169921875,-3.5568125247955322,-2.289083242416382,-1.3896043300628662,-0.867720365524292,-0.6922730207443237,-0.7180226445198059,-0.9661388993263245,-1.2832192182540894,-1.4274022579193115,-1.4437437057495117,-1.1676758527755737
0.38030195236206055,-0.8446792364120483,-0.8434321284294128,-0.5385565757751465,-0.8873026967048645,-0.8928043842315674,-0.17804516851902008,1.04318106174469,1.0662864446640015,0.6071008443832397,0.47866371273994446,0.5215739607810974,0.5955252647399902,0.8122404217720032,1.142627239227295,1.3286902904510498,1.1612365245819092,0.6580636501312256,-0.19587105512619019,-1.4399083852767944,-2.7696785926818848,-3.6354312896728516,-4.085093975067139,-4.4360761642456055,-4.742862701416016,-5.063998222351074,-5.614070892333984,-6.49009895324707,-7.238770484924316,-7.32012414932251,-6.69802713394165,-5.607397556304932,-4.228867530822754,-2.6141180992126465,-1.1287554502487183,-0.034636180847883224,0.5106555223464966,0.6508394479751587,0.5689792037010193,0.3523717522621155,0.18556968867778778,0.16461244225502014,0.2077460139989853,0.5781775116920471
0.4230268895626068,0.6775479316711426,0.7001726031303406,1.0130804777145386,1.4097532033920288,1.1578844785690308,0.6341724991798401,1.6546437740325928,2.286543607711792,2.1611475944519043,2.0368998050689697,2.1708436012268066,2.336430788040161,2.4782042503356934,2.6643693447113037,2.6838972568511963,2.249725341796875,1.4665844440460205,0.47617673873901367,-0.8023588061332703,-2.1951651573181152,-3.1085190773010254,-3.4545419216156006,-3.6220974922180176,-3.7314114570617676,-3.905648946762085,-4.4121904373168945,-5.3557844161987305,-6.249602317810059,-6.45906400680542,-5.83755350112915,-4.59076452255249,-3.0571515560150146,-1.4132262468338013,0.1551438868045807,1.4307937622070312,2.1921579837799072,2.3915092945098877,2.1837592124938965,1.8937841653823853,1.7813764810562134,1.7839412689208984,1.8979823589324951,2.3529913425445557
