data/wind_data/wind_6_3.json
{"header": {"parameterUnit": "KT", "parameterCategory": 2, "nx": 256, "ny": 198, "lo1": 44.73521041870117, "la1": -3.236724853515625, "lo2": 111.26478576660156, "la2": 43.468475341796875, "dx": 0.2609002888202667, "dy": -0.23708222806453705, "refTime": "2025-02-19 06:00:00", "forecastTime": 0, "parameterNumber": 2, "parameterNumberName": "eastward_wind"}, "data":
[rows 76 to 94 of 198, columns 88 to 131 of 256]
-2.36617374420166,-2.077679395675659,-1.978515863418579,-2.0511133670806885,-2.108386278152466,-2.0688796043395996,-1.9790579080581665,-1.794779658317566,-1.5725743770599365,-1.4878121614456177,-1.5145595073699951,-1.4053248167037964,-1.005079984664917,-0.3438527584075928,0.34406033158302307,0.7546926140785217,1.0407885313034058,1.74674391746521,2.2989425659179688,2.213409423828125,1.7808982133865356,1.4327493906021118,1.066576600074768,0.5486188530921936,1.0016263723373413,1.9813491106033325,1.6244741678237915,1.8829379081726074,2.7135753631591797,3.2254838943481445,2.150562286376953,0.9094932079315186,0.4348388910293579,0.7839055061340332,0.44074344635009766,0.683409571647644,0.8419342041015625,-0.12493778765201569,-1.1262123584747314,-2.05610728263855,-2.3014631271362305,-2.147089719772339,-2.0329394340515137,-1.3249720335006714
-2.101597547531128,-1.7733885049819946,-1.5336419343948364,-1.4732190370559692,-1.5316487550735474,-1.5835518836975098,-1.554911732673645,-1.4281060695648193,-1.2840667963027954,-1.2719765901565552,-1.4055767059326172,-1.5646326541900635,-1.508595585823059,-1.047533392906189,-0.17126798629760742,0.858113169670105,1.6548720598220825,2.337306499481201,3.0608932971954346,3.2612907886505127,2.9431540966033936,2.507878303527832,2.0481982231140137,1.483952522277832,2.1252784729003906,2.7876250743865967,2.9097962379455566,2.8910515308380127,3.25624418258667,4.361299514770508,3.6463611125946045,2.2751893997192383,1.550096035003662,1.8806476593017578,1.8407477140426636,1.5282326936721802,1.1567291021347046,0.4511560797691345,-0.03635202720761299,-0.600805401802063,-0.6001569032669067,0.17932157218456268,0.6305177211761475,-0.4345528483390808
-2.2503774166107178,-2.1140239238739014,-1.8720515966415405,-1.6989845037460327,-1.6166365146636963,-1.5389689207077026,-1.4488533735275269,-1.3485952615737915,-1.2684199810028076,-1.2383103370666504,-1.2323938608169556,-1.2158361673355103,-1.1774611473083496,-1.0672873258590698,-0.6942452192306519,0.09421096742153168,1.1214104890823364,2.0264997482299805,2.9300734996795654,3.685824155807495,3.8759210109710693,3.4378716945648193,2.972045660018921,2.3613481521606445,3.5719099044799805,3.8915934562683105,4.2723798751831055,4.420736789703369,4.365606307983398,4.950401782989502,4.794393062591553,3.8751657009124756,3.1104021072387695,2.8117806911468506,2.5243518352508545,2.2486793994903564,1.783318042755127,1.4695335626602173,1.4148471355438232,1.1222891807556152,1.22990882396698,1.74775230884552,2.4423749446868896,1.403182029724121
-2.527547597885132,-2.8696956634521484,-2.9755289554595947,-2.8924918174743652,-2.699937343597412,-2.5070652961730957,-2.3399105072021484,-2.2035388946533203,-2.1646220684051514,-2.185218334197998,-2.0769107341766357,-1.7290096282958984,-1.2596148252487183,-0.8045495748519897,-0.3552723228931427,0.04876938462257385,0.4504477381706238,0.9935745000839233,1.6353516578674316,2.575798273086548,3.5983564853668213,3.8089675903320312,3.712770938873291,3.402297258377075,4.636309623718262,5.0733137130737305,5.83920955657959,6.1121721267700195,5.185178279876709,5.010251522064209,5.457572937011719,5.304224491119385,4.687011241912842,4.211573600769043,3.7201125621795654,3.4023916721343994,3.138946056365967,2.801353693008423,2.6115713119506836,2.604153633117676,2.9710776805877686,3.24060320854187,3.9825639724731445,3.373333215713501
-2.8950178623199463,-3.552006483078003,-3.9956109523773193,-4.106168746948242,-3.955413341522217,-3.8319954872131348,-3.8370044231414795,-3.9051880836486816,-4.018133163452148,-4.084722995758057,-3.836215019226074,-3.203662157058716,-2.367943525314331,-1.4777047634124756,-0.5062516331672668,0.3735567331314087,0.8447877764701843,1.0087039470672607,1.2821035385131836,1.7452017068862915,2.753737211227417,3.4361608028411865,3.4965665340423584,3.465965747833252,4.818449974060059,5.75021505355835,6.768697261810303,6.939548015594482,5.858154773712158,5.576834201812744,6.06669282913208,6.420137405395508,6.544694900512695,6.400622844696045,6.278260231018066,5.920555591583252,5.028952598571777,4.073003768920898,3.547947406768799,3.692173957824707,4.423941135406494,5.072241306304932,5.383821964263916,5.191340923309326
-3.540306568145752,-4.149790287017822,-4.703237533569336,-4.980215072631836,-4.899496555328369,-4.809386253356934,-4.988306522369385,-5.33677339553833,-5.678015232086182,-5.752503395080566,-5.349775791168213,-4.468303680419922,-3.3994438648223877,-2.3889219760894775,-1.3244613409042358,-0.27934250235557556,0.5258154273033142,1.109324336051941,1.5044361352920532,1.8405193090438843,2.5090737342834473,2.9358582496643066,2.8295021057128906,3.643683910369873,4.792232036590576,5.865477561950684,7.103010177612305,7.562242031097412,7.03065299987793,6.838934898376465,7.266894340515137,7.623943328857422,8.08198070526123,8.501401901245117,8.656964302062988,8.393481254577637,7.441206455230713,6.035580635070801,4.996057033538818,4.789072036743164,5.929534912109375,6.787974834442139,7.1490020751953125,7.372305393218994
-4.644524097442627,-5.0258378982543945,-5.402787208557129,-5.681050777435303,-5.667801856994629,-5.494184494018555,-5.506091117858887,-5.708052158355713,-5.856207847595215,-5.746344566345215,-5.2513556480407715,-4.337766170501709,-3.3079543113708496,-2.502267599105835,-1.7367082834243774,-0.9763539433479309,-0.49312907457351685,0.0304748322814703,0.7299744486808777,1.4611023664474487,2.2505953311920166,2.974247694015503,3.595242738723755,5.441066741943359,5.485826015472412,5.82209587097168,7.168332099914551,8.27377700805664,8.329207420349121,8.125370025634766,8.056143760681152,8.258832931518555,9.361433982849121,9.979093551635742,10.167896270751953,10.190372467041016,9.71416187286377,8.6524076461792,7.542231559753418,6.991004467010498,7.525984287261963,8.290844917297363,8.785415649414062,9.201468467712402
-5.49404239654541,-5.5931878089904785,-5.674876689910889,-5.789999961853027,-5.7138671875,-5.325684547424316,-4.869548797607422,-4.531893730163574,-4.265523910522461,-4.000916957855225,-3.644613742828369,-3.0079586505889893,-2.2461233139038086,-1.7004878520965576,-1.257291316986084,-0.744103729724884,-0.593708336353302,-0.6869804263114929,-0.3393931984901428,0.5495078563690186,1.4560215473175049,2.787930488586426,3.760509729385376,5.787509918212891,5.654751777648926,6.2066850662231445,7.612649440765381,8.72318172454834,9.093629837036133,9.134476661682129,9.342240333557129,9.91905403137207,10.495022773742676,10.786177635192871,11.1154146194458,11.560599327087402,11.594061851501465,10.94623851776123,10.239209175109863,9.503928184509277,9.28242015838623,9.779834747314453,10.259489059448242,10.209736824035645
-5.033504962921143,-4.760868549346924,-4.52541446685791,-4.321718215942383,-3.9947402477264404,-3.4297444820404053,-2.7531139850616455,-2.1653075218200684,-1.732930064201355,-1.4177912473678589,-1.236284613609314,-1.061079740524292,-0.8576295375823975,-0.64739990234375,-0.4162146747112274,-0.08176366984844208,0.11919189989566803,-0.14436042308807373,-0.3843812048435211,0.06002619117498398,0.8602265119552612,2.063161849975586,3.2573814392089844,5.2370500564575195,5.711952209472656,6.528954029083252,7.956296443939209,9.511258125305176,10.070755958557129,9.836014747619629,9.766819953918457,10.107431411743164,10.509078979492188,11.020167350769043,11.800901412963867,12.574715614318848,12.954713821411133,12.782602310180664,12.1910400390625,11.53329086303711,11.144716262817383,11.325408935546875,11.6787109375,11.61748218536377
-3.5555155277252197,-2.929490089416504,-2.4007859230041504,-1.9994558095932007,-1.6221179962158203,-1.0743446350097656,-0.38696417212486267,0.19481313228607178,0.6104663014411926,0.9229058623313904,1.096788763999939,1.107556700706482,0.8917496800422668,0.6015611886978149,0.5110242366790771,0.5707409977912903,0.759349524974823,0.7506661415100098,0.42679789662361145,0.32061952352523804,0.736835777759552,1.7211968898773193,3.255251169204712,5.7771315574646,6.464993476867676,7.151112079620361,8.0652494430542,9.221175193786621,10.123164176940918,10.532376289367676,10.12977123260498,9.701995849609375,10.232125282287598,11.458916664123535,12.750162124633789,13.704249382019043,14.21239948272705,14.323907852172852,13.967355728149414,13.398642539978027,12.777304649353027,12.39841079711914,12.469159126281738,12.460707664489746
-2.0946199893951416,-1.4531294107437134,-0.8648083806037903,-0.41167333722114563,-0.10867101699113846,0.31012168526649475,0.9933732151985168,1.6736013889312744,2.2386980056762695,2.7170889377593994,3.001659870147705,3.1242754459381104,3.012317419052124,2.5891666412353516,2.0782995223999023,1.5772994756698608,1.3040101528167725,1.2286629676818848,1.038797378540039,0.8020140528678894,0.8522131443023682,1.5936905145645142,3.184631586074829,6.04755163192749,7.580891132354736,7.951993942260742,8.339652061462402,8.967203140258789,9.948397636413574,11.010988235473633,11.372177124023438,11.064111709594727,11.31197452545166,12.448841094970703,13.811113357543945,14.916932106018066,15.602598190307617,15.931096076965332,15.81287956237793,15.222494125366211,14.161748886108398,13.098649024963379,12.590476036071777,12.66727352142334
-0.9280945062637329,-0.49482449889183044,-0.042750995606184006,0.4499726891517639,0.8406809568405151,1.2136945724487305,1.8538435697555542,2.693326950073242,3.520824432373047,4.203889846801758,4.647101879119873,4.844969749450684,4.826681613922119,4.545759677886963,3.981839179992676,3.1671342849731445,2.2746431827545166,1.652554988861084,1.277304768562317,0.9532565474510193,0.7617517709732056,1.3018161058425903,2.487006902694702,5.153432369232178,8.019735336303711,8.456417083740234,8.412423133850098,9.065176963806152,10.233633995056152,11.507774353027344,12.523477554321289,12.98913288116455,13.2442045211792,13.844978332519531,14.80726432800293,15.983839988708496,16.87969970703125,17.337291717529297,17.38153839111328,16.55274200439453,15.306853294372559,14.146187782287598,13.334836959838867,13.165384292602539
0.016352107748389244,0.3440575897693634,0.6736240386962891,1.1645539999008179,1.6828033924102783,2.0951030254364014,2.6399505138397217,3.4650697708129883,4.3888139724731445,5.143868923187256,5.6592583656311035,5.913340091705322,5.979042053222656,5.809655666351318,5.256171226501465,4.435190677642822,3.4319536685943604,2.4624428749084473,1.7980462312698364,1.3391520977020264,1.0662391185760498,1.6209959983825684,2.6731059551239014,5.34757137298584,8.12930679321289,8.911709785461426,9.049280166625977,9.757509231567383,10.738682746887207,11.949851989746094,13.123342514038086,13.992145538330078,14.70097541809082,15.594278335571289,16.620569229125977,17.389482498168945,17.796775817871094,18.181875228881836,18.24806022644043,17.469200134277344,16.459054946899414,15.41422176361084,14.56553840637207,14.126500129699707
0.6190990209579468,0.9952206611633301,1.363100528717041,1.8094168901443481,2.3120689392089844,2.7235851287841797,3.143700361251831,3.7617499828338623,4.50454044342041,5.110020160675049,5.552683353424072,5.903276443481445,6.213361740112305,6.401315212249756,5.969021320343018,5.054599761962891,4.147970199584961,3.299337387084961,2.569387435913086,2.066742181777954,2.2319536209106445,2.900822401046753,4.32331657409668,7.0650434494018555,9.163152694702148,10.157395362854004,10.811983108520508,11.496280670166016,12.149637222290039,12.896315574645996,13.62310791015625,14.062015533447266,14.56048583984375,15.481729507446289,16.6754150390625,17.510278701782227,18.01386833190918,18.543428421020508,19.13239097595215,18.335189819335938,17.306236267089844,16.44319725036621,15.550373077392578,14.703505516052246
0.901473879814148,1.293717622756958,1.7420933246612549,2.2231125831604004,2.7375259399414062,3.1211390495300293,3.3417882919311523,3.5752906799316406,3.9192278385162354,4.298242092132568,4.603705883026123,4.968651294708252,5.370968818664551,5.963770866394043,6.093445301055908,5.419102191925049,4.635898113250732,4.117091655731201,3.747774124145508,3.442190408706665,3.561655282974243,4.279601573944092,6.039797306060791,8.409915924072266,10.382556915283203,11.790298461914062,12.806316375732422,13.473167419433594,14.111178398132324,14.931060791015625,15.584251403808594,15.62319564819336,15.603760719299316,15.896878242492676,16.599035263061523,17.286691665649414,18.097475051879883,19.11669158935547,19.743534088134766,19.38924217224121,18.018863677978516,16.910921096801758,15.912031173706055,15.043325424194336
0.7326553463935852,1.0315263271331787,1.4660916328430176,2.02612042427063,2.7245614528656006,3.2301151752471924,3.35050630569458,3.193359613418579,3.0547361373901367,3.2054851055145264,3.549534559249878,3.979418992996216,4.318963050842285,4.929786205291748,5.645801067352295,5.680438995361328,5.301294326782227,5.242929935455322,5.310027122497559,5.15992546081543,5.0835185050964355,5.886739730834961,7.512395858764648,9.624349594116211,11.873111724853516,13.476425170898438,14.415337562561035,15.023971557617188,15.5811185836792,16.387073516845703,17.04962921142578,17.46919059753418,17.863651275634766,18.139148712158203,18.08732032775879,17.82347297668457,17.99330711364746,18.951452255249023,20.103052139282227,20.426727294921875,19.57292938232422,18.483299255371094,17.08055305480957,15.724852561950684
0.42890262603759766,0.35004571080207825,0.643530547618866,1.2462165355682373,2.0634942054748535,2.7469096183776855,3.0126259326934814,2.7814524173736572,2.3203024864196777,2.228627920150757,2.6642606258392334,3.3489177227020264,4.072653770446777,4.6062140464782715,5.497817516326904,6.198203086853027,6.397037506103516,6.697246551513672,6.841123580932617,6.585240364074707,6.590592861175537,7.787254810333252,9.792754173278809,11.936964988708496,13.968937873840332,15.39352035522461,15.89236068725586,16.009899139404297,16.167165756225586,16.881505966186523,17.744916915893555,18.554824829101562,19.46744728088379,20.079729080200195,19.728023529052734,18.744327545166016,18.305971145629883,18.625764846801758,19.917797088623047,21.03751564025879,21.173341751098633,20.47319793701172,18.893789291381836,16.982175827026367
0.8635563850402832,0.38358747959136963,0.2976780831813812,0.6002018451690674,1.2035290002822876,1.8705525398254395,2.348745822906494,2.4831433296203613,2.221238374710083,2.0781257152557373,2.454724073410034,3.3851187229156494,4.8756937980651855,5.727600574493408,6.424440860748291,7.183703422546387,7.448792457580566,7.699723243713379,7.8393964767456055,7.6860222816467285,7.963444709777832,9.2805757522583,11.387462615966797,13.95486831665039,15.986116409301758,16.9300479888916,16.93499755859375,16.612770080566406,16.318222045898438,16.551122665405273,17.39377784729004,18.54075813293457,19.69010353088379,20.661334991455078,20.768280029296875,19.922706604003906,19.013715744018555,18.531009674072266,19.062889099121094,20.426076889038086,21.40810203552246,21.5128116607666,20.80878257751465,19.42424201965332
2.0045289993286133,1.523795485496521,1.047171711921692,0.7857728600502014,0.9374440312385559,1.4195209741592407,2.0193116664886475,2.6297943592071533,2.985625982284546,3.126863479614258,3.448885917663574,4.647885322570801,6.402963638305664,7.494266033172607,7.6952033042907715,8.168810844421387,8.175053596496582,8.171972274780273,8.385485649108887,8.522851943969727,8.884754180908203,9.834004402160645,11.419731140136719,13.953518867492676,16.540056228637695,17.73828887939453,17.507474899291992,16.852750778198242,16.381629943847656,16.23383140563965,16.763761520385742,17.922840118408203,19.046504974365234,19.830411911010742,20.394906997680664,20.3671817779541,19.67043685913086,18.987546920776367,18.887969970703125,19.671497344970703,20.817413330078125,21.739530563354492,21.949377059936523,20.9443302154541
