data/wind_data/wind_6_0.json
{"header": {"parameterUnit": "KT", "parameterCategory": 2, "nx": 255, "ny": 198, "lo1": 44.73521041870117, "la1": -3.236724853515625, "lo2": 111.26478576660156, "la2": 43.468475341796875, "dx": 0.26192745566368103, "dy": -0.23708222806453705, "refTime": "2025-02-19 06:00:00", "forecastTime": 0, "parameterNumber": 3, "parameterNumberName": "northward_wind"}, "data":
[rows 38 to 56 of 198, columns 129 to 171 of 255]
-8.964354515075684,-6.440854549407959,-4.142390251159668,-3.233656167984009,-3.241990566253662,-2.9240760803222656,-0.5995862483978271,-0.009206900373101234,2.2982492446899414,0.9991118907928467,-5.32265043258667,-6.6833577156066895,-5.199349880218506,-13.006668090820312,-10.24512004852295,-8.728015899658203,-7.944327354431152,-7.616167068481445,-7.016876697540283,-6.448727607727051,-6.125550270080566,-6.15579891204834,-6.681281566619873,-7.045833110809326,-7.133981227874756,-7.136743545532227,-7.230059623718262,-7.515342712402344,-7.704482078552246,-7.660205841064453,-7.51868200302124,-7.400485515594482,-7.339553356170654,-7.344480037689209,-7.398456573486328,-7.671687602996826,-8.029855728149414,-8.362472534179688,-8.708477020263672,-8.853142738342285,-8.70398235321045,-8.941779136657715,-9.063518524169922
-10.025876998901367,-8.346638679504395,-6.26801061630249,-4.98013162612915,-4.091430187225342,-2.5910422801971436,-1.1993752717971802,-1.4644614458084106,-1.2315492630004883,-2.917795181274414,-5.79058837890625,-5.844857215881348,-5.917522430419922,-11.475508689880371,-10.464740753173828,-9.277320861816406,-8.176508903503418,-7.569375038146973,-6.899921894073486,-6.29197359085083,-6.174302101135254,-6.156910419464111,-6.567836284637451,-6.8909592628479,-6.9962158203125,-7.195572376251221,-7.463309288024902,-7.764155864715576,-8.003640174865723,-8.052709579467773,-7.817417144775391,-7.523442268371582,-7.317345142364502,-7.182792663574219,-7.168933391571045,-7.425008296966553,-7.721004486083984,-8.007221221923828,-8.433633804321289,-8.78341293334961,-8.702996253967285,-8.500685691833496,-8.288338661193848
-9.913640022277832,-8.95985221862793,-7.474117279052734,-5.350476264953613,-2.3933396339416504,-0.101082444190979,-2.3018758296966553,-2.361727237701416,-2.915679693222046,-3.70817232131958,-3.996753454208374,-4.4862895011901855,-5.813419342041016,-9.447776794433594,-9.427488327026367,-8.800383567810059,-8.016716003417969,-7.445330619812012,-6.933938026428223,-6.280655860900879,-6.427087783813477,-6.539889812469482,-6.415801525115967,-6.447564125061035,-6.55099630355835,-6.863171100616455,-7.245759010314941,-7.459466934204102,-7.638317108154297,-7.860028266906738,-7.864818572998047,-7.786706447601318,-7.633398532867432,-7.418351173400879,-7.31722354888916,-7.370262145996094,-7.516923904418945,-7.667576789855957,-8.005009651184082,-8.34807014465332,-8.364020347595215,-8.235024452209473,-8.227203369140625
-9.281329154968262,-8.665315628051758,-7.726118564605713,-5.776991844177246,-2.6636807918548584,-0.46276625990867615,-2.0386438369750977,-1.9163055419921875,-1.5874427556991577,-1.5849711894989014,-2.123213529586792,-3.687920331954956,-5.923599720001221,-7.0363922119140625,-8.058066368103027,-8.090845108032227,-7.991784572601318,-7.728984355926514,-7.459122180938721,-6.884161949157715,-6.638853549957275,-6.652502536773682,-6.290327072143555,-6.056241035461426,-6.16118049621582,-6.550745010375977,-6.8488450050354,-7.01499080657959,-7.048079013824463,-6.984679698944092,-7.263393878936768,-7.843793869018555,-7.96514368057251,-7.908611297607422,-7.804839134216309,-7.655060768127441,-7.613052845001221,-7.712027549743652,-7.879483699798584,-7.969959735870361,-7.954582691192627,-8.023319244384766,-8.316676139831543
-8.606829643249512,-8.288187026977539,-8.05688190460205,-7.023909091949463,-4.904035568237305,-2.371633768081665,-1.2291203737258911,-0.8261175155639648,-0.19554737210273743,-0.48750415444374084,-1.2781579494476318,-1.8842860460281372,-4.053576946258545,-5.231429576873779,-6.459549903869629,-7.191009521484375,-7.548172950744629,-7.6876726150512695,-7.704992771148682,-7.439577579498291,-6.985230922698975,-6.629385948181152,-6.209871292114258,-5.783287525177002,-5.885615348815918,-6.365893840789795,-6.68666410446167,-7.0109758377075195,-7.070070743560791,-6.883276462554932,-7.138314723968506,-7.786425590515137,-8.226553916931152,-8.388144493103027,-8.351641654968262,-8.119178771972656,-7.977036952972412,-8.048108100891113,-8.136234283447266,-8.090296745300293,-8.016633033752441,-8.025583267211914,-8.22721004486084
-7.939846038818359,-7.8209004402160645,-7.839869976043701,-7.533768653869629,-5.523207664489746,-1.2809267044067383,-1.5475465059280396,-0.8321167826652527,-0.5483616590499878,-0.9101710319519043,-1.7705587148666382,-2.2142841815948486,-1.3666635751724243,-3.946234703063965,-4.5625996589660645,-5.507853984832764,-6.062223434448242,-6.5723981857299805,-6.896254539489746,-6.964853286743164,-6.875645160675049,-6.504972457885742,-5.97096586227417,-5.647090911865234,-5.8070454597473145,-6.316723823547363,-6.997380256652832,-7.358646869659424,-7.411784648895264,-7.556685924530029,-7.574955463409424,-7.533428192138672,-7.925426483154297,-8.235398292541504,-8.428504943847656,-8.420668601989746,-8.441947937011719,-8.438015937805176,-8.39970588684082,-8.401305198669434,-8.409431457519531,-8.401240348815918,-8.358515739440918
-6.913041591644287,-7.243494033813477,-7.254554271697998,-7.8695244789123535,-7.568868160247803,-3.1738007068634033,-1.0743108987808228,-0.9142569899559021,-0.4956210255622864,-0.4344634711742401,-0.7662975192070007,-2.572091579437256,-1.3520222902297974,-2.271390199661255,-2.852924346923828,-3.4183812141418457,-4.253355026245117,-4.9861159324646,-5.485387802124023,-5.719699382781982,-5.8068528175354,-5.721156120300293,-5.647068977355957,-5.7430572509765625,-6.122986316680908,-6.716736316680908,-7.460214138031006,-7.579253673553467,-7.6449503898620605,-7.754364013671875,-7.577993392944336,-7.3187150955200195,-7.3105878829956055,-7.567196369171143,-7.945521354675293,-8.267901420593262,-8.59619426727295,-8.62718677520752,-8.460104942321777,-8.467047691345215,-8.698131561279297,-8.745513916015625,-8.574536323547363
-5.581761837005615,-5.962174415588379,-6.263088703155518,-6.815088272094727,-7.190628528594971,-5.314496994018555,-1.4659515619277954,-1.282228946685791,-1.0339635610580444,-1.228668212890625,-1.1569852828979492,-0.2710064649581909,-1.549817442893982,-1.429003119468689,-1.7680730819702148,-2.011579990386963,-2.384972095489502,-2.8845906257629395,-3.4917943477630615,-4.093612194061279,-4.524210453033447,-4.878109931945801,-5.318422794342041,-5.706457614898682,-6.084031581878662,-6.617691516876221,-7.214161396026611,-7.472531318664551,-7.7354536056518555,-7.806822776794434,-7.757903099060059,-7.61322021484375,-7.386134624481201,-7.3925957679748535,-7.5577592849731445,-7.772280216217041,-8.055538177490234,-8.269278526306152,-8.268731117248535,-8.312792778015137,-8.609124183654785,-8.889471054077148,-8.770035743713379
-4.57482385635376,-4.457586288452148,-5.0371599197387695,-5.143492698669434,-5.104006767272949,-4.573457717895508,-1.7390615940093994,-1.7031422853469849,-1.1648608446121216,-0.8956791162490845,-2.300323486328125,-0.11654472351074219,-0.8529205918312073,-1.4896196126937866,-1.6119648218154907,-1.7902535200119019,-1.6291089057922363,-1.7150918245315552,-2.1473796367645264,-2.7606887817382812,-3.198373317718506,-3.672111988067627,-4.161804676055908,-4.678775787353516,-5.213675498962402,-5.775453090667725,-6.3375678062438965,-6.755646705627441,-7.200632095336914,-7.547509670257568,-7.7644829750061035,-7.766298770904541,-7.714268207550049,-7.683720588684082,-7.559390544891357,-7.407756805419922,-7.328320503234863,-7.54523229598999,-7.7501115798950195,-7.879027843475342,-8.04770565032959,-8.465585708618164,-8.694441795349121
-2.1023333072662354,-3.7234857082366943,-3.8120999336242676,-4.111044406890869,-4.802649021148682,-5.558548450469971,-3.7005531787872314,-1.4475624561309814,-1.9487773180007935,-1.2570034265518188,-0.17978136241436005,-0.9211824536323547,-0.9163215756416321,-1.415934443473816,-1.95588219165802,-1.9611912965774536,-1.7029470205307007,-1.503556251525879,-1.7280179262161255,-1.926906943321228,-2.1160473823547363,-2.4072206020355225,-2.8165886402130127,-3.561518907546997,-4.388350963592529,-4.958751201629639,-5.318308353424072,-5.625092029571533,-6.088343143463135,-6.505640029907227,-6.875088691711426,-7.141778945922852,-7.4272942543029785,-7.687625408172607,-7.687520980834961,-7.425824165344238,-7.098311424255371,-7.0220947265625,-7.070345878601074,-7.103626251220703,-7.155746936798096,-7.450443744659424,-8.003512382507324
-1.583105206489563,-2.222896099090576,-3.655325412750244,-3.246183156967163,-3.924941301345825,-5.3321309089660645,-6.62725305557251,-3.377105951309204,-2.615934371948242,-2.6841790676116943,-1.143343210220337,-1.759451150894165,-1.7337297201156616,-1.838017225265503,-2.0740511417388916,-2.02192759513855,-1.6707197427749634,-1.4883370399475098,-1.7387208938598633,-1.8050847053527832,-1.7149980068206787,-1.341625690460205,-1.7800642251968384,-2.9236831665039062,-3.912308692932129,-4.284173488616943,-4.489589691162109,-4.733413219451904,-5.066688060760498,-5.459583759307861,-5.866668701171875,-6.301365852355957,-6.7293901443481445,-7.1453680992126465,-7.418466567993164,-7.4023237228393555,-7.182920932769775,-6.959889888763428,-6.816700458526611,-6.691957950592041,-6.703795909881592,-6.9142374992370605,-7.444416046142578
-2.4433813095092773,-2.026320457458496,-3.1167447566986084,-2.752091646194458,-3.4756460189819336,-3.799018383026123,-4.63961935043335,-4.091277122497559,-1.7220752239227295,-1.2831385135650635,-1.890997052192688,-1.8814815282821655,-1.9774103164672852,-1.8646831512451172,-1.6938506364822388,-1.7987173795700073,-2.1018788814544678,-2.188427209854126,-1.8836067914962769,-1.5837867259979248,-1.5973840951919556,-1.5406992435455322,-1.7372040748596191,-2.487751007080078,-3.3322644233703613,-3.8065147399902344,-4.048671722412109,-4.179309368133545,-4.389350414276123,-4.767477035522461,-5.206307888031006,-5.785759449005127,-6.26427698135376,-6.53644323348999,-6.7386155128479,-6.907445907592773,-6.971521377563477,-6.980140209197998,-6.994908809661865,-6.928389072418213,-6.890920639038086,-6.979198932647705,-7.302043914794922
-1.5308388471603394,-1.5563268661499023,-1.2344003915786743,-1.4854280948638916,-1.0446687936782837,-2.0117480754852295,-1.3648954629898071,-1.3224061727523804,-1.0447505712509155,-0.9490801692008972,-1.0164488554000854,-1.2580678462982178,-1.3335670232772827,-1.2699337005615234,-1.366878628730774,-1.8318519592285156,-2.2660839557647705,-2.22794246673584,-1.7761952877044678,-1.6341861486434937,-2.0851335525512695,-2.7445476055145264,-2.9975321292877197,-2.9087679386138916,-2.9386701583862305,-3.458852529525757,-3.7731001377105713,-3.8369288444519043,-3.9912197589874268,-4.282046794891357,-4.722265720367432,-5.304530143737793,-5.815723419189453,-6.061521053314209,-6.120228290557861,-6.243435382843018,-6.427215576171875,-6.550772190093994,-6.746798515319824,-7.010275363922119,-7.129971027374268,-7.11336612701416,-7.380355358123779
-1.130235195159912,-0.09036632627248764,0.8996394872665405,0.22568927705287933,-0.7438468933105469,-0.7655231952667236,-1.1059304475784302,-0.8374621868133545,-0.4137642979621887,-0.13337105512619019,-0.2419334203004837,-0.48553287982940674,-0.734390139579773,-0.8595334887504578,-0.9732401371002197,-1.4555598497390747,-1.7904671430587769,-1.9175957441329956,-1.9901059865951538,-2.637568235397339,-3.275045156478882,-3.713315725326538,-3.7932288646698,-3.3566629886627197,-3.167311429977417,-3.3932268619537354,-3.7107908725738525,-3.9702398777008057,-4.120265007019043,-4.291782855987549,-4.459469795227051,-4.684844970703125,-5.042391300201416,-5.434566974639893,-5.69269323348999,-5.875173091888428,-6.01923942565918,-6.0552215576171875,-6.14042854309082,-6.482516288757324,-6.915193557739258,-7.249090194702148,-7.70701265335083
-0.28255268931388855,0.02971072867512703,0.9428526163101196,0.7785363793373108,-0.09496532380580902,0.05787718668580055,-0.2344704270362854,-0.3738768994808197,-0.23390619456768036,-0.14913295209407806,-0.1979062557220459,-0.31663498282432556,-0.5463337898254395,-0.692518949508667,-0.7590431571006775,-1.0198471546173096,-1.4955793619155884,-1.8694549798965454,-2.175262689590454,-2.7900590896606445,-3.6734931468963623,-3.941711902618408,-3.636946201324463,-3.550351858139038,-3.6315553188323975,-3.519386053085327,-3.7719390392303467,-4.174894332885742,-4.457940101623535,-4.681414604187012,-4.73222017288208,-4.639304161071777,-4.614466667175293,-4.864849090576172,-5.284714221954346,-5.6526336669921875,-5.854513645172119,-5.945655345916748,-5.95475435256958,-6.058300018310547,-6.4037580490112305,-7.063473224639893,-7.840735912322998
0.4018864631652832,0.5765814185142517,0.4209432303905487,0.7444209456443787,0.6731718182563782,0.08674908429384232,0.2837660014629364,0.44629141688346863,0.34206920862197876,0.010250800289213657,-0.17637954652309418,-0.29836031794548035,-0.4612797498703003,-0.7214304208755493,-0.9555649161338806,-1.1471004486083984,-1.3348982334136963,-1.6046456098556519,-2.011113166809082,-2.0976786613464355,-2.470313787460327,-2.729623794555664,-2.840956449508667,-3.005488157272339,-3.200469970703125,-3.342038631439209,-3.662534236907959,-4.067319869995117,-4.429187297821045,-4.713418006896973,-4.919169902801514,-4.958406448364258,-4.815322399139404,-4.77099084854126,-4.98013162612915,-5.30340576171875,-5.586731910705566,-5.836061000823975,-6.073548316955566,-6.228836536407471,-6.378124713897705,-6.769751071929932,-7.3669562339782715
1.4720607995986938,1.519495964050293,1.4967129230499268,1.545901894569397,1.4696778059005737,1.348545789718628,1.4520773887634277,1.5190590620040894,1.2551732063293457,0.7555256485939026,0.48105064034461975,0.33578795194625854,0.08369263261556625,-0.19176088273525238,-0.4173413813114166,-0.4985778331756592,-0.6009882688522339,-0.8648420572280884,-1.2527233362197876,-1.4822441339492798,-1.5194618701934814,-1.593513011932373,-1.6834137439727783,-1.710359811782837,-2.011657476425171,-2.504498243331909,-3.0762786865234375,-3.7230277061462402,-4.17266845703125,-4.395845890045166,-4.602036476135254,-4.832027912139893,-4.945138454437256,-4.929721355438232,-4.961416721343994,-5.079159259796143,-5.230866432189941,-5.438755512237549,-5.8066725730896,-6.217775344848633,-6.531628131866455,-6.740917682647705,-6.90407657623291
2.2427456378936768,1.2544212341308594,1.5740057229995728,2.1755588054656982,2.0221498012542725,1.8051625490188599,3.3047831058502197,2.441693067550659,2.269589900970459,1.946216106414795,1.5888375043869019,1.3459590673446655,1.1463514566421509,0.8706172108650208,0.5808769464492798,0.3637268543243408,0.1910485029220581,0.008703895844519138,-0.16665099561214447,-0.3313177525997162,-0.45932537317276,-0.5554721355438232,-0.7154620885848999,-0.9297928214073181,-1.1347155570983887,-1.4695614576339722,-2.069300651550293,-2.8820273876190186,-3.6127142906188965,-4.029001712799072,-4.200830459594727,-4.334273338317871,-4.528229236602783,-4.705812454223633,-4.848492622375488,-4.993481159210205,-5.1408562660217285,-5.2623491287231445,-5.429113388061523,-5.699084281921387,-6.070949077606201,-6.43424129486084,-6.699200630187988
1.7554930448532104,1.2724822759628296,1.4178965091705322,1.8425391912460327,1.5409104824066162,0.7931134700775146,3.471160650253296,3.250110626220703,3.023087978363037,2.705432176589966,2.3855199813842773,2.1725103855133057,2.0568549633026123,1.8812839984893799,1.5051301717758179,1.1438822746276855,0.9292727708816528,0.9135293364524841,0.940656304359436,0.8332771062850952,0.583184003829956,0.21079643070697784,-0.212662011384964,-0.6103207468986511,-0.8881129026412964,-1.0792362689971924,-1.3186599016189575,-1.8169739246368408,-2.5823891162872314,-3.3211588859558105,-3.760073184967041,-3.884356737136841,-3.9350545406341553,-4.088934898376465,-4.316994667053223,-4.599236011505127,-4.943351745605469,-5.254776954650879,-5.401120662689209,-5.417873859405518,-5.4533281326293945,-5.726715564727783,-6.24422025680542
