data/wind_data/wind_35_1.json
{"header": {"parameterUnit": "KT", "parameterCategory": 2, "nx": 256, "ny": 198, "lo1": 44.73521041870117, "la1": -3.236724853515625, "lo2": 111.26478576660156, "la2": 43.468475341796875, "dx": 0.2609002888202667, "dy": -0.23708222806453705, "refTime": "2025-02-20 11:00:00", "forecastTime": 0, "parameterNumber": 2, "parameterNumberName": "eastward_wind"}, "data":
[rows 19 to 37 of 198, columns 43 to 85 of 256]
-10.623417854309082,-10.486773490905762,-11.4819917678833,-11.280447959899902,-11.129901885986328,-10.062832832336426,-8.707998275756836,-8.330615997314453,-9.61573314666748,-10.540884971618652,-9.665968894958496,-7.839557647705078,-6.748089790344238,-6.3845744132995605,-7.532296657562256,-9.168325424194336,-10.718615531921387,-9.804374694824219,-8.54847526550293,-8.31047534942627,-9.207466125488281,-11.416398048400879,-11.078853607177734,-8.995091438293457,-7.54257345199585,-7.056410789489746,-7.4121880531311035,-9.36565113067627,-10.974218368530273,-9.666341781616211,-8.133283615112305,-7.340850353240967,-7.856083393096924,-7.655966758728027,-6.246979713439941,-5.439625263214111,-4.63973331451416,-5.9520440101623535,-6.953434944152832,-6.328381061553955,-4.20220947265625,-3.5476818084716797,-7.935134410858154
-11.156391143798828,-10.704437255859375,-11.224903106689453,-11.171516418457031,-11.065458297729492,-10.775410652160645,-10.374499320983887,-10.92159366607666,-11.273162841796875,-10.665024757385254,-10.027852058410645,-9.244230270385742,-8.912135124206543,-8.710371017456055,-9.562402725219727,-10.790562629699707,-10.942972183227539,-10.439647674560547,-10.403485298156738,-9.337621688842773,-8.61746883392334,-9.005141258239746,-11.334921836853027,-10.456403732299805,-8.56427001953125,-8.2652587890625,-7.812627792358398,-8.070890426635742,-8.991780281066895,-8.206223487854004,-7.09295654296875,-7.749250888824463,-9.68476676940918,-8.242850303649902,-6.158473014831543,-4.819937705993652,-3.0272128582000732,-5.49723482131958,-7.382022380828857,-6.835305213928223,-4.483754634857178,-5.270632743835449,-7.948596000671387
-11.262622833251953,-10.843317985534668,-10.608646392822266,-10.581534385681152,-9.815773010253906,-10.176385879516602,-11.180243492126465,-11.95671272277832,-12.034258842468262,-11.232547760009766,-11.082188606262207,-10.111340522766113,-10.288498878479004,-9.744108200073242,-10.067282676696777,-11.380184173583984,-11.67350959777832,-11.796904563903809,-10.92811393737793,-10.003905296325684,-9.54897403717041,-10.246994972229004,-11.07457160949707,-10.706259727478027,-9.233973503112793,-8.112143516540527,-7.987820148468018,-8.86217975616455,-9.198936462402344,-7.910887718200684,-7.215427875518799,-9.002209663391113,-10.13067626953125,-8.269696235656738,-6.375160217285156,-5.592718601226807,-5.1966986656188965,-4.55325174331665,-6.19907283782959,-7.504644393920898,-7.122823715209961,-7.5565619468688965,-8.192339897155762
-10.844889640808105,-10.412270545959473,-9.798728942871094,-9.64410400390625,-8.168501853942871,-7.941874980926514,-10.709507942199707,-13.343781471252441,-12.591560363769531,-11.807693481445312,-10.510628700256348,-10.858442306518555,-12.658158302307129,-11.706975936889648,-11.024657249450684,-11.679033279418945,-12.471967697143555,-12.326286315917969,-11.527491569519043,-11.12704849243164,-10.796789169311523,-10.830044746398926,-10.71278190612793,-9.990730285644531,-9.028996467590332,-8.039294242858887,-8.882384300231934,-9.91719913482666,-9.17859935760498,-7.996382713317871,-8.38629150390625,-9.283422470092773,-9.347180366516113,-7.967496395111084,-5.706671714782715,-5.058983325958252,-6.109200477600098,-7.0517473220825195,-6.751047611236572,-9.674504280090332,-10.247248649597168,-10.068449020385742,-8.984251976013184
-9.768400192260742,-9.825249671936035,-8.618356704711914,-8.824056625366211,-7.502429485321045,-5.1409382820129395,-6.9887566566467285,-13.488359451293945,-14.476049423217773,-11.452640533447266,-9.275825500488281,-11.354693412780762,-14.288612365722656,-12.698421478271484,-12.200723648071289,-12.87288761138916,-13.247273445129395,-12.67976188659668,-12.128975868225098,-11.897086143493652,-11.63037109375,-11.178098678588867,-10.040816307067871,-8.930102348327637,-8.360686302185059,-8.603265762329102,-9.850709915161133,-9.6985502243042,-9.009078025817871,-8.333504676818848,-8.430044174194336,-8.216435432434082,-7.720180988311768,-6.938985824584961,-6.126420974731445,-5.4505767822265625,-5.6256422996521,-6.534546852111816,-9.412140846252441,-10.747315406799316,-9.402849197387695,-10.503767013549805,-8.60303783416748
-10.63784408569336,-9.516167640686035,-9.636748313903809,-8.56650447845459,-5.639513969421387,-4.175355911254883,-5.5385942459106445,-9.007328033447266,-13.937066078186035,-12.009139060974121,-9.94405746459961,-12.312443733215332,-14.39426326751709,-12.700566291809082,-12.794417381286621,-13.528078079223633,-13.1600923538208,-12.895914077758789,-12.847848892211914,-12.587069511413574,-12.130290031433105,-10.961441040039062,-9.353589057922363,-8.413215637207031,-8.516007423400879,-9.540241241455078,-10.51002311706543,-9.452689170837402,-8.289813041687012,-8.336974143981934,-8.709900856018066,-7.49989128112793,-6.855705738067627,-5.622447490692139,-5.692252159118652,-6.197622299194336,-7.86232328414917,-8.132869720458984,-8.213339805603027,-10.972418785095215,-10.449158668518066,-8.367640495300293,-7.67295503616333
-11.943971633911133,-8.958677291870117,-6.940412521362305,-5.96776819229126,-4.090944766998291,-4.747379779815674,-8.574895858764648,-11.85312271118164,-10.586316108703613,-11.392278671264648,-11.079229354858398,-13.406665802001953,-14.430854797363281,-13.304062843322754,-13.145977020263672,-13.1459321975708,-12.473506927490234,-12.698543548583984,-13.832529067993164,-13.159424781799316,-11.671271324157715,-10.294057846069336,-9.234663009643555,-9.463127136230469,-10.708148002624512,-11.435464859008789,-11.134899139404297,-9.218401908874512,-7.304696083068848,-6.904003143310547,-9.10165023803711,-8.176803588867188,-7.565019130706787,-6.801998615264893,-6.136480331420898,-9.16622543334961,-10.614607810974121,-9.571144104003906,-9.279192924499512,-11.564227104187012,-10.582446098327637,-7.342222690582275,-6.1202712059021
-11.952765464782715,-8.62448501586914,-5.722189903259277,-5.611518859863281,-7.43756103515625,-10.5856294631958,-12.616079330444336,-11.864485740661621,-8.930168151855469,-8.59906005859375,-9.20462417602539,-13.733296394348145,-14.921138763427734,-13.787503242492676,-13.516642570495605,-13.455344200134277,-12.630680084228516,-13.678540229797363,-14.068256378173828,-12.859841346740723,-11.502302169799805,-10.900983810424805,-10.937631607055664,-11.454883575439453,-12.005026817321777,-12.156368255615234,-11.248092651367188,-9.537393569946289,-7.719289302825928,-8.015060424804688,-10.523616790771484,-9.492986679077148,-8.55086898803711,-9.306529998779297,-9.835445404052734,-10.962922096252441,-10.381335258483887,-9.301526069641113,-10.022431373596191,-12.262813568115234,-10.198695182800293,-7.865438461303711,-7.848069667816162
-11.784406661987305,-10.550396919250488,-8.044157981872559,-7.878345489501953,-9.93272590637207,-10.788846969604492,-11.411680221557617,-10.155467987060547,-7.906952381134033,-6.105551719665527,-8.23127555847168,-13.620597839355469,-14.821196556091309,-13.136784553527832,-13.53762435913086,-13.865291595458984,-13.9652738571167,-14.19344711303711,-13.401138305664062,-12.768463134765625,-12.555248260498047,-12.134811401367188,-11.671902656555176,-11.872880935668945,-12.327465057373047,-12.110945701599121,-10.79270076751709,-9.580059051513672,-9.150802612304688,-9.853996276855469,-10.686750411987305,-9.985138893127441,-8.948901176452637,-8.899956703186035,-9.029745101928711,-9.585600852966309,-9.510197639465332,-9.574857711791992,-10.649395942687988,-11.38558578491211,-10.394670486450195,-9.639409065246582,-9.763297080993652
-9.950161933898926,-10.027511596679688,-8.543466567993164,-8.104336738586426,-9.007331848144531,-9.012568473815918,-9.103809356689453,-9.254178047180176,-7.807631015777588,-5.2249274253845215,-6.398453712463379,-15.454643249511719,-14.218999862670898,-15.094675064086914,-13.575618743896484,-13.284377098083496,-13.686210632324219,-13.822134017944336,-13.587347984313965,-13.10442066192627,-13.080831527709961,-13.057608604431152,-13.119291305541992,-12.961397171020508,-12.683918952941895,-12.236579895019531,-11.274316787719727,-10.05003547668457,-9.328932762145996,-9.248001098632812,-9.38234806060791,-9.71058177947998,-9.815191268920898,-9.051359176635742,-7.405864715576172,-6.591716289520264,-10.550970077514648,-11.152571678161621,-10.681134223937988,-9.743407249450684,-9.910892486572266,-10.617081642150879,-10.014179229736328
-6.397758960723877,-8.97647762298584,-9.235725402832031,-8.65902328491211,-9.248817443847656,-8.521562576293945,-9.058258056640625,-8.795884132385254,-7.546572208404541,-6.296565532684326,-11.253664016723633,-17.16034698486328,-15.212236404418945,-14.791790962219238,-14.015676498413086,-12.629362106323242,-12.346794128417969,-13.649576187133789,-13.621935844421387,-12.986091613769531,-13.673616409301758,-14.091071128845215,-14.346592903137207,-14.251882553100586,-13.862343788146973,-13.166277885437012,-11.941619873046875,-10.719520568847656,-9.88627815246582,-9.329398155212402,-9.018258094787598,-9.563920021057129,-10.241873741149902,-9.466358184814453,-8.007122993469238,-8.739104270935059,-11.816028594970703,-11.78333568572998,-11.228096961975098,-9.642946243286133,-9.4513578414917,-10.306686401367188,-10.078058242797852
-8.609786987304688,-8.817907333374023,-9.550191879272461,-10.092397689819336,-9.089065551757812,-7.27541446685791,-6.334289073944092,-4.953354358673096,-5.616838455200195,-8.628036499023438,-13.03929328918457,-17.33618927001953,-15.552390098571777,-12.964296340942383,-12.52890682220459,-12.534612655639648,-12.042141914367676,-12.338118553161621,-12.509041786193848,-12.949570655822754,-13.09862232208252,-13.876287460327148,-14.615227699279785,-14.714715003967285,-14.336012840270996,-13.432624816894531,-12.201702117919922,-11.029045104980469,-10.205889701843262,-9.941533088684082,-9.92912483215332,-10.152156829833984,-10.083436012268066,-9.744760513305664,-9.3074951171875,-9.972365379333496,-11.249530792236328,-11.384078025817871,-10.888547897338867,-9.96720027923584,-9.021395683288574,-9.35858154296875,-9.821881294250488
-10.000346183776855,-9.426584243774414,-10.175573348999023,-9.005699157714844,-6.709722995758057,-4.948406219482422,-3.708763837814331,-4.282081604003906,-9.096705436706543,-13.049909591674805,-12.655577659606934,-15.392419815063477,-14.793275833129883,-12.869258880615234,-11.411219596862793,-11.83586597442627,-11.322332382202148,-8.519669532775879,-10.590539932250977,-12.636468887329102,-12.61069393157959,-12.568291664123535,-14.172704696655273,-15.00870418548584,-14.952537536621094,-13.794376373291016,-12.360010147094727,-11.189535140991211,-10.448328971862793,-10.107914924621582,-10.210187911987305,-10.151198387145996,-10.197738647460938,-10.115985870361328,-9.855574607849121,-9.784637451171875,-9.910536766052246,-10.157382011413574,-10.334766387939453,-9.899242401123047,-9.233643531799316,-8.765290260314941,-8.725151062011719
-10.681439399719238,-10.779060363769531,-9.10124397277832,-8.569546699523926,-6.554024696350098,-5.41429328918457,-6.869010925292969,-9.331528663635254,-13.596451759338379,-12.421592712402344,-11.121438980102539,-14.346138954162598,-13.984073638916016,-12.681020736694336,-11.703558921813965,-11.227222442626953,-9.739595413208008,-7.02670431137085,-9.888561248779297,-15.091999053955078,-13.125840187072754,-11.751609802246094,-12.04771614074707,-14.231637954711914,-14.220481872558594,-12.870258331298828,-12.555793762207031,-11.594980239868164,-10.320427894592285,-9.413152694702148,-9.933777809143066,-10.399332046508789,-10.735583305358887,-10.748586654663086,-10.5668306350708,-10.143087387084961,-9.770386695861816,-9.754274368286133,-9.782160758972168,-9.586956024169922,-9.188737869262695,-8.868559837341309,-8.708210945129395
-9.866134643554688,-11.921059608459473,-10.634333610534668,-8.7871732711792,-7.664251327514648,-8.27718448638916,-8.957427978515625,-8.691253662109375,-10.355297088623047,-11.569433212280273,-11.405889511108398,-11.457813262939453,-12.076367378234863,-13.025128364562988,-12.537732124328613,-12.01275634765625,-9.518669128417969,-9.03472900390625,-14.197957992553711,-17.100934982299805,-13.433979988098145,-11.118659973144531,-9.814116477966309,-9.227776527404785,-10.433366775512695,-10.67680549621582,-12.23309326171875,-11.574204444885254,-9.716442108154297,-9.093019485473633,-9.52570915222168,-9.970134735107422,-11.06715202331543,-11.476649284362793,-11.397781372070312,-10.72221565246582,-9.85398006439209,-9.665690422058105,-9.984138488769531,-9.66935920715332,-8.86221694946289,-8.14154052734375,-8.312578201293945
-10.827728271484375,-11.98944091796875,-10.746101379394531,-8.800174713134766,-8.330073356628418,-9.615607261657715,-7.9893412590026855,-5.286615371704102,-7.194028377532959,-11.001941680908203,-11.594369888305664,-11.415180206298828,-11.993839263916016,-12.11408519744873,-12.488375663757324,-11.127012252807617,-7.64651346206665,-9.532474517822266,-13.886056900024414,-14.146943092346191,-12.559167861938477,-12.035970687866211,-10.684558868408203,-8.151731491088867,-7.5159735679626465,-8.686830520629883,-13.299858093261719,-11.470352172851562,-8.600351333618164,-8.418868064880371,-8.793142318725586,-9.762685775756836,-11.416425704956055,-12.161957740783691,-12.014391899108887,-11.26276969909668,-10.156457901000977,-9.996109008789062,-9.976962089538574,-9.5502347946167,-8.569585800170898,-7.522281169891357,-7.350062370300293
-10.714448928833008,-9.458901405334473,-7.663064479827881,-8.301251411437988,-10.797293663024902,-9.94173526763916,-7.650106906890869,-8.666149139404297,-10.935811042785645,-9.810372352600098,-10.086532592773438,-14.142498970031738,-13.947347640991211,-12.01620864868164,-10.766535758972168,-8.195398330688477,-6.8741841316223145,-13.293508529663086,-14.097492218017578,-12.482748985290527,-12.075406074523926,-12.172436714172363,-10.710777282714844,-9.739540100097656,-11.016212463378906,-12.076104164123535,-12.992318153381348,-12.17962646484375,-9.067797660827637,-7.655098915100098,-7.468289852142334,-8.984413146972656,-11.66064167022705,-12.799822807312012,-12.672782897949219,-11.567265510559082,-10.912126541137695,-10.210678100585938,-9.825053215026855,-9.198220252990723,-8.489246368408203,-7.662482738494873,-6.861894607543945
-10.063746452331543,-7.999253273010254,-7.455897331237793,-8.912981986999512,-10.53620719909668,-9.551721572875977,-9.748008728027344,-12.222783088684082,-11.863426208496094,-10.24191665649414,-11.644064903259277,-15.327427864074707,-13.536701202392578,-10.394515991210938,-7.87166166305542,-6.062564373016357,-9.41142463684082,-15.037148475646973,-13.845792770385742,-12.160177230834961,-11.79487133026123,-11.610672950744629,-10.922334671020508,-10.464892387390137,-11.56214714050293,-12.244298934936523,-12.75637435913086,-12.754914283752441,-10.629010200500488,-8.116084098815918,-5.110658645629883,-4.841721057891846,-11.23237133026123,-13.034087181091309,-13.788009643554688,-12.143909454345703,-11.63786506652832,-10.81190299987793,-10.079261779785156,-9.179896354675293,-8.617141723632812,-7.936217308044434,-6.840100288391113
-9.549417495727539,-8.834027290344238,-10.226419448852539,-10.423210144042969,-8.194003105163574,-7.120337009429932,-12.905801773071289,-13.26743221282959,-10.013919830322266,-9.746865272521973,-12.65706729888916,-13.384468078613281,-11.829256057739258,-9.981893539428711,-8.303138732910156,-6.549824237823486,-8.632363319396973,-13.376873016357422,-12.6939115524292,-9.528573989868164,-9.442667961120605,-11.871492385864258,-11.787365913391113,-10.712974548339844,-11.77486515045166,-12.175803184509277,-11.187407493591309,-11.174205780029297,-10.506587028503418,-9.239269256591797,-7.09758186340332,-5.454182147979736,-10.816161155700684,-14.883070945739746,-14.213172912597656,-12.2449312210083,-11.437788963317871,-11.083828926086426,-10.152517318725586,-9.007174491882324,-8.180901527404785,-8.255624771118164,-7.092188358306885
