data/wind_data/wind_17_1.json
{"header": {"parameterUnit": "KT", "parameterCategory": 2, "nx": 256, "ny": 198, "lo1": 44.73521041870117, "la1": -3.236724853515625, "lo2": 111.26478576660156, "la2": 43.468475341796875, "dx": 0.2609002888202667, "dy": -0.23708222806453705, "refTime": "2025-02-19 17:00:00", "forecastTime": 0, "parameterNumber": 2, "parameterNumberName": "eastward_wind"}, "data":
[rows 57 to 75 of 198, columns 86 to 128 of 256]
-3.602627754211426,-2.0883169174194336,-2.5117504596710205,-2.3552849292755127,-2.115224599838257,-2.121859550476074,-1.8477205038070679,-1.0106192827224731,-0.7987719774246216,0.08439472317695618,0.8109121322631836,1.5856475830078125,2.545377254486084,3.0370960235595703,3.3102097511291504,4.008878231048584,5.798131942749023,6.341858863830566,7.537487506866455,8.018667221069336,8.524665832519531,8.77584457397461,8.198131561279297,7.912759304046631,7.5938029289245605,7.40314245223999,6.364768981933594,7.101204872131348,8.272154808044434,7.365447044372559,7.119698524475098,6.288821697235107,3.615900993347168,4.538968086242676,3.177715539932251,1.9177912473678589,6.261374473571777,-1.0383025407791138,-4.4193010330200195,-4.195526123046875,-3.8228185176849365,-8.935432434082031,-13.782665252685547
-3.0357539653778076,-2.5978353023529053,-2.827570676803589,-2.51855206489563,-2.9020493030548096,-2.4549174308776855,-1.9424675703048706,-2.0472774505615234,-0.6361359357833862,-0.7558131217956543,1.0559736490249634,1.3066027164459229,2.316067934036255,2.8539369106292725,3.479321241378784,4.2792158126831055,5.2205963134765625,6.574216842651367,7.685445785522461,8.227654457092285,8.631394386291504,9.009088516235352,8.717601776123047,7.934603691101074,7.129958629608154,6.566826820373535,6.100096225738525,7.41924524307251,5.672211170196533,5.882403373718262,7.300788402557373,4.662372589111328,3.2093827724456787,2.8925273418426514,3.4088845252990723,3.558415174484253,8.235048294067383,6.268462181091309,-8.393538475036621,-4.487749099731445,-2.4352328777313232,-7.7295098304748535,-13.190468788146973
-2.8626203536987305,-2.8912384510040283,-3.5048694610595703,-2.3546087741851807,-2.873782157897949,-2.4521265029907227,-1.812282681465149,-1.6998205184936523,-0.3974970877170563,-0.5567805171012878,1.5739920139312744,1.0694446563720703,1.9677867889404297,2.3465769290924072,3.182168483734131,4.121554851531982,5.376585006713867,6.558413028717041,7.6490960121154785,8.397872924804688,8.908197402954102,8.834640502929688,8.896706581115723,8.235630989074707,7.30482816696167,6.189766883850098,6.501052379608154,6.6581950187683105,4.772463798522949,7.112015247344971,2.8080222606658936,5.048523902893066,3.5180490016937256,2.970637083053589,4.136712551116943,6.3995256423950195,7.373558521270752,9.608772277832031,-3.4750325679779053,-7.487837314605713,-5.889105796813965,-8.813386917114258,-9.656213760375977
-2.9233100414276123,-3.269958257675171,-3.557990789413452,-2.210339069366455,-3.248115301132202,-2.082829713821411,-1.9617336988449097,-1.0960592031478882,-0.8850245475769043,-0.43245625495910645,0.6406334638595581,1.0118114948272705,1.939156174659729,2.169106960296631,3.0951735973358154,3.9006917476654053,5.194239616394043,6.425797462463379,7.4203104972839355,8.332002639770508,8.93686580657959,9.38811206817627,9.101988792419434,8.270051002502441,6.931211471557617,6.138332366943359,6.565661907196045,6.219332695007324,3.7927093505859375,6.043056011199951,1.2254031896591187,1.7599341869354248,4.549368381500244,2.436866044998169,6.0977678298950195,6.475270748138428,5.02520227432251,8.398092269897461,0.4204169511795044,-9.249926567077637,-9.945274353027344,-9.27707576751709,-6.808342456817627
-3.6760470867156982,-3.948890447616577,-3.657681703567505,-2.565976142883301,-2.916555404663086,-1.9701552391052246,-1.7303143739700317,-1.424080729484558,-1.2760746479034424,-0.44070810079574585,-0.08115854859352112,0.8444849252700806,1.3583602905273438,2.4203250408172607,3.072826623916626,3.9714102745056152,4.751372337341309,5.978627681732178,6.991644382476807,8.164691925048828,9.09774112701416,9.828690528869629,9.656328201293945,8.720062255859375,7.2425127029418945,5.719749927520752,5.891270160675049,4.746790409088135,5.803163528442383,3.5181357860565186,1.4584459066390991,0.15882347524166107,3.8878328800201416,2.2953755855560303,8.561843872070312,7.928513050079346,4.55811071395874,3.0084078311920166,-4.415499210357666,-10.259504318237305,-10.97231674194336,-8.394271850585938,-6.466825008392334
-4.5079498291015625,-4.3819169998168945,-3.790712594985962,-3.384025812149048,-3.0051636695861816,-2.271547555923462,-2.1569926738739014,-1.767378568649292,-1.0615520477294922,-0.6371893286705017,-0.049559324979782104,0.4457286298274994,1.2596406936645508,2.1275062561035156,3.0219948291778564,3.9030823707580566,4.72719669342041,5.780108451843262,6.614417552947998,7.8254828453063965,8.879279136657715,9.80100154876709,9.761189460754395,9.101387977600098,7.6996355056762695,6.374359130859375,5.724637985229492,3.7767884731292725,6.1992034912109375,0.6133875250816345,2.79587984085083,1.589834213256836,1.4566569328308105,4.469810962677002,10.565557479858398,7.85213041305542,3.6194443702697754,-0.08251965790987015,-6.858052730560303,-9.400558471679688,-10.176328659057617,-8.364542961120605,-6.846916675567627
-4.015424728393555,-3.8512773513793945,-3.3101303577423096,-3.475860118865967,-3.0663890838623047,-2.6612417697906494,-2.298759698867798,-1.7773876190185547,-1.3218705654144287,-0.8870763182640076,-0.419019490480423,0.21101854741573334,0.959082305431366,1.7407197952270508,2.7094404697418213,3.691361904144287,4.666249752044678,5.646096229553223,6.477111339569092,7.568788051605225,8.718098640441895,9.621615409851074,9.751766204833984,9.278719902038574,8.047661781311035,6.944540977478027,5.740701198577881,4.325835227966309,4.600896835327148,1.2527958154678345,2.396683692932129,0.23868116736412048,-1.0425806045532227,4.98007345199585,9.59132194519043,7.677909851074219,4.449573993682861,-3.6013917922973633,-6.747910022735596,-8.858464241027832,-9.539275169372559,-8.248794555664062,-7.570683002471924
-3.982116222381592,-4.237244129180908,-4.2834153175354,-3.999293565750122,-3.5438690185546875,-2.8925676345825195,-2.1814944744110107,-1.6765397787094116,-1.135036826133728,-0.7689704895019531,-0.4386422634124756,-0.18926489353179932,0.5925086140632629,1.2634440660476685,2.2622382640838623,3.2180914878845215,4.372681617736816,5.373195648193359,6.418064594268799,7.474320411682129,8.61304759979248,9.413673400878906,9.6364107131958,9.1362943649292,7.885947227478027,6.778783321380615,5.757599830627441,4.645994186401367,4.184343338012695,1.1410233974456787,0.7621543407440186,-0.5998042821884155,1.5039807558059692,7.0857391357421875,7.097424507141113,11.167677879333496,2.8280065059661865,-7.986191749572754,-6.6578898429870605,-7.341146945953369,-9.24278736114502,-8.228137016296387,-7.520928859710693
-4.007945537567139,-4.146674633026123,-4.078944206237793,-4.050002098083496,-3.626410961151123,-2.971144676208496,-2.18017578125,-1.475929856300354,-0.7890900373458862,-0.597472608089447,-0.27657878398895264,-0.19324661791324615,0.43472278118133545,1.110390543937683,2.0429537296295166,2.7803804874420166,3.764867067337036,4.735490322113037,5.896633148193359,7.165162563323975,8.487398147583008,9.437716484069824,9.589747428894043,8.932565689086914,7.253468990325928,6.3406243324279785,4.807122230529785,5.337082862854004,2.5522825717926025,0.28865841031074524,0.89762943983078,1.5580737590789795,3.3486573696136475,5.668614864349365,7.314344882965088,13.198378562927246,-1.5883679389953613,-8.655932426452637,-7.711411952972412,-5.567816734313965,-8.229941368103027,-7.832690238952637,-7.034923076629639
-4.3048319816589355,-4.1219162940979,-3.9747965335845947,-3.846926212310791,-3.5199904441833496,-2.8814005851745605,-2.01641845703125,-1.2303794622421265,-0.4879535734653473,-0.18428950011730194,0.011406192556023598,0.009635849855840206,0.5709885954856873,1.199263095855713,1.9761884212493896,2.4256858825683594,3.1675989627838135,4.066278457641602,5.2316484451293945,6.611340045928955,8.275818824768066,9.645204544067383,9.755972862243652,8.412633895874023,6.379202842712402,5.631035327911377,3.8106954097747803,5.25187873840332,1.434288740158081,-2.2243118286132812,-0.45685896277427673,3.4192638397216797,5.004413604736328,6.2003560066223145,9.404179573059082,10.429902076721191,-1.3576266765594482,-7.951568603515625,-9.184345245361328,-5.8598856925964355,-7.60985803604126,-7.72345495223999,-6.439480304718018
-4.428472518920898,-4.073737144470215,-3.726348876953125,-3.5221364498138428,-3.175239086151123,-2.714430332183838,-1.9926457405090332,-1.2582563161849976,-0.46175506711006165,-0.09023335576057434,0.10964030772447586,0.1486140340566635,0.7422852516174316,1.1394708156585693,1.6648008823394775,1.8928180932998657,2.5608303546905518,3.4101998805999756,4.619905948638916,6.044857025146484,7.963508605957031,9.436970710754395,9.358389854431152,7.117947578430176,5.575040817260742,4.890249252319336,3.5148966312408447,3.9863438606262207,3.071537494659424,0.5643923878669739,2.6784181594848633,4.847283363342285,6.880117893218994,5.721767902374268,9.875336647033691,5.478883266448975,-5.9532341957092285,-8.133020401000977,-9.028767585754395,-6.109795093536377,-6.828367233276367,-7.69281530380249,-6.577095031738281
-4.418435573577881,-4.022734642028809,-3.6062686443328857,-3.3676414489746094,-3.0210018157958984,-2.7276177406311035,-2.241934299468994,-1.6774427890777588,-1.0095937252044678,-0.6153778433799744,-0.2503696084022522,0.02120540477335453,0.48765912652015686,0.7738183736801147,1.1373322010040283,1.2906525135040283,1.7122126817703247,2.479461193084717,3.694016933441162,5.2436065673828125,6.908079147338867,8.20920181274414,7.465171813964844,5.121165752410889,4.079805374145508,4.1794891357421875,3.0199174880981445,3.8261237144470215,1.4532843828201294,0.10169576853513718,3.536905527114868,5.893007755279541,8.85051155090332,5.174324035644531,9.465348243713379,2.1207432746887207,-5.258563995361328,-7.5297136306762695,-8.093411445617676,-6.729251861572266,-7.294829368591309,-7.841389179229736,-7.097250938415527
-4.291867733001709,-3.9935619831085205,-3.628528594970703,-3.3724634647369385,-3.0402045249938965,-2.7642712593078613,-2.584871530532837,-2.25240159034729,-1.8956941366195679,-1.5874239206314087,-1.1282073259353638,-0.6598771810531616,-0.20301222801208496,0.15975530445575714,0.457066148519516,0.7916700839996338,1.2290903329849243,1.8065398931503296,2.907686710357666,4.256394386291504,5.645906448364258,6.373188495635986,5.20700740814209,3.591679334640503,2.3088531494140625,2.663329601287842,3.003446102142334,1.6273143291473389,-2.3859877586364746,0.09500205516815186,3.586759328842163,7.358199119567871,8.925446510314941,8.44591999053955,6.202762126922607,-1.7362006902694702,-6.216701507568359,-6.575777053833008,-6.9866533279418945,-6.796903133392334,-7.393575191497803,-8.129326820373535,-8.980681419372559
-4.412515640258789,-4.192712783813477,-3.8933675289154053,-3.658597230911255,-3.2914490699768066,-2.947665214538574,-2.7726945877075195,-2.677654981613159,-2.6884546279907227,-2.590050220489502,-2.1426284313201904,-1.60850989818573,-1.0888075828552246,-0.5988653898239136,0.0008427047287113965,0.6700828671455383,1.4837621450424194,1.8053816556930542,2.5825271606445312,3.2145402431488037,4.382011413574219,4.674427032470703,3.897071361541748,2.4122729301452637,0.9012380838394165,0.966012716293335,1.5760098695755005,-1.004835844039917,-0.8637601137161255,0.1451360136270523,3.142700433731079,8.484551429748535,8.513054847717285,10.578987121582031,2.40092134475708,-6.56043815612793,-3.498563528060913,-4.080925941467285,-5.644922733306885,-7.763566970825195,-9.477825164794922,-9.382233619689941,-9.505144119262695
-4.463201999664307,-4.3769659996032715,-4.30213737487793,-4.126863479614258,-3.7987124919891357,-3.467827796936035,-3.1695706844329834,-3.027710199356079,-3.03300142288208,-2.9500644207000732,-2.601797342300415,-2.151785373687744,-1.6222954988479614,-1.1003363132476807,-0.5009477138519287,0.184581458568573,1.128598928451538,1.6389518976211548,2.5917108058929443,3.032402992248535,3.8425936698913574,3.6804966926574707,3.0043437480926514,1.6191034317016602,-0.15736927092075348,0.2709093689918518,0.34780600666999817,-2.686796188354492,1.7843108177185059,2.4165635108947754,4.241236686706543,7.046286582946777,7.444483757019043,10.823132514953613,0.563761293888092,-7.013046741485596,-0.8027807474136353,-1.2114211320877075,-5.846017360687256,-8.065322875976562,-10.294058799743652,-9.14724063873291,-8.072748184204102
-4.2451910972595215,-4.221854209899902,-4.275188446044922,-4.420989513397217,-4.232336521148682,-3.9018466472625732,-3.7892990112304688,-3.4296391010284424,-3.1842727661132812,-2.8599371910095215,-2.510101795196533,-2.2037928104400635,-1.745949625968933,-1.2186357975006104,-0.7401697039604187,-0.047957051545381546,0.7817137837409973,1.6355853080749512,2.4623565673828125,3.3804726600646973,3.631983995437622,3.3866124153137207,2.0204362869262695,1.3552509546279907,0.06321437656879425,0.21651676297187805,-3.2531914710998535,-6.010568618774414,1.357090950012207,4.766294002532959,5.337244510650635,6.118620872497559,9.368112564086914,2.9444916248321533,-2.075437307357788,-2.222285270690918,-1.6722620725631714,-0.10128173977136612,-6.89496374130249,-7.588491916656494,-9.410896301269531,-9.868237495422363,-6.659265995025635
-4.250617980957031,-4.007619380950928,-3.733380079269409,-4.083611965179443,-4.055720329284668,-3.8017728328704834,-3.905898094177246,-3.5021772384643555,-3.1657071113586426,-2.7032501697540283,-2.2559702396392822,-1.948467493057251,-1.5751385688781738,-1.0057480335235596,-0.6591343879699707,0.12596219778060913,0.6437314748764038,1.4490376710891724,1.977256417274475,3.1785407066345215,3.099327802658081,3.3032782077789307,1.140426516532898,1.555004596710205,0.7840180397033691,-0.7198517322540283,-6.2933759689331055,-5.441839218139648,1.5746901035308838,5.282921314239502,5.992941379547119,8.229748725891113,9.40058708190918,0.3852546811103821,-2.7668449878692627,0.5858584642410278,-0.7365575432777405,0.25799068808555603,-6.174668312072754,-7.729409217834473,-9.380992889404297,-8.608946800231934,-6.303229331970215
-3.919300079345703,-3.806927442550659,-3.568695545196533,-3.70356822013855,-3.7703135013580322,-3.823387622833252,-3.6669750213623047,-3.4112682342529297,-3.1799659729003906,-2.7497658729553223,-2.3538575172424316,-1.9297798871994019,-1.5236908197402954,-1.0521903038024902,-0.6642301678657532,0.2074584811925888,0.5169314742088318,1.2196686267852783,1.2993569374084473,2.4834420680999756,2.1902225017547607,2.674987554550171,0.6988509297370911,2.1086912155151367,0.6304723620414734,-4.402473449707031,-8.024117469787598,-0.9972401261329651,5.161433219909668,6.61255407333374,6.589926719665527,9.884879112243652,8.99319076538086,0.532882034778595,0.27750906348228455,-0.030343225225806236,-1.4785590171813965,-3.0906460285186768,-4.0562944412231445,-4.836791515350342,-6.990133285522461,-9.299822807312012,-6.818946838378906
-3.463491678237915,-3.4065606594085693,-3.294208288192749,-3.5290729999542236,-3.622755765914917,-3.660536289215088,-3.4282968044281006,-3.3805806636810303,-3.3616697788238525,-2.9938905239105225,-2.591762065887451,-2.1985511779785156,-1.7857303619384766,-1.3687665462493896,-0.9854576587677002,-0.24659961462020874,0.3516063094139099,0.9937981963157654,1.161565899848938,1.7504074573516846,1.527052640914917,1.7071645259857178,0.7740076184272766,2.0800580978393555,-0.612984836101532,-6.974598407745361,-7.133413791656494,2.244251251220703,6.919260025024414,7.027652740478516,6.923623085021973,10.721381187438965,8.545257568359375,-0.3388584554195404,0.07331722229719162,0.6646486520767212,0.27844586968421936,-1.5766969919204712,-3.7862372398376465,-4.427340507507324,-4.68902587890625,-8.336273193359375,-7.360308647155762
