data/wind_data/wind_32_4.json
{"header": {"parameterUnit": "KT", "parameterCategory": 2, "nx": 256, "ny": 198, "lo1": 44.73521041870117, "la1": -3.236724853515625, "lo2": 111.26478576660156, "la2": 43.468475341796875, "dx": 0.2609002888202667, "dy": -0.23708222806453705, "refTime": "2025-02-20 08:00:00", "forecastTime": 0, "parameterNumber": 2, "parameterNumberName": "eastward_wind"}, "data":
[rows 76 to 94 of 198, columns 44 to 87 of 256]
0.19293996691703796,-0.43314749002456665,-0.9762373566627502,-1.2620834112167358,-1.2540299892425537,-1.06967031955719,-0.8545011281967163,-0.6693384051322937,-0.5160125494003296,-0.3790859878063202,-0.264160692691803,-0.14940938353538513,0.0010001476621255279,0.2173185646533966,0.5137364864349365,0.8710730075836182,1.2568049430847168,1.6356654167175293,1.9829473495483398,2.2624869346618652,2.4417059421539307,2.5199649333953857,2.522019863128662,2.461153507232666,2.3487472534179688,2.2119174003601074,2.1403145790100098,2.228846311569214,2.488499641418457,2.8475418090820312,3.2318167686462402,3.6058647632598877,3.945173501968384,4.217963218688965,4.402415752410889,4.524260520935059,4.605928897857666,4.637380599975586,4.648467540740967,4.670708656311035,4.699289798736572,4.733389854431152,4.76476526260376,4.777291297912598
1.2079275846481323,0.6454617977142334,0.24331209063529968,0.02442339062690735,0.02103101648390293,0.14517562091350555,0.2592497766017914,0.3272082805633545,0.4208552837371826,0.5565975308418274,0.669769287109375,0.7463855147361755,0.8581552505493164,1.0878417491912842,1.4422131776809692,1.8502706289291382,2.245710611343384,2.6002490520477295,2.9159998893737793,3.1791539192199707,3.3493261337280273,3.4141054153442383,3.3740906715393066,3.2702999114990234,3.157315492630005,3.105618476867676,3.188791275024414,3.446989059448242,3.815894603729248,4.221023082733154,4.598555088043213,4.932969570159912,5.218542575836182,5.427734375,5.526639461517334,5.536190986633301,5.502203941345215,5.467008590698242,5.4396586418151855,5.416635036468506,5.416592597961426,5.455798149108887,5.489188194274902,5.530947208404541
2.5952749252319336,1.787853479385376,1.4000935554504395,1.387238621711731,1.5782374143600464,1.7711843252182007,1.8471163511276245,1.8420568704605103,1.8440299034118652,1.8411037921905518,1.7862160205841064,1.7018964290618896,1.7296955585479736,1.980182409286499,2.402665138244629,2.8411147594451904,3.207916498184204,3.507963180541992,3.7654612064361572,3.9730355739593506,4.089389324188232,4.1028547286987305,4.030118465423584,3.9132001399993896,3.8292016983032227,3.872995138168335,4.115238189697266,4.532303810119629,5.038079261779785,5.541924953460693,5.998693466186523,6.389598369598389,6.6963911056518555,6.894516944885254,6.957952499389648,6.907184600830078,6.8028435707092285,6.695807456970215,6.585347652435303,6.482244491577148,6.397559642791748,6.3429670333862305,6.345696926116943,6.43404483795166
4.509621620178223,3.650169849395752,2.964266061782837,2.794830799102783,3.0686442852020264,3.455476760864258,3.708953380584717,3.791024684906006,3.7577736377716064,3.5975019931793213,3.3013532161712646,2.979504108428955,2.8405706882476807,3.0229432582855225,3.4249863624572754,3.8383350372314453,4.166571617126465,4.438748359680176,4.687585353851318,4.862085819244385,4.89443302154541,4.78469181060791,4.610875606536865,4.463316917419434,4.422519683837891,4.554714202880859,4.891136646270752,5.395971775054932,5.992555618286133,6.607052803039551,7.1783857345581055,7.681199550628662,8.091964721679688,8.376330375671387,8.51653003692627,8.52529239654541,8.449413299560547,8.328587532043457,8.163800239562988,7.957963943481445,7.744960784912109,7.5746846199035645,7.495283603668213,7.547934532165527
6.66616678237915,5.951104164123535,5.19287633895874,4.793548107147217,4.855081081390381,5.146803379058838,5.477354526519775,5.744478702545166,5.809123992919922,5.5677080154418945,5.077404975891113,4.545131683349609,4.236139297485352,4.266847133636475,4.545373439788818,4.873425006866455,5.1737494468688965,5.4822845458984375,5.794617652893066,6.008249282836914,6.037299156188965,5.874457836151123,5.608969688415527,5.379588603973389,5.297776699066162,5.418195724487305,5.739953994750977,6.220460891723633,6.795679569244385,7.402211666107178,7.99949836730957,8.56198501586914,9.06742000579834,9.482941627502441,9.778138160705566,9.951666831970215,10.00844955444336,9.961869239807129,9.830185890197754,9.643080711364746,9.439231872558594,9.234220504760742,9.056597709655762,8.965033531188965
8.147427558898926,8.04008674621582,7.7616286277771,7.3961100578308105,7.118134498596191,7.111420154571533,7.298357963562012,7.516597747802734,7.561568260192871,7.292349815368652,6.756542205810547,6.168227195739746,5.766099452972412,5.644102573394775,5.75123929977417,6.008800506591797,6.383031368255615,6.810822486877441,7.190038681030273,7.4220290184021,7.4550886154174805,7.308861255645752,7.059464931488037,6.814436912536621,6.675897598266602,6.692047595977783,6.885611057281494,7.256662845611572,7.753253936767578,8.295671463012695,8.823197364807129,9.301230430603027,9.72468090057373,10.087557792663574,10.38933277130127,10.639894485473633,10.80937385559082,10.89219856262207,10.921277046203613,10.934168815612793,10.949551582336426,10.93151569366455,10.83311939239502,10.682856559753418
9.52100658416748,9.433953285217285,9.335752487182617,9.484881401062012,9.477409362792969,9.242486953735352,9.096451759338379,9.13050365447998,9.153532028198242,8.892467498779297,8.304207801818848,7.62135648727417,7.097836494445801,6.825362205505371,6.811656475067139,7.0659990310668945,7.570147514343262,8.17447566986084,8.67383861541748,8.936690330505371,8.948334693908691,8.789810180664062,8.564441680908203,8.356979370117188,8.20610237121582,8.147579193115234,8.218753814697266,8.453591346740723,8.83685302734375,9.314495086669922,9.783683776855469,10.156025886535645,10.409045219421387,10.585921287536621,10.740997314453125,10.913424491882324,11.086697578430176,11.236607551574707,11.370115280151367,11.521575927734375,11.712295532226562,11.909652709960938,12.02617359161377,12.030817985534668
10.79435920715332,10.814034461975098,10.623942375183105,10.666016578674316,10.931578636169434,11.038064002990723,10.924538612365723,10.732996940612793,10.508904457092285,10.199609756469727,9.717147827148438,9.076223373413086,8.415741920471191,7.922274112701416,7.731259346008301,7.925457954406738,8.460573196411133,9.133110046386719,9.677631378173828,9.935561180114746,9.916250228881836,9.746522903442383,9.557714462280273,9.43207836151123,9.37756633758545,9.399092674255371,9.501371383666992,9.695266723632812,9.990765571594238,10.357248306274414,10.715559959411621,10.96626091003418,11.06509017944336,11.063637733459473,11.080155372619629,11.216787338256836,11.477226257324219,11.773687362670898,12.00948429107666,12.16738510131836,12.298215866088867,12.457003593444824,12.619382858276367,12.730253219604492
12.039924621582031,11.933268547058105,11.815631866455078,11.948212623596191,12.231151580810547,12.494254112243652,12.607406616210938,12.422001838684082,11.936196327209473,11.300518035888672,10.68613338470459,10.088542938232422,9.456337928771973,8.917366027832031,8.69478988647461,8.913053512573242,9.46473217010498,10.061677932739258,10.44776725769043,10.511002540588379,10.33497142791748,10.091029167175293,9.928007125854492,9.913379669189453,10.029715538024902,10.237687110900879,10.498991012573242,10.796842575073242,11.125175476074219,11.454652786254883,11.720462799072266,11.84528923034668,11.784563064575195,11.611201286315918,11.518317222595215,11.677992820739746,12.08619499206543,12.573358535766602,12.942399024963379,13.127917289733887,13.203368186950684,13.280302047729492,13.389296531677246,13.463386535644531
13.300346374511719,13.15024185180664,13.08682632446289,13.282822608947754,13.627153396606445,13.887990951538086,13.99009895324707,13.802078247070312,13.219742774963379,12.345481872558594,11.435812950134277,10.647897720336914,10.035425186157227,9.68670654296875,9.713044166564941,10.114392280578613,10.698003768920898,11.16528034210205,11.324954986572266,11.178152084350586,10.860137939453125,10.527267456054688,10.318742752075195,10.320270538330078,10.5335054397583,10.87932014465332,11.276267051696777,11.674656867980957,12.045795440673828,12.370966911315918,12.608577728271484,12.706506729125977,12.643359184265137,12.50572681427002,12.479120254516602,12.726375579833984,13.206182479858398,13.705886840820312,14.041343688964844,14.208343505859375,14.31234359741211,14.422809600830078,14.534299850463867,14.580507278442383
14.454118728637695,14.145204544067383,14.052074432373047,14.356616020202637,14.902463912963867,15.288599014282227,15.210875511169434,14.704834938049316,13.867350578308105,12.89303207397461,11.930339813232422,11.113675117492676,10.572014808654785,10.4226713180542,10.728128433227539,11.341694831848145,11.957499504089355,12.312256813049316,12.323493003845215,12.086857795715332,11.720873832702637,11.335698127746582,11.044525146484375,10.941850662231445,11.073558807373047,11.412165641784668,11.878077507019043,12.360937118530273,12.77026653289795,13.058426856994629,13.226157188415527,13.295414924621582,13.33447265625,13.476778030395508,13.844107627868652,14.422616958618164,15.029839515686035,15.459444999694824,15.660116195678711,15.731754302978516,15.789054870605469,15.86742877960205,15.94281005859375,15.987907409667969
15.737756729125977,15.45574951171875,15.280762672424316,15.505800247192383,16.117177963256836,16.597095489501953,16.404760360717773,15.46108627319336,14.166098594665527,12.879877090454102,11.849019050598145,11.245391845703125,11.063737869262695,11.251073837280273,11.724102973937988,12.28827953338623,12.720064163208008,12.930841445922852,12.958671569824219,12.841842651367188,12.609119415283203,12.314064979553223,12.027521133422852,11.836003303527832,11.811705589294434,11.986516952514648,12.348762512207031,12.81222152709961,13.238085746765137,13.521390914916992,13.671934127807617,13.783905982971191,13.995152473449707,14.445444107055664,15.179940223693848,16.06829071044922,16.87555694580078,17.44245719909668,17.76157569885254,17.90916633605957,17.95430564880371,17.930469512939453,17.874069213867188,17.836044311523438
16.99837303161621,16.921083450317383,16.86960792541504,17.07941246032715,17.54654312133789,17.81149673461914,17.150657653808594,15.920083999633789,14.459016799926758,12.977376937866211,11.885553359985352,11.472640991210938,11.603753089904785,11.955451011657715,12.31479549407959,12.618728637695312,12.875725746154785,13.115229606628418,13.318552017211914,13.409518241882324,13.345952033996582,13.16026782989502,12.916504859924316,12.70779800415039,12.612459182739258,12.67467975616455,12.89901351928711,13.239819526672363,13.595053672790527,13.89141845703125,14.134389877319336,14.42531967163086,14.899432182312012,15.613164901733398,16.503198623657227,17.417478561401367,18.232120513916016,18.940711975097656,19.55120277404785,20.018390655517578,20.309524536132812,20.435331344604492,20.44365692138672,20.395347595214844
18.101947784423828,18.318246841430664,18.451519012451172,18.709400177001953,19.005712509155273,18.720598220825195,17.499069213867188,16.122074127197266,14.692038536071777,13.425191879272461,12.712158203125,12.597506523132324,12.781285285949707,12.949231147766113,12.958564758300781,12.963031768798828,13.1777982711792,13.61955738067627,14.111762046813965,14.427489280700684,14.473159790039062,14.293045043945312,14.005146980285645,13.736551284790039,13.595850944519043,13.639606475830078,13.849786758422852,14.138108253479004,14.409913063049316,14.670089721679688,14.995163917541504,15.479728698730469,16.151447296142578,16.975358963012695,17.855653762817383,18.691614151000977,19.4575252532959,20.207979202270508,20.93253517150879,21.56416893005371,22.085777282714844,22.505624771118164,22.810483932495117,22.971359252929688
18.66996192932129,19.1782283782959,19.62724494934082,20.001976013183594,20.116315841674805,19.242889404296875,18.022850036621094,16.643056869506836,15.353915214538574,14.475390434265137,14.196446418762207,14.278607368469238,14.305638313293457,14.089037895202637,13.77356243133545,13.720377922058105,14.081438064575195,14.758211135864258,15.49078369140625,15.989327430725098,16.11030387878418,15.906938552856445,15.562021255493164,15.276299476623535,15.157242774963379,15.205289840698242,15.400053024291992,15.667829513549805,15.90870189666748,16.118209838867188,16.436519622802734,16.986047744750977,17.720041275024414,18.51610565185547,19.331239700317383,20.163633346557617,20.993085861206055,21.778385162353516,22.463237762451172,23.038419723510742,23.545547485351562,24.01780128479004,24.438926696777344,24.77364730834961
18.85661506652832,19.437931060791016,20.04836082458496,20.54084587097168,20.227598190307617,19.36835289001465,18.59648895263672,17.545347213745117,16.640470504760742,16.099929809570312,15.91435432434082,15.85140323638916,15.6643705368042,15.309367179870605,15.009652137756348,15.037592887878418,15.446394920349121,16.142614364624023,16.91000747680664,17.497058868408203,17.746597290039062,17.66448211669922,17.436355590820312,17.301395416259766,17.32245635986328,17.41796112060547,17.52544593811035,17.630611419677734,17.750347137451172,17.957490921020508,18.343334197998047,18.925430297851562,19.616682052612305,20.345922470092773,21.145933151245117,22.00454330444336,22.817739486694336,23.511934280395508,24.071840286254883,24.540937423706055,24.95446014404297,25.33193016052246,25.677703857421875,25.98968505859375
19.5081787109375,19.946510314941406,20.614627838134766,20.941753387451172,20.446569442749023,19.9722957611084,19.486337661743164,18.825199127197266,18.266372680664062,17.857271194458008,17.486337661743164,17.07377052307129,16.61724281311035,16.309499740600586,16.34246826171875,16.681156158447266,17.17978858947754,17.76632308959961,18.34691047668457,18.79786491394043,19.045448303222656,19.100879669189453,19.092365264892578,19.156757354736328,19.27069664001465,19.35666275024414,19.394123077392578,19.42905044555664,19.549747467041016,19.848735809326172,20.357757568359375,21.018016815185547,21.75070571899414,22.549297332763672,23.414976119995117,24.213275909423828,24.770524978637695,25.088443756103516,25.323410034179688,25.643272399902344,26.052101135253906,26.474075317382812,26.867374420166016,27.20917320251465
20.885021209716797,21.438695907592773,22.076087951660156,21.834928512573242,21.388017654418945,21.207738876342773,20.967483520507812,20.634891510009766,20.177797317504883,19.499120712280273,18.718711853027344,17.98824119567871,17.47210693359375,17.38355255126953,17.718900680541992,18.25327491760254,18.778667449951172,19.265491485595703,19.731557846069336,20.14118766784668,20.443824768066406,20.656450271606445,20.818445205688477,20.911272048950195,20.865032196044922,20.71123504638672,20.612119674682617,20.713760375976562,21.073667526245117,21.632741928100586,22.254657745361328,22.88958740234375,23.621450424194336,24.507129669189453,25.423274993896484,26.115076065063477,26.400264739990234,26.349348068237305,26.25031280517578,26.371793746948242,26.732521057128906,27.202306747436523,27.699499130249023,28.190446853637695
22.483327865600586,23.458145141601562,23.75874137878418,23.12423324584961,22.753137588500977,22.674827575683594,22.663637161254883,22.566259384155273,22.073015213012695,21.126930236816406,20.02748680114746,19.103702545166016,18.645174026489258,18.735055923461914,19.182479858398438,19.723665237426758,20.215463638305664,20.66514015197754,21.11973762512207,21.58342933654785,22.054960250854492,22.52776527404785,22.854873657226562,22.84715461730957,22.502851486206055,22.06353187561035,21.868410110473633,22.093717575073242,22.689685821533203,23.44213104248047,24.12687110900879,24.712818145751953,25.330276489257812,26.04996109008789,26.7818546295166,27.324777603149414,27.528837203979492,27.436607360839844,27.31282615661621,27.41567611694336,27.751842498779297,28.13770294189453,28.443117141723633,28.696420669555664
