data/wind_data/wind_10_4.json
{"header": {"parameterUnit": "KT", "parameterCategory": 2, "nx": 256, "ny": 198, "lo1": 44.73521041870117, "la1": -3.236724853515625, "lo2": 111.26478576660156, "la2": 43.468475341796875, "dx": 0.2609002888202667, "dy": -0.23708222806453705, "refTime": "2025-02-19 10:00:00", "forecastTime": 0, "parameterNumber": 2, "parameterNumberName": "eastward_wind"}, "data":
[rows 0 to 18 of 198, columns 88 to 131 of 256]
1.0716054439544678,1.2359567880630493,1.4255728721618652,1.6452865600585938,1.9497531652450562,2.235503673553467,2.205221652984619,2.0579679012298584,2.046658992767334,2.013284921646118,1.7847720384597778,1.6632189750671387,1.9115352630615234,2.0990729331970215,2.0438072681427,1.9606084823608398,1.9023165702819824,1.7279181480407715,1.4192181825637817,0.9798473715782166,0.4198037385940552,0.01864609681069851,-0.26083293557167053,-0.6256288290023804,-1.0316740274429321,-1.3745135068893433,-1.695225477218628,-2.116307258605957,-2.4539504051208496,-2.3645145893096924,-2.1815237998962402,-2.222712516784668,-2.204369306564331,-1.9117848873138428,-1.7577803134918213,-1.9283541440963745,-2.177278757095337,-2.470226764678955,-2.7346041202545166,-2.9617650508880615,-3.084571599960327,-3.096345901489258,-2.8441855907440186,-2.372589588165283
0.37259307503700256,0.6792705059051514,1.0447924137115479,1.3812646865844727,1.5966490507125854,1.8386754989624023,2.058715581893921,2.1634116172790527,2.14152455329895,1.946711540222168,1.5685216188430786,1.3947505950927734,1.6417450904846191,1.8616493940353394,1.8450994491577148,1.7357462644577026,1.6361312866210938,1.302520513534546,0.7825254201889038,0.3016456067562103,-0.22478586435317993,-0.6505945324897766,-0.9715107679367065,-1.2359670400619507,-1.4449785947799683,-1.781508207321167,-2.182905435562134,-2.475919246673584,-2.657351016998291,-2.646913528442383,-2.5674517154693604,-2.5756614208221436,-2.4637255668640137,-2.109389305114746,-1.8982754945755005,-1.96816086769104,-2.102877616882324,-2.3671319484710693,-2.697431802749634,-2.966402053833008,-3.066753387451172,-2.9722988605499268,-2.759000778198242,-2.4501841068267822
-0.1267976462841034,0.12162759900093079,0.5473361611366272,1.0506385564804077,1.3048100471496582,1.5295909643173218,1.8330289125442505,1.9931976795196533,1.950710654258728,1.7948307991027832,1.512588381767273,1.2810440063476562,1.2399437427520752,1.252652645111084,1.2243907451629639,1.1682405471801758,1.1263759136199951,0.800792396068573,0.22065061330795288,-0.3929798901081085,-0.979915976524353,-1.2380695343017578,-1.3635685443878174,-1.6983253955841064,-2.0564401149749756,-2.311877489089966,-2.600074052810669,-2.928461790084839,-3.142115592956543,-3.0906662940979004,-2.9364829063415527,-2.8444406986236572,-2.739856719970703,-2.480907678604126,-2.2226502895355225,-2.219712972640991,-2.279590368270874,-2.3010852336883545,-2.5078485012054443,-2.9041521549224854,-3.1260976791381836,-3.1020867824554443,-3.0059666633605957,-2.7751119136810303
-0.5802087187767029,-0.337365061044693,0.13580559194087982,0.72906893491745,1.0434682369232178,1.268898844718933,1.557066559791565,1.6791143417358398,1.664924144744873,1.637299656867981,1.4174295663833618,1.0449750423431396,0.7019084692001343,0.495883971452713,0.38842785358428955,0.37156927585601807,0.387079656124115,0.11756061017513275,-0.42379996180534363,-1.094595193862915,-1.6814016103744507,-1.8700448274612427,-1.9270819425582886,-2.2746973037719727,-2.722041368484497,-2.9324960708618164,-3.1273066997528076,-3.4597344398498535,-3.6531174182891846,-3.564558744430542,-3.3845105171203613,-3.2379634380340576,-3.1822686195373535,-3.0178911685943604,-2.6931960582733154,-2.5452630519866943,-2.466580390930176,-2.330090284347534,-2.4815194606781006,-2.928664207458496,-3.24442195892334,-3.338127851486206,-3.309861421585083,-3.0369033813476562
-0.7931658029556274,-0.42623814940452576,0.022060494869947433,0.4837225079536438,0.8095130324363708,1.0304011106491089,1.1608954668045044,1.1868059635162354,1.2272088527679443,1.3928378820419312,1.3365241289138794,0.8316482305526733,0.12384841591119766,-0.4733794033527374,-0.8299047946929932,-0.8892946243286133,-0.9856927394866943,-1.1882061958312988,-1.5075182914733887,-1.738204836845398,-1.9260622262954712,-2.6501026153564453,-3.48785138130188,-3.8093421459198,-3.68219256401062,-3.5113401412963867,-3.6789848804473877,-4.001330375671387,-4.155066013336182,-4.132027626037598,-4.141586780548096,-4.431148529052734,-4.674130916595459,-4.187280654907227,-3.5112547874450684,-3.2715630531311035,-3.2649660110473633,-3.1967360973358154,-3.146446943283081,-3.2126471996307373,-3.3928165435791016,-3.442340850830078,-3.258267641067505,-2.7359957695007324
-0.7816222906112671,-0.40202391147613525,-0.14172519743442535,0.06492774933576584,0.3710966110229492,0.6343843936920166,0.6978633403778076,0.6704214811325073,0.6689290404319763,0.7205010652542114,0.6181594133377075,0.23661687970161438,-0.2931908965110779,-0.7076562643051147,-1.0767128467559814,-1.5136921405792236,-1.80280601978302,-1.9328553676605225,-1.986855149269104,-2.22082781791687,-2.7547128200531006,-3.3061342239379883,-3.744380235671997,-4.253159046173096,-4.456147193908691,-4.230626583099365,-4.165228843688965,-4.337958812713623,-4.505232334136963,-4.692788124084473,-4.8053202629089355,-4.676785469055176,-4.34036922454834,-4.032634735107422,-3.971708297729492,-4.071110248565674,-4.056766986846924,-3.852104902267456,-3.5537474155426025,-3.245722532272339,-3.1894302368164062,-3.4319756031036377,-3.544130563735962,-3.259253978729248
-0.655989408493042,-0.5258362889289856,-0.6158460378646851,-0.5379101037979126,-0.0970194861292839,0.32729169726371765,0.42819225788116455,0.3225877285003662,0.13670630753040314,-0.12650105357170105,-0.35375210642814636,-0.47544175386428833,-0.622303307056427,-0.8132296800613403,-1.2881405353546143,-1.9392988681793213,-2.3126046657562256,-2.4343459606170654,-2.5175068378448486,-2.92204213142395,-3.5570480823516846,-4.022261619567871,-4.3051276206970215,-4.685921669006348,-4.877760410308838,-4.665220260620117,-4.5480637550354,-4.671693325042725,-4.931179523468018,-5.28093147277832,-5.369868278503418,-4.988323211669922,-4.460667133331299,-4.258432865142822,-4.437744140625,-4.547658443450928,-4.521673202514648,-4.389756679534912,-4.069700717926025,-3.635612964630127,-3.4707837104797363,-3.6070902347564697,-3.6182923316955566,-3.4038290977478027
-0.6405689120292664,-0.840276300907135,-1.2111124992370605,-1.1871957778930664,-0.6454072594642639,-0.034303996711969376,0.2114454060792923,0.0996444821357727,-0.2354264259338379,-0.6322051882743835,-0.8935420513153076,-0.9909952878952026,-1.0533982515335083,-1.2599308490753174,-1.7900722026824951,-2.319305896759033,-2.6516480445861816,-2.886718273162842,-3.1151394844055176,-3.5639750957489014,-4.173215389251709,-4.581247329711914,-4.753895282745361,-5.0612101554870605,-5.282186031341553,-5.138735771179199,-4.932837009429932,-4.995258808135986,-5.321865558624268,-5.653202056884766,-5.612703800201416,-5.196097373962402,-4.81158447265625,-4.786593914031982,-4.958983898162842,-4.962247371673584,-4.886654376983643,-4.779534339904785,-4.53980827331543,-4.17944860458374,-3.967376470565796,-3.8844492435455322,-3.6810989379882812,-3.47936749458313
-0.9851139187812805,-1.353074312210083,-1.797659993171692,-1.7728979587554932,-1.2137272357940674,-0.47842612862586975,0.007466418202966452,0.06397685408592224,-0.2461845725774765,-0.7382794618606567,-1.1838983297348022,-1.4480972290039062,-1.5344665050506592,-1.7785537242889404,-2.2572340965270996,-2.6659581661224365,-2.9425666332244873,-3.2714059352874756,-3.654165506362915,-4.1540350914001465,-4.779931545257568,-5.178062438964844,-5.044519901275635,-5.206122875213623,-5.446580410003662,-5.5798444747924805,-5.294132709503174,-5.113609790802002,-5.353086471557617,-5.669715404510498,-5.706760883331299,-5.570807456970215,-5.33894157409668,-5.258914470672607,-5.250583648681641,-5.221677303314209,-5.121543884277344,-4.972631931304932,-4.844595432281494,-4.642917633056641,-4.423057556152344,-4.187802314758301,-3.8713293075561523,-3.6352169513702393
-1.6966805458068848,-1.956664800643921,-2.268944501876831,-2.2086806297302246,-1.7373501062393188,-1.0238056182861328,-0.38250288367271423,-0.10111647844314575,-0.2913539707660675,-0.8260197043418884,-1.419001817703247,-1.8736873865127563,-2.1367545127868652,-2.400038003921509,-2.7436015605926514,-3.100231170654297,-3.3213841915130615,-3.6504714488983154,-4.12208890914917,-4.811481952667236,-5.6702704429626465,-6.083952903747559,-4.760828495025635,-4.85860013961792,-5.161092758178711,-5.777474403381348,-5.6746625900268555,-5.224708080291748,-5.376594066619873,-5.8536810874938965,-6.0560383796691895,-6.051303863525391,-5.752103328704834,-5.427909851074219,-5.228610038757324,-5.192506790161133,-5.133755683898926,-5.005274772644043,-4.918447971343994,-4.794616222381592,-4.624664306640625,-4.414055824279785,-4.148073196411133,-3.89322566986084
-2.1417384147644043,-2.284585475921631,-2.504470109939575,-2.5089457035064697,-2.2687489986419678,-1.6788766384124756,-1.0309505462646484,-0.639906644821167,-0.6707977652549744,-1.052860975265503,-1.6201761960983276,-2.252920389175415,-2.753124237060547,-2.9743547439575195,-3.1301541328430176,-3.945258378982544,-4.212042331695557,-3.7864065170288086,-4.100360870361328,-5.160584449768066,-6.181568622589111,-5.30153226852417,-3.9440205097198486,-6.542641639709473,-4.192827224731445,-5.980044364929199,-6.372536659240723,-5.430243015289307,-5.591224193572998,-6.003418445587158,-6.247452259063721,-6.3251118659973145,-6.051680088043213,-5.617760181427002,-5.359206199645996,-5.285903453826904,-5.212586879730225,-5.167148590087891,-5.165168285369873,-4.989171504974365,-4.757544994354248,-4.5861077308654785,-4.446882247924805,-4.19810152053833
-2.104186773300171,-2.1624672412872314,-2.3991925716400146,-2.580507278442383,-2.636050224304199,-2.3272054195404053,-1.7717881202697754,-1.3482929468154907,-1.1364141702651978,-1.3777430057525635,-1.9150301218032837,-2.6415553092956543,-3.2079219818115234,-3.470235824584961,-3.187969207763672,-4.589336395263672,-3.189953088760376,-6.14034366607666,-6.417485237121582,-5.17520809173584,-6.1327009201049805,-6.046648979187012,-5.526205539703369,-5.708596229553223,-5.727536678314209,-6.2131829261779785,-6.677751064300537,-5.191979885101318,-5.896932601928711,-6.217916488647461,-6.366602897644043,-6.353448390960693,-6.329685211181641,-6.0341877937316895,-5.743839740753174,-5.572000980377197,-5.494300365447998,-5.5089826583862305,-5.519692897796631,-5.368519306182861,-5.1672892570495605,-4.9950432777404785,-4.838529109954834,-4.5705485343933105
-2.047712802886963,-1.9605540037155151,-2.151355028152466,-2.3751916885375977,-2.6277706623077393,-2.649974822998047,-2.266183614730835,-1.8153038024902344,-1.3128437995910645,-1.630983829498291,-2.334622859954834,-3.0592525005340576,-3.761657476425171,-3.4618706703186035,-1.6377509832382202,-5.316596031188965,-4.673093795776367,-5.711292743682861,-6.3083906173706055,-6.019998073577881,-6.149726867675781,-6.028829574584961,-6.264184474945068,-6.390249252319336,-6.694295883178711,-6.657378673553467,-6.608715057373047,-7.0509796142578125,-6.974186420440674,-6.870979309082031,-6.553544044494629,-6.510709285736084,-6.598524570465088,-6.265477180480957,-5.866686820983887,-5.80488395690918,-6.012943267822266,-6.040190696716309,-5.808497905731201,-5.59246826171875,-5.5217695236206055,-5.455607891082764,-5.257813453674316,-4.920170307159424
-1.9633294343948364,-1.6278482675552368,-1.935856819152832,-2.0911006927490234,-2.339507818222046,-2.655722141265869,-2.6578850746154785,-2.4034879207611084,-1.1371279954910278,-1.53429114818573,-2.8434362411499023,-3.839700222015381,-3.5169553756713867,-4.037384510040283,-2.189523935317993,-4.840267658233643,-4.570479393005371,-6.199017524719238,-7.466734886169434,-7.327735424041748,-6.521571159362793,-5.906991481781006,-6.540915489196777,-7.113178253173828,-7.335402011871338,-7.282436370849609,-7.07751989364624,-7.06939697265625,-7.459556579589844,-7.096561431884766,-7.023195266723633,-7.169031620025635,-6.904238700866699,-6.272004127502441,-5.857068061828613,-6.019288063049316,-6.387751579284668,-6.389307498931885,-5.937523365020752,-5.583149433135986,-5.628167629241943,-5.7029032707214355,-5.53738260269165,-5.112990379333496
-2.0264828205108643,-1.708341121673584,-1.812842845916748,-1.540322184562683,-1.877040147781372,-2.5321483612060547,-2.1109678745269775,-0.0036265591625124216,-4.422499179840088,-0.2029411494731903,-3.1109848022460938,-3.283536195755005,-4.050173759460449,-4.144575595855713,-4.119123935699463,-4.918055534362793,-5.6387200355529785,-7.289140224456787,-8.86147403717041,-8.995213508605957,-6.392969608306885,-6.05405855178833,-6.399482727050781,-7.31385612487793,-7.545342922210693,-7.432623863220215,-7.403557300567627,-7.395846366882324,-7.600498199462891,-8.17785930633545,-7.705624103546143,-7.693188667297363,-7.581475257873535,-6.3925628662109375,-6.257988929748535,-6.3531622886657715,-6.558732509613037,-6.377185344696045,-5.974454402923584,-5.600952625274658,-5.528726100921631,-5.525910377502441,-5.347846031188965,-4.924835205078125
-2.935401439666748,-2.64611554145813,-2.9743635654449463,-0.08063706010580063,-2.6279029846191406,-2.476625680923462,-2.2101798057556152,-0.5771874189376831,-1.2442973852157593,-2.4253718852996826,-3.1554276943206787,-3.79294490814209,-4.400268077850342,-5.001070976257324,-5.8993306159973145,-6.166897773742676,-6.85181999206543,-7.681718349456787,-8.667550086975098,-8.53887939453125,-9.274211883544922,-4.163101673126221,-6.7121100425720215,-8.12767219543457,-7.724925518035889,-7.580317497253418,-7.400954723358154,-7.3881025314331055,-7.986725807189941,-8.435652732849121,-8.547781944274902,-8.466233253479004,-7.92482852935791,-7.069437026977539,-6.750094413757324,-6.724734306335449,-6.669335842132568,-6.45501708984375,-6.079508304595947,-5.834410190582275,-5.634347915649414,-5.42350435256958,-5.11839485168457,-4.802762508392334
-3.6606180667877197,1.0875352621078491,-2.4866621494293213,1.5418394804000854,-3.4646172523498535,-3.378739595413208,-3.118192672729492,-2.3799490928649902,-1.4942336082458496,-2.6744024753570557,-3.4280388355255127,-4.542153358459473,-5.439045429229736,-6.2593278884887695,-6.906466960906982,-7.631035804748535,-7.8796772956848145,-7.86093282699585,-7.897984504699707,-7.860402584075928,-7.62206506729126,-8.056107521057129,-7.804140090942383,-9.32772445678711,-8.34676456451416,-7.801130771636963,-7.856265068054199,-7.551901340484619,-8.035529136657715,-8.840137481689453,-9.23586654663086,-9.058004379272461,-8.303147315979004,-7.626849174499512,-7.548778057098389,-6.945624351501465,-6.757927417755127,-6.760102272033691,-6.33333158493042,-6.135878562927246,-5.922616481781006,-5.6494340896606445,-5.341980457305908,-5.067836761474609
-5.3855743408203125,-0.765828549861908,-2.2218034267425537,-4.187996864318848,-3.626460552215576,-4.134542465209961,-3.7539870738983154,-3.2740914821624756,-2.721174716949463,-3.221949815750122,-4.139117240905762,-5.239716529846191,-6.715331554412842,-7.206125259399414,-7.819425582885742,-8.570435523986816,-8.679451942443848,-7.8724365234375,-7.359978675842285,-7.274515628814697,-8.374665260314941,-9.183652877807617,-8.123360633850098,-10.910265922546387,-6.8296217918396,-7.4269700050354,-10.248869895935059,-8.37521743774414,-8.328678131103516,-9.15082836151123,-9.324740409851074,-9.002314567565918,-8.52444839477539,-8.227643966674805,-8.200942993164062,-6.724641799926758,-6.628217697143555,-7.019073486328125,-6.696429252624512,-6.37237548828125,-6.152369976043701,-5.922642230987549,-5.7332916259765625,-5.445246696472168
-5.509226322174072,-2.8859012126922607,-4.78427267074585,-5.630578517913818,-4.858733654022217,-5.366426467895508,-4.863936901092529,-4.588344097137451,-4.3723344802856445,-5.412158966064453,-5.2461113929748535,-6.218451976776123,-7.2256693840026855,-7.892947673797607,-8.651122093200684,-9.406706809997559,-9.2947998046875,-7.245363712310791,-7.861486434936523,-8.715072631835938,-9.49548053741455,-9.304288864135742,-9.298035621643066,-9.830552101135254,-8.535758972167969,-8.668479919433594,-10.217174530029297,-8.705751419067383,-9.038788795471191,-9.355646133422852,-9.386494636535645,-8.904085159301758,-8.285201072692871,-7.866902828216553,-7.931553840637207,-6.9728288650512695,-6.837954521179199,-7.057401180267334,-7.084097862243652,-6.653552055358887,-6.335416793823242,-6.101661682128906,-5.977570533752441,-5.710708141326904
