data/wind_data/wind_37_1.json
{"header": {"parameterUnit": "KT", "parameterCategory": 2, "nx": 256, "ny": 198, "lo1": 44.73521041870117, "la1": -3.236724853515625, "lo2": 111.26478576660156, "la2": 43.468475341796875, "dx": 0.2609002888202667, "dy": -0.23708222806453705, "refTime": "2025-02-20 13:00:00", "forecastTime": 0, "parameterNumber": 2, "parameterNumberName": "eastward_wind"}, "data":
[rows 133 to 151 of 198, columns 43 to 85 of 256]
9.648962020874023,16.77898597717285,16.734981536865234,11.524133682250977,8.094064712524414,12.168390274047852,18.21299171447754,-5.107117176055908,-9.922347068786621,-2.940877676010132,-6.716058731079102,-10.707630157470703,-8.820390701293945,-6.965816020965576,-5.094754219055176,0.4037611186504364,11.834945678710938,-1.009283423423767,-6.454603672027588,-3.1975631713867188,-1.869863510131836,-3.2331082820892334,-3.416194200515747,-4.315720558166504,-3.850647449493408,-2.2895455360412598,-0.28893420100212097,0.961449384689331,3.461423635482788,4.450924396514893,4.674582481384277,3.4062771797180176,2.958616018295288,4.1066179275512695,4.408764839172363,5.994578838348389,5.690418720245361,5.870151042938232,4.944541931152344,6.526568412780762,7.6014404296875,7.95582914352417,9.639053344726562
16.069087982177734,15.840710639953613,13.337732315063477,10.525324821472168,8.06320571899414,15.244174003601074,12.463552474975586,-11.898482322692871,-7.714219093322754,-7.611611366271973,-6.906449317932129,-8.135296821594238,-4.557430744171143,-2.451162576675415,-1.4259166717529297,7.193348407745361,4.426456451416016,-6.089388847351074,-5.071599006652832,-3.970513343811035,-3.416733741760254,-2.2841222286224365,-3.88678240776062,-2.74014949798584,-2.728696346282959,-1.2749158143997192,0.497709721326828,2.2243762016296387,3.167381525039673,4.759474277496338,5.627877712249756,4.5582098960876465,4.582735538482666,4.338462829589844,4.801487922668457,5.969935417175293,5.285079002380371,6.7036051750183105,4.742002964019775,6.707841873168945,7.544283390045166,7.193801403045654,7.169247627258301
14.457792282104492,11.616680145263672,9.782429695129395,11.923335075378418,5.491148948669434,15.882552146911621,1.158720850944519,-12.592174530029297,-6.066357612609863,-9.182554244995117,-6.760735988616943,-5.627145767211914,0.4192368686199188,3.402474880218506,3.9148194789886475,3.098450183868408,-5.540276527404785,-8.243918418884277,-6.398651599884033,-4.332510471343994,-3.7898852825164795,-1.2372384071350098,-3.099423885345459,-2.4511752128601074,-2.19586443901062,0.22975675761699677,1.3210049867630005,3.156824827194214,2.708622455596924,5.554834365844727,4.858933925628662,4.854077339172363,3.7865474224090576,4.180500030517578,4.487182140350342,5.853969573974609,5.596061706542969,5.768271446228027,4.699090480804443,4.744173526763916,6.237306118011475,6.6503424644470215,5.867276191711426
8.489181518554688,10.412504196166992,10.54140853881836,9.057271003723145,10.710705757141113,9.113099098205566,-11.072660446166992,-8.654587745666504,-6.450096130371094,-6.120473384857178,-4.889003276824951,-2.492253303527832,-0.1373009979724884,-1.102084994316101,-5.798911094665527,-9.216580390930176,-10.229349136352539,-9.301850318908691,-6.923054218292236,-4.119379043579102,-3.432445764541626,0.5004836916923523,-3.248058557510376,-3.414726972579956,-1.4680343866348267,1.3398456573486328,1.4176427125930786,3.119018316268921,3.1194798946380615,4.707855701446533,3.8013768196105957,3.8036136627197266,3.6248438358306885,4.203023433685303,3.853078603744507,5.4619574546813965,5.527194499969482,5.297116756439209,3.8088767528533936,3.555805206298828,3.1490325927734375,6.872722148895264,6.936680793762207
4.743143081665039,7.928965091705322,8.970248222351074,10.689070701599121,4.446147918701172,-9.047307968139648,-10.052324295043945,-7.274551868438721,-5.278863906860352,-3.8456037044525146,-2.7968297004699707,-3.6835856437683105,-7.998039245605469,-9.864459991455078,-12.036633491516113,-12.74720287322998,-11.046355247497559,-8.720890998840332,-6.2259297370910645,-3.890474557876587,-2.741560935974121,-0.6262338757514954,-3.4588167667388916,-4.306100845336914,-0.7818154692649841,0.9848296046257019,2.6508963108062744,3.1841282844543457,3.655285596847534,2.7076199054718018,4.301735877990723,2.718475341796875,4.108077526092529,4.169949054718018,4.862652778625488,5.628945827484131,5.5309600830078125,4.879072666168213,2.5584213733673096,3.0453298091888428,1.851340413093567,4.775279521942139,6.612756252288818
1.1161181926727295,7.203739166259766,8.808501243591309,4.124034881591797,-11.848982810974121,-9.52524185180664,-7.557557582855225,-6.370535850524902,-4.5400004386901855,-2.543093204498291,-3.4419426918029785,-8.744510650634766,-12.377080917358398,-11.944561958312988,-11.864701271057129,-11.768399238586426,-10.021746635437012,-7.101721286773682,-4.462921142578125,-3.617493152618408,-3.455223321914673,0.41636309027671814,-5.677396297454834,-1.5568920373916626,-2.8588876724243164,1.734242558479309,2.8121936321258545,3.7269608974456787,2.904446601867676,1.9486827850341797,5.634680271148682,3.142962694168091,2.904653310775757,3.4689924716949463,5.13517951965332,6.044842720031738,5.189664363861084,4.019049167633057,2.331590175628662,2.7010996341705322,2.6390345096588135,3.655106782913208,6.187983989715576
1.867720603942871,7.78806209564209,9.36953067779541,-6.984299182891846,-13.456889152526855,-7.2895588874816895,-6.975942134857178,-5.695254325866699,-4.350096702575684,-3.7186193466186523,-7.441812992095947,-11.669206619262695,-12.865235328674316,-11.99536418914795,-10.548412322998047,-9.954130172729492,-7.6581549644470215,-5.756779193878174,-4.17396879196167,-3.8096108436584473,-3.8821897506713867,0.3261372447013855,-4.235771179199219,-2.1982781887054443,-1.7289855480194092,0.9836575388908386,3.601611375808716,1.3976069688796997,3.7154123783111572,1.6481877565383911,4.132319927215576,1.1682618856430054,2.5361263751983643,3.9670770168304443,5.535984992980957,5.342358112335205,4.932563781738281,4.618852138519287,4.006706714630127,3.6243340969085693,4.149605751037598,4.247016906738281,7.094082355499268
5.163964748382568,8.820712089538574,3.137946844100952,-13.24719524383545,-12.977023124694824,-8.639230728149414,-6.491145133972168,-6.1541337966918945,-5.900326251983643,-5.969588279724121,-9.014114379882812,-10.416489601135254,-11.094066619873047,-10.377458572387695,-8.865447998046875,-7.906757831573486,-6.520095348358154,-4.224108695983887,-6.373725414276123,-1.9566770792007446,-4.113134860992432,-0.20160633325576782,-3.356097459793091,-1.908515453338623,-1.7805840969085693,0.3098795711994171,1.5319286584854126,1.70828378200531,3.0434367656707764,3.6084256172180176,1.5401027202606201,0.643855094909668,3.187694549560547,4.296914100646973,4.412371635437012,4.320469856262207,5.637754440307617,6.5625410079956055,6.3776373863220215,5.5418925285339355,5.3875017166137695,5.08625602722168,7.108566761016846
10.341490745544434,6.064211845397949,-9.030073165893555,-13.634343147277832,-11.533737182617188,-9.96528148651123,-6.406103134155273,-6.779836654663086,-6.642768859863281,-6.826662063598633,-7.267629623413086,-7.208176612854004,-9.044328689575195,-9.154433250427246,-7.355195045471191,-5.983808517456055,-5.28330135345459,-4.123865127563477,-5.834837436676025,-1.9616808891296387,-3.2896807193756104,1.8065484762191772,-2.8712615966796875,-2.40991473197937,-0.9692038893699646,-1.2407859563827515,1.8425737619400024,3.8702704906463623,0.3146117031574249,5.87839412689209,0.778739333152771,1.124451756477356,2.761658191680908,3.275317668914795,3.394529104232788,4.514707565307617,6.452528953552246,7.1653852462768555,6.72055196762085,5.616746425628662,5.425011157989502,6.102542877197266,7.612683296203613
8.944280624389648,-5.375438690185547,-16.15397834777832,-12.993046760559082,-13.108222961425781,-12.415879249572754,-7.609063148498535,-6.500965118408203,-5.922024726867676,-6.047154903411865,-5.273242473602295,-5.4675445556640625,-7.4578046798706055,-8.207106590270996,-5.116459846496582,-3.0027458667755127,-3.832690954208374,-5.859389305114746,-3.6949892044067383,-5.165857315063477,-0.4965165853500366,1.6957604885101318,-2.638091564178467,-2.8659138679504395,-2.2613353729248047,-0.18721282482147217,1.8717995882034302,3.1283698081970215,1.4197275638580322,5.893068313598633,1.733966588973999,2.1714749336242676,-0.3869742751121521,1.4010957479476929,1.3674499988555908,3.4746458530426025,5.595844745635986,3.801939010620117,3.9850711822509766,4.500985145568848,5.661102294921875,6.517246246337891,7.891465663909912
-1.5410677194595337,-14.572956085205078,-15.30914306640625,-12.97403621673584,-14.113862991333008,-12.68027114868164,-8.391663551330566,-6.071191787719727,-5.28098201751709,-5.092047214508057,-3.8618268966674805,-3.997457265853882,-5.6643218994140625,-7.1802239418029785,-5.024127006530762,-1.7331758737564087,-2.1030845642089844,-5.623748302459717,-3.8588967323303223,-5.450442790985107,0.15358714759349823,-1.4274176359176636,-3.452662229537964,-4.601191520690918,-1.6597816944122314,1.3402734994888306,1.2538764476776123,1.803367018699646,3.137436866760254,4.178390026092529,2.247250556945801,0.6489357352256775,-3.976348638534546,-1.2739068269729614,0.5146461129188538,2.5362069606781006,1.474838137626648,0.4197383522987366,3.3426268100738525,4.991620063781738,6.149023532867432,6.9317946434021,6.330985069274902
-11.086326599121094,-15.620979309082031,-12.835305213928223,-10.70753288269043,-11.857425689697266,-12.818238258361816,-10.584433555603027,-6.32082462310791,-4.709412097930908,-4.338350296020508,-3.151381731033325,-2.708301305770874,-3.897432327270508,-4.996252059936523,-3.273820161819458,-1.3533990383148193,-1.5434656143188477,-4.628242492675781,-5.399560451507568,-3.665369749069214,-0.15174508094787598,-1.2684000730514526,-5.554071426391602,-4.062327861785889,-0.40199193358421326,3.5394341945648193,3.1300103664398193,3.0106735229492188,3.76235294342041,2.405736207962036,2.941892623901367,-1.8670175075531006,-4.605551242828369,-3.303379535675049,0.5841435194015503,-0.18768157064914703,-3.9791719913482666,-0.10071010887622833,2.2435057163238525,3.6556413173675537,6.438631534576416,9.469816207885742,7.3870978355407715
-13.766460418701172,-13.613962173461914,-11.44070053100586,-8.355927467346191,-9.637258529663086,-13.854132652282715,-12.33986759185791,-5.490121364593506,-3.188784599304199,-3.2167069911956787,-3.06146502494812,-2.0556797981262207,-1.7925570011138916,-3.170801877975464,-2.098517656326294,-1.205414056777954,-3.3711097240448,-5.068974494934082,-5.75189208984375,-2.0708413124084473,-0.826902449131012,-0.9556738138198853,-4.2296342849731445,-3.2710530757904053,-1.3453145027160645,2.4480299949645996,3.4469285011291504,5.8987040519714355,3.5211637020111084,4.165635108947754,0.2698906362056732,0.31963884830474854,1.374308466911316,-1.3132244348526,-1.3557446002960205,-1.6220499277114868,-2.433462619781494,-0.5980930924415588,1.0710694789886475,2.297917127609253,3.927243232727051,4.997661590576172,6.152130603790283
-13.966325759887695,-12.13868522644043,-11.183865547180176,-9.564733505249023,-11.722077369689941,-14.810194969177246,-12.189521789550781,-5.390120506286621,-2.4906563758850098,-1.6967566013336182,-2.064568042755127,-1.0382859706878662,-0.5627951622009277,-2.478773593902588,-0.16180817782878876,-1.0859886407852173,-4.138974666595459,-3.5023305416107178,-5.753062725067139,-1.947806477546692,-2.1586530208587646,0.8102747797966003,-2.59507417678833,-2.7245235443115234,-1.5269321203231812,0.6944001317024231,0.7860954999923706,3.7790374755859375,2.0083539485931396,4.153035640716553,-1.8776650428771973,-2.816591262817383,2.742759943008423,4.653870582580566,0.2517984211444855,-2.771524667739868,-1.081612467765808,0.01889656111598015,-0.8385980129241943,-1.252768874168396,0.1354132890701294,0.3695391118526459,4.341889381408691
-15.033547401428223,-12.777793884277344,-13.142684936523438,-11.992703437805176,-13.734541893005371,-14.40318775177002,-9.907939910888672,-5.390581130981445,-2.9620344638824463,-0.9595953822135925,-0.8094716668128967,-0.5965263843536377,-0.3424259424209595,0.18767079710960388,-0.14374850690364838,1.6878821849822998,-3.8705055713653564,-6.842062473297119,-3.4228668212890625,-3.3918840885162354,-2.8145391941070557,3.161956548690796,-1.5483695268630981,-2.1884918212890625,-1.8626042604446411,0.2670312821865082,0.3021349012851715,2.2529330253601074,-0.1493435949087143,2.891406774520874,-0.2139725387096405,0.01706555113196373,2.2758562564849854,4.359428882598877,2.584023952484131,-1.6030131578445435,-0.8874010443687439,0.7897831201553345,-3.0995094776153564,-1.8541784286499023,-0.21877077221870422,-2.325324535369873,1.3921167850494385
-15.660049438476562,-15.4013090133667,-15.348175048828125,-11.153990745544434,-12.802200317382812,-11.444825172424316,-7.036997318267822,-5.840646743774414,-3.285210371017456,-1.349921464920044,-1.6543420553207397,-0.523718535900116,0.6554378867149353,2.4533848762512207,1.5045377016067505,-1.86007559299469,-10.537163734436035,-7.808080196380615,-1.6148302555084229,-3.7273783683776855,-2.336949348449707,2.332371234893799,0.9807296991348267,-2.7181694507598877,-2.8635001182556152,-0.5409504771232605,-0.2625296711921692,-2.009364366531372,-1.1150106191635132,3.633514404296875,1.3214595317840576,1.7901464700698853,-0.027273690328001976,-1.4091994762420654,0.610892117023468,1.187027096748352,1.2042373418807983,-0.3286092281341553,-3.5278360843658447,-1.520833969116211,2.37042498588562,-2.3193514347076416,-1.195164442062378
-15.49297046661377,-17.713043212890625,-16.4440860748291,-9.720582008361816,-9.39546012878418,-7.352151393890381,-6.6099114418029785,-6.02933931350708,-3.607508897781372,-3.306663751602173,-3.225022554397583,1.2325979471206665,0.8516690135002136,2.641981840133667,-4.564630508422852,-12.30019474029541,-11.439569473266602,-4.761913776397705,-4.047032356262207,-2.1538984775543213,-3.717087984085083,1.3273967504501343,2.1761744022369385,-1.8957971334457397,-2.2894136905670166,-1.474710464477539,-2.7458229064941406,-2.4721174240112305,0.3806651532649994,4.019968032836914,1.616315245628357,-0.26162806153297424,-2.2680702209472656,-3.0148000717163086,-1.8778516054153442,1.5906507968902588,3.8273580074310303,1.0018140077590942,-1.0518989562988281,1.982285737991333,1.1371357440948486,-2.0737130641937256,-4.067628860473633
-15.622069358825684,-17.75484275817871,-15.683563232421875,-8.460057258605957,-6.256209373474121,-4.962416648864746,-8.06691837310791,-6.017819881439209,-4.795367240905762,-4.567890644073486,-2.2696056365966797,1.744184970855713,1.1610547304153442,-6.371110439300537,-13.226177215576172,-11.922966957092285,-8.960015296936035,-4.2983622550964355,-3.868695020675659,-1.4277623891830444,-0.5108898282051086,0.7109774947166443,2.5605413913726807,1.5270235538482666,-1.0062994956970215,-0.9445919394493103,-1.038765788078308,0.8820244073867798,2.60459566116333,1.1411449909210205,-2.304670810699463,-2.2260308265686035,-1.5979297161102295,-2.037788152694702,-1.8542364835739136,0.1183052584528923,4.608982563018799,4.315009593963623,3.2905080318450928,4.637274265289307,2.631525754928589,-0.32802319526672363,0.5215214490890503
-14.274903297424316,-15.289286613464355,-13.942792892456055,-8.235015869140625,-4.986457824707031,-7.41555643081665,-9.766594886779785,-4.695052146911621,-4.776692867279053,-3.245537042617798,0.3796054422855377,1.3237860202789307,-4.696063041687012,-13.285839080810547,-13.641709327697754,-9.421347618103027,-6.2092604637146,-4.473772048950195,-4.242331504821777,-1.9405819177627563,-1.5698550939559937,2.3373525142669678,2.5876572132110596,3.491295576095581,3.1889162063598633,2.6605563163757324,0.3803427517414093,1.545216679573059,0.5603249073028564,-1.8195732831954956,-4.055168628692627,-4.995044708251953,-4.567873954772949,-3.0260026454925537,-0.48711827397346497,2.029902458190918,4.334987640380859,4.602253437042236,5.045773506164551,5.400877475738525,3.575237989425659,1.1330060958862305,4.479477405548096
