data/wind_data/wind_36_7.json
{"header": {"parameterUnit": "KT", "parameterCategory": 2, "nx": 256, "ny": 198, "lo1": 44.73521041870117, "la1": -3.236724853515625, "lo2": 111.26478576660156, "la2": 43.468475341796875, "dx": 0.2609002888202667, "dy": -0.23708222806453705, "refTime": "2025-02-20 12:00:00", "forecastTime": 0, "parameterNumber": 2, "parameterNumberName": "eastward_wind"}, "data":
[rows 20 to 39 of 198, columns 44 to 87 of 256]
4.788810729980469,4.258353233337402,4.516048431396484,4.385077476501465,4.268503189086914,4.693131923675537,4.3082451820373535,3.8977465629577637,3.8970787525177,3.5224294662475586,3.122706651687622,2.9850211143493652,3.067835569381714,3.2957329750061035,3.81050181388855,4.5122246742248535,5.264398097991943,5.810096263885498,6.066984176635742,6.1224799156188965,6.336055755615234,6.70533561706543,7.133589744567871,7.406895637512207,7.257597923278809,6.719195365905762,6.2745361328125,5.689116477966309,4.625275135040283,3.369938850402832,2.5190539360046387,2.2675392627716064,2.6618239879608154,3.153073787689209,3.457524299621582,3.7865958213806152,3.426516532897949,2.5847480297088623,2.8239822387695312,3.192615270614624,3.609858512878418,3.877002000808716,3.4192519187927246,3.1641125679016113
2.580576181411743,2.5933432579040527,3.48645281791687,3.6791341304779053,3.6670897006988525,3.795658826828003,3.2027690410614014,2.698690176010132,2.7603840827941895,2.4328079223632812,1.891680121421814,1.9010803699493408,2.251546859741211,2.851011276245117,3.574444055557251,4.198999881744385,4.701827049255371,5.099300384521484,5.4382004737854,5.761143207550049,6.092716217041016,6.2770586013793945,6.331417560577393,6.214600086212158,5.9346089363098145,5.5519280433654785,5.097677707672119,4.075705051422119,2.6713175773620605,1.5975158214569092,0.8082396984100342,0.5363418459892273,1.136030673980713,1.910332441329956,2.744366407394409,3.0872673988342285,2.8368430137634277,2.962078809738159,3.586109161376953,3.6531765460968018,3.3195831775665283,3.654341697692871,2.7753067016601562,1.4043447971343994
0.5636712908744812,0.2263418436050415,2.3058524131774902,2.4760067462921143,2.525721311569214,2.4872264862060547,1.8828551769256592,1.6981605291366577,2.0502331256866455,1.8504618406295776,1.005269169807434,1.1585743427276611,2.0322704315185547,2.8958327770233154,3.5508370399475098,3.789705276489258,3.8098130226135254,4.075154781341553,4.706717014312744,5.305207252502441,5.400186538696289,5.2151336669921875,5.112375259399414,4.981539249420166,4.924656867980957,4.843069076538086,4.391510963439941,3.2950820922851562,2.0501203536987305,0.9608641266822815,-0.05336827039718628,-0.47113922238349915,-0.3585488498210907,0.015380633994936943,0.6326390504837036,1.3321175575256348,2.2841010093688965,3.6538069248199463,4.555354595184326,3.8399176597595215,2.799469232559204,1.9568367004394531,0.7671166062355042,-0.046897128224372864
0.6078726649284363,-1.7328517436981201,1.085994839668274,0.9611269235610962,0.7571542859077454,0.9616791605949402,0.8268634080886841,0.720736563205719,1.167285680770874,1.4003016948699951,0.6872376799583435,0.9227662086486816,2.165081739425659,2.907895565032959,3.206496238708496,3.0609657764434814,2.7920076847076416,3.0218896865844727,3.748525857925415,4.247096061706543,4.070981025695801,3.547189235687256,3.3377630710601807,3.6196558475494385,3.9244980812072754,3.9498982429504395,3.620680570602417,2.8863027095794678,2.085196018218994,0.723262369632721,-0.8139002919197083,-1.6779241561889648,-1.967082142829895,-1.650949239730835,-0.6776593923568726,0.5266455411911011,1.810233235359192,3.0599722862243652,3.6377274990081787,2.9832756519317627,2.313011884689331,0.8991286158561707,-0.013506677933037281,-0.4265241026878357
0.5435696840286255,-0.8777503967285156,0.03216933831572533,-0.4564759135246277,-0.5651878118515015,-0.2941756546497345,-0.18381541967391968,0.10391955077648163,0.2691580057144165,0.7800769209861755,0.7932258248329163,1.0941855907440186,2.3610308170318604,2.9849159717559814,2.6982994079589844,2.1394500732421875,1.898685336112976,2.0353589057922363,2.3080601692199707,2.4023120403289795,2.2063987255096436,1.7956949472427368,1.4785797595977783,1.5490901470184326,1.8134483098983765,1.763537883758545,1.725948691368103,1.7416565418243408,1.152655839920044,-0.2624891996383667,-1.528573751449585,-2.3889000415802,-2.7188711166381836,-2.414926767349243,-1.8974766731262207,-1.119910478591919,-0.15618747472763062,0.8649181723594666,1.8061550855636597,2.0925140380859375,1.4676754474639893,0.8541083335876465,0.6716248393058777,0.30680882930755615
-0.2596415877342224,-0.7544963359832764,-0.7358752489089966,-1.0209144353866577,-0.9500519037246704,-1.1184810400009155,-1.1548891067504883,-0.33627837896347046,0.09013339132070541,0.6602922081947327,0.7497525215148926,1.1502877473831177,2.220731735229492,2.758847951889038,2.223680019378662,1.451094627380371,0.9506193995475769,0.84562748670578,0.7511074542999268,0.5215052366256714,0.11346116662025452,-0.1047499030828476,-0.2932768762111664,-0.6725466251373291,-0.9994009733200073,-1.1162327527999878,-0.9243820905685425,-0.7766267657279968,-1.2418875694274902,-1.5212496519088745,-1.7193691730499268,-2.437079668045044,-3.110159158706665,-3.303196907043457,-3.335279941558838,-2.7681965827941895,-1.7233411073684692,-0.5457504987716675,0.25974228978157043,0.40118545293807983,-0.2340003252029419,-0.2628191411495209,0.20770886540412903,0.4805872440338135
-1.3820194005966187,-2.0664000511169434,-1.948424220085144,-1.468928575515747,-1.0690209865570068,-1.1139904260635376,-1.0013588666915894,-0.5733927488327026,-0.21215586364269257,0.56297367811203,0.23862698674201965,0.5497301816940308,1.6274619102478027,1.828393816947937,1.2419713735580444,0.6956691741943359,-0.13428470492362976,-0.4290001392364502,-0.4320666790008545,-0.7183319330215454,-1.4631866216659546,-1.993498682975769,-2.173428773880005,-2.732048988342285,-3.436861991882324,-3.654566764831543,-3.4792275428771973,-3.1857569217681885,-2.6113383769989014,-2.082317352294922,-2.1642630100250244,-2.8888633251190186,-3.6814987659454346,-4.027278900146484,-3.738802194595337,-2.960744619369507,-2.1136162281036377,-1.285714864730835,-1.0140037536621094,-1.241290807723999,-1.7405365705490112,-1.8056936264038086,-1.3990758657455444,-0.39476072788238525
-2.7036826610565186,-3.011011838912964,-2.7525861263275146,-2.356933116912842,-1.566054105758667,-1.155812382698059,-0.9625693559646606,-0.9141544699668884,-0.7684003710746765,-0.5077567100524902,-0.44392144680023193,-0.18375490605831146,0.394829660654068,0.45328888297080994,-0.5593916177749634,-0.8291606307029724,-1.0043681859970093,-1.1327853202819824,-1.116410255432129,-1.4090639352798462,-2.2722043991088867,-3.039818286895752,-3.623425006866455,-4.454001426696777,-5.276937007904053,-5.37872838973999,-4.958775997161865,-4.455867290496826,-3.9920480251312256,-3.622859001159668,-3.478302478790283,-3.5949547290802,-3.7141172885894775,-3.731052875518799,-3.6590240001678467,-3.075035572052002,-2.413365125656128,-2.409000873565674,-2.4979591369628906,-2.342435598373413,-2.5932905673980713,-2.9089221954345703,-2.7358827590942383,-1.522525668144226
-3.3418843746185303,-3.7811849117279053,-3.7996022701263428,-3.44628643989563,-2.5393242835998535,-1.7138373851776123,-1.4211938381195068,-1.5030699968338013,-1.701295256614685,-2.1042675971984863,-1.6876403093338013,-1.2364715337753296,-1.2292866706848145,-1.5383676290512085,-2.4407315254211426,-2.5612540245056152,-1.8864045143127441,-1.6072111129760742,-1.6204535961151123,-2.2582759857177734,-3.020862340927124,-3.8700077533721924,-4.681826591491699,-5.206650733947754,-5.46234655380249,-5.64458703994751,-5.733926296234131,-5.635504245758057,-5.386466026306152,-4.845739841461182,-4.121725559234619,-3.5209810733795166,-3.2346367835998535,-3.4261255264282227,-3.633862018585205,-3.476128101348877,-3.4887964725494385,-3.804621458053589,-3.5158450603485107,-3.1573028564453125,-3.4158377647399902,-4.048147678375244,-4.349451065063477,-3.5496740341186523
-3.771707534790039,-4.039630889892578,-4.044158935546875,-3.809847593307495,-3.1200766563415527,-2.143524408340454,-1.7905538082122803,-2.0250494480133057,-2.654393196105957,-3.252988338470459,-3.104414463043213,-2.8097946643829346,-2.5194520950317383,-2.678302526473999,-3.5353994369506836,-3.6108152866363525,-2.9073805809020996,-2.4357473850250244,-2.6242940425872803,-3.4478886127471924,-4.068377494812012,-4.60723876953125,-4.851953983306885,-4.927574634552002,-5.140632152557373,-5.415773868560791,-5.4795050621032715,-5.504909515380859,-5.342785835266113,-4.807868957519531,-4.056638240814209,-3.3288402557373047,-2.923567771911621,-3.109677791595459,-3.658501625061035,-4.097817897796631,-4.017823219299316,-3.5838234424591064,-3.564734935760498,-4.052007675170898,-4.77251672744751,-5.374276638031006,-5.672412872314453,-5.365423679351807
-3.420098304748535,-3.8585846424102783,-4.0323405265808105,-3.768507480621338,-3.1471526622772217,-2.5290844440460205,-2.4238176345825195,-2.914891242980957,-3.798056125640869,-4.414381980895996,-4.168732166290283,-3.3302507400512695,-2.9741852283477783,-3.7966532707214355,-4.20901346206665,-3.9517581462860107,-3.665334701538086,-3.4476253986358643,-3.7218246459960938,-4.411115646362305,-4.903444290161133,-4.930972099304199,-4.595238208770752,-4.687505722045898,-4.685766696929932,-4.658174991607666,-4.7888054847717285,-5.062108039855957,-5.099330902099609,-4.744885444641113,-4.073572635650635,-3.3617258071899414,-2.9769675731658936,-3.348827362060547,-4.289012432098389,-4.705667018890381,-3.977351188659668,-3.1882972717285156,-3.340669631958008,-4.140414237976074,-4.917384147644043,-5.413030624389648,-5.821982383728027,-5.966711521148682
-2.5848653316497803,-3.27445125579834,-3.6934406757354736,-3.504265785217285,-3.056297779083252,-2.9233498573303223,-3.332595109939575,-3.887852907180786,-4.253298282623291,-4.469542980194092,-4.672685623168945,-4.316929340362549,-4.166377544403076,-4.5066351890563965,-4.355846405029297,-4.0009918212890625,-3.861354351043701,-4.1319427490234375,-4.813807487487793,-4.940583229064941,-5.089356422424316,-5.019956111907959,-4.481752872467041,-4.5186381340026855,-4.44318962097168,-4.4506378173828125,-4.579580307006836,-4.836436748504639,-4.980524063110352,-4.972785949707031,-4.586944580078125,-4.124502182006836,-3.841914176940918,-4.026763916015625,-4.501055717468262,-4.772251129150391,-4.574594497680664,-4.065616130828857,-3.654219627380371,-3.736978530883789,-4.284796237945557,-5.061069011688232,-5.777550220489502,-6.169327735900879
-2.0907490253448486,-2.630373001098633,-3.2149500846862793,-3.3541226387023926,-3.2191555500030518,-3.1668570041656494,-3.4235334396362305,-4.110199451446533,-4.551604270935059,-4.34483003616333,-3.9921467304229736,-4.135797500610352,-4.806111812591553,-4.951159477233887,-4.315916061401367,-3.7429826259613037,-3.5403730869293213,-4.327022552490234,-5.171806335449219,-5.366949558258057,-5.151998043060303,-4.9333391189575195,-4.3878374099731445,-4.31846284866333,-4.26807165145874,-4.373802185058594,-4.485091209411621,-4.621691703796387,-4.7440338134765625,-4.913642406463623,-4.908182621002197,-4.682611465454102,-4.477531433105469,-4.374733924865723,-4.561588287353516,-5.004958629608154,-5.279729843139648,-4.871921062469482,-4.035545825958252,-3.6958043575286865,-4.149445533752441,-5.008037567138672,-5.800009250640869,-6.250392913818359
-2.0118532180786133,-2.248114824295044,-2.7445950508117676,-3.1260688304901123,-3.412552833557129,-3.4852993488311768,-3.518784761428833,-3.900541305541992,-4.260952949523926,-4.041910171508789,-3.7435903549194336,-4.225321292877197,-4.988514423370361,-4.851768493652344,-4.221325397491455,-3.6803839206695557,-3.7146875858306885,-4.567549705505371,-5.0492730140686035,-4.9883341789245605,-4.957237243652344,-4.76283073425293,-4.19755220413208,-4.28585147857666,-4.243138313293457,-4.2778472900390625,-4.223171710968018,-4.186739444732666,-4.452311992645264,-4.631463527679443,-4.731780529022217,-4.637266159057617,-4.681896209716797,-4.699479103088379,-4.820644378662109,-4.9958953857421875,-4.998838901519775,-4.612823486328125,-3.9712860584259033,-3.7288055419921875,-4.077830791473389,-4.760534286499023,-5.508561134338379,-5.996573448181152
-2.166832447052002,-2.1698496341705322,-2.43485689163208,-2.940901041030884,-3.4964632987976074,-3.8447248935699463,-3.992788553237915,-4.157644748687744,-4.3021559715271,-4.0622429847717285,-3.8046491146087646,-4.00453519821167,-4.224532127380371,-3.9817612171173096,-3.8732428550720215,-4.043834686279297,-4.439099311828613,-4.791744709014893,-4.858901500701904,-4.465919017791748,-4.530955791473389,-4.315993309020996,-4.120719909667969,-4.556889057159424,-4.4109907150268555,-4.3099822998046875,-3.896188974380493,-3.7978508472442627,-4.13472843170166,-4.371334552764893,-4.409905910491943,-4.581136226654053,-4.8902668952941895,-5.027734756469727,-4.935702323913574,-4.73293399810791,-4.344781875610352,-3.9851319789886475,-3.6731038093566895,-3.5206243991851807,-3.76464581489563,-4.320756435394287,-5.033025741577148,-5.611102104187012
-2.223895311355591,-2.2651207447052,-2.442525863647461,-2.8547375202178955,-3.36763072013855,-3.7220845222473145,-3.770526885986328,-3.6052052974700928,-3.4005725383758545,-3.275660514831543,-3.2936389446258545,-3.2220511436462402,-3.174071788787842,-3.31516170501709,-3.7700626850128174,-4.563236713409424,-5.108951091766357,-5.005141258239746,-4.811251163482666,-4.347431659698486,-4.05098295211792,-4.220956325531006,-4.478616237640381,-4.690404891967773,-4.555267333984375,-4.454707622528076,-3.8839657306671143,-3.8383827209472656,-4.0725626945495605,-4.314008712768555,-4.562098503112793,-4.740228176116943,-4.960043907165527,-5.075526237487793,-4.941805362701416,-4.797605991363525,-4.377571105957031,-3.7618582248687744,-3.450345993041992,-3.372908592224121,-3.6770036220550537,-4.102430820465088,-4.599001407623291,-5.228902816772461
-2.1960339546203613,-2.336850166320801,-2.4957528114318848,-2.6560420989990234,-2.8547885417938232,-3.124563217163086,-3.1332509517669678,-2.8179266452789307,-2.316777467727661,-2.210442066192627,-2.4434967041015625,-2.692540168762207,-2.9679272174835205,-3.448697566986084,-4.075715065002441,-4.620486259460449,-4.90204381942749,-4.903262615203857,-4.636314868927002,-4.37357759475708,-4.324125289916992,-4.4722089767456055,-4.639967918395996,-4.790642738342285,-4.831593036651611,-4.530001640319824,-4.078855037689209,-4.061417102813721,-4.249634265899658,-4.711589336395264,-5.151117324829102,-5.3820953369140625,-5.271846771240234,-5.1015095710754395,-4.989809513092041,-4.90083646774292,-4.8268232345581055,-4.146475791931152,-3.66003680229187,-3.636575698852539,-3.9781880378723145,-4.2031941413879395,-4.302142143249512,-4.713441371917725
-2.1028459072113037,-2.18043851852417,-2.25285005569458,-2.3034005165100098,-2.1378278732299805,-2.0887534618377686,-2.0827739238739014,-1.9483208656311035,-1.793925166130066,-1.7843012809753418,-2.112421751022339,-2.635420560836792,-3.3078997135162354,-3.706634044647217,-3.9709832668304443,-4.143204212188721,-4.183545112609863,-4.206653118133545,-4.335732936859131,-4.3231635093688965,-4.257603645324707,-4.283575534820557,-4.424136638641357,-4.815608501434326,-4.885174751281738,-4.595361709594727,-4.378547668457031,-4.534579277038574,-4.783082008361816,-5.092772006988525,-5.619117736816406,-5.859563827514648,-5.722064018249512,-5.334880828857422,-4.926408290863037,-4.76396369934082,-4.829970836639404,-4.585517406463623,-4.281808853149414,-4.171754360198975,-4.3771257400512695,-4.531029224395752,-4.462223529815674,-4.597785949707031
-1.8605165481567383,-1.9455596208572388,-1.8501770496368408,-1.6942558288574219,-1.506195068359375,-1.2793149948120117,-1.203282117843628,-1.29521906375885,-1.591414213180542,-1.849624752998352,-2.236095428466797,-2.7496871948242188,-3.217463970184326,-3.336169958114624,-3.3065812587738037,-3.3135128021240234,-3.474071502685547,-3.776047468185425,-4.010869026184082,-4.060304164886475,-3.9800827503204346,-3.8225438594818115,-3.9745726585388184,-4.373989105224609,-4.709593772888184,-4.966796398162842,-5.185022354125977,-5.25395393371582,-5.3436713218688965,-5.490279674530029,-5.7624897956848145,-6.012858867645264,-5.9552178382873535,-5.603299140930176,-4.770331382751465,-4.374492168426514,-4.396463871002197,-4.414331912994385,-4.633131504058838,-4.601907253265381,-4.7786760330200195,-4.987583637237549,-4.903313636779785,-4.778964996337891
-1.35224187374115,-1.4870854616165161,-1.3606411218643188,-1.1630779504776,-1.0291749238967896,-0.8229191899299622,-0.6480901837348938,-0.7978937029838562,-1.187949538230896,-1.5964559316635132,-2.1347157955169678,-2.53017258644104,-2.7804367542266846,-2.7363011837005615,-2.5601766109466553,-2.4579195976257324,-2.6575868129730225,-3.090719699859619,-3.4476475715637207,-3.6232500076293945,-3.6013994216918945,-3.514151096343994,-3.6990389823913574,-4.108930587768555,-4.574641227722168,-5.033034801483154,-5.379607200622559,-5.578887462615967,-5.933078289031982,-6.248715400695801,-6.13692569732666,-5.712668418884277,-5.359200954437256,-5.142364501953125,-4.924785614013672,-4.529146194458008,-3.9171130657196045,-4.075336933135986,-4.434237957000732,-4.566600799560547,-5.012432098388672,-5.353820323944092,-5.288825511932373,-4.997811794281006
