data/wind_data/wind_16_2.json
{"header": {"parameterUnit": "KT", "parameterCategory": 2, "nx": 256, "ny": 198, "lo1": 44.73521041870117, "la1": -3.236724853515625, "lo2": 111.26478576660156, "la2": 43.468475341796875, "dx": 0.2609002888202667, "dy": -0.23708222806453705, "refTime": "2025-02-19 16:00:00", "forecastTime": 0, "parameterNumber": 2, "parameterNumberName": "eastward_wind"}, "data":
[rows 133 to 151 of 198, columns 0 to 42 of 256]
-10.881623268127441,-10.036019325256348,-8.296773910522461,-6.79543399810791,-5.53284215927124,-4.567237854003906,-3.583641767501831,-3.7948505878448486,-4.514727592468262,-3.9253203868865967,-3.158627510070801,-1.3860459327697754,-0.759554922580719,-1.1083866357803345,2.218600273132324,2.257248878479004,1.7897000312805176,1.2270257472991943,1.2676341533660889,1.2534441947937012,1.6458368301391602,2.193037271499634,1.4318941831588745,-2.661742687225342,-3.65762996673584,-3.1118698120117188,-1.7976435422897339,-5.130825519561768,-5.892431735992432,-2.119574785232544,-2.0640156269073486,-1.9545583724975586,0.9604647755622864,-1.1737631559371948,-0.26445531845092773,0.14479348063468933,0.17886711657047272,-4.071091175079346,-7.173086643218994,-6.556370735168457,-4.580753326416016,-2.697378635406494,-1.8977552652359009
-10.994861602783203,-10.063787460327148,-8.309735298156738,-6.702902793884277,-5.2085418701171875,-3.038562774658203,-1.8088319301605225,-2.5058043003082275,-4.375663757324219,-2.0450501441955566,-2.1699059009552,0.5823153257369995,0.7458597421646118,0.47167274355888367,2.4907493591308594,2.156252861022949,3.234057664871216,2.8038318157196045,2.327030658721924,2.7767155170440674,3.387406587600708,3.685584545135498,3.5244269371032715,-2.7589123249053955,-6.465397834777832,-4.414067268371582,-4.283204078674316,-5.464212894439697,-5.683356285095215,-0.9400404095649719,0.772022545337677,2.2805423736572266,1.7072041034698486,2.8890178203582764,2.0099375247955322,1.2423131465911865,-4.382183074951172,-6.251884460449219,-6.325551986694336,-4.7701849937438965,-1.6930148601531982,-2.7728445529937744,-3.277825117111206
-11.014581680297852,-10.118494987487793,-8.317370414733887,-6.729756832122803,-4.976504325866699,-2.770822286605835,-2.9881556034088135,-3.288889169692993,-3.465796709060669,-2.747192621231079,-0.4310024380683899,-1.322382926940918,1.1657259464263916,1.3109511137008667,1.4024766683578491,1.9502780437469482,2.6612839698791504,2.720266580581665,2.599562883377075,3.219660758972168,3.306253671646118,1.183106541633606,-1.0169740915298462,-5.8724284172058105,-8.105521202087402,-4.276018142700195,-2.6755871772766113,-1.3282415866851807,-3.81791090965271,2.072732448577881,4.954864025115967,6.934415340423584,5.748485565185547,5.093754768371582,6.085903644561768,-2.664374589920044,-8.379165649414062,-6.108682632446289,-2.939981460571289,-0.8586337566375732,-2.9569458961486816,-5.518653392791748,-3.574455976486206
-10.701017379760742,-9.804605484008789,-8.198901176452637,-6.530292987823486,-3.971285104751587,-4.111835956573486,-6.368651866912842,-4.521787166595459,-2.1818089485168457,-1.629795789718628,-1.3740757703781128,-0.47311004996299744,1.1459996700286865,1.8959009647369385,-1.3025271892547607,0.776758074760437,0.6296976804733276,1.8333989381790161,2.6766293048858643,3.6538283824920654,1.5350918769836426,-1.9944024085998535,-2.9153990745544434,-6.903955459594727,-8.164618492126465,-2.163292646408081,-0.19717752933502197,2.2184996604919434,-1.562529444694519,5.288902282714844,9.91772174835205,11.083026885986328,7.96712064743042,4.576278209686279,-3.0560169219970703,-9.485034942626953,-9.841766357421875,-6.260421276092529,-2.4512736797332764,-3.6821844577789307,-7.273693084716797,-7.193538665771484,-6.160749435424805
-10.410347938537598,-9.642334938049316,-8.292739868164062,-6.965238571166992,-5.612035751342773,-6.579190731048584,-5.6633453369140625,-4.1890363693237305,0.17325030267238617,-2.1415796279907227,-2.1609764099121094,-0.8067507743835449,1.8083974123001099,-0.47752320766448975,-1.4463224411010742,0.6111486554145813,1.1781902313232422,2.1561782360076904,1.9574538469314575,2.4798479080200195,-1.5891666412353516,-5.548063278198242,-4.222921848297119,-3.3218908309936523,-3.7201499938964844,-2.5581228733062744,-0.8139347434043884,2.131516218185425,0.9034302830696106,9.115621566772461,10.587413787841797,9.164423942565918,1.7914974689483643,-5.826033592224121,-11.111140251159668,-12.167455673217773,-9.726158142089844,-5.247397422790527,-3.5156023502349854,-6.282550811767578,-6.63881254196167,-5.863659381866455,-4.665960311889648
-10.273964881896973,-9.971872329711914,-8.639398574829102,-7.242788314819336,-5.88502311706543,-5.720201015472412,-3.55137300491333,-2.9764761924743652,-0.21156327426433563,-2.243877649307251,-0.3882472813129425,-0.8725863695144653,1.8056132793426514,-0.6588006019592285,0.1902262568473816,0.8020041584968567,0.9361343383789062,1.5545759201049805,0.423245370388031,0.8590692281723022,-1.216991901397705,-6.154731750488281,-4.208338737487793,-2.852646589279175,-3.334078311920166,-3.4133734703063965,-0.5589905977249146,2.4028871059417725,5.015229225158691,9.1050443649292,10.5702486038208,2.6070961952209473,-5.765510559082031,-9.932515144348145,-9.244675636291504,-5.483427047729492,-1.2424752712249756,-1.9585250616073608,-1.6604828834533691,-5.343600749969482,-4.2322998046875,-6.70866584777832,-6.606413841247559
-9.907758712768555,-10.009455680847168,-8.769219398498535,-7.286401271820068,-5.7648515701293945,-4.8712849617004395,-3.544218063354492,-2.6775686740875244,-0.5510180592536926,-1.453888177871704,-0.38583096861839294,-1.0206776857376099,-0.07650704681873322,-0.35327616333961487,1.7838654518127441,-0.4200532138347626,0.40773144364356995,0.5758931636810303,-0.7063868045806885,-1.1914738416671753,-1.9320348501205444,-2.901684522628784,-3.1862659454345703,-0.6085517406463623,-0.11099289357662201,-1.058239459991455,0.7319057583808899,6.463328838348389,6.908698081970215,11.85218334197998,4.8219313621521,-4.6129631996154785,-8.339035034179688,-7.608924388885498,-3.834155559539795,2.766587972640991,4.261180877685547,-0.02435119077563286,-6.86721658706665,-6.704867362976074,-4.997241020202637,-7.687416076660156,-4.881509304046631
-9.508164405822754,-9.733113288879395,-8.497795104980469,-7.235334396362305,-6.711726665496826,-5.463779926300049,-2.5967459678649902,-2.895146131515503,-1.2514244318008423,-1.268690824508667,-0.15643073618412018,-1.6384563446044922,-0.658587634563446,-1.7197492122650146,0.7885695099830627,-0.9998942017555237,0.2555428445339203,0.4162798523902893,-1.5247743129730225,-2.376274347305298,-2.5112500190734863,-0.32647836208343506,-3.3183701038360596,-2.08240008354187,0.7233815789222717,1.7133868932724,3.289886713027954,7.891188621520996,9.684624671936035,1.3527952432632446,-6.270931720733643,-8.418572425842285,-7.347379684448242,-3.7354936599731445,2.494640827178955,5.176529407501221,0.8974829912185669,-6.3033037185668945,-10.362956047058105,-7.960441589355469,-7.4674906730651855,-5.976174354553223,-3.632397174835205
-9.18863296508789,-9.272783279418945,-7.957658290863037,-6.595560073852539,-5.6292500495910645,-4.503087520599365,-2.722785711288452,-2.3877077102661133,-1.407109260559082,-1.4478117227554321,-1.0662217140197754,-3.804638147354126,0.3149351477622986,-1.6918506622314453,-0.6589881181716919,-1.0699429512023926,0.16172181069850922,-0.07662668824195862,-2.3913211822509766,-2.998004913330078,-3.546311616897583,1.146074652671814,0.8053752779960632,1.3452807664871216,3.7560219764709473,3.1738038063049316,4.492630481719971,7.356827259063721,-2.818819284439087,-10.642143249511719,-11.05929183959961,-7.780411720275879,-3.901860237121582,1.4502627849578857,0.5417691469192505,-4.052712917327881,-8.03990650177002,-11.60107707977295,-10.459460258483887,-7.480833053588867,-8.718246459960938,-7.013591766357422,-7.183089733123779
-8.861458778381348,-8.715660095214844,-7.303633213043213,-5.983921527862549,-5.2825927734375,-3.658156156539917,-2.7028353214263916,-1.6860955953598022,-0.8203173279762268,-0.4916685223579407,-1.4339179992675781,-0.39595597982406616,-0.790338397026062,-0.5162270069122314,0.1828058511018753,0.8744447231292725,1.190236210823059,-3.2257087230682373,-3.3134896755218506,-4.011813163757324,-3.0264031887054443,2.605246067047119,5.674454689025879,4.140608787536621,4.063670635223389,4.256571292877197,3.760385513305664,-5.629987716674805,-12.039403915405273,-13.86026668548584,-10.859901428222656,-8.821944236755371,-7.17897891998291,-4.280627727508545,-6.5189361572265625,-11.718255996704102,-10.489237785339355,-6.889913558959961,-2.102525472640991,-4.232060432434082,-8.683324813842773,-5.911758899688721,-4.84314489364624
-8.545587539672852,-8.030624389648438,-6.400713920593262,-5.041792392730713,-4.8210039138793945,-3.1111273765563965,-1.5311354398727417,-1.6044037342071533,-0.09049925208091736,-2.111584186553955,-2.9270591735839844,-1.9111193418502808,-2.868544101715088,-0.4334065318107605,-0.1856866031885147,1.1318820714950562,-3.218111038208008,-4.991459846496582,-6.596673965454102,-5.421710968017578,0.545665442943573,5.200495719909668,5.881289482116699,2.9074556827545166,1.5088123083114624,-1.8969836235046387,-9.170384407043457,-13.001203536987305,-13.305435180664062,-11.77230167388916,-9.725903511047363,-10.674819946289062,-10.846990585327148,-10.225298881530762,-11.77818489074707,-10.966944694519043,-4.377584457397461,-2.2095632553100586,-0.9628294706344604,-8.132508277893066,-9.676620483398438,-6.140860557556152,-5.861252784729004
-7.989687919616699,-7.472346782684326,-5.595635890960693,-3.8652000427246094,-3.2584829330444336,-3.1506054401397705,-0.739790141582489,-2.617863655090332,-0.3579733371734619,-2.642449378967285,-1.1611058712005615,-3.8621675968170166,-3.2787749767303467,-1.1800941228866577,-1.3635255098342896,-3.435694932937622,-5.223005294799805,-6.690476894378662,-6.7430925369262695,-1.1113076210021973,3.8639917373657227,6.089160919189453,2.5916974544525146,-1.4104918241500854,-2.7761242389678955,-7.778479099273682,-11.123778343200684,-11.14975357055664,-10.336390495300293,-8.452040672302246,-6.896616458892822,-7.091610431671143,-8.499919891357422,-11.201329231262207,-12.846675872802734,-10.230270385742188,-10.339704513549805,-10.308557510375977,-9.232419967651367,-12.246809005737305,-10.217191696166992,-7.232063293457031,-6.381932258605957
-7.041424751281738,-7.03744649887085,-5.241086006164551,-3.4381470680236816,-2.5812833309173584,-1.3602874279022217,-0.34199705719947815,-1.780007004737854,-1.9235444068908691,-3.269202470779419,-2.8715760707855225,-2.6159021854400635,-2.2186293601989746,-2.6553354263305664,-4.839265823364258,-6.05570125579834,-7.000187873840332,-8.37873363494873,-5.495111465454102,0.758289098739624,4.716129302978516,4.872492790222168,0.1199946403503418,-2.3310952186584473,-3.72835636138916,-7.2033867835998535,-8.546690940856934,-7.260697841644287,-5.987901210784912,-2.1367716789245605,1.0505629777908325,0.7381720542907715,-4.716160774230957,-9.03641414642334,-10.579292297363281,-7.490208625793457,-10.897968292236328,-14.88652229309082,-12.33519172668457,-10.477568626403809,-7.845636367797852,-5.658856391906738,-5.191934108734131
-6.283454418182373,-6.58212423324585,-5.097702503204346,-3.531240940093994,-3.1221237182617188,-1.1512264013290405,-3.6494429111480713,-3.6530473232269287,-3.874183177947998,-4.433374404907227,-4.636901378631592,-2.199098587036133,-0.9753218293190002,-3.8698675632476807,-7.365382671356201,-6.683737754821777,-6.826904296875,-5.727114200592041,0.41053035855293274,3.643666982650757,4.2956109046936035,3.822979211807251,0.2884228229522705,-2.73003888130188,-3.1268210411071777,-5.435996055603027,-5.744266986846924,-2.9478068351745605,2.0471529960632324,7.019266128540039,9.886012077331543,5.926799774169922,-5.404510021209717,-11.161721229553223,-9.82374382019043,-4.533766746520996,-5.7708001136779785,-9.463647842407227,-7.550591468811035,-5.85411262512207,-5.1306939125061035,-3.238708257675171,-4.961297512054443
-6.110270977020264,-6.251905918121338,-4.884422302246094,-3.5039846897125244,-2.970210075378418,-3.042915105819702,-5.373282432556152,-4.280897617340088,-4.638370037078857,-6.426426410675049,-5.913861274719238,-2.5868072509765625,0.2904481291770935,-1.6318507194519043,-4.237236022949219,-1.8682444095611572,-2.8279128074645996,-1.9460965394973755,2.00773286819458,2.0591397285461426,1.7934784889221191,1.7510948181152344,-0.5186307430267334,-1.583061933517456,-2.671584129333496,-3.970154285430908,-1.4650191068649292,3.1217658519744873,3.5479907989501953,1.177924394607544,0.5857744216918945,-4.343364715576172,-10.888866424560547,-10.731439590454102,-5.92687463760376,-1.9149904251098633,-3.37615704536438,-5.5695905685424805,-6.140854358673096,-5.492732524871826,-4.29179048538208,-3.901510238647461,-4.626009941101074
-6.167444705963135,-5.996574401855469,-4.681924819946289,-3.7017955780029297,-3.66276216506958,-3.631389617919922,-5.509599685668945,-5.37390661239624,-5.683184623718262,-4.395509243011475,-3.3728792667388916,-2.06455135345459,1.3304154872894287,-0.14419083297252655,-1.1638587713241577,0.4974879324436188,1.3942204713821411,2.3243398666381836,2.4055745601654053,2.2623543739318848,2.758401870727539,2.3409616947174072,2.122187614440918,2.044287919998169,1.0232012271881104,-0.17169439792633057,5.126402378082275,7.431125640869141,-4.8580498695373535,-12.219456672668457,-13.963326454162598,-14.777731895446777,-13.460166931152344,-10.143210411071777,-5.95623779296875,-4.470931053161621,-5.800052165985107,-6.258363723754883,-3.9274191856384277,-2.454698324203491,-3.0909371376037598,-1.596587061882019,-0.46278172731399536
-6.022993087768555,-5.826635360717773,-4.625480651855469,-4.098398208618164,-5.023173809051514,-5.350335597991943,-5.306281089782715,-5.965361595153809,-4.6425299644470215,-2.0946688652038574,-1.5273462533950806,-0.48901835083961487,1.2397092580795288,1.7763704061508179,-0.26555681228637695,0.7740479707717896,2.3073272705078125,4.976266384124756,5.722400188446045,5.329126358032227,3.6147730350494385,3.0175888538360596,3.8659725189208984,5.762065887451172,2.7281155586242676,7.4853315353393555,6.4189558029174805,-4.306962013244629,-13.40750503540039,-16.663284301757812,-17.196836471557617,-15.575691223144531,-12.042585372924805,-9.656829833984375,-8.87011432647705,-8.557197570800781,-7.6606245040893555,-6.828704833984375,-7.406691551208496,-6.846217155456543,-5.765054702758789,-5.025038719177246,-3.518925428390503
-5.804268836975098,-5.761736869812012,-4.70311164855957,-4.540616989135742,-5.428668022155762,-5.534237384796143,-5.268976211547852,-5.865127086639404,-3.594686985015869,-0.7576932311058044,0.20571738481521606,-0.16059578955173492,0.6283113956451416,2.188955545425415,0.6237565279006958,2.6119191646575928,1.8916748762130737,3.8796169757843018,6.264383792877197,7.004368305206299,5.4831624031066895,3.391058921813965,3.2527661323547363,4.148152828216553,8.760126113891602,3.6041882038116455,-6.611457824707031,-7.11246395111084,-7.60366678237915,-8.251615524291992,-10.906851768493652,-9.809887886047363,-8.22850227355957,-10.071663856506348,-11.179374694824219,-10.420164108276367,-7.829291343688965,-5.52717924118042,-6.901939868927002,-8.231847763061523,-7.150178909301758,-5.946501731872559,-3.766833543777466
-5.812891483306885,-5.973227024078369,-4.875797748565674,-4.449258327484131,-5.1127119064331055,-4.903201580047607,-4.456057548522949,-4.965970516204834,-3.0193753242492676,-0.46366214752197266,1.8533481359481812,1.6034075021743774,2.4623475074768066,2.996626377105713,2.5053837299346924,3.530813217163086,3.838719606399536,4.163619041442871,3.8206846714019775,3.915844202041626,3.7746331691741943,4.2830376625061035,3.6553568840026855,6.516279697418213,7.44459867477417,-5.687493324279785,-10.007804870605469,-6.769301414489746,-8.099386215209961,-9.621731758117676,-10.12116813659668,-9.144570350646973,-8.999157905578613,-9.735177993774414,-8.854897499084473,-7.625063896179199,-4.890682697296143,-2.002464771270752,-2.044746160507202,-4.338997840881348,-5.833230495452881,-4.021841049194336,-2.3700156211853027
