data/wind_data/wind_54_9.json
{"header": {"parameterUnit": "KT", "parameterCategory": 2, "nx": 256, "ny": 198, "lo1": 44.73521041870117, "la1": -3.236724853515625, "lo2": 111.26478576660156, "la2": 43.468475341796875, "dx": 0.2609002888202667, "dy": -0.23708222806453705, "refTime": "2025-02-21 06:00:00", "forecastTime": 0, "parameterNumber": 2, "parameterNumberName": "eastward_wind"}, "data":
[rows 0 to 18 of 198, columns 44 to 87 of 256]
19.211727142333984,19.698863983154297,20.031301498413086,20.213533401489258,19.929330825805664,19.399478912353516,19.405132293701172,19.818349838256836,20.8241024017334,21.933908462524414,22.275598526000977,22.400901794433594,22.65143394470215,22.959142684936523,23.376567840576172,23.788373947143555,24.16039276123047,24.444278717041016,24.614377975463867,24.743833541870117,24.84055519104004,24.8914794921875,24.905132293701172,25.23395538330078,25.818689346313477,26.248197555541992,26.638145446777344,27.39238929748535,28.23528289794922,28.547130584716797,28.652650833129883,28.870580673217773,29.10981559753418,29.350021362304688,29.651609420776367,30.21005630493164,30.320261001586914,29.524526596069336,28.85403823852539,28.570526123046875,28.320045471191406,28.042640686035156,28.44243812561035,29.508882522583008
20.947586059570312,20.714094161987305,21.132902145385742,21.116804122924805,20.114696502685547,19.56797218322754,20.032773971557617,20.517330169677734,21.18726348876953,21.80936622619629,21.901531219482422,22.17648696899414,22.68498992919922,23.636272430419922,25.004087448120117,26.017684936523438,26.502782821655273,26.609066009521484,26.595170974731445,26.200864791870117,25.9338321685791,26.252172470092773,26.407625198364258,26.738779067993164,27.505908966064453,27.77722930908203,27.81116485595703,28.495027542114258,29.4259090423584,29.801250457763672,29.870630264282227,29.95134162902832,30.043176651000977,30.329559326171875,30.508323669433594,30.625017166137695,30.746213912963867,30.607328414916992,30.514291763305664,30.44350242614746,30.349952697753906,29.90705108642578,29.241741180419922,29.24755096435547
22.195865631103516,21.92630958557129,22.158498764038086,22.16454315185547,21.73577117919922,21.437217712402344,21.373889923095703,21.569189071655273,22.115154266357422,22.50865936279297,22.602825164794922,22.927526473999023,23.628122329711914,24.784934997558594,26.014789581298828,26.78438949584961,27.169193267822266,27.14513397216797,26.872329711914062,26.616483688354492,26.707687377929688,27.189756393432617,27.629085540771484,28.18819808959961,28.94508171081543,29.33285140991211,29.45110511779785,29.704612731933594,29.975940704345703,30.29487419128418,30.822160720825195,31.33458709716797,31.651723861694336,32.047027587890625,32.31858825683594,32.16322708129883,31.812591552734375,31.523448944091797,31.485435485839844,31.514760971069336,31.45624542236328,31.20282745361328,30.707088470458984,30.354413986206055
24.422210693359375,24.63152313232422,24.962020874023438,25.076030731201172,25.099750518798828,25.091032028198242,24.83083152770996,24.759830474853516,25.06537628173828,25.554462432861328,26.22007179260254,27.128219604492188,28.163652420043945,29.161331176757812,29.882659912109375,30.26418685913086,30.327970504760742,29.750810623168945,28.523143768310547,27.527137756347656,27.240671157836914,27.500356674194336,28.05061912536621,28.7558650970459,29.432954788208008,29.873138427734375,30.265417098999023,30.56705093383789,30.431997299194336,30.230106353759766,30.41472625732422,30.914255142211914,31.63620376586914,32.596519470214844,33.431270599365234,33.54697036743164,33.15951156616211,32.74357986450195,32.550743103027344,32.578468322753906,32.39664840698242,32.13820266723633,31.739927291870117,31.339296340942383
30.819231033325195,32.05950164794922,33.398712158203125,34.42253875732422,34.88055419921875,34.68230056762695,33.912498474121094,33.027015686035156,32.62378692626953,33.010650634765625,34.234920501708984,35.839412689208984,37.150264739990234,37.91318130493164,38.316749572753906,38.39209747314453,37.75703811645508,35.936981201171875,32.977291107177734,29.894834518432617,27.829010009765625,27.064573287963867,27.010623931884766,26.91617202758789,26.645244598388672,26.44537925720215,26.915414810180664,27.87373924255371,28.204734802246094,26.886531829833984,24.6955509185791,23.43753433227539,23.980100631713867,25.800397872924805,27.78087615966797,29.31542205810547,30.730010986328125,31.87728500366211,32.817848205566406,33.48473358154297,33.55656051635742,33.323394775390625,32.46436309814453,31.919639587402344
32.45862579345703,33.35154342651367,34.232337951660156,34.92738342285156,35.110870361328125,34.46195602416992,33.205142974853516,31.687063217163086,30.72246551513672,30.832921981811523,31.96527671813965,33.520164489746094,34.5775260925293,34.91872024536133,34.99664306640625,35.09848403930664,35.515811920166016,35.70170974731445,35.038604736328125,33.49030303955078,31.714258193969727,30.263221740722656,28.93462562561035,27.21531105041504,25.26069450378418,23.715755462646484,23.10736846923828,23.26173973083496,23.93902015686035,24.502647399902344,24.629268646240234,24.499897003173828,24.46680450439453,24.207429885864258,23.465129852294922,23.399051666259766,25.068069458007812,27.564441680908203,29.51876449584961,30.43576431274414,31.45358657836914,32.35448455810547,32.240047454833984,32.38148880004883
33.74169921875,34.36988067626953,34.91792678833008,35.3956413269043,35.53615188598633,35.023094177246094,33.99894714355469,32.82367706298828,32.111446380615234,32.31406784057617,33.41322708129883,34.98115921020508,36.07915496826172,36.24470520019531,36.103763580322266,36.310672760009766,36.87360382080078,37.30799865722656,36.49981689453125,34.399742126464844,31.76456069946289,29.329042434692383,27.487720489501953,25.691728591918945,23.321399688720703,21.422670364379883,21.105487823486328,21.770009994506836,22.191396713256836,22.13838768005371,22.312101364135742,23.252037048339844,24.37088394165039,23.765655517578125,21.49066925048828,20.045604705810547,21.076290130615234,23.670625686645508,25.553316116333008,26.073524475097656,26.827770233154297,28.08949089050293,29.052661895751953,30.225561141967773
33.44377136230469,33.88365936279297,34.27762985229492,34.56587219238281,34.50542449951172,33.733238220214844,32.57268142700195,31.75139808654785,31.70783805847168,32.47472381591797,33.76889419555664,35.18535614013672,36.165531158447266,36.373905181884766,36.33892059326172,36.823341369628906,37.584556579589844,37.841705322265625,36.674522399902344,34.68936538696289,32.56911849975586,30.524309158325195,28.618070602416992,26.45783805847168,23.582748413085938,20.87775421142578,19.86757469177246,20.313501358032227,20.292003631591797,19.812326431274414,20.301658630371094,22.28644561767578,24.380308151245117,23.819135665893555,21.022077560424805,19.226905822753906,20.019947052001953,22.428701400756836,23.903839111328125,23.494020462036133,23.19569969177246,23.580093383789062,24.650653839111328,26.337209701538086
32.218017578125,32.49370574951172,32.724483489990234,32.83003616333008,32.54838943481445,31.691234588623047,30.75412940979004,30.398300170898438,30.95783042907715,32.25661087036133,33.78776550292969,35.07815170288086,35.79849624633789,36.0028076171875,36.15071487426758,36.85523986816406,37.701934814453125,37.76543045043945,36.60218048095703,34.770751953125,32.921295166015625,31.301435470581055,29.375762939453125,26.98393440246582,24.142898559570312,21.53845977783203,20.193220138549805,19.71530532836914,18.75650405883789,17.97701072692871,18.83028221130371,21.28883934020996,23.68113899230957,23.197982788085938,20.353355407714844,18.826326370239258,20.00324058532715,22.557945251464844,23.559221267700195,22.541406631469727,21.637256622314453,21.42165756225586,21.08072280883789,22.672805786132812
30.73154640197754,30.806659698486328,30.85997772216797,30.865236282348633,30.621824264526367,30.08622932434082,29.570960998535156,29.31597137451172,29.79305076599121,31.09550666809082,32.61782455444336,33.85523986816406,34.527774810791016,34.71661376953125,35.271751403808594,36.32177734375,37.00094223022461,36.7880744934082,35.7242317199707,34.198883056640625,32.7021598815918,31.61380958557129,29.992185592651367,27.359926223754883,24.214473724365234,21.809032440185547,20.714500427246094,19.63950538635254,17.81272315979004,16.709529876708984,17.683671951293945,20.216747283935547,22.207935333251953,21.392000198364258,18.89510726928711,17.865550994873047,19.40001106262207,22.05851173400879,22.576904296875,21.145748138427734,21.072999954223633,20.95600700378418,19.6608943939209,20.749683380126953
29.409034729003906,29.362510681152344,29.43157386779785,29.63137435913086,29.728614807128906,29.50551986694336,29.091882705688477,28.55386734008789,28.470964431762695,29.270381927490234,30.756086349487305,32.187774658203125,33.13290023803711,33.54759216308594,34.094051361083984,35.223628997802734,35.7744026184082,35.520755767822266,34.80167007446289,33.726558685302734,32.645626068115234,31.716283798217773,30.100296020507812,27.453710556030273,24.207965850830078,21.89086151123047,21.274030685424805,20.45807456970215,18.377763748168945,16.76314926147461,17.317964553833008,19.701566696166992,20.958560943603516,19.4466609954834,17.570669174194336,17.465730667114258,19.139745712280273,21.04660415649414,20.82706642150879,19.2005672454834,19.164106369018555,20.222606658935547,20.165029525756836,20.192358016967773
28.40744400024414,28.38926887512207,28.515871047973633,28.91991424560547,29.080034255981445,28.743606567382812,28.216093063354492,27.580387115478516,27.108320236206055,27.39801025390625,28.703083038330078,30.353530883789062,31.74837303161621,32.82304000854492,33.4578857421875,34.36516571044922,34.942813873291016,34.91633987426758,34.46066665649414,33.85297393798828,33.2194709777832,32.329612731933594,30.588510513305664,27.607715606689453,23.96139144897461,21.88608169555664,21.88670539855957,21.558116912841797,19.900175094604492,18.244688034057617,18.267080307006836,20.052913665771484,20.67178726196289,18.85297203063965,17.550891876220703,18.238950729370117,20.086103439331055,21.278003692626953,20.214550018310547,17.796852111816406,17.147762298583984,18.250234603881836,19.657270431518555,19.362804412841797
27.733932495117188,27.651540756225586,27.391700744628906,27.572145462036133,27.707199096679688,27.39885139465332,26.82548713684082,26.3110408782959,25.798686981201172,25.834327697753906,26.87338638305664,28.450027465820312,30.003421783447266,31.678592681884766,32.99664306640625,34.01922607421875,34.50128173828125,34.63454055786133,34.51543045043945,34.2529411315918,33.76968002319336,32.82374572753906,30.774629592895508,27.509078979492188,24.10687828063965,22.4937686920166,22.407428741455078,22.37883186340332,21.44198226928711,19.957744598388672,19.375032424926758,20.535085678100586,21.084165573120117,19.474998474121094,18.621112823486328,19.829097747802734,21.567447662353516,22.52854347229004,21.279008865356445,18.26552391052246,16.206022262573242,16.42699432373047,18.22224235534668,18.3109073638916
26.711833953857422,26.191064834594727,25.702247619628906,25.90821647644043,26.243072509765625,26.082340240478516,25.25716209411621,24.511430740356445,23.968523025512695,24.147905349731445,25.380977630615234,26.671945571899414,27.956933975219727,29.652711868286133,31.270187377929688,32.97150421142578,33.852935791015625,33.94227600097656,33.66514587402344,33.642494201660156,33.44810485839844,32.645835876464844,30.641231536865234,27.749256134033203,24.891895294189453,23.01464080810547,22.58613395690918,23.1475772857666,22.787830352783203,20.99521827697754,19.810129165649414,20.71200942993164,21.693933486938477,20.374418258666992,19.2673282623291,20.665843963623047,23.046327590942383,24.007648468017578,22.153024673461914,18.997966766357422,16.90100860595703,16.102441787719727,15.604007720947266,15.416876792907715
24.887449264526367,24.258995056152344,24.361087799072266,24.946611404418945,25.10511589050293,24.622215270996094,23.58873748779297,22.53025245666504,21.994096755981445,22.255651473999023,23.500930786132812,24.867586135864258,25.93064308166504,27.32982635498047,28.698461532592773,30.375530242919922,31.64344024658203,32.655574798583984,32.33917999267578,31.82587242126465,31.8516845703125,31.902189254760742,30.558712005615234,28.03726577758789,25.550344467163086,23.80021095275879,23.332895278930664,24.350488662719727,23.876056671142578,21.670846939086914,19.8378963470459,20.260181427001953,21.604808807373047,21.257789611816406,20.29010009765625,21.095191955566406,23.359336853027344,24.76569175720215,23.106576919555664,19.921058654785156,17.24585723876953,15.915953636169434,14.226566314697266,13.601618766784668
23.23258399963379,22.85799217224121,23.30280876159668,23.93520736694336,24.050758361816406,23.56354331970215,22.6364803314209,21.42844581604004,20.58213996887207,20.73147964477539,21.749574661254883,23.10404396057129,24.391448974609375,25.64028549194336,26.598886489868164,28.034332275390625,29.54358673095703,30.694538116455078,30.267169952392578,29.702709197998047,29.818723678588867,30.461536407470703,30.17008399963379,28.44733238220215,26.387222290039062,24.88734245300293,24.56097412109375,25.638263702392578,25.28115463256836,23.077232360839844,20.90806007385254,20.530378341674805,21.42674446105957,21.582393646240234,21.11387062072754,21.50284194946289,23.064516067504883,24.5207462310791,24.23462677001953,21.637126922607422,18.450244903564453,16.328731536865234,14.876288414001465,13.287368774414062
22.404760360717773,21.918533325195312,22.18196678161621,22.84476089477539,23.176105499267578,22.94719696044922,22.062726974487305,20.747943878173828,20.0552978515625,20.369028091430664,20.877107620239258,21.853206634521484,23.668825149536133,25.04122543334961,25.738431930541992,26.804597854614258,27.985076904296875,28.246862411499023,27.88055992126465,27.46117401123047,27.90349578857422,28.934526443481445,29.535301208496094,28.82306480407715,27.216655731201172,25.864173889160156,25.48291778564453,26.39885902404785,26.90093231201172,25.779315948486328,23.195125579833984,21.66554069519043,22.1026668548584,22.728538513183594,22.37697982788086,21.919492721557617,22.25148582458496,23.639114379882812,24.64470100402832,23.568418502807617,20.46154022216797,18.315818786621094,16.584360122680664,13.935873985290527
21.71306610107422,21.29975128173828,21.289379119873047,21.869617462158203,22.35965919494629,22.06009864807129,21.210369110107422,20.06545066833496,19.604887008666992,20.185836791992188,20.68168067932129,21.413686752319336,22.932661056518555,23.953306198120117,25.086463928222656,26.134384155273438,26.93937873840332,26.777753829956055,26.157878875732422,25.659870147705078,26.603219985961914,28.119539260864258,29.031227111816406,28.558963775634766,27.506296157836914,26.325176239013672,25.769784927368164,26.6769962310791,28.110694885253906,27.57394027709961,25.463594436645508,23.482973098754883,23.152536392211914,23.825956344604492,23.998857498168945,23.164443969726562,22.34031105041504,22.916250228881836,24.267044067382812,24.2778377532959,22.364643096923828,20.419212341308594,18.43138313293457,15.676913261413574
20.633880615234375,20.509380340576172,20.357059478759766,20.610212326049805,20.882850646972656,20.89720344543457,20.256853103637695,19.256954193115234,18.727130889892578,19.264331817626953,20.164186477661133,20.99972915649414,21.949663162231445,23.225950241088867,24.756290435791016,26.087135314941406,26.449447631835938,26.23869514465332,25.745498657226562,25.424053192138672,25.931842803955078,27.278545379638672,28.18570327758789,27.69026756286621,26.95682144165039,26.46027946472168,25.88125228881836,26.517961502075195,27.767906188964844,28.287097930908203,27.163928985595703,25.206636428833008,24.355052947998047,24.63300895690918,25.080902099609375,24.47028350830078,23.359699249267578,23.0899658203125,23.787967681884766,24.112661361694336,23.201454162597656,21.394105911254883,19.66042709350586,17.33668327331543
