data/wind_data/wind_41_6.json
{"header": {"parameterUnit": "KT", "parameterCategory": 2, "nx": 256, "ny": 198, "lo1": 44.73521041870117, "la1": -3.236724853515625, "lo2": 111.26478576660156, "la2": 43.468475341796875, "dx": 0.2609002888202667, "dy": -0.23708222806453705, "refTime": "2025-02-20 17:00:00", "forecastTime": 0, "parameterNumber": 2, "parameterNumberName": "eastward_wind"}, "data":
[rows 120 to 139 of 198, columns 88 to 131 of 256]
73.05197143554688,73.0429916381836,72.45177459716797,71.65653228759766,71.10713195800781,70.99087524414062,71.12653350830078,71.32099151611328,71.31903839111328,70.79207611083984,69.99433135986328,69.5634536743164,69.73006439208984,70.18311309814453,70.5821762084961,70.86505126953125,71.10103607177734,71.36573791503906,71.76532745361328,72.31570434570312,72.91873931884766,73.49609375,74.03470611572266,74.44949340820312,74.51510620117188,74.13238525390625,73.6070785522461,73.43098449707031,73.80352783203125,74.69342803955078,76.1182861328125,77.9088363647461,79.74002075195312,81.25005340576172,82.15756225585938,82.68025970458984,83.40641784667969,84.51592254638672,85.66178131103516,86.04808044433594,85.63272857666016,84.83036804199219,83.8203353881836,83.2733383178711
73.25505828857422,72.44013977050781,71.48641967773438,70.80480194091797,70.65461730957031,70.90676879882812,71.14907836914062,71.17732238769531,70.92971801757812,70.40222930908203,69.94578552246094,69.90791320800781,70.18330383300781,70.44995880126953,70.62576293945312,70.93844604492188,71.48089599609375,72.05416107177734,72.47227478027344,72.7081527709961,72.87002563476562,73.08194732666016,73.33375549316406,73.44025421142578,73.29325866699219,73.11265563964844,73.22789001464844,73.7369613647461,74.52029418945312,75.49862670898438,76.6941146850586,77.97489929199219,79.11192321777344,80.192626953125,81.46952819824219,83.00341796875,84.31172943115234,84.81102752685547,84.40801239013672,83.43147277832031,82.48116302490234,81.4454116821289,80.33053588867188,80.0186767578125
72.74929809570312,71.63665008544922,70.86876678466797,70.74873352050781,71.14173126220703,71.62039184570312,71.73848724365234,71.43953704833984,70.9560317993164,70.48759460449219,70.29318237304688,70.40328216552734,70.54192352294922,70.56633758544922,70.72405242919922,71.28209686279297,72.08621978759766,72.68820190429688,72.82142639160156,72.62583923339844,72.41492462158203,72.30673217773438,72.14852905273438,71.89342498779297,71.9330062866211,72.64878845214844,73.74308013916016,74.6729507446289,75.44917297363281,76.29723358154297,77.22644805908203,78.1445541381836,79.21764373779297,80.85752868652344,82.73275756835938,83.90805053710938,83.6754379272461,82.43289184570312,80.93820190429688,79.85127258300781,79.55027770996094,78.78428649902344,77.84402465820312,77.60060119628906
71.82012176513672,71.0399169921875,70.897216796875,71.34221649169922,72.08418273925781,72.67815399169922,72.6999282836914,72.1208724975586,71.35728454589844,70.83294677734375,70.75239562988281,70.89961242675781,70.94654083251953,71.013671875,71.4707260131836,72.27395629882812,72.9834213256836,73.17626953125,72.79247283935547,72.11637878417969,71.4258041381836,70.73622131347656,70.05574798583984,69.85179138183594,70.72427368164062,72.43115234375,74.11100006103516,75.34561157226562,76.34662628173828,77.25558471679688,78.16136932373047,79.3473892211914,80.9013900756836,82.42662811279297,82.9793701171875,82.26427459716797,80.8348388671875,79.46868133544922,78.37846374511719,77.8160400390625,77.71240997314453,76.82386779785156,75.64553833007812,75.10171508789062
71.34545135498047,71.03441619873047,71.18624114990234,71.93075561523438,72.9587173461914,73.60400390625,73.44377899169922,72.66731262207031,71.84510040283203,71.42322540283203,71.41549682617188,71.44471740722656,71.37653350830078,71.63619232177734,72.46080780029297,73.38047790527344,73.79298400878906,73.47569274902344,72.51615142822266,71.14833068847656,69.74629211425781,68.62008666992188,68.11747741699219,68.64501190185547,70.16027069091797,72.18753814697266,74.29866790771484,76.14759063720703,77.48863220214844,78.4832763671875,79.66535949707031,81.1613540649414,82.2330322265625,82.05792236328125,80.6246337890625,79.04515075683594,77.99996948242188,77.2067642211914,76.43183135986328,76.06147766113281,75.5679931640625,74.1385726928711,72.71823120117188,72.02827453613281
71.0372314453125,71.12539672851562,71.82441711425781,72.9591064453125,73.88904571533203,74.12650299072266,73.64130401611328,72.85176086425781,72.31861114501953,72.24002838134766,72.24822235107422,72.0284652709961,71.8605728149414,72.2479019165039,73.1369857788086,73.88077545166016,73.93338775634766,73.14700317382812,71.58789825439453,69.61962890625,67.9498062133789,67.2515869140625,67.84968566894531,69.32756042480469,71.11639404296875,73.09195709228516,75.20803833007812,77.0526123046875,78.44856262207031,79.79742431640625,81.22078704833984,82.01888275146484,81.30353546142578,79.20651245117188,76.84679412841797,75.42166137695312,74.91667175292969,74.35037231445312,73.55912780761719,73.05235290527344,72.2000961303711,70.42577362060547,68.86388397216797,68.33431243896484
71.03872680664062,72.11766815185547,73.61429595947266,74.7362060546875,74.85924530029297,74.27804565429688,73.62899780273438,73.20265197753906,73.09408569335938,73.1419677734375,72.9644775390625,72.66185760498047,72.6761245727539,73.16482543945312,73.82240295410156,74.043212890625,73.39525604248047,71.82327270507812,69.69561004638672,67.72006225585938,66.60912322998047,66.88507843017578,68.66913604736328,71.12846374511719,73.4036865234375,75.26011657714844,76.7090072631836,77.93773651123047,79.38785552978516,80.9489974975586,81.67892456054688,80.7025146484375,78.1242904663086,74.92597198486328,72.30464172363281,71.21580505371094,71.21980285644531,70.87557220458984,70.06883239746094,69.26933288574219,68.0212173461914,66.10688781738281,64.36835479736328,63.94519805908203
72.0045166015625,73.97760009765625,75.48035430908203,75.81143951416016,75.16610717773438,74.42872619628906,74.13632202148438,74.15214538574219,74.1853256225586,73.94810485839844,73.55972290039062,73.46013641357422,73.69051361083984,74.08613586425781,74.39881896972656,74.07295989990234,72.61782836914062,70.28453826904297,67.92868041992188,66.45099639892578,66.38196563720703,67.7822494506836,70.27938079833984,73.01509094238281,75.34911346435547,76.92340087890625,77.9265365600586,78.99359130859375,80.29365539550781,80.95600891113281,79.96728515625,77.29979705810547,73.7655029296875,70.25807189941406,67.62448120117188,66.85993194580078,67.40833282470703,67.3997573852539,66.45342254638672,65.08659362792969,63.37477111816406,61.36055374145508,60.04595947265625,59.16523361206055
73.3392105102539,75.3114242553711,76.12430572509766,75.8102798461914,75.2605972290039,75.14500427246094,75.37125396728516,75.4724349975586,75.04766845703125,74.43153381347656,74.36935424804688,74.59201049804688,74.50912475585938,74.35227966308594,74.22817993164062,73.48102569580078,71.63963317871094,69.18309020996094,67.096435546875,66.33450317382812,67.18647766113281,69.36347198486328,72.2051010131836,74.84758758544922,76.73429107666016,77.80315399169922,78.80563354492188,79.99372100830078,80.37508392333984,78.99559783935547,76.08003997802734,72.47534942626953,68.9216079711914,65.76742553710938,63.47871780395508,63.19303512573242,64.31717681884766,64.32572174072266,62.82918167114258,60.80805206298828,58.85625076293945,57.18600845336914,56.03717803955078,55.19318389892578
73.96141815185547,75.44747161865234,75.8880844116211,75.75120544433594,75.83434295654297,76.27941131591797,76.78351593017578,76.67202758789062,75.63604736328125,75.10536193847656,75.59294891357422,75.6002197265625,74.55725860595703,73.46858978271484,72.81885528564453,71.95191192626953,70.3786392211914,68.494384765625,67.22887420654297,67.356689453125,68.92318725585938,71.48295593261719,74.35088348388672,76.7046127319336,78.019775390625,78.71968841552734,79.46043395996094,79.69184112548828,78.23060607910156,74.94738006591797,70.79972076416016,66.94379425048828,63.87974548339844,61.516273498535156,60.03468704223633,60.558902740478516,62.35989761352539,62.21770477294922,59.99565505981445,57.39646911621094,55.29438018798828,53.68036651611328,52.30915451049805,52.11199188232422
73.85398864746094,75.26007080078125,75.95117950439453,76.2725601196289,76.79385375976562,77.39546966552734,77.86251068115234,77.66094970703125,76.75630950927734,76.52330780029297,76.6229248046875,75.60246276855469,73.47299194335938,71.64663696289062,70.55769348144531,69.66360473632812,68.75358581542969,68.11280822753906,68.23039245605469,69.52543640136719,71.83921813964844,74.45592498779297,76.63600158691406,77.97676849365234,78.81845092773438,79.4911117553711,79.35760498046875,77.43154907226562,73.8078384399414,69.55387878417969,65.47168731689453,62.07617950439453,59.719520568847656,58.1689453125,57.62799072265625,58.94142532348633,61.101314544677734,60.784034729003906,57.88661575317383,54.621925354003906,52.315425872802734,50.692359924316406,49.985877990722656,50.06090545654297
73.8709487915039,75.53070068359375,76.64411163330078,77.20335388183594,77.85210418701172,78.4310302734375,78.67550659179688,78.84385681152344,78.53099060058594,77.7428207397461,76.5269775390625,74.6182632446289,72.26466369628906,70.3162612915039,69.02818298339844,68.3393325805664,68.21417999267578,68.79609680175781,70.36187744140625,72.85343933105469,75.58226013183594,77.58927917480469,78.4329605102539,78.69243621826172,79.10061645507812,79.06135559082031,77.20956420898438,73.21914672851562,68.42220306396484,64.34676361083984,61.22607421875,58.802696228027344,57.38459777832031,56.73929214477539,56.61009216308594,57.94517517089844,60.010589599609375,59.57011795043945,55.869258880615234,51.88888931274414,49.672672271728516,49.05341339111328,49.049217224121094,49.845420837402344
75.2589111328125,76.40958404541016,77.33807373046875,77.9720458984375,78.68541717529297,79.34479522705078,79.76643371582031,80.17552947998047,79.82315063476562,78.0185775756836,75.60877227783203,73.21404266357422,71.00306701660156,69.47735595703125,68.87760162353516,68.8533935546875,69.24510192871094,70.57689666748047,73.16997528076172,76.27859497070312,78.61737823486328,79.53823852539062,79.49185943603516,79.19464111328125,78.47203063964844,76.36597442626953,72.58697509765625,67.83509826660156,63.35093307495117,60.17497634887695,58.19038391113281,57.02418899536133,56.955047607421875,56.98875045776367,56.43981170654297,57.31748580932617,59.330604553222656,58.913795471191406,54.8229866027832,50.282955169677734,48.05000686645508,48.35184097290039,48.20028305053711,49.855613708496094
77.04168701171875,77.70356750488281,78.38600158691406,78.8109359741211,79.27993774414062,80.11997985839844,80.88249969482422,80.96623992919922,79.63613891601562,76.98694610595703,74.3785629272461,72.13223266601562,70.38399505615234,69.54187774658203,69.6899642944336,70.27604675292969,71.35808563232422,73.50421142578125,76.53773498535156,79.21227264404297,80.51456451416016,80.65303039550781,80.205322265625,78.80836486816406,75.83169555664062,71.50018310546875,66.81749725341797,62.61396408081055,59.33179473876953,57.24232482910156,56.251224517822266,56.52046203613281,57.69334030151367,57.495906829833984,56.26631164550781,56.976619720458984,58.966678619384766,58.67430114746094,54.593299865722656,50.16196060180664,47.81248474121094,47.751686096191406,48.722320556640625,48.902305603027344
78.85244750976562,79.06102752685547,79.30084991455078,79.54573059082031,79.9491958618164,80.66647338867188,81.05489349365234,80.14604949951172,78.03682708740234,75.63289642333984,73.59664916992188,71.87771606445312,70.73313903808594,70.39375305175781,71.05003356933594,72.51368713378906,74.60413360595703,77.13964080810547,79.46077728271484,80.82124328613281,81.30525207519531,81.1616439819336,79.7075424194336,76.23469543457031,71.20819091796875,65.92216491699219,61.556705474853516,58.493629455566406,56.52751159667969,55.517669677734375,55.476890563964844,56.851436614990234,58.29978942871094,57.338722229003906,55.93887710571289,56.88838195800781,58.02898025512695,57.28620529174805,54.40529251098633,50.6854362487793,48.06842041015625,47.64133834838867,49.40157699584961,51.28023147583008
79.8031005859375,80.14752960205078,79.57642364501953,79.47666931152344,80.03305053710938,80.51988983154297,79.92323303222656,77.79991912841797,76.07755279541016,75.01569366455078,73.46871185302734,72.09606170654297,71.53323364257812,71.7859115600586,73.3080062866211,75.7371597290039,78.09378051757812,79.77720642089844,80.76612854003906,81.40464782714844,81.7376480102539,80.62335968017578,77.14334106445312,72.00089263916016,66.37696838378906,61.35696029663086,57.79243087768555,55.74787139892578,54.86456298828125,54.867347717285156,55.698822021484375,57.50891876220703,58.221214294433594,56.556427001953125,55.520748138427734,56.28573989868164,56.32703399658203,55.26020812988281,53.79728317260742,51.55329132080078,49.05900573730469,48.67571258544922,51.553043365478516,54.2177734375
79.9789047241211,80.24970245361328,79.44377136230469,78.69293212890625,78.83264923095703,79.05498504638672,77.66980743408203,75.14178466796875,74.81652069091797,75.39978790283203,74.16786193847656,72.72865295410156,72.57170867919922,73.8759765625,76.42637634277344,78.96663665771484,80.36178588867188,80.89647674560547,81.60127258300781,82.37132263183594,81.61710357666016,78.12348937988281,72.8823471069336,67.47325134277344,62.43894958496094,58.276241302490234,55.58155822753906,54.35052490234375,54.29054260253906,55.00287628173828,56.541568756103516,58.167724609375,57.6593132019043,55.61464309692383,55.00492858886719,55.45812225341797,54.6510124206543,54.00939178466797,53.52280807495117,51.863407135009766,50.11609649658203,52.329322814941406,55.11212921142578,56.69510269165039
79.53043365478516,78.83145141601562,77.55938720703125,76.70854187011719,76.9173583984375,76.60851287841797,75.1186752319336,73.4560317993164,74.40009307861328,75.91016387939453,74.84849548339844,73.90214538574219,74.73699951171875,76.85798645019531,79.35893249511719,81.0389633178711,81.66109466552734,82.22538757324219,83.14387512207031,82.82418060302734,79.55311584472656,73.96056365966797,68.23085021972656,63.4710578918457,59.50272750854492,56.517608642578125,54.814170837402344,54.27735900878906,54.581825256347656,55.49356460571289,57.13042449951172,58.145748138427734,56.91710662841797,55.039913177490234,54.60502243041992,54.75209045410156,53.90577697753906,52.998619079589844,53.09667205810547,52.483116149902344,52.27565383911133,54.173091888427734,57.951210021972656,60.06150817871094
76.80201721191406,75.05311584472656,73.96489715576172,73.94506072998047,74.60648345947266,74.84330749511719,74.57350158691406,74.07737731933594,74.52542877197266,75.7534408569336,75.71104431152344,76.19223022460938,77.8368911743164,79.84176635742188,81.62407684326172,82.82556915283203,83.65786743164062,84.35857391357422,83.77783203125,80.59591674804688,75.27523040771484,69.48636627197266,64.4720458984375,60.536563873291016,57.66827392578125,55.967044830322266,55.21614456176758,55.076332092285156,55.22737121582031,55.81631088256836,56.9386100769043,57.27724838256836,55.95090866088867,54.14085006713867,53.66619873046875,53.62983703613281,52.82807540893555,52.02458953857422,52.183143615722656,53.230220794677734,54.546695709228516,55.826080322265625,60.017677307128906,61.65935516357422
72.8865966796875,71.08187103271484,70.60881805419922,70.78934478759766,72.0047378540039,73.74888610839844,75.15003204345703,75.93718719482422,75.74156951904297,76.24568939208984,77.62298583984375,79.29657745361328,80.94239807128906,82.37474060058594,83.57557678222656,84.66584777832031,85.55636596679688,85.03580474853516,81.44329833984375,75.61857604980469,70.0890121459961,65.92105865478516,62.53995132446289,59.513641357421875,57.28546142578125,56.221614837646484,55.93801498413086,55.88985061645508,55.68608474731445,55.70364761352539,56.06584548950195,55.690330505371094,54.1767578125,52.6038932800293,52.14292526245117,51.229217529296875,50.874305725097656,49.56309127807617,50.60848617553711,49.7332649230957,55.07355880737305,59.15370559692383,60.69032287597656,59.38330078125
