data/wind_data/wind_36_4.json
{"header": {"parameterUnit": "KT", "parameterCategory": 2, "nx": 256, "ny": 198, "lo1": 44.73521041870117, "la1": -3.236724853515625, "lo2": 111.26478576660156, "la2": 43.468475341796875, "dx": 0.2609002888202667, "dy": -0.23708222806453705, "refTime": "2025-02-20 12:00:00", "forecastTime": 0, "parameterNumber": 2, "parameterNumberName": "eastward_wind"}, "data":
[rows 152 to 170 of 198, columns 88 to 131 of 256]
23.39370346069336,25.21682357788086,25.58100128173828,22.72574806213379,17.427505493164062,17.811779022216797,17.377267837524414,12.611403465270996,10.724128723144531,12.252775192260742,12.643829345703125,9.199596405029297,7.360401630401611,7.817510604858398,5.402779579162598,2.221055507659912,1.950185775756836,4.155167102813721,6.804258823394775,10.148173332214355,9.337841033935547,8.61097526550293,11.115280151367188,15.296674728393555,15.872139930725098,8.990799903869629,8.320649147033691,8.194479942321777,10.433613777160645,10.000901222229004,21.798845291137695,13.026458740234375,12.175933837890625,19.70166015625,20.641132354736328,17.43576431274414,21.178062438964844,26.123991012573242,32.21940994262695,39.84906768798828,42.1245002746582,32.14711380004883,25.448617935180664,25.405094146728516
24.353219985961914,26.244213104248047,27.038612365722656,25.164234161376953,18.814849853515625,15.994817733764648,15.578115463256836,12.243448257446289,11.730377197265625,12.26283073425293,12.04443645477295,7.649266242980957,6.312620162963867,6.6737565994262695,6.941641330718994,5.789206027984619,3.6677610874176025,3.357105255126953,3.892219066619873,8.194429397583008,9.012168884277344,5.668532371520996,7.163784980773926,11.458098411560059,12.144933700561523,5.609103202819824,1.7370871305465698,11.37774658203125,12.154462814331055,12.961932182312012,17.40721321105957,14.790087699890137,20.016504287719727,23.00151824951172,17.17749786376953,18.056386947631836,25.45701026916504,30.815942764282227,33.71009063720703,39.597137451171875,45.36466979980469,38.727943420410156,24.734230041503906,22.70318031311035
24.14365005493164,25.103004455566406,25.594518661499023,23.255735397338867,17.18793296813965,12.532391548156738,12.158195495605469,11.778097152709961,13.169912338256836,12.707660675048828,11.925345420837402,9.0208101272583,7.509579658508301,5.202507019042969,6.1479716300964355,8.101736068725586,7.760770797729492,6.164351463317871,3.8117706775665283,7.631913661956787,8.487613677978516,3.286527633666992,2.921133041381836,8.250521659851074,11.093307495117188,6.9564714431762695,1.0784388780593872,10.691689491271973,16.470340728759766,19.95646095275879,13.3749418258667,15.253746032714844,23.74889373779297,23.27337074279785,17.520797729492188,23.61522102355957,32.586769104003906,34.795677185058594,34.189395904541016,33.43568420410156,34.0891227722168,36.108795166015625,26.194581985473633,19.755992889404297
20.680368423461914,21.08160972595215,22.68277359008789,22.52414894104004,18.00166130065918,11.670686721801758,8.142772674560547,10.359082221984863,12.065011978149414,12.63951301574707,10.773001670837402,9.45764446258545,6.898340225219727,4.730056285858154,4.578146934509277,5.38398551940918,8.279536247253418,8.55013370513916,5.548239707946777,9.00615406036377,9.8707275390625,5.650375843048096,3.3298490047454834,5.530013561248779,8.01360034942627,2.2791717052459717,3.381578207015991,10.912862777709961,20.163339614868164,24.325435638427734,13.117457389831543,10.79764175415039,15.29359245300293,17.2627010345459,19.195171356201172,26.49021339416504,32.45800018310547,32.75652313232422,31.89336395263672,27.46600341796875,20.830425262451172,26.573129653930664,26.707035064697266,23.378273010253906
17.451126098632812,17.042373657226562,18.577625274658203,21.138769149780273,21.33419418334961,15.616157531738281,10.965225219726562,10.916461944580078,11.368159294128418,10.559282302856445,8.702287673950195,7.6578450202941895,6.820768356323242,9.240364074707031,7.02980375289917,4.2861151695251465,6.589563369750977,7.026015758514404,6.759855270385742,10.262317657470703,11.386069297790527,9.80691146850586,5.844808578491211,3.3742868900299072,3.9534237384796143,1.19308340549469,6.313261985778809,9.252113342285156,23.460309982299805,27.79728889465332,20.09197235107422,16.01944351196289,14.879043579101562,15.357247352600098,20.419523239135742,24.895423889160156,26.062406539916992,25.74728775024414,26.30201530456543,24.072099685668945,18.553112030029297,21.46682357788086,28.653736114501953,30.9665470123291
17.458452224731445,16.07648277282715,15.815715789794922,16.871646881103516,17.88439178466797,16.309894561767578,11.977785110473633,9.612430572509766,10.228164672851562,9.671405792236328,9.057355880737305,11.935836791992188,11.356982231140137,12.405865669250488,10.130199432373047,4.080071449279785,3.15876841545105,2.3248047828674316,6.716114044189453,8.93549633026123,10.631292343139648,8.707718849182129,3.4937849044799805,3.71331787109375,6.589910507202148,10.28406047821045,12.617369651794434,8.040006637573242,18.943323135375977,21.237083435058594,19.290176391601562,19.566970825195312,18.080825805664062,17.913604736328125,22.697559356689453,26.570512771606445,25.624441146850586,23.117130279541016,21.433984756469727,19.542682647705078,18.176494598388672,19.1867733001709,27.662067413330078,35.656829833984375
17.347333908081055,16.925661087036133,14.999417304992676,14.112089157104492,13.631632804870605,12.604762077331543,10.408089637756348,8.204266548156738,7.378535270690918,8.322067260742188,9.032147407531738,10.100373268127441,11.25730037689209,11.517007827758789,9.717925071716309,3.508021593093872,0.0028487835079431534,-3.7929229736328125,6.353793621063232,9.03300666809082,6.310175895690918,2.1564223766326904,1.488448143005371,4.983199119567871,9.965806007385254,14.653717041015625,14.855759620666504,10.577110290527344,14.29396915435791,17.26188087463379,16.303316116333008,19.13822364807129,21.610492706298828,22.869598388671875,25.45040512084961,29.39912223815918,30.30157470703125,27.057432174682617,21.612178802490234,17.872325897216797,18.206422805786133,19.20957374572754,22.3995304107666,29.767045974731445
15.336211204528809,16.195781707763672,14.157551765441895,12.943882942199707,12.288924217224121,11.748747825622559,10.602810859680176,9.686444282531738,9.20846939086914,9.427139282226562,9.241607666015625,8.879963874816895,10.665921211242676,11.462624549865723,10.080540657043457,4.438888072967529,1.803482174873352,-3.7448387145996094,-2.4703307151794434,8.818745613098145,5.3291015625,1.6106064319610596,2.6197385787963867,3.165351629257202,10.699851036071777,16.090843200683594,13.608339309692383,10.513399124145508,12.350322723388672,15.588240623474121,15.874418258666992,17.892621994018555,22.276630401611328,26.30019760131836,28.809602737426758,31.78826904296875,33.642333984375,32.0895881652832,20.7085018157959,14.948610305786133,22.09709930419922,24.689870834350586,25.5943546295166,30.3143253326416
13.512866973876953,14.258493423461914,13.264540672302246,12.187092781066895,11.533936500549316,10.988656997680664,10.269036293029785,9.732657432556152,8.931682586669922,8.51780891418457,8.367938041687012,6.812061786651611,7.3250579833984375,9.836767196655273,8.684196472167969,4.580201148986816,3.494077205657959,3.956944704055786,-3.197578191757202,1.3380835056304932,9.990970611572266,11.563369750976562,9.826435089111328,2.3285794258117676,4.236937522888184,11.883967399597168,11.208585739135742,12.406160354614258,12.72454833984375,14.691387176513672,16.502138137817383,18.139070510864258,21.8480281829834,23.482088088989258,24.889759063720703,29.11060333251953,34.44350051879883,31.906686782836914,18.739824295043945,13.705272674560547,13.377924919128418,15.300277709960938,16.730995178222656,21.410444259643555
12.08692741394043,12.229270935058594,12.035075187683105,11.548514366149902,11.043187141418457,10.61865520477295,10.331472396850586,9.871865272521973,9.082921981811523,8.220348358154297,7.972604274749756,6.563538074493408,5.720452308654785,7.594223976135254,8.280473709106445,6.375047206878662,3.517756938934326,5.771848201751709,3.364241361618042,0.5097930431365967,2.699873924255371,10.017518043518066,8.926053047180176,0.7861025333404541,-0.9613820314407349,7.067268371582031,9.637848854064941,12.481670379638672,14.301998138427734,14.697013854980469,15.626428604125977,18.602031707763672,21.40057945251465,21.393295288085938,15.995705604553223,17.04913330078125,24.178062438964844,24.035015106201172,20.7691593170166,17.13691520690918,4.922361850738525,2.5199904441833496,6.766261100769043,6.602553844451904
10.630162239074707,10.456767082214355,10.578875541687012,10.891731262207031,10.701803207397461,10.417733192443848,10.324393272399902,10.12529468536377,9.73560905456543,8.713895797729492,7.812265396118164,6.044428825378418,4.617432117462158,5.625085353851318,7.1331610679626465,6.989991664886475,3.27823805809021,4.888720989227295,5.192407131195068,-1.2106682062149048,-7.1245646476745605,6.673868179321289,7.787353992462158,0.155414417386055,-3.2004647254943848,6.649965763092041,9.98339557647705,11.353381156921387,11.133939743041992,16.839111328125,17.21928596496582,18.250633239746094,19.105182647705078,20.493440628051758,16.822587966918945,13.694493293762207,14.501320838928223,16.802658081054688,23.20110511779785,18.68858528137207,3.552518844604492,2.5944652557373047,1.0263253450393677,2.9690637588500977
8.721821784973145,9.086174964904785,9.256772994995117,10.079055786132812,10.286198616027832,10.16794204711914,10.391115188598633,10.2437105178833,9.922895431518555,9.26340389251709,8.502138137817383,7.140640735626221,4.866785049438477,2.94209885597229,4.483748912811279,6.034869194030762,4.089934349060059,1.3033843040466309,2.9622654914855957,-5.640030860900879,0.1941346675157547,5.5968217849731445,6.756121635437012,0.795417308807373,-3.9166083335876465,4.89389181137085,10.262589454650879,11.416367530822754,11.239721298217773,17.78351402282715,19.429872512817383,15.349813461303711,13.780903816223145,18.015195846557617,20.983278274536133,18.68907356262207,14.619674682617188,14.696041107177734,19.385684967041016,15.326212882995605,4.183050632476807,-2.429269313812256,0.9103705286979675,10.922873497009277
7.2276716232299805,8.037027359008789,8.570176124572754,9.530590057373047,9.986855506896973,9.995373725891113,10.386051177978516,10.320425033569336,9.475821495056152,8.779644012451172,8.990767478942871,9.139949798583984,6.796339511871338,3.3678555488586426,2.5311875343322754,4.522372722625732,4.866055011749268,1.1205224990844727,2.0249297618865967,-4.308099746704102,1.7990895509719849,5.1415910720825195,4.643606662750244,1.6993120908737183,-3.637174606323242,-1.2352347373962402,6.593877792358398,11.820928573608398,14.722448348999023,17.979190826416016,16.47684669494629,13.217035293579102,13.813067436218262,17.006256103515625,20.072683334350586,21.716623306274414,21.521333694458008,21.645401000976562,18.07242774963379,8.127100944519043,1.119345784187317,11.85390853881836,21.13825035095215,19.819795608520508
7.42087984085083,8.106420516967773,8.563821792602539,9.285304069519043,9.769697189331055,10.017135620117188,10.335177421569824,10.529704093933105,10.129948616027832,9.378900527954102,8.430525779724121,9.175994873046875,8.414981842041016,5.025003433227539,2.4950973987579346,3.6523115634918213,4.994009017944336,3.819338798522949,3.6246516704559326,3.8074092864990234,2.556676149368286,-2.6795597076416016,4.343539714813232,5.2438507080078125,1.431617259979248,-3.54380202293396,0.7156590819358826,8.505366325378418,12.836457252502441,13.238574028015137,10.713549613952637,11.364426612854004,12.215776443481445,12.733078002929688,15.692103385925293,21.060489654541016,25.464170455932617,28.219532012939453,28.74683952331543,26.608448028564453,25.87666130065918,26.52034568786621,23.922649383544922,18.254783630371094
7.926511764526367,8.034980773925781,8.216310501098633,8.780860900878906,9.250617027282715,9.677921295166016,10.236701965332031,10.58537769317627,10.392706871032715,9.891841888427734,9.557168006896973,9.494638442993164,9.252226829528809,5.505058765411377,3.772324562072754,3.5456430912017822,4.434554100036621,5.883081912994385,4.7132062911987305,4.386045932769775,2.7124035358428955,-1.801878571510315,3.8864471912384033,3.924868583679199,2.7675228118896484,2.3876099586486816,2.8522419929504395,6.16246223449707,8.219616889953613,7.86983585357666,10.161200523376465,10.186967849731445,9.830018997192383,8.896391868591309,9.846722602844238,15.62558364868164,21.597259521484375,25.77233123779297,27.828018188476562,29.054380416870117,29.136850357055664,25.01018524169922,18.392297744750977,12.211304664611816
8.127908706665039,7.688851833343506,7.556221008300781,8.199764251708984,8.73216724395752,9.165487289428711,9.612831115722656,9.778088569641113,9.78062915802002,9.814173698425293,9.778666496276855,9.22349739074707,9.022968292236328,6.165470123291016,4.45703649520874,3.0990536212921143,2.930647134780884,5.707298755645752,6.617434978485107,5.076140880584717,3.731161117553711,5.721496105194092,-0.9006630182266235,2.1325583457946777,1.764883279800415,2.760267734527588,3.766741991043091,6.786702632904053,8.029006004333496,10.879034042358398,14.98528003692627,15.456279754638672,14.994014739990234,12.90573501586914,10.972594261169434,11.849934577941895,14.743753433227539,17.439958572387695,19.397724151611328,21.346023559570312,21.22825813293457,17.193620681762695,12.080309867858887,8.64059829711914
8.034005165100098,7.560382843017578,7.428417205810547,8.093637466430664,8.491565704345703,8.951557159423828,8.960180282592773,8.739946365356445,9.078141212463379,9.8532075881958,9.886502265930176,8.228450775146484,7.7692365646362305,7.190739154815674,4.651471138000488,3.340668201446533,2.8328239917755127,4.239527702331543,6.587773323059082,6.144934177398682,6.072235584259033,9.516679763793945,7.173516750335693,1.9845712184906006,1.994938611984253,3.207845687866211,4.716644287109375,7.405911922454834,10.08802604675293,11.197698593139648,13.198241233825684,14.106772422790527,18.372241973876953,16.672510147094727,11.173352241516113,8.87324333190918,9.995109558105469,11.83532428741455,13.39111614227295,14.523395538330078,13.231133460998535,9.810417175292969,6.88885498046875,5.829201698303223
7.824867248535156,7.6352996826171875,7.740238189697266,8.220096588134766,8.450643539428711,8.767305374145508,8.837416648864746,8.756033897399902,9.003175735473633,10.029257774353027,10.396510124206543,8.160318374633789,6.407297134399414,7.160801887512207,5.132136344909668,3.6035830974578857,2.4091224670410156,4.208233833312988,5.393067836761475,6.8872175216674805,8.65283489227295,9.856398582458496,8.9242582321167,5.439594745635986,5.441702842712402,9.0761079788208,11.196551322937012,14.08572006225586,14.679102897644043,12.640990257263184,10.119098663330078,9.05583381652832,15.019309997558594,17.95524024963379,13.82154655456543,8.939085006713867,7.882301330566406,9.291406631469727,10.445180892944336,10.773983001708984,9.140214920043945,6.38730001449585,4.6530280113220215,4.4718828201293945
8.086466789245605,7.480837345123291,7.708985805511475,7.976396083831787,8.2536039352417,8.69121265411377,8.922347068786621,9.233470916748047,9.478028297424316,10.345781326293945,10.891828536987305,8.706924438476562,6.359543323516846,6.024862766265869,5.981874942779541,4.110459804534912,1.487749695777893,2.688310384750366,5.101144790649414,6.484747409820557,8.969645500183105,10.778602600097656,10.843754768371582,10.271855354309082,11.540623664855957,14.244964599609375,15.614180564880371,15.391562461853027,13.160755157470703,11.374313354492188,8.550826072692871,11.776607513427734,14.043802261352539,15.241357803344727,14.89307689666748,10.91591739654541,7.998600006103516,8.254290580749512,9.154074668884277,9.283304214477539,8.009207725524902,6.121715545654297,5.030028820037842,4.773204326629639
