data/wind_data/wind_59_8.json
{"header": {"parameterUnit": "KT", "parameterCategory": 2, "nx": 256, "ny": 198, "lo1": 44.73521041870117, "la1": -3.236724853515625, "lo2": 111.26478576660156, "la2": 43.468475341796875, "dx": 0.2609002888202667, "dy": -0.23708222806453705, "refTime": "2025-02-21 11:00:00", "forecastTime": 0, "parameterNumber": 2, "parameterNumberName": "eastward_wind"}, "data":
[rows 171 to 189 of 198, columns 88 to 131 of 256]
48.624305725097656,48.39011764526367,48.028202056884766,47.47010803222656,47.162689208984375,47.68357467651367,48.83026885986328,49.91199493408203,50.5618896484375,50.655670166015625,50.160831451416016,49.35557174682617,48.743324279785156,48.50564193725586,48.36509704589844,48.098411560058594,47.740787506103516,47.31101608276367,46.625274658203125,45.65342712402344,44.66389083862305,43.48046875,41.92327117919922,41.12103271484375,41.90253829956055,43.118778228759766,43.82889938354492,44.384910583496094,44.697513580322266,44.7004280090332,44.54218292236328,43.612457275390625,42.164947509765625,41.507423400878906,41.351036071777344,41.0933837890625,41.45199966430664,42.499961853027344,43.06906509399414,42.82209014892578,42.380271911621094,41.909446716308594,41.14451599121094,40.16535568237305
48.76057434082031,48.359100341796875,47.63981246948242,46.874446868896484,46.59197235107422,47.113101959228516,48.21588134765625,49.467891693115234,50.51210403442383,50.929386138916016,50.51556396484375,49.747982025146484,49.24209976196289,48.9920768737793,48.693443298339844,48.258243560791016,47.711700439453125,47.065528869628906,46.3472785949707,45.5355339050293,44.65022659301758,43.4451904296875,41.6527214050293,40.48088073730469,41.2590217590332,42.991424560546875,44.15251541137695,44.68622589111328,44.87672424316406,44.88082504272461,44.53500747680664,43.04618835449219,40.93612289428711,40.2878532409668,40.97726058959961,41.510948181152344,41.903961181640625,42.49272155761719,42.79562759399414,42.64642333984375,42.397911071777344,42.04185104370117,41.307960510253906,40.25699234008789
48.28066635131836,47.63278579711914,46.875701904296875,46.168331146240234,45.74279022216797,45.96029281616211,46.961544036865234,48.442298889160156,49.83086395263672,50.61971664428711,50.66144943237305,50.32414627075195,49.961151123046875,49.39507293701172,48.44733428955078,47.53507995605469,47.01568603515625,46.545570373535156,45.76228332519531,44.927181243896484,44.33221435546875,43.532958984375,41.89376449584961,40.44680404663086,40.75306701660156,42.355873107910156,43.779788970947266,44.48766326904297,44.76787567138672,44.863765716552734,44.584007263183594,43.19809341430664,41.032012939453125,40.0753288269043,40.97260284423828,42.2097282409668,42.85927200317383,43.10148239135742,43.05757141113281,42.73021697998047,42.32517623901367,41.89900207519531,41.212181091308594,40.240352630615234
47.35212707519531,46.831581115722656,46.275001525878906,45.54841995239258,44.888248443603516,44.87119674682617,45.75796890258789,47.243186950683594,48.782711029052734,49.96540832519531,50.67146301269531,50.877132415771484,50.487552642822266,49.342525482177734,47.714561462402344,46.381229400634766,45.8860969543457,45.817344665527344,45.19045639038086,43.9632453918457,43.27045822143555,43.313533782958984,42.76852035522461,41.62847900390625,41.28453063964844,42.01557159423828,42.92141342163086,43.600914001464844,44.292091369628906,44.81998825073242,44.610557556152344,43.42463302612305,42.012969970703125,41.561180114746094,42.2763557434082,43.28413391113281,43.90430450439453,44.015377044677734,43.614219665527344,42.79969787597656,41.976375579833984,41.43315124511719,40.937782287597656,40.24752426147461
46.87669372558594,46.49913024902344,45.943546295166016,45.0909538269043,44.34217834472656,44.24191665649414,44.990814208984375,46.333473205566406,47.86406707763672,49.290401458740234,50.398990631103516,50.830806732177734,50.2264289855957,48.763431549072266,47.09568786621094,45.7270393371582,44.916343688964844,44.77621078491211,44.56954574584961,43.4427375793457,42.39439010620117,42.73884963989258,43.485164642333984,43.316532135009766,42.68695831298828,42.41168212890625,42.39507293701172,42.70466613769531,43.68470001220703,44.750240325927734,44.79340744018555,43.81528091430664,43.10109329223633,43.364620208740234,44.11842346191406,44.6862678527832,44.87588119506836,44.5623664855957,43.69874572753906,42.55106735229492,41.547855377197266,41.002105712890625,40.77451705932617,40.49610137939453
47.08943557739258,46.546783447265625,45.72874069213867,44.740116119384766,44.04178237915039,44.049713134765625,44.81632995605469,46.027828216552734,47.35390090942383,48.62380599975586,49.622344970703125,49.946102142333984,49.3713264465332,48.23722839355469,46.972293853759766,45.63086700439453,44.39215850830078,43.843570709228516,43.91352081298828,43.58424377441406,42.7706413269043,42.750675201416016,43.633460998535156,44.09202194213867,43.68546676635742,43.15919876098633,42.811336517333984,42.78701400756836,43.3848876953125,44.320987701416016,44.72904968261719,44.33903121948242,43.99244689941406,44.286781311035156,44.892024993896484,45.3582649230957,45.46708297729492,44.871238708496094,43.640872955322266,42.39570236206055,41.48759460449219,40.955841064453125,40.802066802978516,40.858131408691406
47.39078903198242,46.473445892333984,45.422332763671875,44.51673126220703,44.05487823486328,44.20528793334961,44.9005012512207,45.892364501953125,46.97287368774414,47.95701217651367,48.6171760559082,48.84185028076172,48.67715835571289,48.142818450927734,47.096763610839844,45.573211669921875,44.10268020629883,43.41827392578125,43.675025939941406,44.05337905883789,43.816307067871094,43.490760803222656,43.67314529418945,44.002716064453125,44.05855941772461,44.038116455078125,43.916316986083984,43.5971565246582,43.33854293823242,43.59477233886719,44.08509826660156,44.210750579833984,44.12815475463867,44.36507034301758,45.00617599487305,45.68819046020508,45.9195671081543,45.282188415527344,43.869869232177734,42.536163330078125,41.78041076660156,41.3170280456543,41.002601623535156,41.079715728759766
47.35989761352539,46.18494415283203,45.17089080810547,44.53523635864258,44.31814193725586,44.50741195678711,45.03200149536133,45.789527893066406,46.63311004638672,47.30167007446289,47.69339370727539,48.06169128417969,48.44023895263672,48.24630355834961,47.05311584472656,45.36249542236328,44.045440673828125,43.61252975463867,44.00214767456055,44.551090240478516,44.55526351928711,44.19150924682617,44.03131103515625,44.22806167602539,44.55824661254883,44.938175201416016,45.00905227661133,44.371944427490234,43.45718002319336,43.21467208862305,43.65182113647461,44.04166030883789,44.24420928955078,44.75688552856445,45.6591796875,46.433223724365234,46.57853698730469,45.78153610229492,44.15700912475586,42.675662994384766,42.04510498046875,41.77967071533203,41.40653991699219,41.303592681884766
47.1727409362793,45.972286224365234,45.1330451965332,44.77726745605469,44.79661178588867,45.00617599487305,45.29548645019531,45.692569732666016,46.13789749145508,46.499820709228516,46.936370849609375,47.72585678100586,48.48504638671875,48.228885650634766,46.73704528808594,45.052852630615234,44.15165710449219,44.12189483642578,44.56743240356445,44.94294738769531,44.869178771972656,44.62456130981445,44.75932312011719,45.21470260620117,45.525936126708984,45.73176193237305,45.657615661621094,44.779693603515625,43.65821075439453,43.44560241699219,44.10914611816406,44.81778335571289,45.407344818115234,46.179080963134766,46.95484924316406,47.277488708496094,46.999481201171875,46.006832122802734,44.32084655761719,42.805885314941406,42.30038833618164,42.31692123413086,42.061866760253906,41.685977935791016
47.06798553466797,45.9670295715332,45.34479522705078,45.29368209838867,45.503761291503906,45.58583068847656,45.49229431152344,45.42807388305664,45.487483978271484,45.77943801879883,46.54983139038086,47.67917251586914,48.36586380004883,47.78129959106445,46.21690368652344,44.84999084472656,44.372596740722656,44.584434509277344,45.00571823120117,45.22269058227539,45.13096618652344,45.144229888916016,45.67687225341797,46.43705368041992,46.67304611206055,46.4452018737793,45.967498779296875,44.94321823120117,43.958126068115234,44.168888092041016,45.35085678100586,46.47099304199219,47.21733474731445,47.6563835144043,47.66715621948242,47.21694564819336,46.58071517944336,45.77543640136719,44.545066833496094,43.31970977783203,42.8795166015625,43.01359176635742,42.796974182128906,41.96575927734375
47.01947021484375,46.10039138793945,45.792503356933594,45.97901916503906,46.112571716308594,45.8808479309082,45.467613220214844,45.126991271972656,45.022525787353516,45.44514465332031,46.487369537353516,47.5811882019043,47.8162841796875,46.9429931640625,45.72759246826172,44.994483947753906,44.851219177246094,45.015480041503906,45.27802276611328,45.482337951660156,45.591007232666016,45.86116027832031,46.54780197143555,47.398895263671875,47.67314147949219,47.10372543334961,46.108890533447266,45.089195251464844,44.60297393798828,45.24678039550781,46.74836349487305,48.05050277709961,48.41465759277344,47.89198684692383,47.0629997253418,46.40450668334961,45.9683837890625,45.620052337646484,45.07680130004883,44.30757141113281,43.79954147338867,43.66306686401367,43.13413619995117,41.72414016723633
46.97446823120117,46.35039138793945,46.303428649902344,46.429725646972656,46.235782623291016,45.77177429199219,45.326942443847656,44.97500991821289,44.895912170410156,45.42554473876953,46.424957275390625,47.15625762939453,47.01265335083008,46.28417205810547,45.709720611572266,45.53304672241211,45.50149917602539,45.465389251708984,45.53676223754883,45.7760124206543,46.10326385498047,46.55854415893555,47.2748908996582,48.0892219543457,48.37063217163086,47.644195556640625,46.371177673339844,45.49176788330078,45.46772003173828,46.28688049316406,47.63813781738281,48.66569519042969,48.55390548706055,47.483985900878906,46.467838287353516,46.084266662597656,45.99406814575195,45.877197265625,45.66447448730469,45.190773010253906,44.49329376220703,43.79255294799805,42.745811462402344,41.02036666870117
46.973018646240234,46.66436767578125,46.63352966308594,46.42519760131836,45.91154861450195,45.441429138183594,45.1497917175293,44.925018310546875,44.95565414428711,45.45417022705078,46.17459487915039,46.60531997680664,46.530033111572266,46.291900634765625,46.24549865722656,46.28053665161133,46.152496337890625,45.93857955932617,45.913360595703125,46.15523147583008,46.54834747314453,47.08998489379883,47.8692512512207,48.66397476196289,48.831302642822266,48.05312728881836,46.95994567871094,46.408180236816406,46.47372055053711,46.88114547729492,47.618858337402344,48.381038665771484,48.39530944824219,47.44035339355469,46.44325256347656,46.29093551635742,46.52886199951172,46.36751174926758,45.89610290527344,45.313480377197266,44.45093536376953,43.33796691894531,41.945186614990234,40.25450134277344
47.042381286621094,46.9092903137207,46.665245056152344,46.093292236328125,45.43770217895508,45.07315444946289,44.943660736083984,44.90896987915039,45.065773010253906,45.454288482666016,45.97447204589844,46.4495964050293,46.72713088989258,46.86088180541992,46.95958709716797,46.922821044921875,46.6348762512207,46.33802032470703,46.33774185180664,46.60253143310547,46.97599411010742,47.512367248535156,48.313560485839844,49.05009841918945,49.09979248046875,48.440391540527344,47.7944221496582,47.53654479980469,47.28230667114258,46.93132400512695,46.99687576293945,47.650184631347656,48.15665054321289,47.7357177734375,46.86035919189453,46.722835540771484,47.14057159423828,46.927635192871094,46.03592300415039,45.044986724853516,43.98762893676758,42.7537956237793,41.30710220336914,39.815330505371094
47.106285095214844,46.97800827026367,46.46296310424805,45.668460845947266,45.038124084472656,44.826812744140625,44.86906814575195,45.01779556274414,45.300193786621094,45.733680725097656,46.28987121582031,46.858882904052734,47.30217742919922,47.59080505371094,47.7046012878418,47.49304962158203,47.0207405090332,46.72212219238281,46.85157775878906,47.19477844238281,47.542118072509766,47.98339080810547,48.6214485168457,49.1823844909668,49.237884521484375,48.927711486816406,48.72665023803711,48.51118087768555,47.81502914428711,46.9047966003418,46.59679412841797,47.169898986816406,47.90127944946289,47.93594741821289,47.376625061035156,47.136985778808594,47.341976165771484,47.22080993652344,46.40106964111328,45.15119552612305,43.78874206542969,42.375911712646484,40.94963455200195,39.83838653564453
46.85301208496094,46.547603607177734,45.86245346069336,45.135135650634766,44.73870086669922,44.74890899658203,44.9642219543457,45.25618362426758,45.71631622314453,46.38367462158203,47.04248809814453,47.447654724121094,47.674232482910156,47.951351165771484,48.16468811035156,47.94021224975586,47.41073989868164,47.18741226196289,47.450782775878906,47.809226989746094,48.048152923583984,48.3023567199707,48.64247512817383,48.968353271484375,49.15573501586914,49.256263732910156,49.299949645996094,48.99488830566406,48.17287826538086,47.30216598510742,46.9840202331543,47.32920455932617,47.84992599487305,47.940635681152344,47.55788040161133,47.15770721435547,46.982975006103516,46.936180114746094,46.49952697753906,45.354217529296875,44.01378631591797,42.563682556152344,40.95529556274414,40.04603576660156
45.90601348876953,45.491092681884766,44.98394012451172,44.696754455566406,44.7091064453125,44.949256896972656,45.31631088256836,45.83022689819336,46.552825927734375,47.35681915283203,47.9019889831543,48.01646423339844,47.9759407043457,48.137577056884766,48.38795852661133,48.33924102783203,48.04203796386719,47.966190338134766,48.22795486450195,48.453269958496094,48.496219635009766,48.55003356933594,48.64221954345703,48.740535736083984,48.965171813964844,49.31235885620117,49.4708366394043,49.19965362548828,48.70515823364258,48.38602828979492,48.30293655395508,48.300437927246094,48.211055755615234,47.828346252441406,47.23023986816406,46.696197509765625,46.39595031738281,46.36833572387695,46.169246673583984,45.36070251464844,44.24396896362305,42.99772262573242,41.53359603881836,40.62831115722656
44.62425994873047,44.48863220214844,44.47039031982422,44.63920593261719,44.889163970947266,45.24668502807617,45.82669448852539,46.619285583496094,47.50627899169922,48.186683654785156,48.33784866333008,48.0785026550293,47.93036651611328,48.164100646972656,48.47469711303711,48.50382614135742,48.39901351928711,48.46577072143555,48.63665771484375,48.688926696777344,48.63985061645508,48.62368392944336,48.53266906738281,48.31801986694336,48.33436584472656,48.7794189453125,49.28252410888672,49.463714599609375,49.507774353027344,49.65587615966797,49.668853759765625,49.23302459716797,48.42657470703125,47.451759338378906,46.60505294799805,46.12285232543945,45.983638763427734,46.063602447509766,46.05867004394531,45.65006637573242,44.71373748779297,43.470542907714844,42.366031646728516,41.59611892700195
44.436927795410156,44.659847259521484,44.92986297607422,45.24520492553711,45.5528678894043,46.01346969604492,46.784603118896484,47.750919342041016,48.63881301879883,49.04072570800781,48.7136344909668,48.13321304321289,48.08200454711914,48.6937370300293,49.19392776489258,49.07289505004883,48.82786560058594,48.98649978637695,49.280723571777344,49.304054260253906,49.135963439941406,48.94876480102539,48.57948303222656,48.007198333740234,47.727413177490234,48.16240310668945,49.11368179321289,50.01435089111328,50.594966888427734,50.89027786254883,50.76652908325195,50.02434539794922,48.841854095458984,47.554622650146484,46.51091003417969,46.059104919433594,46.211585998535156,46.585086822509766,46.71113586425781,46.46123504638672,45.71192169189453,44.31372833251953,43.034637451171875,42.3885498046875
