data/wind_data/wind_71_5.json
{"header": {"parameterUnit": "KT", "parameterCategory": 2, "nx": 256, "ny": 198, "lo1": 44.73521041870117, "la1": -3.236724853515625, "lo2": 111.26478576660156, "la2": 43.468475341796875, "dx": 0.2609002888202667, "dy": -0.23708222806453705, "refTime": "2025-02-21 23:00:00", "forecastTime": 0, "parameterNumber": 2, "parameterNumberName": "eastward_wind"}, "data":
[rows 57 to 75 of 198, columns 0 to 43 of 256]
-7.334054946899414,-9.010350227355957,-9.480324745178223,-9.494332313537598,-9.492457389831543,-9.397184371948242,-8.639325141906738,-8.542168617248535,-9.15973949432373,-10.350790023803711,-11.823012351989746,-13.324590682983398,-13.994104385375977,-13.538559913635254,-12.978270530700684,-12.776388168334961,-12.43128776550293,-11.779303550720215,-11.418008804321289,-11.8231201171875,-12.572442054748535,-11.907515525817871,-10.03099536895752,-9.920501708984375,-10.886040687561035,-11.466568946838379,-11.753335952758789,-12.226834297180176,-12.417498588562012,-12.309595108032227,-12.06291675567627,-11.565154075622559,-10.737358093261719,-9.620631217956543,-8.965045928955078,-9.16193675994873,-9.339593887329102,-9.106546401977539,-9.06139087677002,-9.285311698913574,-9.513004302978516,-9.622736930847168,-9.924491882324219,-10.086376190185547
-5.979130268096924,-7.341400146484375,-7.866934776306152,-8.09764289855957,-7.975839138031006,-8.199322700500488,-7.574411392211914,-7.643111705780029,-8.259757995605469,-9.115255355834961,-10.187606811523438,-11.386489868164062,-12.118593215942383,-11.826683044433594,-11.341636657714844,-11.308241844177246,-11.093029975891113,-10.322747230529785,-9.739480972290039,-10.23230266571045,-11.335709571838379,-11.37509536743164,-9.986010551452637,-9.272364616394043,-9.639989852905273,-10.036018371582031,-9.987810134887695,-10.000380516052246,-10.173040390014648,-10.384673118591309,-10.73505973815918,-10.728442192077637,-10.290640830993652,-9.45846939086914,-8.207979202270508,-7.580251216888428,-7.8002610206604,-8.067026138305664,-7.94951057434082,-7.863157272338867,-8.0121431350708,-8.2279052734375,-8.549057960510254,-8.782959938049316
-4.445343971252441,-5.733839511871338,-6.241227149963379,-6.515746593475342,-6.351272106170654,-6.96435546875,-6.659859657287598,-6.8107452392578125,-7.575340747833252,-8.234329223632812,-8.983659744262695,-9.814774513244629,-10.402154922485352,-10.102307319641113,-9.437658309936523,-9.132301330566406,-8.847424507141113,-8.218583106994629,-7.889337539672852,-8.484918594360352,-9.315030097961426,-9.465486526489258,-8.69343090057373,-8.264984130859375,-8.648548126220703,-8.846590042114258,-8.638375282287598,-8.440047264099121,-8.380908966064453,-8.45653247833252,-8.822355270385742,-9.322624206542969,-9.326211929321289,-8.935132026672363,-7.782662391662598,-6.444815635681152,-6.071380138397217,-6.325442790985107,-6.504621982574463,-6.503409385681152,-6.527425765991211,-6.6159467697143555,-6.798909664154053,-7.085679054260254
-2.727483034133911,-4.187408447265625,-4.620025634765625,-4.790348052978516,-4.668725490570068,-5.563345909118652,-5.624528408050537,-5.714684009552002,-6.329418659210205,-6.996360778808594,-7.7802958488464355,-8.562362670898438,-9.028932571411133,-8.694245338439941,-7.971289157867432,-7.446528434753418,-6.928660869598389,-6.094943523406982,-5.654237747192383,-6.554180145263672,-7.590029716491699,-7.7056379318237305,-6.924479961395264,-6.673517227172852,-7.408320426940918,-7.978536605834961,-7.972419738769531,-7.8525261878967285,-7.785416126251221,-7.67914342880249,-7.755002975463867,-8.057209968566895,-8.283077239990234,-8.118024826049805,-7.133497714996338,-5.63911247253418,-4.855743408203125,-4.850911617279053,-5.0337653160095215,-5.126062393188477,-5.13840913772583,-5.092418670654297,-5.202159404754639,-5.575717926025391
-1.1984511613845825,-2.43544864654541,-2.82477068901062,-3.075330972671509,-3.18865704536438,-4.1029839515686035,-4.525600910186768,-4.584605693817139,-4.603212356567383,-4.992333889007568,-6.021287441253662,-7.125479698181152,-7.630288600921631,-7.197197914123535,-6.465157985687256,-6.017886161804199,-5.588534832000732,-4.6177849769592285,-3.7356226444244385,-4.418412685394287,-5.879952907562256,-6.338214874267578,-5.494925022125244,-4.859766006469727,-5.328422546386719,-6.127798557281494,-6.575962543487549,-6.77339506149292,-6.847845554351807,-6.776817798614502,-6.771297454833984,-6.97004508972168,-7.257955074310303,-7.078370571136475,-6.186149597167969,-5.000082492828369,-4.222169399261475,-4.055777549743652,-4.193262100219727,-4.213430881500244,-4.107182025909424,-4.001708507537842,-4.090486526489258,-4.291830539703369
0.14838236570358276,-0.6766783595085144,-0.8302875757217407,-1.2160438299179077,-1.386375904083252,-2.476361036300659,-3.292699098587036,-3.664597272872925,-3.3536641597747803,-3.1975111961364746,-3.8344125747680664,-5.042336940765381,-5.850712299346924,-5.690805912017822,-4.9239420890808105,-4.2662482261657715,-3.8245601654052734,-3.082674264907837,-2.2274582386016846,-2.5078060626983643,-4.055596351623535,-4.912562370300293,-4.316975116729736,-3.541454315185547,-3.5119876861572266,-3.9770452976226807,-4.456044673919678,-4.899214744567871,-5.30110502243042,-5.406071186065674,-5.153528213500977,-5.053810119628906,-5.429086685180664,-5.651226997375488,-5.256195545196533,-4.365410804748535,-3.54006290435791,-3.3513827323913574,-3.5306687355041504,-3.409593105316162,-3.0843563079833984,-2.9009768962860107,-2.987415313720703,-3.183283567428589
1.5223612785339355,2.78261137008667,1.8072357177734375,1.039402961730957,1.6169345378875732,-0.11780751496553421,-1.7538281679153442,-2.705228090286255,-2.5921761989593506,-2.2997822761535645,-2.4101431369781494,-3.0533430576324463,-3.633784055709839,-3.83292293548584,-3.6338751316070557,-3.069668769836426,-2.312459707260132,-1.4113012552261353,-0.6640982031822205,-0.941118597984314,-2.114208698272705,-3.019171953201294,-2.80566668510437,-2.3406615257263184,-2.3677215576171875,-2.6256401538848877,-2.933114528656006,-3.299816608428955,-3.703523874282837,-3.947746992111206,-3.830941915512085,-3.5545785427093506,-3.6272671222686768,-4.0834059715271,-4.2647624015808105,-3.7569222450256348,-2.794451951980591,-2.2715723514556885,-2.426870584487915,-2.3978500366210938,-2.051649570465088,-1.7595409154891968,-1.7538738250732422,-1.9819562435150146
2.7655227184295654,3.867603302001953,3.640232801437378,3.0057413578033447,3.349778890609741,1.962547779083252,0.3770478367805481,-1.0551332235336304,-1.7127721309661865,-1.614809513092041,-1.5338400602340698,-1.7845685482025146,-2.045117139816284,-2.0117897987365723,-1.880619764328003,-1.7498867511749268,-1.4006685018539429,-0.7083109617233276,0.04933394119143486,0.12123420834541321,-0.646726131439209,-0.9823479056358337,-0.8700998425483704,-0.8450284004211426,-1.0791598558425903,-1.362308382987976,-1.6765269041061401,-1.9786720275878906,-2.2811617851257324,-2.55527663230896,-2.6961793899536133,-2.574702024459839,-2.378596305847168,-2.6213908195495605,-3.133087635040283,-3.07157564163208,-2.1435415744781494,-1.1905947923660278,-0.9672127962112427,-1.0307875871658325,-0.9047337770462036,-0.6657069325447083,-0.5684827566146851,-0.642769455909729
3.35439395904541,6.16768741607666,5.645255088806152,4.933554172515869,4.183251857757568,4.217231750488281,3.1862635612487793,1.2767215967178345,0.025173598900437355,-0.24849793314933777,-0.4738228917121887,-0.6032493114471436,-0.7122200131416321,-0.8618136644363403,-0.5690942406654358,0.007167421281337738,0.2597139775753021,0.16247595846652985,0.20323550701141357,0.25797566771507263,0.019074132665991783,-0.03377924859523773,0.33795011043548584,0.4047475755214691,0.16416695713996887,0.08498894423246384,-0.006778822746127844,-0.22613085806369781,-0.4682478904724121,-0.785645604133606,-1.166297197341919,-1.322693109512329,-1.1120916604995728,-1.052302360534668,-1.5455188751220703,-1.891912817955017,-1.3027403354644775,-0.2810087203979492,0.2825799286365509,0.33566170930862427,0.3854495584964752,0.6157538890838623,0.756931722164154,0.7250242829322815
3.541290283203125,6.209097385406494,6.391612529754639,6.373257160186768,4.665146350860596,4.753039836883545,5.378209114074707,4.462584018707275,2.884735107421875,2.286900520324707,1.679012417793274,1.1398481130599976,0.8365610241889954,0.5795304179191589,0.6276341676712036,1.0948203802108765,1.7303175926208496,2.014324188232422,1.7028542757034302,1.095513939857483,0.6698497533798218,0.5786370635032654,0.7932482361793518,0.9525762796401978,0.9641013145446777,1.0753663778305054,1.4109773635864258,1.6582603454589844,1.6465530395507812,1.4685688018798828,1.0094677209854126,0.5031089782714844,0.3557644486427307,0.35384079813957214,0.10454115271568298,-0.21956731379032135,-0.0881374254822731,0.5506134629249573,1.1685359477996826,1.3518853187561035,1.4195709228515625,1.662683129310608,1.985772728919983,2.125849723815918
4.060751438140869,5.119114875793457,6.473786354064941,7.1437859535217285,6.349940299987793,5.971954345703125,5.854533672332764,5.916177749633789,5.486725330352783,4.886054992675781,4.127207279205322,2.7221827507019043,1.9056892395019531,2.104025363922119,2.27213716506958,2.0722265243530273,2.188662528991699,2.512157678604126,2.855257511138916,2.730623483657837,2.287480592727661,1.9175299406051636,1.7786351442337036,1.6879818439483643,1.5912632942199707,1.6745226383209229,2.0695745944976807,2.789271354675293,3.3947010040283203,3.5849719047546387,3.316889524459839,2.846855640411377,2.460293769836426,2.1118428707122803,1.6743601560592651,1.2994590997695923,1.2771923542022705,1.6503984928131104,2.149580717086792,2.4082744121551514,2.482205390930176,2.554821252822876,2.835181474685669,3.12656307220459
4.9054036140441895,6.492366790771484,7.5636067390441895,8.078434944152832,8.496609687805176,8.158751487731934,6.84071159362793,6.185726165771484,6.210322856903076,6.115528106689453,5.830997467041016,4.705111503601074,3.706550359725952,3.089221477508545,2.931743621826172,3.1944637298583984,3.4746816158294678,3.067077875137329,2.605168104171753,2.912095069885254,3.2289774417877197,3.4261019229888916,3.3388633728027344,2.983781099319458,2.594935894012451,2.446104049682617,2.648690938949585,3.2308509349823,4.034915924072266,4.750183582305908,5.037348747253418,4.8980231285095215,4.693673610687256,4.497994422912598,3.988901138305664,3.203465461730957,2.832331657409668,2.930809259414673,3.218642473220825,3.516993284225464,3.6560771465301514,3.7130799293518066,3.7918920516967773,3.895108699798584
6.170670986175537,7.761247634887695,8.572864532470703,9.04279613494873,10.002360343933105,9.934968948364258,8.40422534942627,7.092081546783447,7.007930278778076,7.142046928405762,7.028395652770996,6.597651958465576,5.893600940704346,5.373403072357178,5.269947528839111,5.748836040496826,5.242808818817139,4.199159145355225,3.38321590423584,3.1783218383789062,3.5044004917144775,3.905285120010376,4.14233922958374,4.192698001861572,4.033021926879883,3.7787017822265625,3.7458741664886475,4.06082820892334,4.602003574371338,5.189538478851318,5.691473960876465,6.098628520965576,6.379940032958984,6.428557872772217,6.221968650817871,5.611584186553955,4.972579479217529,4.594266414642334,4.492713451385498,4.611286640167236,4.744937896728516,4.800736427307129,4.843257904052734,4.820532321929932
7.655895709991455,8.566734313964844,9.085783004760742,9.680750846862793,10.9536714553833,11.24475383758545,10.295974731445312,9.154683113098145,8.73868465423584,8.974396705627441,9.082412719726562,8.504663467407227,7.654064655303955,7.340268135070801,7.720424652099609,8.15767765045166,8.094949722290039,7.05789852142334,6.005414962768555,5.745050430297852,5.7861480712890625,5.66595983505249,5.541867733001709,5.723966598510742,5.665249824523926,5.456493377685547,5.658376216888428,5.833460807800293,5.951000213623047,6.232313632965088,6.432912349700928,6.685878276824951,7.115257263183594,7.4536848068237305,7.435622215270996,7.1953630447387695,6.885216236114502,6.566640377044678,6.181282997131348,5.957258701324463,6.067696571350098,6.051624298095703,5.991237163543701,5.875278472900391
9.474418640136719,10.057697296142578,10.2099027633667,11.008708953857422,12.465764999389648,12.788667678833008,12.110424041748047,11.456244468688965,11.070180892944336,11.02890682220459,11.128408432006836,10.642288208007812,9.636408805847168,9.022326469421387,9.064455032348633,9.311783790588379,9.427579879760742,9.526357650756836,9.86818790435791,10.177672386169434,10.017895698547363,9.604415893554688,9.338878631591797,9.02684211730957,8.346602439880371,7.600087642669678,7.692680358886719,8.018362998962402,8.114879608154297,8.014260292053223,7.754015922546387,7.651312351226807,7.880737781524658,8.145689964294434,8.054423332214355,7.887594223022461,7.8573737144470215,7.886610507965088,7.7646918296813965,7.578531742095947,7.574197769165039,7.545543193817139,7.3898186683654785,7.120867729187012
11.60403060913086,12.68881607055664,12.354639053344727,13.40417766571045,14.895602226257324,14.413886070251465,13.219871520996094,12.72225284576416,12.518449783325195,12.154038429260254,11.79866886138916,11.363479614257812,10.704906463623047,10.248608589172363,10.167337417602539,10.37083911895752,10.685626029968262,11.03296184539795,11.65470027923584,12.540082931518555,12.871813774108887,12.239639282226562,11.734715461730957,11.844374656677246,12.1149320602417,12.08383560180664,10.849023818969727,9.525031089782715,9.290213584899902,9.528970718383789,9.428877830505371,9.053196907043457,8.743693351745605,8.755036354064941,8.862064361572266,8.791069984436035,8.605836868286133,8.572218894958496,8.70412826538086,8.846918106079102,8.900369644165039,8.936665534973145,8.85969066619873,8.580082893371582
13.973814964294434,15.726702690124512,15.056513786315918,15.474202156066895,17.087608337402344,16.279254913330078,14.37494945526123,13.546823501586914,13.450189590454102,13.186192512512207,12.232086181640625,11.285655975341797,10.841015815734863,10.750147819519043,10.933174133300781,11.225584030151367,11.62903118133545,12.00078010559082,12.596541404724121,13.1546630859375,13.143036842346191,12.735612869262695,12.575217247009277,13.230570793151855,14.206786155700684,14.479642868041992,13.664413452148438,11.71107006072998,10.191023826599121,9.865801811218262,10.183052062988281,10.394359588623047,9.930129051208496,9.33014965057373,9.29316234588623,9.557893753051758,9.642095565795898,9.633743286132812,9.674819946289062,9.778203964233398,9.839744567871094,9.878349304199219,9.97547435760498,9.944275856018066
16.584625244140625,18.107648849487305,17.553451538085938,17.032663345336914,18.23822021484375,18.285280227661133,17.005504608154297,15.67204475402832,15.4102144241333,15.327680587768555,14.454110145568848,13.054038047790527,12.146931648254395,11.673026084899902,11.57752799987793,11.659585952758789,11.886337280273438,12.383293151855469,13.224115371704102,13.497479438781738,13.284467697143555,13.13100814819336,13.477150917053223,14.428776741027832,15.062121391296387,14.71143627166748,13.461790084838867,12.258143424987793,10.711708068847656,9.493043899536133,9.46572208404541,10.093806266784668,10.546680450439453,10.385190963745117,9.96557903289795,9.929802894592285,10.238478660583496,10.526217460632324,10.673958778381348,10.841938972473145,11.012677192687988,11.026580810546875,10.969322204589844,10.80706787109375
18.74825668334961,20.63981819152832,20.12811279296875,19.164478302001953,18.969234466552734,19.207035064697266,19.22577476501465,18.4180850982666,17.978195190429688,17.513818740844727,16.45181655883789,15.15078067779541,14.131898880004883,13.388534545898438,13.109484672546387,13.122955322265625,13.321972846984863,13.964739799499512,14.604583740234375,14.485859870910645,14.568285942077637,14.762733459472656,14.922426223754883,15.380180358886719,15.638473510742188,15.011606216430664,13.516125679016113,11.952095985412598,10.384082794189453,8.919471740722656,8.594409942626953,9.054080963134766,9.642303466796875,10.184600830078125,10.588011741638184,10.846237182617188,11.06741714477539,11.156549453735352,11.070101737976074,11.172407150268555,11.641526222229004,12.179576873779297,12.263162612915039,11.712796211242676
