data/wind_data/wind_54_2.json
{"header": {"parameterUnit": "KT", "parameterCategory": 2, "nx": 256, "ny": 198, "lo1": 44.73521041870117, "la1": -3.236724853515625, "lo2": 111.26478576660156, "la2": 43.468475341796875, "dx": 0.2609002888202667, "dy": -0.23708222806453705, "refTime": "2025-02-21 06:00:00", "forecastTime": 0, "parameterNumber": 2, "parameterNumberName": "eastward_wind"}, "data":
[rows 76 to 94 of 198, columns 43 to 85 of 256]
-1.0242704153060913,-2.5499234199523926,-4.3673295974731445,-5.234635353088379,-5.426331520080566,-5.403822898864746,-6.271164417266846,-7.2057204246521,-7.245938301086426,-7.424010276794434,-7.735104084014893,-7.61042594909668,-7.654670238494873,-7.401922225952148,-7.54884147644043,-8.453572273254395,-8.991974830627441,-9.735353469848633,-10.61207103729248,-11.144898414611816,-11.49632740020752,-10.822698593139648,-10.49421501159668,-10.561761856079102,-10.205629348754883,-10.34771728515625,-10.297389030456543,-10.587246894836426,-11.016199111938477,-11.568770408630371,-12.15891170501709,-12.726805686950684,-13.225142478942871,-13.6193265914917,-13.92202091217041,-14.228657722473145,-14.634858131408691,-15.132600784301758,-15.6896390914917,-16.24434471130371,-16.636396408081055,-16.63718032836914,-16.22292709350586
-1.007820963859558,-2.3449904918670654,-3.9054114818573,-4.407402515411377,-4.346747398376465,-4.406571865081787,-5.465053558349609,-6.787022113800049,-7.1226701736450195,-6.922060966491699,-7.247256755828857,-7.054011821746826,-6.813694000244141,-6.389793395996094,-6.3318586349487305,-6.988945960998535,-8.002922058105469,-9.460946083068848,-10.795796394348145,-10.280961036682129,-10.191214561462402,-10.025117874145508,-9.714756965637207,-9.782530784606934,-9.652406692504883,-9.694662094116211,-9.857734680175781,-10.23447322845459,-10.760342597961426,-11.36349868774414,-11.968791961669922,-12.525053024291992,-12.997349739074707,-13.345714569091797,-13.601645469665527,-13.902691841125488,-14.351983070373535,-14.97654914855957,-15.73661994934082,-16.457244873046875,-16.81812286376953,-16.57366943359375,-15.909000396728516
-0.7812632918357849,-2.5456244945526123,-3.660759925842285,-3.8358707427978516,-3.7318832874298096,-3.9904944896698,-5.180139064788818,-6.6073126792907715,-6.946381568908691,-6.802524566650391,-6.929973602294922,-6.5626678466796875,-6.004213333129883,-5.520996570587158,-5.180535793304443,-5.985163688659668,-7.586318016052246,-8.98847484588623,-9.831930160522461,-9.47237777709961,-9.0482177734375,-9.189042091369629,-8.973896980285645,-9.08775806427002,-9.11597728729248,-9.239048957824707,-9.475337982177734,-9.90816879272461,-10.4786376953125,-11.105226516723633,-11.702513694763184,-12.23337459564209,-12.689249992370605,-13.02135944366455,-13.258440971374512,-13.572678565979004,-14.112456321716309,-14.88929557800293,-15.794159889221191,-16.54095458984375,-16.762176513671875,-16.37922477722168,-15.725332260131836
-0.554053783416748,-2.6103222370147705,-3.3407154083251953,-3.6512374877929688,-3.71482515335083,-4.193946361541748,-5.285734176635742,-6.3254313468933105,-6.400427341461182,-6.478679180145264,-6.590813159942627,-6.146121501922607,-5.362857341766357,-4.729518890380859,-4.408689022064209,-5.356151103973389,-7.011416912078857,-8.399249076843262,-8.467756271362305,-8.35873031616211,-8.1836519241333,-8.227495193481445,-8.272838592529297,-8.460312843322754,-8.646681785583496,-8.85483455657959,-9.119922637939453,-9.5267333984375,-10.065613746643066,-10.66871452331543,-11.26443099975586,-11.826071739196777,-12.320754051208496,-12.700178146362305,-13.006665229797363,-13.402654647827148,-14.01718807220459,-14.847185134887695,-15.714580535888672,-16.318517684936523,-16.385419845581055,-16.013113021850586,-15.505861282348633
-0.43957093358039856,-2.388974189758301,-2.8475401401519775,-3.235175132751465,-3.973210334777832,-4.5388970375061035,-5.256987571716309,-5.892996788024902,-5.636310577392578,-5.798518180847168,-6.03098726272583,-5.420626163482666,-4.661121845245361,-4.164355278015137,-4.125572204589844,-5.0564165115356445,-6.375772476196289,-7.432209014892578,-7.383664131164551,-7.176968097686768,-7.282443046569824,-7.282198429107666,-7.494599342346191,-7.791550159454346,-8.139341354370117,-8.445281028747559,-8.728023529052734,-9.080217361450195,-9.547348022460938,-10.112716674804688,-10.715320587158203,-11.318657875061035,-11.869901657104492,-12.333492279052734,-12.773087501525879,-13.311666488647461,-13.994330406188965,-14.762487411499023,-15.451016426086426,-15.836295127868652,-15.805058479309082,-15.503925323486328,-15.154281616210938
-0.36488276720046997,-1.455633282661438,-2.467844009399414,-2.690436363220215,-3.893627405166626,-4.661165237426758,-4.920590400695801,-5.229018688201904,-4.956149578094482,-4.913294792175293,-5.209492206573486,-4.617701053619385,-4.037386894226074,-3.802912950515747,-4.049972057342529,-4.832052230834961,-5.918406963348389,-6.358529567718506,-6.27724552154541,-6.235952377319336,-6.335742950439453,-6.401337146759033,-6.65125036239624,-7.0269365310668945,-7.489280700683594,-7.8934197425842285,-8.224912643432617,-8.556625366210938,-8.972649574279785,-9.515668869018555,-10.140891075134277,-10.775827407836914,-11.369401931762695,-11.909242630004883,-12.447598457336426,-13.076142311096191,-13.791093826293945,-14.49044132232666,-15.01021671295166,-15.229076385498047,-15.12824535369873,-14.88174819946289,-14.68637466430664
-0.7209338545799255,-0.9461647272109985,-1.9056366682052612,-2.608452081680298,-3.4157044887542725,-4.268874645233154,-4.4629292488098145,-4.810251712799072,-4.334730625152588,-4.162667751312256,-4.440454483032227,-4.074925899505615,-3.58998441696167,-3.5395047664642334,-3.947021245956421,-4.559631824493408,-5.312887191772461,-5.396568775177002,-5.280049800872803,-5.431000232696533,-5.500341415405273,-5.596229076385498,-5.810500144958496,-6.215238571166992,-6.733681678771973,-7.203945636749268,-7.578296184539795,-7.906641960144043,-8.310659408569336,-8.86441421508789,-9.525619506835938,-10.2123441696167,-10.85964584350586,-11.44192123413086,-11.98529052734375,-12.577561378479004,-13.244489669799805,-13.88341236114502,-14.341381072998047,-14.493322372436523,-14.368139266967773,-14.182853698730469,-14.149544715881348
-1.0443153381347656,-1.0991257429122925,-1.499666452407837,-2.762629985809326,-3.110708475112915,-3.757882833480835,-4.088702201843262,-4.414525032043457,-3.9466476440429688,-3.6245245933532715,-3.914045572280884,-3.793154239654541,-3.407829999923706,-3.453326940536499,-3.8416943550109863,-4.385600566864014,-4.537164211273193,-4.441587448120117,-4.487448692321777,-4.70703125,-4.830758571624756,-4.921987056732178,-5.095652103424072,-5.471443176269531,-5.995944499969482,-6.504299640655518,-6.8987812995910645,-7.195785999298096,-7.552263259887695,-8.100662231445312,-8.80957317352295,-9.583514213562012,-10.303855895996094,-10.887866020202637,-11.360431671142578,-11.841676712036133,-12.389159202575684,-12.943357467651367,-13.369977951049805,-13.537421226501465,-13.469549179077148,-13.406200408935547,-13.51895523071289
-1.1321512460708618,-1.551171898841858,-1.5416250228881836,-3.0540482997894287,-2.97760272026062,-3.0662028789520264,-3.5874271392822266,-4.1168131828308105,-3.8002758026123047,-3.1197776794433594,-3.539086103439331,-3.605013608932495,-3.4209024906158447,-3.562089204788208,-3.8512439727783203,-3.9164185523986816,-3.751429557800293,-3.6004278659820557,-3.8093013763427734,-4.094978332519531,-4.316558361053467,-4.424144744873047,-4.575099468231201,-4.906813144683838,-5.3957438468933105,-5.896492004394531,-6.279536247253418,-6.508852481842041,-6.75565242767334,-7.230431079864502,-7.969741344451904,-8.836076736450195,-9.60706901550293,-10.163763999938965,-10.578543663024902,-10.972434043884277,-11.399121284484863,-11.84792423248291,-12.220926284790039,-12.40839958190918,-12.440465927124023,-12.535414695739746,-12.808735847473145
-0.9024081230163574,-1.5749748945236206,-1.8072843551635742,-3.020916700363159,-2.9670379161834717,-2.3032734394073486,-3.142024040222168,-3.6098053455352783,-3.477867364883423,-2.7165160179138184,-3.2297279834747314,-3.388470411300659,-3.414809226989746,-3.543931722640991,-3.475085496902466,-3.240236520767212,-2.9818766117095947,-2.9225027561187744,-3.2046597003936768,-3.582449436187744,-3.8863816261291504,-4.033703327178955,-4.186585426330566,-4.490285873413086,-4.954978942871094,-5.446637153625488,-5.798465251922607,-5.952513694763184,-6.07130765914917,-6.410426139831543,-7.100135803222656,-7.984375,-8.752159118652344,-9.279391288757324,-9.674363136291504,-10.033760070800781,-10.381620407104492,-10.737896919250488,-11.047696113586426,-11.240720748901367,-11.378308296203613,-11.655291557312012,-12.102845191955566
-0.338615357875824,-1.062252163887024,-1.3280583620071411,-2.2110555171966553,-2.7295076847076416,-1.7460485696792603,-2.4880123138427734,-3.3421311378479004,-2.729950189590454,-2.5771572589874268,-2.892484188079834,-3.0941617488861084,-3.219783306121826,-2.9460766315460205,-2.7001335620880127,-2.4566831588745117,-2.2550344467163086,-2.318876266479492,-2.670334815979004,-3.1247777938842773,-3.4538686275482178,-3.6185083389282227,-3.810882329940796,-4.152279376983643,-4.646995544433594,-5.170904636383057,-5.508742332458496,-5.589167594909668,-5.587673187255859,-5.780490398406982,-6.333987712860107,-7.126757621765137,-7.84690523147583,-8.350961685180664,-8.732479095458984,-9.071269035339355,-9.362191200256348,-9.635466575622559,-9.886961936950684,-10.099538803100586,-10.357894897460938,-10.805900573730469,-11.424559593200684
0.5933001041412354,-0.14131736755371094,-0.3250976502895355,-0.8043482899665833,-1.6691120862960815,-0.9788597822189331,-1.6600347757339478,-3.1938657760620117,-2.2673609256744385,-2.5159718990325928,-2.638326644897461,-2.7110819816589355,-2.3729333877563477,-2.0496115684509277,-1.8419145345687866,-1.6729447841644287,-1.5868905782699585,-1.7518600225448608,-2.1781747341156006,-2.6536171436309814,-2.954202890396118,-3.1357011795043945,-3.3984413146972656,-3.847118377685547,-4.424010753631592,-4.9968647956848145,-5.317814350128174,-5.3269195556640625,-5.242835998535156,-5.3324079513549805,-5.738039016723633,-6.366943359375,-6.982771873474121,-7.4503865242004395,-7.813955783843994,-8.133573532104492,-8.383456230163574,-8.574088096618652,-8.747405052185059,-8.979578971862793,-9.357132911682129,-9.93351936340332,-10.686997413635254
1.7817295789718628,1.0154995918273926,0.994188666343689,0.6687378883361816,-0.18200749158859253,-0.16548316180706024,-1.0153007507324219,-3.450200080871582,-2.3391664028167725,-2.448434591293335,-2.1387295722961426,-1.7432554960250854,-1.3786547183990479,-1.2278971672058105,-1.126649260520935,-1.0424872636795044,-1.0504043102264404,-1.297734022140503,-1.7406537532806396,-2.150700330734253,-2.3893213272094727,-2.6062870025634766,-2.9974427223205566,-3.5797922611236572,-4.24446964263916,-4.8142876625061035,-5.080918788909912,-5.057694435119629,-4.9663405418396,-5.018640995025635,-5.304226875305176,-5.747783184051514,-6.206032752990723,-6.618844985961914,-6.981268405914307,-7.261020183563232,-7.453688621520996,-7.565993785858154,-7.650784015655518,-7.89418888092041,-8.36550235748291,-8.99443244934082,-9.762907028198242
3.130795955657959,2.2822864055633545,2.460155963897705,2.1092817783355713,1.069159984588623,0.36322882771492004,-1.1528021097183228,-3.5182957649230957,-2.773444890975952,-1.9927263259887695,-0.920367419719696,-0.6274866461753845,-0.5079680681228638,-0.5807390213012695,-0.6106681227684021,-0.6286683678627014,-0.7251813411712646,-1.0229003429412842,-1.4196968078613281,-1.7074867486953735,-1.8585789203643799,-2.1174445152282715,-2.6507792472839355,-3.3492305278778076,-4.047049522399902,-4.547125339508057,-4.756281852722168,-4.765388488769531,-4.717260837554932,-4.756618022918701,-4.95138692855835,-5.253783226013184,-5.6222429275512695,-6.031153678894043,-6.376394271850586,-6.540569305419922,-6.5743842124938965,-6.5530619621276855,-6.580941200256348,-6.879651069641113,-7.442995071411133,-8.059768676757812,-8.738689422607422
4.632497310638428,3.6630098819732666,3.8135197162628174,3.3450474739074707,1.9176665544509888,0.7142422795295715,-1.2829736471176147,-3.29461669921875,-2.9782657623291016,-0.7180741429328918,-0.15711061656475067,0.3401099443435669,0.21636083722114563,0.01786661706864834,-0.2051112800836563,-0.34454357624053955,-0.5652356743812561,-0.9114556908607483,-1.2490382194519043,-1.4026916027069092,-1.4767224788665771,-1.7668037414550781,-2.373171329498291,-3.1092803478240967,-3.766411304473877,-4.196972370147705,-4.401126861572266,-4.45810604095459,-4.433308124542236,-4.447985649108887,-4.585710525512695,-4.866120338439941,-5.297977447509766,-5.7672224044799805,-6.024068355560303,-5.971771717071533,-5.744408130645752,-5.537256240844727,-5.559311866760254,-5.976328372955322,-6.651840686798096,-7.293015003204346,-7.887855529785156
6.27299690246582,5.2216315269470215,5.064781188964844,4.290705680847168,2.434723377227783,0.8760145306587219,-1.3200236558914185,-3.1334736347198486,-2.587005853652954,-0.21864017844200134,0.5396779179573059,1.0686177015304565,0.9033770561218262,0.5557289719581604,0.27563342452049255,-0.029361926019191742,-0.4015601873397827,-0.8166624903678894,-1.1155970096588135,-1.179062008857727,-1.2201976776123047,-1.5304700136184692,-2.1033833026885986,-2.7771737575531006,-3.363417148590088,-3.78861927986145,-4.044545650482178,-4.12092399597168,-4.065129280090332,-4.034956455230713,-4.149709701538086,-4.500823020935059,-5.0518269538879395,-5.522555828094482,-5.626227855682373,-5.357082366943359,-4.931421279907227,-4.646754264831543,-4.745512962341309,-5.297770977020264,-6.097689628601074,-6.838881492614746,-7.439009666442871
7.792268753051758,6.820828914642334,6.400327682495117,5.223638534545898,2.745070219039917,0.7687445878982544,-1.6518807411193848,-3.1977779865264893,-1.6764130592346191,-0.10640337318181992,1.764172077178955,1.365635633468628,1.372815728187561,1.2450084686279297,0.866766095161438,0.41064348816871643,-0.09890951961278915,-0.5662663578987122,-0.8249197602272034,-0.8491153717041016,-0.9291052222251892,-1.240240216255188,-1.7279407978057861,-2.3059802055358887,-2.859889268875122,-3.328031539916992,-3.6077752113342285,-3.6401705741882324,-3.546997308731079,-3.471405506134033,-3.561828374862671,-3.980376958847046,-4.591549396514893,-4.996235370635986,-4.977843761444092,-4.62720251083374,-4.21199369430542,-4.054495334625244,-4.339142322540283,-5.045620441436768,-5.93675422668457,-6.739035129547119,-7.334389686584473
9.035588264465332,8.282581329345703,7.690008163452148,5.981925964355469,3.022287607192993,0.6637393236160278,-1.4465057849884033,-2.034780263900757,-0.9201054573059082,0.8207820057868958,1.1814758777618408,1.6901640892028809,1.9985263347625732,1.8828290700912476,1.5522431135177612,0.9693965911865234,0.3732087314128876,-0.06813538819551468,-0.25794482231140137,-0.30423402786254883,-0.48641857504844666,-0.7744093537330627,-1.1759718656539917,-1.734091877937317,-2.340954303741455,-2.825063943862915,-3.0142104625701904,-2.9469287395477295,-2.8270950317382812,-2.7212843894958496,-2.7978172302246094,-3.2539749145507812,-3.890927791595459,-4.267109394073486,-4.236595153808594,-3.9818456172943115,-3.765394687652588,-3.861145257949829,-4.3926496505737305,-5.288365840911865,-6.22681188583374,-6.949798107147217,-7.399349212646484
10.058450698852539,9.458694458007812,8.577240943908691,6.146069526672363,2.971938133239746,0.6431303024291992,-0.3190380036830902,0.013605786487460136,-0.004410904832184315,0.5640586614608765,0.24556054174900055,2.1902053356170654,2.5691001415252686,2.7140777111053467,2.1959445476531982,1.5651403665542603,1.0247596502304077,0.6772013306617737,0.5415013432502747,0.38376712799072266,0.09240000694990158,-0.15303845703601837,-0.5233498811721802,-1.16828191280365,-1.8687310218811035,-2.2956836223602295,-2.334827184677124,-2.1909286975860596,-2.018376588821411,-1.8841547966003418,-1.988540530204773,-2.5215413570404053,-3.2112631797790527,-3.631901979446411,-3.7199316024780273,-3.647761344909668,-3.692316770553589,-4.070569038391113,-4.849637985229492,-5.8916916847229,-6.821805953979492,-7.43128776550293,-7.701879501342773
