data/wind_data/wind_46_3.json
{"header": {"parameterUnit": "KT", "parameterCategory": 2, "nx": 256, "ny": 198, "lo1": 44.73521041870117, "la1": -3.236724853515625, "lo2": 111.26478576660156, "la2": 43.468475341796875, "dx": 0.2609002888202667, "dy": -0.23708222806453705, "refTime": "2025-02-20 22:00:00", "forecastTime": 0, "parameterNumber": 2, "parameterNumberName": "eastward_wind"}, "data":
[rows 95 to 113 of 198, columns 44 to 87 of 256]
11.5079927444458,11.450977325439453,12.00096607208252,12.689410209655762,13.198003768920898,13.220251083374023,12.525840759277344,11.42940902709961,10.544971466064453,10.311909675598145,10.431794166564941,10.186361312866211,9.531302452087402,8.98022747039795,8.779678344726562,8.909687042236328,9.1912841796875,9.229865074157715,8.794944763183594,8.245723724365234,7.95405912399292,7.830066204071045,7.579970359802246,7.167438983917236,6.681088447570801,6.2148284912109375,5.799933433532715,5.372523784637451,4.898703575134277,4.458240032196045,4.229935169219971,4.2734503746032715,4.501189708709717,4.762034893035889,4.933835506439209,4.922117233276367,4.657863140106201,4.191153526306152,3.742866039276123,3.4942593574523926,3.4918673038482666,3.663922071456909,3.9407601356506348,4.290536403656006
12.09323501586914,12.155376434326172,12.67021656036377,13.213927268981934,13.382173538208008,13.060836791992188,12.148125648498535,11.104389190673828,10.41132926940918,10.435258865356445,10.7913179397583,10.746253967285156,10.122800827026367,9.56037712097168,9.41584587097168,9.535909652709961,9.609601020812988,9.240852355957031,8.535901069641113,8.001936912536621,7.795331954956055,7.603758811950684,7.236873626708984,6.77844762802124,6.326076507568359,5.968771934509277,5.688900470733643,5.3838911056518555,4.998411178588867,4.639283180236816,4.4997429847717285,4.61129093170166,4.835876941680908,5.023529052734375,5.0731611251831055,4.937532901763916,4.604572772979736,4.140625,3.7333760261535645,3.5611581802368164,3.6556830406188965,3.938519239425659,4.32452917098999,4.719836235046387
13.485849380493164,13.127457618713379,12.932900428771973,12.847137451171875,12.561725616455078,12.129390716552734,11.41203498840332,10.821076393127441,10.555704116821289,10.736112594604492,11.269487380981445,11.381912231445312,10.774474143981934,10.198680877685547,10.027143478393555,9.973945617675781,9.720078468322754,9.0778226852417,8.32155704498291,7.845332145690918,7.574482440948486,7.191226959228516,6.738958835601807,6.315094470977783,5.933374881744385,5.6549835205078125,5.454865455627441,5.2455644607543945,4.993017196655273,4.801277160644531,4.819410800933838,5.030729293823242,5.288090229034424,5.4727654457092285,5.5095343589782715,5.367080211639404,5.034801006317139,4.615258693695068,4.284680366516113,4.173625469207764,4.268817901611328,4.507169246673584,4.806426525115967,5.05997371673584
14.40354061126709,13.574772834777832,12.791558265686035,12.22799015045166,11.77762508392334,11.56923770904541,11.295541763305664,11.128121376037598,11.17370319366455,11.571423530578613,12.312041282653809,12.424296379089355,11.671090126037598,10.75252628326416,10.04769515991211,9.688658714294434,9.356653213500977,8.829855918884277,8.244085311889648,7.780392169952393,7.267733097076416,6.658849716186523,6.219344615936279,5.908603668212891,5.613328456878662,5.362794399261475,5.1797099113464355,5.055915355682373,4.948663234710693,4.921767234802246,5.098898887634277,5.4398040771484375,5.772179126739502,5.982819557189941,6.043348789215088,5.927314758300781,5.637731552124023,5.2764482498168945,4.975630283355713,4.812878608703613,4.776218891143799,4.816259384155273,4.880178451538086,4.9386491775512695
14.343636512756348,13.343284606933594,12.797844886779785,12.44709587097168,12.063627243041992,12.080018997192383,12.347562789916992,12.346200942993164,12.123566627502441,12.157782554626465,12.915818214416504,13.576062202453613,13.33189868927002,11.859034538269043,10.19028091430664,9.353894233703613,9.029150009155273,8.638286590576172,8.10710334777832,7.457086086273193,6.706680774688721,6.127350807189941,5.856988906860352,5.619624137878418,5.344552040100098,5.107353210449219,5.031530857086182,5.0989990234375,5.15889310836792,5.276605129241943,5.5898284912109375,5.987422943115234,6.2513275146484375,6.3261189460754395,6.335879802703857,6.310047149658203,6.161421775817871,5.905593395233154,5.608040809631348,5.294426918029785,4.99090051651001,4.756119728088379,4.625397205352783,4.639101505279541
14.081130027770996,13.129904747009277,13.193978309631348,13.428256034851074,13.315305709838867,13.420245170593262,13.837385177612305,13.721055030822754,12.97473430633545,12.854991912841797,13.870034217834473,14.958422660827637,14.560566902160645,12.145072937011719,10.172754287719727,9.664139747619629,9.54234790802002,8.849493026733398,7.723565578460693,6.727640151977539,6.053895473480225,5.726128101348877,5.545657634735107,5.326412200927734,5.129696846008301,5.0525593757629395,5.224104881286621,5.504960536956787,5.724803924560547,5.974364280700684,6.378868579864502,6.801980972290039,6.9837565422058105,6.89990758895874,6.726239204406738,6.652247428894043,6.6547627449035645,6.614823818206787,6.414527416229248,6.033454895019531,5.571278095245361,5.142183303833008,4.881418228149414,4.926792144775391
14.515532493591309,13.97900676727295,14.496548652648926,15.211481094360352,15.697245597839355,16.254531860351562,16.62668800354004,16.244943618774414,15.15744686126709,14.307290077209473,15.062952041625977,15.954989433288574,14.136134147644043,11.224796295166016,10.159828186035156,10.670479774475098,10.618623733520508,9.246806144714355,7.4541239738464355,6.292448043823242,5.793454170227051,5.620373249053955,5.50140380859375,5.404294967651367,5.362196445465088,5.470445156097412,5.806448459625244,6.2191290855407715,6.582603931427002,6.9962944984436035,7.505245685577393,7.943592548370361,8.11795425415039,8.02686595916748,7.7807230949401855,7.542717456817627,7.444264888763428,7.444407939910889,7.352952480316162,7.059158802032471,6.5977559089660645,6.099104881286621,5.799674987792969,5.923207759857178
15.427774429321289,15.71103572845459,16.75952911376953,18.33636474609375,19.61458969116211,20.21901512145996,20.457029342651367,19.501012802124023,17.516813278198242,15.475946426391602,14.262391090393066,12.486003875732422,10.321752548217773,11.112629890441895,10.898432731628418,11.040207862854004,10.465719223022461,8.924333572387695,7.244208812713623,6.1977081298828125,5.8311333656311035,5.827576160430908,5.900701999664307,5.961040019989014,6.026169300079346,6.231836795806885,6.658874034881592,7.1786322593688965,7.688382625579834,8.244280815124512,8.81106185913086,9.23261833190918,9.407889366149902,9.327729225158691,9.091226577758789,8.877645492553711,8.789071083068848,8.7323579788208,8.58303165435791,8.272807121276855,7.80797004699707,7.379058837890625,7.265288829803467,7.607223033905029
16.422101974487305,17.538978576660156,19.367238998413086,22.568330764770508,25.848207473754883,27.026294708251953,24.79592514038086,20.18211555480957,16.42272186279297,12.938669204711914,9.627628326416016,6.906370639801025,8.58906364440918,9.966458320617676,9.80342960357666,9.697134971618652,8.969345092773438,7.770720958709717,6.608006477355957,5.915395259857178,5.819227695465088,6.063729763031006,6.332205772399902,6.5091471672058105,6.688602447509766,7.044558048248291,7.585542678833008,8.16364574432373,8.762674331665039,9.427251815795898,10.045347213745117,10.477299690246582,10.665275573730469,10.598158836364746,10.392160415649414,10.281407356262207,10.286026000976562,10.221037864685059,9.996355056762695,9.568933486938477,9.02331829071045,8.710938453674316,8.960028648376465,9.67830753326416
17.6468563079834,19.770675659179688,22.67860221862793,26.912647247314453,28.69322967529297,24.013141632080078,18.018722534179688,13.868345260620117,11.655191421508789,10.031513214111328,7.073561668395996,6.985263347625732,8.968961715698242,8.61316204071045,8.325963020324707,8.375049591064453,7.845556735992432,6.993399143218994,6.15388298034668,5.690915584564209,5.765304088592529,6.132528305053711,6.542696475982666,6.95928430557251,7.482985019683838,8.121771812438965,8.723989486694336,9.266074180603027,9.904864311218262,10.648368835449219,11.309159278869629,11.738933563232422,11.901532173156738,11.853964805603027,11.754548072814941,11.77852725982666,11.846718788146973,11.781000137329102,11.5003662109375,10.932368278503418,10.300206184387207,10.149179458618164,10.778980255126953,11.82889461517334
20.164600372314453,23.59697723388672,27.290996551513672,27.093332290649414,22.066551208496094,16.816322326660156,14.842162132263184,14.200034141540527,12.560456275939941,10.501328468322754,8.140951156616211,8.850412368774414,8.571844100952148,7.697241306304932,7.688469409942627,7.8819661140441895,7.754401683807373,7.335322380065918,6.73175573348999,6.240563869476318,6.140148162841797,6.400137424468994,6.90004301071167,7.593519687652588,8.411494255065918,9.188138008117676,9.84283447265625,10.523956298828125,11.324639320373535,12.14069652557373,12.755571365356445,13.020781517028809,13.00985050201416,12.924516677856445,12.957297325134277,13.149185180664062,13.32040786743164,13.325474739074707,13.086478233337402,12.526837348937988,11.993436813354492,12.057685852050781,12.859640121459961,13.934955596923828
23.36088752746582,27.91118812561035,27.019426345825195,21.515888214111328,18.168970108032227,16.546607971191406,15.968017578125,15.691276550292969,14.518986701965332,12.620525360107422,11.17055606842041,10.40310001373291,9.407830238342285,8.725550651550293,8.536666870117188,8.604159355163574,8.763693809509277,8.685892105102539,8.225810050964355,7.602444648742676,7.264710426330566,7.4983439445495605,8.155957221984863,8.881317138671875,9.505934715270996,10.162781715393066,11.014154434204102,12.03172492980957,13.038385391235352,13.842991828918457,14.230077743530273,14.139535903930664,13.792108535766602,13.479998588562012,13.440135955810547,13.681925773620605,14.020345687866211,14.254926681518555,14.329806327819824,14.28071117401123,14.331891059875488,14.711922645568848,15.396939277648926,16.014007568359375
25.795269012451172,25.917247772216797,21.929946899414062,19.094772338867188,18.396047592163086,18.413833618164062,18.057519912719727,17.184213638305664,15.783891677856445,14.089937210083008,12.747339248657227,11.932706832885742,11.27090835571289,10.707725524902344,10.307616233825684,10.251521110534668,10.527276039123535,10.63368034362793,10.17758560180664,9.468348503112793,9.19225025177002,9.58615779876709,10.103683471679688,10.426101684570312,10.808850288391113,11.52954387664795,12.574767112731934,13.705728530883789,14.629097938537598,15.129950523376465,15.118003845214844,14.6469144821167,13.968925476074219,13.397676467895508,13.222110748291016,13.478568077087402,13.965917587280273,14.438746452331543,14.846489906311035,15.3540678024292,16.11971664428711,17.080318450927734,17.883272171020508,18.1098575592041
24.629674911499023,23.555816650390625,21.17684555053711,20.181060791015625,20.077598571777344,19.881486892700195,19.31296730041504,18.175687789916992,16.48748207092285,14.787056922912598,13.725300788879395,13.269319534301758,12.885355949401855,12.31448745727539,11.748319625854492,11.747599601745605,12.199596405029297,12.36992073059082,11.909631729125977,11.303930282592773,11.198718070983887,11.488631248474121,11.751476287841797,12.055828094482422,12.609819412231445,13.380939483642578,14.216540336608887,14.912405014038086,15.29597282409668,15.368192672729492,15.166050910949707,14.659448623657227,14.00306510925293,13.576054573059082,13.67075252532959,14.180147171020508,14.810863494873047,15.400625228881836,15.852682113647461,16.259353637695312,16.810441970825195,17.73040771484375,18.904701232910156,19.5429744720459
23.312158584594727,24.240394592285156,22.97106170654297,21.994342803955078,21.31572723388672,20.515304565429688,19.73464012145996,18.749834060668945,17.22357177734375,15.432796478271484,14.094281196594238,13.283234596252441,12.788422584533691,12.462507247924805,12.521446228027344,13.049351692199707,13.47183609008789,13.434074401855469,13.054762840270996,12.687235832214355,12.618117332458496,12.837604522705078,13.32512378692627,14.082877159118652,14.888662338256836,15.358428001403809,15.353861808776855,15.204503059387207,15.306023597717285,15.670000076293945,15.779387474060059,15.27828598022461,14.554319381713867,14.32731819152832,14.846574783325195,15.726838111877441,16.519485473632812,17.12213134765625,17.53289031982422,17.716350555419922,17.263900756835938,17.299701690673828,19.26713752746582,20.67107391357422
23.452817916870117,24.482654571533203,23.559226989746094,22.751285552978516,21.908367156982422,20.807262420654297,19.846834182739258,18.908767700195312,17.514530181884766,15.679670333862305,13.879509925842285,12.468608856201172,11.691988945007324,11.85820484161377,12.799861907958984,13.50216007232666,13.471108436584473,13.150968551635742,13.033710479736328,13.191542625427246,13.470719337463379,13.913592338562012,14.625144004821777,15.542847633361816,16.27482032775879,16.3676700592041,15.899894714355469,15.664109230041504,16.0528507232666,16.452619552612305,16.19508171081543,15.232858657836914,14.50886058807373,14.760601997375488,15.614277839660645,16.420827865600586,17.18368148803711,17.853172302246094,18.617563247680664,18.872669219970703,17.768625259399414,17.777385711669922,19.92540740966797,20.206050872802734
22.40237045288086,23.964340209960938,23.175031661987305,22.47406005859375,21.747644424438477,20.74401092529297,19.865476608276367,19.089879989624023,17.79356575012207,15.506460189819336,12.585145950317383,10.129878997802734,9.28796100616455,10.098003387451172,11.452451705932617,12.210763931274414,12.245144844055176,12.182421684265137,12.331221580505371,12.724474906921387,13.297453880310059,14.0735502243042,15.1038236618042,16.159456253051758,16.840682983398438,16.863723754882812,16.61199951171875,16.73700714111328,17.077455520629883,17.155988693237305,16.749853134155273,16.22402572631836,16.337575912475586,17.073396682739258,17.776710510253906,18.153474807739258,18.276260375976562,18.589679718017578,19.428794860839844,19.48343849182129,18.84670066833496,18.664051055908203,19.35563850402832,20.263578414916992
20.58535385131836,23.1937255859375,22.76438331604004,22.014068603515625,21.636390686035156,21.267873764038086,20.855077743530273,20.48755645751953,19.5997371673584,17.7607364654541,14.559913635253906,10.599008560180664,8.238897323608398,8.483779907226562,9.856605529785156,10.998394966125488,11.68074893951416,12.263490676879883,12.891826629638672,13.209152221679688,13.369178771972656,14.31359577178955,15.97620964050293,17.60383415222168,18.57162857055664,18.668289184570312,18.718679428100586,19.25065040588379,19.76770782470703,20.13824462890625,20.243404388427734,20.149551391601562,20.47098731994629,21.314613342285156,22.12583351135254,22.38452911376953,21.097652435302734,19.846288681030273,20.077783584594727,20.08767318725586,20.295612335205078,21.1788330078125,22.921117782592773,24.176542282104492
17.881080627441406,22.263940811157227,21.785696029663086,20.52505111694336,20.376733779907227,20.44371223449707,20.467967987060547,20.482906341552734,19.860349655151367,18.185537338256836,15.477041244506836,12.027137756347656,9.518213272094727,9.033713340759277,9.49311351776123,10.414069175720215,11.801877975463867,13.31393814086914,14.512434005737305,14.792658805847168,14.660283088684082,15.424903869628906,17.06180191040039,18.782485961914062,20.004167556762695,20.257280349731445,20.404319763183594,21.296958923339844,22.594152450561523,23.610807418823242,23.750904083251953,23.255502700805664,23.347625732421875,24.295391082763672,25.18458366394043,24.853317260742188,22.56793212890625,20.486108779907227,20.097347259521484,20.297744750976562,21.370433807373047,23.174144744873047,25.134355545043945,25.290555953979492
