data/wind_data/wind_12_2.json
{"header": {"parameterUnit": "KT", "parameterCategory": 2, "nx": 256, "ny": 198, "lo1": 44.73521041870117, "la1": -3.236724853515625, "lo2": 111.26478576660156, "la2": 43.468475341796875, "dx": 0.2609002888202667, "dy": -0.23708222806453705, "refTime": "2025-02-19 12:00:00", "forecastTime": 0, "parameterNumber": 2, "parameterNumberName": "eastward_wind"}, "data":
[rows 95 to 113 of 198, columns 43 to 85 of 256]
1.7926238775253296,3.2990076541900635,4.080782413482666,5.1428093910217285,5.659095764160156,6.033204078674316,6.3183064460754395,6.277595520019531,6.708001136779785,6.783167362213135,6.894373416900635,6.374939441680908,9.616625785827637,8.203839302062988,6.894444942474365,6.023849964141846,5.726257801055908,6.0335373878479,6.546443939208984,7.096032619476318,7.673677444458008,8.127969741821289,8.273372650146484,8.105944633483887,7.712908744812012,7.151406764984131,6.5416340827941895,6.099757671356201,5.995214462280273,6.121744155883789,6.2523274421691895,6.128662586212158,5.630873680114746,4.974470615386963,4.430193901062012,4.103277206420898,3.848351240158081,3.655189037322998,3.656754970550537,3.782569408416748,3.8616983890533447,3.655639886856079,3.529423475265503
0.9258052706718445,2.1598665714263916,3.413374662399292,4.998817443847656,5.792613983154297,6.421019554138184,6.841473579406738,7.32765531539917,7.73975944519043,8.284496307373047,8.206318855285645,7.751659870147705,6.469755172729492,9.44856071472168,8.513285636901855,7.160170555114746,6.642671585083008,6.947116851806641,7.687511920928955,8.485675811767578,9.181324005126953,9.713189125061035,9.945874214172363,9.81790542602539,9.37463665008545,8.63925552368164,7.772232532501221,7.035524845123291,6.615734577178955,6.529530048370361,6.58268404006958,6.442507743835449,6.033959865570068,5.640240669250488,5.563081741333008,5.752145290374756,5.766728401184082,5.543934345245361,5.281092643737793,5.147746562957764,5.02406120300293,4.760009765625,4.717495441436768
2.180785655975342,2.477065324783325,3.9239847660064697,5.272377967834473,6.425899028778076,6.996595859527588,7.4575371742248535,7.81158971786499,8.267884254455566,8.809308052062988,8.911080360412598,8.738271713256836,7.6206254959106445,6.832493782043457,9.162433624267578,9.600373268127441,8.72783088684082,8.09697151184082,8.382010459899902,9.11440372467041,9.789206504821777,10.35912799835205,10.714814186096191,10.71181869506836,10.473886489868164,9.909089088439941,8.885820388793945,7.792209148406982,7.121694087982178,6.948227882385254,6.9788737297058105,6.789026737213135,6.457144260406494,6.426767826080322,6.806329727172852,7.245495319366455,7.395235538482666,7.270137786865234,6.986795902252197,6.593403339385986,6.11678409576416,5.634349346160889,5.578372955322266
1.7541290521621704,2.9352736473083496,5.046713352203369,6.314944744110107,7.4169602394104,7.823546409606934,8.38504695892334,8.315027236938477,8.735066413879395,8.807550430297852,9.546006202697754,9.037788391113281,9.119346618652344,8.56296157836914,9.132135391235352,10.705696105957031,10.584965705871582,9.152094841003418,8.499401092529297,9.052047729492188,9.80985164642334,10.361505508422852,10.631366729736328,10.608460426330566,10.544291496276855,10.376280784606934,9.592291831970215,8.361589431762695,7.392855644226074,7.096185207366943,7.2284746170043945,7.238936424255371,7.191980361938477,7.527365207672119,8.116549491882324,8.595369338989258,8.836812019348145,8.832140922546387,8.485809326171875,7.8292460441589355,6.866542816162109,5.999627590179443,5.7453837394714355
2.210535764694214,4.054649353027344,5.950157165527344,7.263740062713623,8.360457420349121,8.97502326965332,9.3154296875,9.20825481414795,9.20174503326416,9.435976028442383,9.999543190002441,9.653735160827637,9.227903366088867,9.144142150878906,6.516031742095947,10.070287704467773,11.614327430725098,9.176492691040039,8.374958992004395,9.088915824890137,9.560229301452637,9.521345138549805,9.310738563537598,9.16211223602295,9.208381652832031,9.12452507019043,8.36910629272461,7.264459133148193,6.724003314971924,6.868824481964111,7.241739749908447,7.564163684844971,7.987497806549072,8.617820739746094,9.227910995483398,9.694138526916504,10.022028923034668,10.007586479187012,9.46109390258789,8.563322067260742,7.267967700958252,6.077272891998291,5.403127670288086
2.933732032775879,4.941157341003418,6.685259819030762,7.872371673583984,9.02245044708252,9.936845779418945,10.116935729980469,9.976838111877441,9.97878646850586,10.595927238464355,11.1509428024292,9.814469337463379,10.913963317871094,4.527461528778076,-0.3364836275577545,2.9281609058380127,5.977132320404053,6.732900619506836,8.24292278289795,8.934393882751465,8.35480785369873,7.319002628326416,6.542498588562012,6.1442670822143555,5.962944507598877,5.5428948402404785,5.227413177490234,5.461810111999512,6.0653557777404785,6.645389556884766,7.027036666870117,7.407635688781738,8.082446098327637,8.951308250427246,9.688587188720703,10.159791946411133,10.388875961303711,10.227896690368652,9.572732925415039,8.5818452835083,7.391358852386475,6.346892356872559,5.339240074157715
3.4944944381713867,5.625387668609619,7.179439067840576,8.383499145507812,9.6354398727417,10.807861328125,10.734496116638184,11.124611854553223,11.028292655944824,11.990206718444824,10.30640697479248,11.052295684814453,10.739710807800293,1.4178612232208252,-1.9043443202972412,-4.016978740692139,3.1722309589385986,7.3188581466674805,8.38809585571289,7.296060562133789,5.746871471405029,4.454565048217773,3.6231675148010254,3.17834734916687,2.8746588230133057,2.7700283527374268,3.1830363273620605,4.0470194816589355,4.899848461151123,5.510284900665283,5.887215614318848,6.27067756652832,7.115845680236816,8.335021018981934,9.354820251464844,9.90959644317627,10.008586883544922,9.674065589904785,8.967485427856445,8.009441375732422,7.1021318435668945,6.4479451179504395,5.695588111877441
4.077520370483398,5.722978115081787,7.124967098236084,8.668391227722168,10.480392456054688,11.633418083190918,12.478490829467773,14.953574180603027,15.479025840759277,13.956537246704102,11.479952812194824,5.504035949707031,3.5753846168518066,4.589989185333252,0.829121470451355,1.621145248413086,5.114802837371826,7.805825233459473,7.734692573547363,6.0603485107421875,4.467883586883545,3.4125137329101562,2.653064012527466,2.0283401012420654,1.46013605594635,1.2054523229599,1.4740335941314697,2.035898447036743,2.629791736602783,3.2364604473114014,3.8215460777282715,4.526606559753418,5.801286697387695,7.451014041900635,8.860340118408203,9.659956932067871,9.789628982543945,9.320235252380371,8.45709228515625,7.444339275360107,6.583143711090088,6.0677409172058105,5.957409381866455
4.632806301116943,5.962331295013428,6.638885498046875,8.515825271606445,11.155461311340332,12.11166763305664,13.366510391235352,9.051414489746094,4.297457695007324,4.452383995056152,2.076017141342163,4.196379661560059,2.4665560722351074,3.1007513999938965,3.6288137435913086,3.929518699645996,5.375138282775879,7.177931785583496,7.218656539916992,6.345114231109619,5.353087902069092,4.252607822418213,3.014638662338257,1.7973129749298096,0.8718369007110596,0.39710113406181335,0.48284468054771423,1.0237945318222046,1.7201313972473145,2.574359893798828,3.652508020401001,4.878714084625244,6.264976978302002,7.809970378875732,9.156182289123535,9.926706314086914,10.105273246765137,9.709123611450195,8.84533977508545,7.924111843109131,7.150641918182373,6.760297775268555,7.241282939910889
5.302489280700684,6.326547622680664,7.609029769897461,8.0989408493042,12.046917915344238,10.612125396728516,1.8542124032974243,1.5176589488983154,4.413032531738281,5.138157844543457,7.193480491638184,4.664125442504883,2.670471429824829,3.105597972869873,3.9199202060699463,4.531239986419678,5.56640100479126,6.789032936096191,7.330787181854248,7.11875581741333,6.20821475982666,5.010921955108643,3.680082082748413,2.600309371948242,1.9889392852783203,1.9459635019302368,2.406710386276245,3.1242308616638184,3.8932197093963623,4.775914192199707,5.9079976081848145,7.173415660858154,8.474803924560547,9.719234466552734,10.668327331542969,11.068266868591309,10.954806327819824,10.500089645385742,9.93659782409668,9.488767623901367,9.190266609191895,9.134885787963867,9.729883193969727
5.780645370483398,6.981482982635498,7.491809844970703,11.08941650390625,4.617627143859863,-2.0374162197113037,-0.45162564516067505,-0.12298926711082458,2.3497328758239746,4.474345684051514,5.474828243255615,4.1188764572143555,3.0702667236328125,3.991736650466919,4.740837097167969,5.190686225891113,5.965936660766602,6.902637004852295,7.500574588775635,7.483811855316162,6.888334274291992,5.927204132080078,5.065054893493652,4.456849575042725,4.201984405517578,4.556751728057861,5.432631492614746,6.340302467346191,6.9804158210754395,7.5501251220703125,8.398600578308105,9.496227264404297,10.719978332519531,11.931396484375,12.825894355773926,13.113327026367188,12.718497276306152,11.926239013671875,11.258101463317871,11.06237506866455,11.302589416503906,11.704540252685547,12.279993057250977
6.043535232543945,8.292125701904297,10.39573860168457,-0.5502434372901917,-1.687105655670166,-3.2008838653564453,-1.0999523401260376,-1.0068187713623047,-0.08504657447338104,1.6348401308059692,2.928537130355835,3.9842514991760254,4.989567756652832,6.200545787811279,7.152168273925781,6.9373979568481445,6.999125003814697,7.693042278289795,8.215611457824707,8.013559341430664,7.242894649505615,6.6720404624938965,6.6610941886901855,6.913313865661621,7.306080341339111,7.989738941192627,8.965060234069824,9.85322380065918,10.360547065734863,10.688241004943848,11.130824089050293,11.762925148010254,12.561395645141602,13.513922691345215,14.392498016357422,14.955138206481934,14.888038635253906,14.116276741027832,13.153226852416992,12.84167766571045,13.38804817199707,14.1844482421875,14.877176284790039
7.469730377197266,10.156739234924316,11.60931396484375,-1.9441014528274536,-0.17294158041477203,2.4178173542022705,2.9657199382781982,2.534681558609009,2.492123603820801,3.4564614295959473,5.050069332122803,6.280362606048584,7.0412468910217285,8.080544471740723,9.460151672363281,9.800480842590332,9.227893829345703,9.233072280883789,9.575682640075684,9.557838439941406,9.382716178894043,9.509971618652344,9.976600646972656,10.629693031311035,11.371147155761719,12.317872047424316,13.429924011230469,14.361748695373535,14.933846473693848,15.28425407409668,15.488718032836914,15.510663986206055,15.418129920959473,15.386956214904785,15.57486629486084,16.00780487060547,16.3665828704834,16.10300064086914,15.335463523864746,14.948906898498535,15.459421157836914,16.43433380126953,17.173564910888672
8.804558753967285,12.736096382141113,13.433332443237305,2.5502500534057617,4.749013423919678,7.351195812225342,7.630117416381836,5.933726787567139,4.043441295623779,3.8369953632354736,5.278952598571777,6.698327541351318,7.525066375732422,8.80061149597168,10.392285346984863,11.705455780029297,11.87183952331543,11.68695068359375,11.898914337158203,12.198319435119629,12.362196922302246,12.650522232055664,13.296578407287598,14.28597640991211,15.379434585571289,16.551027297973633,17.73752784729004,18.595579147338867,19.10856056213379,19.61139488220215,20.08704948425293,20.15608024597168,19.712425231933594,18.894739151000977,18.098093032836914,17.73572540283203,17.803226470947266,17.705219268798828,17.319604873657227,17.145652770996094,17.514110565185547,18.40032386779785,18.914676666259766
10.26819133758545,14.276044845581055,15.315641403198242,11.746918678283691,10.296463012695312,9.554634094238281,8.412653923034668,6.9311418533325195,5.358540058135986,4.592440128326416,5.192793846130371,6.795156478881836,8.76674747467041,10.49943733215332,11.87912368774414,12.98773193359375,13.607952117919922,14.031129837036133,14.694856643676758,15.34554386138916,15.834846496582031,16.311975479125977,17.069408416748047,18.06157875061035,19.04054832458496,19.91602325439453,20.580917358398438,20.874000549316406,21.051542282104492,21.71011734008789,22.5936222076416,23.09935760498047,23.236738204956055,23.05626678466797,22.2562198638916,20.988494873046875,20.069664001464844,19.72281265258789,19.485143661499023,19.27290916442871,19.257366180419922,19.92621612548828,20.446096420288086
12.213181495666504,14.8524808883667,15.515069961547852,14.707106590270996,13.432477951049805,10.753280639648438,8.174151420593262,6.830951690673828,6.182574272155762,5.62788200378418,5.308516979217529,5.993645191192627,8.224356651306152,11.166393280029297,13.721022605895996,15.036582946777344,15.541084289550781,16.392911911010742,17.530902862548828,18.538291931152344,19.151826858520508,19.532506942749023,20.21698570251465,21.024309158325195,21.81498908996582,22.34877586364746,22.4659366607666,22.06473159790039,21.775623321533203,22.56712532043457,23.804296493530273,24.732397079467773,25.267654418945312,25.419706344604492,25.21258544921875,24.278841018676758,22.984827041625977,22.358762741088867,22.430587768554688,22.57282829284668,22.392925262451172,22.470815658569336,22.74236488342285
11.632328033447266,15.056178092956543,15.03550910949707,14.228145599365234,11.49636459350586,7.929259777069092,5.376215934753418,4.6326985359191895,4.806136131286621,5.176607131958008,5.47484827041626,5.202698230743408,5.850244522094727,7.901805400848389,10.742080688476562,13.775779724121094,16.571645736694336,19.01296615600586,20.759998321533203,21.695337295532227,21.84722900390625,21.960391998291016,22.47596549987793,22.9149112701416,23.244121551513672,23.20822525024414,22.64996910095215,22.025407791137695,22.363481521606445,24.058372497558594,25.866294860839844,27.097057342529297,27.232606887817383,26.03382110595703,24.9793758392334,24.765913009643555,25.096040725708008,25.541187286376953,25.85634422302246,25.986268997192383,26.122533798217773,25.708236694335938,24.965803146362305
10.090977668762207,12.035492897033691,13.650501251220703,10.511940002441406,9.38095760345459,5.980041980743408,2.0239243507385254,1.5370265245437622,1.836796760559082,2.4481940269470215,3.1213486194610596,2.712225914001465,2.9696881771087646,5.500968933105469,7.548706531524658,9.568116188049316,11.783596992492676,14.138249397277832,16.21562957763672,18.0078067779541,19.1346378326416,19.902402877807617,20.289030075073242,20.705427169799805,21.22661590576172,21.78675651550293,22.2861328125,23.24039649963379,25.126867294311523,26.550296783447266,27.13984489440918,27.352468490600586,26.73494529724121,25.470155715942383,24.646984100341797,25.506832122802734,27.498403549194336,28.884384155273438,29.078832626342773,28.4397029876709,27.299230575561523,25.983278274536133,25.1298885345459
9.475014686584473,7.777013778686523,9.768853187561035,5.268707752227783,4.309100151062012,1.2699843645095825,-2.3196377754211426,-1.745509386062622,-0.15003183484077454,1.5567176342010498,0.19134533405303955,-0.1718740165233612,0.9509892463684082,5.767794609069824,6.882167339324951,7.92047119140625,9.21864128112793,10.619826316833496,12.009893417358398,13.095527648925781,14.1539306640625,15.123795509338379,16.157663345336914,17.185192108154297,18.578022003173828,20.17413330078125,21.13227081298828,22.19292449951172,23.086164474487305,22.873870849609375,22.894195556640625,23.569820404052734,23.024627685546875,22.778512954711914,22.67302703857422,25.78265380859375,29.449119567871094,31.214073181152344,30.621246337890625,28.867197036743164,27.279695510864258,25.739389419555664,25.616483688354492
