data/wind_data/wind_Surface_18.json
{"header": {"parameterUnit": "KT", "parameterCategory": 2, "nx": 255, "ny": 198, "lo1": 44.73521041870117, "la1": -3.236724853515625, "lo2": 111.26478576660156, "la2": 43.468475341796875, "dx": 0.26192745566368103, "dy": -0.23708222806453705, "refTime": "2025-02-19 18:00:00", "forecastTime": 0, "parameterNumber": 2, "parameterNumberName": "eastward_wind"}, "data":
[rows 152 to 170 of 198, columns 0 to 42 of 255]
-3.6839535236358643,-3.919961452484131,-4.706611156463623,-6.075553894042969,-6.33200740814209,-4.770793914794922,-2.2324817180633545,0.3577558696269989,-0.9309959411621094,-2.337200880050659,-1.0064327716827393,-0.07142769545316696,0.3423210382461548,-0.9334239959716797,-2.2693450450897217,-2.8072896003723145,-2.8842759132385254,-0.010883433744311333,2.3066205978393555,-1.0875496864318848,-4.499757766723633,-2.846018075942993,-2.904381513595581,-5.061574459075928,-3.8110125064849854,0.13473623991012573,0.1475306898355484,-4.036617279052734,-5.625009536743164,-5.493974208831787,-4.550809860229492,-3.1790988445281982,-3.9393057823181152,-5.7474236488342285,-6.50193452835083,-7.380469799041748,-7.346488952636719,-6.5433430671691895,-6.03254508972168,-5.342188358306885,-4.301084041595459,-4.620846748352051,-4.88917350769043
-3.949160099029541,-4.147696495056152,-4.472283363342285,-5.707088947296143,-5.481654167175293,-4.515812397003174,-2.2166073322296143,-0.6255289316177368,-1.54526948928833,-2.427915334701538,-2.56301212310791,-2.922720193862915,-3.794788122177124,-5.8579182624816895,-5.561068058013916,-3.3296871185302734,-1.0875269174575806,-1.8433139324188232,-3.844200849533081,-5.128040790557861,-6.5212883949279785,-3.862276315689087,-1.5348594188690186,-2.392897129058838,-2.01948618888855,0.26211488246917725,-1.426576018333435,-5.4756975173950195,-6.717891693115234,-5.994298458099365,-4.857665538787842,-3.1849677562713623,-3.001633644104004,-4.566639423370361,-5.643885612487793,-6.404819965362549,-7.082024574279785,-6.831060409545898,-6.327991485595703,-5.666030406951904,-4.868587017059326,-4.429983139038086,-4.085191249847412
-3.9026851654052734,-4.241357803344727,-4.233114242553711,-4.861233711242676,-5.258723735809326,-5.262947082519531,-3.2737340927124023,-2.6146087646484375,-2.688286542892456,-2.4474754333496094,-1.401376724243164,-2.3944454193115234,-4.089887619018555,-5.076941967010498,-4.635919094085693,-2.0266807079315186,-1.2221899032592773,-3.9467718601226807,-6.86972188949585,-7.065876007080078,-5.545845985412598,-2.128183603286743,0.6003259420394897,-0.2115846425294876,-1.3819928169250488,-2.4750421047210693,-4.942116737365723,-6.454154968261719,-6.437262058258057,-4.96696138381958,-3.5543482303619385,-3.2353594303131104,-3.596982717514038,-4.158150672912598,-4.081361770629883,-3.7273035049438477,-3.805372714996338,-4.483800411224365,-4.970139503479004,-4.554553985595703,-3.7946529388427734,-3.0165884494781494,-2.8992679119110107
-3.8543498516082764,-4.460156440734863,-4.098980903625488,-4.209887504577637,-4.953059196472168,-5.609041213989258,-4.986863613128662,-2.6596462726593018,-1.300058364868164,-2.37150502204895,-2.1177728176116943,-1.6639697551727295,-3.0233707427978516,-3.775038480758667,-2.2687385082244873,-0.5740290284156799,-1.2077947854995728,-4.282424449920654,-6.106791973114014,-3.7044999599456787,-1.2490012645721436,0.8191444873809814,1.7200767993927002,0.6721205115318298,-0.4357890784740448,-2.0371222496032715,-4.101311206817627,-4.655712127685547,-3.842941999435425,-2.9437215328216553,-2.5545995235443115,-2.299391269683838,-3.1170010566711426,-3.125654935836792,-2.401533365249634,-2.2313501834869385,-2.149287700653076,-2.2314608097076416,-3.0765037536621094,-3.4362940788269043,-2.519705057144165,-1.373474359512329,-1.4771853685379028
-4.746010780334473,-4.474860191345215,-3.7466230392456055,-2.49639630317688,-4.631760120391846,-6.546026706695557,-4.481907367706299,-2.285919666290283,1.127782940864563,0.8480219841003418,-0.8044489622116089,-1.0183618068695068,-2.30025315284729,-2.6004481315612793,0.46358248591423035,0.9896456003189087,-2.4456026554107666,-3.838343858718872,-2.483565330505371,0.9349973201751709,2.4068922996520996,2.718876838684082,2.1881065368652344,0.9495671987533569,-0.0699920505285263,-2.285135269165039,-4.159822940826416,-4.5294389724731445,-3.5671286582946777,-2.1259682178497314,-0.2714252471923828,1.6979256868362427,0.9599676132202148,-3.2646894454956055,-4.778396129608154,-3.0447428226470947,-1.3537241220474243,0.07213035970926285,0.7437263131141663,-0.6718975901603699,-2.0407536029815674,-1.1180323362350464,-0.8573256134986877
-5.199556350708008,-4.070099830627441,-3.1681365966796875,-2.9561004638671875,-5.73974609375,-7.005630016326904,-4.898962020874023,-3.198759078979492,1.6846507787704468,2.515835762023926,-0.09859315305948257,-1.025726079940796,-2.232384443283081,-2.0310165882110596,-0.5993080139160156,-2.2390217781066895,-3.2822656631469727,-1.272344946861267,2.0076310634613037,4.855406761169434,4.47139310836792,3.247013807296753,2.134700059890747,0.4473933279514313,-2.2099218368530273,-3.6752712726593018,-4.600040912628174,-4.340824604034424,-3.0930862426757812,-0.6281154751777649,2.453591823577881,4.954102039337158,4.956271648406982,0.27754396200180054,-2.5913615226745605,0.03453404828906059,2.1939873695373535,2.6538782119750977,2.8455681800842285,0.5963464379310608,-1.0221104621887207,0.7600988149642944,0.39173170924186707
-5.467084884643555,-3.8300154209136963,-3.429413080215454,-3.637969970703125,-4.499809741973877,-5.760852813720703,-3.586963415145874,-0.18479351699352264,5.195805549621582,4.760479927062988,0.5717957019805908,-0.7119392156600952,-0.3564511239528656,-0.9421159625053406,-2.366569995880127,-2.9195072650909424,0.270038366317749,2.527003049850464,4.011792182922363,5.336984634399414,5.059787750244141,2.974652051925659,-1.3344146013259888,-4.222186088562012,-4.076678276062012,-3.316803455352783,-3.5153353214263916,-3.6746904850006104,-0.700690746307373,3.5150513648986816,5.324491500854492,7.8920488357543945,6.627418518066406,3.283379077911377,2.4489753246307373,5.43157958984375,6.092362880706787,4.474549293518066,1.8096586465835571,-1.124413013458252,-1.117488145828247,1.8199450969696045,3.3774709701538086
-4.289210796356201,-3.0711960792541504,-2.606534242630005,-3.7593653202056885,-3.875218391418457,-2.8261611461639404,-0.6808245182037354,2.485267400741577,6.096774578094482,5.289515495300293,1.4552956819534302,1.705995798110962,3.0297775268554688,0.3544613718986511,-2.47200345993042,-1.108139157295227,1.6658251285552979,4.112217903137207,3.8955295085906982,2.333786964416504,2.4305222034454346,-1.3943111896514893,-6.327088832855225,-7.438521385192871,-5.5672526359558105,-3.942824363708496,-2.4834301471710205,-0.7556282877922058,4.329824924468994,9.468249320983887,10.589829444885254,10.488659858703613,6.900581359863281,4.256400108337402,6.4044342041015625,8.996817588806152,6.7640790939331055,3.290170669555664,-0.13821379840373993,-2.2382004261016846,-1.9512308835983276,1.1686373949050903,4.1870551109313965
-2.5254626274108887,-1.3066613674163818,-1.0154961347579956,-3.092238664627075,-3.413935899734497,0.8480395674705505,2.661377191543579,2.5135443210601807,4.317110061645508,5.022675037384033,3.7978389263153076,4.464520454406738,4.086592674255371,-0.8791519999504089,-2.5732674598693848,-0.8340767621994019,2.030599594116211,5.645247459411621,3.990417003631592,0.6178498864173889,-1.9673532247543335,-4.939514636993408,-7.218769073486328,-5.314861297607422,-3.0706684589385986,0.15225225687026978,1.981284260749817,5.494134426116943,8.63576602935791,9.771553039550781,9.10975170135498,7.228752136230469,3.416916847229004,2.2846128940582275,5.592759609222412,7.101836204528809,3.913658618927002,-1.3792351484298706,-2.9187893867492676,-3.6543960571289062,-2.309771776199341,1.2438894510269165,4.313813209533691
-1.64131498336792,1.5988131761550903,1.6281440258026123,2.8851425647735596,2.6566715240478516,3.357318639755249,2.952038049697876,0.14165383577346802,0.2771513760089874,3.814152717590332,6.236846446990967,6.505920886993408,1.8347140550613403,-1.9596410989761353,-1.3516385555267334,0.12866352498531342,3.100161075592041,7.250271797180176,2.7472753524780273,-3.767197847366333,-4.968800067901611,-6.397180557250977,-6.349976539611816,-1.212294340133667,5.588805198669434,6.185612201690674,4.690218925476074,5.69826078414917,7.596647262573242,7.848006248474121,5.201368808746338,2.7636616230010986,0.4866052269935608,-0.6985632181167603,0.5727709531784058,1.1824171543121338,-0.171915203332901,-0.05783688277006149,1.2875853776931763,1.0723450183868408,0.8921777009963989,2.9494199752807617,4.68919038772583
-0.39882907271385193,3.128126859664917,3.8521904945373535,4.139768123626709,6.394229888916016,4.8527069091796875,-0.3114210069179535,-3.8837552070617676,-3.4365127086639404,1.7960636615753174,8.976300239562988,8.406773567199707,-0.21384377777576447,-1.6492408514022827,0.2487061619758606,1.8623745441436768,7.123060703277588,9.704371452331543,1.8111498355865479,-5.874337196350098,-5.696528434753418,-4.711092472076416,-0.6776168942451477,5.569677829742432,8.031157493591309,5.304503440856934,2.8539044857025146,3.25917387008667,5.237576961517334,5.588986873626709,3.851972818374634,0.5500537753105164,-1.6919759511947632,-2.2680423259735107,-1.9217592477798462,-2.015887498855591,-2.1839113235473633,0.9144057035446167,5.862524509429932,8.039909362792969,6.089681148529053,4.208171844482422,3.072540283203125
0.1993045210838318,4.437141418457031,5.048242092132568,3.6886279582977295,6.96604061126709,5.1820502281188965,-2.6355907917022705,-5.15750789642334,-2.0534114837646484,4.164907455444336,13.014633178710938,11.122089385986328,1.0583430528640747,-0.8205875158309937,2.3730573654174805,6.352973461151123,10.734617233276367,8.962040901184082,-1.59493887424469,-7.6808061599731445,-4.483738422393799,-0.054484788328409195,5.936492443084717,6.52257776260376,4.01710844039917,3.042492151260376,2.8429765701293945,1.8776589632034302,0.8116693496704102,-0.47589191794395447,-1.4022434949874878,-2.4269182682037354,-2.8347136974334717,-2.245364189147949,-1.0233572721481323,-0.18663185834884644,-0.08927492052316666,0.74052494764328,2.74507999420166,4.746665954589844,5.540049076080322,4.541587829589844,3.3260738849639893
2.3649165630340576,5.661803245544434,6.124474048614502,5.4173126220703125,6.514368534088135,2.3189265727996826,-4.3895263671875,-3.88554310798645,1.6752183437347412,9.694974899291992,13.688455581665039,6.449121952056885,-1.5639632940292358,-1.5250858068466187,4.305877208709717,10.354033470153809,11.681527137756348,8.147900581359863,0.6979831457138062,-2.674901247024536,0.15223602950572968,3.8118011951446533,5.997259140014648,4.081460952758789,-0.9164036512374878,-3.928396224975586,-5.182754993438721,-8.165749549865723,-9.660120010375977,-8.11822509765625,-6.671722888946533,-4.9414873123168945,-2.928835153579712,-0.9071727991104126,0.7375664114952087,1.2038789987564087,0.40296322107315063,-0.19650259613990784,0.15739457309246063,1.1309009790420532,1.102979063987732,1.3124991655349731,2.9271798133850098
4.489701271057129,6.0707316398620605,6.979373455047607,6.521361351013184,3.0625545978546143,-2.1920242309570312,-3.7740120887756348,-0.06200649216771126,5.134128570556641,11.183797836303711,8.46091079711914,-0.9877334237098694,-4.60949182510376,-0.7794941663742065,5.256953239440918,10.390117645263672,12.884703636169434,8.954438209533691,2.1229310035705566,0.1570701003074646,3.030468463897705,4.046400547027588,-0.2917928099632263,-7.087986469268799,-12.394583702087402,-14.064139366149902,-13.193262100219727,-11.453977584838867,-9.072357177734375,-7.329413414001465,-6.255030155181885,-5.391275882720947,-4.448423862457275,-3.7049167156219482,-3.3866636753082275,-3.225302219390869,-0.8339934349060059,1.8146148920059204,1.0632438659667969,-0.21465657651424408,-0.9327424764633179,-0.9674833416938782,-0.1451340913772583
5.046924114227295,5.868987560272217,6.068596363067627,4.336557388305664,-3.4302778244018555,-5.478295803070068,-2.376657724380493,2.230522871017456,6.95369291305542,9.495917320251465,3.7093517780303955,-2.8062825202941895,-3.152097463607788,-0.043257538229227066,4.02202844619751,10.295856475830078,14.679280281066895,10.120757102966309,4.279228210449219,1.5038681030273438,0.2974666357040405,-4.889275550842285,-9.911128997802734,-13.3225679397583,-13.814384460449219,-12.956321716308594,-11.73202896118164,-10.320887565612793,-8.964505195617676,-8.103275299072266,-7.565284252166748,-6.933568477630615,-6.279828071594238,-6.092626571655273,-6.387723922729492,-5.246408939361572,-2.3769359588623047,-0.40385475754737854,0.02658989280462265,-0.21883656084537506,-2.758582830429077,-5.02923583984375,-3.3308818340301514
4.390679836273193,5.209277153015137,4.157872200012207,-2.7579152584075928,-9.130722045898438,-7.190885066986084,-1.29949951171875,4.801592826843262,7.72954797744751,8.655899047851562,5.159637928009033,-0.9101345539093018,-2.568293571472168,-1.027025580406189,4.708822250366211,13.578372955322266,11.547847747802734,3.1811161041259766,-3.777472734451294,-6.5906853675842285,-9.296831130981445,-11.85940170288086,-12.58092975616455,-12.801443099975586,-12.167027473449707,-11.096393585205078,-10.16629695892334,-9.385469436645508,-8.927142143249512,-8.690193176269531,-8.063301086425781,-7.063717365264893,-6.335450649261475,-5.787624835968018,-5.3711347579956055,-4.429226875305176,-2.9798781871795654,-2.1304008960723877,-3.391342878341675,-5.5455522537231445,-4.88337516784668,-5.4430766105651855,-4.2647881507873535
4.981337547302246,4.703237056732178,4.281880855560303,-0.783714771270752,-6.060283184051514,-5.375672340393066,1.026769757270813,7.936966896057129,9.0722017288208,8.068557739257812,6.342731952667236,3.4053475856781006,2.9031574726104736,2.3149702548980713,7.092355251312256,14.244930267333984,6.4150309562683105,-1.4605612754821777,-6.37757682800293,-11.044352531433105,-12.335856437683105,-12.641464233398438,-12.535489082336426,-12.479497909545898,-11.746158599853516,-10.281997680664062,-9.476194381713867,-9.746747970581055,-9.542323112487793,-9.02637767791748,-8.319557189941406,-7.258321285247803,-6.508972644805908,-5.79040002822876,-5.5682806968688965,-4.872098445892334,-3.6081717014312744,-3.1458818912506104,-4.089895725250244,-6.1847333908081055,-6.221341133117676,-4.91386079788208,-3.7746896743774414
5.409283638000488,4.146677494049072,4.0073628425598145,2.6974613666534424,0.33163779973983765,-0.1548958569765091,3.443693161010742,7.116370677947998,5.625093936920166,2.798684597015381,2.5657002925872803,3.775231122970581,7.266190052032471,6.7464518547058105,9.505516052246094,11.631869316101074,2.6571381092071533,-4.106065273284912,-8.050901412963867,-11.970799446105957,-12.625669479370117,-12.82729434967041,-12.792232513427734,-12.461956024169922,-11.125486373901367,-9.49216079711914,-8.91585636138916,-9.648225784301758,-10.220646858215332,-9.323833465576172,-7.8595733642578125,-7.022428512573242,-6.509931564331055,-5.741346836090088,-5.6963348388671875,-5.190390586853027,-4.272495746612549,-4.229182243347168,-5.188586235046387,-5.728896141052246,-6.272161483764648,-6.325399398803711,-6.304549217224121
5.575701713562012,4.816372394561768,2.9127345085144043,-0.7981458306312561,0.0913861021399498,2.2245635986328125,3.2646048069000244,2.518728733062744,-0.7664901614189148,-1.4646315574645996,0.31741511821746826,5.769747257232666,11.987188339233398,10.747387886047363,10.502013206481934,8.422758102416992,0.7104582786560059,-4.451446533203125,-7.9586501121521,-11.254571914672852,-12.379226684570312,-12.510910034179688,-11.872071266174316,-11.264347076416016,-11.01140308380127,-10.374103546142578,-9.571798324584961,-9.823955535888672,-10.442275047302246,-9.417024612426758,-7.675861835479736,-7.189763069152832,-6.689959526062012,-5.918055534362793,-6.159562110900879,-5.463842868804932,-4.405533790588379,-4.302011966705322,-5.946154594421387,-6.903502941131592,-6.6222004890441895,-6.3097615242004395,-7.410970211029053
