data/wind_data/wind_Surface_50.json
{"header": {"parameterUnit": "KT", "parameterCategory": 2, "nx": 255, "ny": 198, "lo1": 44.73521041870117, "la1": -3.236724853515625, "lo2": 111.26478576660156, "la2": 43.468475341796875, "dx": 0.26192745566368103, "dy": -0.23708222806453705, "refTime": "2025-02-21 02:00:00", "forecastTime": 0, "parameterNumber": 3, "parameterNumberName": "northward_wind"}, "data":
[rows 114 to 132 of 198, columns 129 to 171 of 255]
-4.628404140472412,-4.816330432891846,-3.5971176624298096,-2.0779881477355957,-1.2684892416000366,0.1729816049337387,0.18295688927173615,-0.6520883440971375,-2.4390745162963867,-3.7298941612243652,-4.338142395019531,-4.952759742736816,-4.9299540519714355,-5.10676383972168,-5.7024102210998535,-6.1489481925964355,-6.712405681610107,-7.2336106300354,-7.164960861206055,-5.721643447875977,-2.7175426483154297,0.06068667769432068,1.1903775930404663,0.7301954627037048,-0.2932501435279846,-1.0142587423324585,-1.0070347785949707,-0.665253221988678,-0.7077874541282654,-0.8360133767127991,-0.8143793940544128,-1.0818356275558472,-1.8517338037490845,-2.4964828491210938,-2.8245105743408203,-3.259242534637451,-3.6989786624908447,-4.206561088562012,-4.772557735443115,-4.734978199005127,-5.00495719909668,-5.4207892417907715,-5.456280708312988
-4.764878749847412,-3.976534605026245,-2.5975441932678223,-3.052954912185669,-1.9232127666473389,-0.18982625007629395,-0.8110188245773315,-2.271883726119995,-3.636662721633911,-3.8428232669830322,-4.133474826812744,-4.548392295837402,-4.896380424499512,-5.11442756652832,-5.199316501617432,-5.282299518585205,-5.678613185882568,-6.533638000488281,-7.3827409744262695,-8.221096992492676,-8.412171363830566,-6.408125400543213,-3.133774757385254,-0.8768038749694824,-0.05152476578950882,0.18508277833461761,0.02406369149684906,-0.37404346466064453,-0.8514447808265686,-1.4035816192626953,-1.9394278526306152,-2.2980434894561768,-3.223158121109009,-3.8078465461730957,-3.8584136962890625,-4.38021183013916,-4.918124675750732,-5.631765842437744,-5.934323310852051,-5.435298442840576,-5.051537990570068,-4.369023323059082,-4.242736339569092
-4.305440902709961,-3.1560986042022705,-2.5539379119873047,-3.8693840503692627,-2.4999468326568604,-1.412711501121521,-2.0951061248779297,-2.220456600189209,-2.1101937294006348,-2.1437296867370605,-2.5656449794769287,-3.307523727416992,-4.186465263366699,-4.709304332733154,-4.974188327789307,-5.208264350891113,-5.654826641082764,-6.169860363006592,-6.59373140335083,-7.02031135559082,-8.020370483398438,-8.390671730041504,-7.417426109313965,-3.645124673843384,-0.43338751792907715,0.22914846241474152,-0.26358240842819214,-1.007217288017273,-1.437839150428772,-1.6529674530029297,-2.0993003845214844,-2.7604870796203613,-3.469688892364502,-3.341228723526001,-2.8656582832336426,-3.1889946460723877,-3.825834035873413,-4.693514823913574,-5.971892356872559,-6.116044998168945,-5.5232038497924805,-4.5786333084106445,-4.64718770980835
-2.7783215045928955,-1.9581958055496216,-3.2508065700531006,-4.083510875701904,-3.5704586505889893,-1.3605014085769653,-0.9142367243766785,-0.4406934380531311,-0.016152622178196907,0.1711597740650177,-0.027041612192988396,-0.6163052916526794,-1.3252419233322144,-1.6915231943130493,-1.790084719657898,-2.059859275817871,-2.725963830947876,-3.543402910232544,-4.585576057434082,-5.347132205963135,-5.799651145935059,-6.6516852378845215,-8.44493293762207,-8.114532470703125,-4.625800132751465,-1.8883099555969238,-1.3053185939788818,-1.5162829160690308,-1.5600827932357788,-1.599672555923462,-3.123944044113159,-4.438631057739258,-4.693429946899414,-3.861400604248047,-4.934527397155762,-5.685288429260254,-5.7947998046875,-6.508049964904785,-6.395608425140381,-4.721576690673828,-4.944856643676758,-4.787393569946289,-6.638923168182373
-2.190904140472412,-1.8745931386947632,-3.6582181453704834,-4.8782243728637695,-4.641687870025635,-1.902009129524231,-0.38854408264160156,0.14060679078102112,1.0847866535186768,1.9017397165298462,2.3606183528900146,2.25641131401062,1.8651244640350342,1.5033336877822876,1.1571184396743774,1.014441728591919,1.4670542478561401,1.8881168365478516,1.5482085943222046,0.48125743865966797,-0.9662193059921265,-2.4494028091430664,-4.436790466308594,-7.43795108795166,-7.119608402252197,-3.3688242435455322,-1.493873953819275,-1.327283263206482,-2.9845945835113525,-4.603672027587891,-7.113588809967041,-8.96800422668457,-9.863737106323242,-9.532328605651855,-9.86909294128418,-9.302191734313965,-9.587638854980469,-9.84533977508545,-8.68807315826416,-6.441603183746338,-7.78906774520874,-7.477373123168945,-8.292052268981934
-3.2046356201171875,-3.4555211067199707,-4.431070804595947,-5.070594787597656,-4.871164321899414,-2.808790922164917,-0.5163344144821167,0.4063672721385956,1.5238116979599,2.7822141647338867,3.632385015487671,3.7456564903259277,3.5387942790985107,3.179713487625122,2.7833709716796875,2.6456124782562256,3.0626893043518066,3.503804922103882,3.8104288578033447,4.1871185302734375,5.036087989807129,4.939951419830322,2.7750368118286133,0.20308923721313477,-2.0003066062927246,-1.0780963897705078,0.44700759649276733,-3.8972558975219727,-6.518438816070557,-8.399351119995117,-9.638617515563965,-10.42386531829834,-11.600992202758789,-11.138825416564941,-9.434669494628906,-6.412300109863281,-5.995594501495361,-5.821162700653076,-7.358789920806885,-8.400169372558594,-8.451960563659668,-7.533636093139648,-5.126356601715088
-4.472593307495117,-4.263505935668945,-4.8901591300964355,-5.0361104011535645,-4.245659351348877,-2.0750956535339355,-0.25749096274375916,0.8041781783103943,1.6520285606384277,2.9567365646362305,3.9789834022521973,4.439871311187744,4.6238274574279785,4.835355281829834,5.139674186706543,5.413665294647217,5.4050984382629395,5.177664756774902,5.38909912109375,7.0650506019592285,8.382514953613281,5.359872341156006,2.497697353363037,3.0257246494293213,0.2407073974609375,-4.012051105499268,-6.067152976989746,-10.1572847366333,-9.423201560974121,-9.5249662399292,-9.896552085876465,-9.471261978149414,-8.280912399291992,-8.916279792785645,-8.830257415771484,-7.12620210647583,-3.856285333633423,-3.1716368198394775,-5.578083515167236,-5.660127639770508,-4.057220458984375,-1.645897626876831,-0.07236279547214508
-4.811744213104248,-4.629630088806152,-4.9543776512146,-4.981245517730713,-4.582109451293945,-2.2709195613861084,0.2959398031234741,1.5154526233673096,1.831870198249817,2.114542245864868,3.130389451980591,4.083988189697266,4.851927757263184,5.658216953277588,6.472387313842773,6.227202892303467,5.943133354187012,5.419023513793945,5.247583389282227,5.3910064697265625,1.1015067100524902,-2.5339672565460205,-5.66862678527832,-5.867675304412842,-7.735443592071533,-9.597899436950684,-11.80258846282959,-10.790817260742188,-9.36344051361084,-10.207719802856445,-10.541573524475098,-9.41115665435791,-5.899477481842041,-8.12014389038086,-8.65656852722168,-7.30255126953125,-7.049558639526367,-5.291658878326416,-5.111523628234863,-3.152944326400757,-2.000809907913208,-0.11984812468290329,0.6815885305404663
-4.893435001373291,-4.8929619789123535,-5.102254390716553,-4.992420673370361,-4.541881561279297,-3.5249431133270264,-1.08461594581604,1.160262942314148,1.5299910306930542,1.2258087396621704,1.849702000617981,2.6403191089630127,3.3943300247192383,3.2178773880004883,1.103026032447815,-2.2562179565429688,-2.429910182952881,-4.337242126464844,-7.875699520111084,-8.458876609802246,-9.334922790527344,-8.056635856628418,-9.901978492736816,-12.905296325683594,-13.190106391906738,-10.683284759521484,-9.488580703735352,-9.836786270141602,-9.802026748657227,-10.36813735961914,-9.434294700622559,-8.33364486694336,-7.140127658843994,-5.4545207023620605,-5.444787979125977,-5.34266471862793,-8.286062240600586,-8.947975158691406,-6.110052108764648,-7.329717636108398,-4.260538578033447,-3.7566747665405273,-2.890993356704712
-4.614871978759766,-4.873706340789795,-5.1340508460998535,-4.917970657348633,-4.435583591461182,-4.338507652282715,-3.704705238342285,-2.0752854347229004,-0.7769484519958496,-0.4019513428211212,0.3265979588031769,-0.05420379340648651,-1.9004989862442017,-4.423856258392334,-7.9538254737854,-10.394949913024902,-10.274734497070312,-11.244417190551758,-14.167024612426758,-14.041400909423828,-9.46879768371582,-8.383784294128418,-7.154109477996826,-8.851473808288574,-9.64425277709961,-10.29409408569336,-11.408429145812988,-12.050430297851562,-9.896369934082031,-6.945707321166992,-5.283664226531982,-5.680069446563721,-6.984259128570557,-5.858705997467041,-4.785898685455322,-6.830974578857422,-7.046200752258301,-8.634599685668945,-8.84764289855957,-10.978209495544434,-6.2577667236328125,-5.538404941558838,-7.224369525909424
-3.9385790824890137,-4.202347278594971,-4.585413932800293,-4.546790599822998,-4.474498271942139,-4.413711071014404,-4.467753887176514,-3.985100507736206,-3.5425474643707275,-2.6055970191955566,-1.474473237991333,-2.9231245517730713,-6.712344646453857,-8.617772102355957,-11.598328590393066,-11.921971321105957,-11.141213417053223,-11.150632858276367,-9.161829948425293,-9.864127159118652,-11.253129005432129,-12.268235206604004,-8.973649024963379,-9.740862846374512,-8.765778541564941,-8.9000244140625,-8.702875137329102,-7.851146697998047,-3.664809226989746,0.5251357555389404,1.7087159156799316,0.15297576785087585,-0.8554449677467346,-1.8687615394592285,-3.205806255340576,-0.46940627694129944,2.2397897243499756,-1.0004982948303223,-5.486479759216309,-7.281242847442627,-6.650233745574951,-5.115728378295898,-7.67749547958374
-3.6251797676086426,-3.5702624320983887,-3.563767671585083,-3.8006041049957275,-3.7298316955566406,-3.8134169578552246,-4.266910552978516,-3.049978256225586,-2.7365031242370605,-3.228369951248169,-4.19185209274292,-4.76848840713501,-6.562427520751953,-8.08742618560791,-10.607789993286133,-12.225510597229004,-12.066848754882812,-10.789645195007324,-7.387225151062012,-7.1013569831848145,-8.536388397216797,-7.089772701263428,-4.2963714599609375,-3.120117664337158,-2.181136131286621,-2.8407726287841797,-1.997681975364685,0.5879971981048584,2.0881991386413574,3.69354248046875,5.654104709625244,5.676625728607178,6.242373943328857,2.935994863510132,-0.5860626101493835,3.992056369781494,5.767111778259277,3.759490966796875,2.5618577003479004,0.66476970911026,-2.6420094966888428,-4.845789432525635,-6.149362564086914
-3.324167013168335,-3.0347604751586914,-2.9832592010498047,-3.090951681137085,-1.8643065690994263,-1.6828116178512573,-3.1238908767700195,-3.3704113960266113,-3.939929246902466,-6.402346611022949,-7.1179423332214355,-5.20212459564209,-8.60382080078125,-9.429193496704102,-6.712824821472168,-6.394482135772705,-9.694955825805664,-9.335192680358887,-7.36016845703125,-4.059078693389893,0.24024905264377594,2.425668954849243,7.3325958251953125,12.48766803741455,11.94450855255127,9.482884407043457,8.549975395202637,9.755817413330078,4.773368835449219,2.8762261867523193,4.466813564300537,3.774406671524048,3.027848720550537,1.5539789199829102,-1.5857692956924438,-0.6106254458427429,0.7437756061553955,0.560080349445343,3.9460368156433105,4.534618854522705,1.8509970903396606,-2.4750633239746094,-4.229849815368652
-3.081430435180664,-2.4862728118896484,-1.8680198192596436,-0.8948007822036743,-0.8566096425056458,-3.6963913440704346,-3.7558629512786865,-6.300624847412109,-10.137804985046387,-9.984207153320312,-8.779895782470703,-6.348946571350098,-7.413078784942627,-7.418017387390137,-5.356637477874756,-3.239417791366577,-7.394789695739746,-9.538043975830078,-8.92033863067627,-7.264188766479492,-1.9317443370819092,-0.9892731308937073,1.1326926946640015,10.712576866149902,12.255220413208008,13.037676811218262,11.009507179260254,9.246756553649902,5.075498580932617,2.1557629108428955,1.566117286682129,-0.3785912096500397,-1.1905723810195923,-0.4934937655925751,-1.3668057918548584,-0.9016010761260986,-0.20748277008533478,-0.08907852321863174,2.167924404144287,3.213517427444458,1.402757167816162,-0.8631389737129211,-1.5328516960144043
-3.277326822280884,-2.6629638671875,-0.742176353931427,-0.1781395971775055,-5.393581390380859,-11.178098678588867,-9.896949768066406,-8.808378219604492,-8.774227142333984,-9.513664245605469,-9.769378662109375,-7.431474208831787,-4.089596271514893,-4.891962051391602,-7.745694637298584,-6.095622539520264,-3.6616013050079346,-3.302461624145508,-3.1371984481811523,-4.461721897125244,-4.938986778259277,-1.2871493101119995,-0.5134586095809937,2.7969274520874023,2.9056522846221924,3.323023557662964,2.5598151683807373,2.502457857131958,4.849362373352051,3.1604785919189453,1.1248981952667236,1.5516608953475952,1.0022566318511963,0.825385570526123,1.4422591924667358,0.9386279582977295,1.233808994293213,1.8590222597122192,1.235985279083252,1.7942882776260376,2.4387571811676025,1.2845220565795898,0.4641421437263489
-1.8706737756729126,-1.2826333045959473,-2.636667490005493,-5.829237937927246,-9.428747177124023,-10.88687515258789,-11.205039978027344,-8.07394027709961,-5.9884796142578125,-10.41115665435791,-12.586145401000977,-9.10334300994873,-4.664921760559082,-2.5209243297576904,-6.867785453796387,-5.950457572937012,-1.5751744508743286,2.1579134464263916,2.5058326721191406,3.808440923690796,1.3513813018798828,3.7948994636535645,7.500311374664307,3.979152202606201,-1.0464268922805786,-0.9877281188964844,-0.30960726737976074,1.6535377502441406,5.310932636260986,5.281756401062012,3.147003173828125,2.7697322368621826,2.181784152984619,1.289946436882019,0.9144083857536316,0.5642173886299133,1.7171419858932495,2.1245720386505127,0.0046324701979756355,1.1450321674346924,2.312497138977051,2.0644352436065674,1.8036965131759644
-1.4492835998535156,-3.9500391483306885,-6.500086784362793,-8.193425178527832,-6.539676666259766,-5.630603790283203,-6.330044269561768,-8.183830261230469,-7.91715669631958,-12.475442886352539,-12.8650484085083,-9.09025764465332,-5.523054122924805,1.246006965637207,-2.174555540084839,-2.4693233966827393,-0.8766056895256042,2.706671714782715,5.475562572479248,7.804082870483398,7.748746395111084,4.362754821777344,3.8537633419036865,3.1827261447906494,-0.44728511571884155,-0.3539627492427826,-0.44216951727867126,0.9642807245254517,2.4093637466430664,3.755131959915161,2.497177839279175,-0.6064805388450623,-1.3274062871932983,-2.028932571411133,-2.353276491165161,-2.355196237564087,-3.330216884613037,-2.7704341411590576,-2.768537998199463,-1.76768159866333,-0.684670627117157,1.1521239280700684,2.9801557064056396
-5.4719462394714355,-8.748120307922363,-10.044482231140137,-7.217225551605225,-6.434818744659424,-5.654116153717041,-8.339430809020996,-10.939868927001953,-12.398175239562988,-9.407317161560059,-6.950329303741455,-2.6746666431427,-2.953644037246704,1.363331913948059,3.038874387741089,3.6100611686706543,5.330689430236816,6.297941207885742,7.9512739181518555,9.577249526977539,9.546369552612305,4.222241401672363,0.35463953018188477,2.7331714630126953,3.106342315673828,3.028904914855957,2.6063425540924072,2.6483185291290283,1.8825476169586182,2.287687301635742,2.698647975921631,0.5247655510902405,-0.7812298536300659,-1.4667619466781616,-1.2206628322601318,-2.8136863708496094,-5.876840114593506,-7.262228965759277,-6.668900489807129,-5.837067604064941,-3.3351259231567383,-0.5674914121627808,1.2916514873504639
-6.3308820724487305,-7.097387790679932,-9.479991912841797,-10.153007507324219,-12.553312301635742,-12.170263290405273,-14.746018409729004,-11.01319408416748,-9.675374031066895,-3.5447800159454346,-0.2923252284526825,4.439061641693115,4.0669169425964355,4.6915974617004395,10.286056518554688,12.929010391235352,13.821186065673828,10.357843399047852,10.059590339660645,10.433021545410156,8.809741020202637,4.429649829864502,3.274290084838867,5.0120954513549805,6.633760929107666,7.374741077423096,7.769131660461426,7.790384292602539,5.1373724937438965,4.8139214515686035,6.292599678039551,6.411717891693115,3.9788055419921875,3.0270586013793945,1.171218991279602,-1.4536086320877075,-3.1041948795318604,-4.890247821807861,-5.804149150848389,-6.264204502105713,-5.624794960021973,-5.272186279296875,-4.208815097808838
