data/wind_data/wind_59_8.json
{"header": {"parameterUnit": "KT", "parameterCategory": 2, "nx": 256, "ny": 198, "lo1": 44.73521041870117, "la1": -3.236724853515625, "lo2": 111.26478576660156, "la2": 43.468475341796875, "dx": 0.2609002888202667, "dy": -0.23708222806453705, "refTime": "2025-02-21 11:00:00", "forecastTime": 0, "parameterNumber": 2, "parameterNumberName": "eastward_wind"}, "data":
[rows 0 to 18 of 198, columns 44 to 87 of 256]
-4.343791961669922,-4.2755446434021,-4.561994552612305,-5.043928623199463,-4.275293827056885,-2.9594547748565674,-3.7566871643066406,-5.583841800689697,-6.824776649475098,-7.666205883026123,-7.620841979980469,-7.400710582733154,-7.727079391479492,-8.138718605041504,-8.522439956665039,-8.678266525268555,-8.497212409973145,-7.977993488311768,-7.031837463378906,-6.309973239898682,-5.90602970123291,-5.65565824508667,-5.557333946228027,-5.768251895904541,-6.188102722167969,-5.959189414978027,-5.3098015785217285,-4.828523635864258,-4.380472183227539,-3.7612147331237793,-3.2780678272247314,-3.5550882816314697,-3.9177119731903076,-3.616969347000122,-3.5036678314208984,-4.274895191192627,-4.685840606689453,-4.10698938369751,-3.65456485748291,-3.5988776683807373,-3.5814993381500244,-3.576796531677246,-3.5131168365478516,-3.3791892528533936
-3.6056997776031494,-4.105863571166992,-4.3927130699157715,-4.734611988067627,-4.364192008972168,-3.407133102416992,-3.9656083583831787,-5.114514350891113,-5.739423751831055,-6.501297950744629,-6.923462867736816,-7.137087821960449,-7.511833190917969,-8.04427719116211,-8.650023460388184,-8.784939765930176,-8.806994438171387,-8.8041410446167,-7.967864036560059,-6.980660438537598,-6.620652675628662,-6.673930644989014,-6.562859535217285,-6.387495517730713,-6.5898823738098145,-6.6836748123168945,-6.80429220199585,-6.846285820007324,-6.021597385406494,-4.971921443939209,-4.645907402038574,-4.841281890869141,-4.747896671295166,-4.144791603088379,-3.7627100944519043,-4.204895973205566,-4.513375282287598,-4.298128128051758,-4.211437225341797,-4.202957630157471,-4.197582244873047,-4.030181884765625,-3.712075710296631,-3.69606614112854
-3.975240707397461,-4.203649997711182,-4.117141246795654,-4.159335613250732,-4.074014663696289,-3.7860403060913086,-4.422089099884033,-5.154301643371582,-5.506501197814941,-6.3535261154174805,-7.268415927886963,-7.910526275634766,-8.321524620056152,-8.623842239379883,-8.903422355651855,-8.764325141906738,-8.385345458984375,-8.22084903717041,-7.759744167327881,-7.234019756317139,-7.22756290435791,-7.192213535308838,-6.850337982177734,-6.724125385284424,-6.88692045211792,-6.848062992095947,-6.793041706085205,-6.71933126449585,-6.136384010314941,-5.549899101257324,-5.450687885284424,-5.341212272644043,-4.960176944732666,-4.268764972686768,-3.5973122119903564,-3.6869211196899414,-4.08575439453125,-4.209835529327393,-3.9688339233398438,-3.5290350914001465,-3.3516228199005127,-3.2583529949188232,-3.0566422939300537,-3.098498821258545
-4.825081825256348,-4.889726161956787,-4.707101345062256,-4.7862067222595215,-5.0596771240234375,-5.246800422668457,-5.6440911293029785,-5.87262487411499,-5.973245143890381,-6.640407562255859,-7.6056694984436035,-8.38912582397461,-8.635330200195312,-8.45055103302002,-8.310388565063477,-8.08670425415039,-7.431364059448242,-6.893591403961182,-6.633752346038818,-6.588966369628906,-6.503866195678711,-6.049005031585693,-5.721682071685791,-5.785580635070801,-5.818192005157471,-5.5465569496154785,-5.326517105102539,-5.3971052169799805,-5.542311191558838,-5.440136432647705,-4.951481819152832,-4.4103522300720215,-4.24123477935791,-3.909742593765259,-3.166194200515747,-2.836376905441284,-3.1317155361175537,-3.4010391235351562,-2.8983840942382812,-2.0723769664764404,-1.7500343322753906,-1.7060484886169434,-1.618691086769104,-1.8082654476165771
-7.245429515838623,-7.229154586791992,-7.779443264007568,-8.491073608398438,-8.721978187561035,-8.748503684997559,-8.619775772094727,-8.57586669921875,-8.86760425567627,-9.171917915344238,-8.98098373413086,-8.467500686645508,-7.782701015472412,-7.149420261383057,-6.844701766967773,-6.63166618347168,-6.009328365325928,-5.370619773864746,-4.8649001121521,-4.391682147979736,-3.5791752338409424,-2.895548105239868,-3.1710638999938965,-3.425778388977051,-3.106846570968628,-2.6790270805358887,-2.592031240463257,-3.251570463180542,-3.825965166091919,-3.3122336864471436,-2.38531756401062,-1.94788658618927,-2.3031978607177734,-2.898144483566284,-2.6094138622283936,-1.5464996099472046,-1.4100381135940552,-1.7976912260055542,-0.8981171250343323,0.7006481289863586,1.655666708946228,1.9158858060836792,1.676874041557312,0.6182475090026855
-5.9472761154174805,-6.35611629486084,-7.023172378540039,-7.5045084953308105,-7.951244831085205,-8.394156455993652,-8.563787460327148,-8.573819160461426,-8.53372573852539,-8.577834129333496,-8.60513687133789,-8.747699737548828,-8.938257217407227,-8.702215194702148,-8.18932819366455,-7.543593883514404,-6.855997562408447,-6.3101887702941895,-6.098980903625488,-6.250249862670898,-5.980772495269775,-5.152945041656494,-4.8792266845703125,-4.811641216278076,-4.260842800140381,-3.592965841293335,-3.4408507347106934,-4.105587005615234,-4.565768241882324,-4.047284126281738,-3.0393919944763184,-1.9523266553878784,-1.2211403846740723,-0.9486754536628723,-1.049647331237793,-1.3790106773376465,-2.294501781463623,-2.8098795413970947,-1.8843690156936646,-0.19152511656284332,1.0477503538131714,1.3363193273544312,1.0627434253692627,-0.01221051998436451
-6.851360321044922,-7.544128894805908,-8.243972778320312,-8.38907241821289,-8.394133567810059,-8.435442924499512,-8.36207103729248,-8.445780754089355,-8.683560371398926,-8.833067893981934,-8.619235038757324,-8.346887588500977,-8.231666564941406,-8.061910629272461,-7.6446356773376465,-6.983790874481201,-6.547194957733154,-6.21563196182251,-5.921717643737793,-5.641316890716553,-5.278213024139404,-4.828929901123047,-4.819555759429932,-4.638426303863525,-3.934943914413452,-3.3805723190307617,-3.326843738555908,-3.827255964279175,-3.9344844818115234,-3.2158327102661133,-2.248257875442505,-1.3465496301651,-0.8820034861564636,-0.9941959977149963,-1.2386488914489746,-1.6272176504135132,-2.171919584274292,-2.0832250118255615,-0.9260047078132629,0.8584039807319641,2.509230613708496,2.89090633392334,2.413255453109741,1.0392684936523438
-6.84677267074585,-7.474757671356201,-8.000694274902344,-8.128097534179688,-8.171282768249512,-8.112200736999512,-8.220064163208008,-8.572473526000977,-8.769617080688477,-8.552481651306152,-8.223869323730469,-8.147924423217773,-8.205272674560547,-8.233345031738281,-7.995108604431152,-7.581878185272217,-7.222171306610107,-6.898020267486572,-6.637831211090088,-6.328011989593506,-6.029603004455566,-5.907203197479248,-5.989739894866943,-5.652711868286133,-5.0427422523498535,-4.595869541168213,-4.41542387008667,-4.322182655334473,-3.9439611434936523,-3.27909517288208,-2.350590944290161,-1.1973636150360107,-0.6547914743423462,-0.6175083518028259,-0.7464962005615234,-1.4684479236602783,-1.6489369869232178,-1.1934031248092651,0.19672232866287231,0.8431320190429688,2.393533229827881,3.104565143585205,2.717219114303589,1.2752935886383057
-6.931265830993652,-7.451166152954102,-7.839199066162109,-7.9250407218933105,-7.853163719177246,-7.804271697998047,-7.995654582977295,-8.201289176940918,-8.214580535888672,-7.912378311157227,-7.7225213050842285,-7.890519618988037,-8.11989688873291,-8.342185020446777,-8.307607650756836,-7.919310569763184,-7.4409613609313965,-7.099276542663574,-6.752457618713379,-6.3602776527404785,-6.301060676574707,-6.376270294189453,-6.268861770629883,-5.613166809082031,-4.832673072814941,-4.454244136810303,-4.288384437561035,-4.026946544647217,-3.563866376876831,-2.942436695098877,-1.8699404001235962,-0.64384526014328,-0.34671369194984436,-0.4849347770214081,-0.5228690505027771,-1.0339704751968384,-1.2442915439605713,-0.05522129684686661,0.7883942127227783,1.3906793594360352,2.3713107109069824,3.3557991981506348,3.4845168590545654,1.6373622417449951
-7.265844345092773,-7.6035661697387695,-7.802606105804443,-7.83940315246582,-7.958498001098633,-8.27584171295166,-8.426719665527344,-8.195291519165039,-7.858602523803711,-7.425926685333252,-6.966736316680908,-6.959596633911133,-7.495656967163086,-8.33204174041748,-8.866230964660645,-8.703070640563965,-8.131932258605957,-7.517792224884033,-7.082477569580078,-6.819663047790527,-6.858241081237793,-7.1561713218688965,-7.081150531768799,-6.263523578643799,-5.251311302185059,-4.6825408935546875,-4.521368503570557,-4.401000022888184,-4.002218246459961,-3.0701310634613037,-1.4343361854553223,-0.006975229363888502,0.0639880895614624,-0.30481579899787903,-0.40260183811187744,-0.5032602548599243,-0.47792819142341614,0.31458431482315063,1.2295091152191162,1.7343491315841675,2.0885744094848633,3.123577356338501,3.6077942848205566,1.9769656658172607
-7.6517534255981445,-7.882187366485596,-7.870481967926025,-8.036643028259277,-8.633355140686035,-9.233758926391602,-9.13056755065918,-8.465035438537598,-7.662744998931885,-7.075507640838623,-6.3896260261535645,-6.331974506378174,-7.177933692932129,-8.504877090454102,-9.478617668151855,-9.457033157348633,-8.801365852355957,-7.927948474884033,-7.312295436859131,-6.846828460693359,-6.811191558837891,-7.21685266494751,-7.23203182220459,-6.3308424949646,-5.138478755950928,-4.418831825256348,-4.335095405578613,-4.455733299255371,-4.215391635894775,-3.024265766143799,-0.9071314930915833,0.6790907382965088,0.7143109440803528,0.022059613838791847,-0.30517879128456116,-0.16229155659675598,0.24062858521938324,1.164945125579834,1.624179720878601,1.9344391822814941,1.8367515802383423,2.4239089488983154,2.9108195304870605,2.0606818199157715
-7.773504257202148,-8.095708847045898,-8.211467742919922,-8.696609497070312,-9.444673538208008,-9.627948760986328,-9.285626411437988,-8.621610641479492,-7.6698784828186035,-6.902460098266602,-6.439185619354248,-6.586133003234863,-7.413534164428711,-8.687030792236328,-9.834746360778809,-10.036836624145508,-9.419310569763184,-8.455729484558105,-7.617486000061035,-6.956557273864746,-6.8162922859191895,-7.14175271987915,-7.112631320953369,-6.234888076782227,-5.156549453735352,-4.5973615646362305,-4.479435920715332,-4.414531230926514,-4.054293632507324,-2.971470594406128,-0.8159257769584656,1.0494203567504883,1.3439549207687378,0.8447026014328003,0.29748034477233887,0.23775751888751984,0.7550209164619446,1.6624363660812378,1.6388165950775146,1.6926995515823364,1.5003772974014282,1.6552637815475464,2.0933430194854736,1.8977340459823608
-7.9172258377075195,-8.205946922302246,-8.465834617614746,-9.047163963317871,-9.424277305603027,-9.236370086669922,-8.89323902130127,-8.241890907287598,-7.4674506187438965,-6.955038070678711,-6.962007999420166,-7.274779319763184,-8.013570785522461,-9.02600383758545,-9.94035530090332,-10.253917694091797,-9.779301643371582,-8.829646110534668,-7.786908149719238,-6.954071044921875,-6.6506547927856445,-6.770875453948975,-6.553966522216797,-5.66416597366333,-4.979797840118408,-4.824864864349365,-4.690190315246582,-4.085168361663818,-3.307246208190918,-2.386683702468872,-0.6156168580055237,1.145133137702942,1.73190438747406,1.5900983810424805,1.0231717824935913,0.5654643177986145,0.8296940922737122,1.4379979372024536,1.4581258296966553,1.4266682863235474,1.3092758655548096,1.2177971601486206,1.5184028148651123,1.7301205396652222
-8.206119537353516,-8.380213737487793,-8.40120792388916,-8.619952201843262,-8.896296501159668,-8.952980041503906,-8.483638763427734,-7.740062236785889,-7.388250350952148,-7.441797733306885,-7.519840717315674,-7.861399173736572,-8.612000465393066,-9.334709167480469,-9.967386245727539,-10.09188175201416,-9.645352363586426,-8.827122688293457,-7.695104122161865,-6.732385158538818,-6.318029403686523,-6.302224636077881,-6.054105281829834,-5.321781158447266,-4.8446125984191895,-4.850565433502197,-4.715374946594238,-3.6996850967407227,-2.5961523056030273,-1.7878690958023071,-0.4919787347316742,1.0846967697143555,1.8208361864089966,1.8505616188049316,1.3498873710632324,0.6931471228599548,0.9586039781570435,0.95601487159729,0.8799341917037964,0.7456172704696655,1.3765476942062378,1.4977009296417236,1.3928427696228027,0.9051544666290283
-8.145343780517578,-8.269556045532227,-8.209227561950684,-8.383916854858398,-8.738845825195312,-8.868807792663574,-8.345589637756348,-7.58428955078125,-7.361187934875488,-7.751312255859375,-7.9323410987854,-8.27634048461914,-9.081361770629883,-9.853450775146484,-10.174898147583008,-9.887031555175781,-9.15363597869873,-8.232564926147461,-7.107058525085449,-6.1808624267578125,-5.6620988845825195,-5.569233417510986,-5.476551532745361,-4.981296539306641,-4.459286689758301,-4.369451999664307,-4.168405055999756,-3.051823139190674,-1.8202800750732422,-1.0951017141342163,-0.39673614501953125,0.7601428031921387,1.5992811918258667,1.6350916624069214,1.211143970489502,1.1199167966842651,1.2695558071136475,0.8238770365715027,0.3427225947380066,0.3298562169075012,1.0450936555862427,1.6360931396484375,1.2918107509613037,-0.026699844747781754
-7.820079326629639,-8.023478507995605,-8.0492525100708,-8.420431137084961,-8.851065635681152,-8.8258056640625,-8.173011779785156,-7.441892623901367,-7.382745742797852,-7.6588616371154785,-7.973371982574463,-8.601339340209961,-9.353523254394531,-10.183520317077637,-10.360078811645508,-9.810200691223145,-8.885552406311035,-7.8059844970703125,-6.6772050857543945,-5.87239933013916,-5.203878879547119,-4.9863176345825195,-4.828942775726318,-4.487862586975098,-4.03916597366333,-3.63360857963562,-3.127772331237793,-2.1541202068328857,-1.1517478227615356,-0.6282458305358887,-0.391399085521698,0.43051260709762573,1.3586452007293701,1.5515930652618408,1.1943610906600952,1.1653199195861816,1.0080705881118774,0.6088204383850098,0.14824309945106506,0.2985444962978363,0.21832698583602905,0.6748484969139099,1.0244945287704468,0.04531760886311531
-7.460434913635254,-7.622995376586914,-7.814896106719971,-8.356786727905273,-8.820114135742188,-8.668659210205078,-7.961223125457764,-7.319107532501221,-7.235071659088135,-7.615462779998779,-8.130308151245117,-8.629656791687012,-9.223999977111816,-10.113518714904785,-10.412374496459961,-9.988358497619629,-9.110262870788574,-7.9667768478393555,-6.754205226898193,-5.938339710235596,-5.094011306762695,-4.624076843261719,-4.276077747344971,-3.9515464305877686,-3.6585288047790527,-3.0961005687713623,-2.1591262817382812,-1.2728614807128906,-0.7804842591285706,-0.6713901162147522,-0.5210000276565552,0.19842460751533508,1.193792700767517,1.6995700597763062,1.4330816268920898,0.9364374876022339,0.38288718461990356,0.18811345100402832,0.019849194213747978,-0.44327276945114136,-0.6241165995597839,-0.4831571877002716,0.7504212856292725,0.9734242558479309
-7.463313102722168,-7.626958847045898,-7.8358893394470215,-8.173357963562012,-8.465883255004883,-8.318707466125488,-7.589595317840576,-6.954253196716309,-6.946005821228027,-7.702055931091309,-8.261659622192383,-8.289182662963867,-8.720519065856934,-9.492549896240234,-10.009052276611328,-10.207478523254395,-9.638774871826172,-8.431310653686523,-7.110764980316162,-6.154086112976074,-5.288362503051758,-4.503507614135742,-3.8431856632232666,-3.326789140701294,-3.013679265975952,-2.7248332500457764,-1.9365941286087036,-0.9717455506324768,-0.6015332341194153,-0.6743371486663818,-0.6007825136184692,-0.10731283575296402,0.7169727087020874,1.5297613143920898,1.7685657739639282,1.2054834365844727,0.3233107328414917,-0.4207407236099243,-0.6729127764701843,-0.9649224281311035,-1.1889725923538208,-1.1586130857467651,0.028936900198459625,1.3233681917190552
-7.9299235343933105,-8.222206115722656,-8.228754997253418,-8.179177284240723,-8.211438179016113,-7.974419116973877,-7.174477577209473,-6.566056251525879,-6.6471638679504395,-7.435212135314941,-7.858207702636719,-7.8160858154296875,-8.226066589355469,-8.697650909423828,-9.467560768127441,-10.202510833740234,-10.000872611999512,-8.920523643493652,-7.5774970054626465,-6.623573303222656,-5.75790548324585,-4.707467079162598,-3.637260913848877,-2.9238228797912598,-2.596449136734009,-2.5705509185791016,-2.139505624771118,-1.247527003288269,-0.6569197177886963,-0.6676637530326843,-0.6557808518409729,-0.271686851978302,0.2676555812358856,0.8975661993026733,1.464697241783142,1.2854269742965698,0.4663006067276001,-0.5942068696022034,-1.2292373180389404,-1.3107044696807861,-1.4088257551193237,-1.3977080583572388,-0.6207642555236816,0.5860504508018494
