data/wind_data/wind_64_5.json
{"header": {"parameterUnit": "KT", "parameterCategory": 2, "nx": 256, "ny": 198, "lo1": 44.73521041870117, "la1": -3.236724853515625, "lo2": 111.26478576660156, "la2": 43.468475341796875, "dx": 0.2609002888202667, "dy": -0.23708222806453705, "refTime": "2025-02-21 16:00:00", "forecastTime": 0, "parameterNumber": 2, "parameterNumberName": "eastward_wind"}, "data":
[rows 95 to 113 of 198, columns 88 to 131 of 256]
19.788022994995117,19.940767288208008,20.1910400390625,20.45964241027832,20.764144897460938,20.927228927612305,20.815343856811523,20.804393768310547,20.7154598236084,20.549720764160156,20.499006271362305,20.585573196411133,20.019878387451172,19.401809692382812,19.905521392822266,20.910634994506836,21.629009246826172,21.915428161621094,21.94635772705078,21.924713134765625,22.038543701171875,22.23634910583496,21.948278427124023,20.622074127197266,18.506141662597656,16.628482818603516,15.256416320800781,14.539552688598633,14.351378440856934,14.410272598266602,14.694578170776367,15.159651756286621,15.685068130493164,15.903575897216797,15.675581932067871,15.23137092590332,14.856707572937012,14.895498275756836,15.398425102233887,15.784353256225586,14.882116317749023,12.559176445007324,11.335440635681152,12.465582847595215
21.001815795898438,21.125293731689453,21.351871490478516,21.608966827392578,21.912309646606445,22.129005432128906,22.101417541503906,22.235553741455078,22.286497116088867,22.041873931884766,22.15186882019043,22.25659942626953,22.0285587310791,21.246850967407227,20.96194839477539,21.721851348876953,22.961755752563477,23.766183853149414,23.770341873168945,23.459917068481445,23.582782745361328,24.104164123535156,23.975671768188477,22.25416374206543,19.391162872314453,16.84953498840332,15.634571075439453,15.694101333618164,16.061281204223633,16.214170455932617,16.205245971679688,16.16289520263672,16.114608764648438,16.10689926147461,16.241256713867188,16.372859954833984,16.29149055480957,16.010665893554688,15.952842712402344,16.426536560058594,16.710752487182617,14.940370559692383,12.36391830444336,12.106849670410156
22.396381378173828,22.473098754882812,22.659549713134766,22.884138107299805,23.084102630615234,23.260467529296875,23.39630889892578,23.7296142578125,23.91961097717285,23.964332580566406,23.953350067138672,24.09588623046875,23.97043800354004,23.43950843811035,23.063772201538086,23.26420021057129,24.071762084960938,24.753538131713867,24.97127914428711,25.04139518737793,25.173025131225586,25.81458282470703,26.098434448242188,24.5842227935791,21.467914581298828,18.36629867553711,17.007064819335938,17.263090133666992,17.687854766845703,17.76048469543457,17.598024368286133,17.246475219726562,16.830053329467773,16.588645935058594,16.745220184326172,17.239028930664062,17.54051399230957,17.328346252441406,16.9646053314209,17.187604904174805,17.606538772583008,17.153581619262695,14.864867210388184,12.845605850219727
23.886337280273438,23.940771102905273,24.09819984436035,24.304000854492188,24.43177032470703,24.49751091003418,24.527082443237305,24.806400299072266,25.336183547973633,25.963993072509766,26.34417152404785,26.227596282958984,25.847129821777344,25.43821907043457,25.008182525634766,25.13069725036621,25.59131622314453,25.56528091430664,25.553592681884766,25.966960906982422,26.065587997436523,26.360952377319336,27.061538696289062,26.190196990966797,23.199825286865234,20.068967819213867,18.599201202392578,18.5311279296875,18.729406356811523,18.687103271484375,18.579668045043945,18.4050235748291,18.159990310668945,17.804100036621094,17.57876968383789,18.00456428527832,18.566247940063477,18.556900024414062,18.21565818786621,18.247236251831055,18.558988571166992,18.297876358032227,16.830326080322266,14.733489990234375
25.445541381835938,25.53240394592285,25.71270751953125,25.878997802734375,25.905437469482422,25.720441818237305,25.63014793395996,26.073726654052734,26.900279998779297,27.771465301513672,28.26801300048828,28.19180679321289,27.69761085510254,27.335630416870117,27.188701629638672,27.009553909301758,26.749530792236328,26.296836853027344,26.13606071472168,26.563899993896484,26.468090057373047,26.307437896728516,26.94829750061035,26.55805015563965,23.521528244018555,20.677650451660156,19.665969848632812,19.712074279785156,19.878643035888672,19.727216720581055,19.57691764831543,19.540523529052734,19.499984741210938,19.18891143798828,18.786664962768555,18.958072662353516,19.39905548095703,19.477245330810547,19.35742950439453,19.409086227416992,19.53675079345703,19.287818908691406,18.457321166992188,16.965845108032227
26.866472244262695,27.084762573242188,27.434511184692383,27.67353630065918,27.546802520751953,27.107608795166016,26.7376708984375,27.155696868896484,28.28460693359375,29.450712203979492,30.003643035888672,29.736310958862305,29.13149642944336,28.807573318481445,28.801586151123047,28.513015747070312,27.99159049987793,27.58576011657715,27.291305541992188,27.442914962768555,27.209035873413086,26.658004760742188,26.9167537689209,26.04387664794922,23.0974063873291,21.030302047729492,21.03734588623047,21.556964874267578,21.641433715820312,21.25079917907715,20.826980590820312,20.74552345275879,20.872419357299805,20.622426986694336,20.18267059326172,20.08883285522461,20.12793731689453,20.10971450805664,20.19632339477539,20.480846405029297,20.708032608032227,20.60858726501465,20.222002029418945,19.190813064575195
27.912662506103516,28.325559616088867,28.935813903808594,29.37955093383789,29.298791885375977,28.770244598388672,28.271684646606445,28.551435470581055,29.66656494140625,30.777761459350586,31.144054412841797,30.741939544677734,30.16110610961914,29.90642547607422,30.023805618286133,29.936616897583008,29.624095916748047,29.585830688476562,29.344173431396484,28.978321075439453,27.99742889404297,26.931562423706055,26.560800552368164,25.211477279663086,22.507030487060547,21.665653228759766,22.739368438720703,23.632734298706055,23.671476364135742,23.20271873474121,22.668420791625977,22.46560287475586,22.531328201293945,22.32158660888672,21.852066040039062,21.331951141357422,20.861520767211914,20.74144744873047,20.978872299194336,21.3747615814209,21.668928146362305,21.780418395996094,21.565841674804688,20.728038787841797
28.795263290405273,29.124114990234375,29.80923080444336,30.521345138549805,30.894779205322266,30.69983673095703,30.39546012878418,30.4724063873291,30.84969711303711,31.406047821044922,31.800323486328125,31.727455139160156,31.467500686645508,31.39066505432129,31.576723098754883,31.720991134643555,31.612834930419922,31.247549057006836,30.490291595458984,29.261634826660156,27.320703506469727,26.223878860473633,25.859834671020508,24.683757781982422,23.324464797973633,23.552143096923828,24.678895950317383,25.417776107788086,25.415782928466797,25.218767166137695,25.116958618164062,24.995107650756836,24.760765075683594,24.35628890991211,23.741249084472656,22.731672286987305,21.79085922241211,21.53237533569336,21.84410858154297,22.20696258544922,22.432029724121094,22.66547393798828,22.570316314697266,22.01817512512207
30.321931838989258,30.03338623046875,30.268678665161133,30.986827850341797,31.757251739501953,32.15559387207031,32.37323760986328,32.47286605834961,32.110107421875,31.971895217895508,32.57117462158203,33.210479736328125,33.41611099243164,33.3771858215332,33.34782028198242,33.13591766357422,31.991300582885742,30.205223083496094,28.283540725708008,26.12752914428711,24.293930053710938,24.57948875427246,25.769039154052734,26.26883316040039,26.71508026123047,26.958276748657227,26.81418228149414,26.631654739379883,26.52436637878418,27.012601852416992,27.78815460205078,28.043333053588867,27.549270629882812,26.695491790771484,25.732473373413086,24.531606674194336,23.346338272094727,22.65895652770996,22.5501651763916,22.655492782592773,22.846078872680664,23.103517532348633,23.18196678161621,23.151988983154297
32.76643753051758,32.113914489746094,31.737823486328125,31.915870666503906,32.4345588684082,33.119998931884766,33.60205841064453,33.71357727050781,33.427581787109375,33.334449768066406,33.988346099853516,34.44622039794922,34.16408920288086,33.80531311035156,33.09979248046875,31.37202262878418,27.872848510742188,25.297836303710938,23.964336395263672,22.97475242614746,22.83905029296875,24.251951217651367,26.558395385742188,28.522764205932617,29.802738189697266,29.663806915283203,28.300537109375,27.290523529052734,27.24666976928711,28.329566955566406,29.736120223999023,30.40132713317871,30.08782958984375,29.062292098999023,27.668659210205078,26.21936798095703,24.792266845703125,23.659826278686523,22.943212509155273,22.731294631958008,22.910844802856445,23.116641998291016,23.37158203125,23.835058212280273
36.40482711791992,35.58968734741211,34.5093994140625,33.86687088012695,33.68902587890625,34.32659912109375,34.87961196899414,34.387142181396484,33.19441604614258,32.65005111694336,33.021915435791016,32.57820510864258,31.385047912597656,31.12935447692871,30.604446411132812,28.501619338989258,25.091598510742188,23.63437843322754,24.128345489501953,25.033462524414062,25.860736846923828,26.528993606567383,27.596237182617188,29.39473533630371,30.633081436157227,30.39453125,29.193391799926758,28.52940559387207,28.790184020996094,29.780324935913086,31.030643463134766,31.762765884399414,31.614696502685547,30.50605583190918,28.82772445678711,27.130456924438477,25.42658233642578,23.957298278808594,22.9139404296875,22.623985290527344,22.893451690673828,23.03167724609375,23.371259689331055,24.0913143157959
37.593807220458984,36.91728210449219,34.040061950683594,32.009849548339844,32.316253662109375,34.188568115234375,35.34792709350586,33.26504135131836,30.33534812927246,29.583681106567383,30.20646858215332,30.109819412231445,29.784366607666016,30.491962432861328,31.44537353515625,30.70116424560547,28.756799697875977,27.632713317871094,27.931293487548828,28.61300277709961,28.97541046142578,28.895021438598633,29.2537841796875,31.009109497070312,32.00127410888672,31.71609115600586,31.170257568359375,31.390174865722656,32.049251556396484,32.49613571166992,32.588985443115234,32.41718673706055,31.892215728759766,30.5833683013916,28.866613388061523,27.247570037841797,25.58994483947754,24.025415420532227,22.89541244506836,22.687387466430664,22.876989364624023,22.652942657470703,22.926555633544922,23.882160186767578
36.1207160949707,33.34849166870117,32.55510711669922,32.50323486328125,32.2036247253418,32.0192985534668,31.86799430847168,31.338010787963867,30.950563430786133,31.490123748779297,32.3902473449707,32.409366607666016,31.568851470947266,31.089384078979492,30.81553840637207,29.66658592224121,28.073884963989258,27.6536865234375,28.55448341369629,29.137521743774414,29.297943115234375,29.915081024169922,31.286170959472656,32.918216705322266,33.97454833984375,34.330745697021484,34.24483871459961,34.47801208496094,34.9207649230957,34.795528411865234,34.044708251953125,32.834129333496094,31.40834617614746,29.684967041015625,28.093826293945312,26.936256408691406,25.649946212768555,24.346466064453125,23.310609817504883,22.71823501586914,22.639089584350586,22.2630615234375,22.671913146972656,24.074750900268555
38.523319244384766,36.43730545043945,35.32722854614258,34.18095016479492,33.49502182006836,33.64433288574219,34.011356353759766,34.09184646606445,33.96455001831055,33.99308395385742,34.22669982910156,33.895076751708984,32.56328201293945,31.330280303955078,30.43741798400879,29.247163772583008,28.309938430786133,28.33184814453125,29.081317901611328,29.757152557373047,30.268667221069336,31.44940757751465,33.064002990722656,34.130130767822266,35.21954345703125,36.406463623046875,36.57432174682617,35.904605865478516,35.424591064453125,34.88741683959961,34.0557746887207,32.62116241455078,30.675216674804688,28.506206512451172,27.081987380981445,26.614810943603516,25.869630813598633,24.941020965576172,24.267982482910156,23.294626235961914,22.58902359008789,22.25570297241211,22.97447967529297,24.544750213623047
37.73931884765625,36.15509796142578,34.565101623535156,33.377986907958984,33.55116271972656,34.45653533935547,35.4449577331543,36.24037551879883,36.69361114501953,36.83024597167969,36.658935546875,36.17335510253906,35.21166229248047,33.71260452270508,31.928285598754883,30.408218383789062,29.77128028869629,29.80463409423828,30.49527359008789,31.53891944885254,32.52657699584961,33.67992401123047,34.76492691040039,35.3011360168457,35.92770004272461,36.679237365722656,36.55738830566406,35.203922271728516,34.19585418701172,33.53247833251953,32.7918815612793,31.521120071411133,29.55594825744629,27.24442481994629,26.028470993041992,26.14708137512207,26.124401092529297,25.703020095825195,25.49827003479004,24.48908042907715,23.247255325317383,23.104997634887695,24.066373825073242,25.241518020629883
35.14961624145508,33.09022903442383,31.826065063476562,32.616519927978516,34.531002044677734,36.10643768310547,37.231563568115234,38.26192855834961,39.02262878417969,39.344364166259766,39.28974151611328,39.00401306152344,38.13772964477539,36.412174224853516,34.226139068603516,32.714656829833984,32.537628173828125,33.00405502319336,33.46940231323242,33.6973876953125,33.91693115234375,34.67723846435547,35.5677375793457,35.586849212646484,35.4586181640625,35.42778396606445,34.717674255371094,33.37729263305664,32.57477569580078,32.04636764526367,31.26665687561035,29.961456298828125,28.179208755493164,26.28801918029785,25.37839698791504,25.628034591674805,26.199186325073242,26.564062118530273,26.53077507019043,25.845823287963867,24.848119735717773,24.56560707092285,25.282419204711914,26.06753921508789
32.134521484375,29.959178924560547,30.9185791015625,33.40971755981445,35.75933074951172,37.31694412231445,38.518775939941406,39.5523681640625,40.38330078125,41.03688049316406,41.42516326904297,41.40520477294922,40.518638610839844,38.64424133300781,36.68000030517578,35.527530670166016,35.2125244140625,35.3112678527832,35.50246810913086,35.466835021972656,35.19403076171875,35.230224609375,35.466896057128906,35.00285720825195,34.42559814453125,33.997005462646484,33.034637451171875,31.82236099243164,31.18243980407715,30.828842163085938,30.01487922668457,28.568103790283203,26.997629165649414,25.701778411865234,25.11609649658203,25.352340698242188,25.96647834777832,26.649396896362305,26.89702033996582,26.61574363708496,26.020687103271484,25.77119255065918,26.18060874938965,26.659074783325195
38.221824645996094,34.334754943847656,33.6951789855957,35.004573822021484,36.8521728515625,38.36785888671875,39.496646881103516,40.434364318847656,41.327999114990234,42.1861572265625,42.814064025878906,42.82363510131836,42.06532669067383,40.33920669555664,38.630672454833984,37.83253479003906,37.65766525268555,37.59681701660156,37.3410530090332,36.725730895996094,35.70491409301758,34.863304138183594,34.568504333496094,34.214359283447266,33.577850341796875,32.94472885131836,31.966318130493164,30.79880142211914,30.15152931213379,29.8266544342041,28.9964542388916,27.573638916015625,26.203426361083984,25.30849266052246,25.02671241760254,25.25245475769043,25.610363006591797,26.0949764251709,26.58474349975586,26.635618209838867,26.161827087402344,25.953876495361328,26.331485748291016,26.696247100830078
39.2990837097168,36.914794921875,36.63319396972656,37.43629455566406,38.374691009521484,39.315093994140625,40.38893508911133,41.519752502441406,42.37616729736328,42.86294937133789,43.08904266357422,42.830352783203125,42.2102165222168,41.31813430786133,40.245521545410156,39.339298248291016,38.848941802978516,38.799041748046875,38.73645782470703,37.8902473449707,36.090579986572266,34.38069534301758,33.55408477783203,33.25343704223633,32.72550964355469,31.925865173339844,31.074386596679688,30.202749252319336,29.6326847076416,29.215593338012695,28.31075668334961,26.887218475341797,25.65841293334961,25.054380416870117,25.015365600585938,25.206031799316406,25.408294677734375,25.672605514526367,25.977418899536133,25.980899810791016,25.75646209716797,25.77667236328125,26.114892959594727,26.331317901611328
