data/wind_data/wind_68_0.json
{"header": {"parameterUnit": "KT", "parameterCategory": 2, "nx": 255, "ny": 198, "lo1": 44.73521041870117, "la1": -3.236724853515625, "lo2": 111.26478576660156, "la2": 43.468475341796875, "dx": 0.26192745566368103, "dy": -0.23708222806453705, "refTime": "2025-02-21 20:00:00", "forecastTime": 0, "parameterNumber": 2, "parameterNumberName": "eastward_wind"}, "data":
[rows 0 to 18 of 198, columns 129 to 171 of 255]
5.790208339691162,5.912248611450195,6.115716457366943,6.328042030334473,6.528986930847168,6.700405597686768,6.83487606048584,6.927395343780518,6.993997573852539,7.055279731750488,7.144023895263672,7.269492149353027,7.428535461425781,7.56901216506958,7.593766212463379,7.524515628814697,7.4232048988342285,7.348176956176758,7.3631415367126465,7.437718391418457,7.527377605438232,7.500847339630127,7.283393383026123,7.307276725769043,7.8209004402160645,8.263372421264648,8.298344612121582,7.9586501121521,7.392317295074463,7.158435344696045,7.37276029586792,7.657504081726074,7.8191375732421875,7.734867095947266,7.292487144470215,6.326046466827393,5.201831817626953,4.5440216064453125,4.1988654136657715,3.8370213508605957,3.593430280685425,3.6533665657043457,4.068460941314697
5.158896446228027,5.303974151611328,5.634643077850342,6.053382396697998,6.318660736083984,6.409776210784912,6.516360282897949,6.65931510925293,6.751522064208984,6.844330787658691,7.052724838256836,7.29041862487793,7.392359733581543,7.406651973724365,7.47797155380249,7.5365400314331055,7.410617828369141,7.223697662353516,7.14644718170166,7.1189165115356445,7.128442764282227,7.023054599761963,6.702456951141357,6.686716079711914,7.279257774353027,7.920994758605957,8.182427406311035,7.931552886962891,7.341919898986816,7.03366231918335,7.114250183105469,7.252744197845459,7.320259094238281,7.256868839263916,6.895335674285889,6.064239501953125,5.059208393096924,4.339745044708252,3.885289430618286,3.462252140045166,3.2202398777008057,3.404712438583374,3.9735512733459473
4.583137035369873,4.8069844245910645,5.177760601043701,5.562159538269043,5.7695536613464355,5.857901096343994,6.023552894592285,6.282516956329346,6.4479546546936035,6.528677940368652,6.691679954528809,6.870500564575195,6.899903297424316,6.88969087600708,7.109662055969238,7.355640888214111,7.16928768157959,6.785579204559326,6.63676118850708,6.673900127410889,6.712197780609131,6.522098064422607,6.173192024230957,6.207908630371094,6.8267903327941895,7.399105548858643,7.491977691650391,7.248948574066162,6.916109561920166,6.731647968292236,6.6787919998168945,6.732734680175781,6.9266510009765625,6.951201915740967,6.62105131149292,6.032483100891113,5.205201625823975,4.301413536071777,3.6156022548675537,3.193188190460205,3.038212299346924,3.465364933013916,4.402927398681641
3.117081880569458,3.4843499660491943,4.060342311859131,4.529959678649902,4.682983875274658,4.768853187561035,4.881476879119873,5.1698689460754395,5.296300888061523,5.335132598876953,5.453390598297119,5.434235095977783,5.381738662719727,5.34439754486084,5.581876754760742,5.971447944641113,5.823385238647461,5.309690475463867,4.976459980010986,4.90117883682251,4.971365928649902,4.98231840133667,4.894820690155029,4.902345657348633,5.320716381072998,5.805798053741455,5.9717936515808105,5.979454517364502,6.035598278045654,6.149994850158691,6.279159069061279,6.370132923126221,6.43145227432251,6.2977986335754395,6.011228084564209,5.664592742919922,5.133932590484619,4.418187141418457,3.6620798110961914,3.0894031524658203,3.033942937850952,3.6916911602020264,4.718328475952148
-1.3104830980300903,-0.42363670468330383,0.8919476270675659,1.8474100828170776,1.695677399635315,1.5584415197372437,1.1490366458892822,1.722208857536316,1.5173572301864624,1.083040714263916,1.374224305152893,0.9606686234474182,0.7295444011688232,0.7711659669876099,1.0071841478347778,1.2701066732406616,1.174267053604126,0.8319195508956909,0.20032848417758942,-0.2874981760978699,0.24285316467285156,1.1097016334533691,1.761291265487671,1.480728030204773,1.2612881660461426,2.097592830657959,3.233428478240967,4.070931911468506,4.960331916809082,5.4498114585876465,5.835461139678955,5.927919864654541,5.38131856918335,4.365377902984619,3.4585177898406982,3.3092122077941895,3.4891774654388428,4.208347797393799,3.846587896347046,3.1676526069641113,4.081879138946533,4.723729133605957,5.235635757446289
-0.6113619804382324,0.2766343057155609,1.0214494466781616,1.7920125722885132,1.9795931577682495,1.9183176755905151,1.1172922849655151,3.072794198989868,4.148239612579346,1.189441442489624,0.6051032543182373,2.0196352005004883,1.3521064519882202,1.6881660223007202,1.5452709197998047,0.7711087465286255,1.3998007774353027,1.1521570682525635,1.3849834203720093,1.4957104921340942,1.4960445165634155,1.4031412601470947,1.9454137086868286,2.0130319595336914,1.8534284830093384,2.9664130210876465,4.420970916748047,5.192333698272705,5.532755374908447,5.829510688781738,6.0177130699157715,5.72149658203125,5.087428092956543,4.646485805511475,4.399938106536865,4.725522518157959,4.793519973754883,4.591828346252441,4.335575103759766,4.419559955596924,5.674792766571045,6.724693775177002,6.594263076782227
-0.5065034627914429,-0.11889317631721497,0.2847951352596283,0.823064386844635,0.7081828713417053,-0.6380707621574402,-1.9996026754379272,-0.507975161075592,1.9179024696350098,0.5242950916290283,-1.5671526193618774,0.5866997241973877,-0.9318282604217529,-0.5357123613357544,0.010404272936284542,-0.881944477558136,1.5121004581451416,-0.23004835844039917,-1.0561013221740723,-0.4397369623184204,-0.40761205554008484,0.19281063973903656,1.0150164365768433,1.360611915588379,1.4989683628082275,2.3441710472106934,4.095539093017578,5.1362481117248535,4.451051235198975,4.728439807891846,5.166799068450928,4.650876998901367,3.9773507118225098,3.701199531555176,4.181492328643799,5.000482082366943,5.088027477264404,4.5662312507629395,3.664868116378784,4.676758766174316,5.84010124206543,6.882318019866943,8.40134334564209
0.6364150643348694,0.5653168559074402,-0.026214394718408585,0.9105176329612732,1.213646411895752,-0.9394310116767883,-4.663767337799072,-2.1408159732818604,2.517641305923462,0.0613374225795269,-3.372013568878174,-1.2421634197235107,-0.19510602951049805,-2.4432320594787598,-1.683613896369934,-0.13612422347068787,0.5610262155532837,0.12785741686820984,-1.825779914855957,-0.8906317949295044,-0.39337870478630066,0.5711696147918701,0.9417880177497864,1.3029118776321411,1.9662965536117554,2.277095317840576,3.8704419136047363,4.214012145996094,3.1485836505889893,4.125910758972168,5.016641139984131,4.282001495361328,3.7118947505950928,3.2327423095703125,4.424868583679199,3.902553081512451,2.828065872192383,5.0320892333984375,5.377119064331055,5.131831169128418,5.872664928436279,6.585360050201416,7.815635681152344
-0.6939286589622498,-0.20927755534648895,0.5044969916343689,-0.31170281767845154,3.0141263008117676,0.9063982963562012,-6.589615345001221,-5.619093894958496,-3.7074763774871826,-3.077995777130127,-3.507107973098755,-4.30357027053833,0.8873609900474548,-1.190181016921997,-4.533308506011963,-2.3680989742279053,-2.1288766860961914,-2.1585566997528076,-1.983856439590454,-1.2760398387908936,-0.7931671142578125,-0.28882521390914917,-0.2193983942270279,-0.9876612424850464,0.8097044229507446,1.8888976573944092,1.339474081993103,2.677194118499756,3.0534610748291016,2.9126150608062744,3.684028148651123,3.740834951400757,2.9053955078125,3.306138038635254,3.709249496459961,3.6838738918304443,5.001740455627441,4.562382698059082,3.7958903312683105,4.919302463531494,6.209986209869385,6.32865571975708,6.856966972351074
0.9629860520362854,0.19658145308494568,-1.9704240560531616,-3.2871413230895996,2.0396134853363037,0.4664973020553589,-6.954503059387207,-5.942312240600586,-4.262617588043213,-4.1420769691467285,-5.397929668426514,-3.6868789196014404,-0.8225705623626709,-2.3105955123901367,-4.884097099304199,-3.2011237144470215,-2.5720741748809814,-3.1833176612854004,-1.6525901556015015,-0.40196362137794495,-0.9086031317710876,-2.1284525394439697,-2.0144050121307373,-2.746208667755127,-0.9240879416465759,0.2386474609375,-0.012066368013620377,1.9449735879898071,2.0402047634124756,0.7695659399032593,1.8097010850906372,3.641463279724121,2.865748405456543,2.6697957515716553,3.5186142921447754,3.6177570819854736,4.4057464599609375,4.0884528160095215,3.2547199726104736,5.496683597564697,6.497331142425537,5.458837985992432,6.800042152404785
-0.8607407808303833,-0.7831721305847168,-3.4116318225860596,-5.055933475494385,-3.9010932445526123,-4.641193866729736,-6.7958784103393555,-7.3564229011535645,-4.822037696838379,-5.363970756530762,-7.6892313957214355,-5.998404502868652,-4.333337783813477,-3.247077703475952,-3.8466451168060303,-3.1013708114624023,-4.209558963775635,-4.022672176361084,-0.11574560403823853,-1.3251668214797974,-4.399186611175537,-3.6654586791992188,-2.4991579055786133,-2.499302625656128,-1.8498790264129639,-0.7569563388824463,0.4486085772514343,1.152746319770813,0.7155190110206604,-0.02826184779405594,0.9985559582710266,1.277627944946289,0.5849031805992126,1.1097667217254639,2.521566867828369,3.623947858810425,3.527763843536377,3.607311487197876,4.178234577178955,4.599552154541016,4.688544750213623,4.30933141708374,4.7506279945373535
-4.298854827880859,-4.187393665313721,-6.703002452850342,-7.709921836853027,-5.77322244644165,-3.4556262493133545,-4.893048286437988,-6.649774551391602,-7.399844646453857,-7.9051995277404785,-7.672636985778809,-6.608554363250732,-3.966780424118042,-0.5748018622398376,-1.8543362617492676,-7.128070831298828,-7.783752918243408,-3.528322219848633,-0.4908265471458435,-2.899531364440918,-5.209482192993164,-5.1173601150512695,-3.7480123043060303,-2.0324034690856934,-1.040526270866394,-0.23177137970924377,-0.17758317291736603,0.6196218729019165,0.3365122079849243,-0.12886495888233185,-0.13627436757087708,0.2545705735683441,0.4228818714618683,0.3179241120815277,1.4506418704986572,2.368215799331665,2.860285758972168,2.8869519233703613,2.867898464202881,3.3491575717926025,4.142067909240723,3.9296317100524902,4.162501811981201
-6.9123735427856445,-4.832569122314453,-6.225580215454102,-6.08760929107666,-6.843564510345459,-5.7283616065979,-6.097683429718018,-6.566728115081787,-5.170500755310059,-5.895966529846191,-6.7922682762146,-5.999471187591553,-5.52655029296875,-4.147640705108643,-5.276414394378662,-7.678874969482422,-6.076033115386963,-2.8913967609405518,-3.1846940517425537,-3.0690667629241943,-4.600554943084717,-5.858309268951416,-2.005493402481079,-1.9837050437927246,-2.274229049682617,0.019630419090390205,0.6519234776496887,0.21943362057209015,0.5554993748664856,-0.7947026491165161,-0.4224907457828522,0.05034193769097328,-0.18178991973400116,0.5698196291923523,0.5274726152420044,1.6708552837371826,2.339655876159668,2.4136316776275635,1.5192726850509644,2.595682382583618,3.637603282928467,4.407598972320557,5.514233589172363
-7.333337783813477,-5.943331241607666,-6.3700666427612305,-7.369561672210693,-7.99791145324707,-6.55734920501709,-5.9420061111450195,-6.066004276275635,-5.858505725860596,-5.725696086883545,-5.785941123962402,-6.71928071975708,-6.435302257537842,-5.967318534851074,-6.5646071434021,-5.240265369415283,-3.418571949005127,-4.323400020599365,-5.76204252243042,-4.947550296783447,-4.660715103149414,-4.89280366897583,-3.784588098526001,-3.9594171047210693,-2.7272565364837646,1.258777379989624,2.4378981590270996,-0.6668934226036072,-0.2581161856651306,-0.5683096051216125,-0.9107515215873718,-0.3799998462200165,-1.3255938291549683,-0.3564293086528778,-0.16803783178329468,0.5341101884841919,1.4562397003173828,1.8637961149215698,1.631585717201233,1.9247249364852905,2.299787998199463,3.1065163612365723,5.272221565246582
-8.294126510620117,-6.6795549392700195,-7.002964019775391,-7.746157169342041,-7.521703243255615,-6.643188953399658,-6.672100067138672,-7.788761138916016,-7.79530143737793,-6.438038349151611,-5.4414825439453125,-6.216306686401367,-6.985898971557617,-7.332787036895752,-7.973526477813721,-6.1159586906433105,-3.9646382331848145,-4.744797229766846,-5.918076515197754,-5.676600456237793,-5.914005279541016,-6.3286566734313965,-5.670748233795166,-4.755099296569824,-2.8883824348449707,-0.07066602259874344,0.2570069134235382,-1.0630720853805542,-0.10606898367404938,-1.1380460262298584,-1.3438308238983154,-0.8234785795211792,-1.570940613746643,-0.994481086730957,-0.19160497188568115,0.11120511591434479,0.7312421202659607,0.9531790614128113,1.2309292554855347,0.815043568611145,0.9425071477890015,2.0500290393829346,3.744807004928589
-8.751124382019043,-7.9924798011779785,-7.459492206573486,-7.859255313873291,-7.48194694519043,-6.673544883728027,-7.989252090454102,-9.757685661315918,-9.047755241394043,-6.8956427574157715,-4.991984844207764,-5.620180606842041,-6.172548770904541,-7.226143836975098,-8.283419609069824,-6.366959571838379,-5.439703464508057,-5.9457221031188965,-5.607049942016602,-5.172903537750244,-5.934271335601807,-6.320511817932129,-6.1668243408203125,-4.875286102294922,-2.2036843299865723,-0.02239980362355709,0.3933892846107483,-1.4462326765060425,-3.50636887550354,-3.703951358795166,-2.8620264530181885,-1.6571719646453857,-2.3164584636688232,-2.4881680011749268,0.7889389991760254,0.2524658441543579,0.047498639672994614,0.721030592918396,0.6613340377807617,0.8813003301620483,1.6584535837173462,2.352147340774536,1.5344758033752441
-9.771839141845703,-9.170989036560059,-8.069628715515137,-7.918436527252197,-7.984434127807617,-8.391172409057617,-8.466630935668945,-7.9076762199401855,-7.75080680847168,-7.315174579620361,-6.146754741668701,-6.02446174621582,-7.131924152374268,-7.568417072296143,-7.357833385467529,-6.476658344268799,-5.650399208068848,-5.475228786468506,-5.058587551116943,-3.8685271739959717,-2.92083740234375,-4.030425548553467,-5.869380950927734,-5.050841808319092,-2.0308620929718018,0.5986366271972656,0.2400244027376175,-1.6379790306091309,-2.9280459880828857,-6.013584136962891,-5.387600898742676,-2.989849090576172,-3.962925434112549,-3.206040620803833,0.6380517482757568,0.82576984167099,0.5865997076034546,0.6827731132507324,0.5001851916313171,1.3052051067352295,1.8468940258026123,1.7661234140396118,-0.021611733362078667
-11.582594871520996,-10.586382865905762,-9.207252502441406,-8.772357940673828,-8.188289642333984,-7.997568607330322,-8.057390213012695,-8.16358757019043,-7.9887285232543945,-7.547438621520996,-7.194979667663574,-6.812247276306152,-6.641820907592773,-7.8203043937683105,-7.674694538116455,-6.290835380554199,-6.380673408508301,-5.668120384216309,-3.7494142055511475,-1.9241517782211304,0.1340232491493225,-2.29467511177063,-6.0595622062683105,-6.212120056152344,-3.6268978118896484,-0.5772191882133484,-0.20639894902706146,-3.0090322494506836,-4.0214385986328125,-4.724671840667725,-6.464873313903809,-4.751568794250488,-3.512228012084961,-2.7011592388153076,-1.7508553266525269,-1.1435796022415161,-0.0239447932690382,0.5560787320137024,1.1749370098114014,0.5193673372268677,-0.727836549282074,0.6974872350692749,1.1031715869903564
-9.58983325958252,-10.956256866455078,-10.724588394165039,-9.566158294677734,-8.88513469696045,-8.74777889251709,-8.377737998962402,-8.121026992797852,-8.1438570022583,-7.583047389984131,-6.955135822296143,-7.11156702041626,-7.804453372955322,-7.962245464324951,-6.919471740722656,-5.542421340942383,-4.551572799682617,-3.4195146560668945,-2.840730905532837,-3.041158437728882,-2.8859710693359375,-5.396973609924316,-6.494992733001709,-6.042038440704346,-5.090303421020508,-2.7185282707214355,-3.1044936180114746,-5.083747386932373,-5.1113057136535645,-5.220371723175049,-5.526474952697754,-3.0568687915802,-2.9271585941314697,-3.6111319065093994,-1.9168503284454346,-0.8390547037124634,-0.8034279942512512,0.9519028067588806,3.400933265686035,-0.3115442991256714,-3.383077621459961,-0.5101744532585144,-0.2639087736606598
