data/wind_data/wind_26_8.json
{"header": {"parameterUnit": "KT", "parameterCategory": 2, "nx": 256, "ny": 198, "lo1": 44.73521041870117, "la1": -3.236724853515625, "lo2": 111.26478576660156, "la2": 43.468475341796875, "dx": 0.2609002888202667, "dy": -0.23708222806453705, "refTime": "2025-02-20 02:00:00", "forecastTime": 0, "parameterNumber": 2, "parameterNumberName": "eastward_wind"}, "data":
[rows 76 to 94 of 198, columns 44 to 87 of 256]
20.516246795654297,21.057388305664062,21.527952194213867,21.903751373291016,22.273914337158203,22.71495246887207,23.179927825927734,23.419858932495117,23.238780975341797,22.732542037963867,22.10230255126953,21.532400131225586,21.219417572021484,21.348299026489258,21.959823608398438,22.860570907592773,23.82933807373047,24.708629608154297,25.394859313964844,25.798612594604492,25.92584991455078,25.93084144592285,26.00452423095703,26.19184684753418,26.448734283447266,26.74592399597168,27.101564407348633,27.5446834564209,28.09412384033203,28.722848892211914,29.298046112060547,29.616914749145508,29.5226993560791,29.010135650634766,28.22440528869629,27.367773056030273,26.620882034301758,26.12701988220215,25.982807159423828,26.223798751831055,26.74365234375,27.289875030517578,27.581424713134766,27.45647621154785
20.35774040222168,20.811506271362305,21.048688888549805,21.238771438598633,21.571001052856445,22.09095001220703,22.81981086730957,23.68650245666504,24.377809524536133,24.513113021850586,24.04094123840332,23.30166244506836,22.74566078186035,22.69305992126465,23.201950073242188,24.0539493560791,24.87449073791504,25.426332473754883,25.75563621520996,26.048465728759766,26.41362953186035,26.799833297729492,27.05936622619629,27.130651473999023,27.128541946411133,27.25780487060547,27.640159606933594,28.24308967590332,28.945802688598633,29.630813598632812,30.19798469543457,30.555171966552734,30.62013053894043,30.33721160888672,29.746414184570312,29.028125762939453,28.423694610595703,28.072315216064453,27.964786529541016,28.050966262817383,28.289072036743164,28.567035675048828,28.697174072265625,28.510820388793945
20.12388038635254,20.473363876342773,20.603546142578125,20.7465763092041,21.088665008544922,21.654708862304688,22.519697189331055,23.711469650268555,24.915023803710938,25.59676170349121,25.558019638061523,25.093477249145508,24.64381217956543,24.505443572998047,24.77618980407715,25.342540740966797,25.914705276489258,26.216787338256836,26.244604110717773,26.278310775756836,26.616239547729492,27.26889991760254,27.95284652709961,28.346433639526367,28.380929946899414,28.309751510620117,28.47419548034668,29.015260696411133,29.80344009399414,30.56545066833496,31.084163665771484,31.29652976989746,31.261974334716797,31.072988510131836,30.788116455078125,30.43779182434082,30.083871841430664,29.82396125793457,29.717777252197266,29.718671798706055,29.721296310424805,29.65965461730957,29.50029182434082,29.207054138183594
20.670780181884766,20.731359481811523,20.657215118408203,20.80914306640625,21.380929946899414,22.29396629333496,23.427509307861328,24.66788101196289,25.769445419311523,26.43854331970215,26.631315231323242,26.527854919433594,26.351221084594727,26.271543502807617,26.371829986572266,26.593765258789062,26.7882137298584,26.830738067626953,26.756549835205078,26.780094146728516,27.107114791870117,27.7318172454834,28.448375701904297,29.007349014282227,29.275775909423828,29.346704483032227,29.485641479492188,29.90410041809082,30.610164642333984,31.401090621948242,31.968101501464844,32.11473083496094,31.881778717041016,31.509037017822266,31.227575302124023,31.123634338378906,31.16066551208496,31.241558074951172,31.266321182250977,31.15508460998535,30.887229919433594,30.522815704345703,30.114425659179688,29.679765701293945
21.675926208496094,21.476057052612305,21.188440322875977,21.238887786865234,21.950101852416992,23.309280395507812,24.94044303894043,26.362165451049805,27.293542861938477,27.717571258544922,27.789600372314453,27.656164169311523,27.417490005493164,27.199703216552734,27.083351135253906,27.04715919494629,27.0441837310791,27.074357986450195,27.207504272460938,27.538536071777344,28.04924964904785,28.607440948486328,29.099075317382812,29.4967041015625,29.834779739379883,30.187602996826172,30.632549285888672,31.19194221496582,31.811511993408203,32.37855911254883,32.734458923339844,32.737510681152344,32.382469177246094,31.84061050415039,31.391603469848633,31.261062622070312,31.497802734375,31.924650192260742,32.25232696533203,32.23997116088867,31.885019302368164,31.366640090942383,30.830398559570312,30.303890228271484
22.156713485717773,21.9627742767334,21.698755264282227,21.856842041015625,22.762426376342773,24.34035301208496,26.1122989654541,27.487611770629883,28.213857650756836,28.431699752807617,28.351940155029297,28.041959762573242,27.581653594970703,27.17430877685547,26.93790626525879,26.81637191772461,26.789182662963867,26.96390151977539,27.426979064941406,28.13605499267578,28.88509750366211,29.4623966217041,29.83243751525879,30.141000747680664,30.57649803161621,31.246362686157227,32.11362075805664,32.99794387817383,33.68034362792969,34.000823974609375,33.905364990234375,33.43613815307617,32.727333068847656,31.977882385253906,31.418367385864258,31.232830047607422,31.468976974487305,31.99715805053711,32.5507926940918,32.801719665527344,32.59720993041992,32.07508850097656,31.49354362487793,30.992992401123047
21.586864471435547,21.832965850830078,21.962011337280273,22.54433822631836,23.861207962036133,25.68905258178711,27.456750869750977,28.6499080657959,29.118192672729492,29.054527282714844,28.712326049804688,28.202993392944336,27.656131744384766,27.25763702392578,27.108230590820312,27.12633514404297,27.238779067993164,27.514171600341797,28.03432846069336,28.68922233581543,29.259634017944336,29.654308319091797,29.97886848449707,30.445938110351562,31.25296974182129,32.449241638183594,33.83613204956055,35.014102935791016,35.645809173583984,35.64985656738281,35.169532775878906,34.35490798950195,33.33067321777344,32.29878616333008,31.530622482299805,31.2130126953125,31.34935188293457,31.804967880249023,32.357879638671875,32.74612808227539,32.77644348144531,32.44265365600586,31.915895462036133,31.43206787109375
20.91236114501953,21.547225952148438,22.11237335205078,23.12148666381836,24.815202713012695,26.861175537109375,28.665367126464844,29.823888778686523,30.23666763305664,30.02429962158203,29.405414581298828,28.66596794128418,28.121675491333008,27.930768966674805,27.98349952697754,28.095129013061523,28.274127960205078,28.66080093383789,29.228933334350586,29.698978424072266,29.856443405151367,29.810104370117188,29.91588020324707,30.524078369140625,31.79407501220703,33.58125686645508,35.418128967285156,36.71430587768555,37.147254943847656,36.808292388916016,35.98678207397461,34.92546463012695,33.77452087402344,32.6931266784668,31.862150192260742,31.430700302124023,31.430850982666016,31.74040412902832,32.12814712524414,32.41096496582031,32.51295471191406,32.43136215209961,32.19856643676758,31.920692443847656
20.78270721435547,21.558353424072266,22.41241455078125,23.703838348388672,25.5599365234375,27.546411514282227,29.109636306762695,30.05199432373047,30.440532684326172,30.289005279541016,29.67072105407715,28.96705436706543,28.60974884033203,28.65839958190918,28.803112030029297,28.784984588623047,28.76628875732422,29.09248924255371,29.761287689208984,30.38968276977539,30.685306549072266,30.759939193725586,30.98663902282715,31.703025817871094,33.08148956298828,34.95499038696289,36.701438903808594,37.67086410522461,37.70503616333008,37.03528594970703,35.92880630493164,34.60187911987305,33.3018913269043,32.24563980102539,31.550283432006836,31.27292251586914,31.383041381835938,31.71688461303711,32.05084991455078,32.24770736694336,32.333499908447266,32.40766143798828,32.5197868347168,32.66512680053711
20.36066246032715,21.26513671875,22.338279724121094,23.8287410736084,25.71196174621582,27.503158569335938,28.741472244262695,29.41705894470215,29.745819091796875,29.72745704650879,29.43051528930664,29.229042053222656,29.337902069091797,29.49117660522461,29.3419246673584,28.89631462097168,28.581945419311523,28.81950569152832,29.542871475219727,30.34807014465332,31.048124313354492,31.804990768432617,32.76499557495117,33.885772705078125,35.195865631103516,36.68516159057617,37.933799743652344,38.45625686645508,38.16267013549805,37.223297119140625,35.810401916503906,34.118980407714844,32.37580108642578,30.914968490600586,30.025548934936523,29.822952270507812,30.187740325927734,30.858938217163086,31.53013038635254,32.034690856933594,32.40497970581055,32.75075912475586,33.1295166015625,33.540374755859375
19.304113388061523,20.353382110595703,21.51008415222168,22.964326858520508,24.694189071655273,26.39141082763672,27.749242782592773,28.706295013427734,29.293846130371094,29.53285026550293,29.643861770629883,29.935916900634766,30.239953994750977,30.03919792175293,29.245779037475586,28.34835433959961,27.984113693237305,28.46736717224121,29.50115394592285,30.598909378051758,31.709087371826172,33.00464630126953,34.43816375732422,35.78877639770508,36.989585876464844,38.11451721191406,39.028839111328125,39.3853759765625,39.0227165222168,38.09353256225586,36.8588981628418,35.482173919677734,33.936195373535156,32.2383918762207,30.69245719909668,29.72453498840332,29.491962432861328,29.766082763671875,30.270854949951172,30.889976501464844,31.652164459228516,32.5806884765625,33.5664176940918,34.400325775146484
18.21448516845703,19.113155364990234,20.15324592590332,21.393081665039062,22.941509246826172,24.767290115356445,26.687406539916992,28.343679428100586,29.439489364624023,30.047813415527344,30.50715446472168,30.88029670715332,30.68177604675293,29.649578094482422,28.260778427124023,27.33799171447754,27.508525848388672,28.776506423950195,30.387535095214844,31.826217651367188,33.1800422668457,34.59525680541992,35.87650680541992,36.85395050048828,37.74734115600586,38.81525802612305,39.880027770996094,40.442771911621094,40.254093170166016,39.472171783447266,38.35736083984375,37.10641860961914,35.85953140258789,34.66843032836914,33.56441116333008,32.63426971435547,31.894147872924805,31.257844924926758,30.746662139892578,30.531940460205078,30.81065559387207,31.655052185058594,32.930206298828125,34.26802444458008
17.55293846130371,18.063302993774414,18.96441650390625,20.249582290649414,21.947158813476562,24.04498291015625,26.34272003173828,28.381576538085938,29.775840759277344,30.599430084228516,31.08505630493164,31.02613067626953,30.093542098999023,28.525218963623047,27.09977912902832,26.734729766845703,27.95822525024414,30.078454971313477,32.10676956176758,33.71503829956055,35.04890441894531,36.123680114746094,36.72255325317383,37.05250930786133,37.70370101928711,38.9197998046875,40.31003189086914,41.2607536315918,41.44486618041992,40.93757629394531,39.9130744934082,38.56896209716797,37.18532943725586,36.00481033325195,35.091400146484375,34.371177673339844,33.771358489990234,33.265708923339844,32.90325164794922,32.70664596557617,32.6085090637207,32.61249542236328,32.89301681518555,33.554927825927734
17.624786376953125,17.79447364807129,18.66469955444336,20.133256912231445,22.08130645751953,24.365171432495117,26.738309860229492,28.88104820251465,30.49267578125,31.4365234375,31.54232406616211,30.682552337646484,29.17567253112793,27.625707626342773,26.80008888244629,27.42992401123047,29.397382736206055,31.6585636138916,33.563270568847656,35.15540313720703,36.479835510253906,37.218177795410156,37.298118591308594,37.32725143432617,37.95475387573242,39.20998001098633,40.594966888427734,41.55945587158203,41.9102783203125,41.75691223144531,41.1280632019043,40.003868103027344,38.60521697998047,37.2747802734375,36.25364303588867,35.560638427734375,35.057403564453125,34.6722526550293,34.52265930175781,34.678916931152344,34.911746978759766,34.90248489379883,34.607696533203125,34.27289581298828
18.392343521118164,18.30118751525879,19.022188186645508,20.4540958404541,22.449600219726562,24.845937728881836,27.356327056884766,29.727489471435547,31.657981872558594,32.61723327636719,32.17456817626953,30.752973556518555,29.200603485107422,28.122501373291016,27.99154281616211,29.059226989746094,30.894927978515625,32.79091262817383,34.49245071411133,36.048091888427734,37.268348693847656,37.84959030151367,38.01464080810547,38.28164291381836,38.913543701171875,39.89077377319336,40.95281219482422,41.746192932128906,42.11835861206055,42.09046936035156,41.70332336425781,40.97085189819336,39.937355041503906,38.755287170410156,37.67970657348633,36.91709899902344,36.551753997802734,36.57402038574219,36.9051513671875,37.354949951171875,37.59781265258789,37.355674743652344,36.65509033203125,35.804290771484375
19.243879318237305,19.067785263061523,19.60506248474121,20.919158935546875,22.93006134033203,25.46582794189453,28.266372680664062,30.959484100341797,32.96170425415039,33.58488464355469,32.84737014770508,31.518573760986328,30.396963119506836,29.78519058227539,29.776378631591797,30.598228454589844,32.145263671875,33.92692565917969,35.583030700683594,36.939945220947266,37.866546630859375,38.465633392333984,39.040069580078125,39.64965057373047,40.176544189453125,40.645084381103516,41.168251037597656,41.7519416809082,42.23542404174805,42.397178649902344,42.18807601928711,41.72566223144531,41.11518859863281,40.41627883911133,39.689910888671875,39.083526611328125,38.83507537841797,39.07040786743164,39.65147399902344,40.212791442871094,40.326541900634766,39.79166030883789,38.7630500793457,37.59846496582031
20.47802734375,20.368759155273438,20.811511993408203,21.927024841308594,23.778615951538086,26.32745361328125,29.35140037536621,32.211769104003906,33.962833404541016,34.31417465209961,33.78290557861328,32.952362060546875,32.09135818481445,31.306072235107422,31.00388526916504,31.781110763549805,33.49674987792969,35.35226821899414,36.77125549316406,37.6767578125,38.326019287109375,39.093509674072266,40.01895523071289,40.74214172363281,41.03330612182617,41.0654182434082,41.20552062988281,41.60065841674805,42.04057693481445,42.25973129272461,42.24421310424805,42.16081237792969,42.13425064086914,42.10535430908203,41.90749740600586,41.607444763183594,41.51768112182617,41.79462432861328,42.252342224121094,42.491722106933594,42.1862678527832,41.28828048706055,40.04931640625,38.83316421508789
21.928810119628906,22.01967430114746,22.469358444213867,23.387048721313477,24.985492706298828,27.417083740234375,30.398502349853516,33.14360809326172,34.86246871948242,35.45195007324219,35.3126335144043,34.73575210571289,33.75341796875,32.61967086791992,32.14520263671875,32.995967864990234,34.76384735107422,36.46342468261719,37.54578399658203,38.1048583984375,38.679832458496094,39.67609405517578,40.779022216796875,41.371334075927734,41.345333099365234,41.185569763183594,41.33473587036133,41.767303466796875,42.1799201965332,42.375999450683594,42.490135192871094,42.798980712890625,43.36027526855469,43.91691207885742,44.168907165527344,44.13445281982422,44.06658172607422,44.06340789794922,43.97489547729492,43.623233795166016,42.968109130859375,42.04985046386719,40.957183837890625,39.849369049072266
23.069313049316406,23.42359733581543,24.038846969604492,24.99544906616211,26.632465362548828,28.94773292541504,31.571094512939453,34.26750564575195,36.50712966918945,37.516048431396484,37.433067321777344,36.882789611816406,35.880714416503906,34.614784240722656,33.993675231933594,34.61086654663086,36.00764465332031,37.29821014404297,37.96238708496094,38.18987274169922,38.73869705200195,39.995426177978516,41.350440979003906,41.943687438964844,41.78103256225586,41.62648010253906,41.966548919677734,42.618247985839844,43.195350646972656,43.57251739501953,43.94556427001953,44.53416442871094,45.268497467041016,45.872169494628906,46.17924499511719,46.24071502685547,46.08159637451172,45.66054153442383,44.98454666137695,44.192588806152344,43.44679260253906,42.764156341552734,42.027278900146484,41.14912796020508
