data/wind_data/wind_65_3.json
{"header": {"parameterUnit": "KT", "parameterCategory": 2, "nx": 256, "ny": 198, "lo1": 44.73521041870117, "la1": -3.236724853515625, "lo2": 111.26478576660156, "la2": 43.468475341796875, "dx": 0.2609002888202667, "dy": -0.23708222806453705, "refTime": "2025-02-21 17:00:00", "forecastTime": 0, "parameterNumber": 2, "parameterNumberName": "eastward_wind"}, "data":
[rows 0 to 18 of 198, columns 88 to 131 of 256]
-0.8324607610702515,-0.40836477279663086,-0.0641440749168396,0.2199012190103531,0.42649590969085693,0.5844765901565552,0.7743375897407532,0.9383853673934937,0.9677881002426147,1.0135680437088013,1.2689800262451172,1.478179693222046,1.4436923265457153,1.4652503728866577,1.6951403617858887,1.8197927474975586,1.743117094039917,1.7324270009994507,1.8191221952438354,1.9698714017868042,2.1826868057250977,2.409935474395752,2.647859811782837,2.860811471939087,3.0328404903411865,3.083479642868042,3.0155797004699707,2.7485105991363525,2.434494972229004,2.3058385848999023,2.273998975753784,2.321507215499878,2.422264337539673,2.548815965652466,2.7337770462036133,3.018150568008423,3.223283290863037,3.3014075756073,3.2944350242614746,3.194749116897583,3.22918438911438,3.397641658782959,3.4663243293762207,3.4547817707061768
-1.079514741897583,-0.7609723210334778,-0.45195963978767395,-0.2024480253458023,-0.027681849896907806,0.17129594087600708,0.35827845335006714,0.3894619345664978,0.3157522678375244,0.400249719619751,0.7141903638839722,0.9383229613304138,0.9716312885284424,1.0522609949111938,1.2312016487121582,1.2750440835952759,1.1747395992279053,1.209208607673645,1.3629722595214844,1.5593652725219727,1.7519444227218628,1.8944625854492188,2.0948688983917236,2.358381509780884,2.5824387073516846,2.6008830070495605,2.437319040298462,2.1780028343200684,1.9075300693511963,1.7526549100875854,1.6834239959716797,1.7150427103042603,1.799193024635315,1.8644020557403564,1.9515390396118164,2.1048412322998047,2.274400234222412,2.500331163406372,2.625722646713257,2.573286294937134,2.6760194301605225,2.9339334964752197,2.998675584793091,2.91264009475708
-1.2732890844345093,-1.0144933462142944,-0.8055925965309143,-0.6144694685935974,-0.4429207146167755,-0.18972092866897583,-0.06766150891780853,-0.16444961726665497,-0.2835310697555542,-0.1579483151435852,0.1764664500951767,0.4798382818698883,0.6860477924346924,0.8169235587120056,0.8527660965919495,0.8324121236801147,0.7700471878051758,0.7332911491394043,0.6944206953048706,0.8286187052726746,1.0895684957504272,1.252436637878418,1.4543640613555908,1.759798288345337,1.9731767177581787,1.9241291284561157,1.6939797401428223,1.4015570878982544,1.1303753852844238,1.0812981128692627,1.087271809577942,1.0269381999969482,1.013193130493164,1.0127935409545898,1.0348514318466187,1.156501054763794,1.3486274480819702,1.6230769157409668,1.866830587387085,1.9925652742385864,2.174945831298828,2.4077975749969482,2.5144519805908203,2.5512800216674805
-0.8625603914260864,-0.4878233075141907,-0.5426852107048035,-0.16658367216587067,-0.04065961018204689,0.167311891913414,0.0829208642244339,-0.16279131174087524,-0.3836374580860138,-0.3867834210395813,-0.2586398720741272,0.04857739061117172,0.5991034507751465,0.8310589790344238,0.59377121925354,0.6410825252532959,0.6272516846656799,0.49203115701675415,0.2647722065448761,0.38049212098121643,0.6538700461387634,0.735268771648407,0.848351240158081,1.1749175786972046,1.2105616331100464,1.0463247299194336,0.8481857776641846,0.5626136660575867,0.20691105723381042,0.14669951796531677,0.20186568796634674,0.12056379020214081,0.050279464572668076,-0.023274779319763184,-0.12111368030309677,-0.09309731423854828,0.0626034215092659,0.3178264796733856,0.6942901611328125,1.1100249290466309,1.432774305343628,1.6487860679626465,1.7963463068008423,1.9750325679779053
1.031812071800232,2.598818302154541,1.531976342201233,3.533721923828125,3.4022066593170166,3.625143051147461,3.7554619312286377,3.1567180156707764,1.7508071660995483,0.45959287881851196,-0.6188992261886597,-1.2552753686904907,1.2589848041534424,2.027726173400879,0.8490657210350037,1.5071463584899902,1.6326990127563477,1.7062267065048218,1.2545799016952515,1.5405619144439697,1.321393609046936,0.22960126399993896,-0.2553386688232422,0.8770783543586731,0.019877221435308456,-0.8634888529777527,-0.8880935907363892,-1.1529769897460938,-1.6973586082458496,-2.1445205211639404,-2.450378656387329,-2.546078681945801,-2.564579725265503,-2.7952768802642822,-3.1325056552886963,-3.3804731369018555,-3.2861154079437256,-2.950932264328003,-2.512908935546875,-1.7714314460754395,-1.0641833543777466,-0.7578544616699219,-0.8103178143501282,-0.5535250306129456
0.4508592486381531,1.8466190099716187,1.992353916168213,2.2406492233276367,0.9206823706626892,1.0681109428405762,0.5009719729423523,0.667804479598999,1.8071446418762207,-0.23556004464626312,-3.9179751873016357,-2.1381914615631104,-1.0429316759109497,-1.1612722873687744,-0.4154196083545685,0.3282841444015503,0.7540200352668762,0.4214687943458557,-2.181898355484009,-0.3185926675796509,1.5511891841888428,0.8501966595649719,-0.3590472340583801,0.06136319041252136,-0.8694831132888794,-1.8233753442764282,-1.1603366136550903,-1.498039960861206,-2.1228525638580322,-2.3222496509552,-2.1635494232177734,-2.2090086936950684,-2.2472963333129883,-2.469247341156006,-2.640254020690918,-2.8119277954101562,-2.8244972229003906,-2.449735164642334,-1.904009461402893,-1.4664686918258667,-1.0521202087402344,-0.7144626379013062,-0.43411266803741455,0.15715476870536804
-0.8027034997940063,0.817317008972168,1.6458854675292969,0.44812875986099243,-0.27668091654777527,-0.1955781877040863,-1.2945576906204224,0.036504797637462616,0.21875017881393433,-2.349910020828247,-3.820524215698242,-3.1655890941619873,-3.7026312351226807,-2.6734490394592285,-2.396876811981201,-2.0139780044555664,-1.7806644439697266,-3.003401517868042,-4.34984827041626,-2.8930766582489014,-1.845289707183838,-0.5571408867835999,-0.9499053359031677,-1.9209665060043335,-2.319192886352539,-2.4537527561187744,-2.0191049575805664,-2.243837356567383,-2.679053783416748,-2.5856730937957764,-2.649181842803955,-2.6216506958007812,-2.440084934234619,-2.658673048019409,-2.9394540786743164,-3.0577166080474854,-3.099905252456665,-2.979257583618164,-2.7321126461029053,-2.3150851726531982,-1.8601224422454834,-1.378232717514038,-0.9136439561843872,-1.203500509262085
-1.4078350067138672,-1.717984914779663,0.0912945419549942,-0.47324803471565247,-3.3735620975494385,-2.3627572059631348,-2.8042924404144287,-1.359745740890503,0.08840569108724594,-1.661250114440918,-3.649988889694214,-4.152126789093018,-4.154851913452148,-3.472398281097412,-4.5189595222473145,-4.428874492645264,-3.850344657897949,-4.552605152130127,-4.237300872802734,-3.676483154296875,-2.7572848796844482,-2.2363181114196777,-2.6246280670166016,-3.2750635147094727,-2.5928306579589844,-2.8411824703216553,-2.6873157024383545,-2.6675784587860107,-2.8610422611236572,-2.758249521255493,-2.8276455402374268,-2.950751781463623,-2.7336249351501465,-2.5384621620178223,-2.558027744293213,-2.7531864643096924,-3.04380464553833,-3.152193784713745,-3.0760273933410645,-2.649930953979492,-2.0092618465423584,-1.6742162704467773,-2.6828694343566895,-3.7784132957458496
-2.2042596340179443,-3.6350879669189453,-2.260610342025757,-2.7828922271728516,-3.4063262939453125,-3.435213327407837,-3.189077854156494,-2.6302969455718994,-0.7587385177612305,-0.9565513134002686,-4.393434524536133,-3.290590763092041,-3.984205484390259,-4.9558515548706055,-3.9159674644470215,-4.4975385665893555,-3.922227382659912,-8.095861434936523,-3.5569379329681396,1.5405601263046265,-3.4531137943267822,-1.9921845197677612,-2.7557146549224854,-3.681490898132324,-2.0784544944763184,-3.1603474617004395,-3.441300868988037,-3.1138670444488525,-2.950993061065674,-2.8486762046813965,-2.969237804412842,-3.176257371902466,-2.9641335010528564,-2.7029337882995605,-2.565096139907837,-2.600949287414551,-2.9179177284240723,-3.310962677001953,-3.5652365684509277,-3.282655954360962,-2.44240665435791,-2.154733896255493,-2.7028911113739014,-3.3126490116119385
-3.536076784133911,-4.882637023925781,-3.4398043155670166,-3.270962953567505,-4.325718879699707,-4.410793304443359,-3.9051997661590576,-3.9392385482788086,-4.551793575286865,-4.440505504608154,-2.4466493129730225,-3.4890434741973877,-4.724874019622803,-6.9947943687438965,-4.149608135223389,-3.4887707233428955,-3.141735076904297,-6.475466728210449,-2.886200428009033,-2.9214634895324707,-5.005675315856934,-3.399449348449707,-2.8499324321746826,-2.356766939163208,-4.6211256980896,-3.290678024291992,-3.544236421585083,-3.51361083984375,-2.9988489151000977,-2.8677337169647217,-2.9832372665405273,-3.0918002128601074,-3.215414047241211,-3.2630181312561035,-2.943521499633789,-2.53124737739563,-2.6085174083709717,-3.298175811767578,-4.054771900177002,-3.915351152420044,-3.089816093444824,-2.2448222637176514,-0.41975802183151245,-0.7369614243507385
-3.052011251449585,-4.813357353210449,-2.9708163738250732,-3.503434419631958,-3.863081932067871,-5.547863006591797,-5.286468505859375,-5.003332614898682,-6.615359306335449,-5.153830051422119,-3.429844617843628,-3.976670265197754,-5.415426254272461,-5.643425941467285,-6.093014717102051,-5.571783065795898,-5.717357158660889,-5.264820098876953,-3.8740267753601074,-4.672689914703369,-6.3717474937438965,-6.059074878692627,-3.867122173309326,-2.5032896995544434,-3.255699872970581,-3.679741382598877,-3.171638011932373,-3.3997721672058105,-3.4448797702789307,-2.960310935974121,-2.9361913204193115,-2.984750509262085,-3.4765310287475586,-3.739675998687744,-3.4937517642974854,-3.1030433177948,-3.1954758167266846,-3.971250295639038,-4.882943153381348,-5.063191890716553,-4.591935157775879,-3.199528932571411,-1.7080929279327393,-1.7066924571990967
-4.557547092437744,-3.5833637714385986,-3.7023205757141113,-4.83666467666626,-6.1622395515441895,-6.492897033691406,-5.756166458129883,-6.590922832489014,-9.07616138458252,-5.109774589538574,-9.67104434967041,-4.532784461975098,-5.9206109046936035,-6.088322162628174,-7.718963623046875,-8.744200706481934,-9.556300163269043,-8.469770431518555,-6.275314807891846,-6.842096328735352,-10.963058471679688,-9.908098220825195,-5.216410160064697,-1.0261720418930054,-2.7418212890625,-3.80914044380188,-3.5061628818511963,-2.697371244430542,-3.5408332347869873,-3.084188938140869,-2.803720235824585,-3.3555872440338135,-3.8257925510406494,-4.116333484649658,-4.05741024017334,-3.839877128601074,-4.031991004943848,-5.389196395874023,-6.26701545715332,-5.5261712074279785,-5.168530464172363,-4.125757217407227,-4.094578266143799,-1.699865698814392
-2.9456374645233154,-3.7788119316101074,-4.090712547302246,-4.872897624969482,-6.2946457862854,-7.027540683746338,-6.594686031341553,-6.936487197875977,-8.004988670349121,-7.824647903442383,-6.223474025726318,-6.324818134307861,-5.618067264556885,-6.582329273223877,-7.835529327392578,-8.234953880310059,-8.35075855255127,-8.496221542358398,-7.9357194900512695,-10.306441307067871,-14.660283088684082,-13.534106254577637,-4.923712253570557,-0.2399882674217224,-3.3983118534088135,-3.8242297172546387,-4.013203144073486,-2.6895108222961426,-3.1518566608428955,-3.2766613960266113,-3.2093446254730225,-4.038574695587158,-4.312854766845703,-4.2820634841918945,-4.732513904571533,-4.75673246383667,-4.28729248046875,-6.274939060211182,-6.334572792053223,-4.592237949371338,-5.418519020080566,-6.453432559967041,-4.11890983581543,-2.1101534366607666
-4.242676734924316,-4.627914905548096,-4.471787929534912,-5.147088527679443,-6.184140205383301,-7.0203094482421875,-7.235239505767822,-7.320369243621826,-7.272912979125977,-6.763363361358643,-6.660728454589844,-6.568569660186768,-5.726229667663574,-6.579427719116211,-7.636037826538086,-7.954960823059082,-7.749984264373779,-8.265942573547363,-8.74345874786377,-11.82991886138916,-17.264822006225586,-15.43394947052002,-4.607297420501709,1.9847204685211182,-3.5702943801879883,-3.1331799030303955,-4.851254940032959,-3.358334541320801,-3.824477434158325,-3.4264283180236816,-3.56912899017334,-4.990954399108887,-4.368439674377441,-6.350262641906738,-7.002257823944092,-5.055258274078369,-3.7309861183166504,-6.337320327758789,-7.085312843322754,-6.547800540924072,-5.751490116119385,-6.147527694702148,-7.523477077484131,-6.392126083374023
-3.7674741744995117,-4.490190505981445,-5.0339131355285645,-5.750396728515625,-6.240514278411865,-6.271135330200195,-6.230971813201904,-6.6310133934021,-7.380921840667725,-7.523551940917969,-7.020134925842285,-6.765354156494141,-6.902747631072998,-6.845284938812256,-7.191465377807617,-7.703805923461914,-8.412617683410645,-9.786718368530273,-10.618576049804688,-11.709649085998535,-11.934605598449707,-7.626038551330566,-6.156279563903809,-10.467700004577637,-7.665114879608154,-5.3105244636535645,-5.6550374031066895,-4.657108306884766,-3.7187724113464355,-3.2092840671539307,-5.855274200439453,-11.695881843566895,-0.04662184417247772,-10.251606941223145,-10.416754722595215,-3.986137628555298,-7.971501350402832,-11.202651023864746,-9.034676551818848,-3.4555366039276123,-4.2342000007629395,-4.184271812438965,-5.6001505851745605,-6.605500221252441
-4.251263618469238,-4.678330421447754,-4.970212459564209,-5.277803421020508,-5.433195114135742,-5.396450042724609,-5.635530948638916,-6.2298126220703125,-7.2252726554870605,-7.612520217895508,-7.385047912597656,-7.6781463623046875,-7.67528772354126,-7.496190547943115,-7.4226460456848145,-6.579710960388184,-5.746929168701172,-8.531510353088379,-10.681317329406738,-11.06939697265625,-11.726938247680664,-9.04387378692627,-6.644674777984619,-7.246978282928467,-6.093913555145264,-9.221158027648926,0.6653699278831482,-7.447319030761719,-4.2839436531066895,-6.197052955627441,-3.633368492126465,-6.529750823974609,-8.017709732055664,-6.047770977020264,-7.048272132873535,-5.658519268035889,-7.40552282333374,-10.525299072265625,-8.004084587097168,-3.362220287322998,-6.558417797088623,-6.474953651428223,-7.453269958496094,-5.437438488006592
-4.427616119384766,-4.673050403594971,-4.805853366851807,-4.777402877807617,-4.944174766540527,-5.1389970779418945,-5.700990676879883,-6.667945384979248,-7.301770210266113,-7.390456676483154,-8.006867408752441,-8.747426986694336,-8.936053276062012,-8.93371868133545,-8.945947647094727,-8.840958595275879,-8.94830322265625,-9.05651569366455,-9.515236854553223,-10.366983413696289,-10.465730667114258,-8.909703254699707,-6.227571964263916,-4.977372646331787,-7.361687183380127,-4.720561981201172,-11.023133277893066,-14.33519458770752,-8.925403594970703,-5.223875999450684,-7.084382057189941,-5.162132263183594,-5.646746635437012,-6.716014862060547,-7.354815483093262,-7.836869716644287,-9.73708724975586,-9.896909713745117,-6.919821739196777,-6.6335673332214355,-19.07689094543457,-13.044855117797852,-7.763535022735596,-6.226805210113525
-4.62217378616333,-4.711005687713623,-4.479983329772949,-4.6861677169799805,-5.2757110595703125,-5.959591865539551,-6.504156589508057,-6.866315841674805,-7.09774112701416,-7.836627960205078,-9.084189414978027,-9.914689064025879,-10.118148803710938,-10.12895679473877,-10.508200645446777,-10.940679550170898,-10.708141326904297,-9.863531112670898,-9.161589622497559,-9.868978500366211,-10.594595909118652,-9.39094066619873,-7.476625919342041,-6.233301639556885,-6.713231086730957,-6.46057653427124,-2.9054293632507324,-6.224048137664795,-4.763293743133545,-7.293189525604248,-4.663838863372803,-4.5541486740112305,-7.197896480560303,-6.072208404541016,-6.5380988121032715,-7.322599411010742,-8.720304489135742,-8.893898963928223,-7.174740791320801,-9.193559646606445,-14.062317848205566,-7.799266815185547,-6.8124308586120605,-6.135865211486816
-4.937408924102783,-4.810778617858887,-4.597020626068115,-5.671163082122803,-6.397171497344971,-7.228255748748779,-7.428976058959961,-7.6494550704956055,-8.041337013244629,-8.794177055358887,-9.78939437866211,-10.571511268615723,-10.8102445602417,-10.948753356933594,-11.397305488586426,-11.777910232543945,-11.45093822479248,-10.996626853942871,-10.68345832824707,-10.124687194824219,-9.573700904846191,-9.081974983215332,-8.316169738769531,-7.053468704223633,-6.210599422454834,-5.257438659667969,-5.98465633392334,-10.46440315246582,-4.101805686950684,-8.811290740966797,-6.103455543518066,-7.312299728393555,-6.715913772583008,-5.540042877197266,-5.892625331878662,-6.332245826721191,-8.133261680603027,-8.465896606445312,-7.779945373535156,-6.081241130828857,-7.440230846405029,-9.168341636657715,-7.506346225738525,-6.723291873931885
