data/wind_data/wind_4_9.json
{"header": {"parameterUnit": "KT", "parameterCategory": 2, "nx": 256, "ny": 198, "lo1": 44.73521041870117, "la1": -3.236724853515625, "lo2": 111.26478576660156, "la2": 43.468475341796875, "dx": 0.2609002888202667, "dy": -0.23708222806453705, "refTime": "2025-02-19 04:00:00", "forecastTime": 0, "parameterNumber": 2, "parameterNumberName": "eastward_wind"}, "data":
[rows 95 to 113 of 198, columns 129 to 171 of 256]
1.6341968774795532,2.7145330905914307,2.4486680030822754,1.296607255935669,0.837465763092041,1.074546456336975,0.9420390725135803,0.23838858306407928,-0.7152655720710754,-1.6441264152526855,-1.921531081199646,-0.9279084801673889,1.1038782596588135,2.3970558643341064,1.8046475648880005,0.37377604842185974,-0.4532809257507324,-0.4219690263271332,-0.5061832666397095,-1.268953800201416,-1.8294821977615356,-1.722103476524353,-1.2064688205718994,-0.39882826805114746,0.5063055157661438,0.6328824162483215,-0.09254321455955505,-0.6518414616584778,-0.34377795457839966,0.37254610657691956,0.6772767305374146,0.3673320710659027,-0.755547285079956,-2.4944748878479004,-3.5591940879821777,-3.725592613220215,-3.9900269508361816,-4.387644290924072,-4.162071704864502,-3.8841278553009033,-4.722201824188232,-5.6175103187561035,-5.075855255126953
1.7089577913284302,2.12381911277771,1.9277302026748657,1.5476140975952148,1.5386970043182373,1.5403343439102173,1.0015325546264648,0.20163331925868988,-0.5841792821884155,-1.3689055442810059,-1.5780413150787354,-0.5013702511787415,1.5372648239135742,2.9954609870910645,2.8934788703918457,1.8079164028167725,0.4885959327220917,-0.556460976600647,-0.8793448209762573,-1.0210468769073486,-1.3352365493774414,-1.654884934425354,-1.6184840202331543,-1.1697419881820679,-0.45474773645401,-0.006540758069604635,-0.03556312993168831,-0.03085610456764698,0.0010692918440327048,0.020395861938595772,-0.15214957296848297,-0.4058728814125061,-0.5796153545379639,-1.5059309005737305,-2.956653356552124,-3.581259250640869,-3.5899124145507812,-3.7364377975463867,-3.569180488586426,-3.3193373680114746,-3.998826742172241,-5.019077777862549,-4.594008445739746
1.2916653156280518,1.1220295429229736,0.5699124932289124,0.6679366827011108,1.6694586277008057,2.5634963512420654,2.2697741985321045,1.011900544166565,-0.27770504355430603,-1.2963125705718994,-1.7771668434143066,-0.984415590763092,0.8733929991722107,2.348457098007202,2.5943429470062256,2.0354738235473633,1.1742609739303589,0.22786343097686768,-0.13594046235084534,-0.2715723514556885,-0.9007585048675537,-1.466179609298706,-1.6765607595443726,-1.933350682258606,-2.045504570007324,-1.5728501081466675,-0.8882989883422852,-0.1380470097064972,0.22779913246631622,-0.24060040712356567,-0.7883904576301575,-0.8179886937141418,-0.5620318651199341,-0.8172758221626282,-1.9326705932617188,-2.970656394958496,-3.2260608673095703,-2.8845925331115723,-2.4003286361694336,-2.446338415145874,-3.262727737426758,-4.332316875457764,-3.972254991531372
0.8167768120765686,0.9120210409164429,0.46304288506507874,-0.020442025735974312,0.5389214754104614,1.8579297065734863,2.4257113933563232,1.8394148349761963,0.7920524477958679,-0.5480825901031494,-1.8587290048599243,-1.9656434059143066,-0.49794214963912964,1.2880791425704956,2.060366630554199,1.8531650304794312,1.3944553136825562,1.0901840925216675,1.0743553638458252,0.825276792049408,-0.09715639799833298,-0.9875364303588867,-1.5671955347061157,-2.5391013622283936,-3.640165090560913,-3.4382834434509277,-2.103661060333252,-0.7127060890197754,-0.008523702621459961,-0.37533172965049744,-0.9821774959564209,-0.6703381538391113,-0.1816149801015854,-0.4810959994792938,-1.4175139665603638,-2.2317793369293213,-2.4319980144500732,-1.8268370628356934,-1.1310306787490845,-1.3975744247436523,-2.4439480304718018,-3.254943370819092,-2.8022561073303223
1.3839738368988037,1.7739849090576172,1.5835895538330078,0.43370500206947327,-0.4619084894657135,-0.2592145800590515,0.35438764095306396,0.9201503992080688,1.167193055152893,0.37849926948547363,-1.1704790592193604,-2.020371198654175,-1.37666916847229,0.24161522090435028,1.6056294441223145,1.9413456916809082,1.6897380352020264,1.5023081302642822,1.5760449171066284,1.3983832597732544,0.6254826188087463,-0.2486829310655594,-1.1420762538909912,-2.5645153522491455,-4.1114821434021,-4.355525016784668,-3.120002269744873,-1.51728355884552,-0.5346549153327942,-0.6569230556488037,-1.2316436767578125,-0.7096153497695923,0.38217681646347046,0.5187340378761292,-0.17087920010089874,-0.7392743229866028,-0.9476092457771301,-0.9956468939781189,-0.9351632595062256,-0.971879243850708,-1.2698203325271606,-1.425218939781189,-1.1297929286956787
2.5851223468780518,2.985126256942749,2.4520766735076904,0.7471278309822083,-1.131598949432373,-1.9456433057785034,-1.456062912940979,-0.3445005714893341,0.5446100234985352,0.38656726479530334,-0.755859911441803,-1.5651144981384277,-1.279679298400879,-0.1575944721698761,1.1980122327804565,1.9788713455200195,1.8516216278076172,1.2878164052963257,1.1234283447265625,1.2534140348434448,1.0561412572860718,0.4079315662384033,-0.5717777609825134,-1.908124327659607,-3.1935601234436035,-3.6124026775360107,-2.9944868087768555,-2.1136908531188965,-1.4332178831100464,-1.1324082612991333,-1.2320979833602905,-0.5488490462303162,1.1971296072006226,2.263202667236328,1.9198743104934692,1.1562453508377075,0.6914604902267456,0.1841774433851242,-0.6388687491416931,-1.031251072883606,-0.5271247625350952,0.3878590762615204,0.8578472137451172
2.6620724201202393,3.485515832901001,2.867657423019409,1.0138145685195923,-1.040037989616394,-2.245195150375366,-1.9173095226287842,-0.8774431943893433,-0.42804190516471863,-0.7674508094787598,-1.388140082359314,-1.39920175075531,-0.5106232762336731,0.4958353340625763,1.216761589050293,1.6609493494033813,1.5208559036254883,0.8099083304405212,0.33457332849502563,0.5873542428016663,0.8959026336669922,0.6104646921157837,-0.10618442296981812,-0.9662052392959595,-1.7644630670547485,-2.148853063583374,-1.9369676113128662,-1.6891276836395264,-1.552154541015625,-1.1704609394073486,-0.7052128314971924,0.15994900465011597,1.891477108001709,3.3953232765197754,3.4106926918029785,2.504281759262085,1.7817885875701904,1.2855310440063477,0.6402608156204224,0.1786428987979889,0.599437415599823,1.566836953163147,2.2092814445495605
1.191992998123169,2.537389039993286,2.8993074893951416,1.814899206161499,0.12619394063949585,-1.3219504356384277,-1.8354758024215698,-1.591630458831787,-1.6778969764709473,-2.138247489929199,-2.265143632888794,-1.6018495559692383,-0.1250116378068924,1.161880373954773,1.4852252006530762,1.2175403833389282,0.8774850964546204,0.4188913106918335,0.12113797664642334,0.3760455250740051,0.8575968146324158,0.7527976036071777,0.211999773979187,-0.2878147065639496,-0.7569445967674255,-1.1310088634490967,-1.0751547813415527,-0.7205047011375427,-0.4236794114112854,-0.1610390990972519,0.14391587674617767,0.9827951788902283,2.652771234512329,4.1101274490356445,4.099903583526611,3.0020737648010254,2.0928311347961426,1.788719892501831,1.8009003400802612,1.9053645133972168,2.314373016357422,3.020367383956909,3.4814748764038086
-0.5779021978378296,1.0501295328140259,2.3670854568481445,2.285825729370117,1.115307092666626,-0.4692452549934387,-2.14528226852417,-3.201993227005005,-3.3500115871429443,-2.967599868774414,-2.484173059463501,-1.8824230432510376,-0.7639427185058594,0.5087416768074036,1.1684595346450806,1.0147656202316284,0.4975806176662445,0.056658849120140076,0.1409192532300949,0.7579283118247986,1.2754921913146973,1.1536489725112915,0.7271228432655334,0.32595962285995483,-0.15658438205718994,-0.637496292591095,-0.6456108093261719,0.0741601437330246,1.002685546875,1.406604528427124,1.211843490600586,1.4876142740249634,2.9092347621917725,4.376330852508545,4.473172664642334,3.2445409297943115,1.9861092567443848,1.6476670503616333,2.1105802059173584,2.8806607723236084,3.579637050628662,4.1023383140563965,4.532391548156738
-1.655367136001587,-0.45308446884155273,0.7252073884010315,1.0787200927734375,0.5825865268707275,-0.6273038387298584,-2.695329427719116,-4.6726884841918945,-5.059042453765869,-4.115347862243652,-2.9967455863952637,-2.1886608600616455,-1.4542317390441895,-0.4037913382053375,0.476204514503479,0.5911560654640198,0.10926233977079391,-0.4287503659725189,-0.3708520233631134,0.36903372406959534,1.000506043434143,1.192439317703247,1.3137179613113403,1.3581129312515259,1.092501163482666,0.6644405126571655,0.4872128665447235,0.9843962788581848,2.0441696643829346,2.7351913452148438,2.450524091720581,2.0477418899536133,2.5975687503814697,3.5572307109832764,3.8170061111450195,3.1636295318603516,2.273317337036133,1.9877254962921143,2.414435863494873,3.1456286907196045,3.9390156269073486,4.650681495666504,5.168064117431641
-2.3463077545166016,-2.258059501647949,-1.822706699371338,-1.397955060005188,-1.1924105882644653,-1.5017197132110596,-2.917644500732422,-4.67042350769043,-5.283970355987549,-4.767834663391113,-3.915715456008911,-2.9846389293670654,-1.9443609714508057,-0.7368332743644714,0.07019855082035065,-0.07290384918451309,-0.6231436133384705,-0.9079445600509644,-0.9229834079742432,-0.6281861662864685,-0.12886348366737366,0.3699429929256439,0.8141165375709534,1.3529915809631348,2.0138909816741943,2.509535312652588,2.63551664352417,2.616518974304199,2.9959027767181396,3.555781602859497,3.569488763809204,3.189276933670044,3.119896411895752,3.2367193698883057,3.023752212524414,2.7084708213806152,2.6898093223571777,3.03493595123291,3.50057053565979,3.672564744949341,3.697701930999756,4.126217365264893,4.840909004211426
-3.466468572616577,-3.9734702110290527,-3.616917610168457,-2.9256887435913086,-2.3513917922973633,-2.2736213207244873,-2.9014511108398438,-3.786353349685669,-4.34685754776001,-4.301338195800781,-3.996765375137329,-3.678593158721924,-2.7696731090545654,-1.3646081686019897,-0.5147266983985901,-0.647919237613678,-0.862008273601532,-0.8451454639434814,-1.0298914909362793,-1.230872631072998,-1.1158339977264404,-0.7236931324005127,-0.3015698194503784,0.24833476543426514,1.46237051486969,3.1653103828430176,4.2185235023498535,4.145322799682617,3.685337543487549,3.596536636352539,3.83026385307312,4.057337760925293,4.214907646179199,4.117843151092529,3.547651767730713,2.9817211627960205,3.0521068572998047,3.5959231853485107,3.90446138381958,3.6310009956359863,3.125498056411743,3.0620577335357666,3.768656015396118
-3.618680000305176,-4.363476753234863,-4.152376174926758,-3.3474106788635254,-2.6299238204956055,-2.5141103267669678,-2.6806163787841797,-2.8593974113464355,-3.3061535358428955,-3.697251796722412,-3.678882598876953,-3.695514678955078,-3.476917028427124,-2.5449676513671875,-1.5991894006729126,-1.1649556159973145,-0.8800133466720581,-0.6430968046188354,-0.7205701470375061,-1.013938307762146,-1.0440053939819336,-0.6485338807106018,-0.14280907809734344,0.34422463178634644,1.4000974893569946,3.28075909614563,4.8784050941467285,5.0297770500183105,3.943756341934204,2.841667652130127,2.7662429809570312,3.630617618560791,4.5923285484313965,4.938080310821533,4.421271324157715,3.5089101791381836,3.0533487796783447,3.2404844760894775,3.461500883102417,3.22220516204834,2.7554454803466797,2.5872983932495117,3.1012158393859863
-2.5123417377471924,-3.695660352706909,-4.376430034637451,-3.9121615886688232,-2.9991843700408936,-2.537266492843628,-2.3793773651123047,-2.3259949684143066,-2.6758670806884766,-3.320951223373413,-3.594069719314575,-3.5229897499084473,-3.575662136077881,-3.330007791519165,-2.409372568130493,-1.4196618795394897,-0.7495493292808533,-0.3593544661998749,-0.30764663219451904,-0.5776997208595276,-0.6045111417770386,0.002780282637104392,0.8929344415664673,1.6477105617523193,2.4337944984436035,3.701991081237793,5.120680809020996,5.690711498260498,4.829193592071533,3.11729097366333,1.8643083572387695,2.060741901397705,3.3917460441589355,4.585692405700684,4.489463806152344,3.3063268661499023,2.4290761947631836,2.4074902534484863,2.6959822177886963,3.0395636558532715,3.584115982055664,4.116970062255859,4.448306083679199
-0.9543652534484863,-2.3656535148620605,-3.562817335128784,-3.547046661376953,-2.847640037536621,-2.2698683738708496,-2.017458200454712,-2.0864930152893066,-2.3889124393463135,-2.878037452697754,-3.2097432613372803,-3.2769856452941895,-3.5383095741271973,-3.688763380050659,-2.9444611072540283,-1.5280044078826904,-0.254526823759079,0.48580271005630493,0.5794003009796143,0.2339584231376648,-0.034424036741256714,0.35496383905410767,1.3882665634155273,2.653475522994995,3.700040102005005,4.4284892082214355,5.139081001281738,5.676748752593994,5.350889682769775,3.8901121616363525,2.119635581970215,1.2413108348846436,1.8388421535491943,3.269987106323242,4.055390357971191,3.489751100540161,2.386195421218872,1.9883724451065063,2.3384203910827637,2.9881625175476074,4.036173343658447,5.208256244659424,5.626997947692871
0.3929149806499481,-0.5860434174537659,-1.4850572347640991,-1.9303704500198364,-2.1039042472839355,-2.1241183280944824,-1.9151716232299805,-1.8035112619400024,-2.0325961112976074,-2.518522024154663,-2.969867467880249,-3.0697243213653564,-3.0298638343811035,-3.130737781524658,-2.998060464859009,-1.9330233335494995,-0.35871225595474243,0.8942835330963135,1.4027483463287354,1.5007909536361694,1.5620381832122803,1.6556755304336548,2.065462112426758,3.149306297302246,4.6059675216674805,5.431479454040527,5.258821964263916,4.648980617523193,4.091739654541016,3.3758037090301514,2.333059072494507,1.500206470489502,1.5183560848236084,2.379694938659668,3.4756481647491455,3.893845319747925,3.388227701187134,2.852275848388672,2.982423782348633,3.483861207962036,3.935727119445801,4.224785804748535,4.282321929931641
0.7513330578804016,0.7255122065544128,0.4799778163433075,-0.4459146559238434,-1.84183931350708,-2.9499025344848633,-2.9184062480926514,-2.057920455932617,-1.6527138948440552,-2.1889419555664062,-2.9952831268310547,-3.1901111602783203,-2.659451484680176,-2.10860013961792,-1.8805601596832275,-1.4596110582351685,-0.5948355793952942,0.44452759623527527,1.3105055093765259,2.242386817932129,3.367159605026245,3.8964316844940186,3.736173629760742,4.026057720184326,5.21012020111084,5.9199748039245605,4.928848743438721,2.9810307025909424,1.6261872053146362,1.200503945350647,1.313611388206482,1.8142054080963135,2.444065570831299,3.046630859375,3.7422847747802734,4.394802093505859,4.70035982131958,4.618386745452881,4.305604457855225,3.9690475463867188,3.3776142597198486,2.5985450744628906,2.5659918785095215
0.2062702625989914,0.5525290966033936,0.4908585250377655,-0.5867199897766113,-2.382054090499878,-3.930116653442383,-4.166813373565674,-3.027054786682129,-1.8061203956604004,-1.6302791833877563,-2.2025537490844727,-2.506645917892456,-2.2702667713165283,-1.855042576789856,-1.3246352672576904,-0.7433016896247864,-0.4278586804866791,-0.07825364172458649,0.8009288907051086,2.401967763900757,4.365025043487549,5.495757102966309,5.404569149017334,5.089274883270264,5.259388446807861,5.15568208694458,3.7972936630249023,1.7875651121139526,0.41670170426368713,0.10747818648815155,0.7070543766021729,1.8759881258010864,2.878145456314087,3.6108250617980957,4.248719215393066,4.821447372436523,5.311298847198486,5.408236980438232,4.786118507385254,3.765756368637085,2.766364097595215,2.3698596954345703,3.0558419227600098
-0.9095457792282104,-1.2430410385131836,-1.6159597635269165,-2.2116639614105225,-2.8116135597229004,-3.18227219581604,-3.282299041748047,-2.8366475105285645,-1.8899950981140137,-1.024976134300232,-0.5401092767715454,-0.3915922939777374,-0.7782344818115234,-1.5855220556259155,-1.928803563117981,-1.4719067811965942,-0.8917880654335022,-0.42533960938453674,0.5695952773094177,2.3264780044555664,4.002425670623779,5.033275127410889,5.466715335845947,5.508139610290527,5.132554531097412,4.29109525680542,3.188720226287842,2.0995616912841797,1.4537616968154907,1.3976553678512573,1.6536036729812622,2.059913158416748,2.6952877044677734,3.796954870223999,4.956090927124023,5.584856986999512,5.6699981689453125,5.287475109100342,4.498597621917725,3.583796501159668,3.145390272140503,3.646686553955078,4.230897903442383
