data/wind_data/wind_1_5.json
{"header": {"parameterUnit": "KT", "parameterCategory": 2, "nx": 256, "ny": 198, "lo1": 44.73521041870117, "la1": -3.236724853515625, "lo2": 111.26478576660156, "la2": 43.468475341796875, "dx": 0.2609002888202667, "dy": -0.23708222806453705, "refTime": "2025-02-19 01:00:00", "forecastTime": 0, "parameterNumber": 2, "parameterNumberName": "eastward_wind"}, "data":
[rows 38 to 56 of 198, columns 0 to 43 of 256]
-28.873640060424805,-28.844161987304688,-29.068225860595703,-29.25638771057129,-29.425039291381836,-30.094072341918945,-31.108169555664062,-31.460660934448242,-31.262115478515625,-30.875669479370117,-30.315744400024414,-29.700668334960938,-29.163049697875977,-28.60780143737793,-28.12371253967285,-27.94623565673828,-27.96324920654297,-27.930509567260742,-27.4171085357666,-26.77415657043457,-26.627338409423828,-26.847583770751953,-26.972488403320312,-26.75870132446289,-26.602548599243164,-26.42067527770996,-25.726245880126953,-25.202068328857422,-25.368173599243164,-25.742904663085938,-25.974576950073242,-25.904193878173828,-25.525653839111328,-25.213428497314453,-25.61216163635254,-26.415346145629883,-26.565998077392578,-26.394044876098633,-26.406518936157227,-26.508182525634766,-26.57098960876465,-26.686538696289062,-26.429269790649414,-26.080242156982422
-29.396751403808594,-28.932653427124023,-28.88274383544922,-28.914770126342773,-28.857810974121094,-29.54009437561035,-29.94186782836914,-30.126150131225586,-30.481115341186523,-30.9367733001709,-30.75738525390625,-30.089889526367188,-29.81755256652832,-29.804414749145508,-29.565242767333984,-29.181137084960938,-28.743642807006836,-28.06928825378418,-27.260677337646484,-26.909645080566406,-26.952497482299805,-26.98627281188965,-26.53179168701172,-26.133445739746094,-26.49810028076172,-26.663911819458008,-26.09261703491211,-25.701366424560547,-25.976741790771484,-26.259910583496094,-26.342941284179688,-26.257356643676758,-26.13358497619629,-25.923633575439453,-26.154741287231445,-26.60698127746582,-26.712400436401367,-26.811664581298828,-26.78276824951172,-26.837106704711914,-27.192974090576172,-27.27220344543457,-27.120267868041992,-26.990982055664062
-29.39056396484375,-28.381948471069336,-28.254653930664062,-28.148914337158203,-28.335203170776367,-28.982173919677734,-29.06461524963379,-28.87752914428711,-29.18484878540039,-30.112741470336914,-30.242292404174805,-29.497779846191406,-29.233366012573242,-29.48432159423828,-29.58242416381836,-29.422395706176758,-29.018205642700195,-28.223176956176758,-27.403911590576172,-27.026948928833008,-26.801328659057617,-26.63770294189453,-26.247905731201172,-26.14109992980957,-26.489749908447266,-26.6181697845459,-26.38394546508789,-26.269895553588867,-26.210376739501953,-26.168546676635742,-26.10175895690918,-26.278865814208984,-26.53328514099121,-26.766191482543945,-26.938243865966797,-26.830787658691406,-26.86198616027832,-27.004114151000977,-26.996986389160156,-27.160301208496094,-27.525463104248047,-27.791913986206055,-27.793302536010742,-27.7700252532959
-28.438617706298828,-27.74934959411621,-27.847482681274414,-27.5773983001709,-27.641799926757812,-28.11014175415039,-28.064247131347656,-27.680744171142578,-27.753969192504883,-28.530414581298828,-28.998579025268555,-28.678861618041992,-28.188156127929688,-27.925373077392578,-27.96422576904297,-28.26905059814453,-28.517438888549805,-28.08296012878418,-27.327938079833984,-26.903554916381836,-26.433067321777344,-25.989702224731445,-25.78304672241211,-25.735675811767578,-25.812047958374023,-26.167034149169922,-26.457212448120117,-26.249204635620117,-26.04638671875,-26.16044807434082,-26.164566040039062,-26.011159896850586,-26.192829132080078,-26.546716690063477,-26.722259521484375,-26.47722816467285,-26.309173583984375,-26.36688995361328,-26.449119567871094,-26.616308212280273,-26.819576263427734,-27.036638259887695,-27.235088348388672,-27.57891273498535
-26.635435104370117,-26.831857681274414,-27.515085220336914,-27.460771560668945,-27.384008407592773,-27.02894401550293,-26.402503967285156,-26.07997703552246,-26.32529067993164,-27.039569854736328,-27.732948303222656,-27.832826614379883,-27.377286911010742,-26.875812530517578,-26.8176212310791,-26.972946166992188,-27.150720596313477,-27.10955810546875,-26.7576961517334,-26.347261428833008,-25.729778289794922,-25.126232147216797,-24.844005584716797,-24.703237533569336,-24.77996253967285,-25.312726974487305,-25.763341903686523,-25.697277069091797,-25.617097854614258,-25.62705421447754,-25.645824432373047,-25.363401412963867,-25.18512725830078,-25.14836883544922,-25.316972732543945,-25.49599266052246,-25.294570922851562,-24.830766677856445,-24.74457550048828,-25.036270141601562,-25.403961181640625,-25.7606201171875,-25.7879695892334,-26.17493438720703
-25.277610778808594,-25.273529052734375,-26.690021514892578,-27.720125198364258,-27.4360408782959,-25.967105865478516,-25.143207550048828,-25.022184371948242,-24.946727752685547,-25.251117706298828,-26.264450073242188,-26.747901916503906,-26.48929786682129,-26.308395385742188,-26.24355697631836,-25.90717887878418,-25.500946044921875,-25.581377029418945,-25.638099670410156,-25.369413375854492,-24.918458938598633,-24.379043579101562,-23.796016693115234,-23.55093002319336,-23.702356338500977,-24.19183349609375,-25.019624710083008,-25.543067932128906,-25.253738403320312,-24.7481689453125,-24.468217849731445,-24.308368682861328,-24.16824722290039,-23.839494705200195,-23.768882751464844,-24.291044235229492,-24.575489044189453,-24.161693572998047,-23.713953018188477,-23.5300350189209,-23.71355438232422,-24.127946853637695,-24.321327209472656,-24.788997650146484
-24.7996768951416,-24.288692474365234,-25.601804733276367,-26.596153259277344,-26.75324058532715,-25.513290405273438,-24.59337043762207,-24.787866592407227,-24.68625259399414,-24.258249282836914,-24.528728485107422,-24.880413055419922,-25.439693450927734,-25.773963928222656,-25.54761505126953,-25.026044845581055,-24.443323135375977,-24.322721481323242,-24.366073608398438,-24.097414016723633,-23.82762336730957,-23.607885360717773,-23.213281631469727,-22.90575408935547,-23.230731964111328,-23.557512283325195,-24.110008239746094,-24.59561538696289,-24.512123107910156,-24.00861930847168,-23.44054412841797,-23.16523551940918,-23.21148109436035,-22.99039649963379,-22.78660011291504,-23.12522315979004,-23.553613662719727,-23.424041748046875,-22.96246910095215,-22.48851203918457,-22.29231834411621,-22.57792854309082,-22.97347068786621,-23.298547744750977
-24.03299331665039,-24.373517990112305,-24.93048095703125,-25.48600959777832,-25.388519287109375,-24.986038208007812,-24.538116455078125,-24.571868896484375,-24.31178855895996,-23.875133514404297,-23.43440818786621,-23.022502899169922,-23.499914169311523,-24.48869514465332,-24.601158142089844,-24.416351318359375,-24.135129928588867,-23.741851806640625,-23.187631607055664,-22.792743682861328,-22.828184127807617,-22.935619354248047,-22.875734329223633,-22.55083465576172,-22.549497604370117,-22.54854393005371,-22.56099510192871,-22.5794677734375,-22.73014259338379,-22.925064086914062,-22.7384090423584,-22.264514923095703,-22.06275749206543,-22.10511589050293,-21.989473342895508,-22.166030883789062,-22.461652755737305,-22.144821166992188,-21.74561882019043,-21.47896957397461,-21.077062606811523,-21.023090362548828,-21.478017807006836,-22.071569442749023
-23.328201293945312,-23.498554229736328,-23.823219299316406,-24.461809158325195,-24.946693420410156,-24.723373413085938,-24.25684928894043,-23.623275756835938,-22.97309112548828,-22.561325073242188,-22.123308181762695,-21.65700340270996,-21.867280960083008,-22.81009292602539,-23.518953323364258,-23.94232940673828,-24.013263702392578,-23.427583694458008,-22.37953758239746,-21.79265785217285,-21.797935485839844,-21.855777740478516,-21.89204978942871,-21.627880096435547,-21.261390686035156,-21.16779136657715,-20.87324333190918,-20.571144104003906,-20.676902770996094,-21.303524017333984,-21.62156867980957,-21.160261154174805,-20.77288818359375,-20.86258888244629,-20.772802352905273,-20.724592208862305,-20.857805252075195,-20.75819206237793,-20.771379470825195,-20.67608070373535,-20.080129623413086,-19.600801467895508,-19.990243911743164,-20.64472007751465
-22.289016723632812,-22.544063568115234,-22.810518264770508,-23.320762634277344,-24.058603286743164,-24.408342361450195,-23.787479400634766,-22.63443946838379,-21.476055145263672,-20.909353256225586,-20.84134292602539,-21.205097198486328,-21.271081924438477,-21.563983917236328,-22.47639274597168,-23.27223777770996,-23.210071563720703,-22.7237606048584,-21.78438377380371,-20.744163513183594,-20.40885353088379,-20.719240188598633,-20.88397979736328,-20.281450271606445,-19.783130645751953,-19.995044708251953,-19.9019775390625,-19.556304931640625,-19.48982810974121,-19.808246612548828,-20.139955520629883,-19.873626708984375,-19.686983108520508,-19.982234954833984,-19.77680015563965,-19.117624282836914,-19.040611267089844,-19.467021942138672,-19.572725296020508,-19.323284149169922,-18.848506927490234,-18.554473876953125,-18.710580825805664,-18.975255966186523
-21.286334991455078,-21.499011993408203,-21.564603805541992,-22.00002098083496,-22.672779083251953,-22.85326385498047,-22.60686683654785,-21.92531394958496,-20.8980712890625,-20.088394165039062,-19.70653533935547,-20.332704544067383,-20.52779769897461,-20.943815231323242,-21.74822235107422,-22.02828598022461,-21.713558197021484,-21.86606788635254,-21.66919708251953,-20.266063690185547,-19.07479476928711,-19.18631362915039,-19.663480758666992,-19.172285079956055,-18.55808448791504,-18.748769760131836,-18.938554763793945,-18.525331497192383,-18.480926513671875,-18.815231323242188,-19.161893844604492,-19.04309844970703,-18.675857543945312,-18.566329956054688,-18.141847610473633,-17.566328048706055,-17.6204891204834,-18.044742584228516,-18.107566833496094,-17.87197494506836,-17.911230087280273,-18.141206741333008,-17.891891479492188,-17.355438232421875
-20.22968101501465,-20.09623908996582,-19.709306716918945,-20.248653411865234,-21.02654266357422,-21.161582946777344,-21.22849464416504,-21.433332443237305,-20.844648361206055,-19.720783233642578,-19.022647857666016,-19.08203125,-19.559406280517578,-20.33902931213379,-20.84916877746582,-20.811809539794922,-20.795467376708984,-20.95842933654785,-20.771739959716797,-19.66936492919922,-18.239042282104492,-17.84693145751953,-18.33790397644043,-18.556406021118164,-18.063217163085938,-17.574060440063477,-17.669933319091797,-17.413278579711914,-17.422040939331055,-17.872962951660156,-18.32423973083496,-18.408945083618164,-17.919166564941406,-17.130830764770508,-16.383901596069336,-15.809896469116211,-15.639835357666016,-15.815537452697754,-16.312414169311523,-16.78204345703125,-16.998899459838867,-17.04397201538086,-16.669368743896484,-16.20848274230957
-18.663253784179688,-17.503366470336914,-17.42827033996582,-18.31488800048828,-19.094322204589844,-19.05301284790039,-19.563793182373047,-20.099937438964844,-19.62478256225586,-18.691390991210938,-18.524860382080078,-18.565673828125,-18.433475494384766,-18.640256881713867,-19.22283172607422,-19.905826568603516,-20.533981323242188,-20.404043197631836,-19.617321014404297,-18.791126251220703,-17.627164840698242,-16.775381088256836,-17.15047264099121,-17.830202102661133,-17.66282081604004,-16.758018493652344,-16.482942581176758,-16.625503540039062,-16.692119598388672,-16.94386863708496,-17.294883728027344,-17.368833541870117,-16.85972023010254,-16.071504592895508,-15.43880844116211,-14.679627418518066,-14.025882720947266,-14.138532638549805,-14.769081115722656,-15.432267189025879,-15.7799654006958,-15.490605354309082,-15.023944854736328,-15.017949104309082
-16.335660934448242,-14.314330101013184,-15.01999568939209,-16.08998680114746,-16.680644989013672,-17.108036041259766,-17.34908676147461,-17.885486602783203,-17.897010803222656,-17.386123657226562,-17.602384567260742,-17.66633415222168,-17.237184524536133,-17.14166259765625,-17.590641021728516,-18.211669921875,-19.04191017150879,-19.328845977783203,-18.835081100463867,-18.270122528076172,-17.02873992919922,-15.697388648986816,-15.687199592590332,-16.565235137939453,-16.75229263305664,-16.04056739807129,-15.48073959350586,-15.754436492919922,-15.918981552124023,-16.077749252319336,-16.337255477905273,-16.254858016967773,-15.78408432006836,-15.137198448181152,-14.51433277130127,-13.886046409606934,-13.17363166809082,-13.192403793334961,-13.7890625,-14.380138397216797,-14.4802827835083,-14.196203231811523,-13.893755912780762,-13.77492618560791
-14.268497467041016,-12.637055397033691,-13.24215030670166,-14.311287879943848,-14.846710205078125,-15.164262771606445,-15.448593139648438,-15.965222358703613,-16.151796340942383,-16.117246627807617,-16.141155242919922,-15.796330451965332,-15.63452434539795,-15.80337142944336,-16.104141235351562,-16.530315399169922,-17.043149948120117,-17.399364471435547,-17.48450469970703,-17.567737579345703,-16.27855110168457,-14.562885284423828,-14.204493522644043,-15.07695484161377,-15.564148902893066,-15.122919082641602,-14.508915901184082,-14.712740898132324,-15.037810325622559,-15.065133094787598,-15.36525821685791,-15.404879570007324,-14.93805980682373,-14.138270378112793,-13.515936851501465,-13.122748374938965,-12.556546211242676,-12.35900592803955,-12.734574317932129,-12.990205764770508,-12.880914688110352,-12.815163612365723,-12.861653327941895,-12.734200477600098
-12.677711486816406,-12.343677520751953,-12.082964897155762,-12.695281982421875,-13.435166358947754,-13.313277244567871,-13.240224838256836,-13.629033088684082,-14.11407470703125,-13.916112899780273,-13.746147155761719,-14.138717651367188,-14.348613739013672,-14.526960372924805,-14.804190635681152,-15.230463027954102,-15.461966514587402,-15.378758430480957,-15.324563980102539,-15.81368637084961,-15.262811660766602,-13.732684135437012,-12.810161590576172,-13.503558158874512,-14.111265182495117,-13.830794334411621,-13.270867347717285,-13.256381034851074,-13.652792930603027,-13.95190715789795,-14.517030715942383,-14.780842781066895,-14.356581687927246,-13.422922134399414,-12.431857109069824,-11.954477310180664,-11.732194900512695,-11.597352981567383,-11.689167022705078,-11.499698638916016,-11.41112995147705,-11.499326705932617,-11.526321411132812,-11.526556015014648
-10.799508094787598,-10.641939163208008,-10.55256462097168,-11.249034881591797,-12.262212753295898,-12.092982292175293,-11.897025108337402,-11.812396049499512,-11.822665214538574,-11.679300308227539,-11.638140678405762,-12.388413429260254,-12.861483573913574,-12.963713645935059,-13.263511657714844,-13.843454360961914,-13.977766036987305,-13.842077255249023,-13.529172897338867,-14.11169719696045,-14.360735893249512,-12.989675521850586,-11.643317222595215,-11.6452054977417,-12.381954193115234,-12.453640937805176,-11.958850860595703,-11.62006664276123,-11.798574447631836,-12.410745620727539,-13.278838157653809,-13.856114387512207,-13.837814331054688,-13.150618553161621,-11.477044105529785,-10.26276969909668,-10.259765625,-10.555158615112305,-10.609071731567383,-10.349081993103027,-10.248416900634766,-10.339110374450684,-10.233860969543457,-10.109076499938965
-9.260910987854004,-9.362404823303223,-9.430689811706543,-10.06857681274414,-11.05532169342041,-11.289961814880371,-11.048782348632812,-10.62820816040039,-10.097369194030762,-9.963236808776855,-10.240381240844727,-10.710116386413574,-11.706978797912598,-11.70837688446045,-11.731578826904297,-12.099313735961914,-12.442071914672852,-12.90489387512207,-12.727394104003906,-12.851508140563965,-12.907306671142578,-11.605788230895996,-10.721933364868164,-10.363723754882812,-10.647978782653809,-10.952775001525879,-10.667635917663574,-10.07396125793457,-10.07072925567627,-10.550434112548828,-11.21187686920166,-12.15243911743164,-12.732284545898438,-12.67310619354248,-11.32407283782959,-9.416561126708984,-8.59424114227295,-8.879080772399902,-9.320659637451172,-9.404182434082031,-9.257238388061523,-9.183870315551758,-9.231727600097656,-9.32172679901123
-8.580290794372559,-8.85513973236084,-9.010514259338379,-9.316595077514648,-9.88430118560791,-9.914693832397461,-9.689896583557129,-9.32634449005127,-8.958935737609863,-8.70156192779541,-9.162497520446777,-10.155366897583008,-10.791975021362305,-10.74039363861084,-10.62240982055664,-11.013771057128906,-11.403882026672363,-11.699349403381348,-12.045486450195312,-12.173017501831055,-11.200838088989258,-10.445286750793457,-9.906899452209473,-9.716561317443848,-9.834195137023926,-9.897398948669434,-9.455911636352539,-8.962076187133789,-8.943075180053711,-9.117956161499023,-9.389876365661621,-10.135869026184082,-10.838749885559082,-11.30760383605957,-11.10745906829834,-9.6376371383667,-7.855205535888672,-7.31995964050293,-7.866809368133545,-8.404216766357422,-8.50760555267334,-8.282794952392578,-8.236845970153809,-8.4636812210083
