data/wind_data/wind_33_9.json
{"header": {"parameterUnit": "KT", "parameterCategory": 2, "nx": 256, "ny": 198, "lo1": 44.73521041870117, "la1": -3.236724853515625, "lo2": 111.26478576660156, "la2": 43.468475341796875, "dx": 0.2609002888202667, "dy": -0.23708222806453705, "refTime": "2025-02-20 09:00:00", "forecastTime": 0, "parameterNumber": 2, "parameterNumberName": "eastward_wind"}, "data":
[rows 76 to 94 of 198, columns 43 to 85 of 256]
-0.9740375280380249,-1.1333575248718262,-1.5327367782592773,-1.864374041557312,-1.5548278093338013,-0.3221660852432251,1.392829418182373,2.9165263175964355,3.9970083236694336,4.79571008682251,5.491304874420166,6.010475158691406,6.118554592132568,5.772238254547119,5.359982013702393,5.492739200592041,6.38432502746582,7.6451287269592285,8.768963813781738,9.585155487060547,10.27668285369873,11.13361644744873,12.255906105041504,13.481706619262695,14.520736694335938,15.138724327087402,15.243631362915039,14.908129692077637,14.293259620666504,13.567854881286621,12.897655487060547,12.401806831359863,12.091974258422852,11.867595672607422,11.615973472595215,11.357525825500488,11.226374626159668,11.32347297668457,11.60534954071045,11.923287391662598,12.139960289001465,12.21691608428955,12.222704887390137
-0.8724677562713623,-0.8054349422454834,-0.8436008095741272,-0.7298140525817871,-0.20084215700626373,0.9048196077346802,2.3104636669158936,3.545478582382202,4.48307991027832,5.29181432723999,5.978654384613037,6.281641006469727,6.015476226806641,5.400801658630371,4.99542760848999,5.366160869598389,6.569764614105225,8.046154975891113,9.232316017150879,10.112323760986328,11.026206970214844,12.219222068786621,13.633712768554688,14.999725341796875,16.04236602783203,16.590126037597656,16.625158309936523,16.24696922302246,15.568573951721191,14.691845893859863,13.737725257873535,12.856451988220215,12.16599178314209,11.682518005371094,11.321822166442871,11.030035018920898,10.886649131774902,11.016207695007324,11.397643089294434,11.804080963134766,11.993536949157715,11.934562683105469,11.79513931274414
-0.7232292294502258,-0.569316029548645,-0.43963634967803955,-0.0024974001571536064,0.854300320148468,2.023838758468628,3.2330479621887207,4.247390270233154,5.089277267456055,5.899333953857422,6.546195983886719,6.65033483505249,6.087812423706055,5.341549873352051,5.093555927276611,5.656051158905029,6.805075168609619,8.074865341186523,9.161298751831055,10.181952476501465,11.428516387939453,12.950246810913086,14.523080825805664,15.895562171936035,16.88018035888672,17.39920997619629,17.480525970458984,17.2012939453125,16.59865951538086,15.726752281188965,14.686248779296875,13.633265495300293,12.758092880249023,12.151227951049805,11.745393753051758,11.43627643585205,11.200770378112793,11.128817558288574,11.254478454589844,11.459468841552734,11.596006393432617,11.63743782043457,11.730164527893066
-0.8055633902549744,-0.4654524624347687,-0.26794174313545227,0.24628157913684845,1.267343282699585,2.6153221130371094,3.915303945541382,4.9259934425354,5.715473175048828,6.388187885284424,6.822479724884033,6.774925708770752,6.27023458480835,5.831578731536865,6.0058417320251465,6.698794841766357,7.428757667541504,8.102347373962402,9.00261116027832,10.337303161621094,12.03759765625,13.804588317871094,15.336979866027832,16.458627700805664,17.151744842529297,17.493873596191406,17.565805435180664,17.376575469970703,16.893754959106445,16.172929763793945,15.314655303955078,14.450425148010254,13.72574234008789,13.196446418762207,12.781336784362793,12.379268646240234,11.976869583129883,11.599004745483398,11.234321594238281,10.987597465515137,11.038086891174316,11.3999662399292,12.00762939453125
-1.3901400566101074,-0.7466371059417725,-0.369260311126709,0.21443019807338715,1.2641186714172363,2.686309814453125,4.111728668212891,5.221337795257568,5.91619348526001,6.235589027404785,6.247009754180908,6.0537519454956055,5.885307312011719,6.119166374206543,6.919219493865967,7.774861812591553,8.142387390136719,8.342260360717773,9.220450401306152,10.996149063110352,13.14378833770752,15.010933876037598,16.22840118408203,16.84510612487793,17.102123260498047,17.18170928955078,17.11275291442871,16.842391967773438,16.37153434753418,15.826889038085938,15.323346138000488,14.889729499816895,14.539383888244629,14.203125,13.749622344970703,13.102456092834473,12.325007438659668,11.552001953125,10.826799392700195,10.266854286193848,10.252245903015137,11.020333290100098,12.361924171447754
-2.1387712955474854,-1.4300646781921387,-0.9316723942756653,-0.202609583735466,0.9991338849067688,2.5584490299224854,4.094264984130859,5.177555084228516,5.594771862030029,5.427087306976318,4.986685276031494,4.6986985206604,4.960913181304932,5.924410343170166,7.214999675750732,8.14576244354248,8.523622512817383,8.924059867858887,10.150940895080566,12.230634689331055,14.44618034362793,16.062564849853516,16.84705924987793,17.066484451293945,17.023616790771484,16.84247589111328,16.538055419921875,16.11461067199707,15.659597396850586,15.291004180908203,15.092061996459961,15.043509483337402,15.039202690124512,14.90323543548584,14.408821105957031,13.474042892456055,12.255273818969727,11.044943809509277,10.065277099609375,9.429200172424316,9.42001724243164,10.412942886352539,12.306442260742188
-2.6774024963378906,-2.36409068107605,-2.0673863887786865,-1.382081389427185,0.025423282757401466,1.9626036882400513,3.7962799072265625,4.831928730010986,4.805758476257324,4.063374996185303,3.270275831222534,3.096588134765625,3.9164109230041504,5.494414806365967,7.0278449058532715,8.010406494140625,8.787463188171387,9.961587905883789,11.708786964416504,13.708795547485352,15.417025566101074,16.510705947875977,17.056976318359375,17.24057388305664,17.13205909729004,16.765066146850586,16.249067306518555,15.750201225280762,15.390007019042969,15.203802108764648,15.20443344116211,15.363179206848145,15.563934326171875,15.562883377075195,15.044209480285645,13.92131233215332,12.493069648742676,11.191889762878418,10.284541130065918,9.846864700317383,9.912256240844727,10.682538032531738,12.302621841430664
-3.0905048847198486,-3.368058443069458,-3.5251290798187256,-3.029414415359497,-1.623457908630371,0.489368200302124,2.5273540019989014,3.6000921726226807,3.4105303287506104,2.4290807247161865,1.5422098636627197,1.6150785684585571,2.9210402965545654,4.83828592300415,6.450021743774414,7.613767623901367,8.92418098449707,10.736116409301758,12.784421920776367,14.585159301757812,15.829882621765137,16.57563018798828,16.997318267822266,17.14095115661621,17.005369186401367,16.664648056030273,16.26836585998535,15.949387550354004,15.76601791381836,15.741358757019043,15.867852210998535,16.108470916748047,16.33625030517578,16.285226821899414,15.695015907287598,14.587115287780762,13.320878028869629,12.35571002960205,11.890527725219727,11.860620498657227,12.113517761230469,12.591798782348633,13.369770050048828
-3.4841201305389404,-4.112922191619873,-4.604114532470703,-4.319590091705322,-3.07537579536438,-1.2241005897521973,0.5530409812927246,1.602146863937378,1.617629051208496,0.9958010315895081,0.5433727502822876,1.0697166919708252,2.6375560760498047,4.5136847496032715,6.093170642852783,7.467674255371094,9.009831428527832,10.81729507446289,12.68594741821289,14.257171630859375,15.352533340454102,15.994053840637207,16.227598190307617,16.128021240234375,15.852479934692383,15.598577499389648,15.532556533813477,15.69745922088623,16.02589988708496,16.424930572509766,16.805187225341797,17.107370376586914,17.216585159301758,16.94186782836914,16.19989776611328,15.189251899719238,14.325308799743652,13.978267669677734,14.135895729064941,14.459748268127441,14.654172897338867,14.742612838745117,14.791492462158203
-3.751746416091919,-4.332934856414795,-4.934919357299805,-4.96475887298584,-4.031970977783203,-2.3761799335479736,-0.7563623189926147,0.08196818828582764,0.093801349401474,-0.032022494822740555,0.47196897864341736,1.8680622577667236,3.6148135662078857,5.245984077453613,6.657563209533691,7.936670303344727,9.242660522460938,10.675189018249512,12.088848114013672,13.230962753295898,14.050309181213379,14.569561958312988,14.75023365020752,14.637250900268555,14.386763572692871,14.183377265930176,14.20806884765625,14.57546615600586,15.276154518127441,16.15559196472168,16.981800079345703,17.529508590698242,17.66627311706543,17.345712661743164,16.65453338623047,15.8739652633667,15.480005264282227,15.732721328735352,16.349842071533203,16.781261444091797,16.70371437072754,16.1841983795166,15.471171379089355
-3.6577508449554443,-4.0516486167907715,-4.609694004058838,-4.933174133300781,-4.462165832519531,-2.9741177558898926,-1.0823709964752197,-0.0036669543478637934,0.18442891538143158,0.6227172613143921,1.9861595630645752,3.779942274093628,5.345600605010986,6.655375003814697,7.814837455749512,8.814306259155273,9.754325866699219,10.693584442138672,11.514304161071777,12.171151161193848,12.751251220703125,13.27023983001709,13.660226821899414,13.870248794555664,13.896533012390137,13.829730987548828,13.836774826049805,14.048497200012207,14.50745677947998,15.174129486083984,15.921730041503906,16.586198806762695,17.012535095214844,17.11077117919922,16.96783447265625,16.86709976196289,17.124420166015625,17.717693328857422,18.18726348876953,18.135221481323242,17.530427932739258,16.497325897216797,15.279840469360352
-3.555645704269409,-3.8384366035461426,-4.428147315979004,-4.991215705871582,-4.804728031158447,-3.4809653759002686,-1.7316316366195679,-0.49008288979530334,0.47536060214042664,1.9331560134887695,3.7911932468414307,5.449103832244873,6.681232452392578,7.665158271789551,8.577115058898926,9.40804386138916,10.118097305297852,10.632994651794434,10.9607572555542,11.285600662231445,11.745755195617676,12.276111602783203,12.743240356445312,13.072627067565918,13.258576393127441,13.368722915649414,13.52110767364502,13.75155258178711,14.007715225219727,14.249347686767578,14.527327537536621,14.900086402893066,15.35600471496582,15.844342231750488,16.419897079467773,17.239810943603516,18.258352279663086,19.04599952697754,19.133724212646484,18.438335418701172,17.24949073791504,15.844642639160156,14.43009090423584
-3.868196964263916,-3.8850514888763428,-4.425590991973877,-5.080908298492432,-4.954319477081299,-3.7419774532318115,-2.3512163162231445,-1.259597897529602,0.17875292897224426,2.1744039058685303,4.281009197235107,6.159486293792725,7.605534553527832,8.529653549194336,9.072680473327637,9.497288703918457,9.905874252319336,10.16118335723877,10.1984281539917,10.182266235351562,10.254600524902344,10.431769371032715,10.763389587402344,11.291821479797363,11.883973121643066,12.376248359680176,12.773859977722168,13.14947509765625,13.502142906188965,13.731761932373047,13.773094177246094,13.703705787658691,13.769203186035156,14.174332618713379,14.982571601867676,16.121122360229492,17.313020706176758,18.085643768310547,18.101869583129883,17.390460968017578,16.257129669189453,14.986063957214355,13.724638938903809
-4.125670909881592,-3.8342196941375732,-4.061379432678223,-4.4376020431518555,-4.200240135192871,-3.196321964263916,-1.9121111631393433,-0.5109506249427795,1.180354356765747,3.055457353591919,5.093018531799316,7.049843788146973,8.453497886657715,9.204917907714844,9.52722454071045,9.656564712524414,9.68825912475586,9.477569580078125,8.867176055908203,8.004237174987793,7.375189781188965,7.523630142211914,8.470732688903809,9.76181411743164,10.928995132446289,11.77027416229248,12.347488403320312,12.819016456604004,13.277214050292969,13.610591888427734,13.574358940124512,13.189664840698242,12.873565673828125,13.001480102539062,13.550117492675781,14.287108421325684,15.026534080505371,15.592598915100098,15.819002151489258,15.67422866821289,15.244662284851074,14.58306884765625,13.739595413208008
-4.001515865325928,-3.768872022628784,-3.6300082206726074,-3.4039742946624756,-2.929779291152954,-2.107921838760376,-0.7088253498077393,1.1631499528884888,2.9744997024536133,4.636996269226074,6.4659247398376465,8.04906177520752,8.873905181884766,9.25883674621582,9.611881256103516,9.799068450927734,9.443277359008789,8.232595443725586,6.299096584320068,4.579860210418701,4.288158893585205,5.424259662628174,6.9525275230407715,8.24467658996582,9.35617733001709,10.486307144165039,11.581666946411133,12.463271141052246,13.050996780395508,13.29377555847168,13.140019416809082,12.776937484741211,12.549562454223633,12.587026596069336,12.71565055847168,12.82701301574707,13.046208381652832,13.485554695129395,14.079873085021973,14.655752182006836,14.976494789123535,14.843509674072266,14.25715446472168
-3.754129409790039,-3.9207229614257812,-3.6909096240997314,-3.0136361122131348,-2.2627902030944824,-1.1700106859207153,0.7971093654632568,2.9697859287261963,4.611875057220459,6.152850151062012,7.8250555992126465,8.834718704223633,8.96503734588623,8.994683265686035,9.324092864990234,9.400981903076172,8.426568031311035,6.198676109313965,3.6869542598724365,2.487391948699951,2.9656670093536377,4.13725471496582,5.181517601013184,6.1249542236328125,7.450436592102051,9.227670669555664,10.957841873168945,12.172863006591797,12.758886337280273,12.851140022277832,12.673317909240723,12.495590209960938,12.450712203979492,12.397795677185059,12.219475746154785,12.074740409851074,12.233682632446289,12.817231178283691,13.715131759643555,14.607312202453613,15.113443374633789,15.031195640563965,14.464021682739258
-4.142977237701416,-4.390699863433838,-4.150637149810791,-3.4631574153900146,-2.3766281604766846,-0.3875841796398163,2.1760385036468506,4.228644847869873,5.762589454650879,7.481218338012695,9.044992446899414,9.448041915893555,8.903350830078125,8.567278861999512,8.736637115478516,8.601099014282227,7.35041618347168,5.227484226226807,3.4207773208618164,2.619598388671875,2.48028302192688,2.7698471546173096,3.6576836109161377,5.260288715362549,7.522749423980713,9.831194877624512,11.544295310974121,12.469855308532715,12.790521621704102,12.824542045593262,12.792143821716309,12.725929260253906,12.535593032836914,12.234853744506836,12.021026611328125,12.106297492980957,12.558059692382812,13.289877891540527,14.075618743896484,14.628091812133789,14.729676246643066,14.365808486938477,13.721662521362305
-5.519852161407471,-5.401937961578369,-4.962759494781494,-4.129257678985596,-2.323437452316284,0.6024487018585205,3.329890251159668,5.114418029785156,6.711939811706543,8.674450874328613,10.02985954284668,9.80671215057373,8.762738227844238,8.252504348754883,8.33554458618164,8.167381286621094,7.262808322906494,5.96852445602417,4.78715181350708,3.688645601272583,2.644317626953125,2.274066686630249,3.4189820289611816,5.908150672912598,8.794435501098633,11.095414161682129,12.530425071716309,13.278839111328125,13.616272926330566,13.78465461730957,13.813192367553711,13.53149127960205,12.940999984741211,12.396702766418457,12.273137092590332,12.659283638000488,13.379129409790039,14.11005973815918,14.538114547729492,14.509486198425293,14.02370834350586,13.214068412780762,12.291263580322266
-6.513683319091797,-6.2325968742370605,-5.405622959136963,-3.8107964992523193,-1.0302867889404297,2.2846686840057373,4.784620761871338,6.255117416381836,7.7432541847229,9.47966194152832,10.214751243591309,9.333043098449707,8.16919994354248,7.8393120765686035,8.01999282836914,7.9836039543151855,7.549619197845459,6.943750381469727,6.228776454925537,5.193354606628418,3.8188865184783936,2.965542793273926,3.965545177459717,6.61599588394165,9.391181945800781,11.35246467590332,12.772760391235352,14.027009010314941,15.068741798400879,15.630780220031738,15.488365173339844,14.696107864379883,13.712014198303223,13.065804481506348,12.963159561157227,13.289825439453125,13.875822067260742,14.515883445739746,14.880361557006836,14.680220603942871,13.839999198913574,12.551803588867188,11.196793556213379
