data/wind_data/wind_20_3.json
{"header": {"parameterUnit": "KT", "parameterCategory": 2, "nx": 256, "ny": 198, "lo1": 44.73521041870117, "la1": -3.236724853515625, "lo2": 111.26478576660156, "la2": 43.468475341796875, "dx": 0.2609002888202667, "dy": -0.23708222806453705, "refTime": "2025-02-19 20:00:00", "forecastTime": 0, "parameterNumber": 2, "parameterNumberName": "eastward_wind"}, "data":
[rows 114 to 132 of 198, columns 176 to 219 of 256]
26.91983985900879,27.23527717590332,28.11100196838379,28.773509979248047,28.10066795349121,27.04878807067871,25.66510009765625,24.420801162719727,21.525161743164062,19.052152633666992,19.215011596679688,20.278688430786133,20.26833724975586,20.759441375732422,20.85558319091797,19.12148094177246,16.799707412719727,14.729884147644043,13.234565734863281,10.953736305236816,11.434588432312012,11.97379207611084,10.997993469238281,11.381805419921875,12.370765686035156,12.816911697387695,12.726065635681152,11.314627647399902,14.068602561950684,22.71310806274414,26.98725700378418,23.215606689453125,22.272550582885742,25.593889236450195,29.722482681274414,32.89836883544922,34.482147216796875,34.367408752441406,36.46417236328125,39.46419906616211,41.68211364746094,42.69051742553711,41.2052116394043,40.75947570800781
25.277210235595703,24.386470794677734,23.15117073059082,22.12220573425293,21.613924026489258,21.85325050354004,22.08894920349121,22.205713272094727,20.819238662719727,19.785228729248047,19.773021697998047,20.10106086730957,19.688701629638672,18.75275421142578,18.538253784179688,19.0566349029541,19.42176055908203,16.022933959960938,15.375774383544922,10.9674654006958,10.548216819763184,10.562690734863281,7.781342506408691,8.410168647766113,9.17667007446289,9.915657997131348,9.594905853271484,10.363393783569336,11.053512573242188,17.7186279296875,25.595792770385742,26.566621780395508,24.248926162719727,24.86761474609375,28.733383178710938,32.88704299926758,33.46765899658203,31.839096069335938,33.47277069091797,37.758731842041016,40.80894088745117,41.345802307128906,40.19791030883789,39.206260681152344
18.515783309936523,18.8096866607666,18.883769989013672,18.915607452392578,19.36479949951172,20.4284610748291,21.6005802154541,21.969911575317383,21.944339752197266,22.230674743652344,22.568872451782227,21.329601287841797,16.963125228881836,15.979996681213379,15.782173156738281,16.501657485961914,18.732696533203125,16.319292068481445,15.686254501342773,13.516797065734863,12.068422317504883,11.036030769348145,8.44554615020752,8.267189979553223,9.335363388061523,10.066852569580078,10.29603385925293,9.978001594543457,12.323686599731445,18.546459197998047,26.020734786987305,28.705535888671875,27.45436668395996,26.374221801757812,29.08966827392578,33.56031799316406,31.67641258239746,30.021629333496094,31.67642593383789,36.01807403564453,39.08183670043945,39.09737014770508,38.29749298095703,37.85087203979492
13.964811325073242,15.410858154296875,16.910673141479492,18.022916793823242,19.12213134765625,19.873624801635742,19.692684173583984,19.16463279724121,18.5155029296875,19.140596389770508,19.350812911987305,17.67193603515625,13.65401840209961,13.602964401245117,13.644131660461426,13.778519630432129,15.632807731628418,15.590343475341797,15.244379043579102,16.598676681518555,16.572542190551758,14.58517074584961,12.3296480178833,11.803165435791016,13.406675338745117,14.323920249938965,14.829951286315918,14.159150123596191,15.66759967803955,21.244232177734375,27.278940200805664,30.47585678100586,31.001466751098633,31.014976501464844,32.475807189941406,35.68403244018555,32.40113067626953,28.282072067260742,30.280393600463867,34.69167709350586,36.41633605957031,36.04087829589844,36.3775520324707,36.81166076660156
11.818596839904785,12.798314094543457,14.278010368347168,16.03607749938965,17.819334030151367,19.23702621459961,20.11138916015625,20.70101547241211,20.98571014404297,21.152873992919922,20.260772705078125,18.20473289489746,15.823587417602539,14.81243896484375,15.10207462310791,15.181674003601074,15.474581718444824,16.141618728637695,16.797269821166992,16.867074966430664,17.994041442871094,17.466360092163086,15.312784194946289,15.648533821105957,17.318025588989258,18.47123146057129,19.335418701171875,18.633935928344727,19.570083618164062,23.426029205322266,28.065109252929688,31.912988662719727,33.05525588989258,33.7335205078125,34.82345199584961,36.09586715698242,34.58918380737305,29.415433883666992,29.01327133178711,32.49343490600586,33.37838363647461,33.02272415161133,35.00924301147461,37.042938232421875
11.66421127319336,11.016468048095703,10.989595413208008,11.4154052734375,13.287880897521973,15.27247142791748,17.073528289794922,18.356653213500977,19.340980529785156,20.840436935424805,22.273292541503906,22.74208641052246,22.549964904785156,21.329896926879883,20.05380630493164,18.453746795654297,18.173437118530273,18.641433715820312,18.299592971801758,18.710954666137695,18.4145565032959,18.296875,19.171239852905273,20.239992141723633,20.950265884399414,22.308244705200195,20.653839111328125,20.285306930541992,22.485748291015625,25.945083618164062,29.812591552734375,33.44361114501953,34.78550338745117,34.75324249267578,35.9719352722168,36.42988967895508,38.02655792236328,34.70404815673828,30.161693572998047,31.560739517211914,32.23550033569336,30.095096588134766,32.35710144042969,36.20831298828125
18.007482528686523,16.19660186767578,13.828267097473145,13.901569366455078,17.690664291381836,17.950084686279297,16.024038314819336,15.626325607299805,15.922662734985352,16.418498992919922,18.051069259643555,22.20072364807129,23.126163482666016,22.563634872436523,22.72056770324707,23.046886444091797,22.16533088684082,22.01540756225586,21.77016830444336,21.017797470092773,20.10608673095703,16.347888946533203,18.844751358032227,20.785842895507812,21.607332229614258,23.574684143066406,20.344390869140625,21.86846160888672,24.421098709106445,27.789161682128906,30.39095687866211,32.92155838012695,35.86345672607422,35.07927322387695,37.872215270996094,38.114540100097656,39.3340950012207,37.38221740722656,31.98075294494629,32.08198165893555,33.631744384765625,31.81836700439453,29.771902084350586,33.36656951904297
23.114389419555664,21.12872886657715,15.984077453613281,14.885903358459473,17.253067016601562,21.002920150756836,15.767179489135742,11.863686561584473,9.619636535644531,9.750694274902344,12.603583335876465,17.406293869018555,16.719453811645508,13.935681343078613,13.406205177307129,15.538177490234375,17.637104034423828,18.824506759643555,19.661680221557617,20.630985260009766,21.878936767578125,23.166627883911133,22.427236557006836,22.44449806213379,20.752283096313477,24.379823684692383,23.29257583618164,24.394485473632812,25.367170333862305,26.595279693603516,28.61724281311035,31.293485641479492,34.72893524169922,35.16611099243164,39.10526657104492,36.59690475463867,34.215614318847656,35.79942321777344,35.17353820800781,33.8165168762207,34.99778366088867,36.53775405883789,32.963626861572266,31.091243743896484
21.27730941772461,17.793840408325195,13.434917449951172,12.038398742675781,14.934270858764648,17.391019821166992,18.14881134033203,13.149822235107422,7.4368743896484375,6.303628444671631,7.771212577819824,14.48081111907959,15.638882637023926,11.132518768310547,7.177112102508545,7.56742525100708,10.136838912963867,12.402836799621582,14.116839408874512,15.497207641601562,17.358135223388672,18.46846580505371,16.862300872802734,18.898880004882812,17.638349533081055,19.929637908935547,19.4007625579834,19.39474105834961,20.919097900390625,23.813100814819336,27.488489151000977,30.341217041015625,33.57475280761719,34.61441421508789,37.57708740234375,35.4138069152832,30.887685775756836,34.00762176513672,37.3271369934082,36.77226257324219,35.49897766113281,38.2518310546875,38.28153610229492,31.27309799194336
22.515596389770508,19.146560668945312,16.76238441467285,17.004056930541992,18.004762649536133,18.698434829711914,22.13374137878418,19.37901496887207,12.449796676635742,7.69933557510376,6.680372714996338,9.92814826965332,8.69301986694336,4.6999969482421875,2.0898778438568115,2.0273687839508057,3.4362306594848633,3.514336109161377,4.146733283996582,5.443192958831787,6.679530143737793,8.286505699157715,10.557680130004883,15.985248565673828,17.45751953125,16.953487396240234,17.48712730407715,18.415634155273438,21.263818740844727,25.349262237548828,28.26034164428711,29.43088722229004,31.914100646972656,33.564449310302734,36.086368560791016,35.081600189208984,30.163331985473633,30.868183135986328,34.89228820800781,37.35750961303711,35.022464752197266,36.89653778076172,38.53166580200195,33.81690216064453
24.237491607666016,21.032127380371094,19.916391372680664,20.754714965820312,18.845943450927734,16.99561309814453,18.572452545166016,21.993478775024414,17.15868377685547,7.324218273162842,6.451601982116699,5.26835298538208,1.9747357368469238,-2.0390243530273438,-2.4575705528259277,-1.2007927894592285,-0.7714588046073914,-1.1270724534988403,-1.4597078561782837,-2.069925308227539,-1.7464240789413452,4.000510215759277,10.0377779006958,16.38842010498047,19.42934226989746,23.02056121826172,22.027099609375,23.025056838989258,24.64466667175293,26.14287567138672,27.081501007080078,27.13147735595703,28.987937927246094,31.487836837768555,33.58161544799805,32.796226501464844,27.397802352905273,23.798751831054688,27.388477325439453,32.09305191040039,31.649335861206055,34.26089859008789,34.99188995361328,35.30853271484375
21.30919075012207,18.488658905029297,18.881532669067383,19.502979278564453,19.300777435302734,17.413618087768555,11.07635498046875,15.02066421508789,10.6873197555542,0.9535397887229919,1.006499171257019,3.2564895153045654,3.5938711166381836,1.212903618812561,-0.14244981110095978,-0.3806708753108978,-0.8469069600105286,0.16596634685993195,-1.1189488172531128,-3.908715009689331,2.6185879707336426,11.897420883178711,16.341033935546875,18.17868423461914,19.338882446289062,19.358943939208984,18.85009765625,17.974929809570312,21.907323837280273,24.04998016357422,25.33579444885254,23.194887161254883,24.016300201416016,28.738269805908203,31.058292388916016,30.27532196044922,26.78679656982422,22.75096893310547,22.958654403686523,26.707895278930664,26.923580169677734,30.43940544128418,31.31029510498047,33.635921478271484
23.0175838470459,21.861019134521484,20.69764518737793,17.54463768005371,15.320968627929688,11.333820343017578,7.480668544769287,8.509063720703125,6.768778324127197,5.150637626647949,1.853532075881958,-0.08356087654829025,1.611620306968689,5.091067790985107,4.616415977478027,1.4784215688705444,-0.5749481916427612,2.321030616760254,7.709312438964844,7.285954475402832,10.349143028259277,14.170906066894531,15.588676452636719,18.192190170288086,17.32075309753418,20.066482543945312,20.82052230834961,21.800029754638672,21.03240394592285,15.95348072052002,19.731365203857422,20.140560150146484,20.22736358642578,26.262130737304688,29.10158348083496,28.838834762573242,27.647647857666016,23.318029403686523,24.46922492980957,27.257511138916016,25.928409576416016,28.251039505004883,26.407466888427734,27.301267623901367
24.800477981567383,12.772459983825684,5.518618583679199,5.237720012664795,7.395089626312256,7.2373046875,7.688715934753418,8.402847290039062,8.141487121582031,7.708963871002197,7.435777187347412,1.144964575767517,-0.863713800907135,1.1773933172225952,5.537179946899414,4.950231552124023,0.35871872305870056,4.968991756439209,9.546488761901855,9.49874210357666,9.4369478225708,12.586589813232422,13.802582740783691,16.031999588012695,17.23626708984375,18.454090118408203,21.537338256835938,20.905664443969727,19.889484405517578,16.174381256103516,17.95526695251465,20.445293426513672,22.065820693969727,25.184080123901367,26.951013565063477,28.66358184814453,29.90523338317871,24.87721061706543,25.397010803222656,27.180828094482422,26.617050170898438,26.925907135009766,27.831125259399414,23.67287254333496
15.382808685302734,3.5470781326293945,3.532288074493408,4.025653839111328,3.909899950027466,5.288421154022217,7.784579753875732,7.79723596572876,5.656142711639404,6.074285984039307,7.506201267242432,9.223587989807129,3.6092164516448975,0.4744405448436737,4.102238178253174,7.199634552001953,2.3616750240325928,6.302370548248291,8.239339828491211,9.702841758728027,10.394782066345215,12.175212860107422,14.540170669555664,18.838237762451172,18.17272186279297,19.081085205078125,20.73692512512207,17.668628692626953,16.734050750732422,17.541383743286133,17.875919342041016,21.831560134887695,23.82590675354004,23.94281768798828,24.923166275024414,28.19609260559082,31.831918716430664,27.38350486755371,24.543596267700195,26.70281219482422,28.199047088623047,27.301435470581055,26.797277450561523,22.258420944213867
0.6381572484970093,-0.21644507348537445,3.3660924434661865,5.156132698059082,5.289409160614014,5.661252975463867,7.622375965118408,9.479310035705566,9.311164855957031,8.351103782653809,7.904808521270752,6.758105754852295,5.194037437438965,4.628497123718262,2.2108829021453857,6.202939987182617,5.661396503448486,4.4925713539123535,7.066657066345215,8.510132789611816,11.138847351074219,12.794774055480957,17.90764045715332,29.091352462768555,30.09354019165039,16.34287452697754,14.072732925415039,15.660134315490723,18.203981399536133,19.08388328552246,17.939727783203125,24.003692626953125,27.805360794067383,28.25457763671875,27.887605667114258,27.776819229125977,31.77195930480957,29.19416618347168,21.86476707458496,24.44561004638672,27.795658111572266,27.114370346069336,22.911657333374023,18.846817016601562
4.534946441650391,0.2545457184314728,4.024165153503418,7.148459434509277,9.216177940368652,9.914294242858887,10.11795711517334,11.959285736083984,14.284242630004883,15.519911766052246,17.849018096923828,17.263351440429688,10.897388458251953,4.103024482727051,3.995506763458252,2.8899683952331543,5.494236946105957,6.066677093505859,7.1923112869262695,8.332058906555176,12.77928638458252,15.16560173034668,20.701627731323242,33.85334014892578,27.771841049194336,14.935076713562012,14.89964485168457,20.47578239440918,22.765573501586914,19.972471237182617,22.358924865722656,27.88765525817871,30.821147918701172,32.29621505737305,31.149784088134766,28.428260803222656,30.243074417114258,29.240554809570312,22.45404624938965,23.771215438842773,28.768110275268555,27.035240173339844,22.47847557067871,16.745386123657227
15.489566802978516,3.1748132705688477,2.963642120361328,6.9951090812683105,10.423833847045898,13.47138500213623,16.303361892700195,19.609018325805664,21.09804344177246,23.444517135620117,25.126489639282227,23.813688278198242,19.026569366455078,10.565757751464844,5.4007158279418945,8.301827430725098,0.33972781896591187,5.553240776062012,8.34486198425293,8.203032493591309,11.069742202758789,12.87598705291748,13.648951530456543,26.444194793701172,16.65281867980957,14.09827709197998,19.398334503173828,25.038219451904297,25.16207504272461,25.697513580322266,29.346633911132812,32.79179382324219,33.67144775390625,33.86880111694336,32.92894744873047,29.51105499267578,27.20358657836914,28.552574157714844,24.394983291625977,25.79789161682129,28.792774200439453,28.436002731323242,24.27705192565918,21.134662628173828
10.60192584991455,7.513620853424072,5.355323791503906,7.4628005027771,10.960905075073242,14.816856384277344,18.11229705810547,19.682518005371094,22.410324096679688,23.078821182250977,18.301156997680664,12.836126327514648,11.734109878540039,12.297734260559082,13.063034057617188,8.382181167602539,1.475455403327942,2.195737838745117,6.011157989501953,6.98709774017334,8.192410469055176,11.21777057647705,14.124225616455078,19.880834579467773,12.554055213928223,14.850878715515137,21.958633422851562,26.448143005371094,27.666074752807617,29.746423721313477,31.12921714782715,34.445838928222656,35.67024230957031,34.69507598876953,33.2531852722168,29.283926010131836,26.120325088500977,26.73917007446289,24.993101119995117,27.885726928710938,29.61201286315918,29.969722747802734,27.934062957763672,27.54259490966797
