data/wind_data/wind_Surface_30.json
{"header": {"parameterUnit": "KT", "parameterCategory": 2, "nx": 255, "ny": 198, "lo1": 44.73521041870117, "la1": -3.236724853515625, "lo2": 111.26478576660156, "la2": 43.468475341796875, "dx": 0.26192745566368103, "dy": -0.23708222806453705, "refTime": "2025-02-20 06:00:00", "forecastTime": 0, "parameterNumber": 2, "parameterNumberName": "eastward_wind"}, "data":
[rows 171 to 189 of 198, columns 129 to 171 of 255]
0.3455270528793335,0.7394306063652039,-0.03689059242606163,-1.1491761207580566,-2.0509209632873535,-2.7324697971343994,-3.3627772331237793,-4.676599502563477,-6.882290840148926,-8.39739990234375,-8.48682689666748,-8.613301277160645,-8.907793045043945,-8.748225212097168,-8.379932403564453,-8.613441467285156,-9.203042984008789,-9.596229553222656,-9.865047454833984,-10.003408432006836,-10.367703437805176,-11.057073593139648,-11.654507637023926,-11.633136749267578,-10.97498607635498,-11.006034851074219,-12.45142650604248,-13.192290306091309,-13.080766677856445,-12.9971342086792,-12.57117748260498,-11.566423416137695,-9.914236068725586,-7.583698749542236,-4.903048992156982,-0.13304832577705383,7.062045097351074,11.177946090698242,10.850787162780762,10.202255249023438,11.549260139465332,13.590320587158203,18.62596321105957
0.14270193874835968,0.6096761226654053,-0.03190154582262039,-1.0996057987213135,-1.923513650894165,-2.54864239692688,-3.470433235168457,-4.66623067855835,-6.040066719055176,-7.61721658706665,-8.205180168151855,-8.345549583435059,-8.503859519958496,-8.257608413696289,-8.290769577026367,-8.57048225402832,-8.93759536743164,-9.358753204345703,-9.680298805236816,-9.885549545288086,-10.103095054626465,-10.262404441833496,-10.368494033813477,-10.418169975280762,-10.433470726013184,-10.442882537841797,-10.731545448303223,-11.278501510620117,-11.572455406188965,-12.956487655639648,-13.633070945739746,-13.310873985290527,-11.805328369140625,-9.188116073608398,-6.1844682693481445,-3.4871878623962402,0.018613062798976898,4.048139572143555,8.023813247680664,11.400994300842285,13.494190216064453,15.582069396972656,19.687210083007812
-0.9009101986885071,-0.4290022552013397,-0.6007279753684998,-1.1970049142837524,-1.8625884056091309,-2.469250440597534,-3.372878313064575,-4.2530412673950195,-5.120782375335693,-6.816481590270996,-8.146202087402344,-8.443089485168457,-8.569940567016602,-8.410755157470703,-8.165425300598145,-8.279796600341797,-8.798747062683105,-9.402929306030273,-9.665212631225586,-9.680740356445312,-9.667978286743164,-9.567814826965332,-9.387262344360352,-9.433223724365234,-9.615583419799805,-9.563932418823242,-9.474510192871094,-9.961207389831543,-10.96643352508545,-11.82641887664795,-11.756340980529785,-11.512641906738281,-11.352630615234375,-10.584554672241211,-9.326111793518066,-7.115636825561523,-4.596475601196289,-2.2828257083892822,1.8775575160980225,6.6418561935424805,9.222381591796875,11.77724552154541,14.62077522277832
-2.4678568840026855,-2.2468411922454834,-2.0056450366973877,-1.7499122619628906,-1.8081598281860352,-2.2772865295410156,-3.0124127864837646,-3.598324775695801,-4.209288597106934,-5.684238433837891,-6.986918926239014,-7.829323768615723,-8.121456146240234,-7.767652988433838,-7.5393171310424805,-7.625504493713379,-8.192928314208984,-8.830610275268555,-9.126288414001465,-9.071039199829102,-8.806928634643555,-8.403485298156738,-8.1907377243042,-8.481772422790527,-8.718116760253906,-8.503290176391602,-8.452263832092285,-8.994993209838867,-9.7941312789917,-10.270323753356934,-10.287010192871094,-10.083216667175293,-10.041072845458984,-9.987194061279297,-10.042366981506348,-9.598762512207031,-7.660417556762695,-5.558863162994385,-3.8061060905456543,-2.054565668106079,-0.5551754832267761,1.6141151189804077,4.152369499206543
-3.7631661891937256,-3.8078784942626953,-3.5691545009613037,-2.955775260925293,-2.2161238193511963,-2.1079766750335693,-2.8139431476593018,-3.3805251121520996,-3.819333791732788,-4.932950019836426,-5.941563606262207,-6.639873027801514,-7.059839725494385,-6.901022911071777,-6.782415866851807,-6.943070888519287,-7.315176963806152,-7.791237831115723,-8.208952903747559,-8.319193840026855,-8.04388427734375,-7.647236347198486,-7.52039098739624,-7.479408264160156,-7.282388210296631,-7.287624835968018,-7.660684108734131,-8.203886032104492,-8.78562068939209,-9.148258209228516,-9.004830360412598,-8.518908500671387,-8.100269317626953,-8.198832511901855,-8.475258827209473,-8.649430274963379,-8.590156555175781,-8.492578506469727,-7.893660545349121,-6.248169422149658,-3.613567352294922,-0.8173046112060547,1.0715231895446777
-5.034555912017822,-5.09322452545166,-4.822144508361816,-4.205089092254639,-3.355619430541992,-2.5193381309509277,-2.6642403602600098,-3.2294843196868896,-3.2981011867523193,-3.7604176998138428,-4.583673477172852,-5.2818450927734375,-5.652887344360352,-5.768857479095459,-5.924440860748291,-6.097334384918213,-6.329492092132568,-6.589478969573975,-6.833198547363281,-6.884605407714844,-6.817453384399414,-6.830033779144287,-6.808104515075684,-6.482184410095215,-6.1351423263549805,-6.204685688018799,-6.596606731414795,-7.059877872467041,-7.458498954772949,-7.638529300689697,-7.52630615234375,-7.136639595031738,-6.594822883605957,-6.403003692626953,-6.792059898376465,-6.734479904174805,-6.96807861328125,-8.00719928741455,-8.749670028686523,-7.4703688621521,-5.117764472961426,-3.277129650115967,-0.9950997829437256
-6.25522518157959,-6.218794345855713,-5.690330505371094,-4.93229866027832,-4.433999061584473,-3.592703104019165,-3.074890375137329,-3.092750310897827,-3.028489828109741,-3.352145195007324,-4.150547027587891,-4.742156505584717,-4.838681221008301,-4.708009243011475,-4.850475788116455,-5.186022758483887,-5.476944923400879,-5.79958963394165,-6.005715370178223,-5.968990802764893,-5.7431511878967285,-5.440216541290283,-5.122995376586914,-4.964003086090088,-5.106022357940674,-5.369868755340576,-5.551586151123047,-5.655998229980469,-5.856703758239746,-6.128875732421875,-6.235001564025879,-6.02793550491333,-5.708755016326904,-5.507208824157715,-5.42432975769043,-5.345783233642578,-5.591775894165039,-6.335794448852539,-7.530170917510986,-6.898170471191406,-5.932971954345703,-6.1413679122924805,-5.148706436157227
-5.885035991668701,-6.504600524902344,-6.188579559326172,-5.458090782165527,-5.120458126068115,-4.601743221282959,-3.993619441986084,-3.4875948429107666,-3.015859842300415,-2.9973196983337402,-3.6458582878112793,-4.271006107330322,-4.350807189941406,-4.091498374938965,-4.000389099121094,-4.325038433074951,-4.755517482757568,-5.067530632019043,-5.0561628341674805,-4.662450313568115,-4.303901195526123,-4.190755844116211,-4.155905246734619,-4.182596683502197,-4.40507173538208,-4.678585529327393,-4.786416053771973,-4.678982734680176,-4.621814250946045,-4.831602573394775,-4.98004150390625,-4.7357177734375,-4.295858860015869,-4.080375671386719,-4.359393119812012,-4.5886006355285645,-4.475667953491211,-4.910140037536621,-6.644894599914551,-6.54337215423584,-5.750832557678223,-5.9178009033203125,-6.369564533233643
-4.105061054229736,-5.626375198364258,-5.594764709472656,-6.027040481567383,-5.622941493988037,-5.443005084991455,-4.78397798538208,-4.115558624267578,-3.50105357170105,-3.0539474487304688,-3.2399771213531494,-3.7593464851379395,-3.9687721729278564,-3.856161117553711,-3.7787249088287354,-3.980579137802124,-4.21472692489624,-3.9793334007263184,-3.2462847232818604,-2.896749973297119,-3.187530994415283,-3.681459426879883,-3.8177084922790527,-3.6422369480133057,-3.620788097381592,-3.7298316955566406,-3.74360728263855,-3.5422122478485107,-3.446187734603882,-3.779589891433716,-4.094163417816162,-3.791553258895874,-3.230272054672241,-2.9569032192230225,-3.1111114025115967,-3.4059109687805176,-3.7915031909942627,-4.679717063903809,-5.932192325592041,-6.308993816375732,-6.28529167175293,-6.386383533477783,-6.0914130210876465
-1.535219669342041,-4.938526153564453,-5.753520488739014,-6.5164408683776855,-6.850525856018066,-5.991955757141113,-5.05950927734375,-4.634466648101807,-4.399321556091309,-3.825698137283325,-3.1417558193206787,-3.136168956756592,-3.4851443767547607,-3.701833724975586,-3.8097782135009766,-3.780243396759033,-3.2716751098632812,-2.289930820465088,-1.7257863283157349,-1.9601397514343262,-2.646456718444824,-3.2687442302703857,-3.227975606918335,-2.739356756210327,-2.401799201965332,-2.354104518890381,-2.275280237197876,-2.1216094493865967,-2.159649133682251,-2.5731983184814453,-3.062987804412842,-3.0897765159606934,-2.721626043319702,-2.549720287322998,-2.8004705905914307,-3.188789129257202,-3.5855979919433594,-4.549540996551514,-5.733872890472412,-6.087601661682129,-6.253407955169678,-6.491627216339111,-6.393215656280518
-0.5891226530075073,-3.9079558849334717,-5.425632953643799,-6.622695446014404,-7.960191249847412,-6.811671733856201,-4.797482013702393,-4.63722038269043,-4.7337751388549805,-4.342027187347412,-3.5845913887023926,-3.185075521469116,-3.4856326580047607,-3.900067090988159,-3.8991782665252686,-3.094959020614624,-2.032514810562134,-1.3127385377883911,-1.3736375570297241,-1.7198439836502075,-2.041149139404297,-2.352001428604126,-2.2189090251922607,-1.7936285734176636,-1.6133184432983398,-1.4834911823272705,-1.2316046953201294,-1.034987211227417,-1.0844759941101074,-1.4396483898162842,-2.067521095275879,-2.5200743675231934,-2.506176710128784,-2.5011956691741943,-2.621401786804199,-3.376756429672241,-4.084077835083008,-4.5396199226379395,-5.486342906951904,-6.065155506134033,-6.4426469802856445,-6.874269008636475,-6.890064716339111
-2.4012367725372314,-3.8265678882598877,-4.338692665100098,-5.608277320861816,-7.579217433929443,-6.772773265838623,-4.93966817855835,-4.529644012451172,-4.145799160003662,-3.7763450145721436,-3.3734004497528076,-3.353416681289673,-4.168641567230225,-4.154500961303711,-3.3989813327789307,-2.185500383377075,-1.5495659112930298,-1.5395796298980713,-1.8927556276321411,-1.7340389490127563,-1.2403230667114258,-1.3696047067642212,-1.4744279384613037,-1.726664662361145,-2.092616081237793,-1.9648374319076538,-1.5791211128234863,-0.9198420643806458,-0.3284783363342285,-0.43499118089675903,-1.1968202590942383,-2.0493948459625244,-2.5932211875915527,-3.0380189418792725,-3.1014983654022217,-3.76495623588562,-4.557969093322754,-4.8417863845825195,-5.463231563568115,-6.073598861694336,-7.140485763549805,-7.840512275695801,-7.438321113586426
-3.924351215362549,-4.174201488494873,-3.349053144454956,-4.098072052001953,-5.4125776290893555,-4.446734428405762,-4.217514991760254,-5.048710823059082,-5.520720958709717,-5.390575885772705,-4.907849311828613,-4.7355241775512695,-4.395486354827881,-3.717416286468506,-2.5846762657165527,-1.5349562168121338,-1.6555931568145752,-2.071708917617798,-1.8293755054473877,-0.9921585321426392,-0.19405674934387207,-0.7100271582603455,-1.625834584236145,-2.6689534187316895,-3.3964478969573975,-3.2814173698425293,-3.109410524368286,-2.0681583881378174,-0.5207744836807251,-0.3952811062335968,-1.0751383304595947,-1.88318932056427,-2.7556254863739014,-3.8498833179473877,-4.453356742858887,-4.63435173034668,-5.101545810699463,-5.249787330627441,-5.153414249420166,-5.263293266296387,-6.244479179382324,-7.042041778564453,-7.496834754943848
-5.627042293548584,-4.505897045135498,-3.22821307182312,-2.3092942237854004,-2.2696688175201416,-2.4905343055725098,-3.395115375518799,-5.007174015045166,-5.855943202972412,-5.781167984008789,-5.593273639678955,-5.40026330947876,-5.031299114227295,-3.1614320278167725,-1.1505252122879028,-0.6237461566925049,-0.835267186164856,-0.762986958026886,0.026279618963599205,0.07151372730731964,-0.22454991936683655,-0.7895097732543945,-1.9182401895523071,-3.2402279376983643,-4.118227005004883,-4.2020039558410645,-3.939706563949585,-3.3463211059570312,-1.3956454992294312,-0.6821735501289368,-1.2091429233551025,-2.2299928665161133,-3.295694589614868,-3.366377353668213,-3.6849076747894287,-4.154566764831543,-5.028134822845459,-5.869040012359619,-5.612710952758789,-4.489351749420166,-4.293779373168945,-4.960943222045898,-5.896590232849121
-5.8250412940979,-7.163074493408203,-5.251100540161133,-2.1340324878692627,-1.603711485862732,-2.7334887981414795,-3.4405360221862793,-4.131104469299316,-5.067269325256348,-5.364292144775391,-5.346898078918457,-5.07216739654541,-4.6355414390563965,-3.568483829498291,-2.3149654865264893,-0.7084491848945618,0.02596556954085827,0.36554890871047974,1.0361229181289673,0.7970817685127258,0.14577940106391907,-0.6813611388206482,-1.9415806531906128,-3.410245180130005,-4.124983787536621,-4.704787731170654,-4.733307838439941,-4.327219486236572,-3.4529106616973877,-1.560292363166809,-1.6192715167999268,-3.241179943084717,-3.557223081588745,-3.0041897296905518,-2.5927412509918213,-2.8424527645111084,-4.051387310028076,-5.298353672027588,-5.320794105529785,-3.9336493015289307,-2.5795974731445312,-2.6766793727874756,-4.141392230987549
-0.3718149960041046,-3.468587636947632,-5.96439266204834,-4.316668510437012,-3.9449265003204346,-3.3204126358032227,-3.4219417572021484,-4.21143102645874,-4.113353729248047,-3.6187713146209717,-3.2201836109161377,-3.1061649322509766,-2.878117084503174,-2.6572248935699463,-0.9586325883865356,0.3217056095600128,0.48323002457618713,1.0042147636413574,1.1303621530532837,0.7540716528892517,0.19078023731708527,-0.48253151774406433,-1.8326996564865112,-3.34020733833313,-3.6577632427215576,-3.880028009414673,-4.031947135925293,-4.017980575561523,-4.938111305236816,-4.295497894287109,-1.5738030672073364,-1.2544820308685303,-2.061594009399414,-1.7841176986694336,-1.0904574394226074,0.4853823482990265,-0.287230521440506,-3.3023695945739746,-4.503580093383789,-4.213739395141602,-3.808166265487671,-4.227820873260498,-4.375468730926514
-0.06287500262260437,-0.4636082649230957,-2.1144862174987793,-2.8618195056915283,-2.0047712326049805,-2.5614497661590576,-2.2501046657562256,-1.6062084436416626,-0.5229458808898926,0.297309011220932,0.432450532913208,0.36492225527763367,-0.16624139249324799,-1.2995256185531616,-0.5661407113075256,0.7423284649848938,1.189532995223999,1.0510855913162231,0.2007426619529724,-0.4524209499359131,-0.9506425261497498,-1.3152390718460083,-1.9820696115493774,-2.1184332370758057,-1.6191505193710327,-1.4040952920913696,-0.7492226362228394,-0.3458613455295563,-4.158647537231445,-7.301788330078125,-5.840381145477295,-3.601942539215088,-1.8046419620513916,-0.8799806237220764,0.35194167494773865,1.9490869045257568,0.2464601993560791,-3.3937182426452637,-5.089543342590332,-5.072534084320068,-4.267038345336914,-3.035412549972534,-1.473210334777832
2.10516619682312,1.6196991205215454,0.8916399478912354,-0.9571056365966797,-0.37815988063812256,1.5636067390441895,3.089538812637329,3.8289995193481445,4.034444808959961,5.250337600708008,5.273784637451172,3.9288852214813232,1.3262845277786255,-0.7967022061347961,-0.4931337237358093,0.5483942627906799,2.017517566680908,2.57647705078125,1.2658603191375732,-0.0016508543631061912,-1.0927811861038208,-0.5123104453086853,-0.37148499488830566,-0.09079769253730774,0.8578482866287231,0.9654198884963989,1.984574794769287,4.2133469581604,0.07198035717010498,-5.63901424407959,-6.4405131340026855,-6.30133581161499,-5.220006465911865,-3.0574538707733154,-1.739598274230957,-2.9879517555236816,-5.162360668182373,-5.3653059005737305,-3.9624998569488525,-2.3353984355926514,-0.9365687966346741,0.31854119896888733,1.5314658880233765
2.806015968322754,4.108974456787109,1.3471993207931519,-1.0590945482254028,-0.6041560769081116,3.839895248413086,8.093416213989258,4.903616905212402,3.5738613605499268,5.704983234405518,6.022749900817871,4.639628887176514,2.386167049407959,2.4901583194732666,4.027277946472168,4.139810562133789,4.302992820739746,5.872612476348877,7.340103626251221,5.7294392585754395,1.222960114479065,-0.6088790893554688,1.0703366994857788,1.986716628074646,2.2206733226776123,2.666822910308838,3.307255268096924,2.756692409515381,-1.2025766372680664,-3.3041043281555176,-2.071162700653076,-1.8508539199829102,-0.38428473472595215,-0.43561631441116333,-3.6392199993133545,-5.547855854034424,-5.888744831085205,-4.1435675621032715,-0.7254194021224976,1.2783033847808838,2.5180823802948,3.143259286880493,3.252070426940918
