data/wind_data/wind_14_8.json
{"header": {"parameterUnit": "KT", "parameterCategory": 2, "nx": 256, "ny": 198, "lo1": 44.73521041870117, "la1": -3.236724853515625, "lo2": 111.26478576660156, "la2": 43.468475341796875, "dx": 0.2609002888202667, "dy": -0.23708222806453705, "refTime": "2025-02-19 14:00:00", "forecastTime": 0, "parameterNumber": 2, "parameterNumberName": "eastward_wind"}, "data":
[rows 114 to 132 of 198, columns 0 to 43 of 256]
52.593666076660156,52.90519714355469,54.60926055908203,56.3502197265625,57.77568054199219,57.46106719970703,57.387184143066406,58.14814376831055,58.668861389160156,58.537174224853516,58.62779235839844,59.346866607666016,60.096187591552734,60.39338684082031,60.34257507324219,60.58572006225586,61.34475326538086,61.988677978515625,61.9523811340332,61.096412658691406,59.94221115112305,59.36861038208008,59.224098205566406,58.839019775390625,58.407230377197266,58.41152572631836,58.63133239746094,58.787574768066406,59.20541000366211,60.12070846557617,61.219451904296875,62.08657455444336,62.558372497558594,62.75958251953125,63.04086685180664,63.619850158691406,64.12809753417969,63.93889617919922,63.03799819946289,61.959312438964844,61.07280349731445,60.36288070678711,59.38549041748047,58.11683654785156
51.715576171875,52.81666564941406,54.615474700927734,56.29946517944336,57.53418731689453,56.949703216552734,56.528160095214844,57.01190948486328,57.97728729248047,58.521610260009766,58.47573471069336,58.755210876464844,59.77195358276367,60.7933235168457,61.15446090698242,61.020668029785156,60.904273986816406,61.02742385864258,61.09449005126953,60.489776611328125,59.448368072509766,58.74717712402344,58.42795181274414,58.203495025634766,58.186161041259766,58.486915588378906,58.90414047241211,59.34495162963867,59.9742431640625,60.84103775024414,61.75422668457031,62.45383071899414,62.729705810546875,62.645084381103516,62.589813232421875,62.820430755615234,63.00572204589844,62.55659103393555,61.552467346191406,60.55469512939453,59.83238220214844,59.23357391357422,58.3594970703125,57.315032958984375
51.138214111328125,52.63954162597656,54.55502700805664,56.305484771728516,57.60537338256836,57.06684875488281,56.34952163696289,56.35331344604492,57.33817672729492,58.260677337646484,58.45792007446289,58.91402816772461,60.04117202758789,60.88051223754883,61.052608489990234,61.09410095214844,61.252567291259766,60.81739807128906,59.75386047363281,59.0125732421875,59.04866409301758,59.31804275512695,59.314693450927734,59.21857833862305,59.3701057434082,59.78565979003906,60.30405044555664,60.79499816894531,61.181640625,61.554100036621094,62.065364837646484,62.61764907836914,62.88322067260742,62.76344299316406,62.5012092590332,62.22052001953125,61.679847717285156,60.734588623046875,59.646785736083984,58.72648239135742,58.105464935302734,57.62058639526367,56.713531494140625,55.4956169128418
50.75532150268555,52.26454544067383,54.44394302368164,56.4505500793457,57.76426315307617,57.3477783203125,56.7213249206543,56.46019744873047,56.711822509765625,57.62882614135742,58.93852233886719,60.03227996826172,60.549808502197266,60.551124572753906,60.44514083862305,60.81010437011719,61.396183013916016,61.1570930480957,59.978702545166016,58.9207763671875,58.738990783691406,59.27592849731445,59.97734069824219,60.44305419921875,60.64491653442383,60.82655715942383,61.184600830078125,61.634796142578125,62.00893783569336,62.314910888671875,62.60668182373047,62.77998733520508,62.71974563598633,62.465702056884766,62.01203536987305,61.15571594238281,59.88497543334961,58.4956169128418,57.223838806152344,56.286376953125,55.87652587890625,55.67930221557617,54.83987045288086,53.37225341796875
51.40901184082031,52.4305419921875,54.55878829956055,56.56205749511719,57.84818649291992,57.79535675048828,57.432010650634766,56.621910095214844,56.397857666015625,57.637481689453125,59.564613342285156,60.89337921142578,61.03396987915039,60.57777786254883,60.42385482788086,60.595542907714844,60.56727981567383,60.4505615234375,60.33798599243164,59.863441467285156,59.31331253051758,59.362239837646484,59.929176330566406,60.402732849121094,60.49639129638672,60.481407165527344,60.72091293334961,61.24929428100586,61.92554473876953,62.52938461303711,62.74639892578125,62.49246597290039,62.06163787841797,61.619606018066406,60.906734466552734,59.72710037231445,58.329490661621094,56.850868225097656,55.21202087402344,53.93413543701172,53.54595947265625,53.54835510253906,53.007347106933594,51.8780632019043
52.835472106933594,53.1472053527832,54.86378479003906,56.58812713623047,58.09270095825195,58.24335861206055,57.90333557128906,57.07487106323242,56.79728698730469,57.94492721557617,59.74549102783203,61.02357864379883,61.32508850097656,61.01649856567383,60.470703125,59.50337219238281,58.7013053894043,59.03252410888672,59.9849853515625,60.44304275512695,60.364158630371094,60.215965270996094,60.07627487182617,59.82794952392578,59.48506546020508,59.25060272216797,59.32779312133789,59.81145095825195,60.66358947753906,61.542442321777344,61.94074249267578,61.76203536987305,61.341514587402344,60.768619537353516,59.876853942871094,58.745304107666016,57.61052322387695,56.278472900390625,54.50429916381836,52.8949089050293,52.12321090698242,51.791542053222656,51.2606201171875,50.596656799316406
53.68388748168945,53.67359161376953,55.2099723815918,56.869449615478516,58.62109375,58.60274124145508,57.8549690246582,57.34098434448242,57.448299407958984,58.10901641845703,59.197078704833984,60.381866455078125,61.1673583984375,61.23540115356445,60.054683685302734,58.02424621582031,56.992637634277344,57.6861686706543,59.00849533081055,60.09262466430664,60.74354934692383,60.8118896484375,60.280784606933594,59.42148971557617,58.553443908691406,57.909996032714844,57.67848587036133,58.04111862182617,58.979957580566406,60.12369155883789,60.9229850769043,61.161136627197266,61.04520797729492,60.55513381958008,59.603797912597656,58.58986282348633,57.71737289428711,56.60828399658203,54.97682571411133,53.13356399536133,51.84640884399414,51.206382751464844,50.550079345703125,49.70396423339844
54.005069732666016,53.869808197021484,55.539398193359375,57.41276931762695,58.96303939819336,58.16679000854492,57.30598831176758,57.23431396484375,57.53479766845703,57.955963134765625,58.48215866088867,59.152095794677734,60.070404052734375,60.57036590576172,59.323848724365234,57.263275146484375,56.55768966674805,57.26278305053711,58.31428527832031,59.3289680480957,60.12820053100586,60.350162506103516,59.86090087890625,58.88530349731445,57.781700134277344,56.902679443359375,56.5489387512207,56.89828872680664,57.85346603393555,59.06711196899414,60.05685043334961,60.643314361572266,60.9057731628418,60.57125473022461,59.63174819946289,58.75392532348633,58.06824493408203,57.09480667114258,55.5202751159668,53.7460823059082,52.54206466674805,51.5721435546875,50.183937072753906,49.18514633178711
54.524085998535156,54.173885345458984,55.763736724853516,57.52597427368164,58.509544372558594,57.15803146362305,56.31310272216797,56.66621017456055,57.3983268737793,57.86127471923828,57.976234436035156,58.31916427612305,59.25493240356445,59.6303825378418,58.43500900268555,57.20560073852539,57.24330520629883,57.884620666503906,58.45887756347656,59.01555633544922,59.49306106567383,59.593482971191406,59.19804763793945,58.42491912841797,57.51529312133789,56.76119613647461,56.40758514404297,56.58168029785156,57.271385192871094,58.34019470214844,59.395423889160156,60.14582443237305,60.52486801147461,60.25580978393555,59.37853240966797,58.52678298950195,57.88588333129883,57.16293716430664,55.71907043457031,53.65650177001953,52.59597396850586,52.88029479980469,51.7017822265625,49.22225570678711
55.40808868408203,54.67040252685547,55.87544631958008,57.28910827636719,57.77082824707031,56.390018463134766,55.83826446533203,56.334190368652344,57.21039581298828,58.1987190246582,58.675655364990234,58.94082260131836,59.26474380493164,58.83860397338867,57.83145523071289,57.50664520263672,57.990013122558594,58.55503463745117,58.91937255859375,59.171234130859375,59.336917877197266,59.34249496459961,59.0988883972168,58.57036209106445,57.84756088256836,57.14042282104492,56.633846282958984,56.465087890625,56.85703659057617,57.804115295410156,58.79801940917969,59.55491256713867,59.98473358154297,59.65476989746094,58.73110580444336,57.960227966308594,57.41321563720703,56.818199157714844,55.713985443115234,53.6747932434082,52.20013427734375,52.688655853271484,52.87791061401367,50.79401397705078
55.82609558105469,54.627952575683594,55.722511291503906,56.95741653442383,57.2564582824707,56.51225280761719,56.3311767578125,56.58396530151367,57.37525177001953,58.50154495239258,59.5098762512207,60.123294830322266,59.79191207885742,58.61516189575195,57.77462387084961,57.79644012451172,58.235565185546875,58.68374252319336,59.01638412475586,59.24559783935547,59.441280364990234,59.5630989074707,59.42801284790039,58.94145965576172,58.209144592285156,57.388572692871094,56.59022521972656,56.08820724487305,56.323997497558594,57.16196060180664,58.056243896484375,58.99153137207031,59.63987350463867,59.23149871826172,58.17937469482422,57.43839645385742,57.061275482177734,56.65155029296875,55.758548736572266,53.90898132324219,52.06631088256836,51.86137390136719,51.96968460083008,50.577152252197266
55.115455627441406,54.010459899902344,55.36956024169922,56.72624969482422,57.090232849121094,56.757625579833984,56.80284881591797,57.1292839050293,57.678382873535156,58.59727478027344,59.82648468017578,60.4317626953125,59.6668586730957,58.46461868286133,57.95105743408203,57.97408676147461,58.12310028076172,58.35163879394531,58.64035415649414,58.950443267822266,59.29811477661133,59.5831298828125,59.521629333496094,59.00262451171875,58.194602966308594,57.19590759277344,56.077510833740234,55.355201721191406,55.53431701660156,56.244415283203125,57.147178649902344,58.42736053466797,59.23527145385742,58.77237319946289,57.84124755859375,57.208946228027344,56.72990036010742,56.18586349487305,55.433753967285156,54.180416107177734,52.50082015991211,51.29627990722656,50.41702651977539,49.31044387817383
55.05637741088867,54.52760314941406,55.83668518066406,57.01008224487305,57.17100143432617,56.850521087646484,56.923316955566406,57.06440734863281,57.4354248046875,58.44621276855469,59.657352447509766,59.83601760864258,58.91523361206055,58.136451721191406,57.90717697143555,57.79147720336914,57.6715202331543,57.677734375,57.85090255737305,58.181663513183594,58.63742446899414,59.04111099243164,59.031394958496094,58.5035285949707,57.63630676269531,56.417972564697266,55.060630798339844,54.32966995239258,54.45759963989258,54.96890640258789,55.970458984375,57.48291778564453,58.1507568359375,57.6442985534668,57.26693344116211,57.088130950927734,56.331871032714844,55.40484619140625,54.812355041503906,54.17283248901367,52.89109420776367,51.177642822265625,49.36174392700195,48.223419189453125
57.218055725097656,56.26783752441406,57.108253479003906,57.68934631347656,57.326717376708984,56.68501281738281,56.51708221435547,56.5068473815918,56.8149299621582,57.794742584228516,58.7500114440918,58.630409240722656,57.91557312011719,57.51399612426758,57.29740524291992,56.98970031738281,56.74319839477539,56.67509841918945,56.78268814086914,57.061378479003906,57.45354461669922,57.76586151123047,57.69228744506836,57.19750213623047,56.359092712402344,55.063194274902344,53.789947509765625,53.265899658203125,53.254493713378906,53.567054748535156,54.7222900390625,56.15330123901367,56.409828186035156,55.953819274902344,56.1851806640625,56.78995895385742,56.333614349365234,54.97529983520508,53.95700454711914,53.59503173828125,52.74398422241211,51.06472396850586,49.682044982910156,48.96927261352539
59.68671417236328,57.57754135131836,58.041160583496094,58.04779815673828,57.2119255065918,56.459571838378906,56.08441925048828,55.79605484008789,55.95248031616211,56.71947479248047,57.272552490234375,57.13943862915039,56.83479690551758,56.574851989746094,56.17203140258789,55.80371856689453,55.67252731323242,55.688629150390625,55.75856018066406,55.88359832763672,56.035736083984375,56.103057861328125,55.93364715576172,55.53470993041992,54.811912536621094,53.66181945800781,52.743228912353516,52.410518646240234,52.21193313598633,52.576866149902344,53.85711669921875,54.76872253417969,54.671417236328125,54.61238479614258,55.268287658691406,56.085365295410156,56.22105026245117,55.165618896484375,53.413604736328125,52.24660873413086,51.906063079833984,51.33381271362305,50.54386901855469,50.37593078613281
60.606441497802734,57.8580207824707,58.4215202331543,58.289649963378906,57.37458801269531,56.73838806152344,56.28302764892578,55.7778434753418,55.508426666259766,55.571815490722656,55.63961410522461,55.63028335571289,55.58749771118164,55.410587310791016,55.162628173828125,54.99253463745117,54.85808563232422,54.74729919433594,54.76198959350586,54.8869514465332,54.97283935546875,54.90214538574219,54.6612434387207,54.24394607543945,53.48023986816406,52.4708137512207,51.832149505615234,51.46430969238281,51.165409088134766,51.82673263549805,53.114532470703125,53.44122314453125,53.22123336791992,53.73101043701172,54.64511489868164,55.271522521972656,55.40791702270508,54.56714630126953,52.752281188964844,51.38166427612305,51.328548431396484,51.512516021728516,50.973453521728516,50.537452697753906
60.7695198059082,57.951229095458984,58.783287048339844,58.90028762817383,58.142459869384766,57.49943161010742,56.9161376953125,56.21080017089844,55.47886657714844,54.877201080322266,54.4985466003418,54.35549545288086,54.331260681152344,54.36396026611328,54.48175811767578,54.56104278564453,54.408119201660156,54.0982780456543,53.892845153808594,53.89183807373047,53.964447021484375,53.93207931518555,53.710514068603516,53.204742431640625,52.30853271484375,51.304752349853516,50.548675537109375,49.94304656982422,49.85666275024414,50.80195236206055,51.78490447998047,51.951602935791016,52.146339416503906,52.8889274597168,53.7825927734375,54.39733123779297,54.24288558959961,52.91871643066406,51.28546142578125,50.69697570800781,51.21770477294922,51.67237854003906,51.07342529296875,49.994041442871094
60.66745376586914,57.927757263183594,58.919029235839844,59.418312072753906,59.046905517578125,58.32761764526367,57.45256423950195,56.518409729003906,55.625389099121094,54.80862045288086,54.13427734375,53.68383026123047,53.560691833496094,53.80134582519531,54.20009994506836,54.38679122924805,54.16057586669922,53.65205001831055,53.200199127197266,52.97770690917969,52.87561798095703,52.740081787109375,52.501625061035156,51.986751556396484,51.08991241455078,50.03620910644531,48.975032806396484,48.20050811767578,48.53580856323242,49.755516052246094,50.331390380859375,50.4775505065918,51.248291015625,52.115753173828125,52.82126235961914,53.44893264770508,52.742801666259766,50.739871978759766,49.423954010009766,49.726165771484375,50.71912384033203,50.92000961303711,49.96834182739258,48.56361389160156
60.247474670410156,57.81113815307617,58.76999282836914,59.502750396728516,59.55467987060547,58.836605072021484,57.77655792236328,56.78105926513672,55.89008712768555,55.02634811401367,54.266841888427734,53.64548873901367,53.336952209472656,53.55780792236328,54.07516098022461,54.30476379394531,53.96290969848633,53.30799102783203,52.74409866333008,52.34754180908203,51.96167755126953,51.57975387573242,51.2564697265625,50.7405891418457,49.860965728759766,48.76824951171875,47.63084411621094,47.04194641113281,47.785919189453125,49.13608169555664,49.57328414916992,49.722023010253906,50.60084533691406,51.39250183105469,51.938026428222656,52.15656280517578,50.72735595703125,48.46558380126953,47.55839157104492,48.47787857055664,49.502323150634766,48.867835998535156,47.16048812866211,45.991092681884766
