data/wind_data/wind_28_0.json
{"header": {"parameterUnit": "KT", "parameterCategory": 2, "nx": 255, "ny": 198, "lo1": 44.73521041870117, "la1": -3.236724853515625, "lo2": 111.26478576660156, "la2": 43.468475341796875, "dx": 0.26192745566368103, "dy": -0.23708222806453705, "refTime": "2025-02-20 04:00:00", "forecastTime": 0, "parameterNumber": 2, "parameterNumberName": "eastward_wind"}, "data":
[rows 152 to 170 of 198, columns 172 to 214 of 255]
16.371379852294922,16.357898712158203,16.867828369140625,17.822479248046875,15.587327003479004,12.195634841918945,8.200125694274902,6.616761684417725,7.161219596862793,7.908237934112549,6.6522932052612305,3.4523818492889404,2.5747008323669434,4.037753582000732,4.98881721496582,5.621197700500488,6.612839221954346,7.375875949859619,7.709235191345215,7.011728286743164,7.579062461853027,9.479670524597168,8.655540466308594,7.216837406158447,9.498955726623535,12.804866790771484,13.736047744750977,13.6822509765625,13.509814262390137,13.500829696655273,13.789060592651367,14.34719181060791,14.636168479919434,14.758543968200684,14.616392135620117,14.214499473571777,13.93701457977295,15.22989273071289,20.313196182250977,20.964841842651367,20.30784797668457,18.5131893157959,16.186870574951172
14.925660133361816,16.010128021240234,14.436152458190918,14.043912887573242,12.86694622039795,10.822935104370117,9.834774017333984,9.631373405456543,9.154659271240234,8.583410263061523,8.191245079040527,6.9023637771606445,6.260158538818359,7.094120979309082,7.708084583282471,6.891872406005859,6.420653820037842,7.442350387573242,7.891644477844238,7.619251728057861,8.048088073730469,8.361263275146484,8.006765365600586,8.4906005859375,10.833012580871582,13.076671600341797,13.8744478225708,14.347338676452637,14.600805282592773,15.091135025024414,15.365265846252441,15.458301544189453,15.499297142028809,15.899677276611328,15.249898910522461,15.535896301269531,18.01201820373535,15.081823348999023,17.397302627563477,20.331710815429688,20.191574096679688,17.522491455078125,15.06610107421875
13.870996475219727,15.591017723083496,15.102359771728516,14.031660079956055,13.426300048828125,14.139382362365723,14.743728637695312,13.677327156066895,11.985050201416016,10.741643905639648,10.573775291442871,10.208206176757812,10.082436561584473,9.854787826538086,7.303140640258789,4.676716327667236,5.447397232055664,7.905080795288086,9.080421447753906,8.544370651245117,8.213677406311035,9.31460952758789,10.650898933410645,11.374600410461426,12.204855918884277,13.025712013244629,13.662552833557129,14.323848724365234,14.935577392578125,15.22359561920166,15.571415901184082,15.898005485534668,15.741188049316406,15.443718910217285,15.427961349487305,18.377164840698242,21.08348274230957,19.41373062133789,19.81733512878418,20.789939880371094,19.202667236328125,16.134166717529297,14.728280067443848
13.523847579956055,14.232797622680664,11.618420600891113,10.066372871398926,12.115312576293945,15.089010238647461,16.190221786499023,14.710869789123535,12.532663345336914,12.53038215637207,12.63976764678955,12.50564956665039,12.604114532470703,10.726133346557617,8.056851387023926,6.91910982131958,8.062567710876465,8.923696517944336,7.923666000366211,6.77298641204834,7.506490707397461,10.034603118896484,12.177242279052734,13.141197204589844,13.592164039611816,13.95358943939209,14.05411148071289,14.544350624084473,14.825298309326172,15.58602523803711,19.369565963745117,17.19231414794922,15.561982154846191,15.068528175354004,15.596713066101074,18.654077529907227,18.579193115234375,19.23426055908203,21.391054153442383,21.52509117126465,18.729354858398438,15.645153999328613,14.193293571472168
12.283918380737305,11.56088638305664,7.071577548980713,5.515566825866699,9.086050033569336,13.337972640991211,15.066749572753906,13.846710205078125,11.873061180114746,11.289735794067383,13.852449417114258,15.42362117767334,14.904531478881836,12.67043399810791,9.560638427734375,6.424490928649902,5.4446821212768555,6.815579414367676,9.030252456665039,9.333050727844238,9.16176986694336,10.157150268554688,11.839574813842773,13.273699760437012,14.01065444946289,14.2052640914917,14.392708778381348,14.911455154418945,15.302610397338867,15.651034355163574,15.939306259155273,16.111392974853516,15.72348403930664,14.699548721313477,15.210692405700684,16.88238525390625,18.189531326293945,20.45079231262207,22.358625411987305,20.584474563598633,16.23230743408203,12.712559700012207,11.874969482421875
11.662498474121094,10.644356727600098,7.1933207511901855,6.452347755432129,8.823103904724121,11.192675590515137,12.105570793151855,12.35333251953125,12.466383934020996,12.80611801147461,14.122130393981934,16.307621002197266,16.74026870727539,11.609024047851562,4.617799758911133,2.3265414237976074,4.8037824630737305,9.347408294677734,12.455306053161621,13.916604042053223,12.602068901062012,12.00976848602295,12.047353744506836,12.59634780883789,13.316667556762695,15.477768898010254,16.913780212402344,17.75820541381836,16.589994430541992,16.77940559387207,19.05289649963379,17.216270446777344,16.57548713684082,15.043514251708984,15.218833923339844,16.51903533935547,18.450912475585938,21.22435760498047,21.537336349487305,16.998817443847656,10.832974433898926,7.870113849639893,8.521539688110352
12.485489845275879,11.704081535339355,9.4976806640625,9.106115341186523,10.700718879699707,11.205459594726562,11.197991371154785,12.85660171508789,14.292295455932617,15.149496078491211,15.703351974487305,16.543664932250977,13.771265029907227,7.31493616104126,4.533228397369385,6.6641058921813965,10.107437133789062,13.601668357849121,15.60009765625,14.848403930664062,13.363256454467773,13.315949440002441,12.763002395629883,12.657744407653809,13.335066795349121,15.55681324005127,16.94133949279785,18.231407165527344,19.52979278564453,19.624855041503906,19.181907653808594,17.089780807495117,12.874955177307129,12.65823745727539,14.938758850097656,17.555160522460938,22.700899124145508,23.55953598022461,20.91400909423828,13.739989280700684,5.469255447387695,2.6249165534973145,5.100430965423584
13.920272827148438,13.579379081726074,10.718692779541016,10.313092231750488,11.497960090637207,12.009632110595703,13.082200050354004,15.225419998168945,16.300321578979492,15.439377784729004,13.963117599487305,13.620035171508789,12.39277172088623,9.91339111328125,10.787105560302734,13.683599472045898,14.007665634155273,13.933708190917969,13.180265426635742,10.701221466064453,10.329789161682129,13.179491996765137,15.454617500305176,15.933435440063477,16.879552841186523,17.50341796875,16.220407485961914,19.348426818847656,20.51294708251953,15.222036361694336,11.807108879089355,10.464317321777344,10.990912437438965,13.151327133178711,17.132299423217773,21.233013153076172,22.598676681518555,23.049100875854492,18.491886138916016,8.434218406677246,0.15117962658405304,-0.07607048749923706,4.730427265167236
13.856049537658691,15.097572326660156,13.989914894104004,11.363555908203125,11.65379810333252,14.30155086517334,15.863076210021973,17.3892765045166,17.482717514038086,15.473010063171387,13.9616060256958,13.242949485778809,11.942123413085938,11.504002571105957,13.92006778717041,14.915884017944336,12.577397346496582,11.187517166137695,8.632973670959473,6.035341739654541,7.634526252746582,12.476987838745117,15.7897310256958,16.124889373779297,17.427900314331055,18.410167694091797,18.128530502319336,18.764240264892578,16.108680725097656,9.146724700927734,5.214944362640381,6.604027271270752,9.654369354248047,12.689642906188965,17.835941314697266,22.70062828063965,23.434785842895508,21.960460662841797,14.048969268798828,4.625545501708984,2.498333215713501,4.338966369628906,6.389440059661865
10.582818031311035,12.293678283691406,14.835922241210938,13.51520824432373,13.013193130493164,15.342247009277344,16.22077178955078,15.28075885772705,14.847172737121582,15.978578567504883,15.649959564208984,12.737510681152344,11.422102928161621,12.178789138793945,11.2039155960083,8.124025344848633,6.331923007965088,7.3574748039245605,7.267256259918213,5.956552505493164,8.526153564453125,13.501899719238281,15.840608596801758,15.77965259552002,16.56553077697754,15.907902717590332,12.327392578125,8.868513107299805,5.698635101318359,1.657025694847107,1.4457656145095825,5.383923530578613,8.003390312194824,11.001787185668945,18.237808227539062,24.74220848083496,23.279438018798828,17.781986236572266,10.972745895385742,8.548052787780762,10.766758918762207,11.95242977142334,11.396219253540039
12.011007308959961,14.727591514587402,17.13285255432129,16.1640625,14.318246841430664,15.057770729064941,16.58617401123047,16.649368286132812,16.352767944335938,18.208587646484375,16.49091911315918,10.224075317382812,9.530068397521973,10.505454063415527,5.539088249206543,1.4510751962661743,1.9702931642532349,4.305418491363525,6.015345096588135,5.836366176605225,7.266506671905518,11.051621437072754,12.345904350280762,9.986674308776855,7.897514820098877,5.943692684173584,2.174656391143799,-0.7191234827041626,-1.2990078926086426,-1.3206989765167236,-0.027507111430168152,3.475050926208496,6.823216915130615,11.946823120117188,18.855600357055664,21.238502502441406,18.52471160888672,14.956860542297363,12.86423110961914,12.947432518005371,12.740316390991211,11.606504440307617,12.534860610961914
15.094881057739258,16.250749588012695,17.791309356689453,17.605670928955078,16.272655487060547,16.724363327026367,18.044902801513672,17.090364456176758,16.45646095275879,17.435270309448242,11.583395957946777,4.93697452545166,7.115993976593018,8.108904838562012,3.7810306549072266,0.8742480278015137,0.8715795874595642,2.246612071990967,4.0633344650268555,5.264962673187256,5.782073497772217,6.274804592132568,4.348376750946045,-0.2642999291419983,-3.079838752746582,-4.221555233001709,-4.792661190032959,-3.760103464126587,-1.9530216455459595,-0.6469333171844482,0.6206797361373901,3.7119123935699463,8.115865707397461,11.746411323547363,15.871759414672852,18.95557975769043,17.245763778686523,15.168829917907715,15.76469612121582,15.218387603759766,10.505642890930176,8.96402359008789,12.30862045288086
16.08294677734375,16.798593521118164,16.64447593688965,14.82425308227539,14.188848495483398,15.243902206420898,15.9973783493042,15.638273239135742,18.432329177856445,17.717395782470703,8.019522666931152,3.8124642372131348,6.264255523681641,6.620877265930176,4.1891021728515625,0.6020943522453308,-0.38089078664779663,0.19488170742988586,-0.6242631077766418,-2.2347190380096436,-3.0068933963775635,-3.672858715057373,-4.893670082092285,-5.554422378540039,-5.242047309875488,-5.4347920417785645,-5.37490177154541,-3.698493480682373,-1.3413158655166626,1.0023332834243774,3.6196117401123047,6.389411449432373,9.2612943649292,12.17642879486084,13.83544921875,14.465463638305664,15.209117889404297,16.627546310424805,16.787582397460938,11.13398265838623,5.734993934631348,7.0652875900268555,11.397149085998535
14.606319427490234,10.076951026916504,6.203550815582275,6.7187113761901855,10.068495750427246,13.832894325256348,16.077083587646484,18.139673233032227,18.97076988220215,9.60385799407959,1.022238850593567,2.3775088787078857,3.2841224670410156,3.183145761489868,2.807563066482544,1.3670350313186646,-1.1042274236679077,-3.9143176078796387,-5.349158763885498,-6.069507122039795,-6.45806360244751,-6.508550643920898,-5.911403179168701,-4.621905326843262,-2.5093390941619873,-0.6722139120101929,-1.2191413640975952,-2.003453016281128,-1.606630802154541,-0.25727012753486633,2.1551873683929443,5.427209854125977,8.69681167602539,11.044856071472168,13.650753021240234,15.760966300964355,16.966751098632812,16.706680297851562,14.089749336242676,9.615840911865234,6.751766681671143,8.839421272277832,12.473962783813477
7.474056720733643,0.5726456046104431,-2.0267693996429443,1.6108148097991943,7.879842281341553,14.266717910766602,17.26589012145996,18.312047958374023,11.225054740905762,-1.7597041130065918,-3.4242076873779297,1.1975220441818237,3.260946273803711,3.989515781402588,2.606712579727173,0.09185373783111572,-3.2115001678466797,-6.002694606781006,-6.70442533493042,-6.384099006652832,-5.541263103485107,-3.986262321472168,-1.9444884061813354,1.2192411422729492,4.551046848297119,5.654937744140625,3.034085273742676,1.5961042642593384,3.7091469764709473,6.024631500244141,7.513207912445068,9.303685188293457,12.6821928024292,15.4893217086792,17.2133731842041,18.04814910888672,17.59709930419922,16.179183959960938,15.16893196105957,14.827570915222168,13.933760643005371,13.705276489257812,14.611921310424805
2.10825252532959,2.4232213497161865,4.88191032409668,9.187494277954102,12.914266586303711,15.432527542114258,15.929145812988281,14.923866271972656,7.803496837615967,-2.368377208709717,-2.9530630111694336,0.6216742396354675,1.6279217004776,1.4662858247756958,-0.14149045944213867,-2.150477409362793,-4.104823589324951,-5.273648738861084,-5.259117603302002,-4.310845375061035,-2.6122887134552,-0.054783374071121216,3.5475034713745117,7.329665184020996,10.160959243774414,11.42065715789795,10.600960731506348,9.954306602478027,12.391666412353516,14.854192733764648,14.390689849853516,15.676864624023438,18.21629524230957,18.938335418701172,18.94300079345703,18.926528930664062,18.046892166137695,17.73116111755371,17.361705780029297,16.020301818847656,14.767621994018555,14.528702735900879,14.41589641571045
7.412590980529785,5.920095920562744,8.879008293151855,13.240191459655762,14.048580169677734,12.817272186279297,12.943329811096191,8.790666580200195,0.47760191559791565,-1.8775731325149536,-0.3219059109687805,-0.11912046372890472,-0.22888930141925812,-0.6901277899742126,-2.1619553565979004,-3.2548482418060303,-3.565347909927368,-3.7066707611083984,-3.5936639308929443,-2.898094654083252,-1.5073553323745728,1.7718007564544678,8.208829879760742,13.564400672912598,14.585935592651367,14.685197830200195,15.957113265991211,17.009706497192383,18.134872436523438,18.156558990478516,15.736825942993164,19.918821334838867,23.992877960205078,20.92580795288086,18.556468963623047,18.610294342041016,18.470590591430664,17.989267349243164,16.39954376220703,14.745357513427734,13.95882511138916,14.019680976867676,13.989727973937988
9.966496467590332,8.935263633728027,10.65085220336914,13.560051918029785,10.995584487915039,5.559625625610352,4.184395790100098,2.219189405441284,-1.0116289854049683,-1.4468371868133545,-1.8740928173065186,-2.197815418243408,-2.210113286972046,-2.644874334335327,-3.2843382358551025,-3.9463376998901367,-4.337332725524902,-4.55301570892334,-4.25405216217041,-3.432316780090332,-1.4500586986541748,2.0997908115386963,9.433321952819824,16.378156661987305,16.503007888793945,15.124603271484375,16.357593536376953,17.24161148071289,17.275127410888672,18.049089431762695,19.975244522094727,23.013870239257812,23.99172019958496,19.466175079345703,17.459657669067383,18.291982650756836,18.27656364440918,17.194324493408203,15.706488609313965,14.447952270507812,13.832257270812988,14.081296920776367,13.347185134887695
11.683258056640625,6.4245429039001465,9.24563980102539,9.42048454284668,3.973987340927124,0.561717689037323,0.5149150490760803,-1.3577568531036377,-4.536665439605713,-5.08165979385376,-3.9930272102355957,-3.262791633605957,-3.5119574069976807,-3.9822020530700684,-4.194477558135986,-3.9382455348968506,-3.933992385864258,-4.72808313369751,-4.100699424743652,-2.4193661212921143,0.6882428526878357,5.563724517822266,11.33002758026123,16.6579647064209,18.896989822387695,18.915836334228516,18.26586151123047,18.266286849975586,19.29250144958496,19.189781188964844,18.725919723510742,20.003070831298828,17.843250274658203,15.952787399291992,17.014429092407227,18.64715003967285,18.21221351623535,16.61636734008789,15.225985527038574,14.161434173583984,13.710875511169434,12.462899208068848,9.996752738952637
