data/wind_data/wind_4_7.json
{"header": {"parameterUnit": "KT", "parameterCategory": 2, "nx": 256, "ny": 198, "lo1": 44.73521041870117, "la1": -3.236724853515625, "lo2": 111.26478576660156, "la2": 43.468475341796875, "dx": 0.2609002888202667, "dy": -0.23708222806453705, "refTime": "2025-02-19 04:00:00", "forecastTime": 0, "parameterNumber": 2, "parameterNumberName": "eastward_wind"}, "data":
[rows 0 to 19 of 198, columns 44 to 87 of 256]
-18.442306518554688,-18.418779373168945,-17.822141647338867,-16.717422485351562,-15.609153747558594,-14.50387954711914,-13.570037841796875,-12.989554405212402,-13.677816390991211,-14.541756629943848,-13.916532516479492,-12.6571683883667,-10.866301536560059,-9.65654468536377,-10.008902549743652,-11.02512264251709,-12.508576393127441,-14.259437561035156,-16.365690231323242,-17.308307647705078,-16.754396438598633,-17.31529426574707,-19.033449172973633,-20.074085235595703,-20.52120590209961,-20.52324867248535,-20.037891387939453,-18.713542938232422,-17.038381576538086,-16.077329635620117,-15.737992286682129,-16.69737434387207,-17.540542602539062,-16.60676383972168,-15.360647201538086,-14.497211456298828,-13.748404502868652,-13.095229148864746,-12.6026611328125,-12.320260047912598,-11.9306640625,-11.37157154083252,-11.167340278625488,-11.305817604064941
-18.16317367553711,-18.130640029907227,-17.158641815185547,-15.630949974060059,-14.227239608764648,-13.120253562927246,-12.536897659301758,-12.260894775390625,-12.401269912719727,-12.637313842773438,-12.304439544677734,-11.533567428588867,-10.269579887390137,-9.115046501159668,-8.588831901550293,-8.285555839538574,-7.996183395385742,-9.058476448059082,-11.83387565612793,-14.0706787109375,-15.399547576904297,-16.518640518188477,-17.7691650390625,-19.065401077270508,-20.057239532470703,-20.511775970458984,-20.316442489624023,-18.704553604125977,-16.730844497680664,-15.637744903564453,-14.933959007263184,-15.466261863708496,-16.37269401550293,-16.281238555908203,-15.663834571838379,-14.400978088378906,-13.432367324829102,-13.715447425842285,-13.722413063049316,-12.799677848815918,-11.864559173583984,-11.135831832885742,-10.602416038513184,-10.34424114227295
-16.062026977539062,-16.327909469604492,-15.604756355285645,-14.254698753356934,-12.493094444274902,-10.712064743041992,-10.085738182067871,-10.032909393310547,-9.673571586608887,-9.29025650024414,-8.567765235900879,-7.619278907775879,-6.798103332519531,-6.144645690917969,-5.742166042327881,-5.160253047943115,-4.244386196136475,-4.363736152648926,-5.755917072296143,-8.178583145141602,-11.64993953704834,-14.317197799682617,-16.139677047729492,-17.561758041381836,-18.435457229614258,-18.770689010620117,-18.45952033996582,-17.546417236328125,-16.803936004638672,-16.37254524230957,-15.5902099609375,-15.117338180541992,-15.062150955200195,-14.713065147399902,-14.117433547973633,-13.34089469909668,-12.727495193481445,-12.525405883789062,-12.083062171936035,-11.291973114013672,-10.90595531463623,-10.849530220031738,-10.248028755187988,-9.483587265014648
-14.419824600219727,-14.687017440795898,-14.181767463684082,-13.130946159362793,-11.36801815032959,-9.464186668395996,-8.769272804260254,-8.397369384765625,-7.6873650550842285,-7.292796611785889,-6.5188212394714355,-5.451958179473877,-4.82395601272583,-4.507271766662598,-4.489771842956543,-4.193577766418457,-3.0805158615112305,-2.091372489929199,-1.8682348728179932,-3.4410555362701416,-7.15424108505249,-10.271395683288574,-12.08458423614502,-13.261695861816406,-13.991829872131348,-14.313586235046387,-14.163068771362305,-14.422770500183105,-15.486519813537598,-16.060617446899414,-15.527134895324707,-14.854493141174316,-14.425119400024414,-13.921588897705078,-13.341748237609863,-12.932859420776367,-12.67396068572998,-11.929643630981445,-10.823748588562012,-10.058928489685059,-10.079143524169922,-10.539480209350586,-10.354228019714355,-9.695858001708984
-14.093179702758789,-14.654850006103516,-14.867624282836914,-14.762378692626953,-14.168562889099121,-13.122785568237305,-11.470998764038086,-9.639764785766602,-9.135138511657715,-9.816031455993652,-9.269662857055664,-7.5974626541137695,-6.478522777557373,-6.8614420890808105,-7.376773834228516,-6.371359348297119,-4.411129474639893,-2.8806302547454834,-2.3982033729553223,-2.9471254348754883,-4.004761695861816,-4.8084564208984375,-5.360166072845459,-6.072198390960693,-6.7466230392456055,-7.16426944732666,-7.095365047454834,-8.207574844360352,-10.80420970916748,-12.278548240661621,-12.677053451538086,-13.552398681640625,-14.502161026000977,-14.848953247070312,-14.618134498596191,-13.695450782775879,-12.484006881713867,-11.535015106201172,-10.744954109191895,-9.889165878295898,-9.178647994995117,-8.874716758728027,-9.16079044342041,-9.957955360412598
-13.11394214630127,-13.860258102416992,-14.066035270690918,-13.461019515991211,-12.407530784606934,-11.239652633666992,-10.022204399108887,-9.102211952209473,-8.83304500579834,-8.783609390258789,-8.499869346618652,-8.481698989868164,-9.209203720092773,-10.05994987487793,-9.890935897827148,-8.282938003540039,-5.913174152374268,-4.1343231201171875,-3.397425651550293,-3.6590614318847656,-4.128941059112549,-4.277472019195557,-4.583601951599121,-4.995460033416748,-5.602651596069336,-6.808418273925781,-7.795406818389893,-8.552547454833984,-8.856180191040039,-8.349444389343262,-8.884941101074219,-10.750025749206543,-12.614638328552246,-13.649121284484863,-13.742253303527832,-12.850157737731934,-11.536575317382812,-10.700323104858398,-10.137303352355957,-9.379595756530762,-9.146275520324707,-9.295127868652344,-9.322724342346191,-9.578994750976562
-10.711932182312012,-11.214686393737793,-11.077019691467285,-10.402762413024902,-9.693021774291992,-9.089536666870117,-8.744915008544922,-8.505681991577148,-7.620988368988037,-6.528800964355469,-6.462355613708496,-8.221624374389648,-10.230212211608887,-10.666812896728516,-9.963058471679688,-8.873135566711426,-7.425675392150879,-5.901146411895752,-4.678070068359375,-4.093573570251465,-4.228719711303711,-4.465147972106934,-4.529250144958496,-4.75398588180542,-5.4123454093933105,-6.121336460113525,-6.512354850769043,-6.671300411224365,-6.264780044555664,-5.797314643859863,-6.68765115737915,-8.692233085632324,-10.348191261291504,-11.034600257873535,-11.366788864135742,-11.472257614135742,-10.92276382446289,-10.21958065032959,-9.718881607055664,-9.558334350585938,-9.628353118896484,-9.667999267578125,-9.47872543334961,-9.703546524047852
-8.223718643188477,-8.105360984802246,-7.630311012268066,-7.087579727172852,-6.856867790222168,-7.235152244567871,-7.739487648010254,-8.144142150878906,-7.570028781890869,-6.200918674468994,-5.1349382400512695,-6.033229351043701,-7.792349338531494,-8.800697326660156,-9.191673278808594,-9.01481819152832,-8.464200019836426,-7.426170825958252,-5.852855682373047,-4.4126763343811035,-4.081552505493164,-4.2166900634765625,-4.234062671661377,-4.772442817687988,-5.670146942138672,-6.103241443634033,-6.191110134124756,-6.306309700012207,-6.643893718719482,-7.211664199829102,-7.799479961395264,-8.468817710876465,-8.660293579101562,-8.531057357788086,-8.741451263427734,-9.2484712600708,-9.392756462097168,-9.319100379943848,-9.259601593017578,-9.91235065460205,-10.816839218139648,-11.027750015258789,-10.63693618774414,-10.23033618927002
-6.357132434844971,-6.232478618621826,-5.733500003814697,-5.222611904144287,-5.4689154624938965,-6.511612892150879,-7.696789741516113,-8.210060119628906,-7.604300498962402,-6.495468616485596,-5.6060333251953125,-5.837568759918213,-6.751426696777344,-7.403535842895508,-8.061960220336914,-8.375484466552734,-8.31076431274414,-7.521902561187744,-5.853819370269775,-4.091608047485352,-3.19874906539917,-3.104524612426758,-3.0120434761047363,-3.564608573913574,-4.200338840484619,-4.663010597229004,-5.459325313568115,-6.414508819580078,-7.722219944000244,-8.984163284301758,-9.749651908874512,-10.006460189819336,-9.544707298278809,-8.95877456665039,-8.745027542114258,-8.763147354125977,-8.751229286193848,-8.574410438537598,-8.267576217651367,-8.769539833068848,-10.161637306213379,-10.893391609191895,-10.714524269104004,-10.295021057128906
-5.167740345001221,-5.97733736038208,-6.012674331665039,-5.4563984870910645,-5.549051761627197,-6.6852593421936035,-8.25955867767334,-8.28085708618164,-7.53969144821167,-6.601470470428467,-6.099923133850098,-6.740592002868652,-7.835555553436279,-8.108247756958008,-7.828995704650879,-7.409940719604492,-6.8315629959106445,-6.272981643676758,-5.340394496917725,-3.746828317642212,-2.3322885036468506,-1.789175033569336,-2.065662384033203,-2.709627389907837,-3.0197231769561768,-3.3837802410125732,-4.068789482116699,-4.975875377655029,-6.400031566619873,-7.946179389953613,-9.243191719055176,-10.193803787231445,-10.501302719116211,-10.171453475952148,-9.712416648864746,-9.60224723815918,-9.650522232055664,-9.39925479888916,-8.67490291595459,-8.037069320678711,-8.560338020324707,-9.69795036315918,-10.313933372497559,-10.367112159729004
-5.569159984588623,-6.182877063751221,-6.1579084396362305,-6.043973445892334,-6.5422492027282715,-7.305727005004883,-7.594966888427734,-6.92307710647583,-6.241848468780518,-5.738873481750488,-5.615079879760742,-6.642756938934326,-8.051456451416016,-8.012628555297852,-6.414761543273926,-4.746121406555176,-3.8990392684936523,-3.95737886428833,-3.4067249298095703,-2.105659008026123,-1.1513187885284424,-0.713413417339325,-1.0164906978607178,-1.5595276355743408,-2.008769989013672,-2.4658021926879883,-2.6037209033966064,-3.284292459487915,-4.714864730834961,-6.113863468170166,-7.461814880371094,-8.738847732543945,-9.772200584411621,-10.26873779296875,-10.263574600219727,-10.490948677062988,-10.84622859954834,-10.74634075164795,-10.085097312927246,-9.289384841918945,-8.95125961303711,-9.798624992370605,-11.055936813354492,-11.270552635192871
-5.688004970550537,-5.320292949676514,-5.402764797210693,-6.1250128746032715,-7.123110771179199,-7.42611837387085,-6.306308746337891,-4.652533531188965,-3.456690549850464,-3.164794683456421,-3.5005602836608887,-4.443387031555176,-5.358975887298584,-5.182132244110107,-3.2896175384521484,-1.2583264112472534,-0.5037783980369568,-0.9331443309783936,-0.8178173303604126,0.2443355917930603,1.028708577156067,1.1636078357696533,1.0076795816421509,0.43814370036125183,-0.535395085811615,-1.3848453760147095,-1.4068351984024048,-2.1743600368499756,-4.317499160766602,-5.914796352386475,-6.856624126434326,-7.348037242889404,-7.862400054931641,-8.655729293823242,-8.945976257324219,-9.363597869873047,-10.586050033569336,-11.494447708129883,-11.454030990600586,-11.067540168762207,-10.832377433776855,-11.2726411819458,-11.891534805297852,-11.252633094787598
-5.584280967712402,-4.923203468322754,-5.3341965675354,-6.741227626800537,-7.4086785316467285,-6.246440887451172,-4.746383190155029,-3.4897522926330566,-2.2080910205841064,-0.7523753046989441,-0.5070879459381104,-1.5643284320831299,-2.4199864864349365,-1.980105996131897,0.026122452691197395,2.1697540283203125,3.3730666637420654,3.2066640853881836,2.937730550765991,3.7451958656311035,4.799611568450928,5.004478454589844,4.457996845245361,3.438495397567749,1.6276825666427612,0.13993456959724426,-0.33458447456359863,-1.5730335712432861,-4.411435127258301,-6.599888801574707,-7.382822036743164,-7.3184661865234375,-6.937999725341797,-7.059068202972412,-6.980110168457031,-7.097989082336426,-8.526248931884766,-10.211410522460938,-11.066838264465332,-11.343714714050293,-11.51913070678711,-11.649286270141602,-11.203107833862305,-10.078042984008789
-6.129802703857422,-5.879818916320801,-6.710035800933838,-7.904250621795654,-7.418821334838867,-5.002821445465088,-3.389475107192993,-2.552157163619995,-1.8875842094421387,-0.7697450518608093,0.3304785192012787,0.4491730332374573,-0.021058112382888794,0.3222848176956177,2.0592057704925537,4.389475345611572,6.482480049133301,7.3539509773254395,7.470232009887695,8.015230178833008,9.155850410461426,9.689613342285156,8.31757640838623,6.208041191101074,3.9878129959106445,1.8698588609695435,0.636002779006958,-1.0650004148483276,-3.5288777351379395,-5.973295211791992,-7.501588344573975,-7.973784446716309,-7.168301105499268,-6.237880706787109,-5.82243013381958,-5.658646583557129,-5.7491774559021,-6.371636867523193,-7.324537754058838,-8.201773643493652,-8.854601860046387,-9.170549392700195,-9.121193885803223,-9.094767570495605
-5.357251167297363,-4.7514495849609375,-5.306434631347656,-6.063105583190918,-5.435079574584961,-4.82588529586792,-3.2340641021728516,-1.7192012071609497,-1.1664034128189087,-0.9362592697143555,0.6905957460403442,1.907171368598938,1.6214306354522705,2.129598617553711,3.6524674892425537,5.657210350036621,7.625439167022705,8.848733901977539,9.426483154296875,10.141860961914062,11.258288383483887,12.284372329711914,11.588324546813965,9.372076988220215,6.9855217933654785,4.490255355834961,1.7325762510299683,-0.6907503604888916,-2.2065250873565674,-3.9120116233825684,-6.493297576904297,-8.076667785644531,-7.388075828552246,-6.015085697174072,-5.360928535461426,-5.241134166717529,-4.644290447235107,-3.662076473236084,-3.1662583351135254,-3.7492640018463135,-4.726438045501709,-5.506801128387451,-6.272278308868408,-7.316089153289795
-2.894484519958496,-1.7871284484863281,-1.9382870197296143,-1.891083836555481,-1.116701364517212,-1.9439414739608765,-1.551835060119629,-1.0665744543075562,-1.328809380531311,-0.6626787185668945,0.9441235661506653,2.4360151290893555,2.793264865875244,3.285562515258789,4.126801490783691,5.385792255401611,7.161797046661377,8.559732437133789,9.279847145080566,10.126927375793457,11.208925247192383,12.083460807800293,12.42880916595459,11.633584022521973,9.391959190368652,6.568777561187744,3.1918280124664307,0.04908883199095726,-1.620845913887024,-2.9255447387695312,-5.477175712585449,-7.817724704742432,-7.711243629455566,-6.498605251312256,-5.8016676902771,-5.55828857421875,-5.062283992767334,-3.8668212890625,-2.4436395168304443,-2.1594924926757812,-3.014951705932617,-3.859572410583496,-4.560739994049072,-5.496079921722412
0.062165502458810806,1.7273975610733032,1.9539499282836914,2.4435551166534424,1.6404645442962646,0.36860907077789307,-0.38393381237983704,-1.6418536901474,-1.466257095336914,-0.6463416814804077,0.32872501015663147,1.905958652496338,3.2432615756988525,4.004477024078369,4.4685516357421875,5.322940826416016,6.984538555145264,8.688714027404785,9.706483840942383,10.547513961791992,11.626941680908203,12.297100067138672,12.203725814819336,11.47939395904541,9.33422565460205,6.475667953491211,4.084985256195068,1.6226181983947754,-0.3685760796070099,-2.4213879108428955,-4.931522369384766,-7.159773349761963,-7.4086809158325195,-6.5090813636779785,-6.3755083084106445,-6.597325801849365,-5.946958541870117,-4.573695182800293,-3.312319278717041,-3.137620210647583,-4.151257038116455,-5.276963710784912,-5.931394100189209,-6.223239898681641
3.5353593826293945,4.781282901763916,6.031615734100342,6.222837924957275,4.01436710357666,1.3295100927352905,-0.28204452991485596,0.10757498443126678,0.5258749127388,0.3615717887878418,1.0505329370498657,2.539999008178711,4.2209272384643555,5.08603572845459,5.34769344329834,5.9431328773498535,7.25855827331543,8.582277297973633,9.482861518859863,10.310063362121582,11.296558380126953,12.01844310760498,11.263687133789062,9.114950180053711,6.832083225250244,5.3702073097229,4.2994608879089355,3.0814075469970703,1.708727240562439,-0.5439408421516418,-3.3448221683502197,-5.729946613311768,-6.478103160858154,-5.965079307556152,-6.145416259765625,-7.090579509735107,-6.845972537994385,-5.325484752655029,-3.7126364707946777,-3.1731550693511963,-4.443276405334473,-6.3808135986328125,-7.8122711181640625,-8.200090408325195
5.961284160614014,6.437190532684326,7.885042190551758,8.414488792419434,7.459954738616943,4.959216117858887,2.9015066623687744,3.475679636001587,3.6690473556518555,3.5252065658569336,4.332526683807373,5.87495231628418,6.908280849456787,7.009673595428467,6.812362194061279,7.314589023590088,8.410965919494629,9.1351900100708,9.0853910446167,9.24545669555664,9.720379829406738,10.089160919189453,9.522207260131836,7.245345592498779,4.707625865936279,4.198031902313232,4.2094502449035645,3.4864003658294678,2.4646799564361572,0.8967611193656921,-1.1831446886062622,-3.190373659133911,-4.74551248550415,-5.427611351013184,-5.390687942504883,-5.5946855545043945,-5.777568340301514,-5.0639848709106445,-3.7600467205047607,-2.833423614501953,-3.4541029930114746,-5.267080307006836,-7.200529098510742,-8.41292953491211
7.604155540466309,7.748764991760254,8.390666961669922,9.066195487976074,9.424516677856445,8.294792175292969,6.419095516204834,6.037121772766113,6.588709354400635,7.014371871948242,7.901840686798096,9.179450988769531,9.74759292602539,9.191839218139648,8.375128746032715,8.518122673034668,9.441385269165039,9.841801643371582,9.363588333129883,9.033232688903809,9.387742042541504,9.466079711914062,9.111867904663086,7.995948314666748,5.959897994995117,4.643686294555664,4.28778600692749,3.260263681411743,1.6457138061523438,0.4746001362800598,-0.22880297899246216,-0.6918601393699646,-2.2516207695007324,-4.714540004730225,-5.758625030517578,-4.596740245819092,-3.4566898345947266,-2.887317419052124,-2.6843931674957275,-2.9763872623443604,-3.5321602821350098,-4.0345330238342285,-5.0258097648620605,-6.655844688415527
