data/wind_data/wind_2_1.json
{"header": {"parameterUnit": "KT", "parameterCategory": 2, "nx": 256, "ny": 198, "lo1": 44.73521041870117, "la1": -3.236724853515625, "lo2": 111.26478576660156, "la2": 43.468475341796875, "dx": 0.2609002888202667, "dy": -0.23708222806453705, "refTime": "2025-02-19 02:00:00", "forecastTime": 0, "parameterNumber": 2, "parameterNumberName": "eastward_wind"}, "data":
[rows 133 to 151 of 198, columns 86 to 128 of 256]
-8.50671100616455,-6.447714328765869,-7.207643508911133,0.35325342416763306,5.967240810394287,5.905850887298584,-1.149046540260315,-4.413025379180908,-7.556575775146484,-6.216578006744385,0.22294986248016357,6.4881792068481445,11.859945297241211,10.871272087097168,0.08831678330898285,-0.36257070302963257,0.5677063465118408,-0.060420308262109756,-1.3004575967788696,-2.067068099975586,-2.5313210487365723,-3.0874602794647217,-3.8338820934295654,-3.431506395339966,-2.21337628364563,-1.9953515529632568,-2.1775221824645996,-2.210958480834961,-1.9009990692138672,-1.7380366325378418,-0.9500441551208496,0.4595250189304352,1.570479393005371,2.390047788619995,3.2267847061157227,3.4999797344207764,1.9581096172332764,-2.2928261756896973,-5.7079877853393555,-5.762958526611328,-5.764214992523193,-9.31381607055664,-13.445171356201172
-10.27608871459961,-8.35000991821289,-5.354402542114258,1.2008213996887207,6.955536365509033,7.839547634124756,3.0404045581817627,-0.8362946510314941,-5.988946437835693,-5.6430559158325195,0.10545489192008972,6.620334625244141,12.398641586303711,13.41356372833252,3.232497453689575,0.9966911673545837,1.0160892009735107,0.14911781251430511,-1.5520862340927124,-2.5601210594177246,-3.159905195236206,-3.2949187755584717,-3.5446038246154785,-3.2338016033172607,-1.9212734699249268,-1.1478720903396606,-1.144688606262207,-1.4211567640304565,-1.618781328201294,-1.8169705867767334,-1.2855581045150757,-0.128029465675354,1.0342909097671509,2.3046934604644775,3.4463322162628174,2.9031178951263428,1.680829405784607,-1.151111125946045,-5.402490139007568,-6.282042026519775,-8.89709758758545,-12.19591999053955,-12.61695671081543
-5.488077640533447,-5.480674743652344,-3.8709418773651123,2.78328537940979,6.73390007019043,5.189736843109131,2.3548824787139893,-2.2244272232055664,-5.509361267089844,-2.2983152866363525,1.6131395101547241,7.312081813812256,12.519686698913574,13.712394714355469,6.7936930656433105,2.75366473197937,1.5824942588806152,-0.669946014881134,-2.5557329654693604,-3.3342509269714355,-3.8741719722747803,-3.6633927822113037,-3.313171863555908,-2.8613295555114746,-1.8003385066986084,-1.3521357774734497,-1.0923519134521484,-1.1224480867385864,-1.7180814743041992,-1.9295744895935059,-1.4826923608779907,-0.21943619847297668,1.3901047706604004,2.8736367225646973,2.6254565715789795,1.253799319267273,1.8600233793258667,-5.102146625518799,-11.421911239624023,-8.014023780822754,-7.314024448394775,-10.698691368103027,-12.418118476867676
-3.76798415184021,-1.3025511503219604,-2.520514726638794,-0.48312240839004517,2.1005210876464844,0.6541389226913452,-1.2189078330993652,-3.4509315490722656,-5.734236717224121,-2.104496717453003,2.5231382846832275,6.705301284790039,11.387243270874023,13.51498794555664,7.383432865142822,3.5122406482696533,1.4349970817565918,-1.8153566122055054,-3.922403335571289,-4.176507472991943,-4.467711925506592,-4.0671257972717285,-3.378648281097412,-2.4930062294006348,-1.8408161401748657,-2.199056386947632,-1.7497361898422241,-1.162487506866455,-1.4688929319381714,-1.4774318933486938,-0.8632590174674988,0.606516420841217,2.0042715072631836,2.1084821224212646,-0.7301291227340698,0.3745168447494507,-3.2732319831848145,-14.520857810974121,-15.193228721618652,-11.645167350769043,-5.697742462158203,-6.899864196777344,-14.115821838378906
-0.8584171533584595,-0.8407361507415771,-3.4427239894866943,-3.178051471710205,-2.573880910873413,-4.496951103210449,-2.973458766937256,-0.37472179532051086,-3.245980739593506,-4.0897369384765625,2.8118770122528076,6.5449957847595215,11.394857406616211,12.170620918273926,5.669437408447266,2.750843048095703,0.2621529698371887,-2.2478208541870117,-4.37644100189209,-4.496906280517578,-4.544633865356445,-4.198693752288818,-3.1778066158294678,-2.321013927459717,-1.8788585662841797,-2.342456102371216,-1.836380124092102,-0.9586039185523987,-0.4581349492073059,-0.2534528374671936,0.1501791626214981,1.317252516746521,1.3560009002685547,-1.8600993156433105,-4.610488414764404,-3.449800968170166,-13.897680282592773,-19.981515884399414,-19.928194046020508,-17.162755966186523,-11.122291564941406,-9.97437572479248,-14.114068984985352
-1.9944216012954712,-3.858980894088745,-6.222918510437012,-5.548689365386963,-4.085712432861328,-3.345970392227173,-1.8863977193832397,0.5587878227233887,0.1410636305809021,-4.37962532043457,-1.2056466341018677,6.097713947296143,12.56691837310791,10.357377052307129,3.442528009414673,0.8612276911735535,-1.575113296508789,-2.498204469680786,-3.555401563644409,-4.074294090270996,-4.255929946899414,-3.824624538421631,-2.5462543964385986,-2.107109546661377,-1.9589509963989258,-1.941179633140564,-0.8516989946365356,0.02690882794559002,0.7098478078842163,1.1797107458114624,1.0010497570037842,0.9766001105308533,-1.4451199769973755,-6.44556999206543,-8.095876693725586,-8.911099433898926,-15.615925788879395,-21.24580192565918,-20.510324478149414,-15.345002174377441,-18.08506202697754,-22.201934814453125,-19.705612182617188
-5.561429500579834,-7.29056978225708,-8.761054039001465,-6.90314245223999,-4.600027084350586,-2.022372007369995,0.568945586681366,1.437942624092102,1.187876582145691,-4.288466453552246,-3.9326395988464355,6.254452228546143,13.411998748779297,8.964558601379395,2.9036498069763184,-0.08788423985242844,-2.2971949577331543,-2.330580711364746,-2.4167592525482178,-3.1871590614318848,-3.7953054904937744,-3.0609874725341797,-1.7828401327133179,-1.7153538465499878,-1.6012656688690186,-1.0915522575378418,0.23781117796897888,1.182902455329895,1.2688193321228027,1.609945297241211,0.721845805644989,-1.1205514669418335,-4.581806659698486,-9.112502098083496,-12.702193260192871,-12.664093971252441,-14.5501127243042,-19.200359344482422,-17.784393310546875,-10.840079307556152,-14.604721069335938,-23.672269821166992,-22.12255859375
-8.820544242858887,-7.8773016929626465,-9.093423843383789,-7.88595724105835,-5.965545177459717,-3.141892910003662,-1.01765775680542,1.9020957946777344,4.636821269989014,-1.9119553565979004,-3.4786174297332764,6.892355442047119,14.38586711883545,8.226457595825195,3.991338014602661,-0.23725460469722748,-1.9080262184143066,-2.191103458404541,-2.407270669937134,-2.034947395324707,-2.408273458480835,-2.1534886360168457,-1.629369854927063,-0.7040483951568604,-0.004149266518652439,0.2312542349100113,0.7061630487442017,1.3213343620300293,1.3903659582138062,0.8097453117370605,-1.7327414751052856,-4.3469929695129395,-5.377529621124268,-10.258648872375488,-14.18383502960205,-11.176687240600586,-11.75112533569336,-16.696393966674805,-20.715818405151367,-15.277910232543945,-10.715897560119629,-9.94361400604248,-9.263951301574707
-11.763468742370605,-8.97256851196289,-8.161368370056152,-6.376389503479004,-4.13637638092041,-3.134401798248291,-1.5631338357925415,3.9871256351470947,5.968851566314697,0.9767301082611084,0.650641679763794,10.099106788635254,14.54271125793457,6.6112189292907715,1.785597801208496,-0.5717415809631348,-1.129441499710083,-1.9587361812591553,-2.894411563873291,-1.5382081270217896,-1.2461777925491333,-1.4546908140182495,-1.5287896394729614,-0.2953278422355652,1.1166534423828125,0.562578558921814,0.9446153044700623,1.6058640480041504,1.0250827074050903,-1.5971285104751587,-6.27025032043457,-6.047119140625,-4.3129401206970215,-7.5636305809021,-11.092012405395508,-12.991410255432129,-14.398626327514648,-12.354076385498047,-14.880633354187012,-16.815319061279297,-7.796004772186279,2.2341904640197754,6.9743804931640625
-14.402539253234863,-11.335532188415527,-8.029423713684082,-6.075316429138184,-2.857893943786621,-1.4690922498703003,-0.44080328941345215,2.2761893272399902,3.2614152431488037,0.0036764643155038357,1.766193151473999,8.839620590209961,11.494708061218262,3.5287539958953857,-2.4705870151519775,0.6913153529167175,2.231015682220459,-0.45303502678871155,-3.787213087081909,-1.884152889251709,-0.8284406065940857,-1.6166064739227295,-0.8369540572166443,1.3145564794540405,2.3544938564300537,0.785332202911377,1.1911988258361816,1.3553701639175415,-0.9827407002449036,-4.692932605743408,-7.4465012550354,-4.860443115234375,-2.3816137313842773,-9.035076141357422,-17.40265464782715,-15.134812355041504,-14.16592788696289,-9.886919021606445,-9.924290657043457,-13.430779457092285,-4.811600685119629,14.016185760498047,13.575057029724121
-14.166400909423828,-12.124700546264648,-7.688564777374268,-5.384130954742432,-3.6432571411132812,-1.0390386581420898,0.7131943702697754,1.1381397247314453,0.4692017436027527,0.809076726436615,2.47867488861084,4.923902988433838,10.51087760925293,4.717708110809326,-3.022552013397217,2.784961223602295,6.454132080078125,0.060499321669340134,-7.222076892852783,-1.6072133779525757,2.7183735370635986,1.6524169445037842,1.3949041366577148,0.6806535720825195,2.186889171600342,1.3725626468658447,0.8809674978256226,-1.1531543731689453,-3.962104082107544,-4.212253570556641,-4.454624176025391,-4.796581745147705,-5.931230545043945,-12.275118827819824,-23.16973114013672,-17.72831916809082,-14.77299690246582,-13.052756309509277,-12.240198135375977,-13.227334022521973,-2.121366024017334,18.39083480834961,10.946321487426758
-6.3785176277160645,-8.427481651306152,-5.167517185211182,-4.668965816497803,-4.5280537605285645,-3.188629388809204,-1.2808371782302856,-0.5649123191833496,0.32975122332572937,2.0679311752319336,4.160001754760742,6.678213596343994,11.6519775390625,8.627896308898926,-0.3546001613140106,3.1656594276428223,5.725411415100098,-4.081325054168701,-9.389249801635742,-2.4437360763549805,3.789259433746338,4.620180606842041,3.6747758388519287,2.7653427124023438,1.2846523523330688,1.4589446783065796,-0.11818978190422058,-4.44750452041626,-4.108545303344727,-1.5090718269348145,-5.3137640953063965,-13.44471549987793,-12.274279594421387,-11.36971664428711,-20.016014099121094,-22.390254974365234,-17.10763168334961,-16.50629425048828,-17.86701011657715,-10.556870460510254,4.135550498962402,14.438238143920898,8.239446640014648
1.9717432260513306,-2.19176983833313,-1.8330646753311157,-2.0678367614746094,-5.286779880523682,-4.795464992523193,-4.028156757354736,-0.6995145082473755,3.607015609741211,4.079997539520264,6.153497695922852,9.87014389038086,13.84934139251709,8.271004676818848,1.0856553316116333,-0.6639232635498047,0.8275536298751831,-3.5980565547943115,-6.879223346710205,-3.869795560836792,0.9641340374946594,4.846274375915527,5.972800254821777,7.707099914550781,3.475703001022339,1.9426096677780151,-2.129150390625,-4.553140640258789,-3.3647372722625732,-8.086441993713379,-14.280607223510742,-17.31283187866211,-14.157181739807129,-10.06822395324707,-13.719372749328613,-21.273082733154297,-18.72283363342285,-14.666589736938477,-10.449496269226074,-3.7037553787231445,5.826655387878418,4.961897850036621,4.281720161437988
-0.7080304026603699,-0.23583672940731049,1.4318475723266602,5.483515739440918,-1.8765873908996582,-3.0534353256225586,-0.5638935565948486,-3.484123468399048,3.3928189277648926,8.57915210723877,10.429333686828613,11.780712127685547,11.232516288757324,7.463157653808594,0.8341436386108398,-3.1793222427368164,1.4344128370285034,4.879559516906738,-0.44837522506713867,-1.7097290754318237,0.04516223073005676,3.7474377155303955,7.210873603820801,8.148785591125488,5.946467876434326,2.692098617553711,-6.5099005699157715,-7.8293538093566895,-6.5393242835998535,-11.233031272888184,-18.47232437133789,-20.606849670410156,-16.50467300415039,-12.840095520019531,-16.492000579833984,-18.15143394470215,-16.41202735900879,-10.104703903198242,0.2573036253452301,1.729980707168579,-2.729431390762329,-12.409668922424316,-2.0379326343536377
-8.023009300231934,-2.844637632369995,1.111050009727478,7.390384674072266,7.7267279624938965,-1.1287122964859009,3.380423069000244,-4.987051486968994,0.3853681981563568,8.412676811218262,13.128154754638672,9.275907516479492,8.019163131713867,4.263800621032715,-0.35950589179992676,0.8796874284744263,5.170307159423828,7.922704219818115,3.8919243812561035,0.9844961166381836,1.9474815130233765,3.1153159141540527,3.856534242630005,4.076657772064209,4.688717365264893,-1.5552482604980469,-12.251481056213379,-12.66162109375,-10.808111190795898,-9.3191499710083,-11.67225170135498,-14.509926795959473,-11.791450500488281,-15.814323425292969,-21.069181442260742,-18.10219955444336,-14.149873733520508,-7.261627197265625,-2.3235788345336914,-10.203184127807617,-12.263090133666992,-12.189308166503906,-1.5160882472991943
-12.447453498840332,-6.158055782318115,1.3554538488388062,8.115680694580078,11.953836441040039,4.472381114959717,0.6472293138504028,-3.474184274673462,-2.109471321105957,4.664292335510254,12.334210395812988,9.260879516601562,2.9593660831451416,-3.2781710624694824,0.1139310821890831,6.608627796173096,7.960963249206543,5.825078010559082,4.5926313400268555,0.04793236032128334,-1.177430510520935,2.3894553184509277,1.3978235721588135,-0.5216612815856934,-3.8896028995513916,-8.717630386352539,-14.121321678161621,-16.928098678588867,-12.24374008178711,-7.586543560028076,-5.4809651374816895,-10.402202606201172,-11.115323066711426,-17.83460807800293,-21.56316566467285,-19.516233444213867,-12.85263442993164,-4.992800235748291,-13.571969985961914,-15.793880462646484,-4.803206443786621,-4.985888481140137,-6.147603988647461
-14.652124404907227,-8.417436599731445,0.09097818285226822,9.553844451904297,13.505496978759766,8.923699378967285,3.6586647033691406,1.248444676399231,-3.381648302078247,1.1129417419433594,9.491626739501953,6.382601737976074,-5.112363815307617,-3.581289291381836,3.0968410968780518,10.38296127319336,11.290401458740234,5.827829837799072,7.030352592468262,2.7702934741973877,-0.7008192539215088,3.5177297592163086,-0.9736841320991516,-6.713352203369141,-11.271571159362793,-12.714411735534668,-15.635842323303223,-18.557626724243164,-11.84355640411377,-3.396277666091919,0.6102612614631653,-17.372468948364258,-17.226337432861328,-16.34244155883789,-15.722086906433105,-9.81888484954834,-9.077664375305176,-6.842695236206055,-13.324139595031738,-9.133500099182129,2.5384199619293213,-7.93352746963501,-7.870407581329346
-13.972180366516113,-11.384860038757324,-2.9201767444610596,7.720347881317139,16.49980354309082,16.118247985839844,11.271330833435059,6.713333606719971,-3.1021041870117188,-1.7088313102722168,4.758781433105469,1.3885680437088013,-2.84560227394104,2.1489622592926025,8.110791206359863,13.140692710876465,13.390440940856934,6.123706817626953,6.182729244232178,7.657418251037598,3.546107292175293,1.8854864835739136,-8.581430435180664,-14.298142433166504,-14.58750057220459,-16.354692459106445,-18.013639450073242,-15.633551597595215,-6.859702110290527,1.3161778450012207,-7.195549488067627,-18.61960792541504,-17.213218688964844,-16.002403259277344,-11.756035804748535,-0.9036259651184082,0.11160557717084885,-1.7175880670547485,-1.0250496864318848,-1.0886026620864868,-0.9383458495140076,-12.019652366638184,-3.815627098083496
-11.507619857788086,-15.202061653137207,-6.512068748474121,6.165529251098633,9.779275894165039,10.09028148651123,12.339208602905273,7.628380298614502,1.1340299844741821,-2.6529078483581543,1.8629534244537354,2.5556845664978027,3.8564436435699463,7.464012622833252,10.05630111694336,11.945206642150879,13.95026969909668,7.430027961730957,4.075745582580566,6.63001012802124,1.4022517204284668,-6.433396816253662,-13.074467658996582,-16.628543853759766,-16.433677673339844,-20.503000259399414,-19.944303512573242,-10.434359550476074,1.9405237436294556,-5.01765775680542,-17.49566078186035,-16.81755256652832,-13.3254976272583,-11.791759490966797,-8.439387321472168,0.6873834729194641,2.250948190689087,-2.2924745082855225,0.3466426730155945,-4.251123905181885,-10.57857608795166,-14.256537437438965,-7.769639015197754
