data/wind_data/wind_18_6.json
{"header": {"parameterUnit": "KT", "parameterCategory": 2, "nx": 256, "ny": 198, "lo1": 44.73521041870117, "la1": -3.236724853515625, "lo2": 111.26478576660156, "la2": 43.468475341796875, "dx": 0.2609002888202667, "dy": -0.23708222806453705, "refTime": "2025-02-19 18:00:00", "forecastTime": 0, "parameterNumber": 2, "parameterNumberName": "eastward_wind"}, "data":
[rows 80 to 99 of 198, columns 45 to 89 of 256]
41.28324890136719,41.249691009521484,41.28202438354492,41.28913116455078,41.2387809753418,41.238426208496094,41.345943450927734,41.469947814941406,41.55590057373047,41.677879333496094,41.88906478881836,42.12806701660156,42.2904052734375,42.303123474121094,42.1604118347168,41.95448303222656,41.85490417480469,41.9951057434082,42.3636360168457,42.81217575073242,43.162227630615234,43.3031120300293,43.24130630493164,43.08754348754883,42.98306655883789,42.996620178222656,43.095218658447266,43.22386932373047,43.36164474487305,43.487953186035156,43.55831527709961,43.54533386230469,43.48240280151367,43.42998123168945,43.43825912475586,43.536678314208984,43.73286819458008,43.99126052856445,44.24334716796875,44.447269439697266,44.607887268066406,44.75204849243164,44.892433166503906,45.03214645385742,45.170875549316406
43.805057525634766,43.60227966308594,43.467864990234375,43.34270095825195,43.21333694458008,43.13370895385742,43.14009475708008,43.21330642700195,43.35277557373047,43.58854293823242,43.8865966796875,44.130184173583984,44.22637939453125,44.17943572998047,44.061317443847656,43.96418762207031,43.9736328125,44.14057159423828,44.4564208984375,44.84569549560547,45.19667053222656,45.40396499633789,45.42420959472656,45.291053771972656,45.100711822509766,44.97723388671875,45.016517639160156,45.21998596191406,45.49862289428711,45.74278259277344,45.890953063964844,45.95166015625,45.9846305847168,46.057010650634766,46.20585250854492,46.40625,46.5932731628418,46.71410369873047,46.77155685424805,46.82035827636719,46.90724182128906,47.028568267822266,47.134918212890625,47.196380615234375,47.246150970458984
46.8362922668457,46.495697021484375,46.15126037597656,45.780643463134766,45.4278678894043,45.15153503417969,44.986717224121094,44.96568298339844,45.13426208496094,45.46063995361328,45.80707931518555,46.023738861083984,46.04655838012695,45.932594299316406,45.80813217163086,45.791378021240234,45.920162200927734,46.15023422241211,46.415897369384766,46.694820404052734,46.979270935058594,47.23225784301758,47.40541458129883,47.4738883972168,47.4316520690918,47.312625885009766,47.19951629638672,47.18557357788086,47.302406311035156,47.51435089111328,47.77003479003906,48.05613708496094,48.385955810546875,48.75041580200195,49.11058044433594,49.418174743652344,49.63994216918945,49.776729583740234,49.85377502441406,49.891944885253906,49.88674545288086,49.82229232788086,49.699546813964844,49.547855377197266,49.42056655883789
49.836551666259766,49.803367614746094,49.542808532714844,49.03865432739258,48.44753646850586,47.89360809326172,47.47494888305664,47.30503845214844,47.439937591552734,47.786651611328125,48.11802673339844,48.23732376098633,48.1069450378418,47.86648941040039,47.720436096191406,47.789493560791016,48.028263092041016,48.283424377441406,48.43383026123047,48.478538513183594,48.51506042480469,48.638145446777344,48.87882995605469,49.18144989013672,49.427703857421875,49.52181625366211,49.46363067626953,49.33524703979492,49.231719970703125,49.211490631103516,49.292354583740234,49.513057708740234,49.927833557128906,50.52748489379883,51.19426345825195,51.76630783081055,52.152626037597656,52.404083251953125,52.62955856323242,52.85646438598633,53.01404571533203,53.029239654541016,52.89998245239258,52.68808364868164,52.475765228271484
51.377166748046875,52.001895904541016,52.367427825927734,52.2739143371582,51.810672760009766,51.12860107421875,50.49662780761719,50.191009521484375,50.27873992919922,50.58772659301758,50.863685607910156,50.919769287109375,50.74895095825195,50.521419525146484,50.435489654541016,50.54899978637695,50.75343704223633,50.90077209472656,50.892086029052734,50.73311233520508,50.52582550048828,50.40262985229492,50.45223617553711,50.65127182006836,50.88190841674805,51.035552978515625,51.071632385253906,51.00931930541992,50.914981842041016,50.85565948486328,50.8811149597168,51.036521911621094,51.374610900878906,51.92900848388672,52.61376190185547,53.24470901489258,53.69173812866211,54.006534576416016,54.32677459716797,54.70774459838867,55.06622314453125,55.282344818115234,55.30677032470703,55.19014358520508,55.06205749511719
52.96814727783203,53.434173583984375,54.05582046508789,54.43708038330078,54.418025970458984,54.06301498413086,53.62922286987305,53.355716705322266,53.27537536621094,53.288047790527344,53.28701400756836,53.22114181518555,53.164554595947266,53.24916076660156,53.48931884765625,53.76000213623047,53.920597076416016,53.88596725463867,53.649253845214844,53.297698974609375,52.968666076660156,52.76683044433594,52.70267105102539,52.693294525146484,52.63874816894531,52.52863311767578,52.4100227355957,52.31596374511719,52.257408142089844,52.231910705566406,52.243125915527344,52.34989547729492,52.662113189697266,53.223655700683594,53.92820358276367,54.60346984863281,55.12735366821289,55.502017974853516,55.77965545654297,56.009002685546875,56.216609954833984,56.41552734375,56.60439682006836,56.76467514038086,56.885948181152344
55.8345832824707,56.17054748535156,56.40719985961914,56.30402755737305,55.9871711730957,55.78047561645508,55.850914001464844,56.02067184448242,56.01815414428711,55.78253173828125,55.445274353027344,55.21491622924805,55.276615142822266,55.65422058105469,56.155235290527344,56.554561614990234,56.752098083496094,56.70992660522461,56.4286003112793,56.00978469848633,55.63462829589844,55.4390754699707,55.38490295410156,55.3083610534668,55.075897216796875,54.7076416015625,54.32343292236328,54.047279357910156,53.94928741455078,53.99098205566406,54.076236724853516,54.20161819458008,54.46306228637695,54.889678955078125,55.3958854675293,55.90114974975586,56.389041900634766,56.838897705078125,57.162025451660156,57.305789947509766,57.34111785888672,57.41118621826172,57.619144439697266,57.968963623046875,58.381893157958984
58.85538864135742,59.39405059814453,59.70192337036133,59.47582244873047,58.772220611572266,58.087581634521484,57.89374923706055,58.050472259521484,58.10848617553711,57.868717193603516,57.520538330078125,57.418861389160156,57.73662567138672,58.31121063232422,58.84878158569336,59.20015335083008,59.35764694213867,59.32353973388672,59.107120513916016,58.77935791015625,58.46040725708008,58.23480224609375,58.0780143737793,57.893672943115234,57.62029266357422,57.253074645996094,56.83942794799805,56.48023223876953,56.283599853515625,56.2766227722168,56.39894104003906,56.66583251953125,57.0706901550293,57.51942825317383,57.86832046508789,58.07090759277344,58.21961212158203,58.37746810913086,58.50101852416992,58.52180480957031,58.46566390991211,58.45246887207031,58.6214599609375,59.04365539550781,59.65768051147461
60.901119232177734,61.51593017578125,62.01765060424805,61.92796325683594,61.12117385864258,60.3096809387207,60.09360885620117,60.1499137878418,60.03923416137695,59.725589752197266,59.54620361328125,59.798439025878906,60.41524124145508,61.04218673706055,61.449283599853516,61.664512634277344,61.76853561401367,61.77141189575195,61.66350173950195,61.472625732421875,61.26359176635742,61.062557220458984,60.81553649902344,60.47233581542969,60.090065002441406,59.75911331176758,59.50476837158203,59.29743576049805,59.12318420410156,59.01340866088867,59.0341796875,59.30659103393555,59.81989669799805,60.37498092651367,60.746177673339844,60.8536376953125,60.74568557739258,60.49564743041992,60.1816520690918,59.89506912231445,59.73408508300781,59.78110122680664,60.07799530029297,60.59228515625,61.215049743652344
63.51948165893555,63.895992279052734,64.1019058227539,63.92860412597656,63.22787857055664,62.590476989746094,62.52268981933594,62.630470275878906,62.47554397583008,62.1459846496582,62.07715606689453,62.4930305480957,63.09284210205078,63.4688720703125,63.59736251831055,63.68503952026367,63.835750579833984,64.00717163085938,64.12425994873047,64.14201354980469,64.06281280517578,63.90858459472656,63.64763641357422,63.249717712402344,62.81341552734375,62.50078582763672,62.3692626953125,62.32692337036133,62.26811981201172,62.19522476196289,62.22505187988281,62.5179443359375,63.04943084716797,63.57218551635742,63.86427688598633,63.86195755004883,63.58207702636719,63.07032012939453,62.43553161621094,61.855201721191406,61.515140533447266,61.51945877075195,61.84708023071289,62.406517028808594,63.07434844970703
66.3885726928711,66.94754791259766,67.03779602050781,66.74205017089844,66.05689239501953,65.31664276123047,65.1500015258789,65.28449249267578,65.22486877441406,65.02427673339844,65.10913848876953,65.52558135986328,65.81393432617188,65.76778411865234,65.63740539550781,65.72307586669922,66.06183624267578,66.48692321777344,66.84014129638672,67.04388427734375,67.0698013305664,66.92516326904297,66.61915588378906,66.18839263916016,65.7713623046875,65.54627990722656,65.55132293701172,65.65066528320312,65.70592498779297,65.72171020507812,65.85469055175781,66.2728500366211,66.87985229492188,67.3360595703125,67.42532348632812,67.16356658935547,66.65522766113281,65.98323822021484,65.2490463256836,64.60980224609375,64.20707702636719,64.08307647705078,64.20984649658203,64.56588745117188,65.11100769042969
68.37652587890625,69.0408706665039,69.29238891601562,69.23340606689453,68.80618286132812,67.97838592529297,67.34410095214844,67.10124969482422,66.89973449707031,66.72674560546875,66.94792175292969,67.43195343017578,67.74789428710938,67.85031127929688,67.98678588867188,68.32157897949219,68.81439971923828,69.33984375,69.78880310058594,70.09790802001953,70.2107925415039,70.07997131347656,69.74163818359375,69.31490325927734,68.96117401123047,68.81389617919922,68.88825225830078,69.0722427368164,69.23204803466797,69.34315490722656,69.53944396972656,69.97966766357422,70.535888671875,70.8472671508789,70.73165130615234,70.2901611328125,69.69104766845703,69.01408386230469,68.32943725585938,67.75936126708984,67.3740463256836,67.1712875366211,67.16291809082031,67.36907196044922,67.74905395507812
69.98518371582031,70.82732391357422,71.28895568847656,71.30976867675781,71.2000503540039,70.68463897705078,69.88919830322266,69.25724029541016,68.86976623535156,68.76924896240234,69.06333923339844,69.49186706542969,69.76342010498047,70.01660919189453,70.4380874633789,71.02009582519531,71.64826965332031,72.21241760253906,72.64110565185547,72.8996353149414,72.98467254638672,72.85931396484375,72.54727172851562,72.173828125,71.90253448486328,71.84817504882812,71.9939956665039,72.24813842773438,72.49372100830078,72.67623901367188,72.8708724975586,73.20692443847656,73.5862808227539,73.70013427734375,73.42247009277344,72.89429473876953,72.26980590820312,71.60896301269531,71.00728607177734,70.58170318603516,70.3506851196289,70.26968383789062,70.3149185180664,70.47371673583984,70.6993179321289
71.53146362304688,72.2958755493164,73.22723388671875,73.31842803955078,73.2014389038086,73.06212615966797,72.5906982421875,71.87034606933594,71.27281951904297,71.1530532836914,71.50464630126953,71.85356903076172,72.03562927246094,72.32131958007812,72.85681915283203,73.5489273071289,74.24606323242188,74.83599853515625,75.22511291503906,75.41320037841797,75.44325256347656,75.3270492553711,75.0560073852539,74.69998168945312,74.43682098388672,74.41790771484375,74.64934539794922,75.02554321289062,75.40653991699219,75.66015625,75.7825927734375,75.88941955566406,75.9906997680664,75.89639282226562,75.52701568603516,74.9646224975586,74.32198333740234,73.69853210449219,73.22563934326172,72.98438262939453,72.9515380859375,73.05693817138672,73.22411346435547,73.40632629394531,73.58405303955078
73.4550552368164,73.72388458251953,74.76708984375,75.12358093261719,74.99276733398438,75.01065063476562,74.7845230102539,73.95160675048828,73.07406616210938,72.91492462158203,73.4202880859375,73.91191101074219,74.23548889160156,74.68463897705078,75.33052825927734,76.01702880859375,76.67791748046875,77.27513885498047,77.70227813720703,77.89910888671875,77.92943572998047,77.83369445800781,77.60572052001953,77.30571746826172,77.09656524658203,77.13048553466797,77.41744232177734,77.82978820800781,78.18180847167969,78.34298706054688,78.33009338378906,78.27010345458984,78.21941375732422,78.09040069580078,77.77555084228516,77.26471710205078,76.6455307006836,76.09688568115234,75.76641082763672,75.66047668457031,75.70152282714844,75.83214569091797,75.99758911132812,76.16048431396484,76.31520080566406
75.94430541992188,75.7374038696289,76.28685760498047,77.04847717285156,77.2058334350586,77.3179702758789,77.20668029785156,76.18754577636719,74.93525695800781,74.66825103759766,75.47660064697266,76.4423828125,77.20048522949219,77.8924789428711,78.41417694091797,78.72190856933594,79.1166763305664,79.70514678955078,80.22124481201172,80.4830322265625,80.5325698852539,80.4713363647461,80.37842559814453,80.32357788085938,80.36760711669922,80.53761291503906,80.79804992675781,81.043701171875,81.15316009521484,81.06884002685547,80.85885620117188,80.67508697509766,80.61157989501953,80.60103607177734,80.46146392822266,80.0901107788086,79.56458282470703,79.11532592773438,78.89884948730469,78.87532043457031,78.93392944335938,79.02593994140625,79.13970947265625,79.25591278076172,79.3581771850586
78.52326965332031,78.38026428222656,78.13678741455078,78.66861724853516,79.46802520751953,79.8136215209961,79.50423431396484,78.36547088623047,77.18944549560547,76.98951721191406,77.81194305419922,79.01949310302734,80.19059753417969,81.0811996459961,81.38904571533203,81.32227325439453,81.51863861083984,82.07330322265625,82.58213806152344,82.8628921508789,83.02934265136719,83.2132797241211,83.43944549560547,83.69982147216797,83.9620590209961,84.19450378417969,84.37759399414062,84.4721450805664,84.42790985107422,84.22164154052734,83.89019775390625,83.56195068359375,83.3863525390625,83.35392761230469,83.2692642211914,83.01813507080078,82.6661376953125,82.38505554199219,82.27875518798828,82.31011199951172,82.38008880615234,82.43417358398438,82.48491668701172,82.56053161621094,82.66818237304688
80.9990234375,80.88471984863281,80.57625579833984,80.62586212158203,81.377685546875,81.99713134765625,81.56986236572266,80.20361328125,79.26494598388672,79.73332214355469,80.9753189086914,82.03136444091797,82.92515563964844,83.57693481445312,83.73764038085938,83.74425506591797,84.07284545898438,84.57542419433594,84.9129867553711,85.14678955078125,85.49147033691406,85.95740509033203,86.42797088623047,86.80149841308594,87.04705047607422,87.21946716308594,87.37718200683594,87.49935150146484,87.51168823242188,87.34517669677734,86.98326110839844,86.5313491821289,86.1734848022461,85.96629333496094,85.79710388183594,85.57576751708984,85.37406921386719,85.30432891845703,85.3814926147461,85.54371643066406,85.70196533203125,85.79431915283203,85.83272552490234,85.8897705078125,86.01941680908203
82.83250427246094,82.6629867553711,82.60362243652344,82.95928192138672,83.61833953857422,83.72377014160156,82.75920867919922,81.53752136230469,81.17152404785156,82.1298599243164,83.64698791503906,84.78081512451172,85.43363952636719,85.71179962158203,85.73822021484375,85.89205932617188,86.30770874023438,86.74654388427734,87.05580139160156,87.34178161621094,87.77151489257812,88.2951431274414,88.7635726928711,89.10330200195312,89.36275482177734,89.6225814819336,89.90218353271484,90.14087677001953,90.25013732910156,90.14855194091797,89.79840850830078,89.28651428222656,88.81367492675781,88.49468231201172,88.251708984375,88.01233673095703,87.8582763671875,87.89836883544922,88.1222915649414,88.43220520019531,88.72032928466797,88.91714477539062,89.02682495117188,89.11762237548828,89.27021026611328
83.77825164794922,83.65184783935547,84.05612182617188,84.8584213256836,85.5152587890625,85.20121765136719,83.94925689697266,82.8669662475586,82.98518371582031,84.07295227050781,85.11532592773438,85.90217590332031,86.71663665771484,87.299072265625,87.39701080322266,87.42349243164062,87.71180725097656,88.14309692382812,88.58950805664062,89.05839538574219,89.54458618164062,89.9713363647461,90.31436157226562,90.65489196777344,91.0898208618164,91.6141357421875,92.12577056884766,92.51173400878906,92.70722961425781,92.6598129272461,92.33173370361328,91.808837890625,91.3202133178711,91.0164566040039,90.82396697998047,90.6297378540039,90.47653198242188,90.48350524902344,90.69741821289062,91.06251525878906,91.47398376464844,91.8347396850586,92.08895111083984,92.27397155761719,92.48359680175781
