data/wind_data/wind_Surface_31.json
{"header": {"parameterUnit": "KT", "parameterCategory": 2, "nx": 255, "ny": 198, "lo1": 44.73521041870117, "la1": -3.236724853515625, "lo2": 111.26478576660156, "la2": 43.468475341796875, "dx": 0.26192745566368103, "dy": -0.23708222806453705, "refTime": "2025-02-20 07:00:00", "forecastTime": 0, "parameterNumber": 3, "parameterNumberName": "northward_wind"}, "data":
[rows 57 to 75 of 198, columns 0 to 42 of 255]
-0.46003997325897217,-0.6749361753463745,-1.3099533319473267,-2.5458173751831055,-4.336503028869629,-4.8127593994140625,-5.968489170074463,-6.8684773445129395,-7.341511249542236,-7.498075008392334,-7.751769542694092,-8.227526664733887,-8.745062828063965,-8.81359577178955,-7.705210208892822,-6.133914947509766,-4.872017860412598,-5.906240940093994,-6.273664951324463,-7.366206169128418,-6.843007564544678,-1.5986870527267456,2.554969310760498,5.322652816772461,4.222183704376221,4.244050025939941,1.9597359895706177,1.6265329122543335,1.6364461183547974,-0.6220780611038208,-0.6598502993583679,-1.4777477979660034,-1.35919988155365,-1.4164234399795532,-1.27798330783844,-1.5874663591384888,-2.313790798187256,-2.7976837158203125,-3.351379871368408,-3.191847324371338,-3.0553271770477295,-2.8556299209594727,-2.4425511360168457
-0.11920970678329468,-0.7143802046775818,-1.318117618560791,-2.397233009338379,-4.183382511138916,-5.381920337677002,-6.686112403869629,-7.36993408203125,-7.563570022583008,-7.8336052894592285,-7.876805782318115,-7.363612651824951,-7.24860954284668,-7.199138641357422,-6.424415111541748,-5.44029426574707,-4.6453962326049805,-4.483740329742432,-5.005457878112793,-5.04987096786499,-5.935553073883057,-5.891885757446289,-4.306454658508301,2.180593729019165,2.706648826599121,0.866637110710144,-0.5637112259864807,3.261078119277954,2.6083545684814453,0.11424943059682846,0.6851750016212463,-0.8378096222877502,-1.588975429534912,-1.6348152160644531,-1.936258316040039,-2.452390670776367,-2.844756603240967,-1.8752816915512085,-1.1431444883346558,-1.2416613101959229,-1.6077951192855835,-1.4955503940582275,-1.190043568611145
0.030939774587750435,-0.6442925930023193,-1.2831112146377563,-2.6526710987091064,-5.099609851837158,-5.584751605987549,-6.5911946296691895,-6.750279903411865,-7.093991756439209,-7.8242316246032715,-7.915132999420166,-6.92011833190918,-5.959400653839111,-5.696312427520752,-5.758890628814697,-5.927734851837158,-5.613152027130127,-4.5142388343811035,-3.8414578437805176,-3.0456035137176514,-2.4283249378204346,-1.8446844816207886,-1.5319533348083496,0.6480339765548706,2.290872812271118,1.939805507659912,-0.05255420133471489,0.1061362624168396,2.2118372917175293,1.7135318517684937,1.2202881574630737,0.7403773069381714,0.4049835503101349,0.13418173789978027,1.3721574544906616,0.10795827955007553,-2.0494282245635986,-1.421147346496582,-1.4324249029159546,-1.0841145515441895,-0.1139441505074501,0.0065237958915531635,-0.2910497784614563
0.02295956015586853,-0.558415949344635,-1.2586138248443604,-2.952503204345703,-5.958564281463623,-5.412007808685303,-5.67263650894165,-5.398537635803223,-5.6607255935668945,-6.88758659362793,-7.035284519195557,-6.735880374908447,-5.559802532196045,-4.749692440032959,-4.559844970703125,-5.036564826965332,-5.652201175689697,-4.759659290313721,-3.3548202514648438,-1.9472393989562988,-0.5456249713897705,0.3596310019493103,0.9370169043540955,0.9933969974517822,0.7056954503059387,1.3943530321121216,2.4030017852783203,1.5723395347595215,1.4668567180633545,0.5083707571029663,0.7210745811462402,0.7140044569969177,0.7899101376533508,0.6056990027427673,2.055753707885742,0.27809929847717285,-0.4368557035923004,-3.336538553237915,-2.1638681888580322,-0.7460733652114868,1.5643364191055298,1.2202507257461548,0.6652886867523193
-0.0074556865729391575,-0.4734450578689575,-1.0112706422805786,-2.1427881717681885,-4.076572418212891,-4.980417251586914,-6.017072677612305,-5.991483688354492,-5.4311299324035645,-5.204616546630859,-3.816943645477295,-4.288707256317139,-5.362803936004639,-5.480910778045654,-5.307827949523926,-4.529747009277344,-3.208925485610962,-2.2979187965393066,-2.0291054248809814,-0.839686930179596,0.3321883976459503,1.6779756546020508,2.290369987487793,1.9481343030929565,1.4561865329742432,1.398287296295166,2.8188252449035645,3.948312997817993,2.9356307983398438,2.384556531906128,1.5900437831878662,0.115830197930336,-0.03629722073674202,0.16740110516548157,-0.9134265184402466,-1.1162554025650024,0.08456625789403915,-1.3757059574127197,0.6138495206832886,1.2161915302276611,1.095868468284607,0.2716905474662781,-0.30894023180007935
0.21839763224124908,0.3268059194087982,0.16133227944374084,-1.0863866806030273,-3.6779956817626953,-4.481508731842041,-6.0907883644104,-6.623934745788574,-6.660984039306641,-6.387577533721924,-5.211409091949463,-4.8383870124816895,-4.821609973907471,-5.318260669708252,-5.202908992767334,-4.348276138305664,-4.127031326293945,-3.9801137447357178,-3.119325637817383,-1.3114404678344727,-0.18193013966083527,0.33445143699645996,0.7335913181304932,1.5811160802841187,2.647247314453125,2.4938950538635254,1.6316249370574951,1.8737083673477173,2.9697086811065674,2.3805031776428223,1.1921883821487427,1.0044430494308472,0.5041165947914124,-0.6777393817901611,-0.9221928119659424,0.8863003849983215,1.6072736978530884,2.427788257598877,0.6536084413528442,-0.9390135407447815,-0.7802481651306152,0.06642381101846695,0.39107561111450195
1.5215744972229004,2.352248191833496,2.3608486652374268,1.4062469005584717,-1.8350672721862793,-3.990567207336426,-5.094574928283691,-4.658149719238281,-4.544151782989502,-5.577356815338135,-7.030129909515381,-8.109960556030273,-6.312661170959473,-5.131717205047607,-5.373934745788574,-5.514398574829102,-4.806793212890625,-4.309324741363525,-2.644544839859009,-1.8756479024887085,-1.4412329196929932,0.028184641152620316,1.241272211074829,0.9823244214057922,1.1070754528045654,1.5051765441894531,1.1343961954116821,1.5855071544647217,2.2840323448181152,1.1865777969360352,1.8460923433303833,1.7441486120224,1.6981544494628906,2.0725862979888916,2.3606045246124268,2.425182819366455,2.311581611633301,0.9079777002334595,0.7932609915733337,0.6749271750450134,1.3149917125701904,1.0899571180343628,0.5759446024894714
3.5496039390563965,4.2743754386901855,5.000118732452393,5.342043876647949,1.850451946258545,-1.634515404701233,-3.3827714920043945,-2.3977911472320557,-1.5313773155212402,-2.2387824058532715,-4.264399528503418,-5.93677282333374,-5.4787821769714355,-4.385799884796143,-3.906062126159668,-4.45199728012085,-3.896638870239258,-4.14572286605835,-3.8244974613189697,-2.8564836978912354,-0.759292721748352,0.05198580399155617,-0.40891167521476746,-1.4662115573883057,-1.3955968618392944,-1.1652636528015137,-0.49731308221817017,1.1225476264953613,0.642491340637207,1.2751672267913818,2.1164469718933105,1.759431004524231,1.5164810419082642,1.8545022010803223,1.1896336078643799,0.7426081895828247,0.8358479738235474,0.14339980483055115,1.2858948707580566,2.4038703441619873,1.5565696954727173,0.9346243739128113,0.46832504868507385
4.9431633949279785,5.007226943969727,5.839733123779297,7.2094621658325195,5.765974044799805,2.9506142139434814,-0.07090596109628677,-0.5604976415634155,0.01712808944284916,-0.9564990997314453,-2.4145729541778564,-2.4345486164093018,-2.2870376110076904,-1.6465355157852173,-1.9277243614196777,-2.640200138092041,-3.0887982845306396,-3.477088451385498,-3.9546899795532227,-2.371596574783325,-1.7268414497375488,-1.813039779663086,-1.9964700937271118,-1.5112427473068237,-0.9358908534049988,-0.07541067153215408,-0.5588871836662292,1.771182894706726,1.7573281526565552,1.4976853132247925,2.465689182281494,2.6504342555999756,1.4058846235275269,-0.2447897344827652,-0.18091528117656708,0.4643520414829254,1.36138117313385,2.0741031169891357,2.31316876411438,2.2921314239501953,1.1101415157318115,1.6146159172058105,2.361956834793091
5.108202934265137,5.735038757324219,6.385541915893555,7.103860378265381,8.124573707580566,6.921250820159912,4.408807754516602,3.5052719116210938,2.919752836227417,1.4515001773834229,-1.3437687158584595,-1.110754132270813,0.47821012139320374,1.4882817268371582,0.08556642383337021,-1.6871548891067505,-2.5616464614868164,-2.7585043907165527,-2.9346346855163574,-3.5707926750183105,-5.41829776763916,-4.552693843841553,-2.6524930000305176,-0.9362196326255798,-0.2632666230201721,-0.4792698621749878,0.13651038706302643,-0.09494785219430923,0.36416539549827576,1.6966289281845093,1.937129259109497,2.462677478790283,2.61610746383667,2.9490013122558594,2.959043264389038,3.321382761001587,3.2081971168518066,3.315053939819336,3.2256479263305664,2.9964091777801514,2.3403384685516357,1.8733021020889282,0.9464731812477112
3.8798258304595947,5.972489833831787,7.137359619140625,7.0189104080200195,8.246023178100586,10.204009056091309,10.856995582580566,10.437893867492676,8.303956985473633,5.889321804046631,1.581409215927124,1.0499927997589111,3.009781837463379,3.66062068939209,2.733421802520752,0.38803917169570923,-1.711033821105957,-2.3315746784210205,-1.6711891889572144,-3.004080057144165,-3.1829495429992676,-3.099134683609009,-1.9170541763305664,-1.4934561252593994,-1.7374494075775146,-1.7754429578781128,-1.5892201662063599,-2.039654016494751,0.09779448062181473,0.6511456966400146,1.4840134382247925,2.6232008934020996,3.283740997314453,3.7348902225494385,4.206220626831055,4.583520412445068,4.6722235679626465,4.679017543792725,3.9609618186950684,2.994018793106079,2.8846287727355957,2.9523797035217285,2.405728340148926
2.4628682136535645,4.684882164001465,6.40517520904541,6.589153289794922,6.693301677703857,9.794243812561035,14.218233108520508,16.70248031616211,13.13158893585205,9.977313041687012,5.283531188964844,4.056914806365967,4.382988452911377,5.198317050933838,4.9986042976379395,3.178051710128784,1.3786336183547974,0.6350657343864441,-0.05690686032176018,0.20453207194805145,0.12397895008325577,-0.6708217859268188,-1.101899266242981,-2.032036304473877,-1.8416649103164673,-1.771619200706482,-0.9334362149238586,-1.352999210357666,-1.5793399810791016,-1.2920900583267212,0.6637786626815796,1.9072896242141724,3.2853620052337646,4.166991233825684,4.759347915649414,4.981381416320801,5.0548624992370605,5.441160202026367,5.2196149826049805,4.485978126525879,3.7058284282684326,2.998818874359131,2.7194395065307617
2.211805820465088,3.307037115097046,4.45651912689209,4.138126850128174,3.129564046859741,4.964039325714111,10.492698669433594,16.748212814331055,16.278766632080078,13.327529907226562,9.909512519836426,8.671231269836426,8.58169937133789,9.55751895904541,10.200801849365234,9.302408218383789,5.597724914550781,1.9599605798721313,0.3645995855331421,1.3903439044952393,1.2679307460784912,0.317890465259552,-0.6583535075187683,-1.2495630979537964,-0.42017218470573425,-2.0578670501708984,-1.362856149673462,-0.5028388500213623,-0.42620348930358887,-0.2520093023777008,-0.052248187363147736,1.0816038846969604,2.489112615585327,3.8624563217163086,3.9848811626434326,4.030998229980469,4.36042594909668,4.827376365661621,5.111822128295898,5.362564563751221,5.265694618225098,4.686986446380615,4.019227027893066
2.6030166149139404,3.042816400527954,2.3503031730651855,0.9196637272834778,-0.8718910813331604,-0.23491159081459045,6.2449188232421875,14.604964256286621,16.770069122314453,15.236836433410645,13.582919120788574,12.571395874023438,12.623909950256348,13.603781700134277,14.662554740905762,14.793806076049805,12.498222351074219,7.5302324295043945,4.447779655456543,3.088428258895874,3.216724395751953,3.450916290283203,3.7690608501434326,1.9455223083496094,1.3102033138275146,0.5786253213882446,0.3290075659751892,-0.4226263165473938,-0.13649967312812805,-1.2816367149353027,-0.5972483158111572,-0.12994788587093353,0.9926610589027405,2.2794127464294434,2.9564809799194336,3.220752000808716,3.453554391860962,3.6944191455841064,4.059926986694336,4.525021076202393,5.091416358947754,5.489643096923828,5.480673789978027
2.170473337173462,2.552042007446289,1.2829421758651733,-0.16043134033679962,-1.4507488012313843,-1.3662762641906738,5.287118434906006,13.938665390014648,16.751846313476562,16.559171676635742,16.61513328552246,15.957108497619629,16.02815055847168,16.81129264831543,17.09940528869629,16.400184631347656,16.308069229125977,13.77811050415039,11.256628036499023,9.651009559631348,9.259490013122559,8.987504005432129,7.761671543121338,5.02596378326416,3.633349895477295,3.4121036529541016,4.058054447174072,0.04420841485261917,-2.287320137023926,-2.852721929550171,-1.3063843250274658,-0.7616336941719055,0.6104899048805237,1.4382250308990479,1.9141358137130737,2.0672199726104736,2.473564863204956,2.9411115646362305,3.373347282409668,3.717287063598633,4.047104358673096,4.482492923736572,4.8796162605285645
0.8223130106925964,0.8324198126792908,0.6514203548431396,0.266227126121521,0.21883165836334229,0.4605639576911926,5.636430740356445,13.479510307312012,16.047880172729492,14.797895431518555,15.09622859954834,16.6787052154541,16.95992660522461,16.587446212768555,14.640167236328125,14.778809547424316,17.58155632019043,18.48004150390625,18.9569149017334,18.574954986572266,18.176006317138672,17.006858825683594,14.607256889343262,10.628193855285645,8.530740737915039,7.7698259353637695,6.219049453735352,3.6860315799713135,2.137087821960449,-2.013580560684204,-2.4840683937072754,-1.2821660041809082,-0.18451936542987823,0.8211148977279663,1.422276258468628,1.4257084131240845,1.6189322471618652,1.9885390996932983,2.341414451599121,2.6869091987609863,3.158588171005249,3.493222236633301,3.764226198196411
-1.0377620458602905,-1.0880053043365479,-0.1074959933757782,1.1410335302352905,1.1642670631408691,1.6038923263549805,5.564518928527832,12.719893455505371,14.049053192138672,8.961943626403809,6.137907981872559,9.546171188354492,11.18957233428955,9.498133659362793,7.655697822570801,10.731736183166504,15.30463695526123,16.448823928833008,13.739672660827637,9.714900970458984,12.00615406036377,16.623653411865234,16.4168643951416,15.372452735900879,14.545199394226074,12.72879695892334,9.886119842529297,7.489624977111816,4.225193023681641,-0.42193520069122314,-1.410292387008667,-1.3329339027404785,-1.7689323425292969,0.22115416824817657,1.0605130195617676,1.266014814376831,1.2343518733978271,1.5441477298736572,2.008251190185547,2.477912664413452,2.737234354019165,2.9888229370117188,3.2274646759033203
-2.4028615951538086,-1.9345951080322266,-0.002781347371637821,2.363891363143921,3.0335206985473633,3.0733203887939453,5.406017303466797,11.75643253326416,12.271221160888672,7.164604187011719,2.5322742462158203,4.479324817657471,6.769869327545166,4.872137069702148,4.565300941467285,7.925717353820801,10.778986930847168,10.602581977844238,4.47971248626709,-0.9143233895301819,1.9804129600524902,11.3795804977417,14.27236270904541,16.129467010498047,15.247763633728027,13.375204086303711,11.048821449279785,6.961103439331055,2.5879688262939453,-0.7727037072181702,0.17537319660186768,0.8852194547653198,0.27050063014030457,0.7536112070083618,1.0813785791397095,1.2533643245697021,1.2195181846618652,1.0986566543579102,1.3586007356643677,1.7210332155227661,2.1865456104278564,2.8109569549560547,3.236863374710083
-1.6839231252670288,-0.11041682213544846,1.1591047048568726,2.8034589290618896,4.8140435218811035,5.092947006225586,6.7134528160095215,11.8021240234375,13.07249927520752,11.061830520629883,8.744373321533203,8.789318084716797,9.448554992675781,8.014897346496582,7.690798282623291,9.768964767456055,9.632682800292969,7.836795806884766,3.9393842220306396,1.9451203346252441,3.436850070953369,8.497817993164062,10.930085182189941,10.156302452087402,7.973866939544678,7.6208815574646,6.189352512359619,3.382641077041626,1.2306394577026367,0.34943363070487976,0.17415976524353027,2.4008145332336426,2.0294389724731445,1.196488380432129,1.3102660179138184,1.439732313156128,1.2798938751220703,1.0299654006958008,1.4990928173065186,2.010751962661743,2.640920877456665,3.274106025695801,3.6373066902160645
