data/wind_data/wind_69_5.json
{"header": {"parameterUnit": "KT", "parameterCategory": 2, "nx": 256, "ny": 198, "lo1": 44.73521041870117, "la1": -3.236724853515625, "lo2": 111.26478576660156, "la2": 43.468475341796875, "dx": 0.2609002888202667, "dy": -0.23708222806453705, "refTime": "2025-02-21 21:00:00", "forecastTime": 0, "parameterNumber": 2, "parameterNumberName": "eastward_wind"}, "data":
[rows 171 to 189 of 198, columns 0 to 43 of 256]
45.09992599487305,43.58930206298828,42.715492248535156,43.45851135253906,43.809669494628906,43.50423049926758,42.60483932495117,40.984275817871094,40.85590744018555,42.21539306640625,43.6329345703125,45.64634323120117,46.545345306396484,44.79179000854492,44.05475997924805,40.82725143432617,37.632225036621094,37.24667739868164,36.676395416259766,35.62833023071289,35.71059799194336,36.01608657836914,35.42816925048828,33.97626495361328,32.34747314453125,31.429580688476562,31.60273551940918,31.976585388183594,31.704193115234375,31.2624454498291,31.047822952270508,30.800716400146484,30.764328002929688,31.076255798339844,31.47943115234375,31.832115173339844,31.967824935913086,31.820844650268555,31.616283416748047,31.604778289794922,31.57070541381836,31.604841232299805,31.834074020385742,32.707550048828125
44.04109191894531,42.71894836425781,41.524044036865234,41.89339065551758,43.267459869384766,44.182979583740234,43.65898132324219,42.171165466308594,41.3623161315918,41.23166275024414,41.099910736083984,41.319881439208984,42.27552032470703,43.223331451416016,43.08197784423828,39.06777572631836,35.5836067199707,35.11684036254883,34.173057556152344,32.8713493347168,32.960044860839844,33.65316390991211,33.88524627685547,33.45501708984375,32.66521453857422,31.979272842407227,31.82986831665039,31.942441940307617,31.71145248413086,31.169771194458008,30.76716423034668,30.13542938232422,29.32016372680664,28.955554962158203,29.288665771484375,29.919260025024414,30.440692901611328,30.863414764404297,31.227508544921875,31.64790153503418,32.324012756347656,32.72534942626953,32.390716552734375,32.333866119384766
42.54682922363281,41.32584762573242,40.367828369140625,40.7584114074707,41.92307662963867,42.462406158447266,41.91368103027344,41.17679214477539,41.172325134277344,40.959938049316406,40.532833099365234,40.31559753417969,40.913028717041016,41.45029067993164,40.33736038208008,37.625972747802734,34.67466354370117,33.420772552490234,32.475337982177734,31.552906036376953,31.476102828979492,31.903274536132812,32.30503845214844,32.482967376708984,32.46597671508789,32.332298278808594,32.15089416503906,32.01862335205078,31.91814613342285,31.755123138427734,31.484989166259766,30.84730339050293,29.725778579711914,28.62415885925293,28.3597469329834,28.894197463989258,29.640300750732422,30.40349769592285,31.10017967224121,31.626855850219727,32.547786712646484,33.69369888305664,33.57483673095703,32.55942916870117
40.218849182128906,39.7061767578125,39.34516906738281,39.86642837524414,40.67451858520508,41.55379104614258,40.949886322021484,39.41252517700195,38.915096282958984,38.98982620239258,39.445804595947266,40.121315002441406,40.252803802490234,38.921363830566406,36.829105377197266,35.31067657470703,33.50326919555664,32.057769775390625,31.370105743408203,31.13045883178711,31.19635772705078,31.37093734741211,31.48891258239746,31.5727481842041,31.67997932434082,31.85390853881836,31.822404861450195,31.51360511779785,31.2541446685791,31.438169479370117,31.662620544433594,31.74605941772461,31.37686538696289,30.458274841308594,29.746397018432617,29.738391876220703,30.15827751159668,30.782869338989258,31.496049880981445,32.0014533996582,32.67731475830078,33.84623718261719,34.30684280395508,33.12718200683594
37.78702926635742,37.91222381591797,37.53335189819336,38.38949966430664,40.72142028808594,43.0246696472168,41.871768951416016,38.977054595947266,36.94755172729492,36.63058853149414,37.47679138183594,38.578678131103516,38.985660552978516,37.41316223144531,34.5771484375,33.04700469970703,32.02117156982422,31.109230041503906,30.654653549194336,30.702871322631836,31.21682357788086,31.8148193359375,31.99164581298828,31.688060760498047,31.278860092163086,31.13370704650879,31.041337966918945,30.558128356933594,30.078920364379883,30.260305404663086,30.98211097717285,31.89276123046875,32.5261116027832,32.5018310546875,32.064327239990234,31.746021270751953,31.651582717895508,31.824953079223633,32.23442459106445,32.75380325317383,33.0379524230957,33.35965347290039,33.322296142578125,32.53292465209961
34.96503829956055,35.89418029785156,36.0403938293457,38.124698638916016,41.69401550292969,43.45621871948242,41.72784423828125,39.34904479980469,37.69118118286133,36.63445281982422,36.55241775512695,37.4029655456543,37.74321365356445,36.260799407958984,33.96379470825195,32.342769622802734,31.469491958618164,30.849170684814453,30.32912254333496,30.249897003173828,31.005884170532227,32.265541076660156,33.1593132019043,33.08759689331055,32.293785095214844,31.577465057373047,31.202775955200195,30.714338302612305,30.101722717285156,29.854291915893555,30.288660049438477,31.288951873779297,32.522804260253906,33.41057205200195,33.70506286621094,33.60169219970703,33.357852935791016,33.09186553955078,33.074737548828125,33.53841018676758,33.60017395019531,32.95292282104492,32.27022171020508,31.806840896606445
32.5958366394043,33.66796875,35.50170135498047,38.908782958984375,42.48237609863281,43.4471321105957,41.09654235839844,39.34636306762695,38.7802848815918,37.5438232421875,36.65274429321289,36.44193649291992,36.026878356933594,35.04633712768555,33.872562408447266,32.65690231323242,31.7168025970459,31.082313537597656,30.5441837310791,30.25490951538086,30.781368255615234,32.17069625854492,33.6894645690918,34.26936340332031,33.676944732666016,32.686649322509766,32.0474739074707,31.630830764770508,31.24528694152832,30.83481216430664,30.596660614013672,30.951139450073242,32.037750244140625,33.304046630859375,34.179317474365234,34.51017761230469,34.55427551269531,34.415443420410156,34.22373580932617,34.32481384277344,34.20319747924805,33.42935562133789,32.586700439453125,31.87235450744629
30.705570220947266,34.81459045410156,37.577632904052734,40.67442321777344,44.22205352783203,45.12092590332031,42.27433395385742,39.59280776977539,37.99113845825195,36.132240295410156,35.199283599853516,34.750099182128906,34.22563552856445,33.903202056884766,33.718414306640625,33.186363220214844,32.44795227050781,31.726709365844727,30.970691680908203,30.439470291137695,30.608165740966797,31.700603485107422,33.06066131591797,34.0361442565918,33.931663513183594,33.12773895263672,32.56392288208008,32.443119049072266,32.48875427246094,32.262351989746094,31.716917037963867,31.436134338378906,31.93227195739746,32.98418045043945,33.994441986083984,34.656776428222656,34.97390365600586,35.05262756347656,34.99748992919922,35.07666015625,34.77812576293945,34.19287109375,33.56401062011719,32.6572151184082
31.132190704345703,36.98259735107422,40.909732818603516,43.12366485595703,45.31901931762695,45.34414291381836,42.5996208190918,38.91209411621094,35.871742248535156,33.69655990600586,32.8580322265625,32.689369201660156,32.56123352050781,32.66020584106445,32.86934280395508,33.02676010131836,33.032657623291016,32.531394958496094,31.506393432617188,30.609033584594727,30.560440063476562,31.276123046875,32.24024963378906,33.2340202331543,33.54792022705078,33.25320816040039,32.94413375854492,32.98832702636719,33.20735549926758,33.10105514526367,32.6240348815918,32.30563735961914,32.57309341430664,33.28312683105469,34.05892562866211,34.6993408203125,34.91943359375,34.753204345703125,34.89596939086914,35.41938400268555,35.194183349609375,34.73527526855469,34.503150939941406,33.916107177734375
32.8418083190918,38.073143005371094,40.81048583984375,41.589073181152344,42.76459503173828,42.62538146972656,40.973541259765625,37.75339889526367,33.71345520019531,31.243770599365234,30.60463523864746,30.782772064208984,31.081172943115234,31.334012985229492,31.776479721069336,32.41286087036133,33.05967330932617,33.00931930541992,31.99725914001465,30.791118621826172,30.451967239379883,30.883304595947266,31.562448501586914,32.4775390625,33.128318786621094,33.27452850341797,33.27881622314453,33.361663818359375,33.339271545410156,33.1339111328125,32.80913543701172,32.81793975830078,33.295654296875,33.97871017456055,34.52589797973633,34.723934173583984,34.52573776245117,34.218807220458984,34.47111129760742,35.25774002075195,35.45170974731445,35.13726806640625,35.02951431274414,34.945350646972656
31.832162857055664,34.75163650512695,36.35078811645508,36.88677215576172,38.350372314453125,39.025390625,38.39809799194336,35.30921173095703,31.917007446289062,29.667261123657227,28.930156707763672,29.206928253173828,29.7448673248291,30.16598129272461,30.572023391723633,31.568206787109375,32.800575256347656,33.14305877685547,32.391971588134766,31.20630645751953,30.537553787231445,30.688217163085938,31.17506980895996,31.831281661987305,32.488800048828125,32.83696365356445,33.23102951049805,33.52467727661133,33.25467300415039,32.614906311035156,32.123783111572266,32.27330780029297,32.96699142456055,33.833946228027344,34.53450393676758,34.635231018066406,34.23985290527344,33.89341735839844,34.054466247558594,34.77714920043945,35.33983612060547,35.34695053100586,35.183868408203125,35.355159759521484
30.148582458496094,30.658781051635742,31.786449432373047,32.622032165527344,33.9954719543457,34.212440490722656,33.954627990722656,32.74541473388672,30.697887420654297,28.875926971435547,28.0437068939209,28.15397834777832,28.571720123291016,29.001354217529297,29.658611297607422,31.167438507080078,32.69388961791992,32.98031997680664,32.2497444152832,31.343515396118164,30.785171508789062,30.708627700805664,30.867860794067383,30.990068435668945,31.210346221923828,31.422761917114258,31.927474975585938,32.48630142211914,32.27006530761719,31.37416648864746,30.63153076171875,30.511816024780273,31.077922821044922,32.17216110229492,33.35052490234375,33.956398010253906,33.85538101196289,33.51207733154297,33.514930725097656,34.07805633544922,34.73692321777344,35.13357162475586,35.14308166503906,35.21637725830078
29.088314056396484,29.032716751098633,28.83326530456543,28.139047622680664,28.400205612182617,27.948944091796875,27.92986297607422,28.88243293762207,29.548748016357422,29.348453521728516,28.598331451416016,28.02930450439453,27.88566017150879,28.39069938659668,29.87874984741211,31.397865295410156,32.29246520996094,32.10089874267578,31.155941009521484,30.527423858642578,30.376056671142578,30.450773239135742,30.483360290527344,30.270294189453125,29.961429595947266,29.720970153808594,29.966548919677734,30.477781295776367,30.459135055541992,29.829692840576172,29.057048797607422,28.747568130493164,29.176162719726562,30.42828941345215,31.938753128051758,32.880950927734375,33.00483322143555,32.620574951171875,32.37054443359375,32.644554138183594,33.171112060546875,33.67376708984375,34.095191955566406,34.464508056640625
27.181615829467773,26.932884216308594,25.761228561401367,23.580476760864258,23.28709602355957,23.128881454467773,23.60979461669922,25.142736434936523,27.36155128479004,29.022703170776367,29.460411071777344,29.059297561645508,29.018991470336914,30.270097732543945,30.788965225219727,30.244028091430664,29.258522033691406,28.447359085083008,28.378931045532227,28.769533157348633,29.34774398803711,29.932159423828125,30.198659896850586,29.962127685546875,29.362680435180664,28.67922592163086,28.431154251098633,28.578641891479492,28.72515106201172,28.613313674926758,28.28809928894043,28.071252822875977,28.359277725219727,29.543664932250977,31.052499771118164,31.952953338623047,32.032447814941406,31.568077087402344,31.070510864257812,31.00346565246582,31.19830894470215,31.42445182800293,31.947551727294922,32.73726272583008
24.668899536132812,25.318220138549805,24.07636070251465,22.29204750061035,21.82558822631836,21.54958724975586,21.917707443237305,23.19060707092285,25.252822875976562,27.71685218811035,29.967378616333008,31.386987686157227,32.17729187011719,30.786270141601562,27.727373123168945,27.14711570739746,25.813762664794922,25.188926696777344,25.667076110839844,26.601930618286133,27.746164321899414,28.880538940429688,29.59859275817871,29.62215232849121,29.029132843017578,28.20708465576172,27.5974178314209,27.346202850341797,27.484743118286133,27.786962509155273,27.863807678222656,27.772104263305664,27.996109008789062,28.986614227294922,30.22797203063965,30.904401779174805,30.931713104248047,30.538301467895508,30.028018951416016,29.642724990844727,29.33185577392578,29.22776222229004,29.6176815032959,30.320205688476562
23.524248123168945,25.105823516845703,24.257179260253906,23.347929000854492,23.250608444213867,22.660572052001953,21.649072647094727,21.500368118286133,22.964651107788086,26.985397338867188,30.938581466674805,31.8655948638916,29.566450119018555,27.78832244873047,26.407201766967773,24.885149002075195,24.111919403076172,23.85396385192871,24.062652587890625,24.727575302124023,25.774456024169922,27.033607482910156,28.13620948791504,28.67642593383789,28.506698608398438,27.93531608581543,27.3385009765625,26.925058364868164,26.988874435424805,27.395954132080078,27.589391708374023,27.582653045654297,27.80780029296875,28.499710083007812,29.26936912536621,29.667680740356445,29.67437171936035,29.34847068786621,28.714662551879883,27.87309455871582,27.130807876586914,26.789628982543945,26.862276077270508,27.1622257232666
22.873031616210938,23.570375442504883,23.59769058227539,24.27199363708496,25.067983627319336,24.395442962646484,22.353612899780273,20.729270935058594,23.781105041503906,28.98646354675293,30.757049560546875,28.359424591064453,27.800804138183594,26.37631607055664,24.91387367248535,24.030372619628906,23.44090461730957,23.07683563232422,23.129474639892578,23.76966667175293,24.387847900390625,25.022470474243164,25.87659454345703,26.72629737854004,27.205183029174805,27.282337188720703,27.17210578918457,27.01528549194336,27.180116653442383,27.565824508666992,27.68661880493164,27.624616622924805,27.703187942504883,27.959033966064453,28.229938507080078,28.39911651611328,28.26514434814453,27.69127655029297,26.781816482543945,25.477462768554688,24.08304786682129,23.323144912719727,23.192018508911133,23.180391311645508
21.409093856811523,22.991601943969727,23.761911392211914,24.698015213012695,26.020898818969727,25.98712730407715,24.915266036987305,25.799060821533203,29.295808792114258,30.441192626953125,27.440017700195312,26.556066513061523,26.464025497436523,24.575130462646484,23.9255313873291,23.519567489624023,22.588626861572266,21.967416763305664,21.876155853271484,22.574283599853516,23.370695114135742,23.48554229736328,23.455575942993164,23.93511962890625,24.839582443237305,25.837127685546875,26.659069061279297,27.19603157043457,27.65147590637207,27.95012855529785,27.8879337310791,27.688556671142578,27.519420623779297,27.32090187072754,27.171552658081055,27.0334415435791,26.527753829956055,25.5378360748291,24.176889419555664,22.382822036743164,20.559062957763672,19.914356231689453,20.213218688964844,20.08725929260254
19.89354705810547,21.3900089263916,23.57792854309082,24.752038955688477,26.12486457824707,27.470762252807617,28.85086441040039,30.987150192260742,31.226781845092773,28.44283103942871,26.5841121673584,26.43528938293457,24.253829956054688,23.4600772857666,23.72202491760254,23.765649795532227,22.78970718383789,21.873435974121094,21.247129440307617,21.006534576416016,21.512956619262695,21.579343795776367,21.279808044433594,21.425487518310547,22.425649642944336,24.060728073120117,25.762311935424805,27.13429069519043,28.007932662963867,28.238317489624023,27.970428466796875,27.564043045043945,27.0794734954834,26.451807022094727,25.916641235351562,25.42711639404297,24.539175033569336,23.19389533996582,21.222299575805664,18.566133499145508,17.20509147644043,18.024240493774414,19.277786254882812,19.3633975982666
