data/wind_data/wind_19_2.json
{"header": {"parameterUnit": "KT", "parameterCategory": 2, "nx": 256, "ny": 198, "lo1": 44.73521041870117, "la1": -3.236724853515625, "lo2": 111.26478576660156, "la2": 43.468475341796875, "dx": 0.2609002888202667, "dy": -0.23708222806453705, "refTime": "2025-02-19 19:00:00", "forecastTime": 0, "parameterNumber": 2, "parameterNumberName": "eastward_wind"}, "data":
[rows 152 to 170 of 198, columns 172 to 214 of 256]
-1.70869779586792,0.036815084517002106,0.7822460532188416,0.7367180585861206,0.15546786785125732,1.6632277965545654,4.230693340301514,6.045956134796143,7.4724650382995605,9.011816024780273,10.91633129119873,12.737875938415527,13.466689109802246,14.278044700622559,14.7413969039917,14.312466621398926,14.210293769836426,14.782167434692383,15.960346221923828,16.59012222290039,17.108646392822266,18.749969482421875,19.693193435668945,19.50819206237793,20.85411262512207,24.0909423828125,26.279521942138672,25.383699417114258,14.857712745666504,7.500310897827148,7.911413669586182,10.07309627532959,9.414892196655273,8.000171661376953,8.222782135009766,8.682456970214844,10.592656135559082,14.207844734191895,18.338462829589844,14.98386001586914,6.9934587478637695,3.882161855697632,5.8292694091796875
-0.5673877596855164,1.039128065109253,0.3642234802246094,-0.004282697103917599,0.392217755317688,2.6122894287109375,5.684103488922119,7.702648639678955,9.329543113708496,11.161614418029785,12.984840393066406,14.232762336730957,15.40918254852295,16.924097061157227,16.854150772094727,14.990293502807617,13.4397611618042,14.026921272277832,15.639049530029297,16.180891036987305,15.871103286743164,16.968645095825195,18.582599639892578,19.602764129638672,21.696462631225586,22.17177391052246,22.93477439880371,14.579792976379395,4.667026996612549,4.07647180557251,6.284621715545654,9.281606674194336,9.171048164367676,9.436524391174316,10.355236053466797,11.212997436523438,13.568436622619629,17.606380462646484,20.322113037109375,12.20633316040039,7.189992904663086,6.4146504402160645,7.038902282714844
0.37089917063713074,0.7791220545768738,0.0009382176212966442,0.22074836492538452,1.6772691011428833,4.68467903137207,6.766952991485596,7.846335411071777,9.817912101745605,11.822516441345215,13.344508171081543,14.62133502960205,16.241899490356445,17.543376922607422,16.69599723815918,14.43256664276123,13.69389820098877,15.241931915283203,15.69804859161377,14.419610977172852,14.236979484558105,16.112058639526367,19.486682891845703,19.6942081451416,21.37631607055664,19.070646286010742,12.196244239807129,7.5916008949279785,5.879420757293701,8.519573211669922,7.173072338104248,8.33216381072998,9.817337989807129,10.453718185424805,11.114021301269531,13.943291664123535,16.107646942138672,18.051206588745117,19.042781829833984,15.011469841003418,11.589957237243652,10.566507339477539,9.326900482177734
0.7582985758781433,0.7415463924407959,1.1981887817382812,2.681952953338623,4.447441101074219,6.72528600692749,8.310526847839355,8.281368255615234,9.66748332977295,11.857867240905762,13.726327896118164,15.281146049499512,17.13640785217285,18.328779220581055,18.290695190429688,17.776636123657227,17.94232940673828,17.743181228637695,17.03929901123047,14.895625114440918,14.490789413452148,16.822425842285156,19.466936111450195,20.080101013183594,21.216522216796875,19.439159393310547,12.862102508544922,9.255443572998047,8.3341646194458,10.604463577270508,10.894556045532227,9.39675521850586,8.570961952209473,10.546664237976074,12.601670265197754,16.066076278686523,19.015399932861328,19.600086212158203,20.438230514526367,18.474634170532227,14.813755989074707,14.16571044921875,13.677973747253418
1.1963791847229004,1.356130599975586,2.5225987434387207,4.735614776611328,7.140517711639404,8.948829650878906,9.526776313781738,9.942502975463867,11.100510597229004,13.12021541595459,15.302810668945312,16.929447174072266,18.303665161132812,20.074539184570312,20.4882755279541,19.50197982788086,17.799428939819336,15.96825122833252,16.802555084228516,17.5607852935791,16.80728530883789,17.245920181274414,18.607563018798828,20.346694946289062,22.063337326049805,18.442224502563477,13.9340238571167,13.113006591796875,14.478706359863281,15.95521354675293,18.49882698059082,18.519939422607422,14.72713565826416,12.57713794708252,13.595856666564941,16.27663230895996,19.549951553344727,21.42009162902832,23.356203079223633,22.88600730895996,18.86458969116211,16.67854118347168,17.575803756713867
3.1335268020629883,3.3326237201690674,4.688765048980713,6.842143535614014,8.845842361450195,9.958794593811035,10.639580726623535,11.577858924865723,12.800758361816406,14.637971878051758,16.668466567993164,18.35843849182129,19.998550415039062,21.288089752197266,20.413833618164062,18.273759841918945,17.175952911376953,18.188461303710938,21.604007720947266,24.22098731994629,23.504114151000977,21.004772186279297,20.53124237060547,21.87175750732422,21.130155563354492,19.925662994384766,20.31357765197754,20.836645126342773,18.80253028869629,17.766542434692383,20.16179847717285,20.881847381591797,17.670597076416016,15.642499923706055,16.122285842895508,17.42327880859375,19.510601043701172,22.172534942626953,26.376815795898438,24.893815994262695,19.80205535888672,16.40487289428711,16.966840744018555
5.10020112991333,4.790817737579346,6.127707004547119,7.768266201019287,9.568487167358398,11.055054664611816,12.254746437072754,13.635481834411621,15.225518226623535,17.204137802124023,18.95245933532715,20.196176528930664,21.45860481262207,22.133562088012695,21.592365264892578,21.540054321289062,22.454599380493164,24.715856552124023,27.927696228027344,28.767793655395508,29.417438507080078,27.014188766479492,24.624752044677734,23.30306053161621,22.400157928466797,24.01032257080078,26.419023513793945,24.793861389160156,19.98233985900879,16.7076416015625,16.31309700012207,17.657365798950195,17.783456802368164,17.37156105041504,19.114505767822266,20.987104415893555,22.80228042602539,25.36246681213379,28.723299026489258,27.36001205444336,20.251113891601562,13.897561073303223,13.38161563873291
6.784661769866943,6.80302095413208,7.441722393035889,8.54032039642334,10.271674156188965,12.574172019958496,14.941495895385742,16.83793067932129,18.423904418945312,19.80753517150879,20.574312210083008,20.87872314453125,22.097135543823242,24.04551887512207,26.333864212036133,28.254608154296875,29.262359619140625,28.742422103881836,28.641063690185547,28.254243850708008,26.695232391357422,26.592693328857422,27.4573917388916,27.549062728881836,28.59579849243164,30.028600692749023,27.69575309753418,25.35677146911621,22.23141860961914,17.455076217651367,15.303253173828125,16.57529067993164,17.94297218322754,18.899337768554688,21.451154708862305,23.733705520629883,26.76026725769043,30.501794815063477,32.03036117553711,28.596158981323242,22.249237060546875,14.417468070983887,11.887317657470703
7.454076290130615,8.80272102355957,9.614956855773926,10.228433609008789,11.733317375183105,14.681537628173828,15.855344772338867,16.366954803466797,17.49176788330078,18.274799346923828,19.708606719970703,21.197593688964844,23.888105392456055,26.765687942504883,29.135709762573242,29.917375564575195,29.581377029418945,29.272781372070312,28.571598052978516,28.255403518676758,26.40727996826172,26.323484420776367,28.80110740661621,25.994218826293945,23.564769744873047,22.520496368408203,18.77137565612793,16.606103897094727,16.958881378173828,16.733661651611328,16.223873138427734,17.314001083374023,19.701017379760742,22.314485549926758,25.18598747253418,27.59841537475586,30.528270721435547,34.05744934082031,34.40857696533203,29.224271774291992,26.44244956970215,17.18714714050293,11.017885208129883
9.36253833770752,11.016463279724121,12.028447151184082,12.347453117370605,13.917510986328125,15.98369312286377,17.19239616394043,18.344018936157227,19.79064178466797,21.451173782348633,21.568614959716797,21.9744815826416,24.99791717529297,28.69904327392578,30.685344696044922,29.036001205444336,24.884286880493164,22.22156524658203,18.235441207885742,10.383926391601562,8.587071418762207,12.9576416015625,14.491297721862793,11.724496841430664,12.134411811828613,13.78553581237793,14.289876937866211,14.870888710021973,16.557092666625977,17.642597198486328,17.958045959472656,19.092815399169922,22.57502555847168,26.57132911682129,28.99540138244629,31.972013473510742,35.46159362792969,36.70111083984375,35.52193069458008,33.78181457519531,32.89080047607422,25.988861083984375,14.93453311920166
11.49739933013916,12.620368003845215,13.195399284362793,13.902935028076172,15.733789443969727,18.520469665527344,20.905189514160156,23.263690948486328,24.171998977661133,24.412052154541016,24.08049964904785,22.52835464477539,25.75552749633789,29.263147354125977,29.086101531982422,21.108844757080078,7.903607368469238,0.5208660364151001,-1.1579350233078003,-2.6781277656555176,-1.0243932008743286,2.0190556049346924,3.6283504962921143,5.135362148284912,7.673521041870117,10.35651969909668,12.440878868103027,14.171948432922363,16.18943214416504,17.967750549316406,18.804235458374023,19.848207473754883,23.303728103637695,28.71065902709961,33.132850646972656,37.42280197143555,40.07773208618164,38.98796081542969,37.13868713378906,38.91103744506836,38.25868225097656,39.093353271484375,34.787193298339844
12.924102783203125,13.675719261169434,14.075587272644043,15.229691505432129,17.885251998901367,21.264501571655273,23.957944869995117,26.943767547607422,27.073686599731445,26.443645477294922,25.852102279663086,23.41229248046875,22.738801956176758,23.116336822509766,12.865642547607422,0.3147364854812622,-3.9059274196624756,-4.813488483428955,-4.416889190673828,-3.7285540103912354,-2.036630868911743,0.22555848956108093,2.466620445251465,4.618838310241699,6.498569488525391,9.008848190307617,12.377036094665527,15.524691581726074,17.820430755615234,18.3819580078125,19.465003967285156,21.46833610534668,24.45311737060547,28.420269012451172,33.477169036865234,36.82466506958008,35.61117935180664,34.544898986816406,36.0635986328125,36.576629638671875,34.861183166503906,33.86970520019531,33.21657943725586
14.2024507522583,15.099701881408691,15.145466804504395,15.86728286743164,19.27492904663086,22.742328643798828,26.02336883544922,29.157691955566406,28.23516082763672,25.102737426757812,26.974201202392578,22.64619255065918,12.276981353759766,3.9318103790283203,-2.143486738204956,-4.837198734283447,-4.630139350891113,-4.687926769256592,-4.199102401733398,-3.4768543243408203,-2.3359386920928955,-0.23252557218074799,2.4850499629974365,6.198983669281006,9.852384567260742,13.579971313476562,16.45040512084961,19.230436325073242,20.75602912902832,20.442386627197266,21.525707244873047,23.988061904907227,26.188217163085938,26.148252487182617,27.306888580322266,29.36825942993164,29.68448829650879,29.584585189819336,27.80874252319336,27.2742862701416,28.443078994750977,30.290069580078125,26.900188446044922
16.0439453125,16.45530891418457,15.318472862243652,15.462800025939941,17.642728805541992,21.87106704711914,25.97463607788086,28.396013259887695,26.188840866088867,19.99762725830078,16.800731658935547,7.669172286987305,-1.9460984468460083,-4.397829532623291,-4.776071548461914,-4.256649017333984,-4.203245639801025,-4.423854827880859,-3.6789956092834473,-2.1778388023376465,0.13192696869373322,3.2456769943237305,6.874751091003418,10.50175952911377,13.633804321289062,17.705257415771484,19.492328643798828,20.83291244506836,20.013050079345703,18.1756649017334,17.95269012451172,20.29292106628418,23.8380184173584,26.65920066833496,28.809043884277344,30.781103134155273,25.612491607666016,18.955547332763672,18.11983871459961,19.73874855041504,19.93680763244629,19.361040115356445,15.750597953796387
18.034860610961914,16.71963882446289,14.771716117858887,15.408228874206543,19.984020233154297,24.740875244140625,26.645376205444336,27.057519912719727,24.968339920043945,14.29301643371582,3.415527105331421,-2.713768482208252,-4.1338958740234375,-3.2865993976593018,-3.0472946166992188,-2.8336305618286133,-2.549872398376465,-1.4749754667282104,0.40446189045906067,2.5526156425476074,4.592247009277344,6.905328273773193,9.697100639343262,12.43576431274414,15.461480140686035,21.046737670898438,23.876548767089844,21.685150146484375,18.916942596435547,19.04637336730957,19.8844051361084,20.4609317779541,22.435020446777344,24.65053939819336,25.34392738342285,17.83552360534668,11.79776382446289,12.504813194274902,14.579085350036621,12.009675025939941,7.611207485198975,9.473733901977539,12.474774360656738
14.571785926818848,14.574790000915527,15.888571739196777,19.416507720947266,24.203472137451172,25.08454132080078,24.24968719482422,22.7996826171875,18.971025466918945,9.565958023071289,0.7652992606163025,-2.584834098815918,-2.932711362838745,-2.235053062438965,-2.5219311714172363,-2.2630720138549805,-0.9805368781089783,0.8929930925369263,3.416865587234497,5.7195234298706055,7.837310791015625,10.370599746704102,12.673616409301758,15.68970775604248,19.199220657348633,23.595521926879883,26.75355339050293,25.212364196777344,22.236780166625977,21.735830307006836,22.37836265563965,23.83448600769043,25.28025245666504,25.754487991333008,22.196331024169922,19.385868072509766,19.22158432006836,19.736019134521484,16.462648391723633,14.015718460083008,10.889777183532715,3.1017801761627197,6.356712818145752
18.167194366455078,16.81107521057129,16.7125186920166,19.369598388671875,22.59508514404297,20.274106979370117,16.223155975341797,14.068890571594238,9.080881118774414,4.505887985229492,1.2242836952209473,-1.2713863849639893,-2.0670576095581055,-2.1108474731445312,-1.907338261604309,-0.7600299119949341,0.6875529885292053,1.691048502922058,3.502575159072876,5.693724632263184,8.161304473876953,10.621586799621582,15.408936500549316,22.620073318481445,26.091182708740234,25.304096221923828,27.012514114379883,29.52259063720703,28.291284561157227,25.89960479736328,24.77237892150879,25.476680755615234,28.266765594482422,25.82308006286621,21.349884033203125,20.466411590576172,23.20644760131836,22.527835845947266,17.2567081451416,13.426143646240234,12.364720344543457,4.074024200439453,1.577025055885315
20.28689956665039,17.750957489013672,15.993570327758789,16.997364044189453,16.61244773864746,11.870123863220215,9.214401245117188,10.781042098999023,4.870265007019043,1.3372808694839478,1.2532771825790405,-0.1561017483472824,-0.24742794036865234,-0.16236551105976105,0.682255744934082,1.816813349723816,1.4723751544952393,0.4207824766635895,0.2622512876987457,3.3020761013031006,8.735084533691406,11.801875114440918,19.99413299560547,30.80591583251953,33.62961959838867,31.193662643432617,31.914241790771484,32.9228630065918,31.008121490478516,28.47689437866211,26.363269805908203,25.737119674682617,26.183006286621094,23.824186325073242,20.479719161987305,20.022504806518555,23.018234252929688,21.321245193481445,16.878297805786133,10.189191818237305,4.066117763519287,2.2647035121917725,1.016767978668213
23.835742950439453,17.716073989868164,12.763787269592285,12.432503700256348,9.579501152038574,7.527360439300537,10.60721492767334,9.734959602355957,1.3834307193756104,0.6855088472366333,2.3711540699005127,2.857781171798706,3.409818649291992,3.9270567893981934,4.568567752838135,4.32781982421875,1.8285285234451294,0.41781964898109436,5.089609146118164,10.135553359985352,11.58212661743164,15.387309074401855,26.169113159179688,34.852508544921875,36.86225509643555,36.765098571777344,36.352867126464844,34.28838348388672,31.053503036499023,27.664358139038086,24.35170555114746,24.514110565185547,26.618499755859375,23.897869110107422,19.40337371826172,19.563173294067383,21.871864318847656,20.79322624206543,15.764128684997559,8.112516403198242,3.570101499557495,4.007735729217529,4.301883220672607
