data/wind_data/wind_32_1.json
{"header": {"parameterUnit": "KT", "parameterCategory": 2, "nx": 256, "ny": 198, "lo1": 44.73521041870117, "la1": -3.236724853515625, "lo2": 111.26478576660156, "la2": 43.468475341796875, "dx": 0.2609002888202667, "dy": -0.23708222806453705, "refTime": "2025-02-20 08:00:00", "forecastTime": 0, "parameterNumber": 2, "parameterNumberName": "eastward_wind"}, "data":
[rows 38 to 56 of 198, columns 0 to 42 of 256]
-12.163372039794922,-13.718276023864746,-14.050752639770508,-13.24139404296875,-11.721071243286133,-4.201186180114746,-9.213582992553711,-5.448159694671631,-9.857483863830566,-8.07943058013916,-9.021620750427246,-7.560065746307373,-8.248915672302246,-8.145759582519531,-11.36849308013916,-12.870597839355469,-11.967920303344727,-8.977045059204102,-11.88945484161377,-11.586019515991211,-11.161022186279297,-10.875988960266113,-10.294548988342285,-9.484755516052246,-9.797221183776855,-9.202312469482422,-7.17111349105835,-6.311560153961182,-7.762720108032227,-9.881985664367676,-10.901982307434082,-8.699508666992188,-7.630305290222168,-9.738414764404297,-10.80094051361084,-10.355497360229492,-10.150618553161621,-11.313724517822266,-13.333137512207031,-12.236627578735352,-9.101914405822754,-6.403295993804932,-9.748930931091309
-12.299710273742676,-13.42395305633545,-13.058758735656738,-12.95119571685791,-12.436397552490234,-6.81117057800293,-10.526784896850586,-7.345649719238281,-10.37742805480957,-7.547977924346924,-8.687834739685059,-7.379961967468262,-8.089306831359863,-8.548818588256836,-11.061918258666992,-12.53819751739502,-12.984132766723633,-10.03917407989502,-9.369633674621582,-10.184422492980957,-10.024479866027832,-7.424896240234375,-5.322854042053223,-6.068628311157227,-8.154136657714844,-10.235502243041992,-10.219429969787598,-9.992167472839355,-6.109356880187988,-5.542586326599121,-8.804612159729004,-11.759820938110352,-8.261362075805664,-3.7390291690826416,-8.99869441986084,-14.60909652709961,-9.258878707885742,-7.292013645172119,-13.379530906677246,-12.981703758239746,-10.283295631408691,-10.414047241210938,-12.361543655395508
-11.97872543334961,-11.892735481262207,-11.945144653320312,-11.921253204345703,-12.36154556274414,-8.713299751281738,-11.330951690673828,-10.554779052734375,-11.998656272888184,-10.08739948272705,-9.826066970825195,-8.692205429077148,-8.779708862304688,-8.791279792785645,-9.704821586608887,-10.228116989135742,-11.348203659057617,-12.491267204284668,-9.540396690368652,-6.931633949279785,-6.812013149261475,-8.698628425598145,-3.770805597305298,-0.9128758907318115,-6.162564277648926,-12.44382095336914,-13.130654335021973,-9.098831176757812,-3.947927713394165,-3.3817784786224365,-10.758155822753906,-14.054677963256836,-9.91959285736084,-4.817707061767578,-8.183953285217285,-15.378413200378418,-12.276196479797363,-6.731042385101318,-6.944577693939209,-11.878211975097656,-13.295169830322266,-11.398597717285156,-9.991600036621094
-10.848676681518555,-10.479972839355469,-10.527099609375,-10.427444458007812,-11.238330841064453,-8.951006889343262,-10.642043113708496,-9.69849681854248,-11.104774475097656,-11.036672592163086,-11.423077583312988,-10.89507007598877,-10.897444725036621,-11.13583755493164,-10.995816230773926,-10.572447776794434,-10.48302936553955,-10.866734504699707,-9.719010353088379,-6.504428386688232,-4.547163486480713,-9.202510833740234,-8.931900024414062,-5.286872863769531,-12.576729774475098,-13.454280853271484,-9.563471794128418,-6.215515613555908,-6.338300704956055,-10.743572235107422,-11.894022941589355,-9.361437797546387,-6.429758548736572,-7.054131507873535,-11.764327049255371,-12.673998832702637,-10.734659194946289,-8.080436706542969,-5.887979030609131,-8.306666374206543,-13.712785720825195,-13.35803508758545,-9.088274002075195
-9.580995559692383,-9.459294319152832,-9.445667266845703,-9.921576499938965,-11.628933906555176,-9.035149574279785,-11.001294136047363,-9.301624298095703,-10.788823127746582,-11.113171577453613,-11.654779434204102,-10.474180221557617,-10.573202133178711,-10.904020309448242,-11.011053085327148,-11.102115631103516,-10.869773864746094,-9.146625518798828,-7.616888046264648,-8.324496269226074,-9.230494499206543,-7.225356578826904,-10.701567649841309,-8.891308784484863,-10.287679672241211,-10.379650115966797,-6.846045970916748,-4.0340189933776855,-10.754254341125488,-14.821483612060547,-9.466537475585938,-2.817631721496582,-4.047541618347168,-11.552130699157715,-12.542451858520508,-9.570074081420898,-11.775067329406738,-11.745304107666016,-8.229734420776367,-9.180490493774414,-10.744736671447754,-13.123570442199707,-12.892976760864258
-8.289764404296875,-8.241134643554688,-8.406816482543945,-9.071020126342773,-11.413372993469238,-9.068445205688477,-10.480387687683105,-8.929936408996582,-10.115195274353027,-10.98084831237793,-11.310182571411133,-10.583714485168457,-10.823466300964355,-10.671767234802246,-9.827458381652832,-9.490119934082031,-9.776766777038574,-8.140464782714844,-8.076520919799805,-8.791768074035645,-10.725903511047363,-7.937956809997559,-7.117607116699219,-6.3043670654296875,-4.122228622436523,-5.752889156341553,-8.237227439880371,-11.133013725280762,-11.207730293273926,-11.378522872924805,-9.611239433288574,-6.17547607421875,-9.638129234313965,-11.026290893554688,-7.59512186050415,-9.686928749084473,-12.442800521850586,-12.123245239257812,-9.630559921264648,-9.49099349975586,-8.703267097473145,-10.635950088500977,-14.397496223449707
-6.7856245040893555,-6.969305038452148,-7.284379959106445,-7.945756912231445,-10.43464183807373,-7.464365005493164,-9.094976425170898,-8.431796073913574,-10.859719276428223,-11.4965181350708,-11.909931182861328,-11.12517261505127,-11.236215591430664,-10.491397857666016,-8.76662826538086,-6.781177043914795,-7.909832000732422,-6.6465163230896,-8.885271072387695,-9.01004409790039,-10.382560729980469,-9.641923904418945,-4.959465026855469,-2.715456962585449,-5.284595012664795,-7.644798755645752,-12.590804100036621,-11.020478248596191,-7.886605262756348,-6.991594314575195,-9.571564674377441,-11.98974609375,-11.388607025146484,-8.876401901245117,-8.784148216247559,-9.753411293029785,-7.01436185836792,-9.442950248718262,-13.080083847045898,-10.935957908630371,-8.440722465515137,-10.126123428344727,-12.30893325805664
-5.780407905578613,-6.366059303283691,-6.239232063293457,-6.977384567260742,-9.54023265838623,-6.642251968383789,-9.756233215332031,-9.217459678649902,-11.377985000610352,-11.878155708312988,-11.924955368041992,-11.305556297302246,-10.919071197509766,-9.326160430908203,-6.2181396484375,-3.6299009323120117,-2.588836193084717,-6.872433185577393,-10.627065658569336,-9.07826042175293,-9.147303581237793,-8.208422660827637,-8.781298637390137,-4.960553169250488,-8.519744873046875,-8.448259353637695,-10.447402954101562,-7.680976867675781,-2.7078654766082764,-4.552826881408691,-10.573101997375488,-14.955710411071777,-9.940190315246582,-7.160411357879639,-8.2477388381958,-8.676984786987305,-5.305932998657227,-7.943258762359619,-13.271044731140137,-12.524296760559082,-9.578441619873047,-11.51962661743164,-10.921075820922852
-5.946404933929443,-6.823874473571777,-6.21553897857666,-6.332393169403076,-9.02995777130127,-7.081812858581543,-10.2247896194458,-9.629671096801758,-10.397987365722656,-9.963228225708008,-9.886216163635254,-8.57079792022705,-8.951639175415039,-7.8320183753967285,-4.734222412109375,-3.0760345458984375,-5.197721481323242,-12.709179878234863,-10.355189323425293,-9.58648681640625,-7.3611860275268555,-8.318812370300293,-8.695117950439453,-9.388742446899414,-6.878871440887451,-8.221696853637695,-7.742356777191162,-4.780426025390625,-3.3496251106262207,-10.647285461425781,-12.734758377075195,-11.223686218261719,-6.795060634613037,-6.998906135559082,-9.702054977416992,-9.952324867248535,-8.380903244018555,-9.380950927734375,-12.429998397827148,-14.058652877807617,-12.347465515136719,-11.01644229888916,-11.30996036529541
-6.20797872543335,-6.781062602996826,-6.43459939956665,-5.221246719360352,-8.312760353088379,-7.045003890991211,-9.648151397705078,-9.040727615356445,-8.682886123657227,-6.944599151611328,-8.81214714050293,-8.186424255371094,-10.031038284301758,-9.409322738647461,-7.816709995269775,-7.637338638305664,-11.595531463623047,-12.426665306091309,-10.615853309631348,-8.685381889343262,-7.753929615020752,-8.979240417480469,-9.678738594055176,-10.743295669555664,-5.313874244689941,-6.881809234619141,-5.437558174133301,-6.853244781494141,-7.683413505554199,-10.894063949584961,-11.056150436401367,-7.661116600036621,-4.579186916351318,-8.46647834777832,-11.288960456848145,-10.998530387878418,-9.29000186920166,-10.25107479095459,-12.315180778503418,-12.441452026367188,-10.998074531555176,-9.542262077331543,-10.356175422668457
-6.442063331604004,-5.505561828613281,-5.366536617279053,-5.112176418304443,-8.979497909545898,-6.334352970123291,-8.94175910949707,-9.194971084594727,-9.604167938232422,-7.747664451599121,-8.189013481140137,-8.094396591186523,-8.824064254760742,-9.062971115112305,-9.052367210388184,-10.519201278686523,-12.277521133422852,-11.674361228942871,-10.08985710144043,-8.946106910705566,-9.029815673828125,-9.429824829101562,-9.521780014038086,-9.889809608459473,-5.995577335357666,-3.581425905227661,-4.279367446899414,-9.139589309692383,-8.861136436462402,-7.7641377449035645,-8.153132438659668,-8.355051040649414,-9.304766654968262,-11.770374298095703,-12.56971263885498,-11.493277549743652,-9.076031684875488,-8.230013847351074,-10.410158157348633,-11.697395324707031,-11.6670503616333,-8.699686050415039,-10.075329780578613
-5.706848621368408,-4.642716884613037,-4.045080661773682,-4.027462959289551,-7.267600059509277,-4.954794883728027,-6.608240127563477,-8.047922134399414,-9.940741539001465,-8.408161163330078,-7.791306495666504,-6.828955173492432,-6.7377142906188965,-7.228946685791016,-7.712154388427734,-10.099847793579102,-11.184950828552246,-10.686758041381836,-9.934274673461914,-9.792143821716309,-10.38332462310791,-9.774125099182129,-9.45905590057373,-7.809601306915283,-9.423055648803711,-1.401350736618042,-7.511067867279053,-7.213386058807373,-7.885377883911133,-4.862496852874756,-8.908145904541016,-9.581713676452637,-10.002873420715332,-11.591699600219727,-11.455730438232422,-9.839822769165039,-9.813895225524902,-9.93051528930664,-9.320109367370605,-10.146293640136719,-11.214126586914062,-9.977365493774414,-9.209268569946289
-2.4911420345306396,-1.4427379369735718,-2.097993850708008,-2.6010656356811523,-5.119353294372559,-3.842869281768799,-4.620822906494141,-6.134030342102051,-6.335644245147705,-6.375030994415283,-5.045796871185303,-6.536365032196045,-6.67073917388916,-7.388027191162109,-6.208613395690918,-9.266422271728516,-9.650810241699219,-10.175997734069824,-9.766160011291504,-10.057103157043457,-9.828015327453613,-9.60404109954834,-8.99510383605957,-7.832885265350342,-8.205223083496094,-1.113527536392212,-7.50200891494751,-4.850618839263916,-6.45035457611084,-4.659457683563232,-10.172331809997559,-7.850756645202637,-9.651838302612305,-10.402935028076172,-9.372034072875977,-7.4949631690979,-9.858795166015625,-11.17648983001709,-9.121742248535156,-10.319726943969727,-13.075180053710938,-12.311308860778809,-11.406956672668457
-0.18282954394817352,3.9181113243103027,0.8101733326911926,-2.5968568325042725,-8.19522476196289,-3.2580597400665283,-6.052126407623291,-3.771632671356201,0.21490976214408875,1.4745320081710815,-3.6378910541534424,-6.287924766540527,-6.845905303955078,-5.405949115753174,-7.027782917022705,-8.144609451293945,-9.157929420471191,-9.049638748168945,-8.977082252502441,-7.984625339508057,-7.134659290313721,-6.462164878845215,-7.592806339263916,-6.894004821777344,-8.561596870422363,-0.4556272327899933,-6.955760955810547,-2.647918462753296,-6.211765766143799,-5.74944543838501,-8.543183326721191,-5.61122989654541,-9.140374183654785,-9.993819236755371,-9.523193359375,-8.806042671203613,-11.83517074584961,-11.101909637451172,-9.17049789428711,-10.380303382873535,-12.700650215148926,-12.830591201782227,-11.363885879516602
-0.687125563621521,5.153834819793701,3.448974370956421,2.043973684310913,-1.8124932050704956,1.529460072517395,-4.078428268432617,0.7426992058753967,4.363020420074463,7.955249309539795,-1.7661354541778564,-6.071472644805908,-4.990150451660156,-6.842267036437988,-8.01374626159668,-8.228367805480957,-7.724815845489502,-8.41270923614502,-8.673224449157715,-6.6098713874816895,-5.252821445465088,-4.252010822296143,-4.972949981689453,-6.577943325042725,-7.926205635070801,-0.2095920741558075,-5.620051383972168,-0.3597034811973572,-8.057612419128418,-6.647051811218262,-6.21129035949707,-5.317232131958008,-9.01242733001709,-9.62236213684082,-10.01158618927002,-9.225192070007324,-10.467925071716309,-9.086435317993164,-7.877085208892822,-10.867104530334473,-12.240138053894043,-12.979825019836426,-13.111847877502441
-2.285891056060791,-1.4495309591293335,1.573728322982788,1.5304375886917114,0.5671308040618896,-2.4303319454193115,-0.7988771200180054,-1.1367485523223877,2.2973179817199707,3.8664662837982178,2.325359344482422,-5.517330169677734,-4.156778335571289,-7.315434455871582,-8.520406723022461,-8.47553825378418,-7.08213472366333,-8.38707160949707,-6.46547794342041,-5.1855058670043945,-7.735677719116211,-8.781059265136719,-7.489814281463623,-6.620944023132324,-6.348954200744629,-4.353584289550781,-0.4857487082481384,0.07355379313230515,-8.4830961227417,-5.088298320770264,-5.275550365447998,-8.160844802856445,-9.758764266967773,-8.838522911071777,-8.263997077941895,-9.51800537109375,-9.680910110473633,-9.769295692443848,-10.681424140930176,-11.44166088104248,-12.544322967529297,-13.494328498840332,-12.603163719177246
-5.313616752624512,-6.076170444488525,-4.624189853668213,-6.067855358123779,-11.689608573913574,-7.919507026672363,-8.061634063720703,-3.827493667602539,-4.0813493728637695,-1.3512438535690308,-2.190117597579956,-3.578479766845703,-6.498898506164551,-6.0017266273498535,-6.405063629150391,-7.397238731384277,-7.262371063232422,-5.930202960968018,-4.19655179977417,-5.995573043823242,-10.394990921020508,-9.28417682647705,-8.245101928710938,-6.1036601066589355,-5.76643180847168,-4.7036261558532715,2.7746450901031494,-1.8185175657272339,-7.0362443923950195,-2.9373459815979004,-4.097833633422852,-8.0601224899292,-9.24835205078125,-8.62087631225586,-8.566412925720215,-10.743363380432129,-10.198479652404785,-11.92463493347168,-11.758051872253418,-11.659603118896484,-11.995513916015625,-12.374977111816406,-11.791512489318848
-7.217607498168945,-8.374876976013184,-8.108210563659668,-9.648786544799805,-12.325087547302246,-7.292974948883057,-9.286510467529297,-7.174375057220459,-8.272818565368652,-7.288059711456299,-5.717376708984375,-6.478671550750732,-4.1310272216796875,-3.0784037113189697,-4.495814323425293,-8.258834838867188,-8.665268898010254,-4.497447967529297,2.284506320953369,4.2521653175354,-12.000572204589844,-8.360809326171875,-9.5180025100708,-7.407389163970947,-7.397093772888184,-6.671474933624268,3.683697462081909,-3.363734483718872,-6.367915153503418,-5.292788028717041,-4.3333420753479,-7.832309246063232,-8.787239074707031,-9.32240104675293,-7.26383638381958,-9.275362014770508,-8.767923355102539,-10.718588829040527,-10.088461875915527,-9.978681564331055,-9.933673858642578,-10.823033332824707,-11.644705772399902
-7.4697136878967285,-8.930696487426758,-9.347200393676758,-10.868383407592773,-12.54758071899414,-7.881173610687256,-8.881959915161133,-6.716822624206543,-8.63760757446289,-8.377530097961426,-10.030583381652832,-9.608386993408203,-8.53879451751709,-7.146141529083252,-7.746258735656738,-6.8344340324401855,-7.2047858238220215,-4.48823881149292,0.8984332084655762,-1.0496145486831665,-10.385336875915527,-10.6354341506958,-10.065826416015625,-9.613875389099121,-10.848082542419434,-5.669999599456787,4.389046669006348,-4.424176216125488,-7.588879108428955,-3.8209192752838135,-7.069079399108887,-5.703332901000977,-6.495746612548828,-9.406571388244629,-7.822582721710205,-8.314096450805664,-8.575014114379883,-9.492143630981445,-8.815616607666016,-9.258652687072754,-9.479622840881348,-10.223005294799805,-10.296956062316895
