data/wind_data/wind_62_9.json
{"header": {"parameterUnit": "KT", "parameterCategory": 2, "nx": 256, "ny": 198, "lo1": 44.73521041870117, "la1": -3.236724853515625, "lo2": 111.26478576660156, "la2": 43.468475341796875, "dx": 0.2609002888202667, "dy": -0.23708222806453705, "refTime": "2025-02-21 14:00:00", "forecastTime": 0, "parameterNumber": 2, "parameterNumberName": "eastward_wind"}, "data":
[rows 133 to 151 of 198, columns 172 to 214 of 256]
12.575692176818848,12.541009902954102,11.897015571594238,12.016887664794922,13.982185363769531,17.849164962768555,19.31051254272461,18.639245986938477,17.410823822021484,16.41636848449707,15.696622848510742,15.23784065246582,15.040624618530273,14.734347343444824,15.77641773223877,19.10419464111328,20.576168060302734,18.5878849029541,13.899675369262695,13.31808853149414,17.045795440673828,18.77091407775879,16.366580963134766,12.004364967346191,9.965405464172363,9.377349853515625,8.56114387512207,10.940712928771973,14.281916618347168,12.544756889343262,7.6922712326049805,5.26481294631958,2.4334521293640137,-1.6253732442855835,-3.1338963508605957,-2.051971673965454,-1.392378330230713,-2.331798791885376,-2.9880690574645996,-0.8944811224937439,2.786202907562256,6.619743824005127,9.779061317443848
12.814050674438477,13.280303001403809,12.707817077636719,12.34372329711914,13.734576225280762,16.93583869934082,19.060461044311523,18.608604431152344,17.010343551635742,15.504716873168945,14.925703048706055,15.058042526245117,15.469086647033691,15.420900344848633,15.651853561401367,18.144365310668945,20.207374572753906,18.719934463500977,14.201549530029297,11.420601844787598,12.87161922454834,15.903607368469238,17.106019973754883,15.142393112182617,11.789546012878418,8.459040641784668,6.152173042297363,7.60223388671875,12.410909652709961,13.204726219177246,8.734272003173828,4.543100833892822,2.232346534729004,1.129811406135559,1.7181273698806763,1.4936858415603638,-0.81586754322052,-2.959155321121216,-2.838930368423462,0.5099800825119019,5.134976387023926,9.094327926635742,12.780951499938965
12.429119110107422,13.52246379852295,13.871068954467773,13.286953926086426,13.74527359008789,16.323989868164062,19.072181701660156,19.056978225708008,16.355504989624023,13.391180992126465,12.708593368530273,14.089550971984863,16.143396377563477,17.485065460205078,16.752931594848633,17.143150329589844,18.593647003173828,17.14527130126953,13.679412841796875,11.634142875671387,12.09106731414795,14.703030586242676,16.935916900634766,16.979290008544922,14.765544891357422,10.933226585388184,7.25589656829834,7.3509016036987305,10.496338844299316,11.31911849975586,7.055934906005859,1.8488614559173584,-0.25657153129577637,1.4625998735427856,4.492484092712402,5.073413848876953,2.7150020599365234,0.7464762926101685,1.7585961818695068,5.453096389770508,8.510666847229004,10.72994327545166,13.27585506439209
12.005354881286621,13.190448760986328,14.435492515563965,14.208388328552246,13.845602035522461,15.301358222961426,18.257152557373047,18.8232421875,15.578912734985352,11.254597663879395,9.451412200927734,10.84346866607666,14.105958938598633,17.306461334228516,16.977872848510742,15.766916275024414,16.373098373413086,14.979392051696777,11.497318267822266,10.733457565307617,12.800579071044922,15.384666442871094,16.763301849365234,16.803831100463867,15.459061622619629,12.457119941711426,8.429699897766113,6.658198833465576,8.158781051635742,8.792529106140137,5.753213405609131,1.087030291557312,-1.3958905935287476,1.1067934036254883,4.969710826873779,7.208871841430664,7.025115489959717,5.1840925216674805,5.1708855628967285,8.330044746398926,9.515841484069824,10.676645278930664,12.366565704345703
12.513537406921387,13.462209701538086,14.762688636779785,14.702336311340332,14.016495704650879,15.019079208374023,16.798025131225586,17.227617263793945,14.791162490844727,10.914727210998535,8.632856369018555,8.801655769348145,11.13919734954834,14.0829496383667,14.86181640625,13.77502727508545,13.917074203491211,13.04508113861084,9.73673152923584,8.594391822814941,10.878669738769531,13.896918296813965,15.635401725769043,15.13441276550293,14.336318016052246,13.474935531616211,10.139082908630371,5.753818988800049,4.8237810134887695,6.127796649932861,5.770202159881592,2.9283607006073,0.6873963475227356,2.3632609844207764,5.830195903778076,8.695101737976074,8.745692253112793,6.472665309906006,6.933737754821777,9.587652206420898,9.65722942352295,9.733908653259277,11.660100936889648
13.691943168640137,14.360595703125,15.233428001403809,15.335824966430664,14.722047805786133,14.979207992553711,16.245935440063477,15.442231178283691,12.743577003479004,10.82337474822998,9.87131404876709,9.432458877563477,9.752696990966797,11.014235496520996,11.785395622253418,11.51654052734375,11.68337631225586,11.789942741394043,9.816788673400879,8.196995735168457,10.079769134521484,12.360506057739258,14.370556831359863,14.002254486083984,12.752843856811523,13.131219863891602,12.231714248657227,7.587342739105225,3.4205527305603027,2.751925230026245,2.984387159347534,2.1578967571258545,1.7040096521377563,3.50712513923645,5.971975326538086,7.470232009887695,7.068907260894775,7.152183532714844,9.29746150970459,11.445882797241211,10.69729995727539,10.059304237365723,11.298062324523926
15.3639554977417,15.972448348999023,16.24793243408203,16.081079483032227,15.6693754196167,15.819457054138184,16.23235511779785,15.052245140075684,12.408851623535156,10.23265552520752,9.684294700622559,10.008993148803711,10.15181827545166,10.61107349395752,11.747764587402344,11.090653419494629,9.822521209716797,10.00399398803711,9.665009498596191,8.066835403442383,8.235919952392578,9.21104621887207,11.247824668884277,13.495087623596191,12.176172256469727,11.670105934143066,12.162245750427246,10.236908912658691,5.3836894035339355,1.6074059009552002,0.5227353572845459,0.35321658849716187,1.0695346593856812,2.5444977283477783,3.5694963932037354,4.0830254554748535,4.878246307373047,6.6911749839782715,9.390035629272461,11.625789642333984,12.099508285522461,12.203625679016113,11.360807418823242
16.798358917236328,17.800783157348633,17.935928344726562,17.3690185546875,16.772483825683594,16.795316696166992,16.332170486450195,15.88899040222168,14.699003219604492,12.867581367492676,10.868654251098633,9.701887130737305,9.629148483276367,10.163330078125,11.61589527130127,11.5775146484375,9.58242416381836,9.217060089111328,9.530366897583008,7.863358497619629,5.377520561218262,5.355305194854736,7.279543876647949,11.678874969482422,12.167423248291016,11.037283897399902,10.903606414794922,9.914467811584473,6.4995903968811035,3.085536241531372,1.6318962574005127,1.387116551399231,1.3397645950317383,1.6810619831085205,2.25773024559021,3.333268880844116,6.399799823760986,9.199315071105957,9.538549423217773,8.643914222717285,10.451560020446777,12.549349784851074,11.669026374816895
17.59031105041504,18.840576171875,18.935916900634766,18.878122329711914,18.31839370727539,17.65436553955078,16.878135681152344,16.50980567932129,16.55120086669922,15.721323013305664,13.543326377868652,10.9704008102417,9.59190559387207,9.518770217895508,10.590481758117676,10.993165969848633,9.015162467956543,7.995743274688721,8.18168830871582,7.36423921585083,5.503416061401367,4.260524272918701,5.196005344390869,9.180825233459473,11.820934295654297,11.190032958984375,10.44611644744873,9.372369766235352,7.405484676361084,5.732510089874268,4.720932960510254,3.083878993988037,1.504219651222229,1.8697501420974731,3.5260002613067627,6.006471633911133,8.363499641418457,8.305560111999512,7.46734094619751,5.96382474899292,6.237949848175049,9.596237182617188,11.077404022216797
17.253883361816406,18.75884437561035,19.085596084594727,19.434904098510742,19.696928024291992,19.11007308959961,17.62862777709961,16.66122817993164,16.860286712646484,16.631986618041992,15.075896263122559,12.596698760986328,10.75101375579834,10.199594497680664,10.446707725524902,10.399510383605957,8.74904727935791,6.577696323394775,6.118511199951172,6.694865703582764,6.857935428619385,5.611117839813232,4.729816436767578,7.292919158935547,11.248272895812988,11.872135162353516,10.303791046142578,8.01166820526123,6.322204113006592,6.3841118812561035,6.053738117218018,3.788139820098877,2.3526620864868164,3.3135735988616943,5.643072605133057,7.761246204376221,7.295287609100342,5.1561665534973145,4.962255001068115,6.336060047149658,5.93240213394165,6.728342533111572,7.428302764892578
16.102190017700195,17.82066535949707,18.46796417236328,18.91182518005371,19.68873405456543,20.069177627563477,19.080245971679688,17.19392967224121,16.449201583862305,15.656643867492676,14.312135696411133,13.158809661865234,12.528043746948242,12.44717788696289,12.1399564743042,11.007282257080078,8.755812644958496,5.849207401275635,4.394200801849365,4.972257614135742,6.008415222167969,5.603794097900391,4.939122200012207,6.8884735107421875,9.30852222442627,9.701751708984375,8.361068725585938,6.150301456451416,4.253505706787109,3.9342310428619385,3.382735013961792,2.2470967769622803,2.8097565174102783,4.197375297546387,5.173206806182861,5.179230690002441,4.033112525939941,2.5512959957122803,2.701016426086426,5.8763837814331055,8.98470687866211,8.409051895141602,6.827752113342285
14.625297546386719,16.447158813476562,17.571651458740234,18.154184341430664,18.654226303100586,19.34067726135254,20.10384750366211,18.63640022277832,16.380590438842773,14.573469161987305,13.103473663330078,12.108253479003906,12.272274017333984,13.61048698425293,14.367887496948242,13.170339584350586,9.492985725402832,5.543950080871582,3.9619224071502686,3.895535469055176,3.585064649581909,2.4221994876861572,2.9292192459106445,5.825775623321533,6.795668601989746,6.2515411376953125,5.359618186950684,3.8013250827789307,2.2028768062591553,0.854313313961029,0.6288696527481079,1.4558607339859009,2.5375404357910156,4.22970724105835,4.767704963684082,3.467416286468506,2.495229482650757,1.3903299570083618,0.7969735264778137,3.1377289295196533,8.162884712219238,10.788458824157715,9.530784606933594
13.371349334716797,15.29327392578125,16.637479782104492,17.189186096191406,17.423234939575195,18.132293701171875,19.695615768432617,19.495525360107422,17.14275550842285,14.703978538513184,12.75224781036377,11.099808692932129,11.050315856933594,12.742469787597656,14.619307518005371,14.369105339050293,11.17363452911377,7.574655055999756,5.350827693939209,3.728638172149658,1.7337576150894165,-0.49063485860824585,0.6473321914672852,3.7496135234832764,4.311622142791748,3.3580257892608643,2.590973377227783,2.285449743270874,2.1497652530670166,1.8552587032318115,1.2180336713790894,1.0691471099853516,2.302342653274536,3.446054697036743,3.570604085922241,3.0257861614227295,2.526372194290161,1.4709755182266235,1.029636263847351,2.887305736541748,6.821966171264648,11.352605819702148,12.719071388244629
12.877541542053223,14.309839248657227,15.353553771972656,16.359704971313477,17.005996704101562,17.74127769470215,18.482379913330078,18.64043617248535,17.790870666503906,16.16695213317871,14.034485816955566,12.099855422973633,11.451118469238281,12.035775184631348,13.464587211608887,13.820233345031738,12.272419929504395,9.932160377502441,7.086233139038086,3.813659429550171,0.4873063266277313,-1.6474190950393677,-0.34622907638549805,2.366689443588257,3.0436301231384277,1.4046300649642944,0.9202380776405334,2.589735746383667,3.7561349868774414,2.743474245071411,0.5297510623931885,0.01858358085155487,1.9363452196121216,3.2322967052459717,2.7792279720306396,2.5585782527923584,2.7928833961486816,3.0223586559295654,3.0075294971466064,3.762998104095459,5.116356372833252,7.430233955383301,10.977441787719727
13.755825996398926,13.587713241577148,13.145514488220215,14.522887229919434,16.77920150756836,17.96247100830078,18.082706451416016,17.591983795166016,17.4735164642334,17.088436126708984,15.707293510437012,13.83533000946045,12.255378723144531,11.560498237609863,11.868631362915039,12.261065483093262,11.574554443359375,10.120390892028809,7.3833489418029785,3.8274950981140137,0.6685001850128174,-0.9516180157661438,-0.19177503883838654,1.79155433177948,2.3388309478759766,0.3604389429092407,-0.44053852558135986,1.5669729709625244,2.3386106491088867,0.7029650211334229,-1.6054580211639404,-2.6668920516967773,-1.044563889503479,1.225804328918457,2.070953369140625,2.038378953933716,2.085251808166504,2.843175172805786,3.1153039932250977,3.0855560302734375,3.203936815261841,4.719719409942627,8.346393585205078
14.749577522277832,14.150076866149902,12.193236351013184,12.048054695129395,13.865241050720215,15.767322540283203,16.462886810302734,16.40484619140625,16.54366683959961,16.87985610961914,16.583620071411133,14.477542877197266,11.6106538772583,10.083283424377441,10.099385261535645,11.521440505981445,12.173850059509277,10.612310409545898,7.366304397583008,3.5782504081726074,1.535693645477295,0.6969557404518127,-0.32674795389175415,-0.35293442010879517,0.24443484842777252,-0.21781273186206818,-0.6503499150276184,-0.23084872961044312,0.1712186336517334,-0.22742731869220734,-2.376786947250366,-4.043137550354004,-2.431438684463501,0.6478654146194458,2.2166059017181396,1.8189023733139038,0.34049510955810547,-0.6715830564498901,-0.8350450992584229,-0.4230221211910248,1.6306220293045044,4.266270637512207,6.89769983291626
14.305795669555664,15.089871406555176,13.498307228088379,11.629021644592285,11.141097068786621,12.064059257507324,13.72291088104248,14.82249641418457,15.187760353088379,15.575390815734863,16.040245056152344,14.770831108093262,11.911514282226562,9.857245445251465,9.236944198608398,10.380878448486328,11.411256790161133,9.692182540893555,5.8629469871521,2.390395164489746,1.9161080121994019,1.8689204454421997,-0.2501179277896881,-2.0349035263061523,-1.4035799503326416,0.8400776982307434,1.1087478399276733,0.48076331615448,0.6099282503128052,0.31170156598091125,-2.3607003688812256,-4.1255083084106445,-1.4822041988372803,1.8315417766571045,2.5849196910858154,1.4794095754623413,-0.3506127893924713,-2.4756875038146973,-2.9175190925598145,-1.7614312171936035,0.1835012584924698,1.921053171157837,3.72027850151062
12.936015129089355,14.649680137634277,14.768406867980957,12.95150089263916,10.855719566345215,10.169158935546875,11.895490646362305,14.020979881286621,14.671112060546875,14.724530220031738,14.641092300415039,13.554430961608887,11.765166282653809,10.667174339294434,10.126585960388184,10.047628402709961,9.196863174438477,6.656263828277588,3.216470718383789,1.1731668710708618,1.3026788234710693,1.361234426498413,0.29130449891090393,-0.7624012231826782,-0.9110851883888245,0.3822419345378876,0.23497256636619568,0.04016556590795517,0.2028285413980484,-0.6206828355789185,-2.4635164737701416,-3.2021539211273193,-0.7747589945793152,2.150697708129883,2.9781832695007324,1.7917629480361938,0.4204602539539337,-0.49189597368240356,-0.368405818939209,-0.09821981191635132,0.028845252469182014,0.6785555481910706,1.4551945924758911
11.96666145324707,13.747760772705078,14.848563194274902,14.038973808288574,12.025840759277344,10.46003532409668,12.196529388427734,15.325274467468262,16.19758415222168,15.190348625183105,13.699832916259766,12.131392478942871,10.697883605957031,9.73631763458252,9.336007118225098,8.67015552520752,6.692570686340332,4.177609920501709,1.9758814573287964,1.2261710166931152,0.9770047068595886,0.16248540580272675,-0.4078989624977112,-0.043975308537483215,0.5223478078842163,0.4651464819908142,-0.21569357812404633,-0.20645850896835327,-0.822078287601471,-2.7430715560913086,-3.8496932983398438,-3.565019369125366,-1.6846506595611572,0.5877653360366821,1.3708289861679077,0.645989716053009,0.5762895941734314,2.033435344696045,2.4700775146484375,1.3004143238067627,0.15105807781219482,0.11977477371692657,1.3174083232879639
