data/wind_data/wind_12_0.json
{"header": {"parameterUnit": "KT", "parameterCategory": 2, "nx": 255, "ny": 198, "lo1": 44.73521041870117, "la1": -3.236724853515625, "lo2": 111.26478576660156, "la2": 43.468475341796875, "dx": 0.26192745566368103, "dy": -0.23708222806453705, "refTime": "2025-02-19 12:00:00", "forecastTime": 0, "parameterNumber": 3, "parameterNumberName": "northward_wind"}, "data":
[rows 38 to 56 of 198, columns 0 to 42 of 255]
-2.524470090866089,-2.587005376815796,-2.69449520111084,-3.2183420658111572,-4.373290538787842,-4.553199291229248,-4.9495697021484375,-5.023680686950684,-4.965515613555908,-4.613876819610596,-4.3486647605896,-4.37605619430542,-4.497406959533691,-4.21925163269043,-3.9575655460357666,-4.251895427703857,-4.987443923950195,-7.282994270324707,-10.547002792358398,-11.677517890930176,-11.097451210021973,-12.054516792297363,-11.878753662109375,-11.932929992675781,-12.299553871154785,-12.278935432434082,-12.325193405151367,-12.2832612991333,-12.230294227600098,-12.153114318847656,-12.220715522766113,-12.4933500289917,-12.802552223205566,-12.60597038269043,-12.518223762512207,-12.303668022155762,-11.91955852508545,-11.511528968811035,-11.169968605041504,-10.973207473754883,-10.859508514404297,-10.823386192321777,-10.78064250946045
-2.3015363216400146,-2.605001211166382,-2.5426623821258545,-2.8051490783691406,-3.787599802017212,-3.611173152923584,-3.8230714797973633,-3.9007766246795654,-4.059593200683594,-3.8674662113189697,-3.6860406398773193,-3.534144401550293,-3.4286422729492188,-3.2183589935302734,-2.8312196731567383,-2.8791494369506836,-3.6179909706115723,-5.230301856994629,-8.433509826660156,-11.43583869934082,-10.860241889953613,-11.370628356933594,-11.73345947265625,-11.57028865814209,-12.02653980255127,-12.457815170288086,-12.4362211227417,-12.289941787719727,-12.04755973815918,-11.840530395507812,-11.715929985046387,-11.647272109985352,-11.856359481811523,-12.021756172180176,-12.15335464477539,-12.027271270751953,-11.845518112182617,-11.65894603729248,-11.628399848937988,-11.620673179626465,-11.636836051940918,-11.674040794372559,-11.60265827178955
-2.8509838581085205,-3.0361790657043457,-2.727531909942627,-2.6870694160461426,-3.445634126663208,-2.9487128257751465,-3.1527903079986572,-3.2268588542938232,-3.4457008838653564,-3.539041042327881,-3.6777796745300293,-3.495222568511963,-3.12239670753479,-2.760202169418335,-2.5356123447418213,-2.632449150085449,-3.3630263805389404,-4.372542381286621,-6.646142482757568,-9.88642692565918,-10.980744361877441,-10.620575904846191,-11.287322998046875,-11.28120231628418,-11.389856338500977,-11.7722749710083,-11.779276847839355,-11.686910629272461,-11.717119216918945,-11.739171981811523,-11.486263275146484,-11.027154922485352,-10.91256332397461,-11.280985832214355,-11.58057975769043,-11.500319480895996,-11.660799980163574,-11.690789222717285,-11.795855522155762,-11.897163391113281,-12.043225288391113,-12.18478775024414,-12.27079963684082
-3.2801694869995117,-3.289616346359253,-2.911158323287964,-2.8462369441986084,-3.4842755794525146,-3.119549036026001,-3.663001298904419,-3.814347505569458,-3.842024803161621,-3.830714702606201,-4.067373275756836,-4.027790069580078,-3.798666477203369,-3.5991017818450928,-3.4055750370025635,-3.366454601287842,-3.6428349018096924,-3.439664840698242,-4.609549522399902,-7.373513698577881,-10.48131275177002,-10.459638595581055,-10.865201950073242,-11.181431770324707,-11.019389152526855,-10.916935920715332,-10.846635818481445,-10.501077651977539,-10.595521926879883,-10.794072151184082,-10.821147918701172,-10.509395599365234,-10.371740341186523,-10.340118408203125,-10.881577491760254,-10.975634574890137,-11.296030044555664,-11.444428443908691,-11.619975090026855,-11.769688606262207,-11.937947273254395,-12.176965713500977,-12.47014331817627
-2.4788053035736084,-2.738487482070923,-2.7115976810455322,-2.974623203277588,-3.778376817703247,-3.5511767864227295,-4.39472770690918,-4.6536970138549805,-4.801051616668701,-4.570890426635742,-4.611143112182617,-4.906084060668945,-5.063153266906738,-4.968417644500732,-4.445405006408691,-4.0117597579956055,-3.9356849193573,-3.0902371406555176,-3.286079168319702,-5.355282306671143,-9.024041175842285,-11.118460655212402,-11.001766204833984,-11.089574813842773,-11.002361297607422,-10.308751106262207,-10.283720016479492,-9.887064933776855,-9.593011856079102,-9.717830657958984,-9.88719654083252,-9.85354995727539,-9.58763313293457,-9.785374641418457,-10.223209381103516,-10.404267311096191,-10.849817276000977,-11.151490211486816,-11.3799409866333,-11.510340690612793,-11.695561408996582,-11.961786270141602,-12.319482803344727
-1.4504164457321167,-2.0232653617858887,-2.3149571418762207,-2.9149372577667236,-4.088523864746094,-3.854598045349121,-4.687656879425049,-4.918498516082764,-5.461336612701416,-5.763162136077881,-5.727231502532959,-5.975139141082764,-6.135260581970215,-6.236401557922363,-5.938393592834473,-4.723974704742432,-3.6642425060272217,-2.002542018890381,-1.3971340656280518,-3.260769844055176,-7.134167671203613,-11.332051277160645,-11.9710054397583,-10.776893615722656,-11.036454200744629,-10.32207202911377,-9.749199867248535,-9.963616371154785,-9.51970100402832,-9.600523948669434,-9.597593307495117,-9.590469360351562,-9.372444152832031,-9.86985969543457,-10.041943550109863,-9.940707206726074,-10.348016738891602,-10.670287132263184,-10.944852828979492,-11.115019798278809,-11.299049377441406,-11.566353797912598,-11.992018699645996
-1.325460433959961,-1.6101908683776855,-1.999824047088623,-2.6044228076934814,-3.8956410884857178,-4.009892463684082,-4.9939703941345215,-5.180869102478027,-5.45004415512085,-5.748771667480469,-5.646037578582764,-5.4547553062438965,-5.074612140655518,-4.867885589599609,-4.971929550170898,-4.234045028686523,-3.019148588180542,-1.7212198972702026,-1.5571247339248657,-2.8101003170013428,-4.812748432159424,-9.158625602722168,-12.415153503417969,-10.774593353271484,-10.817462921142578,-10.922343254089355,-10.003887176513672,-10.316219329833984,-10.022229194641113,-9.972591400146484,-9.78966999053955,-9.668490409851074,-9.800951957702637,-10.074889183044434,-10.142932891845703,-9.896696090698242,-9.994540214538574,-10.175294876098633,-10.380340576171875,-10.682663917541504,-10.868322372436523,-11.098005294799805,-11.528268814086914
-1.6662007570266724,-1.567893147468567,-1.8309144973754883,-2.2612361907958984,-3.5111377239227295,-4.085875511169434,-5.272996425628662,-5.373878002166748,-4.977987289428711,-4.758571624755859,-4.081596374511719,-3.439845085144043,-2.644766092300415,-1.8515944480895996,-1.5781692266464233,-1.5593512058258057,-1.9520668983459473,-2.812019109725952,-3.429356336593628,-4.141280651092529,-4.347936630249023,-6.369908809661865,-10.675081253051758,-11.802478790283203,-10.51174259185791,-11.208810806274414,-11.141070365905762,-10.785795211791992,-10.797137260437012,-10.456819534301758,-10.070734024047852,-9.985614776611328,-10.23546028137207,-10.424883842468262,-10.377184867858887,-10.145870208740234,-10.016275405883789,-10.136955261230469,-10.189469337463379,-10.454458236694336,-10.662897109985352,-10.805511474609375,-11.02365779876709
-1.9642528295516968,-1.5044773817062378,-1.6380925178527832,-2.5079305171966553,-3.564953565597534,-4.072385311126709,-4.783029556274414,-4.714500427246094,-3.422966241836548,-0.8560905456542969,0.7544043660163879,1.1443425416946411,0.9020059108734131,0.33472877740859985,-0.24345581233501434,-0.5355091094970703,-2.0292627811431885,-3.1550018787384033,-2.9545705318450928,-2.428656816482544,-2.459825277328491,-3.5869412422180176,-7.685933589935303,-12.144902229309082,-10.838160514831543,-10.743563652038574,-11.184515953063965,-10.883087158203125,-11.185219764709473,-10.47685718536377,-9.98613166809082,-10.021903038024902,-10.556370735168457,-10.721084594726562,-10.48081111907959,-10.054987907409668,-9.826834678649902,-9.982827186584473,-10.365987777709961,-10.398456573486328,-10.551483154296875,-10.655950546264648,-10.750811576843262
-1.2574856281280518,-0.3761322498321533,-1.1514275074005127,-2.5085341930389404,-4.100409984588623,-4.29516077041626,-3.8737950325012207,-2.77059268951416,-1.6508570909500122,-0.4221535921096802,0.7692674398422241,1.192352533340454,1.4592788219451904,0.9146632552146912,-0.4785324037075043,-2.355461597442627,-3.467074394226074,-3.6848487854003906,-3.564944267272949,-2.57796573638916,-2.230681896209717,-2.561638355255127,-5.0867438316345215,-9.255391120910645,-11.529614448547363,-9.57327938079834,-10.277298927307129,-10.471857070922852,-10.775713920593262,-10.21043872833252,-9.772988319396973,-9.717705726623535,-10.420831680297852,-10.685002326965332,-10.312313079833984,-9.99512004852295,-9.741223335266113,-9.741718292236328,-10.031760215759277,-10.192309379577637,-10.31131649017334,-10.533670425415039,-10.682686805725098
0.8114071488380432,1.380123257637024,-0.12019599974155426,-1.740012288093567,-3.1899378299713135,-3.067237377166748,-2.2158117294311523,-1.261609435081482,-0.48480743169784546,-0.2684604227542877,-0.7506323456764221,-1.0189988613128662,-0.8215456604957581,-0.6042722463607788,-1.1802884340286255,-2.3470802307128906,-3.0620577335357666,-2.9068615436553955,-2.621730089187622,-2.0845401287078857,-1.6105272769927979,-1.2822719812393188,-2.3067245483398438,-5.381094932556152,-11.785000801086426,-9.116329193115234,-9.340675354003906,-9.675830841064453,-9.804224014282227,-9.801041603088379,-9.498078346252441,-9.42137622833252,-9.614991188049316,-9.991142272949219,-9.602505683898926,-9.667940139770508,-9.622827529907227,-9.633071899414062,-9.82321548461914,-9.975316047668457,-10.004900932312012,-10.155767440795898,-10.216123580932617
0.3428443968296051,-0.04041670262813568,-1.252095341682434,-2.821225166320801,-3.9258944988250732,-3.0577940940856934,-2.5017268657684326,-2.9981627464294434,-0.8883262872695923,0.42422303557395935,0.7990493774414062,-0.8677409887313843,-1.6690541505813599,-2.3837831020355225,-2.4059224128723145,-2.986959218978882,-3.1170549392700195,-3.631131410598755,-3.5996057987213135,-2.896919012069702,-2.1208198070526123,-2.0085501670837402,-2.813863754272461,-5.381566524505615,-10.768864631652832,-9.043191909790039,-8.899240493774414,-9.13366413116455,-8.946157455444336,-8.970803260803223,-8.797062873840332,-8.838885307312012,-8.662569046020508,-8.908636093139648,-8.713447570800781,-8.877440452575684,-9.374971389770508,-9.900735855102539,-10.575119972229004,-10.62913703918457,-9.98564624786377,-9.674010276794434,-9.533409118652344
-4.624223709106445,-5.8537139892578125,-6.261749267578125,-7.426610469818115,-9.400291442871094,-7.002768516540527,-7.312137603759766,-9.448970794677734,-5.274912357330322,0.4738263189792633,1.8622108697891235,0.2910293638706207,-0.24205085635185242,-1.0664931535720825,-2.5069546699523926,-3.1071221828460693,-3.469240427017212,-4.042990207672119,-4.827986717224121,-4.811352729797363,-3.578702688217163,-2.916029453277588,-3.127600908279419,-4.852666854858398,-8.695444107055664,-8.198413848876953,-8.66080093383789,-9.004137992858887,-8.488222122192383,-8.301993370056152,-8.2113676071167,-8.241059303283691,-8.254854202270508,-8.606512069702148,-9.032182693481445,-9.09738540649414,-9.43893051147461,-9.827515602111816,-10.547621726989746,-10.302961349487305,-9.55155086517334,-9.146156311035156,-9.070952415466309
-8.630875587463379,-9.795668601989746,-10.811857223510742,-12.074020385742188,-12.345763206481934,-10.40109634399414,-12.442028999328613,-14.097777366638184,-9.605555534362793,1.6338797807693481,3.9117891788482666,0.2908380925655365,0.05217774212360382,-1.4870325326919556,-3.0954740047454834,-3.8426387310028076,-4.1575798988342285,-3.944014310836792,-3.6140308380126953,-3.980726480484009,-3.9467172622680664,-2.612910032272339,-1.899456262588501,-2.598329782485962,-5.124234199523926,-7.88835334777832,-7.843564033508301,-8.713859558105469,-8.209723472595215,-7.915107250213623,-8.182693481445312,-8.222725868225098,-8.377079010009766,-8.952887535095215,-10.036303520202637,-10.101846694946289,-9.322665214538574,-8.786149978637695,-8.855804443359375,-8.635821342468262,-8.655205726623535,-8.660977363586426,-8.540639877319336
-8.669808387756348,-10.213201522827148,-11.84580135345459,-13.050986289978027,-11.453887939453125,-10.615238189697266,-12.3519868850708,-13.887977600097656,-12.32022476196289,-5.015298843383789,3.0520033836364746,2.712508201599121,1.8933724164962769,-0.697962760925293,-2.299276113510132,-3.2560346126556396,-3.0469629764556885,-2.3427717685699463,-0.8537071943283081,-0.05050390958786011,-0.8580266237258911,-1.4603127241134644,-0.2574387788772583,-0.22377677261829376,-2.2705483436584473,-8.585803985595703,-7.145172119140625,-8.042489051818848,-7.942841529846191,-7.796066761016846,-8.469219207763672,-8.413476943969727,-8.475462913513184,-8.904389381408691,-9.800049781799316,-9.829513549804688,-8.711368560791016,-7.883804798126221,-7.6941938400268555,-7.560999870300293,-7.55021333694458,-7.600404739379883,-7.495689868927002
-7.468104362487793,-8.92555046081543,-9.98656940460205,-11.006997108459473,-9.701505661010742,-9.514619827270508,-10.13306713104248,-13.524937629699707,-14.348722457885742,-12.008403778076172,-6.002021312713623,-2.0495522022247314,-2.815697193145752,-3.309110403060913,-3.1357035636901855,-4.225139617919922,-5.43700647354126,-3.441263437271118,3.7805769443511963,4.03668212890625,0.6809388399124146,-1.2134661674499512,-1.1742885112762451,-1.8050057888031006,-3.889150619506836,-7.782369136810303,-7.166011810302734,-7.460152626037598,-7.636541366577148,-7.641361713409424,-8.22884750366211,-8.188766479492188,-8.131149291992188,-8.301413536071777,-8.60709285736084,-8.652725219726562,-8.283217430114746,-7.77264404296875,-7.338733196258545,-6.975535869598389,-6.651614189147949,-6.566689491271973,-6.560248851776123
-5.955447196960449,-6.413832664489746,-7.306912422180176,-8.030732154846191,-6.67530632019043,-6.918362617492676,-8.955946922302246,-11.694600105285645,-12.918269157409668,-11.82663345336914,-10.49538803100586,-9.990541458129883,-9.626001358032227,-9.243317604064941,-8.231184005737305,-9.409507751464844,-11.502096176147461,-11.969083786010742,-2.5822372436523438,4.279155731201172,-0.06491898000240326,-1.2809629440307617,-1.4763236045837402,-2.410325527191162,-4.897416591644287,-7.063854217529297,-6.639579772949219,-6.988526821136475,-7.025620937347412,-6.9928998947143555,-7.081806659698486,-7.149616718292236,-7.071432590484619,-7.125339508056641,-7.444617748260498,-7.7651166915893555,-8.07565689086914,-7.919496059417725,-7.2830705642700195,-6.787068843841553,-6.520750999450684,-6.2421464920043945,-5.985086441040039
-4.916110038757324,-5.148099422454834,-5.744884014129639,-7.046774864196777,-8.10074520111084,-7.492023944854736,-9.11274528503418,-9.605406761169434,-9.499972343444824,-9.092511177062988,-7.735660552978516,-8.079803466796875,-8.232256889343262,-8.435992240905762,-8.963007926940918,-9.345463752746582,-11.199179649353027,-13.947413444519043,-11.339103698730469,-2.507516622543335,-3.5862178802490234,-3.4116227626800537,3.518589496612549,0.6118927001953125,-3.3249573707580566,-6.539956092834473,-5.770942687988281,-5.7540435791015625,-5.880589962005615,-6.068593978881836,-5.9203667640686035,-5.99498176574707,-6.097224235534668,-6.359653949737549,-6.694950103759766,-7.112606048583984,-7.3680806159973145,-7.257808685302734,-7.133277893066406,-7.002252101898193,-6.8991851806640625,-6.447897911071777,-5.837780475616455
-4.265599250793457,-4.6352925300598145,-5.24210786819458,-6.6124773025512695,-8.636811256408691,-8.605483055114746,-9.278419494628906,-9.084712982177734,-8.727921485900879,-7.941087245941162,-7.5102152824401855,-7.061514854431152,-6.445621490478516,-5.439329624176025,-4.918256759643555,-5.122588157653809,-7.796802997589111,-10.8440523147583,-10.708919525146484,-7.8554558753967285,-9.307110786437988,-11.28750991821289,1.746253490447998,1.772805094718933,-1.3587905168533325,-4.460051536560059,-4.583400726318359,-4.491936206817627,-4.756314277648926,-4.617778778076172,-4.486961364746094,-4.893085956573486,-5.204372406005859,-5.588561058044434,-5.794508934020996,-5.904317378997803,-6.012092113494873,-6.320247650146484,-6.481741428375244,-6.732546329498291,-7.016956329345703,-7.06553840637207,-6.394063472747803
