data/wind_data/wind_41_0.json
{"header": {"parameterUnit": "KT", "parameterCategory": 2, "nx": 255, "ny": 198, "lo1": 44.73521041870117, "la1": -3.236724853515625, "lo2": 111.26478576660156, "la2": 43.468475341796875, "dx": 0.26192745566368103, "dy": -0.23708222806453705, "refTime": "2025-02-20 17:00:00", "forecastTime": 0, "parameterNumber": 3, "parameterNumberName": "northward_wind"}, "data":
[rows 76 to 94 of 198, columns 86 to 128 of 255]
-7.4656243324279785,-7.806006908416748,-8.5708589553833,-9.10978889465332,-9.622417449951172,-10.066974639892578,-10.31283950805664,-10.52643871307373,-10.563858985900879,-10.746950149536133,-11.194344520568848,-11.705662727355957,-12.322006225585938,-12.707338333129883,-12.708818435668945,-12.704049110412598,-13.206674575805664,-13.494227409362793,-13.171883583068848,-12.861372947692871,-12.51384449005127,-11.759223937988281,-11.772984504699707,-8.691106796264648,-2.4010794162750244,-4.165931701660156,-4.7314066886901855,-3.046445846557617,-0.33793702721595764,0.6976022720336914,-4.369987964630127,-4.58612060546875,-4.813625812530518,-3.936763286590576,-1.409820556640625,1.0250986814498901,3.1070878505706787,3.8112597465515137,4.177979469299316,5.890710353851318,6.107588291168213,5.434010982513428,4.891132354736328
-7.154941082000732,-7.396155834197998,-8.257150650024414,-9.078869819641113,-9.745418548583984,-10.468743324279785,-10.767470359802246,-11.045693397521973,-11.022464752197266,-11.197465896606445,-11.730640411376953,-12.181882858276367,-12.558538436889648,-12.713454246520996,-12.515961647033691,-12.63313102722168,-13.026981353759766,-13.47081184387207,-13.38430404663086,-13.231053352355957,-12.510663986206055,-12.049595832824707,-12.023228645324707,-7.186628818511963,-3.401193857192993,-5.627295970916748,-5.405165195465088,-3.314800500869751,0.22830963134765625,-4.451124668121338,-5.9986371994018555,-5.658553123474121,-5.446114540100098,-3.509195566177368,-1.6664459705352783,-0.3212163746356964,1.157730221748352,1.2549726963043213,1.3618524074554443,2.0690255165100098,3.6258392333984375,4.766495227813721,4.679868698120117
-7.080989837646484,-7.364429950714111,-7.956820964813232,-8.833179473876953,-9.664889335632324,-10.377768516540527,-11.031634330749512,-11.195138931274414,-11.499368667602539,-11.74036693572998,-12.10239028930664,-12.504204750061035,-12.563522338867188,-12.585627555847168,-12.705705642700195,-13.154925346374512,-13.505464553833008,-13.830608367919922,-13.836396217346191,-13.677850723266602,-12.570321083068848,-12.328174591064453,-11.612356185913086,-4.474082946777344,-4.007576942443848,-6.50468111038208,-6.156979560852051,-3.0585837364196777,-3.3067002296447754,-5.626563549041748,-5.454226970672607,-4.736117362976074,-4.229198455810547,-3.236598253250122,-3.1384761333465576,-3.2477259635925293,-2.304018497467041,-2.244809865951538,-1.6435142755508423,-0.8648912310600281,0.8848263025283813,3.6528332233428955,5.227368354797363
-6.929003715515137,-7.26433801651001,-7.569105625152588,-8.3933744430542,-9.199769973754883,-9.738629341125488,-10.690314292907715,-10.977298736572266,-11.55936336517334,-11.82732105255127,-12.16411304473877,-12.680810928344727,-12.458544731140137,-12.412341117858887,-12.678542137145996,-13.27829647064209,-13.484810829162598,-13.655170440673828,-13.773746490478516,-13.689508438110352,-12.549304962158203,-12.078824043273926,-10.812873840332031,-2.648160457611084,-3.4634532928466797,-5.324446678161621,-5.172477722167969,-3.310040235519409,-3.490736246109009,-3.207629919052124,-2.5230681896209717,-2.840574264526367,-3.6566667556762695,-4.170042037963867,-4.707594871520996,-5.1479034423828125,-5.022910118103027,-4.54979133605957,-3.157372236251831,-1.7102800607681274,0.20331278443336487,2.492061138153076,5.216207981109619
-6.555849075317383,-6.713332653045654,-7.060082912445068,-7.642427921295166,-8.399609565734863,-8.853190422058105,-9.581140518188477,-10.277737617492676,-11.06792163848877,-11.396900177001953,-12.004413604736328,-12.508910179138184,-12.455244064331055,-12.333731651306152,-12.534677505493164,-12.761826515197754,-12.784521102905273,-13.066282272338867,-13.477129936218262,-13.737530708312988,-12.873580932617188,-12.154253005981445,-10.553003311157227,-3.5243027210235596,-4.4447503089904785,-5.442784786224365,-3.838921546936035,-2.133361339569092,-0.0034068168606609106,0.3303776681423187,0.05149087682366371,-1.2711801528930664,-2.839991807937622,-4.287106513977051,-5.4265360832214355,-5.900972366333008,-5.823448657989502,-5.684441089630127,-5.382154941558838,-4.4454240798950195,-1.2688709497451782,2.2063167095184326,3.216653823852539
-6.08408784866333,-6.080411434173584,-6.355993270874023,-6.917153358459473,-7.4197492599487305,-7.993137836456299,-8.388236999511719,-9.283554077148438,-9.959991455078125,-10.389445304870605,-11.111271858215332,-11.630647659301758,-12.0535249710083,-12.44041919708252,-12.513312339782715,-12.3432035446167,-12.280659675598145,-12.747882843017578,-13.430510520935059,-13.845060348510742,-13.354635238647461,-13.025679588317871,-10.207416534423828,-4.647784233093262,-6.408397197723389,-6.192383766174316,-2.2789974212646484,0.6412299275398254,1.330731749534607,1.5298051834106445,-0.8923455476760864,-1.7027901411056519,-2.7996692657470703,-3.89481258392334,-5.539005279541016,-5.524618625640869,-5.833215236663818,-5.871783256530762,-5.85565710067749,-5.710935115814209,-4.326109409332275,1.1414730548858643,2.593348503112793
-5.816945552825928,-5.755650043487549,-5.747193813323975,-6.360268592834473,-6.726077556610107,-7.327709674835205,-7.693062782287598,-8.36284351348877,-8.863367080688477,-9.339258193969727,-9.963483810424805,-10.347395896911621,-11.286686897277832,-12.295012474060059,-12.837191581726074,-12.694725036621094,-12.495340347290039,-12.865681648254395,-13.46911907196045,-13.902694702148438,-13.839534759521484,-13.921896934509277,-9.208386421203613,-4.666655540466309,-5.610938549041748,-5.538501739501953,-1.1528769731521606,0.09072299301624298,0.07949477434158325,-1.2830183506011963,-3.822911262512207,-3.2965121269226074,-4.543092250823975,-4.0010666847229,-4.154583930969238,-4.603217124938965,-4.967311382293701,-4.706416606903076,-4.957939147949219,-4.8313117027282715,-4.07042932510376,-3.098468780517578,0.8112258911132812
-5.819272041320801,-5.748602867126465,-5.719539642333984,-6.16265344619751,-6.597375869750977,-7.101987361907959,-7.490506649017334,-7.885193347930908,-8.14163589477539,-8.578608512878418,-9.005871772766113,-9.362632751464844,-10.431161880493164,-11.777237892150879,-12.602985382080078,-13.23691177368164,-12.935425758361816,-12.93025016784668,-13.275449752807617,-13.817014694213867,-14.1102933883667,-14.173266410827637,-6.171792030334473,-5.847072124481201,-5.715545177459717,-4.442682266235352,-1.0699760913848877,-3.7385735511779785,-3.686182737350464,-5.2547478675842285,-5.624040603637695,-4.6493401527404785,-4.914040565490723,-5.176513195037842,-4.092660903930664,-3.676478147506714,-3.579854726791382,-3.179763078689575,-2.971480369567871,-3.204101800918579,-1.7775180339813232,-4.172033309936523,-3.409588575363159
-5.725677967071533,-5.707884311676025,-5.8201165199279785,-6.1849164962768555,-6.659666538238525,-7.412035942077637,-7.793549537658691,-8.107989311218262,-8.090869903564453,-8.291582107543945,-8.447355270385742,-8.775099754333496,-9.794690132141113,-11.01455020904541,-11.941513061523438,-12.9408540725708,-13.348211288452148,-12.4732084274292,-12.706962585449219,-13.430253028869629,-13.995152473449707,-13.492344856262207,-6.146395683288574,-7.650493621826172,-6.501791954040527,-4.135162353515625,-1.9651581048965454,-5.794345855712891,-5.370978832244873,-6.649626731872559,-6.4886155128479,-6.1402130126953125,-5.460265159606934,-5.74139928817749,-5.180060863494873,-4.496179103851318,-2.7753331661224365,-2.5354578495025635,-2.2390711307525635,-2.436391830444336,-0.9243744015693665,-2.3054723739624023,-2.2093875408172607
-5.328824520111084,-5.320326805114746,-5.530797481536865,-6.008319854736328,-6.778522491455078,-7.84096097946167,-8.386242866516113,-8.679911613464355,-8.470260620117188,-8.291872024536133,-8.118659973144531,-8.265195846557617,-9.124953269958496,-10.209612846374512,-11.11173152923584,-12.144662857055664,-12.900424003601074,-11.954007148742676,-12.157927513122559,-13.026762962341309,-13.82957935333252,-12.808732986450195,-5.4753899574279785,-6.091541290283203,-5.496635437011719,-4.074357986450195,-5.096191883087158,-6.733067512512207,-6.671099662780762,-7.518151760101318,-6.683712005615234,-6.053282260894775,-5.445556163787842,-5.101149559020996,-3.89115834236145,-3.7951881885528564,-1.7272709608078003,-1.4539365768432617,-1.6255476474761963,-2.4689791202545166,-2.534339666366577,-1.834284782409668,-0.588747501373291
-4.879460334777832,-4.924723148345947,-5.1777849197387695,-5.854443073272705,-6.880441188812256,-7.978255748748779,-8.656255722045898,-8.879704475402832,-8.802685737609863,-8.385601043701172,-7.778524398803711,-7.633257865905762,-8.26538372039795,-9.171744346618652,-9.975030899047852,-10.846746444702148,-11.965682983398438,-11.286372184753418,-11.860715866088867,-12.73071002960205,-13.55628490447998,-12.94841480255127,-5.003414154052734,-3.5364696979522705,-1.0369040966033936,-3.753187894821167,-6.849255561828613,-6.990461349487305,-6.990670204162598,-6.652410984039307,-6.010051250457764,-5.312690734863281,-4.005823135375977,-3.495053768157959,-2.695347785949707,-3.621718168258667,-3.834517240524292,-4.096899032592773,-4.37699556350708,-5.254491806030273,-5.915709018707275,-5.19888973236084,-4.412577152252197
-4.649494171142578,-4.845352649688721,-5.194734573364258,-6.104515552520752,-6.986059665679932,-7.856500625610352,-8.28973388671875,-8.47518539428711,-8.755081176757812,-8.368722915649414,-7.422727584838867,-6.779079914093018,-7.14565372467041,-7.4817609786987305,-8.153788566589355,-9.192865371704102,-10.781789779663086,-10.47702407836914,-10.679471969604492,-11.871861457824707,-12.869540214538574,-12.855274200439453,-5.3294196128845215,-1.7433488368988037,0.2411661446094513,-3.540193796157837,-6.383716106414795,-6.2035369873046875,-5.802901268005371,-5.119322776794434,-5.157609939575195,-4.385147571563721,-4.2724928855896,-5.038214683532715,-4.4428606033325195,-5.190210342407227,-5.792329788208008,-6.116726875305176,-6.299405574798584,-6.621170520782471,-6.684478282928467,-6.7395148277282715,-6.688039302825928
-4.789867401123047,-5.136309623718262,-5.674012184143066,-6.623753070831299,-7.189090728759766,-7.686153888702393,-7.85089635848999,-7.925908088684082,-8.154102325439453,-7.609577178955078,-6.490439414978027,-5.62504768371582,-5.837718963623047,-5.739675998687744,-6.45570707321167,-7.740659236907959,-9.084617614746094,-9.691883087158203,-9.58324909210205,-10.513237953186035,-11.87611198425293,-11.47221851348877,-6.04083776473999,-4.301441192626953,-4.300351619720459,-5.560932636260986,-5.6065192222595215,-5.978439807891846,-5.102152347564697,-4.910706043243408,-5.470448970794678,-6.0309038162231445,-6.111745357513428,-6.3578691482543945,-6.075432777404785,-5.888085842132568,-6.226011276245117,-6.38037633895874,-6.431252956390381,-5.942098140716553,-5.0237040519714355,-5.420479774475098,-5.365217208862305
-5.226781845092773,-5.5969061851501465,-6.218057632446289,-6.880373477935791,-7.189863681793213,-7.598979949951172,-7.846525192260742,-7.650354862213135,-7.307180404663086,-6.640529155731201,-5.5505475997924805,-4.789481163024902,-4.635739326477051,-4.700028419494629,-5.659687042236328,-6.7837114334106445,-7.780176162719727,-8.775603294372559,-8.975674629211426,-9.426179885864258,-10.596556663513184,-6.5892720222473145,-6.648012161254883,-8.11241626739502,-7.8666863441467285,-5.570146560668945,-5.367915630340576,-5.709314346313477,-6.004826545715332,-6.668641090393066,-7.171309471130371,-8.205779075622559,-7.987737655639648,-7.149656295776367,-6.6391072273254395,-6.501745223999023,-6.964179992675781,-6.952591419219971,-6.363323211669922,-5.265364646911621,-3.917996883392334,-3.319544792175293,-2.627037525177002
-5.591821193695068,-5.887173652648926,-6.254971027374268,-6.694815158843994,-6.95429801940918,-7.476088523864746,-7.908256530761719,-7.938846111297607,-8.033554077148438,-7.644402027130127,-7.0893874168396,-5.343430042266846,-4.229850769042969,-4.372440814971924,-5.128087043762207,-5.961066246032715,-6.941757678985596,-7.804073333740234,-8.455880165100098,-8.565010070800781,-9.545397758483887,-6.0094146728515625,-6.154672622680664,-7.1938581466674805,-6.359734058380127,-5.9447102546691895,-6.033722877502441,-5.5983662605285645,-6.131143093109131,-6.696237564086914,-6.930969715118408,-7.407426834106445,-7.668699264526367,-7.212795257568359,-6.54649543762207,-6.209714889526367,-6.773046493530273,-6.2057061195373535,-6.065141677856445,-5.175981044769287,-3.82912278175354,-3.159815788269043,-2.9242262840270996
-5.669863224029541,-5.924069404602051,-6.041863441467285,-6.472898483276367,-6.780403137207031,-7.2688775062561035,-8.075557708740234,-8.792189598083496,-9.56253433227539,-9.908695220947266,-10.042396545410156,-7.69116735458374,-5.7463765144348145,-4.546108722686768,-4.156033992767334,-4.6516289710998535,-5.660985469818115,-6.797799110412598,-7.600037574768066,-7.518819808959961,-8.627084732055664,-6.4103193283081055,-4.753774642944336,-4.9514617919921875,-5.3873138427734375,-6.0667805671691895,-6.274137496948242,-6.318520545959473,-4.65075159072876,-4.306482791900635,-4.6689982414245605,-5.302037239074707,-6.621671199798584,-6.357336521148682,-6.30024528503418,-5.191953659057617,-4.362277984619141,-4.027799606323242,-4.733182430267334,-4.819697856903076,-4.007134437561035,-3.797142267227173,-4.151880264282227
-5.631897449493408,-5.799102783203125,-5.845158576965332,-6.315485000610352,-6.718243598937988,-7.371410369873047,-8.383421897888184,-9.157479286193848,-9.711669921875,-11.06728744506836,-11.404327392578125,-10.257150650024414,-7.82848596572876,-4.41169548034668,-2.406782865524292,-2.7176172733306885,-4.133266925811768,-5.513180732727051,-6.340618133544922,-6.302514553070068,-8.107207298278809,-8.09205150604248,-3.921924591064453,-3.7628445625305176,-4.557567119598389,-6.144824028015137,-6.516875267028809,-6.029251575469971,-3.9461536407470703,-1.7604140043258667,-0.8910069465637207,-1.1935341358184814,-2.309849500656128,-2.3437721729278564,-2.104426860809326,-1.4134504795074463,-1.066929817199707,-1.3615928888320923,-2.9001994132995605,-4.355432033538818,-4.070530891418457,-3.6331546306610107,-3.2853801250457764
-5.530307769775391,-5.5590667724609375,-5.573606967926025,-6.084822177886963,-6.607014179229736,-7.521135330200195,-8.30695629119873,-8.887541770935059,-9.811979293823242,-11.202062606811523,-11.052802085876465,-10.13476848602295,-8.333402633666992,-4.5517401695251465,-1.8532437086105347,-1.8654330968856812,-3.3428733348846436,-4.578141212463379,-4.95472526550293,-5.595871925354004,-7.514174938201904,-8.42818546295166,-4.1404337882995605,-2.4866228103637695,-2.3488402366638184,-4.338675022125244,-5.559937477111816,-5.231058597564697,-4.3203277587890625,-2.7155447006225586,-0.7016117572784424,0.42261385917663574,0.29939302802085876,0.6755562424659729,1.0849641561508179,0.13676710426807404,-2.1631624698638916,-2.8378844261169434,-3.779649019241333,-4.473084926605225,-4.643459796905518,-3.8666138648986816,-3.1945691108703613
-5.220223426818848,-5.342724323272705,-5.526619911193848,-6.046328544616699,-6.479024887084961,-7.369469165802002,-7.899542808532715,-8.605436325073242,-9.945671081542969,-10.484134674072266,-9.613204002380371,-7.543593883514404,-5.522686958312988,-5.012927532196045,-3.1121702194213867,-2.270183801651001,-3.3645434379577637,-4.553879261016846,-4.283911228179932,-5.0712690353393555,-6.503225326538086,-7.285322189331055,-5.994184970855713,-3.472475051879883,-0.7718722224235535,-0.5318915843963623,-2.376741409301758,-3.6262850761413574,-3.1803078651428223,-3.1084823608398438,-3.818390369415283,-4.4549946784973145,-4.838603973388672,-3.238224744796753,-1.3365092277526855,-3.0809690952301025,-5.486284255981445,-6.045003414154053,-6.346362590789795,-6.395418643951416,-6.063606262207031,-5.071035385131836,-5.0602545738220215
