data/wind_data/wind_28_4.json
{"header": {"parameterUnit": "KT", "parameterCategory": 2, "nx": 256, "ny": 198, "lo1": 44.73521041870117, "la1": -3.236724853515625, "lo2": 111.26478576660156, "la2": 43.468475341796875, "dx": 0.2609002888202667, "dy": -0.23708222806453705, "refTime": "2025-02-20 04:00:00", "forecastTime": 0, "parameterNumber": 2, "parameterNumberName": "eastward_wind"}, "data":
[rows 38 to 56 of 198, columns 0 to 43 of 256]
-14.862238883972168,-15.734107971191406,-17.279481887817383,-18.708560943603516,-20.311683654785156,-20.728147506713867,-19.343128204345703,-18.725540161132812,-19.101154327392578,-19.58600616455078,-19.867895126342773,-20.128681182861328,-20.55746841430664,-20.746383666992188,-20.400846481323242,-19.959821701049805,-19.879894256591797,-19.98378562927246,-19.829355239868164,-19.38688087463379,-18.794260025024414,-18.36181640625,-18.09432029724121,-18.103403091430664,-18.389469146728516,-18.677122116088867,-18.969615936279297,-19.115074157714844,-19.128986358642578,-18.82517433166504,-18.580659866333008,-18.578344345092773,-18.841279983520508,-18.88355255126953,-18.695005416870117,-18.428325653076172,-18.46538734436035,-18.647462844848633,-18.82933807373047,-18.878679275512695,-18.832761764526367,-18.82857894897461,-18.937660217285156,-19.14459991455078
-14.492437362670898,-15.297025680541992,-16.188383102416992,-17.7520751953125,-19.564781188964844,-20.231016159057617,-19.35161781311035,-18.153038024902344,-17.758167266845703,-18.061315536499023,-18.587114334106445,-19.235427856445312,-19.918176651000977,-20.213186264038086,-19.80816650390625,-19.30463981628418,-19.31829261779785,-19.484975814819336,-19.402101516723633,-18.990528106689453,-18.320072174072266,-17.741806030273438,-17.325834274291992,-17.40060043334961,-17.654510498046875,-18.043319702148438,-18.37928581237793,-18.373493194580078,-18.515625,-18.275049209594727,-18.011409759521484,-17.91936683654785,-18.2729549407959,-18.326290130615234,-18.31206703186035,-18.21893882751465,-18.34840965270996,-18.664995193481445,-18.848356246948242,-18.867488861083984,-18.741018295288086,-18.672691345214844,-18.747421264648438,-18.941682815551758
-14.941081047058105,-14.96738052368164,-14.919638633728027,-16.446550369262695,-18.25621795654297,-19.225378036499023,-18.886857986450195,-17.768062591552734,-16.766454696655273,-16.64389991760254,-17.15159034729004,-17.988121032714844,-18.821931838989258,-19.33618927001953,-19.160558700561523,-18.632326126098633,-18.536813735961914,-18.82005500793457,-18.891490936279297,-18.50090789794922,-17.80982208251953,-17.127660751342773,-16.625625610351562,-16.679306030273438,-16.968963623046875,-17.412372589111328,-17.694799423217773,-17.593421936035156,-17.623455047607422,-17.507400512695312,-17.360071182250977,-17.335845947265625,-17.54578399658203,-17.589725494384766,-17.63799285888672,-17.688825607299805,-17.923917770385742,-18.315628051757812,-18.568756103515625,-18.544546127319336,-18.4161376953125,-18.31008529663086,-18.337013244628906,-18.580533981323242
-15.09511947631836,-14.260255813598633,-13.646523475646973,-15.168181419372559,-17.002004623413086,-17.984394073486328,-17.832813262939453,-17.125186920166016,-15.938451766967773,-15.427302360534668,-15.955596923828125,-16.662763595581055,-17.383398056030273,-18.146703720092773,-18.368928909301758,-18.013797760009766,-17.948984146118164,-18.207599639892578,-18.20689582824707,-17.794157028198242,-17.15470314025879,-16.598596572875977,-16.24012565612793,-15.952840805053711,-16.23725128173828,-16.524932861328125,-16.79372215270996,-16.86473846435547,-16.816699981689453,-16.475797653198242,-16.526979446411133,-16.619382858276367,-16.695987701416016,-16.769826889038086,-16.833412170410156,-17.084592819213867,-17.19407844543457,-17.525339126586914,-17.906415939331055,-18.060039520263672,-17.981407165527344,-17.909080505371094,-17.876813888549805,-17.98570442199707
-14.889464378356934,-13.789484977722168,-12.911494255065918,-14.065191268920898,-15.797389030456543,-16.730810165405273,-16.712322235107422,-16.124361038208008,-14.888960838317871,-14.136073112487793,-14.809327125549316,-15.458740234375,-15.987762451171875,-16.877784729003906,-17.509063720703125,-17.437253952026367,-17.371728897094727,-17.434341430664062,-17.197776794433594,-16.76557159423828,-16.42765998840332,-16.16546630859375,-15.821342468261719,-15.238987922668457,-15.343453407287598,-15.462456703186035,-15.767053604125977,-15.967357635498047,-15.941160202026367,-15.311817169189453,-15.485450744628906,-15.573531150817871,-15.779955863952637,-15.805421829223633,-16.183757781982422,-16.380346298217773,-16.457551956176758,-16.697402954101562,-16.991979598999023,-17.29496955871582,-17.326459884643555,-17.376220703125,-17.278207778930664,-17.29857635498047
-14.730792045593262,-13.57790756225586,-12.549942970275879,-12.846400260925293,-14.057031631469727,-15.386200904846191,-15.688542366027832,-15.160961151123047,-13.827475547790527,-12.860799789428711,-13.479269981384277,-14.34383487701416,-14.967658996582031,-15.92582893371582,-16.774593353271484,-16.961400985717773,-16.700462341308594,-16.231130599975586,-15.7595853805542,-15.500475883483887,-15.52404499053955,-15.507320404052734,-15.004671096801758,-14.405827522277832,-14.279060363769531,-14.532733917236328,-14.847358703613281,-14.633546829223633,-14.697341918945312,-14.215335845947266,-14.307579040527344,-14.527626037597656,-14.824943542480469,-14.762088775634766,-15.057051658630371,-15.384539604187012,-15.793928146362305,-15.968164443969727,-16.26091194152832,-16.54574966430664,-16.550785064697266,-16.50497817993164,-16.46184730529785,-16.69082260131836
-14.86921501159668,-13.77481460571289,-12.592889785766602,-11.757845878601074,-12.19582462310791,-14.07589340209961,-14.59461498260498,-14.3497314453125,-12.961191177368164,-11.836654663085938,-12.232891082763672,-13.150237083435059,-14.081997871398926,-15.216485977172852,-16.125911712646484,-16.340198516845703,-15.898382186889648,-15.18136215209961,-14.594460487365723,-14.363069534301758,-14.43527603149414,-14.39012622833252,-13.841525077819824,-13.13335132598877,-13.048940658569336,-13.59341812133789,-13.549788475036621,-13.320829391479492,-13.640463829040527,-13.381867408752441,-13.362407684326172,-13.593330383300781,-13.765470504760742,-13.845301628112793,-13.758834838867188,-14.000269889831543,-14.584083557128906,-15.114218711853027,-15.442865371704102,-15.555809020996094,-15.614121437072754,-15.71898365020752,-15.60882568359375,-15.624387741088867
-14.768295288085938,-14.514288902282715,-12.881693840026855,-11.097994804382324,-10.949604034423828,-13.139374732971191,-13.859329223632812,-13.639616012573242,-12.102407455444336,-11.142560005187988,-11.54984188079834,-12.217748641967773,-13.085976600646973,-14.281366348266602,-15.284156799316406,-15.398004531860352,-14.847162246704102,-14.470752716064453,-14.302735328674316,-13.987882614135742,-13.66991901397705,-13.413350105285645,-12.995796203613281,-12.466629981994629,-12.230201721191406,-12.314664840698242,-12.554438591003418,-12.19694709777832,-12.063491821289062,-12.541647911071777,-12.707756996154785,-12.79287052154541,-13.118210792541504,-13.012603759765625,-12.666202545166016,-12.61855411529541,-13.105531692504883,-13.764447212219238,-14.185617446899414,-14.406970977783203,-14.653504371643066,-14.902372360229492,-14.803499221801758,-14.605814933776855
-14.190287590026855,-14.346774101257324,-12.93783950805664,-10.68588638305664,-9.934589385986328,-12.628898620605469,-13.527398109436035,-13.113334655761719,-11.419376373291016,-10.596247673034668,-10.996100425720215,-11.595415115356445,-12.223681449890137,-13.253724098205566,-14.275166511535645,-14.341073989868164,-14.034794807434082,-14.440744400024414,-14.650036811828613,-14.051997184753418,-13.496602058410645,-13.154780387878418,-12.671516418457031,-12.164850234985352,-11.871711730957031,-11.765847206115723,-11.822937965393066,-11.57762336730957,-11.218207359313965,-11.414705276489258,-11.900275230407715,-11.9525146484375,-12.459088325500488,-12.381392478942871,-11.893365859985352,-11.738292694091797,-11.908517837524414,-12.383727073669434,-12.770735740661621,-13.113033294677734,-13.455429077148438,-13.929898262023926,-14.179566383361816,-14.016037940979004
-13.141565322875977,-13.629427909851074,-12.553182601928711,-10.115419387817383,-8.66811752319336,-11.858708381652832,-12.542675971984863,-12.473310470581055,-11.104148864746094,-10.306817054748535,-10.589614868164062,-11.158863067626953,-11.666226387023926,-12.269867897033691,-12.795680046081543,-12.85111141204834,-13.555744171142578,-14.926189422607422,-14.932402610778809,-13.7532320022583,-13.274843215942383,-13.240744590759277,-12.718504905700684,-11.964653968811035,-11.728628158569336,-11.856508255004883,-11.76280689239502,-11.543822288513184,-11.2293701171875,-10.942903518676758,-11.169981956481934,-11.275429725646973,-11.43581485748291,-11.690330505371094,-11.553035736083984,-11.255975723266602,-11.140339851379395,-11.320429801940918,-11.55169677734375,-11.820595741271973,-12.109872817993164,-12.651007652282715,-13.113500595092773,-13.347092628479004
-11.603910446166992,-12.414836883544922,-11.63008975982666,-9.613649368286133,-7.51829195022583,-10.077110290527344,-10.740469932556152,-11.070185661315918,-10.421222686767578,-9.922242164611816,-9.954933166503906,-10.376144409179688,-10.924920082092285,-11.050159454345703,-11.155976295471191,-11.758645057678223,-13.39755630493164,-14.866413116455078,-14.61341667175293,-13.285715103149414,-12.637187957763672,-12.741077423095703,-12.595069885253906,-12.016152381896973,-11.82500171661377,-12.124044418334961,-12.042719841003418,-11.672472953796387,-11.674549102783203,-11.491264343261719,-11.125144958496094,-10.940572738647461,-11.035623550415039,-11.31429672241211,-11.370866775512695,-11.077646255493164,-10.745577812194824,-10.64338207244873,-10.825965881347656,-10.853078842163086,-10.837368965148926,-11.208911895751953,-11.705098152160645,-12.077028274536133
-10.32542610168457,-11.132633209228516,-10.391921043395996,-8.93507194519043,-6.556073188781738,-7.1271748542785645,-8.553702354431152,-9.470108985900879,-9.250605583190918,-9.048237800598145,-9.103297233581543,-9.264615058898926,-9.58913803100586,-9.683408737182617,-10.178600311279297,-11.269652366638184,-12.973527908325195,-14.218253135681152,-14.036619186401367,-12.8215913772583,-12.093006134033203,-12.301108360290527,-12.553971290588379,-12.33232307434082,-12.01771068572998,-12.076498985290527,-12.320116996765137,-12.122393608093262,-12.039313316345215,-12.282231330871582,-11.810762405395508,-11.459099769592285,-11.59211254119873,-11.744863510131836,-11.643702507019043,-11.322481155395508,-10.901473045349121,-10.686519622802734,-10.731553077697754,-10.88125991821289,-10.830796241760254,-10.628327369689941,-10.734021186828613,-10.841537475585938
-8.866379737854004,-8.50039291381836,-8.222354888916016,-7.740662097930908,-6.14968204498291,-4.31974458694458,-6.182552337646484,-7.479231357574463,-7.725755214691162,-7.987151145935059,-7.913949489593506,-7.856123447418213,-8.320735931396484,-8.687045097351074,-9.357590675354004,-10.536998748779297,-12.105299949645996,-13.312623977661133,-13.429201126098633,-12.643959045410156,-11.963177680969238,-12.060787200927734,-12.427369117736816,-12.606426239013672,-12.471769332885742,-12.290242195129395,-12.615731239318848,-12.652447700500488,-12.43961238861084,-12.786938667297363,-12.664801597595215,-12.259678840637207,-12.362762451171875,-12.24747085571289,-12.091272354125977,-11.795390129089355,-11.533740043640137,-11.508424758911133,-11.801925659179688,-11.986017227172852,-11.853312492370605,-11.515429496765137,-11.194428443908691,-10.951911926269531
-6.390021800994873,-2.431011438369751,-4.419088840484619,-5.99102783203125,-7.245029449462891,-3.9325199127197266,-4.227693557739258,-5.516362190246582,-5.918804168701172,-6.8871026039123535,-6.38942813873291,-6.078982830047607,-6.932416915893555,-7.572457313537598,-8.379307746887207,-9.763800621032715,-11.254728317260742,-12.38962459564209,-12.855006217956543,-12.564238548278809,-12.115588188171387,-12.09943675994873,-12.080007553100586,-12.267010688781738,-12.68679428100586,-12.656593322753906,-12.84705638885498,-13.092156410217285,-13.018208503723145,-13.307843208312988,-13.047840118408203,-12.80566120147705,-12.74709415435791,-12.611623764038086,-12.45470905303955,-12.312329292297363,-12.312956809997559,-12.430383682250977,-12.687512397766113,-12.866009712219238,-12.765854835510254,-12.424213409423828,-12.11589527130127,-11.839127540588379
-4.015685081481934,-0.5837678909301758,-3.168260097503662,-5.029272079467773,-7.746680736541748,-5.6304450035095215,-4.072024822235107,-5.225348949432373,-5.700840473175049,-6.3665900230407715,-5.141833305358887,-4.48230504989624,-5.5536580085754395,-6.311699390411377,-7.379760265350342,-9.382966041564941,-11.032066345214844,-11.897407531738281,-12.387137413024902,-12.436698913574219,-12.185863494873047,-12.106837272644043,-11.949113845825195,-11.941365242004395,-12.48206615447998,-12.908946990966797,-13.234417915344238,-13.717249870300293,-13.678548812866211,-13.448488235473633,-13.371749877929688,-13.147483825683594,-13.214468955993652,-13.022122383117676,-12.853198051452637,-12.794434547424316,-12.770224571228027,-12.936123847961426,-13.056556701660156,-13.220437049865723,-13.154803276062012,-12.860721588134766,-12.628705024719238,-12.437767028808594
-3.1297154426574707,-4.839509963989258,-5.078490734100342,-6.389127731323242,-8.806685447692871,-7.46870756149292,-5.941105365753174,-6.242185115814209,-5.946739673614502,-4.953889846801758,-4.222018718719482,-3.897818088531494,-4.646267414093018,-5.074514389038086,-6.27284049987793,-8.453325271606445,-10.538519859313965,-11.636581420898438,-11.757597923278809,-11.362351417541504,-11.050149917602539,-11.083955764770508,-11.486786842346191,-11.726555824279785,-12.136917114257812,-12.910720825195312,-13.532262802124023,-13.94191837310791,-14.076231002807617,-13.88016128540039,-13.521294593811035,-13.379589080810547,-13.414334297180176,-13.3313627243042,-13.12093448638916,-13.056354522705078,-13.21335506439209,-13.293776512145996,-13.415488243103027,-13.521465301513672,-13.564473152160645,-13.316278457641602,-12.93995475769043,-12.720792770385742
-2.8185980319976807,-4.141819000244141,-4.854264736175537,-6.456394195556641,-8.190751075744629,-7.570713043212891,-7.023094177246094,-6.855884552001953,-5.984324932098389,-4.110567569732666,-3.460693359375,-3.7747881412506104,-4.251758575439453,-5.026198387145996,-6.006626605987549,-7.484248638153076,-9.503033638000488,-11.170260429382324,-11.082537651062012,-9.432162284851074,-8.499791145324707,-9.037955284118652,-10.380053520202637,-11.178030967712402,-11.644969940185547,-12.47800350189209,-13.207738876342773,-13.703972816467285,-14.200255393981934,-14.347332954406738,-13.844683647155762,-13.508295059204102,-13.451315879821777,-13.497719764709473,-13.379989624023438,-13.298355102539062,-13.525152206420898,-13.778217315673828,-13.769184112548828,-13.744994163513184,-13.742334365844727,-13.63111686706543,-13.239449501037598,-12.956560134887695
-2.4302003383636475,-3.277435064315796,-4.317331314086914,-6.029542922973633,-7.603062152862549,-7.561663627624512,-6.650454521179199,-5.830895900726318,-5.886039733886719,-5.740452766418457,-5.5869646072387695,-5.753832817077637,-5.939052104949951,-6.494190216064453,-7.223776817321777,-8.657187461853027,-10.153251647949219,-10.849895477294922,-10.24296760559082,-8.53229808807373,-7.542308330535889,-8.327651023864746,-9.723112106323242,-10.284895896911621,-10.954634666442871,-11.786373138427734,-12.490816116333008,-13.23905086517334,-13.8936767578125,-14.381196975708008,-14.504918098449707,-14.104695320129395,-13.59012222290039,-13.521328926086426,-13.603190422058105,-13.750997543334961,-13.794807434082031,-13.952351570129395,-14.029984474182129,-13.936129570007324,-13.74510669708252,-13.579061508178711,-13.409929275512695,-13.231539726257324
-1.9416282176971436,-2.8102118968963623,-3.7571589946746826,-5.226313591003418,-7.225606918334961,-7.604959964752197,-6.528136253356934,-5.425906181335449,-5.7314324378967285,-6.0737080574035645,-6.797994613647461,-7.782667636871338,-8.263724327087402,-8.647784233093262,-9.138195991516113,-9.996028900146484,-10.775144577026367,-10.942469596862793,-10.221817016601562,-9.017289161682129,-8.370479583740234,-9.51582145690918,-10.088815689086914,-9.559741973876953,-10.329767227172852,-11.418365478515625,-11.944833755493164,-12.787891387939453,-13.490565299987793,-14.097627639770508,-14.569842338562012,-14.515669822692871,-14.062613487243652,-13.661213874816895,-13.623346328735352,-13.93937873840332,-14.083314895629883,-14.076729774475098,-14.156792640686035,-14.191459655761719,-14.039907455444336,-13.808116912841797,-13.527057647705078,-13.331289291381836
