data/wind_data/wind_56_6.json
{"header": {"parameterUnit": "KT", "parameterCategory": 2, "nx": 256, "ny": 198, "lo1": 44.73521041870117, "la1": -3.236724853515625, "lo2": 111.26478576660156, "la2": 43.468475341796875, "dx": 0.2609002888202667, "dy": -0.23708222806453705, "refTime": "2025-02-21 08:00:00", "forecastTime": 0, "parameterNumber": 2, "parameterNumberName": "eastward_wind"}, "data":
[rows 60 to 79 of 198, columns 44 to 87 of 256]
8.99061107635498,9.027542114257812,9.206629753112793,9.656830787658691,10.256625175476074,10.813531875610352,11.219141960144043,11.58079719543457,11.838665008544922,12.02492618560791,12.154316902160645,12.1349458694458,12.07102108001709,11.9779691696167,11.768289566040039,11.4343843460083,11.227787017822266,11.169625282287598,11.074464797973633,10.904057502746582,10.690170288085938,10.471940994262695,10.392694473266602,10.458528518676758,10.537607192993164,10.63683795928955,10.710249900817871,10.736698150634766,10.763895034790039,10.745344161987305,10.620375633239746,10.429095268249512,10.066060066223145,9.463495254516602,8.774163246154785,8.14709186553955,7.659274101257324,7.338640213012695,7.182351112365723,7.115904331207275,7.113041877746582,7.143836498260498,7.229738712310791,7.4352874755859375
10.385612487792969,10.304698944091797,10.517313003540039,10.975785255432129,11.441667556762695,11.867101669311523,12.284676551818848,12.685938835144043,13.039041519165039,13.210229873657227,13.220559120178223,13.113992691040039,13.065457344055176,12.981014251708984,12.696358680725098,12.31898021697998,12.078788757324219,12.025848388671875,12.006784439086914,11.960275650024414,11.846150398254395,11.641983032226562,11.403276443481445,11.195987701416016,11.04704761505127,10.99533748626709,11.004393577575684,11.022192001342773,11.07958698272705,11.17870044708252,11.295164108276367,11.342719078063965,11.177713394165039,10.767001152038574,10.223370552062988,9.644853591918945,9.128887176513672,8.745384216308594,8.538207054138184,8.439355850219727,8.387313842773438,8.335084915161133,8.321520805358887,8.441018104553223
12.220911026000977,12.001205444335938,12.115869522094727,12.493041038513184,12.84437084197998,13.110416412353516,13.421463012695312,13.754819869995117,14.149535179138184,14.41358470916748,14.410353660583496,14.26362133026123,14.194765090942383,14.131867408752441,13.87726879119873,13.424921989440918,13.01419448852539,12.838088035583496,12.852066040039062,12.931177139282227,12.965866088867188,12.882562637329102,12.68309497833252,12.435863494873047,12.226485252380371,12.053144454956055,11.85692024230957,11.634208679199219,11.475948333740234,11.464273452758789,11.63212776184082,11.852466583251953,11.928442001342773,11.787957191467285,11.428500175476074,10.959897994995117,10.525701522827148,10.184671401977539,9.976932525634766,9.853046417236328,9.740690231323242,9.60914134979248,9.48835277557373,9.497137069702148
14.087772369384766,13.943872451782227,13.877814292907715,14.124141693115234,14.484176635742188,14.760798454284668,14.952444076538086,15.14576244354248,15.459423065185547,15.732601165771484,15.816624641418457,15.71206283569336,15.548823356628418,15.37256908416748,15.154424667358398,14.800968170166016,14.365541458129883,14.000727653503418,13.81480598449707,13.80943489074707,13.910161972045898,13.967034339904785,13.946869850158691,13.884659767150879,13.796917915344238,13.65034294128418,13.382872581481934,13.010793685913086,12.648116111755371,12.415627479553223,12.355850219726562,12.424644470214844,12.5264253616333,12.552057266235352,12.429647445678711,12.164298057556152,11.847616195678711,11.568036079406738,11.380358695983887,11.282560348510742,11.185294151306152,11.00694751739502,10.766608238220215,10.624363899230957
15.880735397338867,15.92397689819336,15.955388069152832,16.085575103759766,16.318077087402344,16.556087493896484,16.745019912719727,16.94930076599121,17.201963424682617,17.397417068481445,17.453859329223633,17.30177116394043,16.9443359375,16.570207595825195,16.37726402282715,16.274837493896484,16.062442779541016,15.64838695526123,15.199721336364746,14.92534065246582,14.870925903320312,14.956143379211426,15.112627029418945,15.257604598999023,15.366703033447266,15.389257431030273,15.284070014953613,15.041730880737305,14.647708892822266,14.161123275756836,13.73040771484375,13.495080947875977,13.442797660827637,13.429939270019531,13.364818572998047,13.232809066772461,13.065096855163574,12.886336326599121,12.743277549743652,12.670702934265137,12.649381637573242,12.544513702392578,12.284330368041992,12.029300689697266
17.360227584838867,17.540624618530273,17.8291072845459,18.142976760864258,18.425291061401367,18.61524200439453,18.70331382751465,18.782094955444336,18.89279556274414,18.978111267089844,18.996017456054688,18.83921241760254,18.421342849731445,17.932607650756836,17.712810516357422,17.782461166381836,17.84195899963379,17.616397857666016,17.143840789794922,16.699546813964844,16.424436569213867,16.30464744567871,16.30946922302246,16.433645248413086,16.628803253173828,16.77648162841797,16.83475112915039,16.79612922668457,16.62047576904297,16.274864196777344,15.786490440368652,15.263785362243652,14.853852272033691,14.603962898254395,14.470187187194824,14.3800687789917,14.312029838562012,14.235156059265137,14.144132614135742,14.101905822753906,14.13379192352295,14.136212348937988,13.987319946289062,13.729730606079102
18.930988311767578,18.953054428100586,19.208505630493164,19.624225616455078,20.07594871520996,20.42745590209961,20.58899688720703,20.610092163085938,20.60405158996582,20.596040725708008,20.534576416015625,20.329044342041016,19.971895217895508,19.59834861755371,19.435914993286133,19.511449813842773,19.62590217590332,19.600893020629883,19.360544204711914,18.96392059326172,18.5382080078125,18.1925106048584,17.987634658813477,17.9406795501709,17.9941349029541,18.063077926635742,18.11027717590332,18.091466903686523,17.971210479736328,17.74458122253418,17.428972244262695,17.057374954223633,16.674962997436523,16.32305145263672,16.043935775756836,15.869470596313477,15.777231216430664,15.704357147216797,15.625326156616211,15.593582153320312,15.646090507507324,15.71371841430664,15.705450057983398,15.585592269897461
20.578964233398438,20.397171020507812,20.503522872924805,20.862218856811523,21.409177780151367,21.932064056396484,22.261947631835938,22.345834732055664,22.238332748413086,22.061220169067383,21.90920066833496,21.754308700561523,21.531795501708984,21.293428421020508,21.167139053344727,21.219505310058594,21.361915588378906,21.442832946777344,21.343486785888672,21.06190299987793,20.704992294311523,20.382299423217773,20.125926971435547,19.909154891967773,19.721973419189453,19.576358795166016,19.47926139831543,19.393112182617188,19.26458168029785,19.05760383605957,18.787689208984375,18.50523567199707,18.22757911682129,17.95624351501465,17.71486473083496,17.562602996826172,17.479455947875977,17.386960983276367,17.25785255432129,17.160627365112305,17.156728744506836,17.20680046081543,17.251903533935547,17.27898406982422
22.38459587097168,22.051219940185547,21.96030616760254,22.135473251342773,22.54335594177246,23.045337677001953,23.536434173583984,23.8695011138916,23.919082641601562,23.668426513671875,23.278331756591797,22.9610538482666,22.801448822021484,22.73006248474121,22.692407608032227,22.710046768188477,22.754730224609375,22.804292678833008,22.827686309814453,22.775632858276367,22.639760971069336,22.45718002319336,22.252195358276367,22.00834846496582,21.72201156616211,21.424087524414062,21.152681350708008,20.92520523071289,20.730854034423828,20.544565200805664,20.348941802978516,20.14943504333496,19.935585021972656,19.70429229736328,19.470630645751953,19.287370681762695,19.16109275817871,19.0404109954834,18.900243759155273,18.78001594543457,18.720291137695312,18.71428108215332,18.719728469848633,18.775972366333008
24.28326416015625,23.944726943969727,23.78299331665039,23.877849578857422,24.152698516845703,24.48382568359375,24.859533309936523,25.195037841796875,25.338287353515625,25.198875427246094,24.854982376098633,24.490507125854492,24.239015579223633,24.11294937133789,24.105615615844727,24.191957473754883,24.300405502319336,24.372394561767578,24.374652862548828,24.312088012695312,24.256237030029297,24.26305389404297,24.284250259399414,24.218406677246094,23.997894287109375,23.619220733642578,23.146942138671875,22.690570831298828,22.33654022216797,22.105911254882812,21.967479705810547,21.873445510864258,21.776588439941406,21.6555233001709,21.515064239501953,21.37615966796875,21.240957260131836,21.064294815063477,20.83454704284668,20.621402740478516,20.477214813232422,20.38936424255371,20.332521438598633,20.330673217773438
26.167734146118164,25.92032241821289,25.839981079101562,25.939096450805664,26.16763687133789,26.432350158691406,26.68384552001953,26.896699905395508,26.986474990844727,26.853992462158203,26.514455795288086,26.122135162353516,25.829769134521484,25.704195022583008,25.734878540039062,25.842914581298828,25.976491928100586,26.116378784179688,26.214391708374023,26.228788375854492,26.187585830688477,26.1444091796875,26.130075454711914,26.135583877563477,26.103687286376953,25.93324851989746,25.543560028076172,24.974891662597656,24.381553649902344,23.926576614379883,23.662080764770508,23.534414291381836,23.474660873413086,23.436115264892578,23.40931510925293,23.398080825805664,23.388885498046875,23.32602310180664,23.17485237121582,22.989303588867188,22.81047821044922,22.628860473632812,22.43619155883789,22.2653865814209
28.08880615234375,27.848663330078125,27.785093307495117,27.96285629272461,28.340112686157227,28.734596252441406,28.9835205078125,29.03554916381836,28.95261573791504,28.78848648071289,28.576250076293945,28.29495620727539,27.92401885986328,27.579330444335938,27.450456619262695,27.55819320678711,27.800134658813477,28.060884475708008,28.252609252929688,28.33452033996582,28.342824935913086,28.317543029785156,28.285179138183594,28.25339698791504,28.198129653930664,28.051359176635742,27.738189697265625,27.25246238708496,26.68692398071289,26.181779861450195,25.812641143798828,25.55870246887207,25.3681697845459,25.198522567749023,25.054441452026367,24.979764938354492,25.000221252441406,25.081192016601562,25.167247772216797,25.230756759643555,25.255611419677734,25.202083587646484,25.04766273498535,24.812833786010742
29.748947143554688,29.55730438232422,29.428741455078125,29.53997230529785,29.95705223083496,30.541101455688477,31.092071533203125,31.401161193847656,31.379152297973633,31.113323211669922,30.831209182739258,30.624353408813477,30.374225616455078,30.014118194580078,29.680612564086914,29.527786254882812,29.621946334838867,29.877595901489258,30.149072647094727,30.343873977661133,30.44556427001953,30.465465545654297,30.439882278442383,30.404468536376953,30.361997604370117,30.251602172851562,29.986347198486328,29.556133270263672,29.03136444091797,28.520902633666992,28.104717254638672,27.793121337890625,27.545196533203125,27.312114715576172,27.07991600036621,26.872053146362305,26.727895736694336,26.67461395263672,26.715923309326172,26.831809997558594,26.980588912963867,27.112991333007812,27.19129753112793,27.17470359802246
31.00319480895996,30.883281707763672,30.770336151123047,30.812440872192383,31.10024070739746,31.591693878173828,32.23828125,32.90298843383789,33.359134674072266,33.4727897644043,33.32008743286133,33.06290817260742,32.796573638916016,32.512359619140625,32.19796371459961,31.92024040222168,31.810022354125977,31.899507522583008,32.087215423583984,32.24589157104492,32.32265853881836,32.33268737792969,32.322181701660156,32.32597351074219,32.33147430419922,32.2947998046875,32.1507568359375,31.84894371032715,31.39034652709961,30.856998443603516,30.375680923461914,30.022945404052734,29.768115997314453,29.53192138671875,29.284866333007812,29.07197380065918,28.94553565979004,28.912466049194336,28.932918548583984,28.938953399658203,28.881061553955078,28.794357299804688,28.747514724731445,28.731082916259766
32.29978561401367,32.20133972167969,32.12333679199219,32.147857666015625,32.320430755615234,32.638240814208984,33.13315200805664,33.78429412841797,34.45505142211914,34.983848571777344,35.235595703125,35.2052001953125,35.01047134399414,34.77223587036133,34.53367614746094,34.314151763916016,34.18143081665039,34.189178466796875,34.28915023803711,34.354373931884766,34.32375717163086,34.22562026977539,34.12891387939453,34.072975158691406,34.05691146850586,34.05795669555664,34.03239440917969,33.91020202636719,33.623626708984375,33.184871673583984,32.70749282836914,32.3076057434082,32.01295852661133,31.765222549438477,31.51584815979004,31.296489715576172,31.18233299255371,31.208377838134766,31.33422088623047,31.44795799255371,31.435056686401367,31.274316787719727,31.01968765258789,30.720184326171875
33.968536376953125,33.887577056884766,33.83597946166992,33.85904312133789,33.947052001953125,34.13371276855469,34.463436126708984,34.93933868408203,35.50508117675781,36.08289337158203,36.53369903564453,36.75133514404297,36.75127410888672,36.6346321105957,36.49172592163086,36.39432144165039,36.38747787475586,36.47294235229492,36.59141540527344,36.64753723144531,36.5786247253418,36.39445114135742,36.15238571166992,35.942989349365234,35.809574127197266,35.757850646972656,35.762691497802734,35.75815963745117,35.643253326416016,35.3576545715332,34.957679748535156,34.56743621826172,34.25615310668945,34.00962448120117,33.7982177734375,33.634220123291016,33.553131103515625,33.565555572509766,33.64690399169922,33.73946762084961,33.79008102416992,33.76377868652344,33.617130279541016,33.3194465637207
35.85514450073242,35.813072204589844,35.739410400390625,35.66630935668945,35.668556213378906,35.84063720703125,36.196876525878906,36.62227249145508,37.03196716308594,37.42307662963867,37.759281158447266,37.970096588134766,38.035888671875,38.005733489990234,37.973976135253906,38.036109924316406,38.23838424682617,38.52166748046875,38.79179382324219,38.959293365478516,38.96184539794922,38.768375396728516,38.4250373840332,38.044456481933594,37.739051818847656,37.571678161621094,37.527530670166016,37.53704071044922,37.4965934753418,37.322357177734375,37.020206451416016,36.671485900878906,36.36052703857422,36.103515625,35.899253845214844,35.77510452270508,35.762210845947266,35.85483169555664,35.97980880737305,36.04531478881836,36.03721618652344,35.98927307128906,35.87142562866211,35.61989212036133
38.06291198730469,38.09529113769531,38.086158752441406,37.91942596435547,37.637367248535156,37.51447677612305,37.77738952636719,38.29425811767578,38.78526306152344,39.12433624267578,39.31093978881836,39.355281829833984,39.280635833740234,39.15308380126953,39.1011962890625,39.234859466552734,39.5922966003418,40.085411071777344,40.59130859375,41.004825592041016,41.22962188720703,41.17603302001953,40.846553802490234,40.36091995239258,39.892059326171875,39.56490707397461,39.40105056762695,39.333335876464844,39.262325286865234,39.116065979003906,38.888729095458984,38.627593994140625,38.37507247924805,38.144065856933594,37.94953918457031,37.832393646240234,37.829673767089844,37.9318962097168,38.055747985839844,38.11549758911133,38.12531661987305,38.1381950378418,38.09812545776367,37.87217712402344
40.3138313293457,40.31325149536133,40.327491760253906,40.221397399902344,39.87017822265625,39.45490646362305,39.35626220703125,39.6960563659668,40.24872589111328,40.73885726928711,41.004783630371094,41.01102066040039,40.816246032714844,40.522735595703125,40.29813766479492,40.305999755859375,40.63698959350586,41.2180061340332,41.88765335083008,42.51132583618164,42.974029541015625,43.16660690307617,43.03694534301758,42.64790725708008,42.15010070800781,41.70829772949219,41.407798767089844,41.22148132324219,41.05957794189453,40.868812561035156,40.66454315185547,40.4862174987793,40.33576202392578,40.193885803222656,40.068241119384766,40.004581451416016,40.04141616821289,40.148887634277344,40.21833419799805,40.1617317199707,40.039920806884766,39.98343276977539,40.002071380615234,39.93830871582031
41.75247573852539,41.73215103149414,41.7789421081543,41.78150939941406,41.58888626098633,41.21841812133789,40.950618743896484,41.02350616455078,41.4276008605957,41.97087478637695,42.40864181518555,42.57527542114258,42.463924407958984,42.169857025146484,41.83940505981445,41.656673431396484,41.79632568359375,42.28693389892578,42.98076629638672,43.684425354003906,44.23976516723633,44.54133605957031,44.5645751953125,44.368919372558594,44.05121612548828,43.709197998046875,43.41726303100586,43.18030548095703,42.94948196411133,42.69895553588867,42.473419189453125,42.31896209716797,42.2203254699707,42.13623046875,42.067352294921875,42.055641174316406,42.144649505615234,42.29167938232422,42.3628044128418,42.252071380615234,42.01295471191406,41.79391860961914,41.676170349121094,41.59740447998047
