data/wind_data/wind_2025-02-19_20.json
{"header": {"parameterUnit": "KT", "parameterCategory": 2, "nx": 255, "ny": 198, "lo1": 44.73521041870117, "la1": -3.236724853515625, "lo2": 111.26478576660156, "la2": 43.468475341796875, "dx": 0.26192745566368103, "dy": -0.23708222806453705, "refTime": "2025-02-19 20:00:00", "forecastTime": 0, "parameterNumber": 3, "parameterNumberName": "northward_wind"}, "data":
[rows 0 to 18 of 198, columns 43 to 85 of 255]
-6.627934455871582,-6.74291467666626,-6.782863616943359,-6.516060829162598,-6.199063777923584,-5.88015079498291,-5.642327785491943,-5.492740154266357,-5.412866592407227,-5.408201694488525,-5.300602912902832,-5.110656261444092,-5.128871440887451,-5.3608574867248535,-5.53441047668457,-5.681912422180176,-5.815028667449951,-5.809748649597168,-5.539557933807373,-5.173605442047119,-5.096610069274902,-5.051730155944824,-4.799029350280762,-4.5336103439331055,-4.398561477661133,-4.29579496383667,-4.1966047286987305,-4.0313544273376465,-3.841792106628418,-3.510021686553955,-3.033498525619507,-2.6025078296661377,-2.2908082008361816,-2.2396271228790283,-2.3021345138549805,-2.358269691467285,-2.346956729888916,-2.310814619064331,-2.277188539505005,-2.014312744140625,-1.7804450988769531,-1.8464949131011963,-2.0749759674072266
-5.964200496673584,-6.223453998565674,-6.397458553314209,-6.149103164672852,-5.885993480682373,-5.675170421600342,-5.404641151428223,-5.062657356262207,-4.9500908851623535,-5.093326091766357,-5.195729732513428,-5.274343967437744,-5.337416172027588,-5.367931842803955,-5.331028938293457,-5.286208152770996,-5.374319076538086,-5.427792072296143,-5.199362277984619,-4.903024196624756,-4.84830379486084,-4.799042224884033,-4.730236053466797,-4.618765354156494,-4.421713352203369,-4.212940216064453,-3.949932098388672,-3.7395803928375244,-3.6903018951416016,-3.421609401702881,-3.013343095779419,-2.5660793781280518,-2.1263904571533203,-2.042428731918335,-2.179509162902832,-2.1929051876068115,-2.1521103382110596,-2.0984368324279785,-2.09873366355896,-1.7570340633392334,-1.524210810661316,-1.6012134552001953,-1.8576899766921997
-5.257694244384766,-5.583742141723633,-5.768765449523926,-5.566590785980225,-5.443462371826172,-5.589860916137695,-5.446609973907471,-4.8119001388549805,-4.600343704223633,-4.947115421295166,-5.325621604919434,-5.673063278198242,-5.94102668762207,-6.0205888748168945,-5.894877910614014,-5.654392242431641,-5.566193103790283,-5.5185627937316895,-5.207110404968262,-5.012770175933838,-5.052368640899658,-4.959465503692627,-4.807327747344971,-4.811851978302002,-4.684441089630127,-4.583848476409912,-4.26548957824707,-4.068379878997803,-4.0064616203308105,-3.73209285736084,-3.292579412460327,-2.7375552654266357,-2.008523941040039,-1.691167950630188,-1.872349500656128,-1.7235606908798218,-1.5579339265823364,-1.5124794244766235,-1.5053027868270874,-1.3766223192214966,-1.5770388841629028,-1.6824463605880737,-1.6529265642166138
-4.888457775115967,-5.434829235076904,-5.71312952041626,-5.468809604644775,-5.287015438079834,-5.641157150268555,-5.841724395751953,-5.352241039276123,-5.217656135559082,-5.723908424377441,-6.484713077545166,-7.195487022399902,-7.8236494064331055,-8.197154998779297,-8.040168762207031,-7.616584777832031,-7.532883644104004,-7.456729412078857,-6.5627827644348145,-6.329448223114014,-6.621731281280518,-6.628837585449219,-6.114800930023193,-6.686167240142822,-6.165332794189453,-6.122469902038574,-6.044434070587158,-6.140220642089844,-5.895823001861572,-5.645379066467285,-5.263106822967529,-4.731963634490967,-3.904670476913452,-3.0227622985839844,-2.8104560375213623,-2.201094627380371,-1.9321366548538208,-1.809134602546692,-1.1440377235412598,-1.4825127124786377,-2.951240301132202,-2.880748987197876,-2.2774643898010254
-4.34032678604126,-4.793837547302246,-4.984374046325684,-4.876407623291016,-4.714090347290039,-4.850417613983154,-5.038349151611328,-5.035016059875488,-5.234128952026367,-5.950103759765625,-6.583620071411133,-6.846005916595459,-7.075707912445068,-7.192198276519775,-6.848611831665039,-6.53462553024292,-6.495296001434326,-7.0624895095825195,-7.086960315704346,-5.846126079559326,-4.679561614990234,-4.669051647186279,-4.698708534240723,-5.2219319343566895,-5.154299259185791,-5.026381969451904,-5.21861457824707,-5.431183338165283,-5.027934551239014,-4.634582996368408,-3.829841136932373,-2.913522720336914,-1.7855085134506226,-1.4160356521606445,-0.6703444719314575,0.13182227313518524,-0.8183843493461609,-0.9506704807281494,1.102329134941101,0.19912773370742798,-1.0078883171081543,-1.776369333267212,-1.1586191654205322
-5.1526665687561035,-5.198197364807129,-5.154552936553955,-5.054612159729004,-4.932661533355713,-4.888487815856934,-4.956122398376465,-5.212305545806885,-5.48603630065918,-5.931450366973877,-6.176517963409424,-6.136862754821777,-6.188392639160156,-6.2063446044921875,-5.989187717437744,-5.965941905975342,-5.798396587371826,-5.548646450042725,-5.999162197113037,-5.7694573402404785,-4.6122050285339355,-3.4421026706695557,-3.910550355911255,-3.934196710586548,-4.553025722503662,-4.301922798156738,-4.855167865753174,-4.444799423217773,-4.40007209777832,-4.240423202514648,-3.3565564155578613,-2.624161720275879,-2.0143232345581055,-0.8586002588272095,0.0014339751796796918,0.8732636570930481,0.09005030989646912,0.3346918225288391,1.7667219638824463,2.386251449584961,1.750882625579834,0.14154620468616486,-0.7761679887771606
-5.489419460296631,-5.580221176147461,-5.605495929718018,-5.518834590911865,-5.465426445007324,-5.484013080596924,-5.5821661949157715,-5.777627468109131,-6.011562824249268,-5.986917495727539,-5.8726091384887695,-5.934321880340576,-5.841892242431641,-5.726433277130127,-6.016238689422607,-5.865776538848877,-5.36957311630249,-4.559567451477051,-4.350741863250732,-4.948028564453125,-5.904211044311523,-5.067535877227783,-3.0483736991882324,-3.3389792442321777,-4.39777946472168,-4.002567768096924,-3.6022181510925293,-1.9684211015701294,-2.0507442951202393,-1.918015480041504,-1.0161389112472534,-0.9551485776901245,-2.8628225326538086,-1.1837185621261597,0.43473923206329346,1.6260911226272583,1.0522431135177612,-0.8106672763824463,-2.169929265975952,0.9925125241279602,-0.1486450731754303,0.298502117395401,-0.1720135360956192
-5.048967361450195,-5.340467929840088,-5.554851055145264,-5.6583781242370605,-5.72144079208374,-5.782085418701172,-5.8268537521362305,-5.910345554351807,-6.0647735595703125,-5.909377574920654,-5.710051536560059,-5.700841426849365,-5.384685039520264,-5.009594440460205,-5.2068681716918945,-5.128815650939941,-4.815410137176514,-5.214827060699463,-5.62425422668457,-5.437999248504639,-5.865710258483887,-6.38891077041626,-4.36523962020874,-3.1573331356048584,-3.3240468502044678,-3.009848117828369,-1.0692988634109497,-0.9928503632545471,-0.7988976240158081,0.7192026972770691,0.3574634790420532,-0.10697954148054123,-0.9635089039802551,-0.9628129005432129,0.41158241033554077,3.7306928634643555,2.2935590744018555,-1.8099263906478882,-1.704275131225586,1.0848063230514526,-1.4600690603256226,-0.34078431129455566,1.332900047302246
-5.158484935760498,-5.5086212158203125,-5.77590274810791,-5.95820426940918,-6.062973976135254,-6.13838529586792,-6.172685146331787,-6.202676296234131,-6.195649147033691,-6.093379020690918,-6.004723072052002,-5.714090347290039,-5.394728660583496,-5.211323261260986,-5.0376129150390625,-5.198354244232178,-5.419404983520508,-5.578982830047607,-5.807477951049805,-6.084320545196533,-5.927943229675293,-6.034990310668945,-6.608694076538086,-4.861238956451416,-3.2588419914245605,-1.6125446557998657,-1.0447808504104614,-3.2860941886901855,-3.1212704181671143,-1.567470908164978,-1.5267975330352783,-0.9540776014328003,0.8027753233909607,-1.7105226516723633,-2.3748910427093506,-0.5961108803749084,0.8544804453849792,-1.9288129806518555,-0.4048174023628235,-1.1286942958831787,-1.5917608737945557,-0.5883581042289734,0.4609454274177551
-5.198451519012451,-5.536120414733887,-5.816769599914551,-6.012485027313232,-6.146980285644531,-6.2026448249816895,-6.201498508453369,-6.178576469421387,-6.1030192375183105,-6.050282955169678,-5.940315246582031,-5.674744129180908,-5.376346588134766,-5.22972297668457,-5.112176418304443,-5.082417964935303,-5.243319034576416,-5.349586486816406,-5.429055690765381,-5.455249786376953,-5.358885288238525,-5.110703945159912,-5.167010307312012,-5.207866668701172,-5.02432107925415,-3.388218879699707,-2.9982118606567383,-4.361238956451416,-3.219493865966797,-3.3404934406280518,-1.5915887355804443,-0.17175185680389404,0.18769297003746033,-3.9995126724243164,-2.258730888366699,-3.673776149749756,-2.2249367237091064,-1.840430498123169,-3.1240153312683105,-4.103950023651123,-2.243739366531372,-0.7994889616966248,-0.613274872303009
-5.6863250732421875,-5.820691108703613,-6.207262992858887,-6.27606201171875,-6.390861988067627,-6.474057674407959,-6.457035064697266,-6.423828125,-6.288180828094482,-6.117189407348633,-5.952136039733887,-5.832949161529541,-5.727688312530518,-5.669531345367432,-5.755948543548584,-5.868607044219971,-5.974170684814453,-6.181091785430908,-6.40395975112915,-6.42095422744751,-6.010363578796387,-5.334843158721924,-4.34430456161499,-4.683937072753906,-6.547173976898193,-6.695130348205566,-5.2875542640686035,-4.118495941162109,-0.1726589798927307,0.1628083735704422,0.6965927481651306,-0.8573708534240723,-3.0703539848327637,-1.0497208833694458,-1.060473918914795,-3.0741195678710938,-4.691244602203369,-3.613386392593384,-4.039028167724609,-3.706162452697754,-3.5050132274627686,-2.4387552738189697,-1.8519034385681152
-5.933310031890869,-5.933873176574707,-6.317974090576172,-6.282182693481445,-6.362652778625488,-6.5589213371276855,-6.492011547088623,-6.470506191253662,-6.372531890869141,-6.175246715545654,-5.939647674560547,-5.645378589630127,-5.475940227508545,-5.479442596435547,-5.614994525909424,-5.799883842468262,-5.925799369812012,-5.989789962768555,-6.223243236541748,-6.382219314575195,-6.061933994293213,-5.412354469299316,-4.967376232147217,-4.682961463928223,-4.863405704498291,-4.39238977432251,-3.844804048538208,-2.4860360622406006,0.1474703550338745,1.5905498266220093,1.3623266220092773,-1.4669438600540161,-2.860459566116333,0.2886996269226074,-1.823033332824707,-4.215569019317627,-5.125099182128906,-5.726629257202148,-4.964359283447266,-4.936041355133057,-4.99188232421875,-3.387486219406128,-0.4303571879863739
-6.1003336906433105,-6.402258396148682,-6.5082011222839355,-6.516698360443115,-6.461027145385742,-6.61448335647583,-6.356731414794922,-6.276439666748047,-6.219507217407227,-6.055484771728516,-5.9713850021362305,-5.846689224243164,-5.777820110321045,-5.772313594818115,-5.873972415924072,-6.011431694030762,-6.140474319458008,-6.369230270385742,-6.676817893981934,-6.777247905731201,-6.670190334320068,-6.5005784034729,-6.30460262298584,-6.021879196166992,-5.842920780181885,-5.342185974121094,-5.199891567230225,-4.5669755935668945,-5.040988445281982,-5.169319152832031,-3.17192006111145,-5.375263690948486,-5.852799892425537,-7.63270902633667,-6.545699119567871,-3.426480770111084,-4.580929756164551,-5.312517166137695,-5.359955310821533,-5.63214635848999,-5.650537967681885,-5.321736812591553,-3.8656632900238037
-5.752167701721191,-6.201889514923096,-6.379241943359375,-6.464338302612305,-6.395141124725342,-6.338185787200928,-6.151519298553467,-5.985726833343506,-5.9199090003967285,-5.8659467697143555,-5.816349506378174,-5.733617782592773,-5.692197322845459,-5.617224216461182,-5.695076942443848,-5.868162631988525,-6.080353260040283,-6.270632743835449,-6.384179592132568,-6.433169841766357,-6.478801250457764,-6.447084426879883,-6.213397979736328,-6.286197185516357,-6.714970588684082,-7.3458685874938965,-7.714746475219727,-7.5637898445129395,-6.6221418380737305,-7.311767578125,-7.245461940765381,-8.20514965057373,-8.673080444335938,-9.913095474243164,-9.983773231506348,-4.905826091766357,-4.229652404785156,-3.9219589233398438,-4.986041069030762,-5.987502574920654,-6.157281875610352,-7.732161521911621,-9.306620597839355
-4.888059616088867,-5.23371696472168,-5.564020156860352,-5.7486796379089355,-5.67352819442749,-5.897894382476807,-6.229520797729492,-6.1796135902404785,-6.05351448059082,-6.100581169128418,-6.140984535217285,-6.0649733543396,-6.0041022300720215,-5.837020397186279,-5.859997749328613,-6.008888244628906,-6.219388484954834,-6.388594150543213,-6.250191688537598,-6.018389701843262,-5.918789863586426,-5.873712539672852,-5.922572135925293,-6.116641998291016,-6.102450847625732,-7.041202545166016,-8.25802230834961,-9.502760887145996,-8.43679428100586,-8.04041576385498,-9.813922882080078,-8.796785354614258,-8.767932891845703,-9.560779571533203,-11.415570259094238,-10.633137702941895,-6.564049243927002,-4.421419620513916,-6.110842704772949,-6.371764659881592,-6.434916973114014,-7.3382463455200195,-8.542131423950195
-3.5771749019622803,-4.22391939163208,-4.6031975746154785,-4.89497709274292,-5.177678108215332,-5.766107082366943,-6.162590026855469,-6.288236618041992,-6.281025409698486,-6.434300422668457,-6.699682712554932,-6.608150959014893,-6.472452163696289,-6.311986446380615,-6.304608345031738,-6.5022382736206055,-6.60247802734375,-6.525184154510498,-6.214458465576172,-5.880209922790527,-5.5948333740234375,-5.507625102996826,-5.845421314239502,-6.386125564575195,-7.1202545166015625,-7.94904088973999,-9.23850154876709,-11.258065223693848,-11.950935363769531,-10.432095527648926,-9.440041542053223,-8.915417671203613,-8.983224868774414,-9.287999153137207,-9.53892993927002,-10.51229190826416,-9.933525085449219,-7.995702743530273,-7.279135704040527,-6.382740497589111,-6.385095596313477,-6.4856367111206055,-7.104841232299805
-2.8979597091674805,-3.585527181625366,-4.370512008666992,-4.637802600860596,-5.024877548217773,-5.339704990386963,-5.4853692054748535,-5.6834716796875,-5.974248886108398,-6.338315486907959,-6.623208045959473,-6.772475719451904,-6.7584638595581055,-6.744921684265137,-6.719954490661621,-6.736240386962891,-6.695695877075195,-6.5754852294921875,-6.409862518310547,-6.1342034339904785,-6.007913589477539,-6.265037536621094,-6.69221830368042,-7.216586112976074,-7.709174633026123,-8.205795288085938,-9.344810485839844,-11.230737686157227,-12.124691009521484,-10.812217712402344,-9.849026679992676,-9.788919448852539,-8.86319351196289,-7.7983174324035645,-7.2913899421691895,-8.133139610290527,-9.574618339538574,-9.38036823272705,-7.804834365844727,-6.897144794464111,-6.732645034790039,-6.927934169769287,-7.039459228515625
-2.7663590908050537,-3.450171709060669,-4.070560932159424,-4.066307544708252,-4.137145042419434,-4.35373592376709,-4.617264270782471,-4.9418768882751465,-5.2905120849609375,-5.643177032470703,-5.930644989013672,-6.339653968811035,-6.528361797332764,-6.584855079650879,-6.633409023284912,-6.600663185119629,-6.629942417144775,-6.606143951416016,-6.602720737457275,-6.674191951751709,-6.810019016265869,-6.977635383605957,-6.9747114181518555,-6.918501377105713,-6.913824081420898,-7.159324645996094,-7.780701637268066,-8.221027374267578,-8.83650016784668,-9.633727073669434,-9.745978355407715,-9.22566032409668,-8.156606674194336,-6.84320068359375,-7.157383441925049,-7.347197532653809,-7.383955955505371,-7.821986675262451,-7.674143314361572,-7.580655097961426,-7.72958517074585,-7.889169692993164,-7.753592014312744
-2.2766504287719727,-2.9409828186035156,-3.099137544631958,-3.2971062660217285,-3.5248751640319824,-3.8381354808807373,-4.242518901824951,-4.551321983337402,-4.835790157318115,-5.2012176513671875,-5.621394634246826,-6.024410247802734,-6.350735187530518,-6.5900654792785645,-6.773793697357178,-6.81162166595459,-6.911372661590576,-7.09030818939209,-7.217958927154541,-7.495880126953125,-7.395409107208252,-7.142606735229492,-6.933950901031494,-6.726569175720215,-6.484400272369385,-6.272928237915039,-6.15075159072876,-6.129148960113525,-6.989884376525879,-7.988076210021973,-7.945769786834717,-6.761051177978516,-7.0038862228393555,-7.327079772949219,-7.289411544799805,-7.092289447784424,-7.324382305145264,-7.409575462341309,-7.640097141265869,-7.80820369720459,-8.116714477539062,-8.10549259185791,-7.880888938903809
