data/wind_data/wind_53_7.json
{"header": {"parameterUnit": "KT", "parameterCategory": 2, "nx": 256, "ny": 198, "lo1": 44.73521041870117, "la1": -3.236724853515625, "lo2": 111.26478576660156, "la2": 43.468475341796875, "dx": 0.2609002888202667, "dy": -0.23708222806453705, "refTime": "2025-02-21 05:00:00", "forecastTime": 0, "parameterNumber": 2, "parameterNumberName": "eastward_wind"}, "data":
[rows 100 to 119 of 198, columns 0 to 43 of 256]
106.30835723876953,104.56953430175781,104.05459594726562,103.7806396484375,103.61731719970703,103.40946197509766,103.36100006103516,103.46238708496094,103.64916229248047,103.96665954589844,104.26495361328125,104.30073547363281,103.96162414550781,103.18726348876953,102.1144027709961,101.14907836914062,100.52033233642578,100.02458190917969,99.48960876464844,99.14347076416016,99.2166519165039,99.59841918945312,99.8743896484375,99.7239761352539,99.17625427246094,98.46642303466797,97.80213928222656,97.19786834716797,96.587890625,95.84087371826172,94.80293273925781,93.46305084228516,92.1214370727539,91.17398071289062,90.6307144165039,90.10142517089844,89.28311920166016,88.32076263427734,87.60893249511719,87.20256042480469,86.79167938232422,86.32157897949219,85.80814361572266,85.08876037597656
108.8317642211914,107.61444091796875,107.31212615966797,106.96443176269531,106.8772964477539,106.7818374633789,106.83826446533203,107.14730834960938,107.37504577636719,107.40817260742188,107.49464416503906,107.58908081054688,107.4026107788086,106.80055236816406,105.77136993408203,104.50721740722656,103.36886596679688,102.47081756591797,101.72393798828125,101.10729217529297,100.69216918945312,100.5175552368164,100.58032989501953,100.73563385009766,100.63475799560547,100.04729461669922,99.1467056274414,98.26751708984375,97.48389434814453,96.62648010253906,95.665283203125,94.63225555419922,93.50647735595703,92.38858032226562,91.47636413574219,90.74993133544922,89.93726348876953,88.9720230102539,88.20804595947266,87.8360366821289,87.5084228515625,87.03350830078125,86.51109313964844,85.85830688476562
111.43048095703125,110.7735595703125,110.81292724609375,110.6577377319336,110.60491943359375,110.48678588867188,110.3242416381836,110.4515380859375,110.65856170654297,110.44927978515625,110.03884887695312,109.75011444091797,109.3728256225586,108.69901275634766,107.76569366455078,106.61470794677734,105.37125396728516,104.22280883789062,103.23040008544922,102.40884399414062,101.73188781738281,101.08592987060547,100.55769348144531,100.40789794921875,100.49153900146484,100.34831237792969,99.74205017089844,98.81993103027344,97.7656478881836,96.70342254638672,95.74734497070312,94.84423065185547,94.03189086914062,93.23771667480469,92.31282043457031,91.25234985351562,90.18095397949219,89.23927307128906,88.60099792480469,88.29641723632812,87.9881591796875,87.44841766357422,86.88059997558594,86.3604736328125
113.38732147216797,112.9514389038086,113.2276611328125,113.17888641357422,113.14012145996094,112.99797821044922,112.49275970458984,112.11163330078125,112.09307098388672,111.79550170898438,111.02796173095703,110.26094818115234,109.62621307373047,108.91544342041016,108.06261444091797,107.234130859375,106.5184326171875,105.73418426513672,104.78142547607422,103.79914855957031,102.87619018554688,101.90984344482422,100.90933990478516,100.14839172363281,99.82546997070312,99.77713012695312,99.61666107177734,99.01675415039062,97.9629898071289,96.94202423095703,95.94194030761719,94.89395141601562,94.03356170654297,93.39226531982422,92.77033996582031,91.94510650634766,90.9038314819336,89.91170501708984,89.28250885009766,89.06149291992188,88.82789611816406,88.17762756347656,87.37901306152344,86.81908416748047
114.53736877441406,114.14404296875,114.52793884277344,114.48688507080078,114.4742431640625,114.41761016845703,113.7683334350586,112.95539855957031,112.62711334228516,112.32535552978516,111.48986053466797,110.45494079589844,109.68157196044922,109.0848388671875,108.36603546142578,107.63883209228516,107.29412841796875,107.1479263305664,106.67635345458984,105.854736328125,104.83153533935547,103.57482147216797,102.12114715576172,100.75762176513672,99.82457733154297,99.29035949707031,98.9389419555664,98.47245788574219,97.92562866210938,97.27020263671875,96.30770874023438,95.17048645019531,93.94673919677734,93.04418182373047,92.65058898925781,92.32965087890625,91.8157730102539,91.12196350097656,90.44432830810547,90.01883697509766,89.6479721069336,88.95465850830078,88.14480590820312,87.6199722290039
115.68172454833984,115.37328338623047,115.66577911376953,115.50862121582031,115.51053619384766,115.51611328125,114.89927673339844,113.89171600341797,113.26490020751953,112.89226531982422,112.12530517578125,111.04412841796875,110.18515014648438,109.62132263183594,109.00423431396484,108.23636627197266,107.68782806396484,107.60799407958984,107.67615509033203,107.46192932128906,106.7545166015625,105.47716522216797,103.69477081298828,101.75093078613281,100.16979217529297,99.12751770019531,98.2454833984375,97.35063934326172,96.86314392089844,96.63919830322266,96.19124603271484,95.34651947021484,94.17000579833984,92.93133544921875,92.09510803222656,91.90262603759766,91.80058288574219,91.36990356445312,90.99261474609375,90.8551025390625,90.56827545166016,89.87239074707031,88.9552230834961,88.03428649902344
117.10990142822266,116.77721405029297,116.72229766845703,116.25602722167969,116.22510528564453,116.19857788085938,115.64610290527344,114.67317962646484,113.8490219116211,113.28206634521484,112.59615325927734,111.71019744873047,110.87593841552734,110.17704010009766,109.47270965576172,108.63124084472656,107.781005859375,107.3102035522461,107.4075927734375,107.80140686035156,107.90379333496094,107.12391662597656,105.3009033203125,102.88056182861328,100.60922241210938,99.03726959228516,97.89938354492188,96.67552185058594,95.6273422241211,95.19192504882812,95.19793701171875,94.98096466064453,94.17900085449219,93.06867218017578,92.08150482177734,91.3712387084961,90.89672088623047,90.55819702148438,90.39083099365234,90.44306945800781,90.61880493164062,90.55970001220703,89.87335205078125,88.6932144165039
117.97147369384766,117.45977783203125,117.09773254394531,116.40995788574219,116.26744079589844,116.17912292480469,115.72622680664062,115.00277709960938,114.28636932373047,113.62002563476562,112.96027374267578,112.29525756835938,111.5827407836914,110.77409362792969,109.8863296508789,108.92572021484375,107.89985656738281,107.08988952636719,106.88492584228516,107.31012725830078,107.923583984375,107.97456359863281,106.77494049072266,104.33918762207031,101.51908874511719,99.30831146240234,97.89690399169922,96.68460845947266,95.34967041015625,94.34263610839844,94.08467864990234,94.13511657714844,93.76996612548828,92.98116302490234,92.20438385009766,91.3881607055664,90.38707733154297,89.56904602050781,89.33343505859375,89.55306243896484,89.91416931152344,90.35224914550781,90.3826904296875,89.47662353515625
117.9184799194336,117.13667297363281,116.65377807617188,116.02828216552734,115.77859497070312,115.65459442138672,115.36699676513672,114.98197174072266,114.57988739013672,114.04637145996094,113.44116973876953,112.88209533691406,112.24837493896484,111.38986206054688,110.3370590209961,109.21162414550781,108.1146469116211,107.1976089477539,106.76261138916016,106.9124984741211,107.37247467041016,107.6402816772461,107.21774291992188,105.7313232421875,103.30049896240234,100.71312713623047,98.72920227050781,97.31669616699219,95.98796081542969,94.7771224975586,94.11824035644531,93.86642456054688,93.40703582763672,92.61547088623047,91.953857421875,91.44908142089844,90.6083755493164,89.53832244873047,88.94779205322266,89.00760650634766,89.43798065185547,90.04981231689453,90.15654754638672,89.84768676757812
117.48722076416016,116.31830596923828,115.83363342285156,115.40316772460938,115.11050415039062,114.92898559570312,114.7535400390625,114.6601791381836,114.58126068115234,114.27749633789062,113.82388305664062,113.41922760009766,112.90312957763672,111.99866485595703,110.74027252197266,109.42031860351562,108.35940551757812,107.58433532714844,107.07719421386719,106.85777282714844,106.88677978515625,106.94461059570312,106.75988006591797,106.16647338867188,104.94402313232422,103.08850860595703,101.01483154296875,99.11156463623047,97.46235656738281,96.08415222167969,95.22631072998047,94.83343505859375,94.2734603881836,93.22233581542969,92.14738464355469,91.54261779785156,91.1797103881836,90.66075134277344,90.07121276855469,89.6617202758789,89.72616577148438,90.14559173583984,90.27745056152344,90.41722106933594
116.64567565917969,115.28166198730469,114.85293579101562,114.53231048583984,114.1754150390625,113.92538452148438,113.84245300292969,113.9895248413086,114.18961334228516,114.13701629638672,113.88880157470703,113.71849060058594,113.46485137939453,112.65288543701172,111.2248306274414,109.67205810546875,108.587890625,108.01746368408203,107.59485626220703,107.10965728759766,106.6686782836914,106.39031982421875,106.18230438232422,105.91355895996094,105.45976257324219,104.7176284790039,103.56083679199219,101.89546203613281,99.9658203125,98.20559692382812,96.8637466430664,96.18936920166016,95.86255645751953,95.08333587646484,93.7049789428711,92.45303344726562,91.97579193115234,92.03762817382812,91.93956756591797,91.47760772705078,91.12881469726562,91.15819549560547,91.23542022705078,91.16314697265625
116.06169128417969,114.7180404663086,114.27330017089844,113.93006896972656,113.5313949584961,113.31831359863281,113.37716674804688,113.66148376464844,113.94458770751953,114.0160140991211,113.90532684326172,113.86856842041016,113.89510345458984,113.41259765625,112.04400634765625,110.25668334960938,108.91625213623047,108.32044982910156,108.05852508544922,107.62279510498047,106.97083282470703,106.36927795410156,105.92639923095703,105.55810546875,105.23172760009766,104.99872589111328,104.71432495117188,103.92269897460938,102.55516052246094,100.93103790283203,99.29840850830078,98.05065155029297,97.53187561035156,97.1375503540039,95.95510864257812,94.26663208007812,93.18919372558594,93.14845275878906,93.4315185546875,93.33800506591797,93.01638793945312,92.87710571289062,92.74882507324219,92.31558990478516
116.60275268554688,115.19561004638672,114.58861541748047,114.04634094238281,113.52851867675781,113.35102844238281,113.50904083251953,113.79219055175781,113.97885131835938,114.01826477050781,113.9586410522461,113.96947479248047,114.15509033203125,114.03334045410156,112.96288299560547,111.16189575195312,109.53246307373047,108.67254638671875,108.46289825439453,108.35118865966797,107.9078369140625,107.18791198730469,106.3730697631836,105.5320816040039,104.88581085205078,104.59233093261719,104.52820587158203,104.31968688964844,103.81812286376953,103.08458709716797,102.0474853515625,100.89437103271484,100.06690979003906,99.51615905761719,98.45246887207031,96.5622787475586,94.80148315429688,94.15946197509766,94.37208557128906,94.54932403564453,94.42864227294922,94.26229095458984,94.10628509521484,93.71370697021484
117.29974365234375,115.88026428222656,115.21110534667969,114.54556274414062,113.91838836669922,113.71626281738281,113.92418670654297,114.21918487548828,114.32807922363281,114.2697982788086,114.16836547851562,114.20318603515625,114.52851104736328,114.71614074707031,113.94750213623047,112.23484802246094,110.46465301513672,109.376708984375,109.12793731689453,109.35002136230469,109.3050308227539,108.62281036376953,107.4289779663086,105.99513244628906,104.77100372314453,104.09260559082031,103.88818359375,103.87964630126953,103.94763946533203,104.03639221191406,103.98466491699219,103.66107940673828,103.11400604248047,102.41813659667969,101.31083679199219,99.38679504394531,97.08258056640625,95.48712921142578,95.01522827148438,95.15557861328125,95.23592376708984,95.06521606445312,94.87938690185547,94.64276123046875
117.21145629882812,116.01600646972656,115.52432250976562,114.99169921875,114.48165893554688,114.2469482421875,114.40164947509766,114.75125885009766,114.94155883789062,114.86366271972656,114.6688003540039,114.61205291748047,114.92684173583984,115.32682037353516,114.8848648071289,113.29737091064453,111.411865234375,110.13916015625,109.814697265625,110.2307357788086,110.48450469970703,109.81828308105469,108.32463073730469,106.5263900756836,104.89949035644531,103.81295013427734,103.4156723022461,103.49360656738281,103.68610382080078,103.9753646850586,104.57503509521484,105.28392028808594,105.49012756347656,104.99131774902344,103.95394897460938,102.30374908447266,99.9842529296875,97.64338684082031,96.18029022216797,95.72261047363281,95.7117919921875,95.64639282226562,95.46253204345703,95.05857849121094
116.74498748779297,115.82865142822266,115.49124908447266,115.08148193359375,114.76924896240234,114.50438690185547,114.36077880859375,114.52476501464844,114.85480499267578,115.06127166748047,115.04644775390625,114.98458099365234,115.16817474365234,115.56014251708984,115.43024444580078,114.21172332763672,112.41416931152344,110.98223876953125,110.4124526977539,110.682373046875,110.94036865234375,110.21751403808594,108.53231048583984,106.6496810913086,105.10636138916016,104.0289077758789,103.49794006347656,103.39215850830078,103.3985595703125,103.49103546142578,104.05903625488281,105.27017211914062,106.44207763671875,106.67002868652344,105.90460968017578,104.52125549316406,102.56582641601562,100.19786071777344,98.0847396850586,96.78488159179688,96.35294342041016,96.34884643554688,96.1722412109375,95.4513931274414
115.99040985107422,115.2381820678711,114.96878814697266,114.69461822509766,114.58878326416016,114.4632568359375,114.1666030883789,113.9870376586914,114.16424560546875,114.62647247314453,115.11626434326172,115.4758529663086,115.81766510009766,116.2336196899414,116.2940673828125,115.46734619140625,113.96895599365234,112.53934478759766,111.70130920410156,111.55591583251953,111.50487518310547,110.66400146484375,108.96976470947266,107.20516204833984,105.992431640625,105.2624282836914,104.73062133789062,104.26776123046875,103.77728271484375,103.30265808105469,103.3071517944336,104.26846313476562,105.87884521484375,106.975830078125,106.8099365234375,105.68669128417969,103.97522735595703,101.84590148925781,99.72108459472656,98.1364517211914,97.3628158569336,97.0899887084961,96.59618377685547,95.71480560302734
115.12370300292969,114.56183624267578,114.44587707519531,114.41011047363281,114.52165985107422,114.52371215820312,114.26933288574219,114.0291748046875,114.0169448852539,114.3283462524414,114.92361450195312,115.6539306640625,116.39733123779297,117.08683776855469,117.38764953613281,116.89676666259766,115.70829772949219,114.34292602539062,113.28009796142578,112.7198715209961,112.32622528076172,111.43043518066406,109.95172882080078,108.54308319091797,107.76026916503906,107.46504211425781,107.1536636352539,106.51741790771484,105.47808074951172,104.31394958496094,103.59458923339844,103.92314910888672,105.26171112060547,106.65792083740234,107.06949615478516,106.26762390136719,104.65620422363281,102.73300170898438,100.90211486816406,99.53815460205078,98.85918426513672,98.4269790649414,97.46346282958984,96.13082122802734
114.9827880859375,114.57929992675781,114.4862060546875,114.37080383300781,114.38875579833984,114.31989288330078,114.06878662109375,113.8988265991211,113.923828125,114.11676025390625,114.52669525146484,115.22284698486328,116.11448669433594,116.93955993652344,117.33421325683594,117.00040435791016,115.98210906982422,114.63525390625,113.39018249511719,112.56783294677734,112.00900268554688,111.19852447509766,110.11390686035156,109.31120300292969,109.15350341796875,109.36151123046875,109.3855972290039,108.8534164428711,107.68828582763672,106.26382446289062,105.24781799316406,105.11663055419922,105.92036437988281,107.1689224243164,107.91297912597656,107.5296401977539,106.2432861328125,104.66547393798828,103.30641174316406,102.515380859375,102.09012603759766,101.4029541015625,100.02708435058594,98.06575775146484
115.39585876464844,114.8874282836914,114.67549133300781,114.29708862304688,114.01236724853516,113.82172393798828,113.62113189697266,113.55001068115234,113.66395568847656,113.89083099365234,114.23869323730469,114.88156127929688,115.85816955566406,116.77345275878906,117.07051849365234,116.49301147460938,115.19677734375,113.61611938476562,112.25531005859375,111.44979858398438,110.98471069335938,110.31500244140625,109.46318817138672,109.0762939453125,109.4781494140625,110.203369140625,110.5707015991211,110.26595306396484,109.33309173583984,108.14191436767578,107.18539428710938,106.8746566772461,107.36477661132812,108.39855194091797,109.28958129882812,109.55670928955078,109.16389465332031,108.37496185302734,107.61084747314453,107.44371032714844,107.41819763183594,106.76834869384766,105.13066864013672,102.59368896484375
