data/wind_data/wind_1_8.json
{"header": {"parameterUnit": "KT", "parameterCategory": 2, "nx": 256, "ny": 198, "lo1": 44.73521041870117, "la1": -3.236724853515625, "lo2": 111.26478576660156, "la2": 43.468475341796875, "dx": 0.2609002888202667, "dy": -0.23708222806453705, "refTime": "2025-02-19 01:00:00", "forecastTime": 0, "parameterNumber": 2, "parameterNumberName": "eastward_wind"}, "data":
[rows 171 to 189 of 198, columns 176 to 219 of 256]
43.317073822021484,42.29295349121094,41.972110748291016,41.440643310546875,40.416656494140625,39.11639404296875,38.18381118774414,37.84735870361328,37.50780487060547,36.84377670288086,36.42052459716797,36.53213882446289,36.326297760009766,35.39271926879883,34.62278747558594,34.499874114990234,34.73487091064453,35.61800003051758,36.96986770629883,37.6566162109375,37.71286392211914,38.016578674316406,38.59166717529297,39.78529739379883,41.62791061401367,43.38957977294922,44.50214385986328,44.82691955566406,44.26287078857422,43.34988021850586,42.466766357421875,41.248756408691406,40.00692367553711,39.55954360961914,39.77265548706055,40.207157135009766,41.258487701416016,42.8152961730957,43.96541213989258,44.37907028198242,44.48310852050781,44.63399887084961,44.78628921508789,44.879722595214844
43.68830108642578,42.638973236083984,42.101558685302734,42.16835021972656,41.93545913696289,41.14378356933594,40.498313903808594,39.788551330566406,38.49458312988281,37.21329116821289,36.84814453125,37.20585632324219,37.13288879394531,36.35480880737305,35.62093734741211,35.142478942871094,35.12526321411133,35.96211624145508,37.15410614013672,37.31547546386719,36.859195709228516,37.26866149902344,38.789363861083984,40.8200569152832,42.670894622802734,44.13215637207031,45.247772216796875,45.6407585144043,45.02397918701172,43.89823532104492,43.05100631713867,42.16746520996094,40.61094284057617,39.347782135009766,39.09378433227539,39.28776550292969,40.16632843017578,41.630577087402344,42.94674301147461,43.94295120239258,44.929317474365234,45.76131057739258,46.008636474609375,46.0711784362793
42.24666213989258,41.40167236328125,41.395599365234375,41.83647155761719,42.05966567993164,41.990081787109375,41.7437744140625,40.95119094848633,39.4953727722168,38.19794845581055,37.585289001464844,37.38847732543945,37.10312271118164,36.30524826049805,35.62903594970703,35.547950744628906,35.86240768432617,36.410030364990234,36.854007720947266,36.57114028930664,36.249202728271484,36.86958312988281,38.25174331665039,40.35346603393555,42.617191314697266,44.3804931640625,45.717960357666016,46.37591552734375,45.83969497680664,44.455623626708984,43.33594512939453,42.8097038269043,41.9549560546875,40.418052673339844,39.1707878112793,38.78337097167969,39.09001541137695,40.06197738647461,41.515411376953125,43.0649299621582,44.48551559448242,45.55912399291992,46.23536682128906,46.92292785644531
40.77605438232422,40.06198501586914,40.655357360839844,41.77255630493164,42.19267654418945,41.91549301147461,41.46507263183594,40.807838439941406,39.876651763916016,39.08270263671875,38.400535583496094,37.634727478027344,36.75786209106445,36.018959045410156,35.84526824951172,35.873924255371094,36.127620697021484,36.330841064453125,36.13344192504883,35.71345520019531,35.571449279785156,35.908782958984375,36.949703216552734,39.16374206542969,42.035194396972656,44.50214767456055,46.172359466552734,47.148170471191406,47.0727424621582,45.319541931152344,42.97630310058594,42.04839324951172,42.12299346923828,41.44541549682617,39.907447814941406,38.954833984375,39.138336181640625,39.91725540161133,40.80567169189453,41.99712371826172,43.516319274902344,44.917457580566406,45.96268081665039,46.98839569091797
40.54056167602539,39.82862091064453,40.043792724609375,41.14849853515625,41.81358337402344,41.40580368041992,40.5947151184082,39.96697235107422,39.73642349243164,39.70158767700195,39.29833221435547,38.267913818359375,36.91063690185547,36.07001876831055,36.11552810668945,36.22346878051758,36.46091079711914,36.63014602661133,36.08641815185547,35.17438507080078,34.974552154541016,35.6575927734375,36.5477409362793,37.97241973876953,40.6732063293457,43.9367790222168,46.043052673339844,47.117008209228516,47.67487335205078,46.304386138916016,43.5067024230957,42.29485321044922,42.61954116821289,41.87406921386719,40.31687927246094,39.63706588745117,39.784637451171875,40.25995635986328,40.952030181884766,41.85258102416992,43.114627838134766,44.512821197509766,45.56398010253906,46.32278823852539
40.85824966430664,40.53606033325195,39.887603759765625,40.07416534423828,40.69639205932617,40.65767288208008,39.761512756347656,38.72894287109375,38.312435150146484,38.62064743041992,39.0364990234375,38.801185607910156,37.708316802978516,36.51426315307617,36.15547561645508,36.495033264160156,36.901180267333984,37.015384674072266,36.52113723754883,35.64095687866211,35.444190979003906,36.17150115966797,36.58659362792969,37.02071762084961,38.998138427734375,42.16334915161133,44.5064697265625,45.96867370605469,47.253719329833984,47.00376892089844,44.860809326171875,43.24362564086914,43.00109100341797,42.361873626708984,41.058815002441406,40.27509689331055,40.209232330322266,40.59367370605469,41.53620147705078,42.787269592285156,44.01631164550781,44.9458122253418,45.51899337768555,46.02370834350586
41.375614166259766,41.52323913574219,40.69351577758789,40.0788459777832,40.05208969116211,39.722904205322266,38.763126373291016,37.548194885253906,36.518089294433594,36.27676773071289,36.938201904296875,37.90179443359375,38.048553466796875,37.22956848144531,36.53639602661133,36.68732833862305,37.40558624267578,37.93022155761719,37.7228889465332,36.8968391418457,36.30665969848633,36.50167465209961,36.772701263427734,36.95597457885742,38.00205993652344,40.123741149902344,42.15486526489258,43.72022247314453,45.0941276550293,46.01594924926758,45.73713302612305,44.37065887451172,43.16990661621094,42.701515197753906,42.38161849975586,41.86888885498047,41.505130767822266,41.785518646240234,42.93561553955078,44.35380935668945,45.327880859375,45.879878997802734,46.24205017089844,46.52079391479492
41.59598922729492,41.77652359008789,41.407371520996094,40.73997497558594,40.22187042236328,39.65963363647461,38.63277816772461,37.10288619995117,35.611026763916016,35.01016616821289,35.40515899658203,36.279747009277344,36.896934509277344,36.72775650024414,36.16364669799805,36.16489028930664,37.27278137207031,38.844356536865234,39.474884033203125,38.60086441040039,37.40045928955078,37.08645248413086,37.06718444824219,37.232765197753906,38.07958221435547,39.29294204711914,40.439517974853516,41.58396911621094,42.924495697021484,44.25927734375,44.947288513183594,44.46916198730469,43.67148971557617,43.73859786987305,44.175411224365234,43.96336364746094,43.45323944091797,43.70492935180664,44.79838562011719,45.87657928466797,46.35602569580078,46.553367614746094,46.928585052490234,47.299888610839844
41.144256591796875,41.21986389160156,41.21678161621094,41.103031158447266,40.617950439453125,39.95516586303711,39.09745788574219,37.6729850769043,36.021461486816406,35.1138916015625,35.240570068359375,35.774879455566406,36.06258010864258,36.0064697265625,35.730133056640625,35.732295989990234,36.604679107666016,38.29122543334961,39.707275390625,39.918609619140625,39.2374267578125,38.711769104003906,38.473419189453125,38.22653579711914,38.20133972167969,38.883785247802734,39.8784294128418,40.615013122558594,41.50801086425781,42.85533142089844,44.019554138183594,44.429046630859375,44.445335388183594,44.85625457763672,45.56332778930664,45.799537658691406,45.397335052490234,45.0001220703125,45.28371047973633,45.99814987182617,46.466270446777344,46.5535774230957,46.694557189941406,47.066612243652344
40.293609619140625,40.46493911743164,40.88088607788086,41.26332473754883,41.11259460449219,40.54151153564453,39.80998611450195,38.58155822753906,36.879581451416016,35.713134765625,35.519691467285156,35.78889846801758,35.8303108215332,35.48897933959961,35.029972076416016,34.814788818359375,35.40821075439453,37.064186096191406,38.78948974609375,39.606666564941406,39.58843994140625,39.33682632446289,39.131988525390625,38.93492889404297,38.64829635620117,38.82585906982422,39.844749450683594,40.979156494140625,41.66683578491211,42.201210021972656,42.81916046142578,43.376224517822266,43.89173126220703,44.64278793334961,45.67375946044922,46.304527282714844,45.86577606201172,44.92180633544922,44.63615798950195,45.22675323486328,45.983524322509766,46.38817596435547,46.5816650390625,46.8963737487793
39.726444244384766,40.087615966796875,40.65414810180664,41.12436294555664,41.1524658203125,40.910911560058594,40.45631408691406,39.50339126586914,38.22782897949219,37.13317108154297,36.371803283691406,35.89835739135742,35.58955383300781,35.216270446777344,34.611610412597656,34.014320373535156,33.977333068847656,34.83780288696289,36.15983581542969,37.30825424194336,37.95922088623047,38.124019622802734,38.22208023071289,38.58320236206055,39.28116226196289,40.253501892089844,41.21366500854492,41.894935607910156,42.165340423583984,42.1528434753418,42.15074157714844,42.32453536987305,42.78475570678711,43.60554885864258,44.560302734375,45.04132080078125,44.70317077636719,44.03656005859375,43.850547790527344,44.46077346801758,45.45071792602539,46.10542678833008,46.26031494140625,46.36750030517578
40.15626907348633,40.373023986816406,40.657955169677734,40.92444610595703,40.96474838256836,40.941917419433594,40.80998992919922,40.204715728759766,39.33414077758789,38.63805389404297,37.94776153564453,36.8470573425293,35.69654846191406,35.18408966064453,35.004825592041016,34.41865539550781,33.66993713378906,33.613304138183594,34.333740234375,35.29909896850586,36.106990814208984,36.49985122680664,36.839683532714844,37.81226348876953,39.4071044921875,41.04985427856445,42.21184539794922,42.721981048583984,42.711856842041016,42.407535552978516,42.09050369262695,41.92353057861328,41.97480010986328,42.24489212036133,42.664825439453125,42.99235534667969,43.02729797363281,42.95379638671875,43.26053237915039,44.158329010009766,45.15083694458008,45.484169006347656,45.307674407958984,45.363853454589844
41.26477813720703,41.27385330200195,41.2490348815918,41.13040542602539,41.02559280395508,41.08769989013672,41.14031982421875,40.73018264770508,40.173919677734375,39.93886947631836,39.634376525878906,38.50435256958008,36.94810104370117,36.141929626464844,36.1208381652832,35.82960891723633,35.16145706176758,34.929656982421875,35.21922302246094,35.5176887512207,35.707435607910156,35.85383605957031,36.18667984008789,37.15068054199219,38.620452880859375,40.02943420410156,41.25526809692383,42.294795989990234,42.94694137573242,43.02466583251953,42.57173538208008,42.0240592956543,41.63125991821289,41.361751556396484,41.3795280456543,41.58097839355469,41.62500762939453,41.61385726928711,42.087127685546875,43.12143325805664,44.035396575927734,44.26462936401367,44.12960433959961,44.22078323364258
42.308677673339844,42.25408935546875,42.08180236816406,41.78010940551758,41.513729095458984,41.45673370361328,41.50873947143555,41.185672760009766,40.60801315307617,40.44082260131836,40.62577438354492,40.123538970947266,38.77614212036133,37.557926177978516,36.93594741821289,36.679264068603516,36.56878662109375,36.40642166137695,36.13449478149414,35.94598388671875,35.80493927001953,35.6871223449707,35.93800735473633,36.766761779785156,37.71159362792969,38.40532302856445,39.24342346191406,40.35425567626953,41.301761627197266,41.770381927490234,41.87752914428711,41.673709869384766,41.110469818115234,40.613258361816406,40.569854736328125,40.674591064453125,40.50552749633789,40.21440887451172,40.38970947265625,41.17510223388672,42.10277557373047,42.76795196533203,43.05023956298828,43.09056854248047
42.890533447265625,42.945377349853516,42.71702194213867,42.52538299560547,42.28701400756836,42.03900909423828,41.86106872558594,41.564842224121094,41.09700393676758,40.720211029052734,40.69179916381836,40.50877380371094,39.6461296081543,38.36946487426758,37.33405303955078,37.025508880615234,37.22205352783203,37.235774993896484,36.94684600830078,36.61053466796875,36.18283462524414,35.802162170410156,36.00630569458008,36.75325012207031,37.26572036743164,37.28997802734375,37.70606231689453,38.73355484008789,39.60995864868164,40.12146759033203,40.524261474609375,40.637733459472656,40.362770080566406,40.220977783203125,40.277584075927734,40.05607986450195,39.562591552734375,39.240257263183594,39.35780715942383,39.86001968383789,40.53907775878906,41.146785736083984,41.581607818603516,41.84794235229492
42.638938903808594,42.85441589355469,42.87233352661133,42.94849395751953,42.92040252685547,42.64342498779297,42.31449508666992,41.985694885253906,41.543643951416016,41.00532150268555,40.53852844238281,40.20886993408203,39.67296600341797,38.7715950012207,37.890995025634766,37.503257751464844,37.389312744140625,37.16352844238281,36.888004302978516,36.64479064941406,36.43107223510742,36.3138542175293,36.52024459838867,36.89751052856445,37.00777816772461,36.86819076538086,37.078773498535156,37.664119720458984,38.1820068359375,38.668983459472656,39.17549133300781,39.41518020629883,39.54700469970703,39.88249206542969,40.03849792480469,39.6746940612793,39.17449951171875,38.96147537231445,39.0262336730957,39.25106430053711,39.56068420410156,39.93385696411133,40.37694549560547,40.738731384277344
41.87648391723633,41.97100067138672,42.207275390625,42.651611328125,43.06246566772461,42.96410369873047,42.399932861328125,41.927642822265625,41.68864059448242,41.30666732788086,40.745506286621094,40.303504943847656,39.84220886230469,39.163307189941406,38.46802520751953,38.079410552978516,37.86576461791992,37.32557678222656,36.633567810058594,36.34937286376953,36.4561882019043,36.561492919921875,36.68151092529297,36.874473571777344,36.88161087036133,36.66096496582031,36.644107818603516,37.00307846069336,37.547950744628906,38.02787399291992,38.32286071777344,38.5251579284668,38.734439849853516,38.88423156738281,38.97575759887695,39.05857849121094,39.05590057373047,39.10390090942383,39.3150749206543,39.575897216796875,39.66514205932617,39.54644775390625,39.472198486328125,39.50360870361328
41.558631896972656,41.31079864501953,41.40370178222656,41.95832443237305,42.68839645385742,42.869834899902344,42.36550521850586,41.71162414550781,41.240745544433594,40.97639465332031,40.835899353027344,40.74391555786133,40.58954620361328,40.1062126159668,39.2700309753418,38.54872512817383,38.06142807006836,37.5666618347168,36.93213653564453,36.56857681274414,36.585166931152344,36.62381362915039,36.63776779174805,36.653297424316406,36.58235549926758,36.37718963623047,36.3249626159668,36.7289924621582,37.367530822753906,37.71553421020508,37.752315521240234,37.630062103271484,37.22942352294922,36.786834716796875,36.82389831542969,37.331295013427734,37.97983932495117,38.715084075927734,39.45881652832031,39.95098114013672,39.93421173095703,39.410736083984375,38.79063415527344,38.516971588134766
41.45942306518555,41.084716796875,40.99287796020508,41.266883850097656,41.74042892456055,42.03934860229492,41.90237808227539,41.24538803100586,40.564754486083984,40.45041275024414,40.6031379699707,40.56594467163086,40.422000885009766,40.244346618652344,39.86677551269531,39.29925537109375,38.57819366455078,37.952545166015625,37.40918731689453,36.962730407714844,36.80364990234375,36.59838104248047,36.29945755004883,36.225120544433594,36.0543327331543,35.63458251953125,35.49933624267578,35.957237243652344,36.53089904785156,36.82677459716797,36.90166091918945,36.62630844116211,35.8025016784668,34.97007369995117,34.93720245361328,35.72220993041992,36.846893310546875,38.09413528442383,39.321266174316406,40.12394714355469,40.1373291015625,39.508235931396484,38.786861419677734,38.25276184082031
