data/wind_data/wind_48_4.json
{"header": {"parameterUnit": "KT", "parameterCategory": 2, "nx": 256, "ny": 198, "lo1": 44.73521041870117, "la1": -3.236724853515625, "lo2": 111.26478576660156, "la2": 43.468475341796875, "dx": 0.2609002888202667, "dy": -0.23708222806453705, "refTime": "2025-02-21 00:00:00", "forecastTime": 0, "parameterNumber": 2, "parameterNumberName": "eastward_wind"}, "data":
[rows 95 to 113 of 198, columns 132 to 175 of 256]
16.92576026916504,18.352994918823242,19.83745574951172,20.451248168945312,20.451818466186523,20.2821044921875,20.224576950073242,20.643657684326172,21.36634635925293,21.269344329833984,19.19621467590332,14.724388122558594,10.96601676940918,9.9454984664917,10.209884643554688,9.688796043395996,8.217616081237793,7.553830623626709,7.718085765838623,8.084787368774414,8.119729042053223,7.738429546356201,9.028643608093262,10.895421981811523,10.80725383758545,9.95043659210205,9.972329139709473,11.013681411743164,11.02246379852295,10.995680809020996,11.721555709838867,11.435859680175781,10.304895401000977,10.313630104064941,9.2459135055542,7.355445384979248,6.1379475593566895,5.213745594024658,4.78472900390625,5.0865960121154785,6.0419840812683105,6.708761215209961,6.934245586395264,7.275973796844482
14.992030143737793,16.463802337646484,18.88768196105957,19.94562339782715,20.187036514282227,20.45979881286621,20.819778442382812,21.178607940673828,20.746036529541016,19.582496643066406,18.78841209411621,17.718029022216797,15.08448314666748,12.844452857971191,12.109936714172363,11.797533988952637,10.110006332397461,8.32373332977295,7.357601165771484,7.282973766326904,7.655808925628662,8.238717079162598,10.164630889892578,11.889161109924316,11.197590827941895,9.275582313537598,9.717808723449707,11.051045417785645,11.315755844116211,11.56657600402832,12.51927661895752,12.71323299407959,11.378713607788086,10.867286682128906,10.92870807647705,10.772537231445312,9.037046432495117,6.703049182891846,5.513352394104004,5.80244255065918,6.356503963470459,6.075991153717041,5.765916347503662,6.343742847442627
13.432319641113281,15.690987586975098,18.196107864379883,19.640361785888672,19.25347137451172,18.516380310058594,18.62348175048828,19.496383666992188,19.453582763671875,18.807905197143555,18.48639488220215,18.96031379699707,18.822669982910156,16.87209129333496,14.814006805419922,14.031030654907227,13.170709609985352,10.485188484191895,8.02656364440918,7.453611850738525,8.090627670288086,8.779848098754883,9.978690147399902,11.21753215789795,10.982278823852539,10.35295581817627,11.226539611816406,11.782963752746582,12.018579483032227,12.990042686462402,13.419517517089844,13.708426475524902,12.77620792388916,12.070228576660156,11.833159446716309,11.456277847290039,9.854631423950195,7.177326679229736,5.692967414855957,6.2783050537109375,6.816102981567383,5.751828670501709,4.823732852935791,5.679455757141113
12.427980422973633,14.83592414855957,16.961084365844727,19.121753692626953,18.84244155883789,17.750564575195312,17.4990177154541,18.008331298828125,18.22863006591797,18.1248836517334,18.16286277770996,17.920658111572266,18.28095054626465,17.48874282836914,15.853666305541992,15.323866844177246,15.203450202941895,12.96668815612793,9.833169937133789,8.315756797790527,8.41257381439209,9.062655448913574,9.894362449645996,10.936234474182129,11.452545166015625,12.239469528198242,12.69417667388916,12.621355056762695,13.79217529296875,15.118768692016602,14.508110046386719,14.439597129821777,13.771422386169434,13.098201751708984,12.829651832580566,11.537331581115723,9.294455528259277,6.8004374504089355,6.086369514465332,7.223310470581055,8.198334693908691,7.489126205444336,6.046780586242676,6.195060729980469
12.494565963745117,13.853936195373535,15.111122131347656,17.055160522460938,17.437883377075195,16.67013931274414,16.042827606201172,15.970751762390137,16.75887107849121,17.706933975219727,18.23137664794922,18.1041202545166,18.152328491210938,16.90391731262207,15.286319732666016,14.986080169677734,14.556673049926758,13.272029876708984,11.581093788146973,9.745704650878906,9.144702911376953,9.532519340515137,10.686954498291016,11.543644905090332,12.200325965881348,13.071388244628906,13.464348793029785,14.288610458374023,15.899425506591797,16.444795608520508,14.802284240722656,13.709771156311035,12.813051223754883,12.227328300476074,12.339205741882324,11.775532722473145,9.688301086425781,7.247142314910889,7.381032466888428,8.962706565856934,10.388131141662598,11.003459930419922,10.003889083862305,8.797099113464355
13.070354461669922,14.043989181518555,14.411694526672363,15.130314826965332,15.743892669677734,15.832863807678223,16.03969955444336,16.43051528930664,16.30655288696289,16.753564834594727,17.774873733520508,18.221981048583984,18.548969268798828,17.667564392089844,15.628963470458984,15.010734558105469,13.807211875915527,12.879825592041016,12.236862182617188,11.875680923461914,11.050227165222168,10.691553115844727,11.483453750610352,12.867374420166016,13.791916847229004,14.629881858825684,15.296547889709473,16.961442947387695,16.721233367919922,14.747981071472168,12.288302421569824,10.934805870056152,11.287193298339844,11.498069763183594,11.8582181930542,11.457708358764648,10.859917640686035,10.063531875610352,10.485161781311035,11.876229286193848,12.982428550720215,13.83807373046875,13.680398941040039,12.256392478942871
12.6488676071167,13.731819152832031,14.785797119140625,15.078407287597656,15.276026725769043,15.736156463623047,16.837600708007812,17.936800003051758,17.737884521484375,16.41618537902832,15.81867790222168,16.141183853149414,17.057331085205078,17.550189971923828,16.084157943725586,14.993942260742188,14.853315353393555,14.338751792907715,13.995251655578613,13.42680835723877,12.664101600646973,12.302848815917969,12.554612159729004,13.361164093017578,13.724863052368164,14.257354736328125,15.107749938964844,15.672616004943848,13.988594055175781,11.316343307495117,10.35977840423584,10.61777400970459,11.888031959533691,12.326923370361328,12.029584884643555,11.456609725952148,11.366537094116211,12.287322998046875,13.551010131835938,14.519594192504883,15.123427391052246,15.58358383178711,15.523115158081055,14.558368682861328
12.323421478271484,12.595394134521484,13.933938980102539,14.41409969329834,14.605034828186035,15.388357162475586,17.17840576171875,19.071260452270508,19.44864845275879,17.82097053527832,16.038061141967773,15.59495735168457,16.35331916809082,17.36357879638672,16.943899154663086,15.824187278747559,15.338725090026855,15.651718139648438,15.776561737060547,14.983963012695312,14.031073570251465,13.198212623596191,12.743961334228516,12.814775466918945,12.474888801574707,12.055394172668457,12.108709335327148,12.539885520935059,13.07084846496582,12.78053092956543,11.721198081970215,11.550897598266602,12.419334411621094,12.966719627380371,13.361088752746582,13.778481483459473,13.458357810974121,12.73287582397461,12.738465309143066,13.770695686340332,14.924943923950195,15.81342601776123,16.258909225463867,16.161148071289062
14.069835662841797,13.101631164550781,13.189209938049316,14.107712745666504,15.080398559570312,15.86104679107666,17.29334259033203,19.150291442871094,20.174842834472656,19.10089111328125,16.844261169433594,15.640198707580566,16.20331382751465,17.52029800415039,18.0779972076416,17.408618927001953,16.515552520751953,16.247499465942383,15.964285850524902,14.858513832092285,14.040559768676758,13.891559600830078,13.39868450164795,12.580924987792969,11.623743057250977,11.791099548339844,12.365767478942871,12.836617469787598,13.382119178771973,13.898293495178223,13.855032920837402,13.542593955993652,13.411001205444336,13.532553672790527,14.111660957336426,14.913557052612305,14.717397689819336,13.151165008544922,11.716169357299805,11.990498542785645,13.876434326171875,15.99777889251709,17.163171768188477,17.631784439086914
14.919665336608887,14.635176658630371,13.646710395812988,13.946558952331543,14.859878540039062,15.1946382522583,16.12835693359375,18.086864471435547,19.606950759887695,18.96474838256836,16.508150100708008,15.059450149536133,16.072765350341797,17.889461517333984,18.93817710876465,18.809673309326172,17.74401092529297,16.833629608154297,16.1344051361084,14.984228134155273,13.977866172790527,13.462691307067871,12.779471397399902,12.101273536682129,11.702424049377441,12.112554550170898,12.862751007080078,13.44247817993164,14.077383995056152,14.884013175964355,15.253162384033203,14.99329662322998,14.500109672546387,14.44650650024414,15.027276992797852,15.670486450195312,15.792219161987305,15.161401748657227,13.781188011169434,12.13083553314209,12.477322578430176,15.079989433288574,17.823204040527344,19.622020721435547
14.165047645568848,14.482269287109375,14.433699607849121,14.634645462036133,15.092156410217285,15.150712966918945,15.533295631408691,16.933914184570312,18.40749168395996,18.596778869628906,17.287147521972656,16.175626754760742,16.776945114135742,18.383298873901367,19.63873863220215,19.551963806152344,18.33549690246582,16.960861206054688,15.848492622375488,14.506824493408203,13.175307273864746,12.546063423156738,12.263211250305176,12.131491661071777,12.32290267944336,12.999123573303223,13.868002891540527,14.706652641296387,15.423401832580566,15.921696662902832,15.95798110961914,15.573386192321777,15.159353256225586,14.918628692626953,15.15339469909668,15.822272300720215,16.488000869750977,16.683752059936523,15.99860668182373,14.818046569824219,14.357552528381348,15.678930282592773,18.104204177856445,20.481616973876953
13.82314395904541,13.741841316223145,14.259698867797852,14.773998260498047,15.665655136108398,16.059146881103516,16.103700637817383,16.857101440429688,18.262516021728516,19.250150680541992,18.993160247802734,18.04738998413086,17.92397689819336,18.75503158569336,19.414953231811523,19.02549934387207,17.84529685974121,16.881750106811523,16.14826774597168,14.543851852416992,12.608758926391602,12.01668643951416,12.502110481262207,13.255776405334473,13.888653755187988,14.429121017456055,15.104119300842285,15.746480941772461,16.167936325073242,16.36786651611328,16.25636100769043,15.702560424804688,14.983798027038574,14.53052806854248,14.68585205078125,15.509110450744629,16.546789169311523,17.12439727783203,16.98744773864746,16.582277297973633,16.634048461914062,17.61948013305664,19.368555068969727,20.77796173095703
14.142745971679688,13.822693824768066,14.357841491699219,15.051069259643555,16.287809371948242,17.078325271606445,17.229719161987305,17.756423950195312,18.935081481933594,20.054492950439453,20.293556213378906,19.729692459106445,18.998456954956055,18.463773727416992,18.085487365722656,17.78365135192871,17.805757522583008,17.90110206604004,16.95642852783203,14.649133682250977,12.623350143432617,12.441052436828613,13.484760284423828,14.66988468170166,15.417545318603516,15.702542304992676,15.997323989868164,16.611242294311523,17.168502807617188,17.223163604736328,16.855436325073242,16.232311248779297,15.134434700012207,13.727036476135254,13.23116683959961,13.968761444091797,15.12528133392334,16.0469970703125,16.259519577026367,16.093730926513672,16.32741928100586,17.50528907775879,18.349267959594727,18.698856353759766
13.391849517822266,13.716693878173828,14.3773193359375,15.428428649902344,16.608993530273438,17.782642364501953,18.418275833129883,18.76198959350586,19.208810806274414,20.057424545288086,20.805471420288086,20.81844711303711,19.667024612426758,18.15648651123047,17.508586883544922,17.710695266723633,18.605323791503906,19.234535217285156,17.9231014251709,15.023599624633789,12.965736389160156,12.837050437927246,13.920649528503418,15.192647933959961,16.13450813293457,16.637617111206055,16.958301544189453,17.508270263671875,18.113834381103516,18.47049331665039,18.43788719177246,18.10126304626465,17.372798919677734,15.718400955200195,14.164294242858887,13.820928573608398,14.347932815551758,15.032947540283203,15.13261890411377,14.127684593200684,14.067130088806152,15.18874740600586,15.247297286987305,16.862722396850586
14.377809524536133,14.620750427246094,14.939462661743164,16.10279083251953,17.251949310302734,18.207975387573242,18.978797912597656,19.388154983520508,19.526870727539062,19.987722396850586,20.705604553222656,21.045011520385742,20.448701858520508,19.12204933166504,18.166231155395508,18.1026611328125,19.10515594482422,20.093597412109375,19.08171844482422,15.879055976867676,13.51318645477295,13.36499309539795,14.515026092529297,15.826141357421875,17.043743133544922,17.901042938232422,18.270265579223633,18.49121856689453,18.807655334472656,19.10539436340332,19.045446395874023,18.66706085205078,18.424114227294922,17.920698165893555,16.720844268798828,15.480472564697266,14.914651870727539,14.943063735961914,15.052420616149902,14.485638618469238,13.470789909362793,13.802193641662598,14.673331260681152,15.471405029296875
15.730619430541992,15.445460319519043,15.643038749694824,16.318626403808594,17.581209182739258,18.419275283813477,19.2249698638916,19.727785110473633,19.778472900390625,19.610721588134766,19.83769416809082,20.416637420654297,20.69608497619629,20.428176879882812,19.68601417541504,19.296594619750977,19.875852584838867,20.877912521362305,20.104339599609375,17.151931762695312,14.482357025146484,14.095746040344238,15.29565143585205,17.084978103637695,18.744617462158203,19.77300453186035,20.033653259277344,19.828088760375977,19.564483642578125,19.323875427246094,18.919889450073242,18.487871170043945,18.320907592773438,18.321378707885742,17.97341537475586,17.177993774414062,16.36522674560547,16.224443435668945,16.191856384277344,15.42934513092041,14.186662673950195,13.039543151855469,13.824762344360352,15.488611221313477
16.738540649414062,16.250173568725586,16.08472442626953,15.92724323272705,17.0321102142334,17.897010803222656,18.99617576599121,19.771900177001953,19.957468032836914,19.372018814086914,18.908687591552734,19.408655166625977,20.340927124023438,21.17861557006836,21.62535858154297,21.71245002746582,21.984149932861328,22.171321868896484,20.808509826660156,17.80904769897461,15.51498031616211,15.44776439666748,16.76898765563965,18.45087432861328,20.087020874023438,21.150394439697266,21.271299362182617,20.65753936767578,19.77458381652832,18.880207061767578,18.17203712463379,17.974414825439453,18.138690948486328,18.402713775634766,18.609128952026367,18.377586364746094,17.92507553100586,17.793270111083984,17.944604873657227,17.398895263671875,16.03436851501465,14.859739303588867,14.615692138671875,15.162960052490234
17.543109893798828,16.69722557067871,16.035030364990234,15.510233879089355,16.329971313476562,17.625347137451172,18.591550827026367,19.786523818969727,20.091659545898438,19.449092864990234,18.868295669555664,19.291378021240234,20.463844299316406,21.909523010253906,23.0699405670166,23.76212501525879,24.070146560668945,23.658912658691406,21.79494857788086,18.969600677490234,17.060346603393555,17.1906795501709,18.484573364257812,19.81298065185547,20.80803108215332,21.28399658203125,21.096437454223633,20.310686111450195,19.177209854125977,18.11857032775879,17.508880615234375,17.645986557006836,18.26756477355957,18.714500427246094,18.97504997253418,19.100717544555664,18.95269012451172,18.62339210510254,18.43142318725586,18.61115837097168,18.526018142700195,17.8345890045166,17.222314834594727,17.038558959960938
18.1029109954834,16.790630340576172,15.634209632873535,15.066312789916992,16.067480087280273,17.730424880981445,18.6970157623291,19.499969482421875,19.99054527282715,19.838972091674805,19.868959426879883,20.506664276123047,21.640323638916016,23.115184783935547,24.303991317749023,25.00619125366211,25.421072006225586,25.167030334472656,23.511167526245117,21.02685546875,19.31059455871582,19.07657241821289,19.675796508789062,20.27935218811035,20.595834732055664,20.55649757385254,20.211971282958984,19.591991424560547,18.746944427490234,18.016599655151367,17.72711181640625,17.961027145385742,18.674985885620117,19.41535758972168,19.682151794433594,19.547149658203125,19.277061462402344,19.02312469482422,18.816301345825195,18.912212371826172,19.559619903564453,20.248199462890625,20.65887451171875,20.427587509155273
