data/wind_data/wind_31_8.json
{"header": {"parameterUnit": "KT", "parameterCategory": 2, "nx": 256, "ny": 198, "lo1": 44.73521041870117, "la1": -3.236724853515625, "lo2": 111.26478576660156, "la2": 43.468475341796875, "dx": 0.2609002888202667, "dy": -0.23708222806453705, "refTime": "2025-02-20 07:00:00", "forecastTime": 0, "parameterNumber": 2, "parameterNumberName": "eastward_wind"}, "data":
[rows 114 to 132 of 198, columns 176 to 219 of 256]
48.09213638305664,49.038719177246094,50.007137298583984,51.05121994018555,51.83312225341797,52.10731506347656,52.62626647949219,52.22805404663086,49.34825134277344,45.416221618652344,42.62221145629883,41.573509216308594,42.34986877441406,44.41719436645508,46.28834915161133,47.97819137573242,49.119117736816406,48.0584831237793,46.1628303527832,45.697418212890625,46.3817253112793,46.950416564941406,45.52279281616211,42.783138275146484,41.523292541503906,40.789546966552734,38.044761657714844,35.35270309448242,35.328773498535156,36.8743896484375,38.63866424560547,40.51153564453125,42.41453552246094,43.064456939697266,41.859893798828125,41.098785400390625,41.95011901855469,42.475311279296875,41.997779846191406,42.115909576416016,39.893829345703125,33.64938735961914,30.005876541137695,34.12108612060547
45.93370056152344,46.900753021240234,47.701812744140625,48.77586364746094,50.08953857421875,51.342220306396484,52.779945373535156,53.669586181640625,52.506343841552734,49.64663314819336,46.54133987426758,43.83041000366211,42.4398078918457,43.393062591552734,45.90528106689453,48.07822799682617,49.50498580932617,51.10573196411133,50.39190673828125,46.96120071411133,45.77825927734375,47.69216537475586,47.250450134277344,43.727264404296875,41.26266860961914,39.768455505371094,36.9295768737793,34.15990447998047,33.966339111328125,36.024208068847656,38.663272857666016,40.89886474609375,42.94600296020508,44.252723693847656,43.646690368652344,41.64205551147461,39.7770881652832,39.466644287109375,41.05781173706055,44.028839111328125,42.37238693237305,34.8172721862793,30.308029174804688,34.538414001464844
43.156944274902344,44.70868682861328,45.821617126464844,47.041988372802734,48.572975158691406,50.26828384399414,52.272605895996094,54.12553405761719,54.55337905883789,52.86607360839844,50.0980110168457,46.986412048339844,43.96669006347656,42.98776626586914,44.8015022277832,47.15911102294922,48.89365005493164,52.52237319946289,54.21178436279297,49.5822639465332,45.21286392211914,46.41486358642578,47.65036392211914,45.103431701660156,42.3612060546875,40.841487884521484,37.570796966552734,33.423954010009766,32.04951477050781,34.52863311767578,38.268253326416016,41.296478271484375,43.86518096923828,45.80755615234375,46.42863082885742,44.2447624206543,39.848045349121094,38.140533447265625,40.86138153076172,45.076236724853516,42.91164779663086,35.188812255859375,31.46731185913086,35.19157409667969
40.14613342285156,42.091392517089844,44.07310485839844,45.941368103027344,47.77372741699219,49.61484909057617,51.83188247680664,54.15552520751953,55.228519439697266,54.190616607666016,51.95839309692383,49.503318786621094,46.520931243896484,44.11096954345703,44.06852722167969,45.707664489746094,47.86610794067383,52.03293228149414,56.11489486694336,53.81549835205078,47.721954345703125,45.1075325012207,45.35004425048828,44.35452651977539,43.52214431762695,43.79914093017578,40.985904693603516,35.304603576660156,32.07234573364258,33.65538024902344,37.12202835083008,40.58505630493164,43.982460021972656,46.50398635864258,48.449974060058594,47.61338806152344,42.68313980102539,40.01686096191406,43.119815826416016,46.74115753173828,42.21649169921875,34.226409912109375,31.839994430541992,35.22751235961914
38.24843215942383,40.39810562133789,43.35052490234375,46.000606536865234,47.863521575927734,49.57014465332031,51.846683502197266,53.948665618896484,54.44499588012695,53.373809814453125,51.994178771972656,50.86997604370117,48.8264274597168,45.92164993286133,44.25800704956055,44.72647476196289,46.74614334106445,50.576263427734375,55.48550796508789,56.859310150146484,53.24641799926758,48.52585220336914,44.98690414428711,42.885719299316406,43.776798248291016,46.26607131958008,45.18547821044922,39.915313720703125,35.911563873291016,35.793006896972656,37.667057037353516,40.58226776123047,43.396156311035156,45.72278594970703,48.49681854248047,49.47499084472656,45.982574462890625,43.23418045043945,45.79853439331055,48.572914123535156,42.95622634887695,33.90174102783203,30.884117126464844,34.04978942871094
39.15639877319336,42.00172805786133,44.8276252746582,46.81380081176758,48.08104705810547,49.55443572998047,51.4866943359375,52.950401306152344,53.03700256347656,52.147674560546875,51.57565689086914,51.48403549194336,50.12146759033203,47.478153228759766,45.649784088134766,45.47725296020508,46.57063674926758,49.23173904418945,53.31142044067383,56.87825393676758,57.375709533691406,54.28115463256836,49.11825180053711,45.06698226928711,44.89998245239258,47.626888275146484,47.662086486816406,44.1359748840332,41.10433578491211,40.06570053100586,40.55028533935547,42.402000427246094,43.71894454956055,44.81325149536133,47.84538650512695,50.29154968261719,48.517879486083984,45.97723388671875,47.42026901245117,49.73373031616211,45.21995544433594,36.405887603759766,31.956987380981445,33.7255744934082
41.1513671875,43.78553771972656,46.270206451416016,47.140438079833984,47.27130126953125,48.586265563964844,51.067955017089844,52.66802978515625,52.35215377807617,51.5912971496582,51.85812759399414,52.13106918334961,50.467041015625,48.10090637207031,46.86123275756836,46.50938415527344,46.74467086791992,48.32997512817383,51.54131317138672,55.3830451965332,57.88505935668945,57.43092727661133,53.871585845947266,49.631195068359375,48.16294860839844,49.37393569946289,49.19756317138672,47.23545837402344,45.2813606262207,43.40455627441406,42.3701057434082,43.2330436706543,44.168487548828125,45.01844787597656,48.48044204711914,51.99870681762695,50.81412887573242,47.486934661865234,47.67139434814453,49.914039611816406,47.27676010131836,40.71006393432617,36.66160202026367,36.16005325317383
42.99242401123047,45.76014709472656,46.77296829223633,46.09423065185547,46.18510437011719,48.22118377685547,51.23455047607422,53.01699447631836,52.58045959472656,51.625587463378906,51.78164291381836,51.50035858154297,49.471370697021484,47.223167419433594,46.14738082885742,46.2346076965332,47.21310806274414,48.80217742919922,51.243934631347656,54.258934020996094,56.630126953125,57.40153884887695,56.075340270996094,53.6890869140625,52.508419036865234,52.40254592895508,51.67826461791992,50.317745208740234,48.261924743652344,45.45820999145508,43.37247085571289,43.28084945678711,44.19718551635742,45.7537956237793,49.46175003051758,53.56255340576172,52.765113830566406,48.92464828491211,48.3346061706543,49.75243377685547,47.71657943725586,43.87880325317383,42.16088104248047,40.4622802734375
45.34738540649414,48.576656341552734,48.51441192626953,46.326229095458984,46.01415252685547,48.86188507080078,52.46730041503906,53.20669174194336,51.65534973144531,50.76744842529297,50.51447677612305,49.28909683227539,47.909481048583984,47.644893646240234,47.904544830322266,48.09348678588867,48.52675247192383,49.562278747558594,51.34611129760742,53.50618362426758,55.205108642578125,56.141353607177734,56.39695358276367,56.337852478027344,56.10865020751953,55.45302200317383,54.423954010009766,52.98453140258789,50.71877670288086,48.169288635253906,45.905033111572266,44.35310363769531,44.34744644165039,46.053993225097656,49.74639892578125,53.88508224487305,54.14500427246094,51.009063720703125,49.863895416259766,50.517574310302734,47.73847198486328,43.95075225830078,44.918155670166016,45.76791763305664
49.394371032714844,50.90472412109375,49.442806243896484,47.697261810302734,48.06211471557617,49.93940734863281,52.44288635253906,53.42555618286133,50.677162170410156,47.53133773803711,47.82290267944336,49.688358306884766,50.27145767211914,50.13275909423828,50.418434143066406,50.911964416503906,50.74596405029297,50.239845275878906,50.61922836303711,51.96736526489258,53.422203063964844,54.69892501831055,56.12462615966797,57.59031295776367,58.33500671386719,58.03078079223633,56.86898422241211,54.909454345703125,52.91266632080078,51.44211959838867,49.35747146606445,46.6887321472168,45.48252487182617,46.50766372680664,49.64178466796875,53.103050231933594,54.20096206665039,52.111270904541016,50.59034729003906,51.796817779541016,49.531463623046875,44.1485481262207,44.73322677612305,49.4541130065918
51.46304702758789,52.29378128051758,49.93267059326172,48.43667984008789,48.75655746459961,49.731929779052734,51.70537185668945,52.18416213989258,49.974761962890625,48.304351806640625,48.593387603759766,50.473697662353516,52.81413650512695,53.58473205566406,53.11933135986328,52.6538200378418,51.65650177001953,49.92382049560547,49.064788818359375,49.821311950683594,51.45179748535156,53.409423828125,55.53305435180664,57.4399528503418,58.95798873901367,59.72261428833008,58.430023193359375,56.26185607910156,55.514347076416016,55.08856964111328,52.984458923339844,49.96965408325195,47.91994094848633,47.43331527709961,49.16770553588867,51.907527923583984,53.26136016845703,51.615631103515625,49.811222076416016,51.81690979003906,51.58819580078125,46.0001335144043,44.810733795166016,50.621089935302734
50.99709701538086,51.97861862182617,50.52470397949219,48.19343185424805,46.92138671875,48.07160186767578,50.905452728271484,51.14986038208008,49.79801559448242,50.79319763183594,51.5633544921875,51.72507095336914,53.39532470703125,55.48528289794922,55.43938064575195,53.34376907348633,50.882144927978516,49.11119079589844,48.68727111816406,49.44389724731445,50.838191986083984,52.737300872802734,54.65137481689453,56.23222351074219,57.94139099121094,59.13533401489258,58.72911071777344,58.57645034790039,59.22214889526367,58.442317962646484,55.942604064941406,53.17949676513672,51.00419235229492,49.28618240356445,49.180908203125,50.807945251464844,52.48564529418945,50.959083557128906,48.18056106567383,50.266117095947266,51.14408874511719,46.03604507446289,44.62165832519531,50.29111862182617
51.66921615600586,51.6887321472168,49.63922882080078,47.8789176940918,46.76313400268555,46.582672119140625,48.292015075683594,49.43022155761719,49.55078887939453,51.963138580322266,53.73387908935547,53.324764251708984,54.1378173828125,56.29608917236328,56.189781188964844,53.59428024291992,50.67121887207031,49.13566970825195,49.64219284057617,50.8321533203125,51.52116775512695,52.45950698852539,53.94209671020508,54.895729064941406,55.67216873168945,57.15780258178711,58.861297607421875,60.97480392456055,62.26588821411133,60.44863510131836,56.941261291503906,54.751895904541016,53.17722702026367,51.08880615234375,49.719505310058594,50.19355773925781,51.95679473876953,51.13158416748047,47.82929611206055,48.32168197631836,48.153141021728516,43.198307037353516,41.718650817871094,47.381568908691406
52.36119079589844,52.6744384765625,49.81254196166992,47.931983947753906,47.18545150756836,46.1540641784668,46.19511795043945,47.737693786621094,49.19088363647461,51.12638473510742,53.84138488769531,55.743770599365234,55.6464729309082,54.61110305786133,54.08612823486328,54.0382080078125,52.86332321166992,51.42204284667969,51.896873474121094,53.16493225097656,52.9771842956543,52.683380126953125,53.24500274658203,53.38725662231445,53.980873107910156,56.411781311035156,59.18892288208008,62.236366271972656,63.203407287597656,60.335968017578125,56.952247619628906,55.904869079589844,55.00808334350586,52.75851058959961,50.45942306518555,49.84953308105469,51.51940155029297,52.60872268676758,49.99989700317383,48.00533676147461,46.21554946899414,40.26637649536133,37.49612045288086,43.893951416015625
51.98647689819336,53.57439422607422,51.773983001708984,48.85551452636719,47.28438949584961,46.46702575683594,46.03499984741211,46.82376480102539,47.881690979003906,49.350982666015625,52.94635772705078,56.775596618652344,55.95814895629883,52.334938049316406,51.18101119995117,52.90950393676758,54.58662033081055,55.21517562866211,56.063499450683594,56.21242141723633,54.57963180541992,52.98099899291992,52.02500534057617,51.68236541748047,53.83404541015625,57.54840087890625,59.95866012573242,61.298561096191406,61.479209899902344,60.23270034790039,58.634010314941406,57.53042221069336,56.5722541809082,54.8708381652832,52.22774887084961,50.53358459472656,51.364810943603516,53.635826110839844,52.990352630615234,49.46315002441406,46.24805450439453,41.068477630615234,36.8110466003418,40.35658645629883
50.97743606567383,52.794857025146484,52.92882537841797,50.944480895996094,48.50117111206055,46.891151428222656,46.395057678222656,46.82068634033203,47.31037521362305,48.33211135864258,51.22723388671875,54.74424362182617,55.03290939331055,51.74761962890625,49.812198638916016,51.59616470336914,55.0649299621582,57.673561096191406,58.76890563964844,57.559349060058594,55.39430618286133,53.43284606933594,51.372554779052734,51.5115966796875,55.20603561401367,58.823307037353516,59.454986572265625,59.234596252441406,59.65475845336914,60.36650466918945,60.13303756713867,58.67646026611328,57.27642059326172,56.07049560546875,54.17479705810547,52.18238067626953,51.55744171142578,53.10577392578125,54.34748458862305,51.928688049316406,47.68529510498047,43.90927505493164,40.40779113769531,40.14259338378906
50.8443489074707,51.95467758178711,52.685062408447266,52.47727584838867,50.66814422607422,48.07592010498047,46.403602600097656,46.33465576171875,47.71342086791992,49.081485748291016,49.731971740722656,51.050621032714844,53.0953254699707,53.030059814453125,51.416473388671875,51.77552795410156,54.97397994995117,58.02713394165039,58.45284652709961,57.10466003417969,56.112483978271484,54.6927604675293,52.95032501220703,53.885833740234375,57.51581573486328,59.29109191894531,57.93359375,56.993438720703125,58.422061920166016,60.01892852783203,59.56379318237305,58.34477233886719,57.677024841308594,56.389625549316406,54.093082427978516,52.066532135009766,51.330013275146484,52.489383697509766,54.557987213134766,54.697940826416016,50.52716827392578,46.11798095703125,44.58464050292969,43.83241271972656
51.808860778808594,52.047733306884766,52.08187484741211,52.8238639831543,52.66802215576172,49.75345230102539,46.025943756103516,44.9440803527832,47.751182556152344,50.042198181152344,49.18422317504883,49.00617599487305,52.303550720214844,54.962711334228516,53.665367126464844,52.71550369262695,54.893089294433594,56.699928283691406,56.24769973754883,56.121910095214844,56.8965950012207,56.420631408691406,55.573673248291016,56.76417922973633,58.98545455932617,58.36931228637695,55.40835189819336,54.726043701171875,57.520198822021484,59.34282302856445,57.90553283691406,56.70038604736328,56.91716384887695,55.76228332519531,53.132381439208984,51.3702507019043,51.27031326293945,52.58272933959961,54.849037170410156,56.7000617980957,53.49024200439453,48.465980529785156,47.961551666259766,49.427947998046875
53.517112731933594,53.70335388183594,53.1552848815918,53.090911865234375,52.66548156738281,49.78441619873047,45.74678039550781,44.39472198486328,47.80231475830078,50.978031158447266,50.42497634887695,49.56721878051758,51.987613677978516,55.04513931274414,54.99999237060547,53.77873992919922,54.30767059326172,55.07258605957031,54.86532974243164,55.39462661743164,56.70973205566406,57.41117858886719,57.91403579711914,58.60245895385742,58.5302848815918,56.805965423583984,54.64044189453125,54.36124038696289,56.20618438720703,56.99763488769531,55.56499481201172,54.18994140625,53.7375602722168,52.854496002197266,52.04631042480469,52.188636779785156,52.86864471435547,53.79487991333008,55.19181823730469,56.58454132080078,54.718299865722656,50.987754821777344,50.8885383605957,53.54023361206055
