data/wind_data/wind_35_3.json
{"header": {"parameterUnit": "KT", "parameterCategory": 2, "nx": 256, "ny": 198, "lo1": 44.73521041870117, "la1": -3.236724853515625, "lo2": 111.26478576660156, "la2": 43.468475341796875, "dx": 0.2609002888202667, "dy": -0.23708222806453705, "refTime": "2025-02-20 11:00:00", "forecastTime": 0, "parameterNumber": 2, "parameterNumberName": "eastward_wind"}, "data":
[rows 114 to 132 of 198, columns 132 to 175 of 256]
7.320882320404053,5.892529487609863,5.04533576965332,4.783960342407227,3.4958090782165527,2.8856279850006104,2.5548744201660156,2.8218624591827393,1.4869016408920288,4.133725643157959,-1.3323545455932617,1.4385055303573608,1.593701958656311,1.0390433073043823,1.907233476638794,1.729177474975586,2.355405807495117,3.0087673664093018,2.858403444290161,3.3471016883850098,4.508932590484619,4.984686374664307,9.565068244934082,14.802632331848145,16.006778717041016,16.559968948364258,16.746688842773438,17.212549209594727,18.09109115600586,19.11846160888672,19.7982177734375,20.020536422729492,20.139554977416992,20.644149780273438,21.412094116210938,22.06568145751953,21.210586547851562,18.86878204345703,18.68844223022461,19.215991973876953,20.13141632080078,19.916276931762695,21.442073822021484,17.17336654663086
7.24190092086792,5.831817626953125,4.877791404724121,4.858246326446533,4.26423978805542,3.5790748596191406,3.220339059829712,2.6444780826568604,2.3863964080810547,2.240126848220825,0.022942088544368744,2.1508216857910156,0.378770649433136,1.858127474784851,1.4730608463287354,1.5179765224456787,3.0355427265167236,3.0006532669067383,5.539787292480469,9.27490234375,12.449623107910156,14.702470779418945,16.565935134887695,17.514230728149414,17.715864181518555,17.34507179260254,16.092391967773438,14.754138946533203,14.0885648727417,14.536741256713867,15.185784339904785,16.276823043823242,17.58675765991211,18.676040649414062,19.822696685791016,21.151742935180664,22.209224700927734,22.59113121032715,23.209651947021484,23.585729598999023,23.587627410888672,22.959583282470703,21.913190841674805,19.882051467895508
6.664224624633789,5.318997859954834,4.821090221405029,5.159311771392822,4.635601043701172,3.648197889328003,2.605116128921509,1.928014874458313,2.103484630584717,1.2934236526489258,1.0504695177078247,1.2341572046279907,1.202809453010559,2.0735442638397217,1.6281498670578003,5.228287220001221,7.668562889099121,8.198158264160156,10.857365608215332,13.075389862060547,14.223448753356934,14.681020736694336,14.606761932373047,13.987483024597168,13.575584411621094,13.076169967651367,12.185897827148438,11.778382301330566,12.1952486038208,13.449723243713379,15.000017166137695,16.4560604095459,17.5555477142334,18.249521255493164,18.529233932495117,18.348039627075195,18.925888061523438,20.308488845825195,21.971879959106445,23.064043045043945,23.512619018554688,23.252099990844727,22.41775131225586,22.35799217224121
5.309852600097656,4.686068058013916,4.751581192016602,4.772846698760986,3.9495632648468018,2.9915757179260254,1.7639929056167603,1.8977771997451782,1.7460435628890991,0.9576167464256287,1.3952455520629883,0.7796809673309326,1.8115816116333008,1.8507570028305054,5.05901575088501,8.79513931274414,9.422630310058594,10.453054428100586,13.19550895690918,14.087533950805664,13.615477561950684,12.567988395690918,11.726031303405762,10.973838806152344,10.765131950378418,10.865230560302734,11.066516876220703,11.355182647705078,11.935747146606445,13.053342819213867,14.62382698059082,16.709083557128906,17.975317001342773,18.014129638671875,18.158601760864258,18.942285537719727,18.75106430053711,18.201257705688477,17.962648391723633,18.184232711791992,18.515766143798828,19.12815284729004,19.39888572692871,20.408626556396484
4.494078159332275,4.0880584716796875,4.2374982833862305,4.067379474639893,2.8503165245056152,2.1913182735443115,2.2538113594055176,3.195542097091675,2.537890672683716,1.4808850288391113,1.5758826732635498,1.492033839225769,1.1835353374481201,5.899106979370117,9.964473724365234,10.163679122924805,9.176881790161133,10.739616394042969,13.362899780273438,13.013355255126953,12.083145141601562,11.130013465881348,10.562073707580566,10.044894218444824,10.00973892211914,9.792227745056152,9.85754680633545,10.359725952148438,10.97917366027832,12.821494102478027,14.488445281982422,15.798001289367676,16.512908935546875,16.379976272583008,16.625633239746094,16.151878356933594,14.419578552246094,13.992130279541016,14.997071266174316,18.52834701538086,22.155393600463867,22.296092987060547,20.98269271850586,20.768455505371094
4.551980018615723,3.904337167739868,3.6178269386291504,3.3128907680511475,2.4366049766540527,2.655435085296631,3.065053701400757,3.528700113296509,3.020653247833252,2.78328800201416,2.162898302078247,1.7895936965942383,5.827241897583008,10.858460426330566,11.580671310424805,10.610819816589355,10.425189971923828,12.253780364990234,12.78234577178955,11.407228469848633,10.774791717529297,10.245362281799316,9.576460838317871,8.874103546142578,8.1671781539917,7.70364236831665,7.954871654510498,8.795330047607422,9.599106788635254,11.620603561401367,13.112425804138184,12.903402328491211,13.599553108215332,15.132165908813477,14.997917175292969,12.757524490356445,10.450742721557617,11.12831974029541,15.812256813049316,21.26064682006836,25.051591873168945,24.726757049560547,19.146596908569336,16.34222984313965
4.266657829284668,4.535711288452148,4.385548114776611,4.587332725524902,4.141813278198242,4.073709964752197,4.401511192321777,4.026305675506592,3.110926866531372,1.9022388458251953,2.7752110958099365,6.250889301300049,10.707839012145996,12.51183032989502,11.82930850982666,11.704802513122559,12.267003059387207,13.440322875976562,12.170681953430176,10.312718391418457,9.348465919494629,8.587578773498535,7.761425018310547,6.7079339027404785,5.7199015617370605,5.278532028198242,6.070556640625,6.966862201690674,7.566020488739014,10.128844261169434,11.822362899780273,10.62653636932373,11.09692096710205,13.499683380126953,12.893375396728516,16.82378387451172,14.442598342895508,17.43522071838379,23.983234405517578,29.071273803710938,31.519569396972656,31.273012161254883,23.996416091918945,19.813228607177734
1.3196079730987549,0.640628457069397,2.5491111278533936,4.565193176269531,4.238401889801025,4.402447700500488,5.474913597106934,4.597409725189209,3.5985305309295654,5.088042259216309,7.72081184387207,7.262659072875977,8.761609077453613,10.731200218200684,12.263524055480957,13.268138885498047,13.98724365234375,13.976763725280762,11.220725059509277,8.471973419189453,7.059194087982178,6.139430522918701,6.012086391448975,5.198734760284424,4.087408065795898,4.810465335845947,5.290951728820801,6.73395299911499,10.613221168518066,13.759539604187012,18.682788848876953,17.880048751831055,15.34808349609375,14.177162170410156,16.589160919189453,21.531234741210938,22.089946746826172,27.791034698486328,31.327802658081055,32.306522369384766,31.96033477783203,29.23708724975586,29.870758056640625,29.919519424438477
4.987107753753662,6.916707992553711,8.074677467346191,2.2325685024261475,4.724063396453857,4.371870040893555,4.394831657409668,6.06563138961792,7.7114362716674805,10.130297660827637,5.765673637390137,7.0603485107421875,11.800252914428711,13.2190523147583,12.839305877685547,13.76201343536377,14.73542308807373,13.124327659606934,8.672343254089355,4.435427665710449,3.612023115158081,3.4890804290771484,4.2273406982421875,4.157576560974121,3.07891583442688,5.4622368812561035,6.1779327392578125,12.101438522338867,21.44208526611328,24.2152156829834,28.582504272460938,28.51239776611328,25.22398567199707,27.44605255126953,30.475862503051758,29.651460647583008,26.417198181152344,29.112564086914062,27.724306106567383,29.86958885192871,26.758441925048828,23.37863540649414,28.178489685058594,29.603940963745117
10.608817100524902,14.052945137023926,16.469501495361328,3.1426167488098145,2.7668583393096924,2.4812731742858887,0.4464476704597473,5.026014804840088,10.198090553283691,9.62851619720459,10.505634307861328,14.018661499023438,15.011817932128906,14.975337028503418,12.772355079650879,11.74954605102539,13.046581268310547,10.970829963684082,7.974791049957275,3.4484829902648926,1.5726155042648315,1.546676516532898,2.4707248210906982,5.021334648132324,4.516639232635498,9.331554412841797,12.48338794708252,20.25518798828125,27.153894424438477,32.562530517578125,29.256488800048828,25.753719329833984,23.819765090942383,27.472789764404297,29.52483367919922,25.440237045288086,25.71636199951172,24.701753616333008,21.427051544189453,19.294509887695312,22.170230865478516,24.59348487854004,27.147836685180664,25.085861206054688
15.943143844604492,19.008129119873047,16.14202880859375,0.28443172574043274,3.378657341003418,2.7163326740264893,4.261989116668701,7.941104888916016,5.9511613845825195,7.9534711837768555,13.852890968322754,15.745418548583984,14.217891693115234,11.125603675842285,7.291323661804199,7.396207809448242,9.067052841186523,7.9171037673950195,10.770326614379883,7.928229331970215,5.432234287261963,3.939685344696045,3.7798924446105957,7.701587200164795,13.326628684997559,18.530479431152344,22.290283203125,25.369104385375977,26.229053497314453,30.06927490234375,19.494529724121094,20.534067153930664,24.846172332763672,25.9528751373291,27.225921630859375,20.41956329345703,21.617807388305664,23.888174057006836,22.931774139404297,18.505409240722656,24.692535400390625,26.344209671020508,26.038782119750977,22.575584411621094
20.290969848632812,21.007816314697266,6.299470901489258,2.339573860168457,2.7388198375701904,3.6624557971954346,3.5878539085388184,4.755986213684082,7.998091220855713,12.45526123046875,15.318726539611816,14.161726951599121,9.996223449707031,6.2139458656311035,5.513592720031738,10.246326446533203,14.18541431427002,13.90013599395752,12.776596069335938,12.888779640197754,14.074886322021484,14.751108169555664,16.11375617980957,18.670886993408203,22.15389060974121,25.497087478637695,24.620159149169922,23.957246780395508,23.54300880432129,22.786914825439453,22.380962371826172,20.759855270385742,24.18965721130371,27.982070922851562,24.935911178588867,21.336854934692383,18.80571174621582,21.35177230834961,20.952903747558594,18.433029174804688,23.562944412231445,22.65395736694336,25.70928382873535,20.47871208190918
18.339693069458008,12.303459167480469,-1.3056706190109253,1.3944108486175537,-0.10965897887945175,1.1742312908172607,1.0401920080184937,-0.1618165224790573,2.226635694503784,10.427132606506348,13.66148567199707,12.750829696655273,9.29520320892334,7.5261969566345215,7.208163261413574,12.677858352661133,18.262102127075195,18.80107307434082,20.219329833984375,21.29171371459961,22.392005920410156,22.237077713012695,22.294597625732422,22.084213256835938,22.806631088256836,25.29681968688965,26.566774368286133,24.245203018188477,21.275123596191406,21.585067749023438,22.51413917541504,23.22218894958496,24.608022689819336,25.296171188354492,23.28545379638672,23.016664505004883,23.57054328918457,24.866832733154297,25.078371047973633,21.44856071472168,22.044727325439453,18.875844955444336,22.35576057434082,16.546201705932617
14.105633735656738,9.82054615020752,7.172395706176758,9.209867477416992,6.550285339355469,4.811770439147949,3.999931573867798,5.719881057739258,11.107144355773926,14.385119438171387,14.291886329650879,13.758281707763672,12.59854507446289,10.063027381896973,15.45060920715332,24.967296600341797,20.74494743347168,23.695432662963867,24.989643096923828,28.25421142578125,27.100658416748047,25.810035705566406,26.310983657836914,22.72720718383789,22.17736053466797,28.105518341064453,31.43500328063965,24.130287170410156,18.746763229370117,18.395633697509766,20.33915138244629,21.811269760131836,22.399160385131836,23.06315803527832,22.762678146362305,24.111343383789062,25.684871673583984,25.415393829345703,20.66171646118164,16.297016143798828,16.726999282836914,19.397321701049805,19.541494369506836,19.963281631469727
13.722013473510742,13.647050857543945,15.169466972351074,15.907035827636719,12.878105163574219,12.37229061126709,13.291620254516602,11.611132621765137,14.763883590698242,15.47520923614502,13.719278335571289,14.579475402832031,15.057019233703613,19.610855102539062,25.537813186645508,28.981229782104492,31.12069320678711,27.98019027709961,27.50323486328125,30.044933319091797,28.331422805786133,24.16087532043457,26.323095321655273,19.103923797607422,21.418832778930664,30.652311325073242,34.74386215209961,24.500333786010742,17.031795501708984,17.83393669128418,20.663143157958984,22.3778133392334,22.004499435424805,21.020395278930664,21.410982131958008,24.84994125366211,20.822303771972656,19.813310623168945,19.861318588256836,18.70949363708496,17.615793228149414,16.660144805908203,16.66358184814453,16.58283233642578
16.303829193115234,17.871091842651367,17.639101028442383,17.2738094329834,14.29112720489502,16.667850494384766,14.975878715515137,0.36495187878608704,7.231988906860352,16.22959327697754,14.091272354125977,18.464094161987305,11.019904136657715,26.980344772338867,30.31753921508789,32.573970794677734,34.91044616699219,36.714046478271484,32.832435607910156,32.53310012817383,33.20499038696289,27.740110397338867,25.50322914123535,22.17932891845703,23.014347076416016,28.054128646850586,30.785654067993164,25.82661247253418,19.81718635559082,16.760900497436523,18.924163818359375,20.160045623779297,19.25397491455078,20.12377166748047,21.95347785949707,23.697961807250977,22.715246200561523,20.549043655395508,17.692123413085938,15.684476852416992,16.517108917236328,17.966197967529297,17.547590255737305,17.14484214782715
16.888721466064453,17.603748321533203,16.108877182006836,15.60069465637207,15.090429306030273,17.02830696105957,17.765735626220703,16.560165405273438,17.939306259155273,19.045255661010742,16.855419158935547,16.39927864074707,18.648509979248047,17.048412322998047,34.013267517089844,33.01544189453125,31.774139404296875,34.128684997558594,31.11025047302246,28.92148780822754,29.37340545654297,27.11041259765625,27.277271270751953,25.112138748168945,20.99262237548828,16.86737632751465,22.062986373901367,25.062374114990234,22.677677154541016,19.727384567260742,23.84562873840332,23.585586547851562,18.724767684936523,21.13681411743164,24.332151412963867,23.55706787109375,21.18329429626465,19.249753952026367,17.933792114257812,17.295791625976562,19.566015243530273,22.631126403808594,23.1621036529541,24.24506187438965
17.410751342773438,14.890974044799805,12.842463493347168,12.828070640563965,14.150944709777832,15.299386978149414,14.251593589782715,17.492965698242188,21.55711555480957,23.241504669189453,20.364259719848633,16.934045791625977,21.35650062561035,26.457319259643555,29.76032066345215,33.776123046875,32.57429504394531,29.27255630493164,27.23255729675293,24.824167251586914,26.37015724182129,25.91197967529297,27.800403594970703,28.383703231811523,21.28104019165039,17.33908462524414,20.019546508789062,24.424182891845703,27.733104705810547,27.335996627807617,28.761735916137695,26.2150821685791,21.87518882751465,22.21712875366211,21.517135620117188,18.36397933959961,18.076906204223633,17.96101188659668,17.336517333984375,18.202381134033203,20.885570526123047,22.93889808654785,23.954856872558594,24.484420776367188
15.78385066986084,9.574918746948242,7.428686618804932,9.527667999267578,11.17444133758545,11.094834327697754,11.09646987915039,21.665935516357422,29.094375610351562,26.07132911682129,26.586868286132812,25.45435905456543,27.235673904418945,34.21994400024414,37.47701644897461,35.38163375854492,32.598140716552734,30.10191535949707,28.763912200927734,25.52908706665039,25.882736206054688,26.39228057861328,27.52747344970703,27.476409912109375,25.9730281829834,25.103252410888672,25.56153678894043,25.215131759643555,23.71924591064453,26.5347843170166,22.931337356567383,21.805944442749023,24.766441345214844,16.979354858398438,14.850237846374512,16.356725692749023,15.580083847045898,15.09803581237793,16.066091537475586,16.499067306518555,17.479990005493164,18.922929763793945,23.041902542114258,26.16838836669922
