data/wind_data/wind_3_5.json
{"header": {"parameterUnit": "KT", "parameterCategory": 2, "nx": 256, "ny": 198, "lo1": 44.73521041870117, "la1": -3.236724853515625, "lo2": 111.26478576660156, "la2": 43.468475341796875, "dx": 0.2609002888202667, "dy": -0.23708222806453705, "refTime": "2025-02-19 03:00:00", "forecastTime": 0, "parameterNumber": 2, "parameterNumberName": "eastward_wind"}, "data":
[rows 95 to 113 of 198, columns 0 to 43 of 256]
38.84916305541992,39.19083023071289,39.253814697265625,39.991207122802734,40.36604309082031,39.78972625732422,39.058860778808594,38.68388748168945,38.58921813964844,38.80390167236328,39.19401931762695,39.501529693603516,39.67534637451172,39.76627731323242,39.66738510131836,39.26228332519531,38.67143630981445,38.17133331298828,38.06327438354492,38.4908561706543,39.060001373291016,39.291778564453125,39.219566345214844,39.14772415161133,39.18561553955078,39.14242172241211,38.788021087646484,38.22554016113281,37.81352233886719,37.55336380004883,37.106266021728516,36.18547821044922,35.23939514160156,34.88597869873047,35.02024841308594,35.076412200927734,34.69692611694336,34.18661880493164,34.02287292480469,34.314613342285156,34.584537506103516,34.25068664550781,33.37911605834961,32.81418991088867
40.13200378417969,40.03861618041992,39.60010528564453,40.16087341308594,40.666751861572266,40.05158233642578,39.40771484375,39.40828323364258,39.72431945800781,40.06300354003906,40.397708892822266,40.645626068115234,40.73748779296875,40.752140045166016,40.67585754394531,40.36258316040039,39.815216064453125,39.2139892578125,38.79437255859375,38.73741912841797,38.92036437988281,39.02044677734375,39.128395080566406,39.46437454223633,39.93739700317383,40.334228515625,40.527034759521484,40.430877685546875,40.1220703125,39.83528137207031,39.60435485839844,39.079246520996094,38.072235107421875,37.10331344604492,36.63044738769531,36.478515625,36.12958526611328,35.61741256713867,35.391048431396484,35.553714752197266,35.633636474609375,35.029266357421875,33.90104675292969,33.32771682739258
41.3743896484375,41.00498580932617,40.16622543334961,40.30230712890625,40.941078186035156,40.623382568359375,40.08920669555664,40.1976203918457,40.66501998901367,41.02326583862305,41.22248458862305,41.34502410888672,41.364044189453125,41.24356460571289,41.00760269165039,40.74064636230469,40.50231170654297,40.21323013305664,39.81756591796875,39.459228515625,39.23093795776367,38.99409866333008,38.938411712646484,39.37038803100586,40.12333297729492,40.8120231628418,41.37837600708008,41.79542922973633,41.825801849365234,41.4443359375,40.99113845825195,40.64606857299805,40.27080535888672,39.748558044433594,39.14836883544922,38.506072998046875,37.72368621826172,37.001747131347656,36.71379089355469,36.700653076171875,36.48417282104492,36.06216049194336,35.82619857788086,36.07482147216797
42.31232452392578,41.75848388671875,40.64424133300781,40.39188766479492,41.07498550415039,41.24326705932617,40.93828582763672,40.94585037231445,41.36283493041992,41.77570343017578,41.991546630859375,42.03800582885742,41.88928985595703,41.497711181640625,40.96693801879883,40.56828689575195,40.50569534301758,40.53641891479492,40.4014778137207,40.126346588134766,39.66752243041992,39.35605239868164,39.03571701049805,38.976322174072266,39.30068588256836,39.81526184082031,40.47773742675781,41.285465240478516,41.91016387939453,41.9671745300293,41.57606506347656,41.11355209350586,40.823116302490234,40.70230484008789,40.54022216796875,40.23682403564453,39.68198776245117,38.90643310546875,38.32764434814453,38.13151931762695,37.91829299926758,37.470741271972656,37.225830078125,37.59743881225586
43.218421936035156,42.78554153442383,41.67463684082031,41.14906311035156,41.64596176147461,42.07759094238281,41.96007537841797,41.63146209716797,41.68817901611328,42.086326599121094,42.42396545410156,42.4815559387207,42.278160095214844,41.940513610839844,41.45178985595703,41.17735290527344,40.85918045043945,41.15807342529297,41.108551025390625,40.764461517333984,40.290340423583984,39.769309997558594,39.622947692871094,39.501502990722656,39.238319396972656,39.21384811401367,39.655784606933594,40.47561264038086,41.38983154296875,41.96669387817383,41.895816802978516,41.36091995239258,40.83285140991211,40.548797607421875,40.494544982910156,40.551353454589844,40.416690826416016,39.9290657043457,39.32746124267578,38.97819519042969,38.99273681640625,39.2342414855957,39.62489700317383,40.0415153503418
44.23713302612305,44.252315521240234,43.33967590332031,42.58720016479492,42.61875534057617,42.94989776611328,43.0289306640625,42.524906158447266,42.19912338256836,42.43181228637695,42.82453918457031,42.9569206237793,42.79726791381836,42.550811767578125,42.39113998413086,42.196128845214844,41.98818588256836,42.02019500732422,41.858192443847656,41.53717041015625,41.128990173339844,40.85348892211914,40.71882629394531,40.6267204284668,40.52106857299805,40.45521545410156,40.52411651611328,40.83552169799805,41.405364990234375,42.00071716308594,42.2161865234375,41.85434341430664,41.22407913208008,40.75969696044922,40.54129409790039,40.745357513427734,41.11243438720703,40.91748046875,40.12635040283203,39.396697998046875,39.24846649169922,39.702491760253906,40.39570999145508,41.037986755371094
45.63099670410156,45.5527229309082,44.513038635253906,43.56785202026367,43.13154220581055,43.22597122192383,43.508968353271484,43.14702606201172,42.73683547973633,42.88896942138672,43.23134994506836,43.298309326171875,43.06181716918945,42.81882095336914,42.815494537353516,42.95712661743164,42.933265686035156,42.83642578125,42.805301666259766,42.565189361572266,42.083953857421875,41.63991928100586,41.446311950683594,41.291282653808594,41.31126022338867,41.689945220947266,42.033531188964844,42.16618347167969,42.31714630126953,42.56670379638672,42.6800537109375,42.45856857299805,41.98876190185547,41.486328125,41.146339416503906,41.08439636230469,41.24056625366211,41.32528305053711,41.0895881652832,40.61674880981445,40.187931060791016,40.23947525024414,40.795162200927734,41.453819274902344
46.88457489013672,46.50434875488281,45.349945068359375,44.44688415527344,43.72013473510742,43.40618896484375,43.82056427001953,43.73880386352539,43.34820556640625,43.45073318481445,43.732330322265625,43.679229736328125,43.21628189086914,42.689491271972656,42.52881622314453,42.83458709716797,43.1399040222168,43.16285705566406,43.00048828125,42.60324478149414,42.09260940551758,41.810157775878906,41.774864196777344,41.892578125,42.059574127197266,42.251522064208984,42.40338897705078,42.550655364990234,42.773536682128906,42.99473190307617,43.10548782348633,43.0587158203125,42.84098434448242,42.47513198852539,42.119728088378906,41.959930419921875,41.90244674682617,41.888187408447266,41.880393981933594,41.76292037963867,41.43764114379883,40.94152069091797,40.89082336425781,41.15544509887695
47.375972747802734,47.077850341796875,46.243003845214844,45.62961196899414,44.86006546020508,44.1931037902832,44.269039154052734,44.29567337036133,43.9124641418457,43.80155944824219,43.91964340209961,43.93455505371094,43.43595886230469,42.79197692871094,42.659358978271484,43.08988952636719,43.45974349975586,43.37129592895508,42.97600555419922,42.47122573852539,42.005455017089844,41.70015335083008,41.619266510009766,41.74081039428711,41.943084716796875,42.05009841918945,41.96429443359375,41.86452102661133,42.02360153198242,42.42470932006836,42.89610290527344,43.28001403808594,43.42329406738281,43.401756286621094,43.37348175048828,43.34577560424805,42.94931411743164,42.471893310546875,42.52934646606445,42.726051330566406,42.474769592285156,41.84504699707031,41.26932144165039,41.23239517211914
47.596500396728516,47.38859558105469,46.83662033081055,46.43647766113281,45.74669647216797,45.047523498535156,44.889530181884766,44.788169860839844,44.30400085449219,43.81968688964844,43.69224548339844,43.74365234375,43.5933723449707,43.46446228027344,43.713436126708984,43.99959182739258,44.02176284790039,43.63154602050781,43.22541809082031,42.96384811401367,42.79150390625,42.59724807739258,42.40507507324219,42.32474899291992,42.322776794433594,42.1896858215332,41.84910202026367,41.589385986328125,41.76696014404297,42.34038543701172,43.023494720458984,43.47719955444336,43.5654182434082,43.55601119995117,43.515342712402344,43.430728912353516,43.10631561279297,42.7353401184082,42.85238265991211,43.18376159667969,42.724544525146484,42.07637405395508,41.87171173095703,42.01286315917969
47.51945495605469,47.12150573730469,46.539955139160156,46.14775085449219,45.534786224365234,45.02439498901367,45.0709114074707,45.12015914916992,44.675811767578125,44.207942962646484,43.97391128540039,43.89556884765625,43.784523010253906,43.8195686340332,44.07857131958008,44.15434646606445,43.84166717529297,43.45060729980469,43.31062698364258,43.33244705200195,43.32600402832031,43.22074890136719,43.068302154541016,42.956993103027344,42.8892822265625,42.79011917114258,42.637176513671875,42.53982162475586,42.63154602050781,42.899147033691406,43.20573806762695,43.3866081237793,43.35622787475586,43.34729766845703,43.4923095703125,43.55376434326172,43.43734359741211,43.259307861328125,43.079254150390625,43.238426208496094,43.208744049072266,42.9041862487793,42.567100524902344,42.609310150146484
46.93488311767578,46.28037643432617,45.36814498901367,44.77237319946289,44.15284729003906,43.65589904785156,43.86802673339844,44.06415557861328,43.80670928955078,43.62919235229492,43.69047546386719,43.69491958618164,43.46772384643555,43.2628173828125,43.1817626953125,43.05379104614258,42.877437591552734,42.815853118896484,42.88016128540039,42.95732879638672,42.99454879760742,43.02012634277344,43.105587005615234,43.24998092651367,43.332496643066406,43.30760955810547,43.22495651245117,43.13132095336914,43.04436111450195,42.997955322265625,43.001773834228516,43.09468460083008,43.25862503051758,43.45497512817383,43.692806243896484,43.78067398071289,43.663780212402344,43.46845245361328,43.29995346069336,43.180118560791016,43.13068389892578,42.980712890625,42.636783599853516,42.62777328491211
45.974674224853516,45.02492904663086,43.749839782714844,42.96854782104492,42.38863754272461,41.79518508911133,41.67173767089844,41.708351135253906,41.69084167480469,41.85312271118164,42.0581169128418,42.10062789916992,41.874778747558594,41.613651275634766,41.58405303955078,41.78703689575195,42.019466400146484,42.1744270324707,42.26253890991211,42.359642028808594,42.50692367553711,42.72447967529297,43.03633117675781,43.360023498535156,43.50756072998047,43.4211311340332,43.148441314697266,42.890926361083984,42.77935028076172,42.74150085449219,42.690914154052734,42.68878173828125,42.79954528808594,42.98546600341797,43.22071838378906,43.38969802856445,43.37447738647461,43.2530403137207,43.17774200439453,43.128662109375,43.111907958984375,42.95331573486328,42.66516876220703,42.86440658569336
44.834957122802734,43.604698181152344,42.02979278564453,41.05268478393555,40.719566345214844,40.335472106933594,40.01664733886719,39.79772186279297,39.904109954833984,40.284400939941406,40.53217315673828,40.60487365722656,40.59514617919922,40.6318244934082,40.877967834472656,41.32204818725586,41.67936706542969,41.80925369262695,41.855655670166016,41.9826774597168,42.210487365722656,42.5197868347168,42.82915496826172,42.949764251708984,42.780521392822266,42.42820739746094,42.0211296081543,41.73597717285156,41.62057876586914,41.53554153442383,41.46537780761719,41.5638313293457,41.82852554321289,42.108154296875,42.36360168457031,42.573944091796875,42.730384826660156,42.90589141845703,43.034671783447266,43.15074157714844,43.35237121582031,43.297119140625,42.962093353271484,43.027305603027344
42.82316970825195,41.8846321105957,40.48418045043945,39.46602249145508,39.19309997558594,39.10780715942383,39.00718688964844,38.80565643310547,38.91347885131836,39.35873794555664,39.66653060913086,39.83440399169922,39.967063903808594,40.162078857421875,40.554344177246094,41.04225540161133,41.354087829589844,41.37455749511719,41.27067184448242,41.23814392089844,41.329566955566406,41.55674743652344,41.813392639160156,41.87363052368164,41.691471099853516,41.36861038208008,41.05345153808594,40.87358093261719,40.73517608642578,40.51180648803711,40.32583236694336,40.34506607055664,40.57909393310547,40.917137145996094,41.302677154541016,41.74715042114258,42.217308044433594,42.63224792480469,42.925750732421875,43.23655700683594,43.67612075805664,43.89044952392578,43.8221549987793,43.47593688964844
39.352935791015625,39.533180236816406,38.92589569091797,38.321739196777344,38.08993148803711,38.12075424194336,38.183860778808594,38.083091735839844,38.06586456298828,38.2410774230957,38.506778717041016,38.93328094482422,39.40563201904297,39.85857009887695,40.37727737426758,40.85396194458008,41.12260055541992,41.12480545043945,40.97463607788086,40.85820770263672,40.85197830200195,40.93919372558594,41.02325439453125,41.016780853271484,40.87727737426758,40.526790618896484,40.127044677734375,39.82636642456055,39.5637092590332,39.34246826171875,39.25407791137695,39.37556838989258,39.73538589477539,40.250919342041016,40.87596130371094,41.58652114868164,42.31072998046875,42.88139724731445,43.27146530151367,43.65922927856445,44.13364028930664,44.41907501220703,44.54199981689453,44.175724029541016
36.55854797363281,37.505210876464844,37.53807067871094,37.35342788696289,37.35420608520508,37.44999694824219,37.41144943237305,37.31373596191406,37.245628356933594,37.24998092651367,37.51961135864258,38.29606628417969,39.37141418457031,40.28981018066406,40.97187805175781,41.44789505004883,41.65753936767578,41.646392822265625,41.505401611328125,41.340606689453125,41.09708023071289,40.75886535644531,40.38089370727539,40.057621002197266,39.76344680786133,39.37469482421875,39.01641845703125,38.835899353027344,38.7821044921875,38.842227935791016,39.02302551269531,39.33534622192383,39.7730827331543,40.342124938964844,41.05844497680664,41.89467239379883,42.721736907958984,43.37021255493164,43.86152267456055,44.29795837402344,44.69271469116211,44.829811096191406,44.91304016113281,44.52167510986328
36.008705139160156,36.99517059326172,37.053707122802734,36.900352478027344,36.99445724487305,37.22444152832031,37.35447311401367,37.30928039550781,37.25627899169922,37.386512756347656,37.69084167480469,38.37718963623047,39.57202911376953,40.793399810791016,41.70669937133789,42.24266052246094,42.4012451171875,42.28713607788086,41.98703384399414,41.53817367553711,40.91313171386719,40.18195724487305,39.574668884277344,39.20985412597656,38.97931671142578,38.770103454589844,38.61738967895508,38.606441497802734,38.772098541259766,39.1367073059082,39.64333724975586,40.19075012207031,40.7393913269043,41.313873291015625,41.96867370605469,42.759307861328125,43.66770935058594,44.53104782104492,45.231624603271484,45.77568054199219,46.02230453491211,45.869625091552734,45.559329986572266,44.93727493286133
36.24871063232422,37.17543029785156,37.19799041748047,36.988739013671875,36.98365783691406,37.40191650390625,37.83860778808594,37.963687896728516,37.9754638671875,38.26436996459961,38.64970779418945,38.89665222167969,39.438194274902344,40.44575881958008,41.4706916809082,42.083126068115234,42.20291519165039,41.966915130615234,41.46507263183594,40.81721496582031,40.1615104675293,39.563446044921875,39.15315628051758,38.928306579589844,38.75484848022461,38.59430694580078,38.574432373046875,38.857845306396484,39.4116096496582,40.09355926513672,40.81521224975586,41.54618835449219,42.24375915527344,42.84674072265625,43.390689849853516,43.99442672729492,44.70668029785156,45.440757751464844,46.13801193237305,46.83158874511719,47.206512451171875,47.01753616333008,46.41709518432617,45.59775924682617
