data/wind_data/wind_67_5.json
{"header": {"parameterUnit": "KT", "parameterCategory": 2, "nx": 256, "ny": 198, "lo1": 44.73521041870117, "la1": -3.236724853515625, "lo2": 111.26478576660156, "la2": 43.468475341796875, "dx": 0.2609002888202667, "dy": -0.23708222806453705, "refTime": "2025-02-21 19:00:00", "forecastTime": 0, "parameterNumber": 2, "parameterNumberName": "eastward_wind"}, "data":
[rows 19 to 37 of 198, columns 176 to 219 of 256]
1.854703664779663,1.4337540864944458,1.412845253944397,2.8436172008514404,3.081209659576416,3.2170472145080566,3.2742741107940674,4.149116039276123,4.014854431152344,3.4441158771514893,3.4134788513183594,3.5059916973114014,3.3391082286834717,2.7741026878356934,2.549164295196533,2.6850976943969727,2.9300570487976074,2.229046106338501,2.261744976043701,2.396505355834961,2.7930049896240234,4.778660297393799,3.099193572998047,3.8513851165771484,3.324150562286377,3.8699827194213867,3.4473676681518555,1.7987008094787598,1.6079353094100952,-3.977479934692383,-5.71618127822876,-1.4400564432144165,1.2579466104507446,-0.5709457397460938,-1.1201726198196411,-0.04425299912691116,-0.7599703073501587,-1.488379955291748,-1.1537710428237915,0.010578365996479988,1.2137233018875122,2.385930299758911,2.444261074066162,1.540887713432312
0.5299090147018433,0.5476122498512268,0.9322192668914795,2.129934310913086,2.0856127738952637,2.2949061393737793,3.534365653991699,4.29799747467041,3.392815113067627,2.264911651611328,1.9390257596969604,1.8565391302108765,1.6162192821502686,1.3409332036972046,1.1319847106933594,0.9956940412521362,1.4836058616638184,2.3772599697113037,2.2456116676330566,1.5765880346298218,1.6603965759277344,2.1273655891418457,2.46883225440979,3.642338514328003,3.783576011657715,3.1552770137786865,3.711188793182373,0.5953816175460815,3.7348313331604004,1.0032280683517456,0.07515725493431091,2.397740364074707,2.679680347442627,-1.3178424835205078,-2.79697847366333,-1.8723293542861938,-2.5509769916534424,-2.4145491123199463,-1.5146366357803345,-0.07896146923303604,0.9303028583526611,1.2792032957077026,1.1173161268234253,1.1649140119552612
-0.35449671745300293,0.4583123028278351,1.0946617126464844,1.9532310962677002,1.7592557668685913,1.9803122282028198,3.1592793464660645,3.44146466255188,2.373629570007324,1.0809444189071655,0.29540345072746277,-0.057506341487169266,0.12981778383255005,0.3494752049446106,-0.12656612694263458,-0.3790839910507202,0.1711525022983551,0.5747016668319702,0.7466451525688171,0.30701974034309387,0.8919012546539307,2.6412317752838135,2.0559256076812744,3.862260341644287,3.913179397583008,2.053992509841919,0.48887962102890015,2.391092538833618,2.8657515048980713,1.655982494354248,-0.8552407622337341,-0.463126540184021,-0.9618438482284546,-3.3900485038757324,-3.624812602996826,-3.4953718185424805,-3.8343474864959717,-2.9447154998779297,-1.6092023849487305,-0.7171139717102051,-0.29558080434799194,0.14039842784404755,0.7759403586387634,1.4523403644561768
-0.40409234166145325,0.35240769386291504,0.15116243064403534,0.8982277512550354,0.9700425267219543,1.303571105003357,2.0422396659851074,1.8826490640640259,1.0903047323226929,0.11578816175460815,-0.9625868201255798,-1.3757215738296509,-0.9232954978942871,-0.5086740255355835,-0.41985389590263367,-0.5089918375015259,-0.2110869139432907,-0.19749797880649567,-0.14497290551662445,-0.22430621087551117,0.3636700510978699,3.428886890411377,3.5941543579101562,2.4295802116394043,2.273796796798706,-0.1341884434223175,0.02346743643283844,-0.7733075618743896,0.24925604462623596,-3.541747808456421,-6.0895771980285645,-5.249226093292236,-4.475325584411621,-4.233936786651611,-4.182015419006348,-4.285177230834961,-3.7362544536590576,-2.700103759765625,-1.4338213205337524,-0.6514806151390076,-0.7998090982437134,-0.08992606401443481,0.406681090593338,0.6788958311080933
-1.2944380044937134,-1.745343565940857,-1.61589777469635,-1.0195657014846802,-0.2803746163845062,0.3416019678115845,0.6631017327308655,0.1533048152923584,-0.296823114156723,-0.6024975776672363,-1.251182198524475,-1.7765499353408813,-1.7276166677474976,-1.0816245079040527,-0.3283301889896393,-0.8916305303573608,-1.4676531553268433,-1.1546173095703125,-0.3829951584339142,0.8083088397979736,1.7327885627746582,3.7077982425689697,3.3494327068328857,0.6019390225410461,-1.8289388418197632,-3.7366344928741455,-2.7846407890319824,-3.9351272583007812,-2.6716344356536865,-3.824671506881714,-7.092606544494629,-5.839230060577393,-4.307908058166504,-3.5979247093200684,-3.9709982872009277,-4.177172660827637,-3.388129711151123,-2.6059064865112305,-1.2628144025802612,-0.30215904116630554,-0.44170689582824707,-1.8651230335235596,-1.7120989561080933,-1.1490859985351562
-3.4520299434661865,-3.6285197734832764,-3.186098575592041,-2.5232012271881104,-1.3354578018188477,-0.49043023586273193,-0.564071536064148,-1.381518006324768,-1.6588246822357178,-1.2234798669815063,-1.284505009651184,-2.109161376953125,-2.1751224994659424,-1.4410408735275269,-1.1359748840332031,-2.345747232437134,-2.5653836727142334,-1.199355959892273,0.18319524824619293,1.4386957883834839,2.581645965576172,4.538516044616699,1.8470503091812134,-4.1776628494262695,-8.983267784118652,-6.5149993896484375,-2.5617218017578125,-4.088746547698975,-3.5275044441223145,-3.4994747638702393,-6.317407608032227,-5.4710612297058105,-3.996220350265503,-3.7442800998687744,-4.454665184020996,-4.471514701843262,-3.9504313468933105,-2.714801788330078,-1.020664095878601,-0.08943770080804825,-0.7954860925674438,-4.465597629547119,-3.7088184356689453,-3.144838333129883
-4.764520168304443,-4.167348861694336,-3.7953970432281494,-3.617111921310425,-2.342322826385498,-1.4479154348373413,-1.945383071899414,-2.506650686264038,-2.259436845779419,-1.9698593616485596,-2.185060501098633,-2.8360066413879395,-2.4691452980041504,-2.004164457321167,-2.3508334159851074,-2.939305305480957,-2.6730799674987793,-1.678998589515686,0.02485007792711258,0.7411126494407654,2.228937864303589,2.4909627437591553,-1.543956995010376,-4.167564868927002,-6.648438930511475,-6.027196884155273,-5.069998264312744,-6.321422576904297,-5.746192932128906,-5.83685302734375,-5.4211812019348145,-5.458841323852539,-4.68131160736084,-4.597116470336914,-5.47922945022583,-5.4214067459106445,-4.662778377532959,-2.6248772144317627,-0.99610435962677,-1.0700310468673706,-2.1302459239959717,-3.035571575164795,-4.090043067932129,-3.4212300777435303
-5.178440570831299,-3.9646155834198,-3.606036901473999,-4.249542713165283,-3.503870725631714,-2.7783501148223877,-3.205256223678589,-3.422729015350342,-3.107436418533325,-3.0383269786834717,-3.1263911724090576,-3.262983560562134,-3.2707605361938477,-3.010453224182129,-2.867053747177124,-2.5849292278289795,-3.029995918273926,-3.3809800148010254,-1.5633668899536133,-1.0310908555984497,-1.3194867372512817,-2.324051856994629,-7.493862628936768,-7.116818428039551,-6.555128574371338,-5.317257881164551,-8.756793022155762,-7.478091716766357,-6.248493671417236,-6.17082405090332,-6.133182048797607,-5.821368217468262,-5.090599536895752,-5.626460075378418,-6.243518352508545,-5.967565059661865,-4.40157413482666,-2.3636105060577393,-1.5581285953521729,-1.8692888021469116,-2.4881930351257324,-2.5677645206451416,-3.072599172592163,-3.2307839393615723
-4.272193908691406,-2.639820098876953,-3.4697015285491943,-4.167222023010254,-4.393461227416992,-4.193151473999023,-4.476011753082275,-4.323628902435303,-3.9410789012908936,-3.479071855545044,-3.4266700744628906,-4.041079044342041,-4.062947750091553,-4.115772247314453,-3.519298791885376,-3.204620838165283,-3.3255608081817627,-5.79719877243042,-4.0696234703063965,-5.280290603637695,-7.556408882141113,-7.64078950881958,-7.822906970977783,-8.179278373718262,-8.302474021911621,-8.679911613464355,-10.405730247497559,-8.141397476196289,-6.864413738250732,-6.296501159667969,-6.419655799865723,-5.812028408050537,-5.301144599914551,-6.243187427520752,-5.933929443359375,-4.953762531280518,-3.4586541652679443,-2.74702525138855,-3.1483757495880127,-2.8317747116088867,-2.0997045040130615,-2.797161340713501,-4.164802074432373,-3.6703686714172363
-3.6420843601226807,-1.9404716491699219,-3.779083251953125,-4.20165491104126,-4.809489727020264,-4.842263698577881,-5.021410942077637,-4.735013961791992,-4.551578521728516,-4.40268087387085,-4.106004238128662,-5.322748184204102,-5.1205735206604,-4.81199836730957,-5.134634971618652,-4.904898643493652,-4.542845726013184,-4.603391647338867,-5.691249370574951,-8.161397933959961,-8.963712692260742,-7.2370991706848145,-7.264153480529785,-6.972564220428467,-7.2936015129089355,-9.792731285095215,-9.508893013000488,-7.641051292419434,-6.412944793701172,-6.234293460845947,-6.689216136932373,-5.8028059005737305,-5.347794055938721,-5.438495635986328,-5.229041576385498,-4.264033794403076,-3.3172154426574707,-3.2829251289367676,-3.722670793533325,-4.089719772338867,-3.607344150543213,-4.265997409820557,-4.825676918029785,-3.6365959644317627
-3.2131550312042236,-3.8577189445495605,-6.030955791473389,-4.28394079208374,-4.166820526123047,-4.982178688049316,-4.886207580566406,-4.8477020263671875,-5.791904926300049,-7.370242118835449,-5.448100566864014,-5.443368434906006,-6.428033828735352,-5.318800926208496,-5.182895660400391,-5.659907341003418,-5.485532760620117,-4.31227445602417,-4.129757881164551,-5.49958610534668,-7.007015705108643,-7.04838752746582,-8.12198543548584,-8.493300437927246,-8.556880950927734,-8.85672378540039,-8.228721618652344,-6.6966352462768555,-6.504350185394287,-7.381223201751709,-7.4213175773620605,-5.609747409820557,-4.784869194030762,-5.029727458953857,-4.699095726013184,-4.118614196777344,-3.8321003913879395,-3.773747205734253,-4.411519527435303,-5.24851655960083,-4.10348653793335,-4.066644191741943,-4.752941131591797,-4.10602331161499
-4.6200761795043945,-5.468765735626221,-4.7725749015808105,-4.423844337463379,-3.5948636531829834,-4.905954360961914,-5.437652111053467,-5.6526994705200195,-7.609467506408691,-10.633896827697754,-5.748631954193115,-4.925264358520508,-5.793635845184326,-3.533864974975586,-3.851440191268921,-5.283942699432373,-5.25213098526001,-4.73408842086792,-5.206185817718506,-3.1409995555877686,-7.437195301055908,-6.9157514572143555,-7.650225639343262,-8.268977165222168,-8.114502906799316,-8.051797866821289,-6.943121910095215,-6.659224987030029,-7.318511009216309,-7.818247318267822,-7.102705478668213,-5.556573867797852,-4.576469421386719,-4.811966896057129,-4.430688858032227,-4.241861343383789,-4.318305969238281,-4.785820484161377,-5.304262638092041,-5.316773414611816,-4.727468967437744,-5.668862819671631,-6.068481922149658,-5.244556427001953
-6.725703716278076,-6.311188697814941,-1.1258411407470703,-5.271388053894043,-5.959077835083008,-6.283246040344238,-7.5666985511779785,-10.140393257141113,-5.7537970542907715,-9.34433650970459,-4.082101821899414,-6.351432800292969,-6.098287582397461,-4.245581150054932,-4.286449432373047,-5.064491271972656,-5.407830715179443,-5.3623881340026855,-5.2898430824279785,-5.284862041473389,-7.021419048309326,-7.972075939178467,-8.43287467956543,-8.515327453613281,-7.780176162719727,-7.339026927947998,-6.88221549987793,-7.077181339263916,-7.455765724182129,-6.941752910614014,-6.87258243560791,-6.294343948364258,-5.385090351104736,-5.794422149658203,-6.834898948669434,-5.337301254272461,-5.1748175621032715,-5.664095878601074,-5.967491626739502,-6.081833839416504,-6.146751403808594,-6.3427734375,-5.480209827423096,-4.477835178375244
-7.338916301727295,-6.551921367645264,-7.462000370025635,-8.447171211242676,-9.317401885986328,-9.954133987426758,-9.107991218566895,-8.97268295288086,-5.875891208648682,-6.533848762512207,-7.549931526184082,-6.681539535522461,-7.5170979499816895,-5.241377353668213,-4.589890480041504,-5.093252182006836,-5.4813079833984375,-5.631464958190918,-4.4613356590271,-6.528883457183838,-8.481590270996094,-9.084729194641113,-9.551653861999512,-9.013090133666992,-7.957326412200928,-6.892271041870117,-6.8198723793029785,-7.429168224334717,-7.264489650726318,-6.651799201965332,-7.973118782043457,-7.990619659423828,-6.164466381072998,-5.494621276855469,-4.5093512535095215,-4.868206977844238,-5.86491584777832,-6.378376483917236,-6.6912031173706055,-7.062800407409668,-6.654873847961426,-5.5313496589660645,-4.776078701019287,-4.582279205322266
-9.188040733337402,-12.091303825378418,-12.753856658935547,-11.916194915771484,-12.828489303588867,-12.127567291259766,-9.827742576599121,-7.32598352432251,-9.720964431762695,-8.031813621520996,-8.241780281066895,-6.802370071411133,-6.037905216217041,-5.835946083068848,-5.706699848175049,-6.478439807891846,-6.386566162109375,-6.320467948913574,-6.4312663078308105,-8.049271583557129,-9.670571327209473,-10.439979553222656,-10.315732955932617,-9.506999969482422,-8.015267372131348,-6.738696098327637,-6.567506313323975,-6.530370712280273,-6.7233452796936035,-5.1887288093566895,-6.49692964553833,-6.529036998748779,-5.889633655548096,-5.919250011444092,-5.300268650054932,-5.553551197052002,-6.3083906173706055,-6.8092451095581055,-7.365276336669922,-7.272572994232178,-6.167738914489746,-5.140455722808838,-4.780060291290283,-4.575128555297852
-11.612425804138184,-14.668020248413086,-15.349767684936523,-13.347663879394531,-12.391531944274902,-11.798983573913574,-9.184703826904297,-8.054838180541992,-7.540623664855957,-7.707934379577637,-8.16531753540039,-7.8104329109191895,-7.046879768371582,-7.058772087097168,-8.192422866821289,-8.481295585632324,-8.137377738952637,-8.45975399017334,-9.269031524658203,-9.767546653747559,-9.953232765197754,-10.107236862182617,-10.007902145385742,-9.129345893859863,-7.745329856872559,-6.894524097442627,-8.020291328430176,-4.9939093589782715,-6.418735504150391,-6.827022075653076,-6.645124912261963,-6.464089393615723,-6.446386337280273,-5.841433048248291,-5.446615695953369,-5.811612606048584,-6.698780059814453,-7.203537464141846,-7.083183288574219,-6.165965557098389,-5.132368087768555,-4.969902992248535,-5.412935733795166,-4.41685676574707
-12.763885498046875,-14.965649604797363,-14.338406562805176,-11.832761764526367,-9.204876899719238,-9.312746047973633,-8.150491714477539,-7.445788860321045,-6.729666233062744,-7.316844940185547,-8.351800918579102,-8.005779266357422,-7.888595104217529,-8.354877471923828,-9.249394416809082,-9.550826072692871,-9.329808235168457,-9.462879180908203,-9.88070297241211,-9.942179679870605,-9.905387878417969,-9.906954765319824,-9.675199508666992,-9.202571868896484,-8.144669532775879,-6.626608371734619,-5.715423583984375,-6.432871341705322,-6.290916919708252,-6.21039342880249,-6.4345502853393555,-6.458008289337158,-6.290434837341309,-5.965097904205322,-5.9150390625,-6.546395301818848,-7.034867763519287,-6.767457962036133,-5.90293550491333,-4.8988237380981445,-4.6126389503479,-5.4723052978515625,-5.858824729919434,-4.981808662414551
-13.923279762268066,-11.653570175170898,-12.887735366821289,-10.237968444824219,-8.659502029418945,-7.461307048797607,-6.428832530975342,-5.903440475463867,-6.458078861236572,-6.790056228637695,-8.69641399383545,-8.98359203338623,-9.445300102233887,-9.206525802612305,-9.504417419433594,-9.638721466064453,-9.784244537353516,-10.325271606445312,-10.616860389709473,-10.167634010314941,-9.496267318725586,-9.380128860473633,-9.239419937133789,-8.856545448303223,-7.96986722946167,-6.759891510009766,-5.999427795410156,-6.358366966247559,-6.463130474090576,-6.641571521759033,-6.585119724273682,-6.511292934417725,-6.488893508911133,-6.588026523590088,-6.81839656829834,-7.1031060218811035,-6.841573715209961,-5.958330154418945,-4.944459915161133,-4.564456939697266,-5.2891435623168945,-6.065058708190918,-6.271531581878662,-5.980911731719971
-8.088065147399902,-9.587684631347656,-9.821151733398438,-7.244469165802002,-5.434445381164551,-5.27003812789917,-5.471096992492676,-5.934610366821289,-7.154594898223877,-7.687955856323242,-8.756523132324219,-9.543569564819336,-10.384702682495117,-10.462827682495117,-10.392553329467773,-10.115456581115723,-10.430315017700195,-10.877869606018066,-10.549577713012695,-9.600470542907715,-8.875443458557129,-8.58340835571289,-8.75326919555664,-9.04115104675293,-8.587930679321289,-7.655148983001709,-6.523843288421631,-6.785196304321289,-7.139654636383057,-7.26013708114624,-6.81957483291626,-6.620030403137207,-6.908980369567871,-7.095860481262207,-7.092396259307861,-7.048748970031738,-6.494289398193359,-5.559875965118408,-5.231157302856445,-5.815340995788574,-6.4534783363342285,-6.6542534828186035,-6.855368137359619,-6.578039646148682
