data/wind_data/wind_11_8.json
{"header": {"parameterUnit": "KT", "parameterCategory": 2, "nx": 256, "ny": 198, "lo1": 44.73521041870117, "la1": -3.236724853515625, "lo2": 111.26478576660156, "la2": 43.468475341796875, "dx": 0.2609002888202667, "dy": -0.23708222806453705, "refTime": "2025-02-19 11:00:00", "forecastTime": 0, "parameterNumber": 2, "parameterNumberName": "eastward_wind"}, "data":
[rows 76 to 94 of 198, columns 132 to 175 of 256]
2.098950147628784,2.40905499458313,1.882982611656189,1.236608862876892,0.615547776222229,-0.123806431889534,-0.5658037662506104,-0.2839811146259308,0.4611082673072815,0.8618730902671814,0.4738129675388336,-0.4931889772415161,-1.4580687284469604,-1.9917136430740356,-2.3531715869903564,-2.934617519378662,-3.50980544090271,-3.7637410163879395,-3.7467551231384277,-3.612236261367798,-3.5369083881378174,-3.7350051403045654,-4.0948896408081055,-4.176008701324463,-3.64176344871521,-2.6961565017700195,-1.8347256183624268,-1.3035916090011597,-1.0339441299438477,-0.9496073126792908,-1.0964096784591675,-1.5367696285247803,-2.194753646850586,-2.845407247543335,-3.394315481185913,-3.8576040267944336,-4.248492240905762,-4.554063320159912,-4.677236557006836,-4.658815383911133,-4.714823246002197,-5.005040168762207,-5.527956962585449,-6.287685394287109
2.3796138763427734,3.037680149078369,3.404968500137329,3.387802839279175,3.059072732925415,2.3369839191436768,1.2481697797775269,0.6715815663337708,1.2333861589431763,2.411921739578247,2.9912142753601074,2.249351739883423,0.9799501895904541,0.14022880792617798,-0.32619208097457886,-0.963959813117981,-1.8234286308288574,-2.498241662979126,-2.7040693759918213,-2.5845282077789307,-2.4612371921539307,-2.453857898712158,-2.5388662815093994,-2.6582212448120117,-2.610945701599121,-2.1458756923675537,-1.4255826473236084,-0.777836799621582,-0.2708016633987427,0.1377219408750534,0.3206491470336914,0.14365366101264954,-0.3309846818447113,-1.0366199016571045,-1.863782525062561,-2.815967559814453,-3.735135555267334,-4.30255126953125,-4.522873401641846,-4.591366291046143,-4.645854949951172,-4.775304317474365,-5.1349921226501465,-5.812107086181641
3.1966962814331055,3.6246628761291504,4.41406774520874,5.091616153717041,5.193756103515625,4.774341106414795,3.953134536743164,3.1953341960906982,3.0821287631988525,3.7480828762054443,4.492557048797607,4.458669185638428,3.8049769401550293,2.8970847129821777,1.836026668548584,0.6167845129966736,-0.46458297967910767,-1.121254801750183,-1.3238060474395752,-1.3189345598220825,-1.3996577262878418,-1.4397928714752197,-1.2644004821777344,-0.9517306089401245,-0.7590365409851074,-0.7784306406974792,-0.7240734100341797,-0.3655373156070709,0.2194933295249939,0.8864863514900208,1.487589955329895,1.5933858156204224,1.1082448959350586,0.40850773453712463,-0.38744693994522095,-1.4208548069000244,-2.6726033687591553,-3.688663959503174,-4.227438926696777,-4.450377941131592,-4.5604963302612305,-4.591421604156494,-4.64309549331665,-4.99310827255249
4.434629440307617,4.733987331390381,5.357935905456543,6.182003021240234,6.6593217849731445,6.557750225067139,6.09898042678833,5.656177520751953,5.6389336585998535,6.011126518249512,6.16943359375,6.251730918884277,6.289335250854492,5.608360767364502,4.128259658813477,2.364793300628662,0.8927360773086548,0.04794453829526901,-0.2844303548336029,-0.3518296182155609,-0.3216232359409332,-0.21492061018943787,0.10307150334119797,0.689512312412262,1.2315728664398193,1.278755784034729,0.8420217037200928,0.5068946480751038,0.7502792477607727,1.4341609477996826,2.212836503982544,2.73347806930542,2.4706778526306152,1.6449214220046997,0.8473241329193115,0.06969622522592545,-1.0209282636642456,-2.298391103744507,-3.287727117538452,-3.8769073486328125,-4.247363567352295,-4.4278082847595215,-4.396886825561523,-4.365601062774658
5.136885166168213,5.674535274505615,6.341699123382568,7.09232759475708,7.710140705108643,7.885551452636719,7.796201229095459,7.676526069641113,7.773218154907227,8.019594192504883,7.794961929321289,7.589398384094238,7.941084384918213,7.7451982498168945,6.310560703277588,4.483578205108643,2.9919052124023438,1.807045817375183,0.8647205829620361,0.2967280149459839,0.18745802342891693,0.5023900270462036,1.2216063737869263,2.1691462993621826,2.994471788406372,3.305657386779785,2.989814519882202,2.3577921390533447,1.9857736825942993,2.296198606491089,2.9212303161621094,3.4240076541900635,3.4901180267333984,2.9237029552459717,2.15389084815979,1.6026389598846436,0.9789927005767822,-0.09086888283491135,-1.3312067985534668,-2.4315247535705566,-3.239847183227539,-3.681231737136841,-3.8810038566589355,-3.9279327392578125
7.205428123474121,7.109251022338867,7.418186664581299,7.837291717529297,8.398913383483887,8.800294876098633,8.941622734069824,9.106356620788574,9.434359550476074,9.758095741271973,9.367843627929688,8.725791931152344,8.934029579162598,9.403282165527344,8.411141395568848,6.406470775604248,5.243785381317139,4.459574222564697,2.9466028213500977,1.4827470779418945,0.953874409198761,1.196169376373291,2.0121006965637207,3.1654086112976074,4.240428447723389,4.930332660675049,5.1087236404418945,4.846452236175537,4.3880133628845215,4.211609363555908,4.4260358810424805,4.551766395568848,4.416686058044434,4.0799031257629395,3.5662612915039062,3.073241949081421,2.7465200424194336,2.3224105834960938,1.4989863634109497,0.25556665658950806,-1.0362344980239868,-1.898734211921692,-2.2696332931518555,-2.595716714859009
10.523202896118164,10.087381362915039,9.966782569885254,9.745783805847168,9.435542106628418,9.335955619812012,9.506782531738281,9.829602241516113,10.198870658874512,10.544076919555664,10.735937118530273,10.583189010620117,9.962325096130371,10.073073387145996,9.490001678466797,8.276837348937988,7.493668556213379,6.814572334289551,5.539586544036865,3.9381051063537598,2.8669471740722656,2.612647771835327,3.070268392562866,3.999537229537964,5.027279853820801,5.978593349456787,6.738363742828369,7.199725151062012,7.395532131195068,7.3871588706970215,7.25520133972168,6.896224021911621,6.186799049377441,5.397210121154785,4.840315341949463,4.440488338470459,4.222362518310547,4.212422847747803,3.9837090969085693,3.193234920501709,2.093292236328125,1.1017204523086548,0.4620513319969177,-0.020970214158296585
12.954285621643066,12.359649658203125,12.093048095703125,11.691941261291504,10.937100410461426,10.012840270996094,9.38723373413086,9.410439491271973,9.949751853942871,10.580574989318848,10.806619644165039,11.491469383239746,12.337523460388184,11.465941429138184,9.339001655578613,9.28575325012207,9.975357055664062,8.78547477722168,7.250646591186523,6.567847728729248,5.611933708190918,4.462900638580322,4.286454200744629,5.034061908721924,5.957980155944824,6.854583263397217,7.810104846954346,8.806401252746582,9.772239685058594,10.525678634643555,10.705251693725586,10.112688064575195,8.908598899841309,7.585535526275635,6.59739875793457,5.975870132446289,5.560738563537598,5.454418182373047,5.558372497558594,5.4641032218933105,4.938104152679443,4.1482744216918945,3.3601229190826416,2.640885353088379
14.694645881652832,13.829780578613281,13.294883728027344,12.464667320251465,11.216317176818848,10.076760292053223,9.333532333374023,8.922036170959473,8.982107162475586,9.684350967407227,10.278166770935059,10.857111930847168,12.71152114868164,13.733577728271484,10.7779541015625,9.290175437927246,10.78430461883545,11.452953338623047,10.093803405761719,8.4236421585083,7.23866081237793,6.205376625061035,5.698755741119385,6.00648832321167,6.731672763824463,7.537169933319092,8.419794082641602,9.51848030090332,10.92198657989502,12.35274600982666,13.182861328125,12.950016975402832,11.7343168258667,10.202176094055176,9.02241039276123,8.220681190490723,7.486307621002197,6.827502727508545,6.53560209274292,6.596036434173584,6.734107971191406,6.599674701690674,5.943636894226074,4.809503555297852
16.15834617614746,15.31843090057373,14.668679237365723,13.732385635375977,12.022475242614746,10.273435592651367,9.448783874511719,9.195034980773926,8.833030700683594,8.86532974243164,9.52721881866455,10.17962646484375,11.719412803649902,13.999846458435059,13.601656913757324,10.29446029663086,9.88255500793457,11.857150077819824,13.155196189880371,11.786869049072266,9.16960620880127,8.002765655517578,8.07098388671875,8.086335182189941,8.051497459411621,8.193353652954102,8.520243644714355,9.315503120422363,10.81275749206543,12.635437965393066,14.028050422668457,14.421878814697266,13.801249504089355,12.6326322555542,11.494967460632324,10.595440864562988,9.652374267578125,8.552971839904785,7.6521453857421875,7.290889263153076,7.519760608673096,7.985083103179932,8.016481399536133,7.063325881958008
17.448959350585938,17.028352737426758,16.54621696472168,15.783452033996582,14.205657005310059,12.235584259033203,10.90916919708252,10.160600662231445,9.500300407409668,9.045612335205078,9.134480476379395,9.752629280090332,10.87576961517334,12.858684539794922,14.501571655273438,13.133222579956055,10.364788055419922,10.994207382202148,13.04686450958252,13.778312683105469,12.600954055786133,11.121359825134277,10.514678955078125,10.370004653930664,10.144036293029785,9.626327514648438,9.031106948852539,9.151456832885742,10.405458450317383,12.29349422454834,13.87570571899414,14.591424942016602,14.574238777160645,14.228543281555176,13.730420112609863,13.02932071685791,11.881217956542969,10.410014152526855,9.131735801696777,8.445551872253418,8.396608352661133,8.790555000305176,9.191761016845703,8.916101455688477
18.798967361450195,18.851486206054688,18.7104434967041,18.192075729370117,16.90900421142578,15.204565048217773,13.779512405395508,12.569480895996094,11.427741050720215,10.572911262512207,10.051609992980957,10.0831880569458,10.514142036437988,11.608304023742676,13.735809326171875,14.814087867736816,12.34067440032959,11.301628112792969,13.462459564208984,14.664498329162598,13.76274299621582,13.0762939453125,12.98360824584961,12.618769645690918,12.037017822265625,11.2282133102417,10.312484741210938,10.137749671936035,11.066183090209961,12.551444053649902,13.811784744262695,14.370109558105469,14.55195140838623,14.82410717010498,15.139609336853027,15.08255386352539,14.167747497558594,12.55461311340332,11.114151954650879,10.446313858032227,10.324460983276367,10.320165634155273,10.251813888549805,9.93064022064209
20.475173950195312,20.677209854125977,20.880313873291016,20.868022918701172,20.067033767700195,18.441957473754883,16.81783103942871,15.570294380187988,14.581564903259277,13.782588958740234,12.96462631225586,12.34688949584961,11.892791748046875,11.69713306427002,13.009622573852539,15.046344757080078,14.16275405883789,12.426714897155762,14.6254301071167,16.510644912719727,14.319677352905273,13.150962829589844,14.55482292175293,15.088154792785645,13.950263023376465,12.558098793029785,11.897355079650879,12.102463722229004,12.926931381225586,13.861557960510254,14.399537086486816,14.444942474365234,14.496322631835938,14.996235847473145,15.77211856842041,16.232669830322266,15.814191818237305,14.551101684570312,13.304780960083008,12.835448265075684,12.832724571228027,12.574273109436035,11.884461402893066,10.938620567321777
22.475414276123047,22.315406799316406,22.408029556274414,22.723257064819336,22.655681610107422,21.535564422607422,19.802339553833008,18.326059341430664,17.444915771484375,16.95500373840332,16.29562759399414,15.688654899597168,15.199108123779297,14.164557456970215,13.673903465270996,14.998211860656738,15.517403602600098,14.316274642944336,15.471457481384277,18.211471557617188,16.256616592407227,13.557716369628906,14.944724082946777,16.87308120727539,15.924571990966797,14.032052040100098,13.61584186553955,14.30152702331543,15.120326042175293,15.56481647491455,15.480073928833008,15.145832061767578,14.998329162597656,15.221084594726562,15.732259750366211,16.26455307006836,16.3480281829834,15.844892501831055,15.274919509887695,15.13943862915039,15.21725845336914,14.782052040100098,13.721695899963379,12.342472076416016
24.443599700927734,23.85851287841797,23.55573081970215,23.847957611083984,24.138795852661133,23.538393020629883,22.18224334716797,20.840147018432617,19.93462562561035,19.31218147277832,18.46685218811035,17.95017433166504,18.29109764099121,17.878036499023438,16.214536666870117,15.810834884643555,16.64101791381836,16.57647705078125,16.79079818725586,18.709060668945312,18.477256774902344,15.704000473022461,15.144135475158691,17.050321578979492,17.548656463623047,16.442031860351562,15.773577690124512,16.214130401611328,16.955873489379883,17.072341918945312,16.507469177246094,15.977484703063965,15.807266235351562,15.661231994628906,15.495555877685547,15.594704627990723,15.9618501663208,16.344833374023438,16.720014572143555,17.05750274658203,17.088457107543945,16.508485794067383,15.320502281188965,13.80686092376709
25.660747528076172,25.17035675048828,24.898868560791016,25.06329917907715,25.1752986907959,24.640789031982422,23.72101593017578,22.884376525878906,22.13109016418457,21.32223892211914,20.221296310424805,19.506057739257812,20.180830001831055,20.656982421875,19.132570266723633,17.589963912963867,17.649675369262695,17.97317886352539,18.42461395263672,19.34503746032715,19.218366622924805,17.64995002746582,16.799325942993164,16.75523567199707,17.11883544921875,17.804285049438477,17.909502029418945,17.785541534423828,17.875530242919922,17.738313674926758,17.326923370361328,17.013917922973633,16.789451599121094,16.31369400024414,15.6328763961792,15.351818084716797,15.801417350769043,16.662904739379883,17.532438278198242,18.12242317199707,18.079484939575195,17.403902053833008,16.297225952148438,14.836339950561523
26.100135803222656,25.960874557495117,26.285846710205078,26.597312927246094,26.31833839416504,25.57099723815918,24.913654327392578,24.45308494567871,23.853538513183594,23.006614685058594,22.004758834838867,21.264320373535156,21.51485824584961,21.98958396911621,21.0334415435791,19.22362518310547,18.43032455444336,18.60202980041504,19.186277389526367,19.999122619628906,19.929304122924805,18.79371452331543,17.788421630859375,17.31018829345703,17.43079948425293,18.21425437927246,18.66926383972168,18.209453582763672,17.911954879760742,18.021379470825195,18.28643226623535,18.443859100341797,18.146188735961914,17.348751068115234,16.498369216918945,16.23002052307129,16.735340118408203,17.485431671142578,17.987844467163086,18.159664154052734,17.896177291870117,17.21438217163086,16.318382263183594,15.150321006774902
26.34453773498535,26.545846939086914,27.29877471923828,27.719018936157227,27.2089786529541,26.436044692993164,26.13157081604004,25.91526985168457,25.259258270263672,24.352508544921875,23.43832015991211,22.741641998291016,22.77974510192871,22.84768295288086,21.642263412475586,19.82817268371582,18.84775161743164,18.87749671936035,19.515024185180664,20.526384353637695,20.986907958984375,20.154573440551758,18.585655212402344,17.924999237060547,18.537250518798828,19.837318420410156,19.812685012817383,17.400136947631836,16.593311309814453,18.134628295898438,19.6308536529541,19.777002334594727,19.062252044677734,18.288373947143555,17.832706451416016,17.87378692626953,18.312015533447266,18.692121505737305,18.55245018005371,17.882484436035156,17.030126571655273,16.31090545654297,15.798948287963867,15.264941215515137
26.695030212402344,27.318967819213867,27.96246337890625,27.975528717041016,27.489173889160156,27.181360244750977,27.33182144165039,27.390836715698242,26.75526237487793,25.556669235229492,24.379220962524414,23.603918075561523,23.311126708984375,22.901662826538086,21.600696563720703,19.87342643737793,18.836149215698242,18.931079864501953,19.900203704833984,21.307191848754883,22.117876052856445,21.458887100219727,19.806989669799805,18.73259925842285,19.752769470214844,21.594234466552734,20.44070053100586,18.429668426513672,17.38380241394043,17.840198516845703,19.842266082763672,20.813447952270508,19.83894157409668,18.99111557006836,19.030982971191406,19.324947357177734,19.515052795410156,19.5216121673584,18.921531677246094,17.525711059570312,16.153173446655273,15.533710479736328,15.481339454650879,15.527353286743164
