data/wind_data/wind_62_6.json
{"header": {"parameterUnit": "KT", "parameterCategory": 2, "nx": 256, "ny": 198, "lo1": 44.73521041870117, "la1": -3.236724853515625, "lo2": 111.26478576660156, "la2": 43.468475341796875, "dx": 0.2609002888202667, "dy": -0.23708222806453705, "refTime": "2025-02-21 14:00:00", "forecastTime": 0, "parameterNumber": 2, "parameterNumberName": "eastward_wind"}, "data":
[rows 40 to 59 of 198, columns 45 to 89 of 256]
-1.2835948467254639,-1.6097872257232666,-1.995177984237671,-2.314436197280884,-2.706667423248291,-3.2665088176727295,-3.7974348068237305,-4.170677661895752,-4.395451068878174,-4.512523174285889,-4.608455657958984,-4.7162322998046875,-4.890575885772705,-5.114507675170898,-5.312887668609619,-5.485144138336182,-5.616634845733643,-5.5637736320495605,-5.251389503479004,-4.8969831466674805,-4.626768589019775,-4.595160961151123,-4.895318508148193,-5.401223182678223,-5.743221759796143,-5.863778114318848,-5.969191551208496,-5.926785945892334,-5.679682731628418,-5.401869773864746,-5.346986293792725,-5.4781813621521,-5.544777870178223,-5.345458507537842,-5.0955915451049805,-5.000761032104492,-4.729004859924316,-4.520114421844482,-4.520135402679443,-4.168071746826172,-3.681870937347412,-3.686065196990967,-4.578816890716553,-5.744626522064209,-6.399605751037598
-0.7624274492263794,-1.0551540851593018,-1.4289852380752563,-1.6189497709274292,-1.817461371421814,-2.269747257232666,-2.8715996742248535,-3.414393186569214,-3.7968759536743164,-4.000958442687988,-4.066051959991455,-4.02130651473999,-4.032182216644287,-4.167746543884277,-4.443706512451172,-4.74206018447876,-4.918954372406006,-5.072844982147217,-5.016511917114258,-4.741922378540039,-4.380704402923584,-4.219315052032471,-4.429081916809082,-4.954955577850342,-5.423485279083252,-5.4750657081604,-5.393606185913086,-5.339115619659424,-5.106960296630859,-4.756619930267334,-4.488636016845703,-4.505339622497559,-4.659604072570801,-4.685554504394531,-4.494675159454346,-4.260434150695801,-4.158103942871094,-4.3375654220581055,-4.173976898193359,-3.4735827445983887,-3.0478429794311523,-3.504227876663208,-4.490743637084961,-5.059506416320801,-5.541583061218262
-0.43048974871635437,-0.5506311655044556,-0.8077242374420166,-1.055060625076294,-1.293493390083313,-1.5785503387451172,-1.9569289684295654,-2.3764679431915283,-2.841667652130127,-3.1970348358154297,-3.375420331954956,-3.3525986671447754,-3.2927896976470947,-3.3883159160614014,-3.6504735946655273,-3.986258029937744,-4.1884050369262695,-4.326346397399902,-4.419040203094482,-4.339500427246094,-4.177260875701904,-4.13613224029541,-4.293362617492676,-4.555291175842285,-4.778183460235596,-4.877504825592041,-4.840449810028076,-4.832232475280762,-4.629361629486084,-4.185205459594727,-3.7044498920440674,-3.55631947517395,-3.771876335144043,-3.9551761150360107,-3.751034736633301,-3.468780517578125,-3.618708372116089,-3.889484167098999,-3.6178832054138184,-3.0219883918762207,-2.800570249557495,-3.252668857574463,-3.913222551345825,-4.410235404968262,-5.221292018890381
0.0783727690577507,0.07345547527074814,0.02683640643954277,-0.2177732288837433,-0.6566474437713623,-1.1568766832351685,-1.5430028438568115,-1.7164366245269775,-1.9007792472839355,-2.1561272144317627,-2.371595859527588,-2.4870007038116455,-2.490612506866455,-2.5328478813171387,-2.7929296493530273,-3.191885232925415,-3.5398707389831543,-3.6700472831726074,-3.6419906616210938,-3.6834022998809814,-3.8104348182678223,-3.998143196105957,-4.131917953491211,-4.1727824211120605,-4.145780563354492,-4.106418609619141,-4.155573844909668,-4.214280605316162,-4.094698905944824,-3.7552974224090576,-3.2722835540771484,-2.937103748321533,-2.9764790534973145,-3.1536154747009277,-3.0905160903930664,-2.957277774810791,-2.956399440765381,-2.9523487091064453,-2.838705539703369,-2.64926815032959,-2.6849539279937744,-2.8936879634857178,-3.296351671218872,-3.9945051670074463,-4.8684539794921875
0.49901166558265686,0.47015732526779175,0.5688799619674683,0.5306631922721863,0.11680037528276443,-0.5501895546913147,-1.0413907766342163,-1.2378370761871338,-1.2625834941864014,-1.3364768028259277,-1.4436097145080566,-1.5694679021835327,-1.6884729862213135,-1.6987526416778564,-1.7807132005691528,-2.1450841426849365,-2.6406877040863037,-2.829707384109497,-2.8431947231292725,-2.9845125675201416,-3.3163387775421143,-3.5959043502807617,-3.630366563796997,-3.5862927436828613,-3.5284223556518555,-3.498867988586426,-3.485088348388672,-3.3986034393310547,-3.3428661823272705,-3.2847609519958496,-3.0213966369628906,-2.647125244140625,-2.5055060386657715,-2.506774663925171,-2.5384154319763184,-2.5697274208068848,-2.3246967792510986,-1.9432991743087769,-1.8825640678405762,-2.1106863021850586,-2.447934627532959,-2.570650100708008,-2.816199541091919,-3.3972113132476807,-4.056734561920166
0.806494951248169,0.5485870838165283,0.4889553189277649,0.5380695462226868,0.3247009515762329,-0.15857352316379547,-0.5608806014060974,-0.8030093908309937,-0.9564929604530334,-1.009350061416626,-1.0520026683807373,-1.0858674049377441,-1.1400634050369263,-1.089843988418579,-1.0154672861099243,-1.1744589805603027,-1.4743847846984863,-1.6791609525680542,-1.8546488285064697,-2.167126417160034,-2.5719048976898193,-2.7837114334106445,-2.7850873470306396,-2.765291452407837,-2.8484997749328613,-2.8954520225524902,-2.7333385944366455,-2.504004716873169,-2.5236191749572754,-2.8374104499816895,-2.8296854496002197,-2.4688758850097656,-2.1067020893096924,-1.9138752222061157,-1.9587502479553223,-2.0678772926330566,-1.8966045379638672,-1.3849196434020996,-1.0788450241088867,-1.2799867391586304,-1.6794058084487915,-1.943893551826477,-2.2950408458709717,-2.825805187225342,-3.3387796878814697
0.8872058987617493,0.6041795611381531,0.37025830149650574,0.16462954878807068,0.009251238778233528,-0.1588076651096344,-0.4172675609588623,-0.6921690702438354,-0.9200713634490967,-1.0549111366271973,-1.1034812927246094,-1.059340000152588,-0.9712463021278381,-0.7953508496284485,-0.6410092711448669,-0.6436920762062073,-0.6027182340621948,-0.5106763243675232,-0.612671971321106,-0.9827869534492493,-1.38860023021698,-1.5544825792312622,-1.6177197694778442,-1.7896276712417603,-2.0651907920837402,-2.184457540512085,-1.9434975385665894,-1.69176185131073,-1.871533989906311,-2.301258087158203,-2.426305055618286,-2.13287615776062,-1.7091898918151855,-1.4172108173370361,-1.3623965978622437,-1.4702727794647217,-1.4344558715820312,-0.9845110774040222,-0.4471375644207001,-0.30598074197769165,-0.628044068813324,-1.0631701946258545,-1.634277582168579,-2.1519880294799805,-2.5839788913726807
0.7665523290634155,0.7086278796195984,0.667149007320404,0.45485103130340576,0.107723169028759,-0.11550396680831909,-0.24644896388053894,-0.3841511607170105,-0.652010977268219,-0.8907219171524048,-1.064362645149231,-1.0987253189086914,-0.9069530963897705,-0.6471843719482422,-0.42036986351013184,-0.27329695224761963,-0.020093031227588654,0.3271090090274811,0.5261926054954529,0.36394068598747253,0.08517912030220032,-0.015523414127528667,-0.12241768091917038,-0.4924021065235138,-1.0057321786880493,-1.268003225326538,-1.1023598909378052,-0.9925567507743835,-1.2577623128890991,-1.6516485214233398,-1.8330007791519165,-1.7231003046035767,-1.2815433740615845,-0.9202926158905029,-0.8310399055480957,-0.8107618689537048,-0.6459149122238159,-0.27605801820755005,0.11247456818819046,0.2957368791103363,0.24932712316513062,-0.05231568217277527,-0.5552167296409607,-1.1634398698806763,-1.7597535848617554
0.75054532289505,0.8768011331558228,1.0661941766738892,1.1903619766235352,0.9925782084465027,0.7118702530860901,0.4965153634548187,0.31379082798957825,0.05286095663905144,-0.1940874606370926,-0.42961058020591736,-0.6440861225128174,-0.563079833984375,-0.3497718274593353,-0.054744020104408264,0.22141142189502716,0.5278957486152649,0.8537010550498962,1.2238025665283203,1.4903193712234497,1.5088728666305542,1.525871992111206,1.521817684173584,1.1447242498397827,0.46432170271873474,-0.027227893471717834,-0.14523042738437653,-0.24035833775997162,-0.6242522597312927,-0.95736163854599,-1.0684398412704468,-1.1091017723083496,-0.9068859219551086,-0.45153123140335083,-0.269394189119339,-0.12061205506324768,0.34077489376068115,0.6559938788414001,0.695875346660614,0.7589457035064697,0.9961568117141724,1.0814632177352905,0.658110499382019,-0.11647902429103851,-0.9061881303787231
1.041049838066101,1.1972830295562744,1.4689269065856934,1.7807990312576294,1.8966412544250488,1.8124947547912598,1.646436333656311,1.3512691259384155,0.9212827086448669,0.5835172533988953,0.3078227639198303,0.12169193476438522,0.1349019855260849,0.24279335141181946,0.47389817237854004,0.7993699312210083,1.0964149236679077,1.4047905206680298,1.79274320602417,2.2058236598968506,2.49593448638916,2.7052345275878906,2.8162848949432373,2.722858190536499,2.2547972202301025,1.5733437538146973,0.984175443649292,0.5772454142570496,0.1969338208436966,-0.19674137234687805,-0.36045041680336,-0.23870517313480377,-0.15412908792495728,0.042639341205358505,0.3955194652080536,0.7201564908027649,1.2009187936782837,1.4471912384033203,1.3869435787200928,1.4645271301269531,1.7252427339553833,1.8581223487854004,1.5168235301971436,0.798194169998169,-0.08296145498752594
1.5156197547912598,1.6713354587554932,1.8393540382385254,2.183227300643921,2.5036673545837402,2.6698551177978516,2.6011056900024414,2.3497753143310547,1.8960328102111816,1.3462958335876465,0.967420756816864,0.8255099654197693,0.8436611294746399,0.9662303328514099,1.1842691898345947,1.4302886724472046,1.721753478050232,2.0687639713287354,2.4294748306274414,2.7901840209960938,3.0967233180999756,3.4384734630584717,3.7835519313812256,3.866792678833008,3.62575626373291,3.121250867843628,2.4185478687286377,1.687516689300537,1.2200384140014648,0.8527883887290955,0.4369641840457916,0.45583924651145935,0.6841868758201599,0.7741280198097229,1.1674374341964722,1.7465242147445679,2.1052565574645996,2.1362924575805664,2.0461924076080322,2.151963472366333,2.3121910095214844,2.3554329872131348,2.0601093769073486,1.395513653755188,0.6618471741676331
1.9463920593261719,2.1493213176727295,2.3512463569641113,2.639928102493286,2.9687135219573975,3.258328676223755,3.4055533409118652,3.3763463497161865,3.089958667755127,2.59934401512146,2.169184684753418,1.9573017358779907,1.8493109941482544,1.8511087894439697,1.981845736503601,2.1605775356292725,2.4399566650390625,2.824296474456787,3.1724655628204346,3.4671545028686523,3.760352849960327,4.1589674949646,4.516147136688232,4.626140594482422,4.461958408355713,4.126261234283447,3.687087297439575,3.1243960857391357,2.493568181991577,2.0074918270111084,1.5622122287750244,1.317007303237915,1.4167770147323608,1.6525129079818726,1.9698160886764526,2.458965539932251,2.9342799186706543,2.9955804347991943,2.8452203273773193,2.8289713859558105,2.8679654598236084,2.930676221847534,2.6555016040802,1.9986299276351929,1.5127993822097778
2.5418028831481934,2.6802194118499756,2.909832239151001,3.175281047821045,3.478358030319214,3.7552506923675537,3.9892778396606445,4.224556922912598,4.267250061035156,4.096900939941406,3.8225209712982178,3.5617144107818604,3.3953335285186768,3.2673075199127197,3.1120445728302,2.9922428131103516,3.1247167587280273,3.5709891319274902,4.099750518798828,4.523407459259033,4.77247953414917,4.946181774139404,5.056936740875244,5.091922760009766,5.07991886138916,4.973634243011475,4.701596736907959,4.241092205047607,3.68924880027771,3.108954429626465,2.689419984817505,2.525728940963745,2.4780056476593018,2.608825206756592,2.763425350189209,2.944185256958008,3.439115285873413,3.7774879932403564,3.7577648162841797,3.69828724861145,3.7642884254455566,3.738654375076294,3.277341604232788,2.7210230827331543,2.4582927227020264
3.3860743045806885,3.423699140548706,3.560697317123413,3.729663848876953,3.9049489498138428,4.1249823570251465,4.3847246170043945,4.761206150054932,5.094534397125244,5.284389495849609,5.243061542510986,5.004929542541504,4.810672760009766,4.705310821533203,4.490487098693848,4.139418601989746,4.021283149719238,4.304527282714844,4.908088207244873,5.565723419189453,6.025557518005371,6.1116719245910645,5.8453803062438965,5.593417167663574,5.554158687591553,5.591457366943359,5.47254753112793,5.1242451667785645,4.670424938201904,4.250295639038086,3.869868278503418,3.606745481491089,3.6583733558654785,3.7758593559265137,3.7312519550323486,3.6962783336639404,3.8753998279571533,4.161066055297852,4.519678115844727,4.793990612030029,4.915470600128174,4.729773998260498,4.359544277191162,3.8585002422332764,3.3500192165374756
4.5330119132995605,4.550436019897461,4.532820224761963,4.525092601776123,4.5616679191589355,4.654742240905762,4.869318962097168,5.265736103057861,5.724510669708252,6.1085991859436035,6.270130634307861,6.167315483093262,5.914263725280762,5.660407066345215,5.439486026763916,5.233211994171143,5.165356159210205,5.281925201416016,5.630600452423096,6.212896347045898,6.848037242889404,7.183860778808594,7.029611587524414,6.6519246101379395,6.412350654602051,6.229076385498047,5.993183612823486,5.847512722015381,5.6944050788879395,5.303225994110107,4.832594871520996,4.603616237640381,4.758886814117432,5.0091938972473145,5.026309013366699,4.843289375305176,4.612329006195068,4.692747592926025,5.218939304351807,5.7951483726501465,6.034615993499756,5.958522796630859,5.674942493438721,5.186156272888184,4.5097737312316895
5.761813163757324,5.795805931091309,5.740788459777832,5.607263565063477,5.571816921234131,5.611318111419678,5.772947788238525,6.063853740692139,6.439323902130127,6.813915729522705,7.039606094360352,7.088123798370361,6.884031295776367,6.465897083282471,6.074643611907959,5.887208461761475,5.994384765625,6.280716419219971,6.53308629989624,6.790981292724609,7.239845275878906,7.753241539001465,7.986673831939697,7.866042137145996,7.610522747039795,7.234927177429199,6.799510955810547,6.639139175415039,6.6294660568237305,6.323198318481445,5.818183422088623,5.629473686218262,5.838150501251221,6.082812309265137,6.096957683563232,5.90369176864624,5.7096638679504395,5.727113723754883,6.034939289093018,6.492361068725586,6.878233909606934,7.083736896514893,7.052006721496582,6.706054210662842,6.085383892059326
7.111030101776123,6.9634480476379395,6.886068344116211,6.819003582000732,6.804253101348877,6.830358982086182,6.910581111907959,7.068121910095215,7.253818988800049,7.462978839874268,7.592687606811523,7.656923294067383,7.570208549499512,7.2668352127075195,6.903782844543457,6.665305137634277,6.688368320465088,6.945261001586914,7.2567219734191895,7.471529960632324,7.714861869812012,8.086883544921875,8.462014198303223,8.696748733520508,8.713274955749512,8.398604393005371,7.93395471572876,7.688469409942627,7.57417631149292,7.316098690032959,6.996496677398682,6.868466377258301,6.924717426300049,6.93591833114624,6.866757869720459,6.83378267288208,6.863143444061279,6.945776462554932,7.056826114654541,7.268513202667236,7.649258613586426,8.081693649291992,8.353043556213379,8.250140190124512,7.785916328430176
8.787847518920898,8.336952209472656,8.050267219543457,7.983654022216797,8.016576766967773,8.02822494506836,8.024765014648438,8.11701774597168,8.189741134643555,8.237606048583984,8.253805160522461,8.228416442871094,8.161882400512695,8.068511009216309,7.943610191345215,7.800385475158691,7.724905490875244,7.747318744659424,7.853853225708008,8.018385887145996,8.247143745422363,8.457198143005371,8.71934700012207,9.123412132263184,9.448860168457031,9.413188934326172,9.1223783493042,8.870794296264648,8.650243759155273,8.417363166809082,8.290475845336914,8.22952938079834,8.086470603942871,7.883634567260742,7.765878677368164,7.774419784545898,7.834381103515625,7.956547737121582,8.136575698852539,8.347501754760742,8.636321067810059,9.008894920349121,9.385461807250977,9.525859832763672,9.286870956420898
10.36409854888916,9.906149864196777,9.410296440124512,9.16042709350586,9.225151062011719,9.288158416748047,9.163737297058105,9.128898620605469,9.183663368225098,9.26463508605957,9.337250709533691,9.308993339538574,9.226795196533203,9.13393783569336,9.068232536315918,9.039864540100098,8.974348068237305,8.848974227905273,8.705949783325195,8.680716514587402,8.83397388458252,9.005361557006836,9.147271156311035,9.449687957763672,9.868976593017578,10.146583557128906,10.200101852416992,10.077936172485352,9.83971118927002,9.610075950622559,9.532866477966309,9.531366348266602,9.373649597167969,9.096681594848633,8.886211395263672,8.847161293029785,8.860021591186523,8.915989875793457,9.103590965270996,9.374835014343262,9.672633171081543,9.980270385742188,10.311075210571289,10.551023483276367,10.506739616394043
11.69509220123291,11.435839653015137,11.04342269897461,10.685501098632812,10.593986511230469,10.607190132141113,10.531196594238281,10.418055534362793,10.383131980895996,10.481148719787598,10.670960426330566,10.816561698913574,10.8460111618042,10.695055961608887,10.478708267211914,10.318286895751953,10.196073532104492,9.988452911376953,9.704039573669434,9.525482177734375,9.572134971618652,9.74462890625,9.908637046813965,10.059332847595215,10.254555702209473,10.511959075927734,10.803001403808594,10.992344856262207,10.988829612731934,10.838360786437988,10.698911666870117,10.63109302520752,10.577271461486816,10.499608993530273,10.339093208312988,10.154366493225098,10.010749816894531,9.981688499450684,10.107566833496094,10.343377113342285,10.628804206848145,10.942042350769043,11.25700569152832,11.488062858581543,11.543837547302246
