data/wind_data/wind_22_9.json
{"header": {"parameterUnit": "KT", "parameterCategory": 2, "nx": 256, "ny": 198, "lo1": 44.73521041870117, "la1": -3.236724853515625, "lo2": 111.26478576660156, "la2": 43.468475341796875, "dx": 0.2609002888202667, "dy": -0.23708222806453705, "refTime": "2025-02-19 22:00:00", "forecastTime": 0, "parameterNumber": 2, "parameterNumberName": "eastward_wind"}, "data":
[rows 19 to 37 of 198, columns 176 to 219 of 256]
27.86842918395996,25.3363037109375,23.468416213989258,23.847639083862305,25.421276092529297,25.04813575744629,21.683305740356445,19.364503860473633,18.56093978881836,18.681678771972656,19.017471313476562,20.241849899291992,22.78000831604004,25.53118324279785,26.724082946777344,26.328330993652344,25.624549865722656,24.960739135742188,23.999645233154297,22.714048385620117,21.654695510864258,21.499237060546875,22.25706672668457,23.104230880737305,23.569915771484375,24.014535903930664,24.593286514282227,25.06575584411621,25.678787231445312,26.6993350982666,27.92348861694336,29.065837860107422,30.20871925354004,30.772367477416992,29.84079360961914,28.31095314025879,27.6236572265625,27.30908966064453,26.854585647583008,26.789154052734375,27.243511199951172,28.213642120361328,28.092836380004883,26.06974983215332
26.920936584472656,25.281681060791016,24.099519729614258,24.328943252563477,24.549165725708008,23.484989166259766,21.18546485900879,19.43364906311035,18.348800659179688,18.129425048828125,18.199756622314453,19.186054229736328,21.846166610717773,24.426685333251953,25.49985694885254,25.504547119140625,25.248594284057617,24.861854553222656,23.960866928100586,22.703899383544922,21.711977005004883,21.668603897094727,22.458040237426758,23.217241287231445,23.713184356689453,24.128488540649414,24.42293930053711,24.606822967529297,25.034509658813477,26.157329559326172,27.832204818725586,29.293964385986328,30.25103759765625,30.390209197998047,29.015233993530273,27.24495506286621,27.083101272583008,27.891380310058594,27.659008026123047,27.141050338745117,26.96896743774414,27.47749900817871,28.585620880126953,28.746131896972656
26.225276947021484,25.357412338256836,24.97046661376953,24.955364227294922,24.144702911376953,22.55584144592285,21.10922622680664,19.42717170715332,18.663217544555664,18.26250648498535,17.74134063720703,18.407085418701172,20.972816467285156,23.40557289123535,24.594316482543945,24.97675323486328,25.20134925842285,25.218482971191406,24.61376190185547,23.553817749023438,22.683507919311523,22.617483139038086,23.057353973388672,23.272584915161133,23.506166458129883,24.03545379638672,24.4290771484375,24.57005500793457,24.868337631225586,25.9331111907959,27.920873641967773,29.805326461791992,30.611265182495117,30.35121726989746,29.025548934936523,27.444210052490234,27.224760055541992,27.9266300201416,27.430173873901367,26.676156997680664,26.683883666992188,27.75032615661621,29.528608322143555,29.914749145507812
26.071598052978516,25.48539924621582,24.977741241455078,24.789169311523438,23.812021255493164,22.474842071533203,21.288816452026367,20.062923431396484,19.582233428955078,19.010967254638672,17.855911254882812,17.684526443481445,19.634641647338867,22.062068939208984,23.76723289489746,24.73192596435547,25.32906723022461,25.4794979095459,25.027511596679688,24.172826766967773,23.47841453552246,23.30272102355957,23.29970932006836,23.174198150634766,23.501047134399414,24.414073944091797,25.07131004333496,24.99742889404297,24.812292098999023,25.342668533325195,26.884496688842773,28.751934051513672,29.799745559692383,29.985780715942383,29.309494018554688,27.99351692199707,27.74852180480957,28.197202682495117,27.486539840698242,26.5772762298584,26.876005172729492,28.191648483276367,29.71070671081543,29.705726623535156
25.383777618408203,25.333738327026367,25.077911376953125,24.276355743408203,23.23429298400879,22.25245475769043,21.600460052490234,21.183523178100586,20.500017166137695,19.420320510864258,18.015958786010742,17.397300720214844,18.391530990600586,20.471223831176758,22.470558166503906,23.958723068237305,24.972803115844727,25.46044921875,25.36454963684082,24.88768196105957,24.447877883911133,24.029315948486328,23.401662826538086,23.11554527282715,23.928424835205078,25.386167526245117,26.376361846923828,26.122539520263672,25.113357543945312,24.196231842041016,24.32993507385254,25.84697151184082,27.816946029663086,29.210641860961914,29.097105026245117,28.003171920776367,27.896106719970703,28.198001861572266,27.816234588623047,27.383556365966797,27.901172637939453,28.658424377441406,29.11569595336914,29.15151023864746
25.05061912536621,24.936996459960938,25.025949478149414,24.097484588623047,22.741836547851562,21.578550338745117,21.227689743041992,21.42403221130371,20.96044921875,19.813945770263672,18.430192947387695,17.528684616088867,17.712873458862305,18.966533660888672,20.772544860839844,22.722732543945312,24.441343307495117,25.733875274658203,26.19796371459961,25.936908721923828,25.549556732177734,24.707290649414062,23.37932014465332,22.84721565246582,23.870927810668945,25.837404251098633,27.133256912231445,26.897762298583984,25.461273193359375,23.3807373046875,21.91836166381836,22.694002151489258,25.784746170043945,28.688020706176758,28.92053985595703,27.871057510375977,27.618846893310547,27.946319580078125,28.467239379882812,28.284753799438477,28.041698455810547,28.4846248626709,29.044652938842773,29.00771141052246
24.9115047454834,24.54691505432129,24.74631118774414,23.830678939819336,22.209762573242188,20.84076690673828,20.49538230895996,20.9729061126709,21.05962371826172,20.33358383178711,19.023500442504883,17.757381439208984,17.317584991455078,18.12095832824707,19.91039276123047,22.188365936279297,24.382213592529297,26.006290435791016,26.564697265625,26.22675132751465,25.608261108398438,24.518016815185547,23.117002487182617,22.79288673400879,23.768592834472656,25.35338592529297,26.563325881958008,26.7997989654541,25.851573944091797,23.52662467956543,20.739870071411133,20.40665054321289,23.508718490600586,26.85029411315918,27.24701690673828,26.526159286499023,26.752521514892578,27.884517669677734,28.797353744506836,28.682722091674805,27.513748168945312,27.525718688964844,28.677696228027344,29.621423721313477
25.182695388793945,24.723230361938477,24.482646942138672,23.31753158569336,21.598739624023438,20.364028930664062,20.227258682250977,20.890722274780273,21.220653533935547,20.6199951171875,19.27543067932129,18.006635665893555,17.72780418395996,18.664525985717773,20.28970718383789,22.117673873901367,23.994937896728516,25.32807159423828,25.754257202148438,25.503328323364258,24.870471954345703,24.031612396240234,23.189159393310547,23.24344253540039,23.93524742126465,24.443382263183594,25.23643684387207,26.297948837280273,26.272541046142578,24.052156448364258,20.47308349609375,18.898468017578125,21.114660263061523,23.926374435424805,24.645553588867188,24.94862937927246,26.25274085998535,28.21308135986328,29.07591438293457,28.438051223754883,26.894683837890625,26.469697952270508,27.9146728515625,30.100805282592773
25.60223388671875,25.244159698486328,24.35431480407715,22.646652221679688,20.860145568847656,19.976091384887695,20.380447387695312,21.40892219543457,21.82353973388672,21.028675079345703,19.53565216064453,18.495389938354492,18.585424423217773,19.534786224365234,20.64500617980957,21.662572860717773,22.63147735595703,23.476245880126953,24.215740203857422,24.809083938598633,24.770450592041016,24.07197380065918,23.323522567749023,23.33946990966797,23.528295516967773,23.487051010131836,23.936382293701172,25.289630889892578,25.65128517150879,23.637300491333008,20.260496139526367,18.398481369018555,19.423229217529297,21.061248779296875,22.330394744873047,24.241941452026367,26.882436752319336,28.79958152770996,29.418737411499023,28.76145362854004,27.26661491394043,26.23343849182129,26.933067321777344,29.52812957763672
25.274385452270508,25.151092529296875,24.2178897857666,22.30809211730957,20.349584579467773,19.501707077026367,20.30536651611328,21.843820571899414,22.508317947387695,21.752357482910156,20.57611846923828,19.790143966674805,19.685096740722656,19.98729705810547,20.184829711914062,20.286151885986328,20.65322494506836,21.600461959838867,23.16138458251953,24.889909744262695,25.326427459716797,24.232181549072266,22.894601821899414,22.3657283782959,22.255516052246094,22.523672103881836,23.372333526611328,24.532102584838867,24.305688858032227,22.43947982788086,20.517915725708008,19.82109832763672,19.957988739013672,20.343608856201172,21.305931091308594,23.99213409423828,27.47492790222168,29.266841888427734,29.528213500976562,29.23464584350586,28.25046730041504,26.781957626342773,26.555282592773438,28.574932098388672
25.390525817871094,24.97344207763672,24.19846534729004,22.430377960205078,20.246482849121094,19.111116409301758,19.667238235473633,21.19940948486328,22.24951934814453,22.10634422302246,21.58262062072754,21.217897415161133,20.8536434173584,20.290695190429688,19.53688621520996,19.111581802368164,19.551137924194336,20.92093276977539,22.840295791625977,24.710203170776367,25.24086570739746,23.984460830688477,22.171972274780273,20.984716415405273,21.021894454956055,22.179460525512695,23.588748931884766,24.09218978881836,23.096834182739258,21.568546295166016,20.570096969604492,20.303760528564453,20.48720932006836,20.883960723876953,22.05836296081543,24.63246726989746,27.486879348754883,28.937360763549805,29.32568359375,29.55720329284668,28.943954467773438,27.452987670898438,26.689083099365234,27.72552490234375
26.28052520751953,25.57392692565918,24.504850387573242,22.803213119506836,20.61956024169922,19.06355857849121,18.787090301513672,19.562843322753906,20.584657669067383,21.243518829345703,21.765220642089844,22.044471740722656,21.61602783203125,20.535429000854492,19.55173110961914,19.489063262939453,20.365558624267578,21.64592933654785,22.882427215576172,23.866147994995117,24.23174476623535,23.363235473632812,21.375782012939453,20.1459903717041,21.01983642578125,22.955034255981445,24.03407859802246,23.39173126220703,21.82246971130371,20.44745635986328,19.685895919799805,19.5753173828125,20.229955673217773,21.455459594726562,23.190820693969727,25.427478790283203,27.246692657470703,28.125070571899414,28.85729217529297,29.778345108032227,29.570484161376953,27.985502243041992,26.63768768310547,26.89107322692871
27.4925537109375,26.587682723999023,25.036890029907227,23.299041748046875,21.444852828979492,19.549922943115234,18.291242599487305,18.0380916595459,18.56670379638672,19.613813400268555,21.041799545288086,22.08417510986328,21.943567276000977,20.949190139770508,20.383913040161133,20.959609985351562,22.14278793334961,23.013113021850586,23.232383728027344,23.06757354736328,22.953222274780273,22.38611602783203,20.87340545654297,20.437969207763672,22.13883399963379,24.270509719848633,24.467193603515625,22.775014877319336,20.819128036499023,19.429039001464844,18.618183135986328,18.621309280395508,19.61824607849121,21.736160278320312,24.19792938232422,26.11897087097168,26.867019653320312,27.10062599182129,27.855024337768555,28.519765853881836,28.623821258544922,28.280126571655273,27.634618759155273,27.462120056152344
28.2924861907959,27.344127655029297,25.661659240722656,23.914419174194336,22.283777236938477,20.551132202148438,18.919898986816406,17.8987979888916,17.600522994995117,18.278453826904297,19.75086212158203,21.24026870727539,21.824111938476562,21.557510375976562,21.601686477661133,22.469417572021484,23.487924575805664,23.903621673583984,23.677867889404297,22.96699333190918,22.14962387084961,21.376441955566406,20.8310604095459,21.406679153442383,23.229612350463867,24.760295867919922,24.331554412841797,22.704668045043945,20.703710556030273,18.997909545898438,17.827987670898438,17.926071166992188,19.206247329711914,21.62053108215332,24.46974754333496,26.331981658935547,26.61042594909668,26.172101974487305,26.129222869873047,25.910329818725586,26.141109466552734,27.850276947021484,29.582870483398438,30.145061492919922
28.6859073638916,27.67083740234375,26.16607666015625,24.508235931396484,22.99691390991211,21.566320419311523,20.275480270385742,19.165645599365234,18.292343139648438,18.015064239501953,18.56184959411621,19.739641189575195,20.885208129882812,21.79514503479004,22.622514724731445,23.434192657470703,23.84906578063965,23.84855079650879,23.741121292114258,23.156951904296875,22.082128524780273,21.28361701965332,21.40899085998535,22.128456115722656,23.304183959960938,23.87752914428711,23.26045799255371,22.245319366455078,20.443862915039062,18.406591415405273,17.18704605102539,17.417491912841797,18.920225143432617,21.4356689453125,24.083955764770508,25.937847137451172,26.486061096191406,25.601022720336914,24.34591293334961,23.56658172607422,24.04949188232422,26.78936767578125,31.04233169555664,33.588626861572266
28.839487075805664,27.989543914794922,26.86737823486328,25.34428596496582,23.653072357177734,22.35646629333496,21.62386131286621,20.97010040283203,20.126590728759766,19.091480255126953,18.39508056640625,18.55222511291504,19.303455352783203,20.850557327270508,22.699628829956055,23.72456169128418,23.475269317626953,22.981924057006836,23.21845054626465,23.067506790161133,22.180301666259766,21.77471351623535,21.9937744140625,22.231708526611328,23.147262573242188,22.98618507385254,22.310821533203125,21.138490676879883,19.234264373779297,17.24025535583496,16.88126564025879,17.59903335571289,19.15380859375,21.200754165649414,23.29672622680664,24.817794799804688,25.643577575683594,25.143423080444336,23.39787483215332,22.22314453125,22.802358627319336,26.244245529174805,32.706295013427734,35.84649658203125
29.321460723876953,28.739648818969727,27.71481704711914,26.359066009521484,24.897502899169922,23.783811569213867,23.017166137695312,22.455387115478516,21.715473175048828,20.683801651000977,19.493417739868164,18.636180877685547,18.553802490234375,19.552724838256836,21.42386245727539,22.698795318603516,22.46207618713379,21.847505569458008,22.13920783996582,22.47698974609375,22.1299991607666,22.195220947265625,22.54579734802246,22.52840232849121,22.726390838623047,22.427749633789062,21.608856201171875,20.087093353271484,18.19718360900879,17.35866928100586,17.433439254760742,18.105310440063477,19.44272232055664,20.956605911254883,22.07221794128418,22.801172256469727,23.543153762817383,23.871200561523438,23.036048889160156,22.050771713256836,22.567392349243164,27.121675491333008,34.264625549316406,35.564666748046875
30.240753173828125,29.821611404418945,28.64513397216797,27.37284278869629,26.460180282592773,25.55005645751953,24.516408920288086,23.38041114807129,22.435989379882812,21.584665298461914,20.69304656982422,19.681142807006836,19.402311325073242,19.54298973083496,20.026859283447266,20.437049865722656,20.50061798095703,20.712560653686523,21.443618774414062,22.217514038085938,22.49015235900879,22.746219635009766,22.7088565826416,22.028339385986328,23.03512191772461,21.186742782592773,20.79692268371582,19.835826873779297,18.533504486083984,18.47404670715332,18.42959976196289,18.152286529541016,18.9868106842041,20.32113265991211,20.82144546508789,20.820112228393555,21.24152374267578,21.886993408203125,22.267547607421875,22.28638458251953,23.834774017333984,29.280654907226562,34.121158599853516,32.13134765625
30.96287727355957,30.781850814819336,29.87606430053711,28.756757736206055,27.858858108520508,26.810760498046875,25.68356704711914,23.928476333618164,22.894319534301758,21.990371704101562,21.482553482055664,21.078386306762695,20.959548950195312,20.580615997314453,19.675174713134766,18.68144416809082,18.73963165283203,19.850427627563477,21.43695640563965,22.652910232543945,23.01568031311035,23.231386184692383,23.189620971679688,22.89630699157715,23.523174285888672,19.59421157836914,19.138916015625,19.55338478088379,19.37151527404785,19.15129280090332,18.754873275756836,17.78175163269043,18.233295440673828,19.251569747924805,19.59261131286621,19.60715675354004,19.905534744262695,20.217679977416992,20.99534797668457,22.078100204467773,25.54393196105957,31.02153205871582,32.04220199584961,27.134336471557617
