data/wind_data/wind_51_2.json
{"header": {"parameterUnit": "KT", "parameterCategory": 2, "nx": 256, "ny": 198, "lo1": 44.73521041870117, "la1": -3.236724853515625, "lo2": 111.26478576660156, "la2": 43.468475341796875, "dx": 0.2609002888202667, "dy": -0.23708222806453705, "refTime": "2025-02-21 03:00:00", "forecastTime": 0, "parameterNumber": 2, "parameterNumberName": "eastward_wind"}, "data":
[rows 171 to 189 of 198, columns 0 to 42 of 256]
-2.6683642864227295,-2.843573570251465,-3.940864324569702,-1.214617371559143,-1.1338392496109009,0.03904123976826668,3.900188446044922,0.1727222353219986,-7.416365146636963,-4.184751510620117,4.994966983795166,14.227388381958008,21.616500854492188,-5.313764572143555,-18.987531661987305,-15.10216999053955,-11.59101676940918,-4.217818737030029,-7.305379390716553,-14.924394607543945,-16.744089126586914,-16.715091705322266,-16.47177505493164,-15.050049781799316,-14.313590049743652,-13.072032928466797,-11.593619346618652,-9.343761444091797,-6.982790470123291,-5.040452480316162,-2.692322015762329,-3.108743906021118,-2.8900246620178223,-2.7433130741119385,-2.442596197128296,-2.853320598602295,-2.8499672412872314,-2.726186752319336,-3.1649792194366455,-3.992607831954956,-3.18680477142334,-3.0854530334472656,-3.482393980026245
-4.103803634643555,-2.1430504322052,-3.5637130737304688,-0.7220298051834106,1.628568410873413,1.0188740491867065,-6.699135780334473,-9.945666313171387,-8.559514045715332,-4.05719518661499,2.1661763191223145,6.4893035888671875,-3.6692817211151123,-16.687524795532227,-16.561559677124023,-18.504241943359375,-13.3153076171875,-8.278934478759766,-12.96481990814209,-17.772064208984375,-18.330677032470703,-16.683351516723633,-15.950102806091309,-14.318197250366211,-13.361397743225098,-12.631218910217285,-11.341304779052734,-9.585960388183594,-7.747797012329102,-6.37716817855835,-3.9710240364074707,-2.9133830070495605,-2.7005934715270996,-2.9507012367248535,-2.6216964721679688,-3.0906431674957275,-3.3498003482818604,-3.8828439712524414,-5.197751045227051,-5.844113826751709,-3.807985305786133,-3.2324934005737305,-4.196582794189453
-4.756782054901123,-1.6419421434402466,-3.48061203956604,-8.281352996826172,-13.807395935058594,-11.502091407775879,-20.298616409301758,-12.736847877502441,-11.267230033874512,-4.702126979827881,-4.276668548583984,-11.614847183227539,-17.881031036376953,-15.891213417053223,-21.376609802246094,-21.0140438079834,-11.945744514465332,-10.501006126403809,-15.588626861572266,-20.158878326416016,-19.842370986938477,-16.99125862121582,-15.364959716796875,-13.30666732788086,-11.96485710144043,-11.31998062133789,-10.290976524353027,-8.910117149353027,-7.453189849853516,-6.519803524017334,-4.9761810302734375,-3.425682544708252,-2.196963310241699,-1.822440505027771,-1.8468152284622192,-2.1361327171325684,-2.472752571105957,-3.3369271755218506,-5.403861999511719,-6.384087562561035,-2.784322500228882,-2.651409387588501,-4.948638439178467
-4.03511381149292,0.5150324702262878,-1.478901743888855,-8.710291862487793,-24.2689266204834,-20.451610565185547,-21.3059139251709,-15.845789909362793,-13.284774780273438,-14.675747871398926,-18.26509666442871,-25.38880729675293,-28.480091094970703,-25.91659927368164,-27.274072647094727,-18.173166275024414,-14.403521537780762,-13.89929485321045,-18.437114715576172,-21.425397872924805,-20.420454025268555,-16.855981826782227,-14.786087989807129,-12.245819091796875,-10.372614860534668,-9.382320404052734,-8.978635787963867,-7.8273115158081055,-6.535510540008545,-5.906259536743164,-5.136661052703857,-3.8972840309143066,-2.5053791999816895,-0.7238796949386597,-0.15253455936908722,-0.3917261064052582,-1.2522304058074951,-1.8403961658477783,-1.906607747077942,-3.925518751144409,-3.7960832118988037,-3.8333404064178467,-6.720747470855713
-2.694492816925049,1.978603482246399,2.6969375610351562,1.0684213638305664,-8.080170631408691,-6.5889763832092285,-8.642659187316895,-17.39059066772461,-16.65261459350586,-24.775135040283203,-29.97846221923828,-33.74654769897461,-35.294559478759766,-32.745723724365234,-26.121173858642578,-19.303020477294922,-18.005704879760742,-20.345502853393555,-21.508411407470703,-21.248348236083984,-19.202484130859375,-15.608087539672852,-13.166834831237793,-10.870378494262695,-8.792644500732422,-7.2089314460754395,-7.299047946929932,-6.391197204589844,-5.498280048370361,-5.225451946258545,-4.930224895477295,-3.4068875312805176,-3.0238871574401855,-0.6387722492218018,1.0376559495925903,1.286906123161316,-0.7709468007087708,-0.9808409214019775,-0.03937152773141861,-1.8629688024520874,-3.3688552379608154,-4.568224906921387,-5.597756385803223
-0.7659052014350891,6.159984111785889,5.819126129150391,-1.1443570852279663,-2.265556573867798,0.6892858743667603,-11.252836227416992,-20.712270736694336,-21.59136199951172,-25.778972625732422,-26.408058166503906,-28.653383255004883,-30.081045150756836,-29.21115493774414,-25.068342208862305,-23.070064544677734,-23.638214111328125,-24.04123878479004,-23.413549423217773,-21.514814376831055,-17.38446044921875,-13.15460205078125,-10.702507019042969,-8.328595161437988,-6.849952220916748,-5.189169406890869,-5.24851655960083,-4.768444061279297,-4.286491394042969,-4.531349182128906,-4.7220869064331055,-2.4846677780151367,-2.8159642219543457,-1.226386308670044,1.2767109870910645,2.1166470050811768,-0.5442970991134644,-0.33725106716156006,0.4553464353084564,-1.3195823431015015,-3.3116989135742188,-4.259481906890869,-3.1134488582611084
2.02384352684021,6.301647186279297,-0.5822927355766296,-6.026102066040039,-3.361295700073242,-2.779207229614258,-15.874805450439453,-17.73919677734375,-17.66347885131836,-16.5650577545166,-12.781425476074219,-17.21312141418457,-18.963245391845703,-21.41901969909668,-20.259944915771484,-20.362781524658203,-21.95433807373047,-22.52683448791504,-22.528474807739258,-20.450881958007812,-15.17087459564209,-10.305214881896973,-7.948087215423584,-5.390153884887695,-4.508434295654297,-3.2637388706207275,-3.171402931213379,-3.1056792736053467,-3.1445419788360596,-3.3034651279449463,-4.209554195404053,-1.7414385080337524,-2.3888134956359863,-1.8740653991699219,0.7887740135192871,2.0337228775024414,1.409741997718811,0.32384711503982544,-1.0156394243240356,-2.2916388511657715,-3.558418035507202,-3.3597664833068848,-2.309929370880127
1.616681694984436,3.107516050338745,-3.718463897705078,-3.4765331745147705,1.3530161380767822,4.595035076141357,-6.393800735473633,-14.365135192871094,-13.973844528198242,-10.079767227172852,-6.133738994598389,-10.414520263671875,-10.397048950195312,-11.863450050354004,-10.986743927001953,-12.625493049621582,-16.467191696166992,-19.293075561523438,-20.093931198120117,-18.120649337768555,-13.074226379394531,-7.201744079589844,-5.165650844573975,-2.725827932357788,-1.8646349906921387,-1.143303394317627,-0.8159120082855225,-1.4085195064544678,-1.9107880592346191,-1.895478367805481,-3.377577066421509,-1.2130411863327026,-1.3626562356948853,-1.5669901371002197,-0.21137049794197083,1.6852679252624512,3.551098346710205,1.2660530805587769,-2.176694393157959,-2.840785264968872,-2.8042778968811035,-2.8160884380340576,-2.2957286834716797
-0.609647810459137,1.2404311895370483,-1.2341539859771729,-0.2601625323295593,7.045982837677002,8.820037841796875,-6.891332149505615,-10.320415496826172,-5.46872091293335,-3.6665468215942383,-2.2648887634277344,-5.160716533660889,-4.615755558013916,-5.0475969314575195,-2.8870742321014404,-5.928290843963623,-9.507247924804688,-15.050650596618652,-16.255416870117188,-14.676864624023438,-10.911108016967773,-4.184542179107666,-2.0761489868164062,-0.48591023683547974,0.8581216335296631,1.2545820474624634,1.605958104133606,0.43753769993782043,-0.3259560465812683,-0.8087409734725952,-2.618208885192871,-1.1657034158706665,-0.21105250716209412,0.46897009015083313,0.2847951054573059,2.5351810455322266,3.5127763748168945,1.5366613864898682,-0.5289773344993591,0.1058456152677536,-0.7053467631340027,-1.6775346994400024,-2.0807695388793945
-0.3733508586883545,0.3578328788280487,-2.6544556617736816,-4.336411476135254,-4.2546796798706055,-3.1304852962493896,-9.247235298156738,-10.116950035095215,-3.856135845184326,1.1854034662246704,0.4143134355545044,-1.5232408046722412,-1.1939793825149536,-1.3300323486328125,3.1256492137908936,-1.4219821691513062,-3.8677358627319336,-10.472317695617676,-12.025774002075195,-10.370748519897461,-7.070229530334473,-0.933492124080658,1.7146157026290894,2.203756809234619,2.9555084705352783,3.431288480758667,3.6911780834198,2.212005853652954,1.2667890787124634,0.4282696545124054,-1.716680884361267,-1.2888596057891846,-0.7765152454376221,1.4470491409301758,1.135847568511963,1.4273325204849243,2.2386796474456787,1.8327144384384155,2.212263345718384,2.8831262588500977,2.0633084774017334,0.35502418875694275,-1.321346640586853
-4.586686134338379,-6.4765400886535645,-7.775244235992432,-8.79883098602295,-12.500452041625977,-12.072364807128906,-8.219596862792969,-3.579711437225342,2.7408413887023926,7.124250888824463,5.333372592926025,2.5179357528686523,1.397040605545044,0.8489223122596741,5.878395080566406,1.3796483278274536,-2.0565578937530518,-5.804299354553223,-7.246832847595215,-5.556459426879883,-0.6858627200126648,3.8387904167175293,5.031659126281738,5.109387397766113,5.059409141540527,4.968259811401367,5.119541168212891,3.831441879272461,2.9285898208618164,1.8345166444778442,-0.36543914675712585,-0.32390570640563965,-1.4254519939422607,-0.0951705276966095,0.9032245874404907,0.8548213243484497,1.541404128074646,2.440673828125,2.583401679992676,2.75278902053833,2.0225653648376465,0.3953554928302765,-0.1603354811668396
-5.4458794593811035,-8.00731086730957,-6.563632965087891,-5.003382205963135,-3.5261025428771973,-1.6410300731658936,1.9686764478683472,4.0699687004089355,5.101006031036377,8.298362731933594,9.809418678283691,8.630812644958496,7.281842231750488,7.955631256103516,5.845120429992676,4.248761177062988,0.12015704065561295,-1.8541945219039917,-1.2002366781234741,0.9675543904304504,6.246983051300049,7.876722812652588,7.521150588989258,7.375248432159424,6.870501518249512,6.192966938018799,6.341063976287842,5.482302665710449,4.580775260925293,3.0556113719940186,1.018213152885437,1.8170019388198853,0.23713132739067078,-0.6903100609779358,0.928346574306488,1.9496586322784424,2.249755859375,2.9740045070648193,3.81683349609375,3.8048148155212402,2.4203131198883057,0.5971243977546692,0.613545835018158
-2.9884228706359863,-2.0301060676574707,0.3796302378177643,3.3204493522644043,7.835386753082275,11.143835067749023,11.770392417907715,7.364232063293457,3.1682956218719482,3.9795162677764893,6.442350387573242,7.978437423706055,6.976773262023926,4.022027015686035,4.050597190856934,7.939252853393555,2.3159854412078857,2.576873302459717,4.750077724456787,7.5475029945373535,10.457428932189941,10.379693031311035,9.015046119689941,8.642927169799805,8.327107429504395,7.294311046600342,7.488900184631348,6.919638633728027,5.831048011779785,4.063226699829102,2.5437145233154297,3.665926218032837,1.8377176523208618,0.24488963186740875,1.3472965955734253,2.725100040435791,3.2936127185821533,3.929288387298584,5.223330020904541,5.663303375244141,3.9542877674102783,1.8480910062789917,1.8124712705612183
0.6248631477355957,2.495304822921753,6.667485237121582,9.988182067871094,12.464043617248535,12.274035453796387,7.264904499053955,1.2154122591018677,-1.5904533863067627,0.3080473244190216,0.5740835070610046,3.881563425064087,-2.3370213508605957,1.539575219154358,9.675509452819824,8.692445755004883,4.637468338012695,7.920431137084961,10.191645622253418,12.738748550415039,12.815032005310059,11.193696022033691,9.724542617797852,9.317959785461426,9.115203857421875,8.294512748718262,8.492592811584473,7.882080078125,6.614991664886475,4.922203540802002,4.172484397888184,5.092120170593262,3.078918695449829,1.5141388177871704,1.8303848505020142,2.7555503845214844,3.557509183883667,4.377704620361328,6.014072895050049,6.455667495727539,5.3202056884765625,3.2521657943725586,2.8151180744171143
3.523230791091919,8.309514999389648,10.979262351989746,11.701390266418457,13.061923027038574,9.826801300048828,1.443485975265503,-2.860884189605713,-3.156731367111206,-1.7012516260147095,-1.3626223802566528,-2.114529848098755,5.254997730255127,14.168333053588867,10.606016159057617,6.741168975830078,10.270468711853027,11.438940048217773,13.807856559753418,14.362360000610352,13.135466575622559,11.495404243469238,10.18387222290039,9.711468696594238,9.385956764221191,8.768946647644043,8.910577774047852,8.493135452270508,7.3466477394104,5.887385845184326,5.7908525466918945,5.758894443511963,4.433952808380127,2.7504727840423584,2.5255987644195557,3.495135545730591,3.845717191696167,4.315666675567627,5.807992935180664,6.155855178833008,5.609193801879883,4.015357971191406,3.177687644958496
6.609377384185791,12.611254692077637,13.746475219726562,14.534741401672363,9.831486701965332,2.9878783226013184,-1.8875681161880493,-4.310434341430664,-2.846379041671753,-1.834516167640686,-2.4635560512542725,5.942688941955566,10.039116859436035,6.654250144958496,4.138837814331055,9.480691909790039,10.423576354980469,12.513602256774902,14.883268356323242,13.965982437133789,12.624627113342285,10.950682640075684,10.130507469177246,9.935582160949707,9.347688674926758,8.58835506439209,8.894644737243652,8.90343952178955,8.218539237976074,7.095219612121582,7.113406658172607,6.199577808380127,5.51851224899292,4.093155860900879,3.271153688430786,3.6831679344177246,3.8337459564208984,4.483588695526123,5.497609615325928,6.358646869659424,6.324526786804199,4.761460781097412,3.451521396636963
9.252017974853516,12.823379516601562,12.696574211120605,6.117255210876465,-3.066802978515625,-6.335395336151123,-6.131332874298096,-5.270211219787598,-2.28822922706604,-2.718972682952881,3.998420000076294,9.00421142578125,0.43024981021881104,-0.10249891132116318,5.298842430114746,8.246359825134277,10.274277687072754,13.095173835754395,13.6201753616333,13.054929733276367,11.953434944152832,10.30410385131836,9.694523811340332,9.735135078430176,9.17763614654541,8.172670364379883,8.648979187011719,9.210203170776367,8.872576713562012,7.961800575256348,7.976876258850098,6.55880069732666,5.992443561553955,5.067131519317627,3.782743453979492,3.710160493850708,4.51788854598999,5.8083367347717285,6.41925573348999,6.234142303466797,5.394618511199951,4.104443550109863,3.4842095375061035
15.759751319885254,14.415617942810059,7.07741117477417,-4.6482625007629395,-10.442116737365723,-7.855252742767334,-7.593973159790039,-6.400304794311523,-4.408573150634766,4.264224529266357,11.818643569946289,9.302924156188965,0.6842155456542969,4.864902973175049,6.20431661605835,8.231618881225586,11.61209487915039,12.614018440246582,12.895228385925293,12.61402416229248,11.282853126525879,9.556842803955078,8.952376365661621,9.123624801635742,8.854066848754883,7.72055721282959,8.244357109069824,9.106648445129395,8.912456512451172,8.158934593200684,8.274248123168945,7.033087730407715,5.850156307220459,5.399796962738037,4.265143394470215,4.32814884185791,5.372287273406982,6.270379066467285,5.5434088706970215,4.5570969581604,3.953627824783325,3.363826274871826,3.0172202587127686
19.589900970458984,11.081055641174316,2.3640995025634766,-3.908311367034912,-8.501175880432129,-6.451606750488281,-6.0509843826293945,-4.013345718383789,5.087713718414307,13.856781959533691,12.050880432128906,4.105496406555176,3.9531517028808594,7.893959045410156,8.692532539367676,10.049529075622559,12.186290740966797,12.153008460998535,12.442344665527344,11.905168533325195,10.547249794006348,9.129817008972168,8.410457611083984,8.383755683898926,8.27076244354248,7.20406436920166,7.687801361083984,8.678540229797363,8.0071382522583,7.460258483886719,7.93641996383667,7.4742326736450195,5.868435859680176,5.2541422843933105,4.821120738983154,5.668780326843262,6.792509078979492,6.519754886627197,4.240193843841553,3.0529069900512695,2.902275323867798,2.777357578277588,2.476313829421997
